31 40 1
31 32 2
4 19 3
5 24 4
5 20 5
26 38 6
5 14 7
5 25 8
36 38 9
3 5 10
5 26 11
5 23 12
16 23 13
5 12 14
3 39 15
25 27 16
9 45 17
2 5 18
5 6 19
9 25 20
5 8 21
0 25 22
5 17 23
8 43 24
26 27 25
9 13 26
3 27 27
8 10 28
5 15 29
2 23 30
3 8 31
9 23 32
9 26 33
6 9 34
0 23 35
3 10 36
9 38 37
0 26 38
5 11 39
9 36 40
0 10 41
3 20 42
23 27 43
9 34 44
5 18 45
6 27 46
1 16 47
8 44 48
0 43 49
9 10 50
21 46 51
11 27 52
0 13 53
5 13 54
2 39 55
8 27 56
0 28 57
5 28 58
0 8 59
11 39 60
8 17 61
11 20 62
9 37 63
2 3 64
18 20 65
7 8 66
8 9 67
0 3 68
6 13 69
9 15 70
0 4 71
0 6 72
5 7 73
3 9 74
8 11 75
0 15 76
11 15 77
4 9 78
2 11 79
2 10 80
10 11 81
0 1 82
1 9 83
8 18 84
9 20 85
9 21 86
0 7 87
12 18 88
0 21 89
0 18 90
0 20 91
0 27 92
0 17 93
10 30 94
2 7 95
7 9 96
2 18 97
9 18 98
0 11 99
9 11 100
2 21 101
2 4 102
20 22 103
8 22 104
2 22 105
9 22 106
18 30 107
0 22 108
11 30 109
33 41 110
6 33 111
6 41 112
33 35 113
6 35 114
22 30 115
6 29 116
41 42 117
6 47 118
6 42 119
29 35 120
35 42 121
29 42 122
42 47 123
