2 5 1
3 9 2
3 5 3
5 11 4
9 11 5
9 20 6
21 46 7
5 25 8
9 21 9
5 20 10
5 8 11
5 26 12
0 11 13
9 25 14
5 17 15
2 11 16
5 12 17
2 21 18
0 20 19
0 3 20
2 3 21
0 21 22
8 9 23
5 23 24
0 25 25
5 24 26
9 10 27
9 23 28
5 7 29
5 14 30
5 15 31
0 26 32
9 36 33
9 26 34
9 18 35
11 20 36
0 23 37
9 22 38
8 11 39
12 18 40
8 44 41
1 9 42
7 9 43
9 38 44
3 20 45
2 7 46
0 10 47
0 1 48
5 18 49
2 23 50
3 8 51
9 15 52
0 22 53
8 17 54
9 37 55
0 7 56
0 17 57
10 11 58
11 27 59
25 27 60
2 18 61
7 8 62
3 10 63
11 15 64
2 22 65
0 18 66
0 15 67
9 34 68
16 23 69
0 8 70
8 43 71
2 10 72
18 20 73
3 27 74
0 43 75
11 39 76
9 45 77
5 13 78
8 22 79
2 4 80
5 6 81
8 10 82
8 18 83
20 22 84
0 27 85
26 38 86
5 28 87
23 27 88
11 30 89
0 4 90
26 27 91
4 19 92
4 9 93
8 27 94
3 39 95
0 28 96
9 13 97
0 13 98
2 39 99
6 9 100
0 6 101
18 30 102
1 16 103
22 30 104
10 30 105
6 27 106
36 38 107
31 40 108
31 32 109
6 13 110
6 33 111
6 29 112
6 47 113
6 41 114
6 42 115
6 35 116
42 47 117
41 42 118
29 42 119
33 41 120
33 35 121
35 42 122
29 35 123
