6 9 1
9 13 2
5 6 3
2 23 4
5 23 5
5 13 6
5 14 7
5 24 8
5 25 9
0 13 10
5 28 11
5 15 12
0 6 13
25 27 14
5 7 15
0 23 16
5 26 17
5 17 18
26 27 19
0 28 20
5 8 21
0 25 22
2 5 23
6 13 24
0 27 25
3 5 26
5 12 27
3 27 28
8 27 29
5 18 30
5 11 31
0 15 32
23 27 33
5 20 34
9 25 35
9 23 36
0 26 37
11 27 38
0 1 39
0 7 40
9 15 41
6 27 42
9 26 43
0 17 44
9 45 45
9 37 46
1 9 47
9 34 48
9 38 49
0 8 50
0 18 51
0 4 52
0 20 53
0 3 54
7 9 55
11 15 56
9 36 57
0 43 58
0 11 59
7 8 60
0 21 61
8 9 62
9 18 63
26 38 64
0 10 65
9 20 66
2 7 67
9 11 68
4 9 69
8 17 70
9 21 71
0 22 72
36 38 73
3 9 74
9 10 75
8 43 76
4 19 77
3 8 78
9 22 79
16 23 80
31 40 81
8 11 82
8 18 83
31 32 84
2 4 85
6 33 86
3 39 87
11 20 88
11 39 89
2 3 90
8 10 91
2 11 92
3 20 93
12 18 94
18 20 95
2 39 96
1 16 97
2 18 98
3 10 99
10 11 100
8 22 101
6 41 102
6 42 103
8 44 104
6 35 105
6 47 106
2 10 107
6 29 108
20 22 109
2 22 110
11 30 111
2 21 112
18 30 113
33 41 114
33 35 115
10 30 116
21 46 117
22 30 118
41 42 119
42 47 120
35 42 121
29 42 122
29 35 123
