4 5 1
1 4 2
4 6 3
5 6 4
5 8 5
5 11 6
4 9 7
6 9 8
1 5 9
6 8 10
5 13 11
4 8 12
4 11 13
5 9 14
66 69 15
1 6 16
5 12 17
6 13 18
68 70 19
67 73 20
86 87 21
65 66 22
1 8 23
4 13 24
75 76 25
66 77 26
75 79 27
1 9 28
77 78 29
5 14 30
6 11 31
68 72 32
75 83 33
78 84 34
87 93 35
4 14 36
70 76 37
87 90 38
65 67 39
69 70 40
9 11 41
60 65 42
76 91 43
65 77 44
84 86 45
85 87 46
84 87 47
5 15 48
11 14 49
67 77 50
68 78 51
73 91 52
85 86 53
9 13 54
8 9 55
64 77 56
66 68 57
2 4 58
66 72 59
11 13 60
75 89 61
76 87 62
9 12 63
77 87 64
88 91 65
4 12 66
62 66 67
68 76 68
6 14 69
73 85 70
87 91 71
66 67 72
9 15 73
63 66 74
78 86 75
69 86 76
65 69 77
67 76 78
8 12 79
65 68 80
73 87 81
83 91 82
68 77 83
72 78 84
84 90 85
76 77 86
73 76 87
82 90 88
78 87 89
66 78 90
85 96 91
2 5 92
69 77 93
79 89 94
87 96 95
30 39 96
77 86 97
9 14 98
60 63 99
83 86 100
86 93 101
70 85 102
77 84 103
82 87 104
70 73 105
75 78 106
72 87 107
68 69 108
60 68 109
1 11 110
31 42 111
77 85 112
58 65 113
34 43 114
6 12 115
72 86 116
65 78 117
1 15 118
60 72 119
8 13 120
87 95 121
85 91 122
71 89 123
65 72 124
4 15 125
77 90 126
38 44 127
90 93 128
13 14 129
63 73 130
78 85 131
1 12 132
95 96 133
68 75 134
85 90 135
82 83 136
62 68 137
66 84 138
76 83 139
86 90 140
12 13 141
64 66 142
8 17 143
4 18 144
42 43 145
65 70 146
1 14 147
6 19 148
43 66 149
76 78 150
43 63 151
37 44 152
58 73 153
11 15 154
67 91 155
32 43 156
76 90 157
8 11 158
84 85 159
14 43 160
28 43 161
63 65 162
86 91 163
6 15 164
5 42 165
91 95 166
3 56 167
62 65 168
69 78 169
8 43 170
65 73 171
77 95 172
75 91 173
72 77 174
86 89 175
63 78 176
28 42 177
64 65 178
5 31 179
82 88 180
68 93 181
76 95 182
43 65 183
86 95 184
70 87 185
11 12 186
68 73 187
82 86 188
57 65 189
69 72 190
5 62 191
91 96 192
73 86 193
60 66 194
43 77 195
13 17 196
73 83 197
1 13 198
17 23 199
43 78 200
91 93 201
37 42 202
70 88 203
85 93 204
75 94 205
3 10 206
18 43 207
66 86 208
30 65 209
69 87 210
68 86 211
90 96 212
63 86 213
8 14 214
73 78 215
28 34 216
23 43 217
58 62 218
70 75 219
68 85 220
79 81 221
91 94 222
30 38 223
62 63 224
34 66 225
64 67 226
77 96 227
14 28 228
67 70 229
57 66 230
9 66 231
63 68 232
12 14 233
59 70 234
70 78 235
68 87 236
62 67 237
63 77 238
67 83 239
23 66 240
43 69 241
15 30 242
74 94 243
57 68 244
93 95 245
4 55 246
6 55 247
15 19 248
64 72 249
78 90 250
82 85 251
93 96 252
6 63 253
14 19 254
4 24 255
5 17 256
17 18 257
81 92 258
82 84 259
65 87 260
82 91 261
73 77 262
31 37 263
64 76 264
24 43 265
30 37 266
85 88 267
73 93 268
13 15 269
14 41 270
61 66 271
4 23 272
55 77 273
66 85 274
14 15 275
66 87 276
73 75 277
58 66 278
58 60 279
60 62 280
64 69 281
18 30 282
31 43 283
63 69 284
64 68 285
85 95 286
75 95 287
2 14 288
42 66 289
55 66 290
4 28 291
23 30 292
62 78 293
84 96 294
44 65 295
86 96 296
60 73 297
30 43 298
12 18 299
60 69 300
34 35 301
15 18 302
5 18 303
11 43 304
67 87 305
72 84 306
26 37 307
59 63 308
72 90 309
73 88 310
79 91 311
78 88 312
42 77 313
88 90 314
32 37 315
43 72 316
26 66 317
88 92 318
72 93 319
39 43 320
65 86 321
37 99 322
19 34 323
5 19 324
27 66 325
74 75 326
43 85 327
38 43 328
30 44 329
70 74 330
1 17 331
55 72 332
70 72 333
71 74 334
58 69 335
4 17 336
15 42 337
41 65 338
79 92 339
4 26 340
67 85 341
38 39 342
78 79 343
37 87 344
3 11 345
60 77 346
62 77 347
34 41 348
8 15 349
37 66 350
6 58 351
8 65 352
38 101 353
59 64 354
5 20 355
30 66 356
68 82 357
69 85 358
70 86 359
9 44 360
72 91 361
58 72 362
70 81 363
73 79 364
57 72 365
72 76 366
74 83 367
32 34 368
73 89 369
4 65 370
69 93 371
6 53 372
26 45 373
72 73 374
5 27 375
24 42 376
37 39 377
57 73 378
76 96 379
13 30 380
28 39 381
6 18 382
26 77 383
43 44 384
39 44 385
24 39 386
88 95 387
59 60 388
23 38 389
45 60 390
60 64 391
2 6 392
42 86 393
55 78 394
18 41 395
58 63 396
4 62 397
83 89 398
42 60 399
82 93 400
9 17 401
37 85 402
63 87 403
78 91 404
71 91 405
72 85 406
76 85 407
78 82 408
80 81 409
43 87 410
27 30 411
41 66 412
67 68 413
14 18 414
89 94 415
5 26 416
13 19 417
13 44 418
70 83 419
8 55 420
26 39 421
73 94 422
4 37 423
42 73 424
63 70 425
12 15 426
37 101 427
83 90 428
4 43 429
62 75 430
69 84 431
6 24 432
6 37 433
5 58 434
6 30 435
60 76 436
15 27 437
19 43 438
63 72 439
65 93 440
43 82 441
6 26 442
26 65 443
66 79 444
42 72 445
70 82 446
82 89 447
49 66 448
64 78 449
58 64 450
84 93 451
5 64 452
43 84 453
19 31 454
24 34 455
4 20 456
52 66 457
53 73 458
83 92 459
78 93 460
59 67 461
5 66 462
15 43 463
65 85 464
69 90 465
58 77 466
30 32 467
68 96 468
13 23 469
43 68 470
40 66 471
77 93 472
5 37 473
37 41 474
38 41 475
9 60 476
35 43 477
9 19 478
50 101 479
65 84 480
35 45 481
62 87 482
70 92 483
30 34 484
37 40 485
77 82 486
40 43 487
4 19 488
85 89 489
45 66 490
6 57 491
43 50 492
2 13 493
17 34 494
67 74 495
83 94 496
11 18 497
17 39 498
17 30 499
72 82 500
89 91 501
44 70 502
34 37 503
44 66 504
37 68 505
41 43 506
9 55 507
14 37 508
37 43 509
18 19 510
14 17 511
90 95 512
92 95 513
1 55 514
57 77 515
63 64 516
61 65 517
67 82 518
68 95 519
68 84 520
78 83 521
41 44 522
42 62 523
62 64 524
18 38 525
47 79 526
66 93 527
19 35 528
58 87 529
70 90 530
26 42 531
31 34 532
5 60 533
28 63 534
76 89 535
26 50 536
19 42 537
54 66 538
8 53 539
14 51 540
34 40 541
69 75 542
5 43 543
41 42 544
76 88 545
42 68 546
55 63 547
64 86 548
17 26 549
18 37 550
4 30 551
23 41 552
26 40 553
40 44 554
39 45 555
20 43 556
13 50 557
6 17 558
13 58 559
9 10 560
18 42 561
23 37 562
26 41 563
30 40 564
68 90 565
8 44 566
65 88 567
41 87 568
57 60 569
26 51 570
74 76 571
14 50 572
34 39 573
43 67 574
4 32 575
27 32 576
34 42 577
80 92 578
5 41 579
28 41 580
18 78 581
53 66 582
62 96 583
50 65 584
28 30 585
4 63 586
11 41 587
90 91 588
27 37 589
18 66 590
6 66 591
23 42 592
14 30 593
84 95 594
1 18 595
34 69 596
34 45 597
1 30 598
67 90 599
63 93 600
6 52 601
72 75 602
14 23 603
42 87 604
4 31 605
64 87 606
9 18 607
83 85 608
6 28 609
88 93 610
68 92 611
34 65 612
37 38 613
41 77 614
24 30 615
26 68 616
5 52 617
4 27 618
66 90 619
43 73 620
5 55 621
88 94 622
8 30 623
63 85 624
81 89 625
67 84 626
5 67 627
17 43 628
9 30 629
53 65 630
8 66 631
27 45 632
43 95 633
35 66 634
54 68 635
40 73 636
34 44 637
4 34 638
26 44 639
37 65 640
37 78 641
43 76 642
76 86 643
13 24 644
37 62 645
57 63 646
60 78 647
30 35 648
35 38 649
83 87 650
9 20 651
43 64 652
5 24 653
23 58 654
76 97 655
18 28 656
40 41 657
27 34 658
58 70 659
5 50 660
5 96 661
59 77 662
69 76 663
55 65 664
5 65 665
6 65 666
14 34 667
5 54 668
43 86 669
35 42 670
60 67 671
4 42 672
43 51 673
24 37 674
37 67 675
1 20 676
62 70 677
54 65 678
58 59 679
27 39 680
42 84 681
32 67 682
32 42 683
43 70 684
15 17 685
70 79 686
5 53 687
11 38 688
5 59 689
8 52 690
11 20 691
47 65 692
76 93 693
73 82 694
31 68 695
69 73 696
15 77 697
67 86 698
74 91 699
9 43 700
24 32 701
38 65 702
80 89 703
9 37 704
27 38 705
26 30 706
53 70 707
67 95 708
6 62 709
62 73 710
14 44 711
70 91 712
8 60 713
79 93 714
64 90 715
92 94 716
14 39 717
6 44 718
82 96 719
23 65 720
43 74 721
50 96 722
65 75 723
4 67 724
8 54 725
72 96 726
78 95 727
66 89 728
92 93 729
92 96 730
6 60 731
26 86 732
70 95 733
85 92 734
27 77 735
52 65 736
53 60 737
4 77 738
9 65 739
93 94 740
77 79 741
35 73 742
13 42 743
22 40 744
26 43 745
9 72 746
30 58 747
31 72 748
43 55 749
62 69 750
75 93 751
35 39 752
40 75 753
88 97 754
66 91 755
13 20 756
26 62 757
31 73 758
44 73 759
26 35 760
30 45 761
5 38 762
62 90 763
9 42 764
24 65 765
53 68 766
6 20 767
42 65 768
74 96 769
55 73 770
26 70 771
35 60 772
38 42 773
9 23 774
18 32 775
19 60 776
48 66 777
5 23 778
74 79 779
1 57 780
58 68 781
72 83 782
11 23 783
18 39 784
58 82 785
5 63 786
38 45 787
43 49 788
30 99 789
43 60 790
53 96 791
86 92 792
4 53 793
38 84 794
38 87 795
54 60 796
4 52 797
49 65 798
26 34 799
74 92 800
83 96 801
100 101 802
53 67 803
47 67 804
40 42 805
44 60 806
58 76 807
72 95 808
28 35 809
12 17 810
5 57 811
11 44 812
41 86 813
9 32 814
49 67 815
31 40 816
54 96 817
68 101 818
18 31 819
57 69 820
65 90 821
66 83 822
73 96 823
1 19 824
4 54 825
65 82 826
13 34 827
57 64 828
26 31 829
30 86 830
13 43 831
37 70 832
15 44 833
31 86 834
69 96 835
1 26 836
31 41 837
70 96 838
3 9 839
18 86 840
1 2 841
1 66 842
37 64 843
62 93 844
82 95 845
84 91 846
31 44 847
39 41 848
69 82 849
63 79 850
6 54 851
65 91 852
63 90 853
1 63 854
27 44 855
40 86 856
59 62 857
8 45 858
4 41 859
42 63 860
22 43 861
27 41 862
55 64 863
13 51 864
4 57 865
23 34 866
87 99 867
17 42 868
61 76 869
12 42 870
69 95 871
38 40 872
19 24 873
4 66 874
54 77 875
75 77 876
44 45 877
24 41 878
52 67 879
41 69 880
53 54 881
34 73 882
15 31 883
32 35 884
10 21 885
13 39 886
63 82 887
87 101 888
31 60 889
62 72 890
23 39 891
6 51 892
11 50 893
35 44 894
76 94 895
13 18 896
37 86 897
45 73 898
36 46 899
38 73 900
8 38 901
37 52 902
63 91 903
27 65 904
13 37 905
14 73 906
2 11 907
19 30 908
27 43 909
64 73 910
79 83 911
54 78 912
26 32 913
26 69 914
31 35 915
4 64 916
43 90 917
64 85 918
68 83 919
18 23 920
60 95 921
19 23 922
50 60 923
30 41 924
35 64 925
40 70 926
57 58 927
6 59 928
53 57 929
54 58 930
57 70 931
73 90 932
42 49 933
83 95 934
2 8 935
32 60 936
44 99 937
42 59 938
57 76 939
9 31 940
37 77 941
42 70 942
27 35 943
87 88 944
59 72 945
5 45 946
31 66 947
41 63 948
9 38 949
43 62 950
90 94 951
1 58 952
11 17 953
47 75 954
32 39 955
26 73 956
30 73 957
4 40 958
38 99 959
75 88 960
66 82 961
26 64 962
31 39 963
66 96 964
6 42 965
30 53 966
14 31 967
96 101 968
2 15 969
34 63 970
23 32 971
53 78 972
24 44 973
75 82 974
31 32 975
58 67 976
55 69 977
6 67 978
20 30 979
55 76 980
23 44 981
24 70 982
18 34 983
34 85 984
18 77 985
67 92 986
13 65 987
13 28 988
58 78 989
1 43 990
5 44 991
9 45 992
11 58 993
24 69 994
27 40 995
53 63 996
1 64 997
75 97 998
40 67 999
9 52 1000
1 60 1001
17 44 1002
24 45 1003
42 45 1004
11 59 1005
9 51 1006
20 44 1007
23 67 1008
23 86 1009
4 58 1010
38 72 1011
61 77 1012
14 26 1013
19 38 1014
6 64 1015
40 76 1016
62 85 1017
48 61 1018
50 66 1019
34 60 1020
68 79 1021
9 58 1022
43 59 1023
44 50 1024
44 68 1025
54 63 1026
30 42 1027
46 48 1028
17 19 1029
23 31 1030
28 44 1031
66 95 1032
49 63 1033
5 51 1034
39 40 1035
41 85 1036
42 44 1037
35 72 1038
8 18 1039
24 58 1040
44 67 1041
13 38 1042
13 60 1043
42 76 1044
1 42 1045
8 34 1046
8 57 1047
7 17 1048
14 35 1049
66 70 1050
6 72 1051
23 87 1052
18 44 1053
53 85 1054
62 76 1055
66 73 1056
8 58 1057
39 73 1058
62 86 1059
57 59 1060
64 93 1061
12 43 1062
18 45 1063
95 97 1064
64 84 1065
68 91 1066
14 40 1067
17 24 1068
76 82 1069
1 34 1070
14 24 1071
15 34 1072
24 27 1073
26 63 1074
96 98 1075
39 69 1076
38 66 1077
58 101 1078
64 95 1079
9 41 1080
43 101 1081
20 88 1082
74 82 1083
39 86 1084
28 85 1085
87 98 1086
8 19 1087
74 88 1088
31 62 1089
39 99 1090
53 77 1091
81 94 1092
6 43 1093
39 67 1094
55 85 1095
57 67 1096
70 93 1097
65 96 1098
63 67 1099
87 92 1100
43 45 1101
59 74 1102
12 19 1103
8 31 1104
24 35 1105
77 88 1106
14 87 1107
31 99 1108
71 81 1109
50 85 1110
34 86 1111
18 24 1112
59 69 1113
51 52 1114
73 81 1115
22 67 1116
43 47 1117
53 59 1118
74 90 1119
20 41 1120
60 74 1121
6 23 1122
8 42 1123
8 68 1124
61 88 1125
86 101 1126
35 37 1127
43 99 1128
30 87 1129
13 32 1130
44 47 1131
19 26 1132
34 68 1133
41 68 1134
4 68 1135
53 55 1136
46 71 1137
9 54 1138
11 55 1139
15 41 1140
37 96 1141
18 50 1142
54 76 1143
67 69 1144
20 37 1145
28 60 1146
24 26 1147
2 20 1148
42 64 1149
49 55 1150
55 60 1151
9 27 1152
26 28 1153
34 64 1154
83 88 1155
41 64 1156
20 32 1157
15 72 1158
28 31 1159
74 81 1160
42 58 1161
18 51 1162
26 99 1163
73 84 1164
60 75 1165
39 66 1166
43 93 1167
51 96 1168
13 73 1169
13 99 1170
24 63 1171
4 72 1172
31 38 1173
4 38 1174
41 101 1175
24 52 1176
59 73 1177
8 20 1178
1 67 1179
6 10 1180
30 72 1181
37 98 1182
37 69 1183
70 89 1184
62 101 1185
19 39 1186
28 38 1187
17 40 1188
71 93 1189
9 67 1190
60 101 1191
61 73 1192
12 23 1193
17 31 1194
35 65 1195
35 68 1196
2 55 1197
7 8 1198
23 100 1199
6 40 1200
34 70 1201
58 86 1202
23 93 1203
37 95 1204
45 65 1205
72 89 1206
9 63 1207
23 50 1208
70 94 1209
31 77 1210
26 78 1211
19 73 1212
42 69 1213
4 60 1214
24 86 1215
49 77 1216
18 27 1217
35 70 1218
27 50 1219
12 31 1220
42 78 1221
23 45 1222
37 63 1223
50 63 1224
14 66 1225
28 59 1226
47 73 1227
27 53 1228
44 75 1229
48 67 1230
42 93 1231
63 88 1232
1 54 1233
1 61 1234
63 84 1235
24 99 1236
67 96 1237
54 91 1238
13 27 1239
96 100 1240
34 38 1241
67 72 1242
14 86 1243
65 101 1244
51 73 1245
9 40 1246
15 76 1247
44 58 1248
52 55 1249
15 39 1250
31 95 1251
50 95 1252
95 101 1253
65 79 1254
58 75 1255
11 37 1256
39 65 1257
55 57 1258
37 72 1259
23 101 1260
83 97 1261
8 23 1262
63 75 1263
32 66 1264
42 88 1265
37 58 1266
5 30 1267
6 34 1268
8 27 1269
10 56 1270
37 45 1271
26 27 1272
38 85 1273
6 27 1274
44 87 1275
54 75 1276
24 38 1277
61 69 1278
78 101 1279
27 68 1280
60 70 1281
71 88 1282
23 68 1283
32 38 1284
49 64 1285
19 70 1286
27 51 1287
9 77 1288
14 42 1289
38 70 1290
23 35 1291
90 92 1292
15 23 1293
71 76 1294
9 24 1295
4 22 1296
17 27 1297
31 45 1298
30 77 1299
75 87 1300
45 86 1301
55 101 1302
43 52 1303
91 92 1304
50 68 1305
1 24 1306
19 41 1307
53 69 1308
34 72 1309
27 73 1310
87 97 1311
79 88 1312
48 55 1313
24 62 1314
49 57 1315
53 58 1316
17 35 1317
67 79 1318
88 89 1319
12 53 1320
31 76 1321
52 96 1322
5 28 1323
73 92 1324
35 69 1325
44 85 1326
52 99 1327
1 27 1328
4 10 1329
71 73 1330
45 96 1331
35 76 1332
51 60 1333
38 100 1334
78 89 1335
91 101 1336
57 78 1337
5 77 1338
28 37 1339
32 70 1340
70 71 1341
71 77 1342
71 84 1343
51 65 1344
50 70 1345
2 62 1346
5 34 1347
15 26 1348
15 38 1349
29 40 1350
45 57 1351
58 93 1352
14 27 1353
64 96 1354
26 38 1355
14 55 1356
23 60 1357
24 53 1358
11 19 1359
78 96 1360
31 65 1361
65 76 1362
1 53 1363
24 60 1364
38 78 1365
9 50 1366
27 61 1367
4 39 1368
40 47 1369
14 20 1370
9 90 1371
43 53 1372
12 30 1373
8 63 1374
58 85 1375
76 84 1376
5 87 1377
41 84 1378
27 58 1379
39 87 1380
89 96 1381
20 39 1382
19 27 1383
32 78 1384
53 62 1385
10 15 1386
67 75 1387
40 65 1388
62 91 1389
15 24 1390
18 90 1391
13 68 1392
35 78 1393
86 88 1394
31 49 1395
14 58 1396
13 70 1397
15 32 1398
31 51 1399
54 82 1400
60 93 1401
38 52 1402
3 16 1403
86 98 1404
27 28 1405
23 63 1406
9 73 1407
66 71 1408
4 101 1409
14 77 1410
10 13 1411
19 37 1412
12 60 1413
35 53 1414
42 55 1415
15 28 1416
42 90 1417
79 95 1418
24 87 1419
67 93 1420
18 22 1421
32 58 1422
42 85 1423
54 64 1424
9 26 1425
61 62 1426
73 74 1427
42 101 1428
13 31 1429
37 76 1430
19 44 1431
60 82 1432
75 86 1433
22 41 1434
37 73 1435
54 72 1436
31 87 1437
39 42 1438
27 42 1439
88 98 1440
32 41 1441
9 82 1442
19 28 1443
30 63 1444
45 50 1445
27 67 1446
13 45 1447
62 99 1448
26 72 1449
50 58 1450
95 98 1451
59 66 1452
49 78 1453
45 63 1454
55 68 1455
11 90 1456
74 78 1457
26 53 1458
34 49 1459
13 82 1460
19 77 1461
42 75 1462
49 54 1463
1 41 1464
45 59 1465
8 95 1466
29 38 1467
11 66 1468
18 26 1469
45 53 1470
6 39 1471
14 32 1472
36 43 1473
51 64 1474
18 59 1475
39 93 1476
27 49 1477
54 69 1478
59 87 1479
5 35 1480
26 96 1481
37 75 1482
44 88 1483
17 37 1484
91 98 1485
8 51 1486
11 30 1487
75 80 1488
31 70 1489
72 92 1490
20 73 1491
37 90 1492
40 85 1493
93 101 1494
14 70 1495
8 100 1496
2 18 1497
79 90 1498
13 91 1499
3 5 1500
59 68 1501
12 44 1502
51 82 1503
32 77 1504
11 42 1505
23 28 1506
46 73 1507
53 86 1508
9 49 1509
9 59 1510
10 18 1511
52 63 1512
55 79 1513
45 70 1514
43 75 1515
3 51 1516
43 58 1517
23 27 1518
40 87 1519
31 58 1520
14 45 1521
30 69 1522
64 70 1523
57 85 1524
89 93 1525
57 61 1526
31 101 1527
61 72 1528
14 68 1529
45 72 1530
52 84 1531
65 100 1532
26 58 1533
26 60 1534
76 98 1535
1 62 1536
2 67 1537
9 76 1538
67 78 1539
18 35 1540
5 93 1541
18 73 1542
9 39 1543
20 38 1544
6 101 1545
23 96 1546
67 88 1547
34 101 1548
51 98 1549
71 79 1550
34 87 1551
66 101 1552
22 66 1553
44 101 1554
52 78 1555
8 59 1556
35 41 1557
54 62 1558
19 59 1559
2 21 1560
26 91 1561
3 8 1562
43 46 1563
40 100 1564
39 90 1565
1 31 1566
52 77 1567
88 96 1568
15 78 1569
2 9 1570
12 27 1571
44 63 1572
8 91 1573
42 99 1574
5 73 1575
53 72 1576
53 100 1577
11 34 1578
9 53 1579
8 50 1580
52 58 1581
8 101 1582
31 53 1583
43 57 1584
9 96 1585
23 40 1586
24 50 1587
54 55 1588
15 35 1589
27 64 1590
28 68 1591
57 62 1592
11 62 1593
32 52 1594
39 70 1595
18 87 1596
24 101 1597
15 87 1598
77 92 1599
32 44 1600
4 99 1601
8 39 1602
49 72 1603
14 69 1604
35 86 1605
6 41 1606
50 100 1607
52 93 1608
70 101 1609
78 80 1610
14 52 1611
47 63 1612
5 39 1613
50 64 1614
26 49 1615
9 78 1616
41 78 1617
35 51 1618
85 101 1619
4 87 1620
40 71 1621
54 67 1622
4 51 1623
15 58 1624
39 85 1625
13 69 1626
28 50 1627
51 63 1628
51 101 1629
44 91 1630
46 89 1631
75 81 1632
3 14 1633
26 52 1634
35 50 1635
45 99 1636
6 32 1637
65 80 1638
43 54 1639
57 82 1640
49 60 1641
52 53 1642
17 41 1643
75 85 1644
28 65 1645
44 86 1646
66 76 1647
19 72 1648
34 57 1649
58 91 1650
24 73 1651
47 62 1652
23 84 1653
35 82 1654
9 28 1655
23 99 1656
87 89 1657
6 99 1658
20 28 1659
35 63 1660
47 94 1661
15 45 1662
69 88 1663
39 62 1664
48 73 1665
28 70 1666
3 19 1667
32 65 1668
13 72 1669
41 72 1670
71 80 1671
13 62 1672
24 51 1673
47 60 1674
13 40 1675
59 76 1676
24 28 1677
65 95 1678
30 78 1679
2 26 1680
13 90 1681
32 68 1682
46 47 1683
75 90 1684
8 77 1685
26 75 1686
6 70 1687
30 100 1688
40 90 1689
60 91 1690
1 65 1691
1 23 1692
9 68 1693
35 58 1694
27 69 1695
20 101 1696
8 26 1697
19 40 1698
30 68 1699
9 64 1700
77 83 1701
28 40 1702
48 75 1703
13 52 1704
61 79 1705
2 27 1706
13 59 1707
50 51 1708
38 88 1709
12 20 1710
44 96 1711
15 53 1712
24 100 1713
28 58 1714
71 72 1715
19 53 1716
31 50 1717
2 23 1718
38 58 1719
45 67 1720
38 95 1721
42 96 1722
54 57 1723
59 86 1724
22 23 1725
80 85 1726
50 77 1727
1 28 1728
39 68 1729
51 76 1730
18 40 1731
20 24 1732
81 88 1733
50 98 1734
45 52 1735
20 78 1736
8 37 1737
32 87 1738
41 99 1739
80 88 1740
58 79 1741
2 24 1742
59 65 1743
5 68 1744
15 73 1745
63 101 1746
45 98 1747
1 52 1748
30 54 1749
9 95 1750
23 26 1751
15 37 1752
1 51 1753
19 32 1754
40 96 1755
96 99 1756
40 45 1757
15 60 1758
96 97 1759
8 49 1760
34 77 1761
83 93 1762
24 90 1763
45 101 1764
4 50 1765
2 3 1766
15 51 1767
13 26 1768
48 60 1769
35 59 1770
49 99 1771
4 7 1772
11 54 1773
28 32 1774
34 50 1775
6 31 1776
24 59 1777
47 71 1778
4 69 1779
8 61 1780
23 91 1781
69 79 1782
54 70 1783
49 52 1784
6 90 1785
26 57 1786
30 60 1787
34 62 1788
50 57 1789
51 72 1790
44 53 1791
44 77 1792
40 91 1793
47 48 1794
68 88 1795
70 77 1796
14 72 1797
70 84 1798
59 61 1799
54 73 1800
82 101 1801
3 13 1802
4 90 1803
13 77 1804
51 66 1805
8 35 1806
17 32 1807
8 10 1808
60 87 1809
14 38 1810
82 94 1811
38 86 1812
41 90 1813
5 61 1814
54 59 1815
5 32 1816
13 78 1817
43 100 1818
79 94 1819
1 59 1820
13 93 1821
89 95 1822
53 61 1823
60 96 1824
76 101 1825
9 16 1826
29 35 1827
51 68 1828
6 68 1829
30 51 1830
46 67 1831
52 60 1832
44 100 1833
55 58 1834
14 101 1835
52 87 1836
67 94 1837
77 91 1838
13 53 1839
41 67 1840
60 84 1841
81 93 1842
86 97 1843
24 61 1844
43 48 1845
55 99 1846
49 58 1847
69 91 1848
20 66 1849
31 78 1850
74 97 1851
40 60 1852
75 96 1853
31 52 1854
7 56 1855
31 59 1856
78 92 1857
9 62 1858
24 31 1859
13 55 1860
9 87 1861
95 99 1862
39 82 1863
44 93 1864
30 88 1865
27 31 1866
55 86 1867
13 57 1868
65 89 1869
8 22 1870
8 99 1871
11 65 1872
41 58 1873
31 84 1874
1 93 1875
53 64 1876
14 57 1877
5 91 1878
49 68 1879
8 72 1880
18 84 1881
45 64 1882
45 100 1883
52 72 1884
73 101 1885
15 20 1886
44 78 1887
12 55 1888
18 58 1889
1 10 1890
18 20 1891
27 57 1892
27 85 1893
38 76 1894
10 23 1895
40 88 1896
66 94 1897
48 49 1898
84 97 1899
30 49 1900
14 53 1901
19 67 1902
2 59 1903
20 76 1904
20 40 1905
55 59 1906
58 98 1907
38 46 1908
14 60 1909
50 99 1910
18 55 1911
66 99 1912
82 92 1913
89 97 1914
11 22 1915
53 91 1916
10 30 1917
28 87 1918
34 58 1919
22 38 1920
39 96 1921
90 99 1922
19 86 1923
4 59 1924
71 96 1925
85 100 1926
24 67 1927
74 86 1928
6 61 1929
12 35 1930
43 91 1931
50 67 1932
50 87 1933
5 99 1934
3 6 1935
20 99 1936
42 71 1937
22 34 1938
43 61 1939
91 97 1940
12 54 1941
30 50 1942
55 70 1943
8 67 1944
13 66 1945
8 40 1946
78 94 1947
27 52 1948
27 78 1949
46 97 1950
31 96 1951
51 85 1952
27 70 1953
51 55 1954
37 91 1955
51 62 1956
7 10 1957
22 44 1958
42 53 1959
12 26 1960
22 29 1961
14 22 1962
36 39 1963
45 87 1964
66 98 1965
41 95 1966
32 40 1967
24 66 1968
30 31 1969
65 99 1970
17 20 1971
75 84 1972
9 91 1973
34 100 1974
3 52 1975
17 52 1976
34 96 1977
66 92 1978
9 100 1979
52 73 1980
9 34 1981
35 75 1982
2 34 1983
5 78 1984
14 63 1985
40 69 1986
23 78 1987
11 27 1988
26 55 1989
45 62 1990
11 26 1991
30 93 1992
49 53 1993
5 70 1994
20 70 1995
8 62 1996
51 77 1997
57 91 1998
8 93 1999
50 73 2000
3 58 2001
64 83 2002
22 46 2003
38 69 2004
46 74 2005
32 72 2006
53 76 2007
17 45 2008
40 79 2009
74 80 2010
4 45 2011
30 52 2012
6 95 2013
73 97 2014
11 52 2015
28 62 2016
11 100 2017
40 63 2018
20 82 2019
28 45 2020
19 68 2021
18 52 2022
9 22 2023
32 64 2024
6 22 2025
58 88 2026
12 72 2027
50 76 2028
37 100 2029
59 96 2030
20 27 2031
41 96 2032
67 81 2033
79 82 2034
1 37 2035
28 86 2036
45 68 2037
20 77 2038
34 99 2039
1 99 2040
30 101 2041
52 62 2042
31 98 2043
19 22 2044
23 24 2045
41 45 2046
11 31 2047
37 82 2048
14 78 2049
9 47 2050
62 84 2051
52 86 2052
32 101 2053
5 76 2054
41 50 2055
52 70 2056
74 77 2057
19 66 2058
34 53 2059
52 68 2060
26 101 2061
44 46 2062
59 85 2063
11 60 2064
47 52 2065
58 61 2066
60 86 2067
61 80 2068
15 91 2069
19 45 2070
31 69 2071
14 59 2072
14 76 2073
6 50 2074
8 86 2075
31 67 2076
20 87 2077
39 83 2078
60 99 2079
32 69 2080
55 67 2081
39 77 2082
62 88 2083
51 54 2084
59 82 2085
13 54 2086
54 87 2087
55 87 2088
79 86 2089
19 98 2090
54 101 2091
36 74 2092
5 7 2093
84 94 2094
30 55 2095
40 62 2096
27 101 2097
9 98 2098
15 59 2099
63 76 2100
39 52 2101
71 78 2102
12 39 2103
32 45 2104
52 95 2105
20 34 2106
28 96 2107
5 90 2108
18 99 2109
52 90 2110
61 91 2111
12 52 2112
34 76 2113
46 65 2114
23 72 2115
69 83 2116
67 101 2117
3 18 2118
80 83 2119
5 48 2120
18 100 2121
47 49 2122
27 86 2123
28 67 2124
52 64 2125
6 45 2126
23 59 2127
27 99 2128
30 70 2129
1 56 2130
41 98 2131
61 63 2132
31 71 2133
5 72 2134
5 86 2135
7 57 2136
64 82 2137
11 101 2138
30 62 2139
47 76 2140
6 35 2141
63 95 2142
9 86 2143
24 85 2144
49 50 2145
22 27 2146
28 101 2147
60 61 2148
8 76 2149
48 77 2150
50 53 2151
53 93 2152
9 35 2153
22 48 2154
45 91 2155
65 81 2156
2 12 2157
18 91 2158
14 64 2159
26 100 2160
50 69 2161
29 89 2162
23 64 2163
83 98 2164
9 57 2165
45 69 2166
3 7 2167
14 96 2168
12 65 2169
62 98 2170
86 99 2171
49 69 2172
38 77 2173
24 49 2174
28 72 2175
87 100 2176
18 95 2177
1 90 2178
37 50 2179
95 100 2180
11 24 2181
13 101 2182
17 38 2183
34 55 2184
41 73 2185
41 76 2186
2 43 2187
51 78 2188
44 51 2189
4 49 2190
14 91 2191
31 100 2192
43 96 2193
48 51 2194
57 86 2195
3 17 2196
4 44 2197
55 95 2198
47 61 2199
44 72 2200
48 58 2201
63 96 2202
43 89 2203
16 56 2204
17 72 2205
41 71 2206
18 74 2207
4 70 2208
19 57 2209
4 35 2210
11 99 2211
27 72 2212
50 93 2213
1 39 2214
30 67 2215
63 83 2216
41 100 2217
74 84 2218
27 63 2219
34 59 2220
23 62 2221
13 22 2222
66 75 2223
8 84 2224
11 67 2225
15 88 2226
43 98 2227
77 97 2228
23 73 2229
32 62 2230
38 96 2231
28 66 2232
14 99 2233
50 62 2234
62 74 2235
62 82 2236
84 98 2237
63 100 2238
42 52 2239
30 74 2240
40 68 2241
61 71 2242
17 73 2243
29 71 2244
44 48 2245
86 100 2246
30 71 2247
3 22 2248
64 98 2249
6 47 2250
12 62 2251
30 82 2252
6 69 2253
13 35 2254
4 100 2255
32 86 2256
40 48 2257
48 65 2258
19 51 2259
30 91 2260
80 94 2261
18 57 2262
44 62 2263
52 91 2264
7 24 2265
36 70 2266
49 73 2267
50 59 2268
22 73 2269
52 101 2270
7 9 2271
39 88 2272
39 50 2273
29 44 2274
38 63 2275
68 80 2276
2 30 2277
5 101 2278
34 52 2279
39 91 2280
44 84 2281
51 53 2282
52 59 2283
66 100 2284
26 85 2285
3 21 2286
15 65 2287
20 91 2288
49 51 2289
51 57 2290
20 85 2291
24 68 2292
40 50 2293
47 70 2294
6 93 2295
69 89 2296
30 61 2297
35 99 2298
42 50 2299
6 21 2300
52 85 2301
6 78 2302
13 75 2303
26 87 2304
29 65 2305
36 66 2306
47 74 2307
34 88 2308
43 83 2309
44 52 2310
47 58 2311
48 57 2312
2 63 2313
47 55 2314
55 84 2315
54 84 2316
26 76 2317
4 48 2318
3 12 2319
60 85 2320
72 79 2321
11 77 2322
15 55 2323
38 60 2324
45 75 2325
15 57 2326
40 74 2327
8 87 2328
32 63 2329
24 78 2330
82 100 2331
27 100 2332
39 72 2333
71 94 2334
93 99 2335
39 51 2336
7 13 2337
19 82 2338
28 77 2339
50 52 2340
53 90 2341
55 74 2342
61 64 2343
32 55 2344
14 88 2345
44 55 2346
1 32 2347
14 65 2348
24 96 2349
42 57 2350
9 99 2351
26 67 2352
35 98 2353
62 79 2354
30 98 2355
1 72 2356
61 78 2357
40 64 2358
22 60 2359
44 69 2360
17 99 2361
49 96 2362
86 94 2363
12 51 2364
17 88 2365
73 98 2366
6 86 2367
13 67 2368
27 62 2369
37 49 2370
30 84 2371
22 42 2372
49 101 2373
43 88 2374
11 28 2375
18 85 2376
69 97 2377
20 100 2378
30 46 2379
24 40 2380
13 100 2381
37 46 2382
14 75 2383
30 85 2384
31 63 2385
36 71 2386
12 34 2387
38 82 2388
85 97 2389
12 77 2390
4 93 2391
22 65 2392
59 91 2393
18 53 2394
27 55 2395
8 73 2396
53 87 2397
11 39 2398
41 70 2399
53 74 2400
13 41 2401
17 28 2402
64 79 2403
12 57 2404
18 76 2405
1 7 2406
2 7 2407
28 69 2408
37 74 2409
87 94 2410
81 91 2411
40 46 2412
1 49 2413
11 51 2414
7 28 2415
82 98 2416
15 86 2417
18 101 2418
32 96 2419
26 88 2420
55 83 2421
50 54 2422
15 98 2423
38 91 2424
1 38 2425
9 101 2426
13 87 2427
18 67 2428
2 31 2429
38 75 2430
1 78 2431
42 100 2432
15 85 2433
14 67 2434
31 75 2435
57 87 2436
74 85 2437
31 64 2438
57 93 2439
42 46 2440
6 77 2441
54 86 2442
42 67 2443
62 71 2444
90 97 2445
2 28 2446
50 55 2447
1 3 2448
12 41 2449
22 45 2450
6 73 2451
20 23 2452
67 97 2453
8 64 2454
11 70 2455
37 88 2456
37 53 2457
49 62 2458
4 86 2459
44 64 2460
55 93 2461
20 42 2462
55 82 2463
44 49 2464
7 15 2465
11 87 2466
76 79 2467
47 53 2468
55 100 2469
59 78 2470
39 63 2471
51 58 2472
71 97 2473
52 75 2474
2 60 2475
35 96 2476
67 71 2477
26 90 2478
28 52 2479
53 101 2480
32 53 2481
39 74 2482
58 95 2483
59 95 2484
17 67 2485
79 80 2486
40 95 2487
4 95 2488
44 95 2489
14 49 2490
34 84 2491
17 84 2492
46 66 2493
41 59 2494
22 47 2495
5 47 2496
30 48 2497
11 88 2498
75 92 2499
7 55 2500
75 101 2501
3 4 2502
21 39 2503
98 100 2504
23 52 2505
45 78 2506
8 32 2507
18 82 2508
37 55 2509
71 92 2510
2 17 2511
34 78 2512
8 24 2513
17 60 2514
28 73 2515
81 90 2516
30 90 2517
48 71 2518
90 101 2519
35 100 2520
50 72 2521
35 91 2522
48 53 2523
47 101 2524
49 61 2525
39 55 2526
2 39 2527
9 71 2528
26 98 2529
39 78 2530
48 91 2531
57 90 2532
13 96 2533
47 66 2534
2 57 2535
2 70 2536
45 88 2537
69 71 2538
60 90 2539
5 40 2540
22 39 2541
20 31 2542
1 77 2543
12 24 2544
49 59 2545
47 99 2546
55 62 2547
44 76 2548
67 89 2549
32 100 2550
6 85 2551
44 61 2552
17 77 2553
20 65 2554
81 85 2555
35 40 2556
73 95 2557
59 98 2558
22 79 2559
77 100 2560
17 93 2561
12 73 2562
15 22 2563
22 59 2564
8 90 2565
6 49 2566
3 66 2567
48 79 2568
26 93 2569
37 83 2570
64 91 2571
21 43 2572
29 61 2573
74 87 2574
99 101 2575
36 37 2576
20 22 2577
13 49 2578
41 62 2579
11 91 2580
28 55 2581
34 95 2582
22 30 2583
77 101 2584
26 61 2585
27 91 2586
47 85 2587
6 7 2588
48 63 2589
43 79 2590
12 87 2591
20 58 2592
23 90 2593
10 16 2594
18 72 2595
54 99 2596
6 96 2597
2 101 2598
2 64 2599
11 32 2600
62 95 2601
24 57 2602
58 96 2603
61 68 2604
23 29 2605
67 99 2606
26 54 2607
48 100 2608
4 84 2609
11 98 2610
1 96 2611
9 69 2612
39 64 2613
42 82 2614
48 78 2615
51 91 2616
58 100 2617
11 53 2618
59 75 2619
9 61 2620
26 83 2621
20 49 2622
24 91 2623
38 68 2624
23 76 2625
37 93 2626
76 92 2627
27 84 2628
50 78 2629
29 30 2630
13 76 2631
77 98 2632
24 55 2633
20 86 2634
61 87 2635
26 59 2636
48 89 2637
66 88 2638
29 73 2639
55 91 2640
2 66 2641
2 42 2642
80 95 2643
9 83 2644
69 94 2645
14 82 2646
2 38 2647
28 90 2648
40 61 2649
54 85 2650
62 94 2651
84 100 2652
48 101 2653
61 86 2654
13 88 2655
41 60 2656
21 33 2657
54 100 2658
4 96 2659
7 20 2660
57 74 2661
26 82 2662
52 54 2663
77 80 2664
6 87 2665
17 87 2666
59 71 2667
51 87 2668
17 65 2669
80 86 2670
7 51 2671
62 100 2672
24 98 2673
1 69 2674
3 15 2675
41 74 2676
9 84 2677
54 93 2678
40 99 2679
41 88 2680
57 84 2681
4 61 2682
41 75 2683
11 40 2684
23 51 2685
69 98 2686
12 66 2687
58 90 2688
7 66 2689
24 77 2690
3 55 2691
20 62 2692
92 101 2693
20 51 2694
18 75 2695
85 94 2696
35 83 2697
15 50 2698
43 97 2699
90 98 2700
58 84 2701
59 83 2702
2 53 2703
32 46 2704
15 63 2705
35 77 2706
48 50 2707
88 100 2708
8 41 2709
14 98 2710
30 75 2711
23 69 2712
38 51 2713
39 100 2714
58 99 2715
23 70 2716
91 99 2717
44 57 2718
14 95 2719
35 85 2720
53 99 2721
60 100 2722
61 89 2723
40 72 2724
45 61 2725
4 85 2726
42 48 2727
57 98 2728
45 55 2729
1 35 2730
45 90 2731
20 59 2732
30 83 2733
51 70 2734
11 73 2735
27 29 2736
38 71 2737
57 75 2738
19 20 2739
19 63 2740
44 98 2741
59 88 2742
11 45 2743
11 93 2744
29 39 2745
36 80 2746
18 49 2747
12 95 2748
37 47 2749
1 86 2750
71 87 2751
29 66 2752
40 98 2753
2 19 2754
5 46 2755
35 62 2756
11 57 2757
65 97 2758
61 75 2759
12 78 2760
25 43 2761
60 71 2762
64 99 2763
3 53 2764
27 46 2765
19 33 2766
45 51 2767
35 55 2768
47 97 2769
20 45 2770
29 74 2771
59 101 2772
10 17 2773
60 98 2774
7 30 2775
64 88 2776
29 43 2777
35 49 2778
29 34 2779
42 47 2780
40 78 2781
42 91 2782
19 87 2783
5 69 2784
27 60 2785
38 62 2786
64 74 2787
6 25 2788
24 64 2789
3 60 2790
27 59 2791
39 84 2792
35 87 2793
17 68 2794
60 83 2795
15 90 2796
62 83 2797
57 79 2798
2 37 2799
1 44 2800
45 76 2801
72 99 2802
47 68 2803
15 83 2804
16 17 2805
32 49 2806
45 58 2807
2 40 2808
12 64 2809
65 94 2810
45 54 2811
72 88 2812
23 98 2813
54 95 2814
62 89 2815
58 89 2816
61 92 2817
22 86 2818
44 89 2819
14 90 2820
23 85 2821
31 88 2822
57 101 2823
20 75 2824
19 85 2825
28 99 2826
47 69 2827
13 63 2828
40 83 2829
45 77 2830
28 64 2831
18 65 2832
38 49 2833
88 99 2834
4 91 2835
15 82 2836
32 75 2837
42 95 2838
28 57 2839
53 84 2840
60 79 2841
48 74 2842
31 55 2843
84 88 2844
50 91 2845
34 67 2846
72 101 2847
74 89 2848
5 88 2849
38 64 2850
46 76 2851
23 95 2852
49 76 2853
39 89 2854
77 94 2855
57 95 2856
62 92 2857
13 21 2858
37 71 2859
12 45 2860
40 59 2861
13 86 2862
14 29 2863
47 88 2864
52 57 2865
10 52 2866
11 96 2867
32 36 2868
83 84 2869
18 21 2870
64 75 2871
81 86 2872
19 99 2873
1 98 2874
18 96 2875
66 74 2876
11 78 2877
24 54 2878
5 75 2879
11 64 2880
40 55 2881
18 98 2882
21 37 2883
34 93 2884
53 95 2885
67 98 2886
2 65 2887
55 88 2888
2 58 2889
69 101 2890
37 51 2891
51 59 2892
46 61 2893
53 82 2894
54 71 2895
69 80 2896
45 47 2897
17 90 2898
37 60 2899
15 75 2900
20 50 2901
61 93 2902
12 98 2903
41 55 2904
80 102 2905
7 12 2906
35 57 2907
9 88 2908
29 48 2909
31 83 2910
26 84 2911
46 64 2912
75 98 2913
18 93 2914
19 93 2915
8 69 2916
24 72 2917
28 98 2918
8 96 2919
17 62 2920
18 88 2921
43 71 2922
57 71 2923
81 97 2924
50 74 2925
1 68 2926
32 90 2927
48 70 2928
39 101 2929
46 59 2930
3 63 2931
34 98 2932
24 82 2933
26 74 2934
22 31 2935
72 98 2936
20 46 2937
13 61 2938
78 99 2939
38 67 2940
54 74 2941
23 88 2942
34 91 2943
49 70 2944
19 101 2945
35 95 2946
45 85 2947
20 89 2948
15 40 2949
51 88 2950
3 43 2951
19 90 2952
49 95 2953
5 49 2954
39 75 2955
50 88 2956
4 98 2957
3 57 2958
16 19 2959
37 61 2960
14 85 2961
24 97 2962
64 71 2963
28 51 2964
12 32 2965
11 47 2966
66 80 2967
55 61 2968
6 38 2969
55 96 2970
81 102 2971
28 48 2972
93 98 2973
7 60 2974
37 84 2975
61 70 2976
70 80 2977
30 89 2978
32 50 2979
4 21 2980
7 26 2981
3 54 2982
37 54 2983
34 75 2984
8 28 2985
30 36 2986
14 83 2987
91 100 2988
30 76 2989
22 85 2990
47 64 2991
48 99 2992
63 71 2993
17 82 2994
31 91 2995
52 61 2996
67 100 2997
28 46 2998
18 70 2999
28 84 3000
14 62 3001
23 75 3002
32 85 3003
42 98 3004
52 76 3005
38 97 3006
10 14 3007
3 67 3008
21 42 3009
32 99 3010
40 81 3011
71 85 3012
94 95 3013
80 82 3014
35 97 3015
64 92 3016
17 69 3017
17 100 3018
54 90 3019
71 75 3020
23 46 3021
61 67 3022
24 75 3023
98 99 3024
27 71 3025
11 85 3026
15 68 3027
20 84 3028
19 50 3029
32 74 3030
22 61 3031
2 10 3032
13 98 3033
45 49 3034
31 57 3035
32 71 3036
46 77 3037
47 54 3038
48 76 3039
32 73 3040
3 49 3041
7 11 3042
12 50 3043
51 75 3044
92 97 3045
17 78 3046
28 53 3047
63 89 3048
41 51 3049
79 97 3050
54 98 3051
47 77 3052
52 100 3053
2 32 3054
15 96 3055
30 59 3056
4 46 3057
51 74 3058
31 74 3059
51 99 3060
72 97 3061
48 54 3062
24 47 3063
17 22 3064
8 85 3065
17 50 3066
54 61 3067
9 70 3068
14 100 3069
46 58 3070
59 81 3071
7 19 3072
29 97 3073
30 57 3074
34 82 3075
81 96 3076
89 92 3077
34 51 3078
72 94 3079
63 94 3080
38 48 3081
19 78 3082
41 93 3083
50 75 3084
59 90 3085
61 74 3086
5 56 3087
18 68 3088
42 54 3089
44 71 3090
79 102 3091
11 63 3092
1 22 3093
41 83 3094
11 76 3095
20 35 3096
12 58 3097
48 68 3098
52 98 3099
13 47 3100
27 48 3101
7 53 3102
35 74 3103
12 76 3104
26 95 3105
37 59 3106
65 83 3107
38 98 3108
23 61 3109
65 74 3110
8 88 3111
36 65 3112
52 69 3113
9 46 3114
15 100 3115
36 99 3116
77 89 3117
8 48 3118
8 82 3119
51 95 3120
89 101 3121
5 95 3122
19 84 3123
3 65 3124
30 64 3125
57 100 3126
39 60 3127
23 49 3128
3 61 3129
28 36 3130
34 71 3131
12 96 3132
2 68 3133
36 63 3134
63 92 3135
64 101 3136
83 101 3137
7 31 3138
39 98 3139
19 29 3140
51 90 3141
65 92 3142
71 90 3143
15 93 3144
7 58 3145
23 53 3146
12 86 3147
15 64 3148
47 50 3149
47 91 3150
27 87 3151
19 58 3152
42 83 3153
9 93 3154
47 89 3155
1 87 3156
55 71 3157
17 55 3158
40 77 3159
57 96 3160
6 98 3161
44 90 3162
53 75 3163
31 54 3164
13 16 3165
64 89 3166
85 99 3167
12 61 3168
19 74 3169
6 91 3170
45 46 3171
77 99 3172
3 47 3173
34 48 3174
93 97 3175
47 87 3176
58 83 3177
22 71 3178
45 82 3179
2 85 3180
48 97 3181
2 35 3182
93 100 3183
42 97 3184
24 93 3185
31 85 3186
42 61 3187
32 54 3188
84 101 3189
12 69 3190
5 82 3191
35 67 3192
60 88 3193
13 89 3194
59 84 3195
80 96 3196
17 53 3197
47 59 3198
18 29 3199
92 98 3200
20 60 3201
94 96 3202
10 19 3203
3 23 3204
9 94 3205
15 84 3206
50 90 3207
15 95 3208
31 97 3209
72 80 3210
97 102 3211
54 88 3212
89 90 3213
2 99 3214
17 91 3215
7 14 3216
39 61 3217
99 100 3218
35 101 3219
3 64 3220
14 84 3221
23 57 3222
20 79 3223
81 84 3224
3 68 3225
24 88 3226
47 72 3227
52 94 3228
27 36 3229
38 50 3230
58 71 3231
24 48 3232
28 74 3233
2 90 3234
48 86 3235
35 54 3236
44 54 3237
11 75 3238
12 99 3239
3 42 3240
45 48 3241
7 34 3242
7 27 3243
14 33 3244
39 76 3245
6 48 3246
28 49 3247
22 37 3248
47 83 3249
51 67 3250
37 94 3251
74 98 3252
18 83 3253
22 35 3254
61 95 3255
8 29 3256
13 29 3257
46 55 3258
50 86 3259
6 82 3260
48 72 3261
10 20 3262
30 47 3263
63 99 3264
71 83 3265
18 62 3266
15 52 3267
12 16 3268
17 63 3269
23 77 3270
28 82 3271
9 56 3272
28 71 3273
40 49 3274
89 102 3275
29 79 3276
53 83 3277
23 54 3278
41 61 3279
46 49 3280
42 92 3281
36 47 3282
17 57 3283
18 97 3284
2 52 3285
48 59 3286
15 54 3287
36 85 3288
39 53 3289
68 89 3290
68 81 3291
7 18 3292
54 83 3293
37 48 3294
40 57 3295
14 71 3296
79 85 3297
32 51 3298
69 81 3299
29 50 3300
32 76 3301
5 85 3302
46 63 3303
88 101 3304
11 61 3305
15 101 3306
40 58 3307
5 22 3308
8 78 3309
81 82 3310
4 36 3311
81 83 3312
2 41 3313
3 35 3314
46 80 3315
46 88 3316
20 96 3317
44 59 3318
61 96 3319
4 73 3320
7 65 3321
40 93 3322
73 99 3323
2 22 3324
20 64 3325
19 52 3326
36 42 3327
28 100 3328
59 94 3329
84 92 3330
15 66 3331
29 45 3332
39 58 3333
10 37 3334
46 69 3335
22 97 3336
40 97 3337
76 81 3338
1 40 3339
14 79 3340
7 67 3341
61 99 3342
72 81 3343
69 100 3344
20 83 3345
47 81 3346
12 22 3347
55 90 3348
12 101 3349
32 59 3350
3 62 3351
10 27 3352
18 63 3353
53 71 3354
26 97 3355
1 29 3356
18 36 3357
17 86 3358
79 87 3359
20 26 3360
68 74 3361
1 84 3362
32 57 3363
29 42 3364
11 68 3365
39 54 3366
50 94 3367
31 93 3368
71 95 3369
27 98 3370
85 98 3371
27 76 3372
19 62 3373
22 81 3374
25 38 3375
9 33 3376
17 51 3377
19 65 3378
26 89 3379
1 100 3380
72 74 3381
61 82 3382
78 81 3383
69 92 3384
74 93 3385
51 69 3386
35 52 3387
42 51 3388
2 51 3389
71 86 3390
9 89 3391
12 49 3392
50 82 3393
1 21 3394
53 88 3395
7 43 3396
42 89 3397
48 52 3398
83 99 3399
12 67 3400
51 86 3401
39 59 3402
66 81 3403
70 98 3404
9 75 3405
18 60 3406
27 83 3407
37 97 3408
61 84 3409
26 29 3410
14 93 3411
38 83 3412
58 74 3413
11 84 3414
24 95 3415
41 97 3416
44 79 3417
30 94 3418
46 62 3419
68 71 3420
39 57 3421
46 91 3422
12 28 3423
12 40 3424
27 97 3425
12 59 3426
13 83 3427
28 93 3428
18 69 3429
68 94 3430
39 94 3431
12 37 3432
45 93 3433
51 92 3434
61 81 3435
23 74 3436
6 76 3437
24 46 3438
48 62 3439
63 81 3440
14 89 3441
18 46 3442
48 102 3443
47 78 3444
90 100 3445
17 76 3446
37 92 3447
15 74 3448
7 23 3449
6 46 3450
20 53 3451
57 88 3452
19 91 3453
79 84 3454
32 95 3455
42 79 3456
45 95 3457
29 32 3458
17 98 3459
37 79 3460
2 72 3461
7 52 3462
59 93 3463
69 74 3464
29 46 3465
7 38 3466
36 73 3467
19 83 3468
19 76 3469
36 88 3470
38 53 3471
6 83 3472
9 85 3473
17 96 3474
46 70 3475
46 81 3476
76 100 3477
12 74 3478
8 46 3479
60 89 3480
65 71 3481
11 46 3482
25 66 3483
31 46 3484
43 94 3485
10 55 3486
4 29 3487
2 77 3488
17 66 3489
38 90 3490
39 48 3491
49 75 3492
3 26 3493
35 36 3494
11 86 3495
52 83 3496
33 41 3497
55 80 3498
12 63 3499
45 71 3500
58 94 3501
7 50 3502
80 87 3503
20 94 3504
11 82 3505
29 81 3506
41 49 3507
51 83 3508
22 78 3509
67 80 3510
46 52 3511
61 85 3512
14 54 3513
34 61 3514
34 79 3515
44 82 3516
7 61 3517
28 88 3518
47 57 3519
80 84 3520
4 76 3521
40 89 3522
2 100 3523
36 48 3524
12 29 3525
68 99 3526
83 100 3527
8 79 3528
8 98 3529
12 88 3530
33 34 3531
20 93 3532
46 99 3533
19 55 3534
10 43 3535
15 33 3536
12 38 3537
32 97 3538
62 97 3539
17 61 3540
2 54 3541
4 47 3542
38 79 3543
12 82 3544
34 90 3545
74 95 3546
27 82 3547
60 80 3548
22 98 3549
49 84 3550
80 91 3551
4 74 3552
21 32 3553
49 87 3554
5 98 3555
13 85 3556
15 99 3557
35 61 3558
3 50 3559
10 34 3560
32 61 3561
78 97 3562
8 89 3563
34 74 3564
92 99 3565
60 92 3566
68 98 3567
38 54 3568
23 71 3569
51 93 3570
19 89 3571
48 64 3572
4 88 3573
19 96 3574
80 90 3575
51 100 3576
21 56 3577
16 39 3578
48 69 3579
97 98 3580
5 21 3581
22 88 3582
7 22 3583
28 61 3584
63 80 3585
17 54 3586
27 88 3587
27 93 3588
39 49 3589
38 47 3590
1 50 3591
82 97 3592
78 98 3593
11 49 3594
25 55 3595
20 63 3596
22 50 3597
45 84 3598
55 97 3599
20 55 3600
49 85 3601
7 44 3602
51 84 3603
77 81 3604
36 41 3605
2 98 3606
3 25 3607
12 33 3608
22 100 3609
63 74 3610
29 37 3611
25 61 3612
7 32 3613
94 97 3614
10 32 3615
40 101 3616
4 25 3617
64 94 3618
17 74 3619
27 96 3620
7 21 3621
22 33 3622
35 79 3623
12 21 3624
35 84 3625
5 84 3626
32 83 3627
6 36 3628
10 26 3629
62 81 3630
2 96 3631
29 41 3632
97 100 3633
29 70 3634
52 74 3635
10 40 3636
19 88 3637
7 37 3638
21 24 3639
40 51 3640
46 75 3641
5 29 3642
17 29 3643
6 75 3644
7 54 3645
38 93 3646
11 97 3647
24 71 3648
19 92 3649
22 63 3650
34 46 3651
45 74 3652
29 67 3653
73 80 3654
20 69 3655
35 47 3656
40 54 3657
48 93 3658
53 94 3659
35 88 3660
20 72 3661
31 61 3662
58 80 3663
40 84 3664
65 98 3665
80 97 3666
26 48 3667
46 87 3668
17 58 3669
2 93 3670
22 95 3671
55 89 3672
8 47 3673
3 28 3674
29 36 3675
22 24 3676
1 95 3677
18 61 3678
52 88 3679
28 47 3680
15 16 3681
13 71 3682
27 47 3683
6 100 3684
32 98 3685
5 97 3686
11 89 3687
7 42 3688
20 80 3689
46 50 3690
20 29 3691
49 86 3692
15 49 3693
23 47 3694
2 61 3695
12 97 3696
45 97 3697
22 70 3698
27 89 3699
28 54 3700
23 82 3701
22 55 3702
6 88 3703
22 96 3704
7 68 3705
64 80 3706
29 69 3707
30 97 3708
2 45 3709
48 85 3710
59 79 3711
7 100 3712
44 83 3713
4 92 3714
81 95 3715
53 98 3716
22 58 3717
75 99 3718
14 74 3719
22 76 3720
4 89 3721
39 46 3722
8 74 3723
17 70 3724
4 75 3725
5 16 3726
26 71 3727
40 82 3728
25 42 3729
17 49 3730
44 74 3731
46 51 3732
1 16 3733
29 76 3734
79 101 3735
36 38 3736
26 79 3737
49 100 3738
11 35 3739
5 83 3740
11 69 3741
94 99 3742
26 92 3743
10 57 3744
33 35 3745
34 83 3746
52 97 3747
3 32 3748
76 99 3749
25 30 3750
30 96 3751
1 36 3752
12 48 3753
46 96 3754
22 57 3755
46 101 3756
11 72 3757
17 85 3758
28 83 3759
1 70 3760
17 101 3761
59 92 3762
15 67 3763
9 74 3764
25 39 3765
38 59 3766
92 100 3767
24 33 3768
36 102 3769
42 74 3770
40 92 3771
7 40 3772
2 50 3773
19 21 3774
42 80 3775
27 33 3776
22 26 3777
6 29 3778
10 12 3779
15 71 3780
47 96 3781
68 100 3782
5 71 3783
16 18 3784
36 101 3785
40 53 3786
22 32 3787
35 48 3788
12 90 3789
22 83 3790
57 92 3791
21 41 3792
31 48 3793
18 64 3794
58 97 3795
9 21 3796
35 46 3797
17 21 3798
33 43 3799
47 51 3800
29 98 3801
46 85 3802
70 97 3803
45 83 3804
54 79 3805
84 89 3806
17 75 3807
22 36 3808
48 88 3809
5 100 3810
28 75 3811
57 83 3812
11 21 3813
41 48 3814
70 99 3815
15 29 3816
23 48 3817
10 41 3818
32 82 3819
68 97 3820
71 82 3821
8 75 3822
32 47 3823
51 97 3824
17 59 3825
50 92 3826
24 84 3827
45 92 3828
10 44 3829
41 46 3830
22 75 3831
81 87 3832
4 33 3833
41 89 3834
3 45 3835
34 47 3836
48 80 3837
98 101 3838
1 45 3839
36 69 3840
38 57 3841
18 33 3842
46 78 3843
74 102 3844
2 87 3845
43 80 3846
50 71 3847
7 45 3848
82 99 3849
27 74 3850
19 100 3851
37 57 3852
7 47 3853
15 69 3854
13 84 3855
10 50 3856
19 64 3857
41 91 3858
2 84 3859
57 99 3860
15 89 3861
55 94 3862
49 74 3863
10 38 3864
6 94 3865
36 89 3866
47 98 3867
29 31 3868
20 52 3869
18 54 3870
20 68 3871
29 86 3872
46 83 3873
64 81 3874
59 80 3875
66 97 3876
41 82 3877
38 74 3878
80 98 3879
16 43 3880
46 84 3881
62 80 3882
5 94 3883
74 100 3884
50 61 3885
12 68 3886
8 21 3887
39 47 3888
24 36 3889
36 77 3890
12 70 3891
8 70 3892
14 36 3893
18 92 3894
3 39 3895
24 74 3896
8 25 3897
22 87 3898
49 82 3899
11 95 3900
23 83 3901
3 20 3902
31 92 3903
43 81 3904
12 85 3905
22 52 3906
47 93 3907
22 53 3908
19 69 3909
1 101 3910
5 25 3911
84 99 3912
20 57 3913
36 44 3914
28 78 3915
27 90 3916
31 82 3917
34 54 3918
53 97 3919
13 64 3920
39 95 3921
41 79 3922
51 94 3923
76 80 3924
5 10 3925
91 102 3926
15 70 3927
36 86 3928
47 86 3929
48 96 3930
6 92 3931
25 44 3932
2 69 3933
3 31 3934
30 92 3935
16 30 3936
15 61 3937
25 86 3938
61 100 3939
9 48 3940
25 37 3941
49 90 3942
61 101 3943
89 99 3944
34 36 3945
12 91 3946
57 89 3947
22 91 3948
44 97 3949
25 65 3950
2 73 3951
64 100 3952
10 33 3953
7 70 3954
21 25 3955
60 81 3956
15 48 3957
49 79 3958
8 97 3959
36 40 3960
46 79 3961
5 89 3962
94 100 3963
22 74 3964
52 79 3965
53 79 3966
92 102 3967
22 62 3968
22 82 3969
38 61 3970
36 62 3971
38 94 3972
1 91 3973
20 81 3974
31 90 3975
40 52 3976
54 94 3977
40 94 3978
46 98 3979
1 71 3980
12 75 3981
26 46 3982
97 101 3983
22 64 3984
25 99 3985
48 94 3986
23 89 3987
50 97 3988
61 97 3989
1 97 3990
9 97 3991
3 38 3992
24 83 3993
17 48 3994
25 100 3995
18 89 3996
52 82 3997
43 92 3998
10 54 3999
14 92 4000
19 75 4001
48 92 4002
27 54 4003
32 33 4004
48 82 4005
2 44 4006
28 29 4007
4 71 4008
33 37 4009
2 83 4010
6 71 4011
8 71 4012
10 47 4013
36 92 4014
48 83 4015
15 62 4016
49 93 4017
36 78 4018
46 60 4019
80 93 4020
54 97 4021
20 36 4022
60 97 4023
29 68 4024
67 102 4025
63 98 4026
9 36 4027
52 92 4028
17 33 4029
26 47 4030
9 92 4031
16 27 4032
19 61 4033
22 69 4034
47 90 4035
41 47 4036
32 84 4037
49 98 4038
1 47 4039
1 48 4040
24 76 4041
47 102 4042
44 94 4043
4 83 4044
18 71 4045
28 76 4046
10 60 4047
13 74 4048
17 79 4049
5 79 4050
3 40 4051
20 67 4052
31 47 4053
1 46 4054
21 30 4055
24 79 4056
22 28 4057
36 79 4058
39 71 4059
52 71 4060
39 92 4061
28 94 4062
11 33 4063
15 79 4064
3 44 4065
10 42 4066
17 71 4067
4 97 4068
25 49 4069
42 81 4070
3 34 4071
60 94 4072
4 78 4073
36 81 4074
29 75 4075
57 97 4076
23 94 4077
12 47 4078
20 90 4079
69 99 4080
2 78 4081
5 36 4082
19 46 4083
21 23 4084
23 92 4085
36 67 4086
24 29 4087
13 95 4088
35 90 4089
25 34 4090
36 87 4091
7 39 4092
19 47 4093
31 79 4094
12 84 4095
50 84 4096
64 97 4097
54 92 4098
46 72 4099
61 83 4100
28 89 4101
37 102 4102
36 72 4103
46 100 4104
36 75 4105
2 29 4106
19 49 4107
17 97 4108
51 61 4109
19 54 4110
46 86 4111
12 100 4112
36 94 4113
75 100 4114
20 74 4115
7 99 4116
48 95 4117
38 89 4118
47 80 4119
5 92 4120
13 94 4121
4 79 4122
3 27 4123
10 24 4124
8 83 4125
32 93 4126
13 36 4127
7 41 4128
29 57 4129
10 39 4130
32 88 4131
2 76 4132
25 35 4133
48 84 4134
7 98 4135
7 35 4136
22 68 4137
47 82 4138
3 59 4139
29 51 4140
22 101 4141
26 36 4142
23 55 4143
39 97 4144
59 97 4145
79 96 4146
14 61 4147
44 92 4148
58 92 4149
29 72 4150
3 33 4151
65 102 4152
49 71 4153
95 102 4154
9 79 4155
30 95 4156
53 92 4157
28 33 4158
8 102 4159
14 81 4160
19 97 4161
41 52 4162
8 33 4163
19 36 4164
20 48 4165
46 57 4166
25 41 4167
1 25 4168
46 68 4169
22 99 4170
37 89 4171
13 97 4172
34 89 4173
61 90 4174
11 16 4175
13 46 4176
22 72 4177
13 79 4178
30 33 4179
2 86 4180
29 53 4181
38 55 4182
23 97 4183
10 11 4184
21 26 4185
25 70 4186
22 77 4187
21 27 4188
7 64 4189
17 83 4190
29 59 4191
25 63 4192
13 48 4193
19 79 4194
55 92 4195
89 98 4196
16 24 4197
26 33 4198
16 23 4199
35 71 4200
57 94 4201
29 55 4202
46 53 4203
11 48 4204
25 64 4205
94 98 4206
7 59 4207
17 95 4208
18 79 4209
7 49 4210
32 48 4211
58 81 4212
17 80 4213
22 51 4214
42 94 4215
29 102 4216
101 102 4217
50 79 4218
15 25 4219
20 71 4220
27 75 4221
23 102 4222
71 101 4223
9 80 4224
59 100 4225
15 97 4226
34 97 4227
27 92 4228
4 82 4229
2 36 4230
50 83 4231
20 47 4232
29 47 4233
39 81 4234
55 81 4235
40 102 4236
25 45 4237
47 95 4238
15 80 4239
20 98 4240
29 64 4241
8 16 4242
37 81 4243
100 102 4244
6 79 4245
33 101 4246
36 59 4247
46 94 4248
22 49 4249
50 102 4250
17 89 4251
25 78 4252
36 97 4253
27 95 4254
39 80 4255
76 102 4256
9 29 4257
16 20 4258
59 99 4259
21 44 4260
3 101 4261
2 47 4262
16 29 4263
54 80 4264
57 81 4265
16 88 4266
7 16 4267
18 47 4268
96 102 4269
28 97 4270
10 66 4271
63 97 4272
83 102 4273
51 79 4274
29 91 4275
47 100 4276
13 33 4277
19 81 4278
18 94 4279
36 61 4280
3 98 4281
23 79 4282
7 93 4283
31 89 4284
39 79 4285
10 31 4286
3 24 4287
41 94 4288
7 48 4289
17 94 4290
35 81 4291
71 98 4292
4 94 4293
12 83 4294
15 94 4295
33 96 4296
23 33 4297
33 55 4298
38 92 4299
21 99 4300
30 79 4301
5 74 4302
7 96 4303
3 30 4304
13 81 4305
70 100 4306
80 101 4307
10 25 4308
15 46 4309
14 47 4310
26 94 4311
29 62 4312
21 31 4313
46 95 4314
23 36 4315
3 37 4316
73 102 4317
79 99 4318
2 82 4319
16 44 4320
25 51 4321
25 89 4322
18 81 4323
7 63 4324
41 57 4325
49 97 4326
74 99 4327
36 58 4328
7 62 4329
29 96 4330
3 69 4331
16 52 4332
21 40 4333
14 21 4334
6 81 4335
29 83 4336
72 100 4337
14 16 4338
51 71 4339
6 33 4340
22 92 4341
17 81 4342
47 84 4343
28 79 4344
73 100 4345
11 74 4346
78 100 4347
88 102 4348
29 100 4349
59 89 4350
10 53 4351
7 90 4352
15 36 4353
22 90 4354
33 95 4355
53 80 4356
1 83 4357
25 98 4358
26 81 4359
3 70 4360
15 21 4361
49 91 4362
29 58 4363
10 99 4364
62 102 4365
10 97 4366
26 80 4367
3 78 4368
24 94 4369
33 99 4370
25 87 4371
29 52 4372
74 101 4373
10 28 4374
11 36 4375
97 99 4376
21 52 4377
31 36 4378
6 89 4379
1 76 4380
36 98 4381
25 60 4382
94 101 4383
12 89 4384
25 46 4385
16 26 4386
16 73 4387
6 74 4388
10 65 4389
24 102 4390
53 89 4391
21 45 4392
81 98 4393
18 80 4394
41 92 4395
45 94 4396
22 102 4397
79 98 4398
14 94 4399
24 89 4400
35 89 4401
1 33 4402
29 78 4403
71 102 4404
17 36 4405
14 97 4406
3 100 4407
7 73 4408
57 80 4409
10 59 4410
49 83 4411
25 83 4412
12 46 4413
56 99 4414
22 84 4415
19 95 4416
25 73 4417
46 54 4418
12 93 4419
22 94 4420
9 81 4421
10 46 4422
16 22 4423
36 49 4424
33 42 4425
41 81 4426
61 94 4427
7 101 4428
33 100 4429
7 97 4430
25 82 4431
25 47 4432
29 60 4433
36 84 4434
22 80 4435
55 98 4436
31 33 4437
11 29 4438
25 96 4439
3 73 4440
36 64 4441
38 80 4442
3 83 4443
32 94 4444
36 53 4445
99 102 4446
45 89 4447
48 81 4448
36 55 4449
36 60 4450
89 100 4451
29 82 4452
34 92 4453
2 71 4454
21 28 4455
57 102 4456
19 48 4457
1 73 4458
2 25 4459
7 82 4460
25 50 4461
28 91 4462
16 55 4463
13 102 4464
25 52 4465
49 94 4466
25 91 4467
29 33 4468
29 49 4469
7 88 4470
21 64 4471
22 89 4472
29 99 4473
48 90 4474
16 34 4475
19 80 4476
60 102 4477
11 83 4478
29 77 4479
16 32 4480
10 98 4481
33 66 4482
20 95 4483
25 40 4484
1 85 4485
33 57 4486
66 102 4487
27 80 4488
37 80 4489
25 101 4490
32 102 4491
2 92 4492
7 72 4493
16 28 4494
21 60 4495
25 53 4496
25 90 4497
19 71 4498
1 75 4499
36 68 4500
54 89 4501
22 54 4502
17 56 4503
7 95 4504
27 94 4505
12 94 4506
36 82 4507
48 98 4508
21 34 4509
3 82 4510
8 56 4511
44 102 4512
10 90 4513
21 62 4514
33 86 4515
3 81 4516
29 84 4517
33 52 4518
36 83 4519
56 84 4520
3 99 4521
6 16 4522
12 71 4523
68 102 4524
33 56 4525
2 46 4526
10 49 4527
21 66 4528
20 61 4529
34 80 4530
25 77 4531
3 72 4532
7 91 4533
33 98 4534
10 62 4535
15 92 4536
44 80 4537
8 94 4538
14 80 4539
51 102 4540
14 46 4541
3 97 4542
11 79 4543
16 53 4544
6 56 4545
10 45 4546
18 48 4547
4 56 4548
11 71 4549
33 39 4550
33 44 4551
47 92 4552
71 99 4553
3 41 4554
27 79 4555
35 80 4556
1 89 4557
36 100 4558
6 97 4559
46 102 4560
25 97 4561
10 58 4562
25 32 4563
32 89 4564
33 38 4565
3 85 4566
28 81 4567
15 81 4568
25 85 4569
8 81 4570
9 25 4571
25 58 4572
8 36 4573
25 62 4574
24 92 4575
25 33 4576
48 87 4577
25 67 4578
14 48 4579
16 60 4580
25 71 4581
30 56 4582
30 102 4583
36 95 4584
20 92 4585
33 50 4586
16 37 4587
34 94 4588
32 91 4589
38 81 4590
21 35 4591
3 95 4592
21 96 4593
1 94 4594
3 96 4595
49 88 4596
56 87 4597
87 102 4598
56 93 4599
8 92 4600
29 63 4601
11 92 4602
28 92 4603
16 100 4604
93 102 4605
17 46 4606
45 79 4607
7 76 4608
16 99 4609
29 54 4610
29 101 4611
86 102 4612
16 49 4613
25 68 4614
10 63 4615
21 57 4616
29 90 4617
11 94 4618
32 79 4619
24 25 4620
17 25 4621
3 79 4622
3 84 4623
14 25 4624
46 93 4625
75 102 4626
3 76 4627
18 25 4628
43 102 4629
52 102 4630
41 54 4631
61 102 4632
36 45 4633
36 52 4634
77 102 4635
54 102 4636
16 54 4637
16 33 4638
25 72 4639
12 81 4640
13 92 4641
2 74 4642
27 81 4643
64 102 4644
10 36 4645
45 102 4646
34 81 4647
23 81 4648
71 100 4649
16 41 4650
80 100 4651
5 33 4652
16 50 4653
4 102 4654
22 93 4655
21 54 4656
7 25 4657
33 53 4658
81 101 4659
33 97 4660
4 16 4661
17 102 4662
13 56 4663
35 92 4664
15 47 4665
2 48 4666
4 81 4667
34 102 4668
3 91 4669
10 93 4670
20 97 4671
30 80 4672
12 56 4673
19 94 4674
21 53 4675
54 81 4676
81 99 4677
2 33 4678
10 67 4679
16 98 4680
38 102 4681
49 56 4682
72 102 4683
16 57 4684
25 88 4685
25 69 4686
56 82 4687
16 35 4688
44 81 4689
7 33 4690
11 81 4691
10 88 4692
29 88 4693
46 90 4694
16 71 4695
2 95 4696
33 68 4697
20 25 4698
10 96 4699
13 80 4700
35 94 4701
7 75 4702
25 27 4703
31 94 4704
33 87 4705
5 80 4706
36 90 4707
36 76 4708
1 82 4709
3 80 4710
7 46 4711
7 92 4712
21 22 4713
56 101 4714
21 98 4715
29 87 4716
5 81 4717
29 94 4718
16 51 4719
12 79 4720
21 49 4721
29 85 4722
40 80 4723
82 102 4724
16 31 4725
8 80 4726
52 89 4727
7 102 4728
56 98 4729
10 94 4730
52 81 4731
28 102 4732
33 51 4733
10 51 4734
25 57 4735
25 59 4736
3 90 4737
33 40 4738
3 86 4739
16 38 4740
19 102 4741
25 95 4742
16 58 4743
25 31 4744
80 99 4745
6 102 4746
25 54 4747
29 93 4748
3 77 4749
25 84 4750
10 100 4751
33 72 4752
70 102 4753
16 59 4754
1 88 4755
33 45 4756
36 91 4757
29 95 4758
56 77 4759
25 48 4760
28 95 4761
32 81 4762
4 80 4763
84 102 4764
33 73 4765
33 69 4766
49 89 4767
36 96 4768
12 25 4769
16 77 4770
33 64 4771
33 85 4772
56 100 4773
7 87 4774
9 102 4775
10 64 4776
3 75 4777
46 82 4778
21 67 4779
16 42 4780
17 92 4781
18 56 4782
21 38 4783
2 16 4784
35 102 4785
51 89 4786
25 93 4787
50 81 4788
2 91 4789
21 90 4790
94 102 4791
2 56 4792
14 56 4793
2 75 4794
21 95 4795
33 77 4796
1 102 4797
33 67 4798
36 93 4799
33 54 4800
21 50 4801
32 92 4802
33 58 4803
16 45 4804
21 59 4805
23 80 4806
52 80 4807
2 102 4808
27 56 4809
56 90 4810
29 92 4811
30 81 4812
7 86 4813
1 80 4814
19 25 4815
41 80 4816
49 102 4817
10 73 4818
15 56 4819
33 78 4820
3 94 4821
25 75 4822
16 66 4823
10 35 4824
25 94 4825
52 56 4826
10 77 4827
16 21 4828
33 49 4829
41 102 4830
7 69 4831
2 88 4832
2 89 4833
6 80 4834
39 102 4835
22 25 4836
44 56 4837
43 56 4838
12 80 4839
33 90 4840
56 96 4841
63 102 4842
13 25 4843
21 55 4844
26 102 4845
20 21 4846
29 80 4847
42 102 4848
21 100 4849
53 81 4850
49 80 4851
49 92 4852
10 86 4853
16 90 4854
33 60 4855
7 77 4856
16 89 4857
56 88 4858
21 101 4859
49 81 4860
33 65 4861
35 93 4862
24 56 4863
16 84 4864
10 87 4865
10 91 4866
16 102 4867
33 84 4868
55 56 4869
23 25 4870
55 102 4871
25 28 4872
31 80 4873
69 102 4874
25 81 4875
31 81 4876
23 56 4877
24 81 4878
53 102 4879
56 85 4880
85 102 4881
21 58 4882
33 63 4883
18 102 4884
33 93 4885
16 40 4886
16 72 4887
16 86 4888
25 74 4889
21 68 4890
1 79 4891
79 100 4892
11 80 4893
31 102 4894
10 84 4895
58 102 4896
46 92 4897
53 56 4898
16 97 4899
17 64 4900
78 102 4901
51 81 4902
7 94 4903
33 76 4904
2 81 4905
3 93 4906
10 72 4907
45 80 4908
16 82 4909
7 74 4910
16 76 4911
11 102 4912
24 80 4913
31 56 4914
16 96 4915
14 102 4916
36 54 4917
42 56 4918
12 102 4919
21 77 4920
37 56 4921
25 29 4922
33 62 4923
56 86 4924
59 102 4925
41 53 4926
16 65 4927
11 56 4928
16 62 4929
25 79 4930
33 91 4931
21 51 4932
61 98 4933
51 80 4934
56 95 4935
16 101 4936
38 56 4937
33 47 4938
7 36 4939
10 101 4940
10 68 4941
21 86 4942
39 56 4943
21 65 4944
25 92 4945
26 56 4946
33 75 4947
6 84 4948
21 87 4949
7 83 4950
21 72 4951
16 91 4952
21 94 4953
33 102 4954
54 56 4955
10 95 4956
16 87 4957
5 102 4958
21 63 4959
16 46 4960
21 29 4961
21 91 4962
21 73 4963
90 102 4964
2 80 4965
34 56 4966
10 89 4967
16 92 4968
33 82 4969
33 83 4970
3 92 4971
15 102 4972
20 56 4973
16 67 4974
32 56 4975
35 56 4976
7 79 4977
27 102 4978
2 79 4979
20 54 4980
10 74 4981
16 36 4982
12 92 4983
16 48 4984
16 64 4985
56 92 4986
25 56 4987
20 102 4988
10 83 4989
2 49 4990
56 57 4991
21 48 4992
21 93 4993
45 56 4994
98 102 4995
81 100 4996
56 78 4997
16 80 4998
19 56 4999
21 70 5000
10 71 5001
21 78 5002
16 78 5003
10 78 5004
33 89 5005
56 65 5006
17 47 5007
16 63 5008
50 89 5009
51 56 5010
56 80 5011
2 94 5012
56 66 5013
3 88 5014
21 82 5015
25 76 5016
32 80 5017
56 72 5018
10 76 5019
1 92 5020
16 68 5021
16 81 5022
50 56 5023
36 57 5024
56 58 5025
16 25 5026
45 81 5027
1 81 5028
7 84 5029
10 85 5030
25 26 5031
7 85 5032
10 70 5033
1 74 5034
7 78 5035
28 56 5036
7 81 5037
12 36 5038
28 80 5039
11 25 5040
21 76 5041
36 50 5042
3 87 5043
16 85 5044
10 82 5045
36 51 5046
16 95 5047
50 80 5048
56 60 5049
16 93 5050
21 83 5051
16 69 5052
16 61 5053
56 68 5054
36 56 5055
21 85 5056
10 69 5057
16 70 5058
21 75 5059
10 75 5060
21 74 5061
56 62 5062
56 63 5063
7 80 5064
56 69 5065
21 69 5066
21 84 5067
33 61 5068
33 48 5069
41 56 5070
56 61 5071
33 79 5072
56 59 5073
56 64 5074
56 70 5075
