71 74 1
71 89 2
80 92 3
3 56 4
81 92 5
74 94 6
71 81 7
79 81 8
29 48 9
3 7 10
73 76 11
75 83 12
48 102 13
36 46 14
46 81 15
79 102 16
3 21 17
10 21 18
29 71 19
3 10 20
75 79 21
36 80 22
79 92 23
80 102 24
61 92 25
76 91 26
88 92 27
29 89 28
4 5 29
59 70 30
6 9 31
46 71 32
2 4 33
74 75 34
6 8 35
67 73 36
75 94 37
5 11 38
46 92 39
67 91 40
61 80 41
73 91 42
83 94 43
80 81 44
4 14 45
79 89 46
71 88 47
73 75 48
2 8 49
4 6 50
81 88 51
4 11 52
5 8 53
8 12 54
6 11 55
5 9 56
9 11 57
8 9 58
83 91 59
4 9 60
4 12 61
48 74 62
1 4 63
5 13 64
70 88 65
74 79 66
86 87 67
29 102 68
66 68 69
46 97 70
47 97 71
66 69 72
68 70 73
70 74 74
5 15 75
65 70 76
2 11 77
2 5 78
67 76 79
1 11 80
85 90 81
1 12 82
46 94 83
71 79 84
47 79 85
79 83 86
5 14 87
22 48 88
71 92 89
5 6 90
1 2 91
65 69 92
1 14 93
8 11 94
46 89 95
9 13 96
6 12 97
9 14 98
1 6 99
40 73 100
5 12 101
6 14 102
1 9 103
11 12 104
6 13 105
85 87 106
69 73 107
74 89 108
1 5 109
4 8 110
46 80 111
80 88 112
21 33 113
66 70 114
70 92 115
36 71 116
67 70 117
47 89 118
88 94 119
65 73 120
67 75 121
68 69 122
47 81 123
9 15 124
64 68 125
75 76 126
8 14 127
73 83 128
87 90 129
1 13 130
48 81 131
6 19 132
8 15 133
69 70 134
2 14 135
68 77 136
36 92 137
47 75 138
48 89 139
61 81 140
65 68 141
68 72 142
69 77 143
87 93 144
2 13 145
70 72 146
66 73 147
1 8 148
5 17 149
4 13 150
68 78 151
85 86 152
92 94 153
4 15 154
69 72 155
75 91 156
64 69 157
4 19 158
70 78 159
8 13 160
11 14 161
66 77 162
11 13 163
86 93 164
92 102 165
9 12 166
12 13 167
73 74 168
1 17 169
6 15 170
29 46 171
79 94 172
81 102 173
85 91 174
74 83 175
71 94 176
4 17 177
67 74 178
1 15 179
2 9 180
66 72 181
64 65 182
73 78 183
2 15 184
64 66 185
67 69 186
67 77 187
70 76 188
86 90 189
2 6 190
65 72 191
70 71 192
2 17 193
68 85 194
69 78 195
74 76 196
72 77 197
84 86 198
69 87 199
71 80 200
76 83 201
87 95 202
79 97 203
67 68 204
64 70 205
11 15 206
65 77 207
63 69 208
74 91 209
78 86 210
4 54 211
91 94 212
2 12 213
22 79 214
68 76 215
71 76 216
74 88 217
4 55 218
74 81 219
88 90 220
67 72 221
70 94 222
81 89 223
90 91 224
5 54 225
9 17 226
69 86 227
5 18 228
46 48 229
87 91 230
63 68 231
69 90 232
89 97 233
84 87 234
12 14 235
64 73 236
79 80 237
79 88 238
84 85 239
6 17 240
68 73 241
89 102 242
72 78 243
8 17 244
46 74 245
70 77 246
6 18 247
82 86 248
9 44 249
81 94 250
84 90 251
86 95 252
90 95 253
64 72 254
68 90 255
82 90 256
5 55 257
63 70 258
65 66 259
90 93 260
75 89 261
78 87 262
68 86 263
73 77 264
70 73 265
73 86 266
77 86 267
82 87 268
88 89 269
89 91 270
63 66 271
73 94 272
65 67 273
70 85 274
66 78 275
69 85 276
76 87 277
22 29 278
12 17 279
64 78 280
73 87 281
78 85 282
1 18 283
58 68 284
67 71 285
89 92 286
12 15 287
70 81 288
72 86 289
67 83 290
70 90 291
60 65 292
71 73 293
60 72 294
73 79 295
4 18 296
91 95 297
73 85 298
9 18 299
67 79 300
70 87 301
77 85 302
12 18 303
68 91 304
4 53 305
64 67 306
85 95 307
62 70 308
65 76 309
74 92 310
5 53 311
62 69 312
66 87 313
71 102 314
5 19 315
83 89 316
85 96 317
69 76 318
73 89 319
76 77 320
93 95 321
60 69 322
77 78 323
4 63 324
58 65 325
82 85 326
72 73 327
72 90 328
58 69 329
11 19 330
68 87 331
71 75 332
39 43 333
65 87 334
70 86 335
76 79 336
85 92 337
85 93 338
89 94 339
65 78 340
86 91 341
61 79 342
63 65 343
4 52 344
76 90 345
66 67 346
79 91 347
71 97 348
77 87 349
68 82 350
76 89 351
7 13 352
76 78 353
87 96 354
66 76 355
8 19 356
74 80 357
72 87 358
3 33 359
47 102 360
67 85 361
62 66 362
1 19 363
64 90 364
70 91 365
72 76 366
76 86 367
36 102 368
90 92 369
68 93 370
78 91 371
8 53 372
57 69 373
80 89 374
64 77 375
9 43 376
8 43 377
78 90 378
4 51 379
59 69 380
84 93 381
77 90 382
11 17 383
72 85 384
42 43 385
78 84 386
75 81 387
4 43 388
88 93 389
4 50 390
4 62 391
8 18 392
63 77 393
63 67 394
13 15 395
6 55 396
4 59 397
60 68 398
9 39 399
70 80 400
5 60 401
62 65 402
9 45 403
73 93 404
86 96 405
8 44 406
62 68 407
90 96 408
66 85 409
84 95 410
69 93 411
4 65 412
58 70 413
63 64 414
82 84 415
6 53 416
63 72 417
47 74 418
68 88 419
66 90 420
71 91 421
6 54 422
12 44 423
76 85 424
60 66 425
78 95 426
13 14 427
59 65 428
82 95 429
5 65 430
65 86 431
63 73 432
66 86 433
22 91 434
84 96 435
4 49 436
70 84 437
83 88 438
72 82 439
73 88 440
85 88 441
93 96 442
22 67 443
72 84 444
82 91 445
38 43 446
57 66 447
4 68 448
9 19 449
5 58 450
5 43 451
5 52 452
12 19 453
5 62 454
8 45 455
43 44 456
36 81 457
4 23 458
47 94 459
67 81 460
8 51 461
73 81 462
9 55 463
48 67 464
76 94 465
57 68 466
5 59 467
1 60 468
66 91 469
67 87 470
48 71 471
9 51 472
59 68 473
62 67 474
58 66 475
67 94 476
6 44 477
12 43 478
67 86 479
67 84 480
11 44 481
62 73 482
47 92 483
84 91 484
4 57 485
6 63 486
37 43 487
68 95 488
1 54 489
73 90 490
70 95 491
40 43 492
70 93 493
6 57 494
26 44 495
69 95 496
3 12 497
48 92 498
27 45 499
64 76 500
9 54 501
87 88 502
4 58 503
58 73 504
2 19 505
8 55 506
67 78 507
88 97 508
9 42 509
9 53 510
57 67 511
1 57 512
27 44 513
5 51 514
60 73 515
4 60 516
9 52 517
5 50 518
72 93 519
60 64 520
4 64 521
48 79 522
63 78 523
11 18 524
73 84 525
12 42 526
69 84 527
67 90 528
5 7 529
20 70 530
59 88 531
53 66 532
60 77 533
5 49 534
81 97 535
58 72 536
5 57 537
39 44 538
12 39 539
46 88 540
62 72 541
5 63 542
64 86 543
67 89 544
65 75 545
60 67 546
91 93 547
2 55 548
65 91 549
4 44 550
41 43 551
72 91 552
5 44 553
5 64 554
43 45 555
77 84 556
50 90 557
52 90 558
57 70 559
6 60 560
62 90 561
4 66 562
8 52 563
62 77 564
40 91 565
64 85 566
6 51 567
30 43 568
39 41 569
58 60 570
48 91 571
47 83 572
67 82 573
13 17 574
46 47 575
77 95 576
53 65 577
58 77 578
8 54 579
47 73 580
57 72 581
5 68 582
26 68 583
65 85 584
82 93 585
57 65 586
60 70 587
68 96 588
59 73 589
76 81 590
57 73 591
58 67 592
73 95 593
78 82 594
1 55 595
60 63 596
65 90 597
95 96 598
59 74 599
60 76 600
68 84 601
67 93 602
83 90 603
6 52 604
40 67 605
52 93 606
69 82 607
59 72 608
64 91 609
72 95 610
1 63 611
30 44 612
66 93 613
1 64 614
5 42 615
54 66 616
59 71 617
76 84 618
6 64 619
68 75 620
41 44 621
92 97 622
11 39 623
1 58 624
37 44 625
8 50 626
55 66 627
9 41 628
35 43 629
67 88 630
38 44 631
55 73 632
7 17 633
62 87 634
66 82 635
69 91 636
62 63 637
58 90 638
63 93 639
78 93 640
48 75 641
80 94 642
51 90 643
50 93 644
53 91 645
59 66 646
75 86 647
54 68 648
54 60 649
66 95 650
62 86 651
1 53 652
16 56 653
57 90 654
63 87 655
76 93 656
4 24 657
12 53 658
8 39 659
50 68 660
77 82 661
62 64 662
55 77 663
61 88 664
39 45 665
81 91 666
57 77 667
92 93 668
9 50 669
12 30 670
62 78 671
63 76 672
8 38 673
27 43 674
64 87 675
1 52 676
10 56 677
31 43 678
15 44 679
3 25 680
62 76 681
66 75 682
82 88 683
8 41 684
53 68 685
63 90 686
53 55 687
69 75 688
55 78 689
53 60 690
53 93 691
9 49 692
82 83 693
26 45 694
5 66 695
54 72 696
49 90 697
59 67 698
83 95 699
4 45 700
53 78 701
55 68 702
65 84 703
1 62 704
9 58 705
4 20 706
54 91 707
6 65 708
9 57 709
27 30 710
47 91 711
61 66 712
2 60 713
11 45 714
30 31 715
91 96 716
54 93 717
62 93 718
63 86 719
65 82 720
2 18 721
65 93 722
77 93 723
76 82 724
9 63 725
12 55 726
55 67 727
12 45 728
1 51 729
28 43 730
6 62 731
12 41 732
5 23 733
75 88 734
83 97 735
26 30 736
27 68 737
2 7 738
11 41 739
73 82 740
66 84 741
77 92 742
81 83 743
78 83 744
4 26 745
26 43 746
57 78 747
58 76 748
36 88 749
37 39 750
48 73 751
30 45 752
28 30 753
55 65 754
60 62 755
53 77 756
32 43 757
34 43 758
59 92 759
26 31 760
50 69 761
11 43 762
27 49 763
50 65 764
53 67 765
53 90 766
55 91 767
6 58 768
8 49 769
35 44 770
73 97 771
6 43 772
54 77 773
11 55 774
61 71 775
54 90 776
82 96 777
9 20 778
53 72 779
57 60 780
49 66 781
59 64 782
40 47 783
70 82 784
9 30 785
52 53 786
5 20 787
26 39 788
27 69 789
1 59 790
55 69 791
8 60 792
60 93 793
69 96 794
78 88 795
9 26 796
9 31 797
39 40 798
57 63 799
71 83 800
50 55 801
44 45 802
53 69 803
53 87 804
12 62 805
14 15 806
60 78 807
26 64 808
40 44 809
6 66 810
11 20 811
1 66 812
51 53 813
27 35 814
54 65 815
68 92 816
53 70 817
9 32 818
83 86 819
50 53 820
23 64 821
18 44 822
77 91 823
4 41 824
4 27 825
30 39 826
9 64 827
77 88 828
8 23 829
55 70 830
9 38 831
67 92 832
1 65 833
6 68 834
13 68 835
62 85 836
27 70 837
55 72 838
13 44 839
8 42 840
57 64 841
27 51 842
34 69 843
58 64 844
82 92 845
9 23 846
5 67 847
38 39 848
49 55 849
54 57 850
48 61 851
26 63 852
50 87 853
4 67 854
42 44 855
50 60 856
5 61 857
83 87 858
26 49 859
75 97 860
51 52 861
53 57 862
59 78 863
54 73 864
70 96 865
4 30 866
55 87 867
28 68 868
26 41 869
53 86 870
61 69 871
12 49 872
35 69 873
53 95 874
14 39 875
6 49 876
61 70 877
22 40 878
5 26 879
58 78 880
70 83 881
73 96 882
27 39 883
59 77 884
75 77 885
55 90 886
92 96 887
59 62 888
35 45 889
64 88 890
40 41 891
2 59 892
53 54 893
27 58 894
1 23 895
23 30 896
91 92 897
1 50 898
5 41 899
1 61 900
14 43 901
54 69 902
64 95 903
58 87 904
37 42 905
83 96 906
12 65 907
1 20 908
6 45 909
12 54 910
2 58 911
30 50 912
47 71 913
2 64 914
38 41 915
6 59 916
54 78 917
59 76 918
23 43 919
11 51 920
78 96 921
54 70 922
55 76 923
9 60 924
88 96 925
50 91 926
5 24 927
37 45 928
67 95 929
3 8 930
12 31 931
4 61 932
41 45 933
63 75 934
86 88 935
57 91 936
47 67 937
26 69 938
55 60 939
26 35 940
68 83 941
24 60 942
55 93 943
11 23 944
59 94 945
64 82 946
8 65 947
5 45 948
23 60 949
83 85 950
11 38 951
50 78 952
32 69 953
40 48 954
50 70 955
59 90 956
27 31 957
50 72 958
28 69 959
31 49 960
23 63 961
57 93 962
30 41 963
59 60 964
27 60 965
50 66 966
60 90 967
43 93 968
27 65 969
14 68 970
11 42 971
26 65 972
6 20 973
55 63 974
65 95 975
4 42 976
36 89 977
54 64 978
27 50 979
47 76 980
8 64 981
14 44 982
54 87 983
5 39 984
48 94 985
27 63 986
51 54 987
57 76 988
53 73 989
6 42 990
11 58 991
28 44 992
8 59 993
4 28 994
64 84 995
9 35 996
22 61 997
59 63 998
28 63 999
30 35 1000
12 52 1001
63 95 1002
2 20 1003
22 83 1004
50 95 1005
53 62 1006
2 57 1007
51 66 1008
58 86 1009
64 93 1010
22 81 1011
63 85 1012
15 43 1013
30 49 1014
11 53 1015
12 60 1016
94 97 1017
59 87 1018
30 51 1019
34 93 1020
8 62 1021
27 41 1022
50 77 1023
23 24 1024
58 63 1025
76 95 1026
1 67 1027
50 57 1028
49 54 1029
78 92 1030
9 66 1031
26 51 1032
63 84 1033
60 85 1034
28 60 1035
59 75 1036
18 43 1037
66 96 1038
8 22 1039
54 95 1040
48 76 1041
61 76 1042
23 68 1043
49 65 1044
50 54 1045
9 59 1046
27 34 1047
35 49 1048
57 87 1049
4 72 1050
49 69 1051
52 95 1052
72 92 1053
54 55 1054
54 58 1055
9 27 1056
52 55 1057
6 50 1058
8 31 1059
11 30 1060
53 96 1061
2 65 1062
54 85 1063
34 68 1064
39 42 1065
60 87 1066
5 31 1067
5 72 1068
13 43 1069
26 70 1070
51 55 1071
52 91 1072
34 44 1073
8 68 1074
57 62 1075
70 75 1076
59 80 1077
24 64 1078
26 32 1079
40 76 1080
61 89 1081
23 65 1082
32 44 1083
18 39 1084
23 39 1085
43 50 1086
52 72 1087
8 57 1088
22 73 1089
49 67 1090
50 62 1091
32 49 1092
2 63 1093
31 68 1094
50 58 1095
49 60 1096
2 54 1097
51 93 1098
64 92 1099
54 67 1100
76 96 1101
50 73 1102
60 86 1103
13 42 1104
46 102 1105
58 59 1106
4 31 1107
6 41 1108
12 58 1109
30 32 1110
9 37 1111
39 90 1112
60 88 1113
54 92 1114
34 45 1115
1 27 1116
24 68 1117
77 96 1118
27 64 1119
15 19 1120
34 87 1121
52 54 1122
13 58 1123
92 95 1124
12 35 1125
31 45 1126
61 68 1127
51 91 1128
8 58 1129
59 91 1130
12 28 1131
38 45 1132
51 95 1133
47 61 1134
46 79 1135
17 39 1136
55 62 1137
57 58 1138
35 93 1139
13 60 1140
26 50 1141
46 67 1142
50 86 1143
57 86 1144
83 92 1145
65 96 1146
4 69 1147
52 87 1148
30 68 1149
11 34 1150
14 41 1151
58 62 1152
4 32 1153
12 63 1154
49 78 1155
75 82 1156
9 28 1157
31 69 1158
31 44 1159
72 88 1160
91 97 1161
54 96 1162
72 96 1163
75 90 1164
14 55 1165
32 90 1166
30 38 1167
13 19 1168
31 90 1169
26 57 1170
13 59 1171
18 30 1172
31 32 1173
50 51 1174
30 69 1175
54 76 1176
27 32 1177
26 60 1178
50 52 1179
8 34 1180
9 34 1181
2 66 1182
49 95 1183
12 32 1184
66 83 1185
8 63 1186
2 67 1187
8 26 1188
8 30 1189
63 91 1190
19 30 1191
62 75 1192
6 24 1193
14 58 1194
12 51 1195
8 20 1196
15 39 1197
44 90 1198
53 63 1199
13 18 1200
10 33 1201
27 52 1202
53 85 1203
37 87 1204
3 5 1205
19 44 1206
76 88 1207
47 88 1208
54 88 1209
55 64 1210
9 77 1211
51 57 1212
11 64 1213
63 82 1214
28 45 1215
37 40 1216
13 45 1217
30 93 1218
60 91 1219
8 35 1220
52 96 1221
4 39 1222
55 85 1223
12 34 1224
23 69 1225
41 42 1226
28 65 1227
4 73 1228
26 53 1229
38 42 1230
40 46 1231
42 45 1232
14 23 1233
32 70 1234
57 59 1235
24 65 1236
52 77 1237
17 38 1238
60 95 1239
72 83 1240
34 86 1241
39 93 1242
11 60 1243
1 44 1244
49 64 1245
57 75 1246
19 68 1247
49 68 1248
2 53 1249
12 59 1250
14 17 1251
51 96 1252
37 41 1253
6 23 1254
17 68 1255
49 57 1256
52 57 1257
1 68 1258
9 16 1259
28 66 1260
13 57 1261
2 51 1262
28 49 1263
27 38 1264
26 58 1265
23 59 1266
61 72 1267
1 49 1268
13 41 1269
14 45 1270
26 34 1271
55 86 1272
15 17 1273
7 12 1274
26 42 1275
31 50 1276
66 92 1277
50 63 1278
20 88 1279
34 70 1280
49 59 1281
43 69 1282
44 93 1283
28 31 1284
18 38 1285
27 57 1286
58 95 1287
15 68 1288
61 64 1289
54 63 1290
49 53 1291
19 66 1292
74 97 1293
11 49 1294
23 45 1295
28 41 1296
15 30 1297
11 26 1298
79 90 1299
13 55 1300
32 68 1301
67 96 1302
73 92 1303
13 72 1304
52 67 1305
14 60 1306
24 70 1307
55 58 1308
81 90 1309
88 95 1310
23 31 1311
28 64 1312
13 23 1313
40 42 1314
8 66 1315
49 93 1316
32 64 1317
1 43 1318
38 52 1319
51 60 1320
52 68 1321
7 9 1322
43 90 1323
52 60 1324
51 68 1325
32 45 1326
40 83 1327
24 69 1328
28 70 1329
2 23 1330
61 75 1331
50 64 1332
62 95 1333
17 34 1334
30 87 1335
43 51 1336
5 27 1337
1 30 1338
15 57 1339
17 44 1340
9 40 1341
53 76 1342
9 72 1343
35 72 1344
57 85 1345
11 59 1346
15 45 1347
28 42 1348
9 65 1349
55 57 1350
55 59 1351
2 62 1352
17 31 1353
38 90 1354
51 78 1355
12 64 1356
55 92 1357
14 72 1358
26 72 1359
63 88 1360
12 50 1361
30 53 1362
58 93 1363
29 61 1364
11 54 1365
49 70 1366
12 23 1367
51 70 1368
12 57 1369
51 87 1370
87 98 1371
20 59 1372
22 76 1373
14 19 1374
60 61 1375
61 73 1376
76 97 1377
32 93 1378
2 61 1379
13 69 1380
17 32 1381
45 60 1382
59 81 1383
75 92 1384
18 86 1385
34 96 1386
23 58 1387
44 53 1388
30 55 1389
30 37 1390
28 50 1391
34 65 1392
23 38 1393
11 57 1394
31 53 1395
49 91 1396
27 67 1397
34 66 1398
14 63 1399
43 53 1400
51 67 1401
11 50 1402
18 45 1403
19 59 1404
37 69 1405
49 72 1406
39 51 1407
31 39 1408
27 55 1409
51 92 1410
30 60 1411
2 68 1412
13 39 1413
52 85 1414
53 59 1415
13 64 1416
17 43 1417
23 66 1418
28 39 1419
65 83 1420
14 77 1421
35 60 1422
60 84 1423
62 91 1424
11 68 1425
17 86 1426
34 91 1427
75 95 1428
6 26 1429
77 83 1430
28 72 1431
29 67 1432
38 82 1433
14 59 1434
50 76 1435
32 87 1436
67 97 1437
8 40 1438
43 52 1439
41 90 1440
9 24 1441
13 52 1442
27 28 1443
35 68 1444
60 75 1445
53 64 1446
27 59 1447
35 58 1448
53 58 1449
24 43 1450
15 18 1451
18 34 1452
49 58 1453
28 32 1454
58 82 1455
18 31 1456
54 86 1457
55 88 1458
9 62 1459
6 67 1460
34 95 1461
32 51 1462
52 65 1463
17 35 1464
6 27 1465
26 66 1466
64 75 1467
12 38 1468
49 50 1469
60 82 1470
14 49 1471
23 57 1472
50 96 1473
43 54 1474
1 24 1475
17 64 1476
28 67 1477
52 73 1478
59 93 1479
13 53 1480
34 60 1481
12 20 1482
52 88 1483
26 28 1484
35 66 1485
57 88 1486
19 39 1487
49 87 1488
18 37 1489
13 100 1490
15 72 1491
61 62 1492
81 85 1493
22 47 1494
24 39 1495
27 42 1496
52 69 1497
31 51 1498
45 90 1499
15 60 1500
27 53 1501
35 39 1502
8 37 1503
19 65 1504
1 26 1505
26 37 1506
43 49 1507
37 86 1508
38 49 1509
26 62 1510
32 42 1511
52 78 1512
28 34 1513
47 48 1514
13 54 1515
10 25 1516
27 66 1517
52 70 1518
14 53 1519
5 22 1520
19 43 1521
37 53 1522
8 32 1523
35 51 1524
42 53 1525
54 82 1526
87 94 1527
8 72 1528
31 100 1529
35 90 1530
57 84 1531
7 10 1532
62 96 1533
43 77 1534
39 87 1535
8 28 1536
23 41 1537
30 42 1538
34 101 1539
11 31 1540
3 16 1541
17 30 1542
28 90 1543
52 92 1544
30 65 1545
54 62 1546
43 87 1547
29 91 1548
55 95 1549
43 78 1550
72 75 1551
75 78 1552
23 34 1553
30 34 1554
61 77 1555
5 69 1556
10 11 1557
14 50 1558
16 44 1559
19 35 1560
23 44 1561
13 50 1562
18 59 1563
31 66 1564
23 37 1565
31 60 1566
57 95 1567
51 73 1568
29 74 1569
15 32 1570
30 101 1571
1 28 1572
18 32 1573
64 96 1574
48 97 1575
14 64 1576
13 65 1577
17 65 1578
35 101 1579
49 96 1580
84 88 1581
51 69 1582
19 63 1583
66 89 1584
9 68 1585
6 30 1586
42 93 1587
44 91 1588
63 92 1589
23 26 1590
34 77 1591
35 91 1592
14 62 1593
15 64 1594
46 70 1595
23 72 1596
11 27 1597
26 93 1598
32 39 1599
68 74 1600
24 44 1601
51 64 1602
61 91 1603
11 52 1604
26 59 1605
31 91 1606
35 53 1607
43 91 1608
39 100 1609
6 61 1610
31 101 1611
32 50 1612
18 42 1613
8 101 1614
11 66 1615
52 63 1616
35 65 1617
5 30 1618
45 66 1619
87 92 1620
31 86 1621
28 57 1622
23 101 1623
31 42 1624
28 59 1625
32 66 1626
24 66 1627
19 60 1628
14 101 1629
17 60 1630
30 52 1631
18 53 1632
35 87 1633
15 42 1634
19 64 1635
52 66 1636
31 70 1637
13 63 1638
23 67 1639
39 101 1640
50 85 1641
54 59 1642
19 42 1643
15 77 1644
37 68 1645
44 50 1646
23 35 1647
94 95 1648
2 52 1649
37 90 1650
57 82 1651
15 58 1652
24 63 1653
37 96 1654
58 85 1655
12 69 1656
27 62 1657
75 85 1658
13 101 1659
32 91 1660
6 31 1661
24 67 1662
32 60 1663
18 60 1664
62 84 1665
11 35 1666
6 39 1667
8 100 1668
17 41 1669
30 86 1670
49 63 1671
23 32 1672
23 96 1673
62 82 1674
51 65 1675
6 28 1676
43 101 1677
23 100 1678
26 40 1679
35 70 1680
50 67 1681
17 45 1682
49 51 1683
37 101 1684
88 91 1685
8 27 1686
15 23 1687
51 85 1688
38 100 1689
45 93 1690
3 9 1691
38 50 1692
11 65 1693
31 87 1694
38 101 1695
4 38 1696
43 60 1697
26 101 1698
17 42 1699
24 100 1700
83 93 1701
31 52 1702
53 92 1703
3 15 1704
18 57 1705
37 93 1706
15 34 1707
27 101 1708
28 86 1709
31 55 1710
1 41 1711
51 77 1712
80 86 1713
52 86 1714
85 98 1715
19 34 1716
38 53 1717
41 50 1718
87 101 1719
3 4 1720
50 92 1721
51 76 1722
58 75 1723
11 32 1724
58 84 1725
49 86 1726
40 79 1727
21 25 1728
9 100 1729
43 72 1730
13 38 1731
35 42 1732
34 64 1733
46 91 1734
80 97 1735
8 24 1736
24 58 1737
26 52 1738
58 91 1739
46 59 1740
39 68 1741
52 62 1742
95 98 1743
65 88 1744
34 72 1745
34 90 1746
59 61 1747
51 72 1748
34 88 1749
31 95 1750
8 99 1751
15 63 1752
50 88 1753
37 82 1754
27 93 1755
39 49 1756
18 58 1757
12 72 1758
23 62 1759
29 79 1760
15 65 1761
17 100 1762
26 27 1763
35 41 1764
87 99 1765
50 59 1766
13 62 1767
19 58 1768
37 51 1769
30 58 1770
17 62 1771
58 61 1772
31 34 1773
60 92 1774
28 51 1775
9 67 1776
17 57 1777
42 50 1778
26 67 1779
5 73 1780
20 94 1781
14 38 1782
28 101 1783
59 86 1784
35 77 1785
17 72 1786
19 31 1787
2 24 1788
49 76 1789
24 41 1790
36 70 1791
43 65 1792
24 62 1793
49 52 1794
13 49 1795
32 95 1796
42 49 1797
39 52 1798
51 86 1799
35 100 1800
31 35 1801
34 42 1802
18 66 1803
27 72 1804
79 93 1805
38 69 1806
13 99 1807
85 101 1808
43 68 1809
59 95 1810
2 50 1811
38 72 1812
75 93 1813
51 62 1814
60 96 1815
63 96 1816
6 72 1817
31 37 1818
55 82 1819
23 27 1820
11 62 1821
13 77 1822
18 63 1823
22 43 1824
24 72 1825
37 91 1826
39 54 1827
46 76 1828
11 63 1829
30 90 1830
61 65 1831
93 101 1832
18 96 1833
7 44 1834
14 73 1835
15 35 1836
44 60 1837
15 82 1838
45 65 1839
37 66 1840
40 45 1841
12 26 1842
4 101 1843
12 73 1844
52 84 1845
74 93 1846
28 35 1847
27 87 1848
23 42 1849
37 52 1850
37 72 1851
49 77 1852
14 65 1853
48 55 1854
4 87 1855
24 101 1856
18 41 1857
43 55 1858
39 99 1859
34 50 1860
34 63 1861
42 90 1862
53 82 1863
1 45 1864
37 49 1865
22 46 1866
14 85 1867
45 69 1868
24 59 1869
35 59 1870
11 72 1871
35 78 1872
31 99 1873
3 17 1874
3 52 1875
12 27 1876
15 59 1877
23 86 1878
37 38 1879
7 43 1880
39 50 1881
5 32 1882
31 72 1883
44 87 1884
14 99 1885
32 67 1886
27 40 1887
7 21 1888
13 24 1889
18 68 1890
39 82 1891
14 37 1892
31 93 1893
51 88 1894
26 55 1895
23 90 1896
5 28 1897
18 85 1898
48 83 1899
59 82 1900
53 84 1901
13 35 1902
19 45 1903
22 64 1904
35 57 1905
58 88 1906
67 80 1907
11 28 1908
28 87 1909
85 94 1910
14 30 1911
19 49 1912
24 30 1913
11 100 1914
46 73 1915
13 37 1916
38 40 1917
39 95 1918
41 49 1919
14 86 1920
90 100 1921
17 98 1922
23 70 1923
35 37 1924
4 77 1925
31 65 1926
90 101 1927
81 87 1928
1 42 1929
13 73 1930
15 50 1931
18 100 1932
87 97 1933
20 43 1934
55 84 1935
18 72 1936
43 86 1937
43 95 1938
95 101 1939
35 86 1940
11 24 1941
96 100 1942
40 94 1943
11 101 1944
52 64 1945
55 74 1946
69 83 1947
29 40 1948
52 82 1949
86 98 1950
26 77 1951
44 65 1952
12 68 1953
41 52 1954
34 49 1955
39 53 1956
38 87 1957
15 49 1958
9 101 1959
17 85 1960
8 73 1961
12 66 1962
2 43 1963
19 70 1964
26 91 1965
15 31 1966
74 77 1967
74 95 1968
4 34 1969
26 100 1970
35 50 1971
31 98 1972
34 53 1973
44 101 1974
57 92 1975
18 26 1976
22 97 1977
19 41 1978
9 73 1979
37 50 1980
57 61 1981
13 82 1982
17 96 1983
15 53 1984
30 59 1985
45 91 1986
84 98 1987
30 91 1988
7 39 1989
37 60 1990
69 92 1991
39 69 1992
55 96 1993
86 99 1994
44 55 1995
17 59 1996
95 99 1997
52 58 1998
70 89 1999
80 90 2000
14 18 2001
15 66 2002
77 79 2003
27 37 2004
4 90 2005
43 96 2006
30 72 2007
58 92 2008
83 84 2009
17 66 2010
45 55 2011
13 86 2012
30 63 2013
13 98 2014
28 95 2015
34 58 2016
14 100 2017
42 52 2018
1 31 2019
69 79 2020
45 101 2021
48 68 2022
7 8 2023
39 64 2024
6 101 2025
90 97 2026
39 86 2027
52 101 2028
2 44 2029
93 99 2030
1 39 2031
60 71 2032
14 57 2033
75 87 2034
14 82 2035
14 96 2036
62 88 2037
9 82 2038
96 98 2039
7 20 2040
17 99 2041
35 64 2042
39 88 2043
32 100 2044
24 86 2045
69 88 2046
24 57 2047
61 78 2048
30 48 2049
14 51 2050
17 37 2051
35 95 2052
44 54 2053
29 73 2054
34 51 2055
79 95 2056
47 65 2057
23 49 2058
28 52 2059
31 58 2060
32 65 2061
49 73 2062
17 90 2063
44 66 2064
5 101 2065
32 78 2066
53 61 2067
4 86 2068
18 55 2069
30 40 2070
30 95 2071
38 95 2072
69 94 2073
5 100 2074
13 51 2075
19 69 2076
96 101 2077
28 38 2078
38 51 2079
4 22 2080
15 41 2081
22 60 2082
31 67 2083
30 62 2084
34 100 2085
87 100 2086
17 23 2087
42 68 2088
17 51 2089
44 86 2090
37 95 2091
4 7 2092
37 63 2093
27 54 2094
28 58 2095
35 63 2096
34 55 2097
34 57 2098
19 50 2099
26 38 2100
31 38 2101
41 51 2102
38 66 2103
38 91 2104
17 73 2105
14 42 2106
49 62 2107
69 81 2108
38 70 2109
40 89 2110
17 82 2111
29 94 2112
32 59 2113
6 73 2114
27 100 2115
54 101 2116
43 59 2117
44 51 2118
30 99 2119
34 41 2120
17 50 2121
5 70 2122
15 78 2123
32 35 2124
18 87 2125
19 72 2126
43 99 2127
64 79 2128
82 94 2129
18 35 2130
40 90 2131
7 51 2132
17 18 2133
57 96 2134
39 72 2135
79 86 2136
26 90 2137
61 102 2138
24 45 2139
5 76 2140
15 55 2141
17 63 2142
43 58 2143
54 75 2144
55 79 2145
11 37 2146
39 96 2147
97 102 2148
54 84 2149
34 67 2150
8 76 2151
39 91 2152
15 73 2153
23 87 2154
42 69 2155
49 101 2156
14 78 2157
53 88 2158
78 79 2159
35 73 2160
14 35 2161
5 35 2162
9 76 2163
85 99 2164
22 94 2165
18 82 2166
27 95 2167
44 100 2168
79 96 2169
32 55 2170
8 77 2171
58 96 2172
59 85 2173
53 101 2174
1 10 2175
51 82 2176
31 77 2177
19 67 2178
30 67 2179
30 70 2180
41 53 2181
41 69 2182
18 64 2183
31 41 2184
41 54 2185
27 90 2186
35 48 2187
35 96 2188
3 23 2189
15 54 2190
28 96 2191
38 68 2192
23 85 2193
43 62 2194
24 90 2195
17 28 2196
30 78 2197
9 22 2198
93 100 2199
13 30 2200
37 77 2201
6 48 2202
22 59 2203
62 92 2204
6 32 2205
26 78 2206
5 40 2207
8 86 2208
4 70 2209
18 69 2210
36 48 2211
8 82 2212
20 41 2213
23 95 2214
28 53 2215
10 17 2216
74 96 2217
4 76 2218
44 99 2219
90 98 2220
13 34 2221
34 35 2222
54 61 2223
3 53 2224
30 88 2225
51 59 2226
24 87 2227
34 99 2228
22 75 2229
49 85 2230
15 38 2231
37 65 2232
14 54 2233
80 85 2234
4 10 2235
27 61 2236
27 86 2237
32 86 2238
40 70 2239
18 49 2240
37 67 2241
45 100 2242
2 49 2243
4 35 2244
32 63 2245
22 23 2246
51 101 2247
93 98 2248
14 69 2249
43 67 2250
14 66 2251
68 101 2252
26 86 2253
19 99 2254
5 87 2255
95 100 2256
68 80 2257
34 59 2258
44 95 2259
26 85 2260
89 95 2261
38 96 2262
13 66 2263
32 38 2264
18 65 2265
38 93 2266
66 88 2267
27 96 2268
94 96 2269
17 53 2270
35 55 2271
48 60 2272
9 48 2273
9 85 2274
51 58 2275
40 60 2276
15 51 2277
45 95 2278
46 61 2279
19 57 2280
3 18 2281
30 66 2282
52 76 2283
15 76 2284
17 87 2285
20 101 2286
14 31 2287
32 34 2288
68 94 2289
86 101 2290
22 71 2291
30 64 2292
90 99 2293
5 77 2294
18 28 2295
31 54 2296
34 39 2297
42 70 2298
19 53 2299
14 34 2300
19 32 2301
30 57 2302
19 27 2303
44 96 2304
18 101 2305
26 73 2306
27 77 2307
35 88 2308
43 82 2309
7 15 2310
32 52 2311
41 101 2312
45 68 2313
55 61 2314
42 87 2315
2 22 2316
73 80 2317
11 77 2318
28 78 2319
14 32 2320
19 101 2321
34 73 2322
48 93 2323
57 74 2324
32 41 2325
4 47 2326
64 89 2327
26 87 2328
39 77 2329
85 97 2330
28 55 2331
37 54 2332
4 100 2333
12 96 2334
14 52 2335
17 27 2336
37 70 2337
4 93 2338
32 96 2339
28 62 2340
30 100 2341
35 40 2342
40 53 2343
14 28 2344
14 24 2345
15 26 2346
37 85 2347
23 99 2348
38 78 2349
45 78 2350
9 96 2351
11 67 2352
22 44 2353
38 54 2354
40 87 2355
1 32 2356
85 100 2357
8 78 2358
41 93 2359
11 22 2360
45 99 2361
34 85 2362
96 99 2363
31 85 2364
50 75 2365
24 38 2366
61 67 2367
17 58 2368
29 81 2369
9 78 2370
19 82 2371
39 85 2372
48 80 2373
69 71 2374
42 86 2375
45 59 2376
43 66 2377
45 70 2378
77 94 2379
32 57 2380
38 67 2381
7 18 2382
23 82 2383
100 101 2384
61 87 2385
9 99 2386
3 14 2387
4 37 2388
23 54 2389
87 89 2390
99 101 2391
24 35 2392
31 57 2393
10 16 2394
37 99 2395
11 73 2396
12 78 2397
13 70 2398
18 99 2399
74 102 2400
32 37 2401
52 59 2402
4 85 2403
18 51 2404
18 78 2405
19 38 2406
51 63 2407
42 66 2408
38 58 2409
40 75 2410
34 98 2411
23 28 2412
15 96 2413
12 100 2414
39 67 2415
61 85 2416
37 78 2417
35 99 2418
20 23 2419
42 60 2420
44 49 2421
69 98 2422
20 100 2423
44 52 2424
34 48 2425
27 73 2426
29 92 2427
70 79 2428
47 69 2429
75 84 2430
8 67 2431
30 73 2432
77 80 2433
23 98 2434
12 22 2435
17 54 2436
31 73 2437
37 62 2438
44 59 2439
32 72 2440
60 101 2441
63 94 2442
18 50 2443
26 95 2444
61 86 2445
23 61 2446
43 76 2447
41 77 2448
48 90 2449
74 78 2450
4 48 2451
2 3 2452
39 92 2453
44 78 2454
82 98 2455
43 92 2456
5 48 2457
35 82 2458
38 86 2459
12 76 2460
48 53 2461
42 55 2462
44 69 2463
22 80 2464
22 62 2465
45 72 2466
2 27 2467
49 61 2468
68 98 2469
13 93 2470
26 61 2471
48 77 2472
12 24 2473
13 85 2474
24 49 2475
31 62 2476
39 48 2477
36 74 2478
3 13 2479
47 80 2480
90 94 2481
11 40 2482
35 52 2483
36 47 2484
19 100 2485
12 37 2486
34 37 2487
5 38 2488
9 98 2489
17 67 2490
61 82 2491
72 74 2492
3 63 2493
30 98 2494
11 99 2495
53 75 2496
22 38 2497
24 96 2498
78 101 2499
2 101 2500
26 54 2501
44 67 2502
30 54 2503
2 31 2504
28 54 2505
86 94 2506
38 60 2507
45 63 2508
12 61 2509
12 87 2510
8 61 2511
32 53 2512
38 77 2513
31 63 2514
48 54 2515
23 53 2516
39 70 2517
19 26 2518
81 93 2519
5 95 2520
13 20 2521
13 31 2522
14 26 2523
34 52 2524
5 96 2525
7 58 2526
13 32 2527
22 102 2528
40 86 2529
23 50 2530
22 70 2531
48 70 2532
15 62 2533
18 62 2534
66 94 2535
13 90 2536
36 94 2537
78 80 2538
45 64 2539
15 69 2540
15 28 2541
6 7 2542
40 72 2543
43 48 2544
82 100 2545
45 57 2546
14 87 2547
40 59 2548
9 93 2549
5 93 2550
22 92 2551
38 64 2552
66 74 2553
41 68 2554
12 86 2555
65 80 2556
26 96 2557
86 100 2558
7 23 2559
39 66 2560
86 92 2561
1 22 2562
5 34 2563
14 76 2564
28 93 2565
23 93 2566
64 83 2567
74 86 2568
65 81 2569
9 86 2570
24 42 2571
19 78 2572
34 62 2573
40 52 2574
37 58 2575
22 30 2576
60 79 2577
84 94 2578
19 73 2579
27 48 2580
29 47 2581
43 100 2582
50 94 2583
19 86 2584
29 97 2585
37 64 2586
65 92 2587
30 77 2588
14 95 2589
51 100 2590
3 57 2591
55 94 2592
1 7 2593
18 73 2594
5 86 2595
34 40 2596
19 85 2597
50 101 2598
15 85 2599
34 76 2600
37 100 2601
18 98 2602
24 32 2603
71 87 2604
11 16 2605
23 52 2606
40 81 2607
8 95 2608
31 82 2609
17 49 2610
7 11 2611
14 90 2612
60 74 2613
69 101 2614
59 84 2615
43 85 2616
12 99 2617
24 99 2618
6 22 2619
37 98 2620
19 90 2621
2 26 2622
40 71 2623
19 77 2624
44 70 2625
46 75 2626
6 78 2627
7 54 2628
22 63 2629
5 75 2630
45 96 2631
45 53 2632
84 97 2633
80 87 2634
19 23 2635
41 78 2636
12 48 2637
81 95 2638
28 77 2639
35 67 2640
57 101 2641
13 40 2642
32 85 2643
66 79 2644
78 100 2645
30 92 2646
76 92 2647
93 94 2648
15 99 2649
18 70 2650
31 88 2651
84 101 2652
9 95 2653
41 95 2654
20 96 2655
31 64 2656
45 50 2657
84 92 2658
71 85 2659
27 99 2660
38 76 2661
63 81 2662
82 89 2663
41 91 2664
81 86 2665
43 98 2666
79 87 2667
45 49 2668
24 53 2669
4 16 2670
28 100 2671
12 77 2672
54 100 2673
37 73 2674
47 93 2675
11 90 2676
28 91 2677
31 40 2678
9 61 2679
20 32 2680
23 73 2681
13 78 2682
15 86 2683
32 77 2684
35 54 2685
55 101 2686
2 45 2687
28 48 2688
17 69 2689
44 92 2690
3 19 2691
38 57 2692
10 13 2693
14 70 2694
43 57 2695
6 10 2696
31 59 2697
20 92 2698
45 86 2699
42 54 2700
47 90 2701
8 87 2702
39 55 2703
80 83 2704
6 100 2705
98 100 2706
40 49 2707
61 63 2708
17 101 2709
49 84 2710
31 92 2711
26 99 2712
6 69 2713
31 96 2714
34 78 2715
40 93 2716
43 70 2717
63 74 2718
6 37 2719
23 91 2720
47 70 2721
41 72 2722
82 97 2723
37 76 2724
3 6 2725
42 51 2726
68 89 2727
45 73 2728
41 55 2729
24 54 2730
48 66 2731
51 94 2732
42 91 2733
11 86 2734
24 73 2735
38 73 2736
43 63 2737
39 98 2738
31 78 2739
61 95 2740
63 101 2741
35 76 2742
67 101 2743
12 95 2744
11 78 2745
68 79 2746
23 51 2747
37 88 2748
44 77 2749
63 83 2750
10 18 2751
11 70 2752
12 101 2753
36 79 2754
82 101 2755
88 98 2756
48 69 2757
49 100 2758
22 72 2759
4 99 2760
58 98 2761
63 71 2762
39 47 2763
40 77 2764
38 92 2765
77 81 2766
35 85 2767
7 56 2768
12 40 2769
28 99 2770
6 34 2771
30 85 2772
75 80 2773
1 38 2774
43 73 2775
15 37 2776
24 61 2777
9 69 2778
20 30 2779
5 99 2780
99 100 2781
30 82 2782
9 91 2783
18 93 2784
30 96 2785
5 85 2786
24 50 2787
39 59 2788
3 11 2789
8 90 2790
1 72 2791
6 95 2792
64 74 2793
91 98 2794
86 89 2795
61 90 2796
6 38 2797
18 24 2798
35 38 2799
45 51 2800
72 98 2801
27 98 2802
49 92 2803
16 38 2804
17 55 2805
1 34 2806
11 76 2807
42 92 2808
39 57 2809
17 93 2810
47 55 2811
89 96 2812
38 65 2813
50 100 2814
51 61 2815
15 52 2816
24 51 2817
7 60 2818
16 43 2819
16 45 2820
31 76 2821
63 79 2822
42 58 2823
2 16 2824
23 40 2825
41 87 2826
8 84 2827
37 92 2828
15 101 2829
18 95 2830
9 90 2831
32 82 2832
28 61 2833
3 49 2834
24 26 2835
15 100 2836
20 86 2837
24 27 2838
32 54 2839
17 77 2840
3 22 2841
84 100 2842
11 95 2843
19 87 2844
42 101 2845
64 101 2846
14 91 2847
2 30 2848
4 95 2849
14 67 2850
44 76 2851
31 48 2852
65 100 2853
79 82 2854
28 98 2855
42 59 2856
59 96 2857
18 23 2858
28 47 2859
41 58 2860
41 99 2861
54 79 2862
38 99 2863
24 34 2864
40 63 2865
29 49 2866
48 78 2867
8 10 2868
72 101 2869
28 37 2870
15 98 2871
38 88 2872
42 65 2873
16 33 2874
32 73 2875
40 50 2876
3 62 2877
80 84 2878
3 60 2879
52 99 2880
60 100 2881
69 80 2882
1 90 2883
2 39 2884
4 78 2885
27 91 2886
2 41 2887
24 95 2888
72 94 2889
17 95 2890
20 35 2891
20 44 2892
24 31 2893
54 99 2894
41 65 2895
3 51 2896
41 100 2897
15 70 2898
34 92 2899
12 90 2900
19 96 2901
17 52 2902
5 47 2903
22 57 2904
70 101 2905
13 21 2906
42 77 2907
14 40 2908
22 41 2909
39 63 2910
8 85 2911
11 82 2912
37 55 2913
29 75 2914
61 93 2915
2 10 2916
37 59 2917
45 76 2918
16 39 2919
44 48 2920
40 51 2921
57 99 2922
91 101 2923
14 83 2924
45 67 2925
41 86 2926
54 94 2927
79 85 2928
32 101 2929
1 100 2930
22 66 2931
17 70 2932
19 55 2933
20 45 2934
60 98 2935
45 88 2936
68 71 2937
10 15 2938
22 24 2939
7 19 2940
9 33 2941
8 91 2942
5 37 2943
7 22 2944
29 76 2945
44 98 2946
11 98 2947
6 16 2948
18 27 2949
20 31 2950
17 76 2951
32 58 2952
44 58 2953
53 100 2954
58 79 2955
20 99 2956
73 101 2957
2 42 2958
81 96 2959
19 24 2960
29 43 2961
35 98 2962
65 99 2963
18 83 2964
6 76 2965
72 100 2966
20 81 2967
62 83 2968
19 28 2969
22 69 2970
42 76 2971
13 67 2972
53 99 2973
41 96 2974
51 84 2975
58 101 2976
40 96 2977
8 96 2978
63 100 2979
11 69 2980
13 61 2981
19 95 2982
38 85 2983
5 78 2984
18 90 2985
19 51 2986
44 73 2987
72 89 2988
83 98 2989
15 91 2990
18 67 2991
77 89 2992
6 90 2993
44 88 2994
41 64 2995
44 72 2996
45 87 2997
40 92 2998
32 98 2999
40 64 3000
12 82 3001
32 62 3002
40 58 3003
95 97 3004
66 80 3005
76 98 3006
36 59 3007
52 94 3008
48 65 3009
17 19 3010
40 62 3011
7 42 3012
4 84 3013
30 33 3014
7 57 3015
24 28 3016
37 48 3017
13 96 3018
3 59 3019
54 98 3020
60 99 3021
88 101 3022
24 85 3023
2 38 3024
2 73 3025
39 60 3026
38 84 3027
7 45 3028
4 40 3029
22 42 3030
12 70 3031
59 83 3032
6 40 3033
22 65 3034
38 55 3035
43 64 3036
10 14 3037
49 88 3038
32 76 3039
39 65 3040
15 27 3041
18 40 3042
45 52 3043
44 68 3044
28 73 3045
19 37 3046
12 98 3047
15 67 3048
45 82 3049
13 27 3050
45 92 3051
15 22 3052
74 90 3053
63 99 3054
7 53 3055
85 89 3056
47 62 3057
66 101 3058
20 39 3059
2 100 3060
84 99 3061
1 3 3062
48 57 3063
78 98 3064
26 33 3065
22 31 3066
98 101 3067
18 77 3068
47 77 3069
73 102 3070
39 94 3071
40 66 3072
68 99 3073
78 94 3074
4 33 3075
14 93 3076
65 101 3077
50 79 3078
69 99 3079
74 87 3080
8 98 3081
10 44 3082
9 83 3083
40 54 3084
6 93 3085
6 35 3086
7 14 3087
47 58 3088
12 67 3089
62 101 3090
68 81 3091
17 61 3092
53 74 3093
23 77 3094
75 96 3095
15 16 3096
15 24 3097
20 34 3098
3 55 3099
64 100 3100
49 82 3101
8 69 3102
27 76 3103
20 40 3104
61 74 3105
2 70 3106
24 55 3107
4 91 3108
43 47 3109
30 94 3110
65 74 3111
45 62 3112
5 10 3113
15 95 3114
16 35 3115
7 59 3116
50 84 3117
57 98 3118
63 98 3119
49 99 3120
2 21 3121
17 40 3122
39 58 3123
1 96 3124
3 54 3125
24 78 3126
24 93 3127
28 85 3128
40 69 3129
10 19 3130
68 100 3131
71 78 3132
38 63 3133
11 87 3134
58 100 3135
19 62 3136
22 58 3137
34 94 3138
10 43 3139
7 50 3140
44 85 3141
51 98 3142
15 61 3143
34 38 3144
6 47 3145
10 52 3146
70 98 3147
43 46 3148
24 37 3149
11 33 3150
13 28 3151
22 26 3152
40 101 3153
40 68 3154
47 72 3155
64 71 3156
18 54 3157
45 77 3158
15 83 3159
47 66 3160
66 71 3161
10 42 3162
50 82 3163
40 82 3164
42 78 3165
52 100 3166
81 84 3167
20 68 3168
50 61 3169
74 85 3170
91 100 3171
19 98 3172
41 62 3173
47 53 3174
13 83 3175
39 83 3176
18 52 3177
35 62 3178
65 89 3179
9 47 3180
37 57 3181
20 60 3182
44 47 3183
98 99 3184
24 82 3185
55 83 3186
72 79 3187
22 86 3188
27 84 3189
71 96 3190
71 82 3191
22 89 3192
5 16 3193
45 54 3194
26 98 3195
71 93 3196
6 96 3197
36 97 3198
71 84 3199
20 87 3200
32 40 3201
49 94 3202
60 81 3203
3 58 3204
40 100 3205
39 76 3206
72 80 3207
22 85 3208
24 77 3209
20 38 3210
71 77 3211
11 93 3212
82 99 3213
18 76 3214
20 85 3215
41 63 3216
93 97 3217
13 76 3218
20 82 3219
11 61 3220
1 16 3221
14 84 3222
32 99 3223
64 98 3224
65 79 3225
71 72 3226
14 20 3227
41 70 3228
76 101 3229
71 86 3230
43 88 3231
57 83 3232
26 76 3233
17 84 3234
72 99 3235
40 97 3236
13 87 3237
53 89 3238
88 100 3239
18 84 3240
5 90 3241
24 98 3242
41 88 3243
69 97 3244
29 68 3245
55 99 3246
23 88 3247
30 76 3248
17 33 3249
65 71 3250
62 100 3251
47 60 3252
17 26 3253
41 92 3254
39 62 3255
7 38 3256
61 84 3257
10 12 3258
55 100 3259
40 74 3260
1 101 3261
9 10 3262
27 47 3263
89 93 3264
10 38 3265
11 91 3266
12 16 3267
31 84 3268
6 33 3269
27 88 3270
48 72 3271
38 59 3272
20 80 3273
92 98 3274
20 91 3275
39 78 3276
45 58 3277
22 68 3278
7 52 3279
42 57 3280
7 30 3281
44 57 3282
58 94 3283
67 98 3284
1 35 3285
71 95 3286
7 55 3287
49 75 3288
64 81 3289
3 20 3290
73 100 3291
58 71 3292
42 72 3293
42 82 3294
61 96 3295
96 97 3296
16 19 3297
20 22 3298
27 85 3299
40 55 3300
58 74 3301
65 94 3302
5 98 3303
3 65 3304
5 91 3305
27 78 3306
40 88 3307
16 55 3308
68 97 3309
13 91 3310
26 48 3311
78 89 3312
10 55 3313
78 99 3314
2 34 3315
80 91 3316
18 19 3317
6 70 3318
69 89 3319
18 22 3320
13 26 3321
19 91 3322
22 74 3323
4 96 3324
48 59 3325
38 47 3326
83 99 3327
17 24 3328
1 82 3329
38 48 3330
64 94 3331
3 27 3332
41 60 3333
7 49 3334
39 73 3335
67 100 3336
13 16 3337
13 84 3338
40 85 3339
23 76 3340
8 93 3341
7 31 3342
61 97 3343
19 52 3344
22 39 3345
14 61 3346
22 45 3347
69 100 3348
10 58 3349
17 91 3350
8 25 3351
42 88 3352
48 51 3353
2 90 3354
18 91 3355
5 33 3356
12 85 3357
83 100 3358
38 98 3359
15 87 3360
29 83 3361
51 74 3362
48 96 3363
45 48 3364
7 65 3365
44 62 3366
16 32 3367
29 59 3368
1 69 3369
42 95 3370
1 98 3371
40 61 3372
43 61 3373
77 98 3374
32 61 3375
55 80 3376
60 94 3377
53 80 3378
6 99 3379
27 71 3380
53 94 3381
10 23 3382
29 70 3383
46 83 3384
80 95 3385
41 82 3386
74 82 3387
4 82 3388
48 52 3389
69 74 3390
40 57 3391
6 86 3392
1 73 3393
7 16 3394
60 80 3395
76 100 3396
89 90 3397
8 16 3398
22 90 3399
64 99 3400
38 62 3401
2 78 3402
35 92 3403
37 47 3404
17 83 3405
4 25 3406
7 28 3407
22 37 3408
1 95 3409
10 20 3410
84 89 3411
66 81 3412
80 96 3413
3 50 3414
25 33 3415
47 59 3416
24 91 3417
8 83 3418
12 47 3419
44 64 3420
48 58 3421
44 61 3422
11 85 3423
14 33 3424
13 22 3425
3 64 3426
63 80 3427
51 99 3428
86 97 3429
7 26 3430
66 98 3431
40 95 3432
47 68 3433
40 99 3434
6 77 3435
48 50 3436
8 33 3437
79 84 3438
11 96 3439
36 43 3440
57 100 3441
30 47 3442
53 98 3443
77 100 3444
22 34 3445
10 41 3446
78 97 3447
9 21 3448
14 98 3449
37 83 3450
3 66 3451
29 44 3452
8 48 3453
61 83 3454
62 71 3455
26 94 3456
83 101 3457
17 78 3458
24 52 3459
2 95 3460
23 78 3461
43 83 3462
20 64 3463
49 98 3464
20 73 3465
66 100 3466
8 70 3467
16 53 3468
62 79 3469
72 81 3470
2 76 3471
6 75 3472
32 92 3473
20 26 3474
41 85 3475
5 82 3476
24 47 3477
26 88 3478
92 101 3479
23 55 3480
20 42 3481
35 83 3482
7 66 3483
42 100 3484
16 49 3485
9 70 3486
45 61 3487
74 84 3488
31 47 3489
57 89 3490
31 61 3491
36 61 3492
16 42 3493
42 62 3494
43 84 3495
22 98 3496
92 100 3497
59 79 3498
40 78 3499
62 98 3500
10 50 3501
40 98 3502
2 32 3503
19 93 3504
3 43 3505
29 60 3506
16 30 3507
18 21 3508
47 54 3509
57 71 3510
46 68 3511
22 96 3512
34 82 3513
13 33 3514
48 63 3515
27 33 3516
62 74 3517
62 94 3518
72 97 3519
88 102 3520
20 98 3521
29 45 3522
53 83 3523
78 81 3524
92 99 3525
10 53 3526
20 37 3527
22 101 3528
41 59 3529
71 90 3530
43 94 3531
20 63 3532
64 80 3533
4 75 3534
73 98 3535
42 73 3536
77 99 3537
2 87 3538
40 65 3539
26 92 3540
29 69 3541
48 95 3542
27 82 3543
14 22 3544
39 61 3545
19 22 3546
53 97 3547
22 99 3548
23 83 3549
54 71 3550
41 66 3551
63 89 3552
3 61 3553
57 79 3554
45 98 3555
59 89 3556
70 99 3557
76 80 3558
42 84 3559
54 83 3560
10 60 3561
44 94 3562
66 99 3563
8 46 3564
9 87 3565
9 88 3566
16 41 3567
19 61 3568
20 66 3569
20 50 3570
20 76 3571
2 69 3572
32 48 3573
16 21 3574
20 83 3575
2 72 3576
17 22 3577
14 81 3578
42 48 3579
47 63 3580
19 33 3581
28 76 3582
35 94 3583
22 49 3584
6 21 3585
14 27 3586
17 81 3587
52 75 3588
47 78 3589
11 47 3590
12 33 3591
15 75 3592
55 89 3593
34 54 3594
62 80 3595
1 93 3596
7 27 3597
6 85 3598
60 89 3599
20 58 3600
51 75 3601
9 84 3602
48 88 3603
41 47 3604
80 82 3605
6 98 3606
18 33 3607
20 67 3608
7 61 3609
62 99 3610
10 49 3611
52 61 3612
39 84 3613
57 94 3614
22 95 3615
42 47 3616
41 48 3617
91 102 3618
1 78 3619
33 43 3620
35 46 3621
80 93 3622
7 62 3623
37 46 3624
77 101 3625
26 75 3626
42 96 3627
33 34 3628
12 93 3629
23 48 3630
14 16 3631
20 24 3632
38 83 3633
67 99 3634
62 81 3635
35 84 3636
3 24 3637
22 87 3638
52 98 3639
9 46 3640
24 33 3641
70 97 3642
25 44 3643
49 83 3644
6 25 3645
15 40 3646
2 96 3647
28 88 3648
28 94 3649
48 101 3650
91 99 3651
2 77 3652
22 35 3653
31 33 3654
32 88 3655
26 82 3656
39 46 3657
19 54 3658
54 74 3659
15 84 3660
81 82 3661
24 40 3662
44 63 3663
24 48 3664
12 75 3665
52 83 3666
47 52 3667
3 26 3668
20 55 3669
16 34 3670
13 75 3671
7 34 3672
10 24 3673
20 65 3674
54 80 3675
20 95 3676
10 39 3677
28 40 3678
42 67 3679
10 62 3680
11 75 3681
4 92 3682
20 84 3683
25 60 3684
37 94 3685
52 74 3686
52 89 3687
9 25 3688
50 99 3689
30 61 3690
60 83 3691
5 84 3692
2 99 3693
7 41 3694
41 67 3695
4 21 3696
5 25 3697
44 82 3698
8 75 3699
29 36 3700
2 35 3701
16 23 3702
2 28 3703
55 98 3704
5 94 3705
23 71 3706
48 86 3707
10 51 3708
18 88 3709
22 82 3710
48 62 3711
8 47 3712
16 17 3713
44 83 3714
22 32 3715
10 57 3716
32 71 3717
42 99 3718
15 33 3719
88 99 3720
94 99 3721
94 100 3722
2 86 3723
28 82 3724
20 69 3725
73 99 3726
41 98 3727
3 42 3728
13 88 3729
5 46 3730
19 48 3731
55 81 3732
42 63 3733
7 63 3734
15 93 3735
16 37 3736
34 75 3737
23 84 3738
41 46 3739
54 81 3740
48 64 3741
12 91 3742
51 83 3743
53 79 3744
10 63 3745
22 77 3746
3 44 3747
11 48 3748
1 99 3749
61 94 3750
50 74 3751
1 25 3752
41 61 3753
17 97 3754
20 51 3755
36 87 3756
41 73 3757
4 83 3758
10 54 3759
22 53 3760
46 60 3761
32 94 3762
33 49 3763
38 46 3764
54 89 3765
94 101 3766
16 52 3767
17 88 3768
32 89 3769
76 102 3770
35 75 3771
7 32 3772
35 47 3773
22 27 3774
13 95 3775
51 89 3776
29 66 3777
14 88 3778
18 61 3779
52 97 3780
2 85 3781
33 35 3782
27 83 3783
29 39 3784
57 81 3785
7 33 3786
22 52 3787
16 51 3788
29 64 3789
35 71 3790
48 87 3791
16 54 3792
27 46 3793
29 31 3794
62 89 3795
4 29 3796
1 33 3797
26 47 3798
52 79 3799
1 86 3800
49 74 3801
34 84 3802
34 89 3803
47 57 3804
22 88 3805
22 100 3806
5 92 3807
37 61 3808
15 81 3809
20 72 3810
58 81 3811
37 79 3812
15 90 3813
1 70 3814
36 44 3815
35 61 3816
29 42 3817
24 71 3818
77 97 3819
75 98 3820
1 37 3821
29 57 3822
6 87 3823
21 23 3824
2 48 3825
8 21 3826
58 80 3827
12 83 3828
13 71 3829
16 50 3830
27 94 3831
41 57 3832
45 47 3833
94 98 3834
33 44 3835
31 94 3836
7 64 3837
11 21 3838
48 82 3839
23 33 3840
59 101 3841
65 97 3842
36 69 3843
28 33 3844
19 97 3845
20 71 3846
34 71 3847
47 64 3848
57 97 3849
1 48 3850
25 43 3851
1 47 3852
15 20 3853
29 72 3854
47 86 3855
25 61 3856
29 65 3857
20 28 3858
46 77 3859
9 75 3860
43 79 3861
19 83 3862
57 80 3863
3 30 3864
29 30 3865
50 89 3866
3 45 3867
5 71 3868
12 71 3869
12 46 3870
30 84 3871
58 83 3872
47 96 3873
2 98 3874
5 21 3875
35 97 3876
14 48 3877
24 76 3878
45 94 3879
23 94 3880
7 24 3881
7 25 3882
36 41 3883
2 75 3884
32 47 3885
46 69 3886
12 84 3887
31 83 3888
44 46 3889
53 71 3890
42 83 3891
46 72 3892
15 21 3893
29 55 3894
25 96 3895
4 98 3896
46 55 3897
16 22 3898
29 80 3899
18 94 3900
37 71 3901
14 75 3902
48 49 3903
26 71 3904
47 87 3905
50 80 3906
54 97 3907
16 28 3908
20 90 3909
49 79 3910
23 46 3911
22 33 3912
47 95 3913
50 98 3914
58 89 3915
4 94 3916
31 89 3917
94 102 3918
37 89 3919
7 48 3920
25 86 3921
25 101 3922
25 42 3923
33 39 3924
11 84 3925
13 97 3926
44 84 3927
31 71 3928
5 74 3929
39 97 3930
41 94 3931
30 46 3932
45 75 3933
3 31 3934
9 81 3935
59 100 3936
28 92 3937
65 98 3938
10 59 3939
18 20 3940
16 31 3941
20 62 3942
22 51 3943
58 99 3944
27 97 3945
1 76 3946
25 48 3947
28 71 3948
7 67 3949
29 35 3950
48 100 3951
27 92 3952
29 32 3953
22 55 3954
29 63 3955
23 47 3956
41 83 3957
48 99 3958
34 97 3959
24 88 3960
20 74 3961
35 89 3962
41 76 3963
16 18 3964
20 97 3965
46 65 3966
50 83 3967
24 94 3968
7 37 3969
9 94 3970
36 39 3971
25 67 3972
42 94 3973
2 25 3974
50 71 3975
39 79 3976
1 21 3977
46 90 3978
19 40 3979
10 34 3980
21 22 3981
8 92 3982
8 74 3983
32 33 3984
80 98 3985
32 46 3986
1 77 3987
4 88 3988
45 46 3989
51 97 3990
43 89 3991
28 75 3992
21 39 3993
34 61 3994
38 79 3995
20 36 3996
13 81 3997
36 86 3998
12 21 3999
32 75 4000
7 35 4001
3 101 4002
15 71 4003
4 71 4004
29 100 4005
46 66 4006
20 49 4007
10 45 4008
52 80 4009
34 47 4010
7 68 4011
31 46 4012
14 21 4013
26 29 4014
51 79 4015
9 79 4016
19 76 4017
53 81 4018
3 39 4019
9 36 4020
22 93 4021
37 84 4022
61 101 4023
13 48 4024
66 97 4025
39 89 4026
7 100 4027
14 92 4028
55 71 4029
13 79 4030
49 89 4031
6 82 4032
5 29 4033
61 100 4034
34 83 4035
14 80 4036
15 48 4037
27 29 4038
20 57 4039
24 92 4040
35 79 4041
26 83 4042
1 85 4043
2 93 4044
36 42 4045
18 81 4046
44 89 4047
2 82 4048
10 31 4049
29 52 4050
38 94 4051
10 30 4052
29 51 4053
3 68 4054
26 46 4055
22 54 4056
2 40 4057
9 71 4058
25 41 4059
63 97 4060
1 29 4061
1 87 4062
25 38 4063
36 101 4064
16 58 4065
24 97 4066
14 79 4067
22 78 4068
11 46 4069
46 93 4070
18 71 4071
20 77 4072
25 63 4073
26 97 4074
33 55 4075
10 35 4076
79 98 4077
64 97 4078
55 97 4079
16 100 4080
33 50 4081
25 68 4082
47 101 4083
30 83 4084
23 92 4085
49 97 4086
2 47 4087
11 36 4088
21 44 4089
51 71 4090
33 53 4091
47 50 4092
61 99 4093
28 46 4094
46 101 4095
52 81 4096
7 101 4097
25 64 4098
44 79 4099
12 88 4100
18 75 4101
21 43 4102
83 102 4103
97 100 4104
4 74 4105
7 40 4106
10 40 4107
39 81 4108
81 98 4109
20 61 4110
43 75 4111
67 102 4112
17 21 4113
11 71 4114
45 85 4115
24 84 4116
48 85 4117
42 61 4118
29 58 4119
29 101 4120
27 75 4121
20 93 4122
38 97 4123
9 80 4124
29 41 4125
14 71 4126
42 89 4127
3 67 4128
29 50 4129
29 96 4130
19 20 4131
19 84 4132
3 38 4133
16 57 4134
21 56 4135
24 75 4136
36 66 4137
19 47 4138
25 62 4139
38 71 4140
11 83 4141
16 99 4142
32 83 4143
59 97 4144
7 93 4145
28 29 4146
76 99 4147
4 46 4148
6 46 4149
16 101 4150
7 99 4151
3 28 4152
31 75 4153
34 79 4154
8 88 4155
30 97 4156
26 89 4157
30 89 4158
30 71 4159
33 99 4160
49 71 4161
33 87 4162
12 36 4163
46 95 4164
58 97 4165
36 65 4166
6 92 4167
14 97 4168
2 91 4169
42 98 4170
48 84 4171
25 58 4172
29 34 4173
29 53 4174
45 89 4175
29 87 4176
7 47 4177
10 37 4178
17 74 4179
25 100 4180
25 97 4181
8 36 4182
13 47 4183
36 90 4184
37 75 4185
9 92 4186
31 79 4187
36 68 4188
30 75 4189
47 99 4190
20 27 4191
5 83 4192
18 74 4193
49 80 4194
24 46 4195
16 27 4196
18 92 4197
6 91 4198
59 99 4199
41 89 4200
1 40 4201
16 40 4202
47 51 4203
3 41 4204
19 71 4205
21 24 4206
17 75 4207
11 94 4208
38 81 4209
1 75 4210
16 60 4211
23 97 4212
12 81 4213
29 62 4214
79 101 4215
38 89 4216
21 38 4217
31 97 4218
25 30 4219
19 88 4220
47 100 4221
36 72 4222
29 99 4223
21 31 4224
38 61 4225
15 88 4226
25 49 4227
9 74 4228
25 59 4229
15 94 4230
89 99 4231
28 83 4232
23 36 4233
38 75 4234
52 71 4235
33 90 4236
22 50 4237
47 49 4238
11 25 4239
37 81 4240
43 71 4241
17 48 4242
23 29 4243
25 66 4244
25 99 4245
42 46 4246
3 100 4247
46 64 4248
46 78 4249
25 98 4250
47 82 4251
36 67 4252
15 74 4253
36 95 4254
12 97 4255
20 46 4256
16 26 4257
19 21 4258
36 99 4259
18 97 4260
97 101 4261
25 65 4262
33 41 4263
23 75 4264
79 99 4265
13 94 4266
6 94 4267
10 64 4268
36 93 4269
6 29 4270
24 83 4271
21 37 4272
89 98 4273
29 95 4274
36 100 4275
19 75 4276
60 97 4277
33 51 4278
5 88 4279
12 25 4280
16 59 4281
27 36 4282
34 74 4283
51 80 4284
75 102 4285
40 102 4286
8 81 4287
29 98 4288
10 26 4289
29 38 4290
15 80 4291
25 95 4292
11 88 4293
21 35 4294
13 92 4295
43 97 4296
31 74 4297
17 92 4298
25 88 4299
25 47 4300
36 96 4301
14 94 4302
36 45 4303
45 71 4304
11 81 4305
11 92 4306
14 74 4307
29 54 4308
39 75 4309
30 74 4310
40 84 4311
15 97 4312
25 94 4313
33 37 4314
25 40 4315
28 74 4316
59 98 4317
25 55 4318
43 81 4319
8 97 4320
16 63 4321
29 77 4322
25 87 4323
10 32 4324
10 99 4325
16 20 4326
97 98 4327
34 46 4328
19 94 4329
29 86 4330
25 39 4331
8 29 4332
70 100 4333
11 97 4334
25 45 4335
33 45 4336
36 40 4337
16 96 4338
17 80 4339
10 98 4340
17 94 4341
12 94 4342
29 37 4343
18 48 4344
89 100 4345
7 73 4346
36 91 4347
22 36 4348
25 50 4349
20 52 4350
25 90 4351
75 101 4352
16 24 4353
21 42 4354
50 81 4355
10 96 4356
14 47 4357
20 53 4358
21 26 4359
33 38 4360
17 47 4361
10 93 4362
26 79 4363
10 27 4364
18 47 4365
13 80 4366
32 97 4367
1 94 4368
25 31 4369
80 101 4370
22 25 4371
46 62 4372
2 33 4373
22 28 4374
25 72 4375
43 74 4376
46 63 4377
17 79 4378
33 95 4379
25 53 4380
37 97 4381
44 74 4382
33 86 4383
39 71 4384
47 85 4385
16 82 4386
49 81 4387
10 100 4388
18 29 4389
46 87 4390
50 97 4391
21 34 4392
46 100 4393
29 90 4394
36 49 4395
13 25 4396
18 80 4397
17 71 4398
16 81 4399
12 80 4400
29 93 4401
97 99 4402
10 101 4403
3 99 4404
28 89 4405
30 79 4406
13 74 4407
15 47 4408
26 74 4409
21 27 4410
33 52 4411
1 91 4412
29 88 4413
1 46 4414
33 100 4415
44 75 4416
33 57 4417
45 79 4418
10 28 4419
33 101 4420
25 92 4421
45 83 4422
8 94 4423
28 97 4424
62 97 4425
44 71 4426
6 74 4427
24 74 4428
33 56 4429
18 36 4430
46 58 4431
32 74 4432
36 64 4433
7 76 4434
25 52 4435
11 74 4436
38 74 4437
36 83 4438
12 74 4439
3 32 4440
37 74 4441
15 25 4442
42 79 4443
7 98 4444
9 29 4445
9 97 4446
25 71 4447
48 98 4448
36 73 4449
2 37 4450
7 96 4451
36 78 4452
26 36 4453
2 92 4454
36 37 4455
23 25 4456
7 46 4457
33 42 4458
38 80 4459
36 62 4460
46 57 4461
8 79 4462
21 41 4463
37 80 4464
25 35 4465
21 32 4466
39 80 4467
47 98 4468
1 74 4469
41 79 4470
45 74 4471
4 81 4472
25 93 4473
18 89 4474
25 91 4475
19 29 4476
25 51 4477
41 84 4478
19 74 4479
33 93 4480
21 30 4481
3 40 4482
8 71 4483
16 86 4484
80 99 4485
27 74 4486
33 54 4487
46 96 4488
13 36 4489
25 57 4490
71 101 4491
2 29 4492
27 79 4493
46 86 4494
89 101 4495
16 98 4496
36 82 4497
45 97 4498
19 46 4499
35 81 4500
80 100 4501
8 102 4502
42 75 4503
3 47 4504
15 79 4505
16 36 4506
74 98 4507
10 65 4508
21 60 4509
36 77 4510
87 102 4511
6 83 4512
3 93 4513
7 94 4514
8 80 4515
32 84 4516
71 98 4517
25 70 4518
44 97 4519
16 85 4520
43 80 4521
51 81 4522
75 99 4523
19 92 4524
3 98 4525
15 92 4526
16 62 4527
1 71 4528
10 82 4529
11 79 4530
27 89 4531
7 92 4532
36 38 4533
46 54 4534
22 84 4535
10 95 4536
36 60 4537
42 85 4538
15 29 4539
18 79 4540
36 85 4541
42 71 4542
42 64 4543
20 48 4544
28 102 4545
33 91 4546
24 102 4547
43 102 4548
29 78 4549
81 101 4550
6 71 4551
35 74 4552
79 100 4553
25 37 4554
33 96 4555
40 80 4556
81 100 4557
32 79 4558
26 84 4559
35 80 4560
36 63 4561
6 81 4562
7 75 4563
81 99 4564
23 89 4565
39 74 4566
26 81 4567
101 102 4568
16 48 4569
24 89 4570
33 58 4571
3 83 4572
33 85 4573
74 101 4574
2 56 4575
3 91 4576
24 29 4577
30 36 4578
36 98 4579
12 29 4580
7 90 4581
31 81 4582
7 72 4583
3 82 4584
4 79 4585
96 102 4586
5 81 4587
19 81 4588
36 53 4589
85 102 4590
29 82 4591
36 76 4592
2 74 4593
46 82 4594
56 90 4595
1 92 4596
17 102 4597
41 71 4598
71 99 4599
1 102 4600
32 102 4601
3 34 4602
4 36 4603
14 46 4604
10 90 4605
46 53 4606
23 102 4607
46 99 4608
7 91 4609
14 36 4610
16 72 4611
13 102 4612
47 84 4613
12 79 4614
28 79 4615
53 102 4616
23 79 4617
38 102 4618
19 80 4619
16 78 4620
37 102 4621
11 80 4622
14 25 4623
14 89 4624
36 75 4625
12 92 4626
4 56 4627
5 79 4628
25 69 4629
44 102 4630
46 98 4631
75 100 4632
2 46 4633
21 28 4634
30 102 4635
3 96 4636
3 69 4637
17 36 4638
41 97 4639
30 81 4640
42 81 4641
19 89 4642
25 34 4643
13 46 4644
54 102 4645
15 46 4646
33 48 4647
93 102 4648
6 88 4649
7 83 4650
84 102 4651
20 89 4652
10 86 4653
16 95 4654
16 46 4655
2 88 4656
3 95 4657
57 102 4658
36 52 4659
49 102 4660
33 40 4661
1 88 4662
16 29 4663
16 80 4664
31 102 4665
34 81 4666
17 29 4667
10 47 4668
86 102 4669
3 37 4670
3 35 4671
20 47 4672
20 75 4673
3 73 4674
3 72 4675
33 66 4676
33 67 4677
25 85 4678
19 36 4679
3 90 4680
100 102 4681
3 85 4682
65 102 4683
11 102 4684
25 46 4685
28 84 4686
2 83 4687
7 86 4688
11 29 4689
25 83 4690
16 61 4691
24 36 4692
46 52 4693
5 102 4694
35 102 4695
46 85 4696
25 82 4697
3 94 4698
17 89 4699
25 54 4700
16 25 4701
1 97 4702
5 97 4703
16 90 4704
45 102 4705
95 102 4706
5 80 4707
41 81 4708
52 102 4709
34 102 4710
44 81 4711
2 94 4712
16 77 4713
20 79 4714
60 102 4715
16 64 4716
21 100 4717
23 81 4718
2 71 4719
6 84 4720
19 25 4721
15 36 4722
72 102 4723
2 102 4724
45 84 4725
3 84 4726
13 89 4727
7 82 4728
25 73 4729
39 102 4730
7 95 4731
4 89 4732
6 102 4733
51 102 4734
20 25 4735
33 98 4736
2 84 4737
24 81 4738
64 102 4739
33 69 4740
46 49 4741
24 25 4742
10 77 4743
42 74 4744
3 86 4745
32 36 4746
82 102 4747
68 102 4748
99 102 4749
7 36 4750
42 80 4751
16 87 4752
10 66 4753
71 100 4754
55 102 4755
15 89 4756
25 78 4757
3 77 4758
20 29 4759
8 89 4760
16 91 4761
31 36 4762
36 58 4763
9 89 4764
62 102 4765
33 68 4766
16 84 4767
21 62 4768
74 99 4769
4 80 4770
16 71 4771
7 97 4772
20 21 4773
41 75 4774
36 51 4775
21 99 4776
25 32 4777
52 56 4778
19 102 4779
20 78 4780
16 73 4781
18 25 4782
10 78 4783
15 102 4784
36 55 4785
63 102 4786
21 40 4787
23 74 4788
27 81 4789
6 97 4790
34 80 4791
5 56 4792
1 56 4793
58 102 4794
17 25 4795
56 93 4796
25 89 4797
21 64 4798
7 74 4799
44 80 4800
3 78 4801
9 102 4802
69 102 4803
23 80 4804
25 75 4805
46 84 4806
78 102 4807
24 79 4808
25 77 4809
18 46 4810
26 80 4811
66 102 4812
10 91 4813
19 79 4814
7 87 4815
10 72 4816
21 101 4817
28 36 4818
3 76 4819
10 46 4820
41 80 4821
29 33 4822
36 50 4823
38 56 4824
21 45 4825
29 85 4826
21 98 4827
33 60 4828
70 102 4829
5 36 4830
6 79 4831
31 80 4832
41 102 4833
35 36 4834
90 102 4835
16 76 4836
56 87 4837
61 98 4838
27 102 4839
1 84 4840
33 65 4841
17 20 4842
7 77 4843
3 92 4844
7 78 4845
30 80 4846
39 56 4847
46 51 4848
1 83 4849
4 102 4850
16 97 4851
26 102 4852
1 81 4853
12 102 4854
16 102 4855
10 68 4856
49 56 4857
3 97 4858
9 56 4859
56 84 4860
20 54 4861
18 102 4862
33 47 4863
33 63 4864
36 54 4865
56 95 4866
10 85 4867
16 88 4868
36 84 4869
7 88 4870
7 69 4871
21 63 4872
33 97 4873
43 56 4874
6 80 4875
10 97 4876
42 97 4877
10 87 4878
56 85 4879
10 69 4880
51 56 4881
10 36 4882
25 81 4883
7 102 4884
25 28 4885
56 101 4886
24 80 4887
7 84 4888
8 56 4889
21 96 4890
16 68 4891
56 82 4892
14 102 4893
32 81 4894
50 56 4895
56 100 4896
33 72 4897
10 83 4898
55 56 4899
28 81 4900
5 89 4901
25 27 4902
3 81 4903
56 78 4904
27 80 4905
1 36 4906
3 80 4907
10 73 4908
45 80 4909
10 67 4910
45 56 4911
10 84 4912
42 102 4913
11 89 4914
21 66 4915
56 69 4916
77 102 4917
21 58 4918
16 65 4919
29 84 4920
21 65 4921
10 94 4922
3 75 4923
33 64 4924
25 84 4925
56 70 4926
21 82 4927
42 56 4928
41 56 4929
14 29 4930
25 79 4931
98 102 4932
25 74 4933
20 102 4934
37 56 4935
21 72 4936
50 102 4937
31 56 4938
7 81 4939
44 56 4940
16 69 4941
16 92 4942
32 56 4943
10 76 4944
33 73 4945
56 86 4946
4 97 4947
11 56 4948
53 56 4949
33 84 4950
6 56 4951
35 56 4952
56 99 4953
2 81 4954
21 59 4955
25 29 4956
21 73 4957
74 100 4958
2 79 4959
3 79 4960
56 77 4961
59 102 4962
21 57 4963
33 78 4964
33 89 4965
3 70 4966
10 70 4967
56 96 4968
16 67 4969
21 95 4970
10 88 4971
21 68 4972
21 86 4973
21 77 4974
34 56 4975
56 72 4976
16 93 4977
25 76 4978
33 62 4979
33 77 4980
2 80 4981
32 80 4982
54 56 4983
56 68 4984
12 89 4985
21 90 4986
7 70 4987
16 89 4988
45 81 4989
6 89 4990
41 74 4991
3 87 4992
28 56 4993
25 26 4994
30 56 4995
21 54 4996
21 67 4997
33 83 4998
36 57 4999
46 50 5000
12 56 5001
17 46 5002
56 64 5003
3 88 5004
10 71 5005
34 36 5006
21 78 5007
7 85 5008
13 29 5009
7 79 5010
6 36 5011
21 87 5012
56 98 5013
21 76 5014
23 56 5015
10 75 5016
17 56 5017
21 49 5018
28 80 5019
16 66 5020
21 51 5021
21 70 5022
21 48 5023
33 76 5024
56 65 5025
21 29 5026
25 56 5027
21 53 5028
21 91 5029
21 93 5030
19 56 5031
56 92 5032
21 50 5033
16 70 5034
21 83 5035
56 88 5036
1 79 5037
27 56 5038
2 89 5039
7 80 5040
21 52 5041
15 56 5042
18 56 5043
21 75 5044
56 58 5045
1 89 5046
2 36 5047
33 75 5048
33 102 5049
56 63 5050
21 85 5051
21 84 5052
33 82 5053
56 62 5054
14 56 5055
1 80 5056
21 55 5057
56 57 5058
56 61 5059
24 56 5060
21 69 5061
56 60 5062
56 80 5063
21 74 5064
36 56 5065
20 56 5066
56 66 5067
10 74 5068
33 61 5069
33 79 5070
26 56 5071
13 56 5072
21 94 5073
10 89 5074
56 59 5075
