9 13 1
73 91 2
76 91 3
8 14 4
67 73 5
11 14 6
9 14 7
5 14 8
32 43 9
4 14 10
6 13 11
5 13 12
4 6 13
6 14 14
4 8 15
9 11 16
9 15 17
6 8 18
35 43 19
11 13 20
14 15 21
34 43 22
9 12 23
5 9 24
2 4 25
13 15 26
6 15 27
4 5 28
4 9 29
8 13 30
6 11 31
13 14 32
12 14 33
13 32 34
14 19 35
70 73 36
31 32 37
6 9 38
13 17 39
1 4 40
30 34 41
14 31 42
2 14 43
30 43 44
32 42 45
5 11 46
22 73 47
6 19 48
40 91 49
8 12 50
70 76 51
13 31 52
35 42 53
14 35 54
6 12 55
32 35 56
32 50 57
4 18 58
8 9 59
5 15 60
34 35 61
35 37 62
4 13 63
9 32 64
37 43 65
12 13 66
14 34 67
3 8 68
73 76 69
11 15 70
15 19 71
1 13 72
74 75 73
5 6 74
30 35 75
12 31 76
31 43 77
4 15 78
34 41 79
8 15 80
39 43 81
4 12 82
31 35 83
40 73 84
9 17 85
15 32 86
12 15 87
14 37 88
35 53 89
75 79 90
9 20 91
32 51 92
59 67 93
73 77 94
35 44 95
32 53 96
34 37 97
60 65 98
31 49 99
14 43 100
32 39 101
14 28 102
42 43 103
12 18 104
18 32 105
32 34 106
32 54 107
4 11 108
5 12 109
66 67 110
14 18 111
5 8 112
14 39 113
1 9 114
26 32 115
32 49 116
14 41 117
34 44 118
31 37 119
5 17 120
9 18 121
12 17 122
1 2 123
2 5 124
40 76 125
9 59 126
27 32 127
4 19 128
31 42 129
73 78 130
12 19 131
35 55 132
31 53 133
6 55 134
76 83 135
30 41 136
8 17 137
35 73 138
32 57 139
72 91 140
8 55 141
34 42 142
2 13 143
13 19 144
13 37 145
34 55 146
1 6 147
2 6 148
5 18 149
69 70 150
14 27 151
8 19 152
35 51 153
4 55 154
5 31 155
34 50 156
35 49 157
15 30 158
73 85 159
66 73 160
1 12 161
13 42 162
32 59 163
12 32 164
58 65 165
14 17 166
22 91 167
14 30 168
65 73 169
30 50 170
32 55 171
17 32 172
22 40 173
27 35 174
13 34 175
15 42 176
19 31 177
31 51 178
43 76 179
85 91 180
37 42 181
58 59 182
15 17 183
5 43 184
9 19 185
1 11 186
70 91 187
30 53 188
69 73 189
75 76 190
5 7 191
32 37 192
73 87 193
19 34 194
14 20 195
29 102 196
34 53 197
1 14 198
68 70 199
68 73 200
74 76 201
32 40 202
37 39 203
31 34 204
13 27 205
27 73 206
31 73 207
13 50 208
39 41 209
35 54 210
14 91 211
6 18 212
58 60 213
32 44 214
40 43 215
59 70 216
60 73 217
9 37 218
43 73 219
67 76 220
4 32 221
13 18 222
27 43 223
28 43 224
66 69 225
9 42 226
14 50 227
32 73 228
44 73 229
12 42 230
32 52 231
9 31 232
59 66 233
73 84 234
35 50 235
1 15 236
9 27 237
11 20 238
12 35 239
30 32 240
5 60 241
2 9 242
2 11 243
9 54 244
28 42 245
4 20 246
1 5 247
3 10 248
26 50 249
31 55 250
15 34 251
5 62 252
38 43 253
13 28 254
3 7 255
8 91 256
14 26 257
8 31 258
8 43 259
4 54 260
14 42 261
3 9 262
30 38 263
8 53 264
24 32 265
67 70 266
58 73 267
75 88 268
51 76 269
13 35 270
18 19 271
32 60 272
76 82 273
31 39 274
60 72 275
60 66 276
66 72 277
65 70 278
8 35 279
18 30 280
14 32 281
8 22 282
43 50 283
37 73 284
15 27 285
11 18 286
13 91 287
27 44 288
76 90 289
8 34 290
15 37 291
22 67 292
31 59 293
15 18 294
30 40 295
13 43 296
31 40 297
44 91 298
76 85 299
13 44 300
70 72 301
70 88 302
5 19 303
31 45 304
26 43 305
8 52 306
6 59 307
9 50 308
50 73 309
58 76 310
73 79 311
9 39 312
8 11 313
13 30 314
4 59 315
73 74 316
8 59 317
30 51 318
3 12 319
73 75 320
76 77 321
9 40 322
42 44 323
70 74 324
14 51 325
26 35 326
60 67 327
68 76 328
26 41 329
74 79 330
41 43 331
8 50 332
13 40 333
29 35 334
72 76 335
4 31 336
9 91 337
67 91 338
13 24 339
5 59 340
14 55 341
65 67 342
73 83 343
37 91 344
13 58 345
58 67 346
13 23 347
9 55 348
8 23 349
15 44 350
28 32 351
11 19 352
4 42 353
30 55 354
76 78 355
6 27 356
43 67 357
9 44 358
59 76 359
66 70 360
31 76 361
32 76 362
9 58 363
5 24 364
6 53 365
35 38 366
8 18 367
73 88 368
2 8 369
24 43 370
31 38 371
26 34 372
11 12 373
36 42 374
72 78 375
8 20 376
37 44 377
72 73 378
76 87 379
13 59 380
34 40 381
9 35 382
67 69 383
3 21 384
35 41 385
45 73 386
15 26 387
67 72 388
3 6 389
9 26 390
31 58 391
6 43 392
68 72 393
28 30 394
65 69 395
66 77 396
5 20 397
57 67 398
4 52 399
12 24 400
36 47 401
5 26 402
35 76 403
14 40 404
70 78 405
3 4 406
47 73 407
41 73 408
43 91 409
29 40 410
40 41 411
27 53 412
20 88 413
5 54 414
11 17 415
27 37 416
34 52 417
37 53 418
43 55 419
43 85 420
9 43 421
9 23 422
5 42 423
4 51 424
35 58 425
12 34 426
63 66 427
76 88 428
34 49 429
40 44 430
14 52 431
60 76 432
35 52 433
42 73 434
62 65 435
13 52 436
6 30 437
15 31 438
43 78 439
59 65 440
59 60 441
43 51 442
4 23 443
1 8 444
8 54 445
30 52 446
15 35 447
12 53 448
14 24 449
73 86 450
34 76 451
37 40 452
79 88 453
6 31 454
6 54 455
18 37 456
69 78 457
26 39 458
32 78 459
43 101 460
2 15 461
15 39 462
6 32 463
9 30 464
13 41 465
9 66 466
27 39 467
59 73 468
71 74 469
9 51 470
65 66 471
13 20 472
23 91 473
69 76 474
12 27 475
37 76 476
5 28 477
11 31 478
8 57 479
14 58 480
34 51 481
63 67 482
5 50 483
6 57 484
67 74 485
18 43 486
64 73 487
74 88 488
6 60 489
43 74 490
70 87 491
62 73 492
76 79 493
5 41 494
11 41 495
8 67 496
4 53 497
5 37 498
14 49 499
46 74 500
5 23 501
29 32 502
6 42 503
15 43 504
11 27 505
34 73 506
91 101 507
1 18 508
32 58 509
14 73 510
26 42 511
32 70 512
9 52 513
34 38 514
8 58 515
4 17 516
37 45 517
37 52 518
20 32 519
35 39 520
35 45 521
37 41 522
70 77 523
2 12 524
26 37 525
34 39 526
42 76 527
19 37 528
43 77 529
83 88 530
11 37 531
13 26 532
30 37 533
35 59 534
30 59 535
4 37 536
8 65 537
30 58 538
40 79 539
17 31 540
28 31 541
43 72 542
37 85 543
73 101 544
8 30 545
64 67 546
47 79 547
37 50 548
60 91 549
30 45 550
4 7 551
32 67 552
11 34 553
38 73 554
41 42 555
15 91 556
40 42 557
4 24 558
66 76 559
39 44 560
39 40 561
6 67 562
19 35 563
14 59 564
72 87 565
85 87 566
6 20 567
9 16 568
47 94 569
4 43 570
28 50 571
26 40 572
42 59 573
60 69 574
30 39 575
31 52 576
38 41 577
59 72 578
32 74 579
8 60 580
41 44 581
49 73 582
17 18 583
35 36 584
63 65 585
75 77 586
6 26 587
5 53 588
12 50 589
26 31 590
60 68 591
74 90 592
12 55 593
11 32 594
12 43 595
5 35 596
48 74 597
9 60 598
13 39 599
5 52 600
35 77 601
11 43 602
37 59 603
77 85 604
9 41 605
6 37 606
32 41 607
13 54 608
34 65 609
8 27 610
35 78 611
31 41 612
64 77 613
72 77 614
9 67 615
51 73 616
26 55 617
40 83 618
64 70 619
6 28 620
28 55 621
14 67 622
77 78 623
3 13 624
6 62 625
9 24 626
66 91 627
6 52 628
77 91 629
1 17 630
8 51 631
32 77 632
36 37 633
27 45 634
12 41 635
31 66 636
30 31 637
13 22 638
28 39 639
40 75 640
43 53 641
79 81 642
5 55 643
57 73 644
74 91 645
6 70 646
9 22 647
30 60 648
50 76 649
43 87 650
13 73 651
18 39 652
29 31 653
67 77 654
29 43 655
8 32 656
14 66 657
35 57 658
30 54 659
37 55 660
26 54 661
35 40 662
67 78 663
78 85 664
18 28 665
35 60 666
40 90 667
57 72 668
3 51 669
47 75 670
14 54 671
40 70 672
65 91 673
4 50 674
31 57 675
13 65 676
65 72 677
70 86 678
15 28 679
14 53 680
15 24 681
18 26 682
26 53 683
28 41 684
3 52 685
5 32 686
10 14 687
12 28 688
12 52 689
20 35 690
37 87 691
75 85 692
35 72 693
6 44 694
31 44 695
57 65 696
31 54 697
59 64 698
59 90 699
15 20 700
27 40 701
38 39 702
72 75 703
73 90 704
82 88 705
64 72 706
15 55 707
43 99 708
3 19 709
32 38 710
3 5 711
43 59 712
64 91 713
8 44 714
76 86 715
34 57 716
75 78 717
4 28 718
8 73 719
67 95 720
11 59 721
37 51 722
19 27 723
28 59 724
57 59 725
78 79 726
69 72 727
68 78 728
61 65 729
8 39 730
59 77 731
40 85 732
78 91 733
9 53 734
34 58 735
58 69 736
59 69 737
68 77 738
62 66 739
27 49 740
9 34 741
47 74 742
26 73 743
27 55 744
4 41 745
75 83 746
28 44 747
59 68 748
5 57 749
43 44 750
86 87 751
36 46 752
62 76 753
63 76 754
8 66 755
14 38 756
74 83 757
76 93 758
20 34 759
60 63 760
5 40 761
59 63 762
65 68 763
14 23 764
72 86 765
83 91 766
43 90 767
34 60 768
70 85 769
4 34 770
68 69 771
6 58 772
69 75 773
6 91 774
8 16 775
76 96 776
2 101 777
27 57 778
40 67 779
55 88 780
65 78 781
27 50 782
14 36 783
19 44 784
37 101 785
75 90 786
6 50 787
12 26 788
12 54 789
31 60 790
60 62 791
42 53 792
5 27 793
3 17 794
69 87 795
4 27 796
19 30 797
40 87 798
8 24 799
18 41 800
9 45 801
26 51 802
39 73 803
8 42 804
15 38 805
40 55 806
9 49 807
14 44 808
30 67 809
12 49 810
12 37 811
2 32 812
5 44 813
70 92 814
14 99 815
18 31 816
13 76 817
57 70 818
58 70 819
60 70 820
6 63 821
15 54 822
58 72 823
11 42 824
46 79 825
11 22 826
84 87 827
15 53 828
40 72 829
79 92 830
19 53 831
30 65 832
31 72 833
3 33 834
78 88 835
6 51 836
27 34 837
34 69 838
27 31 839
6 22 840
35 74 841
45 72 842
37 74 843
6 35 844
12 20 845
13 55 846
39 52 847
40 86 848
44 78 849
63 73 850
75 94 851
23 60 852
41 74 853
54 91 854
13 51 855
26 59 856
44 50 857
3 16 858
11 55 859
77 79 860
20 41 861
27 58 862
27 91 863
39 45 864
11 26 865
4 57 866
41 50 867
19 42 868
43 54 869
12 30 870
30 44 871
11 35 872
43 45 873
49 76 874
8 26 875
82 91 876
38 42 877
67 83 878
4 22 879
13 38 880
6 23 881
64 76 882
70 83 883
6 41 884
42 75 885
73 82 886
36 74 887
64 74 888
6 17 889
34 54 890
23 73 891
28 34 892
62 67 893
27 28 894
75 89 895
8 38 896
42 70 897
31 70 898
63 69 899
5 51 900
14 57 901
42 72 902
74 87 903
43 79 904
17 34 905
37 77 906
69 90 907
41 85 908
60 78 909
11 30 910
91 99 911
11 40 912
4 49 913
73 92 914
58 68 915
3 22 916
20 43 917
9 63 918
30 73 919
32 45 920
26 49 921
27 51 922
27 52 923
5 66 924
14 22 925
57 91 926
62 70 927
6 65 928
31 91 929
71 73 930
34 72 931
43 88 932
70 90 933
46 73 934
68 88 935
11 58 936
71 94 937
31 50 938
71 79 939
40 88 940
73 93 941
12 59 942
35 70 943
70 75 944
8 41 945
38 45 946
42 55 947
45 76 948
5 76 949
6 34 950
15 50 951
17 27 952
58 63 953
88 91 954
11 50 955
39 42 956
40 59 957
78 82 958
32 69 959
53 65 960
11 38 961
18 34 962
19 38 963
13 60 964
60 101 965
76 95 966
13 99 967
71 88 968
39 50 969
85 88 970
4 30 971
18 51 972
40 47 973
42 45 974
44 76 975
78 80 976
50 70 977
47 71 978
43 60 979
27 38 980
38 44 981
8 99 982
34 59 983
10 15 984
22 47 985
19 41 986
11 52 987
15 41 988
72 85 989
71 89 990
3 25 991
36 79 992
38 40 993
17 23 994
37 79 995
34 66 996
72 90 997
17 35 998
72 88 999
30 57 1000
3 49 1001
9 28 1002
60 74 1003
18 59 1004
24 54 1005
40 54 1006
18 42 1007
73 89 1008
55 73 1009
5 58 1010
24 42 1011
27 42 1012
18 35 1013
18 38 1014
87 91 1015
26 44 1016
19 73 1017
24 50 1018
8 33 1019
24 53 1020
70 95 1021
50 91 1022
53 76 1023
8 61 1024
57 76 1025
4 73 1026
24 35 1027
26 91 1028
31 74 1029
18 55 1030
28 52 1031
79 85 1032
53 55 1033
58 87 1034
24 59 1035
11 54 1036
5 73 1037
6 24 1038
26 57 1039
47 88 1040
48 73 1041
66 96 1042
79 89 1043
5 67 1044
79 91 1045
49 90 1046
55 76 1047
65 79 1048
37 49 1049
23 43 1050
27 59 1051
17 26 1052
42 52 1053
41 78 1054
41 90 1055
31 68 1056
65 77 1057
13 53 1058
27 30 1059
53 73 1060
43 52 1061
91 96 1062
18 44 1063
76 97 1064
13 66 1065
40 77 1066
41 72 1067
62 78 1068
41 77 1069
78 90 1070
20 73 1071
49 78 1072
6 73 1073
24 34 1074
36 39 1075
23 31 1076
38 53 1077
55 91 1078
67 87 1079
5 45 1080
65 88 1081
39 76 1082
22 79 1083
18 52 1084
37 38 1085
24 51 1086
37 54 1087
48 79 1088
19 50 1089
45 78 1090
58 62 1091
8 49 1092
34 101 1093
55 63 1094
47 76 1095
67 82 1096
6 61 1097
36 53 1098
74 94 1099
82 83 1100
66 68 1101
43 68 1102
61 76 1103
67 68 1104
57 58 1105
9 57 1106
13 49 1107
68 75 1108
68 91 1109
34 36 1110
4 64 1111
26 27 1112
27 70 1113
37 70 1114
12 44 1115
12 51 1116
11 51 1117
18 27 1118
36 77 1119
36 41 1120
91 95 1121
5 34 1122
24 65 1123
35 65 1124
41 76 1125
67 96 1126
32 72 1127
1 10 1128
12 60 1129
34 70 1130
22 59 1131
70 96 1132
47 67 1133
66 87 1134
3 32 1135
23 39 1136
29 36 1137
1 19 1138
37 58 1139
72 96 1140
79 80 1141
48 75 1142
22 76 1143
73 96 1144
4 60 1145
43 66 1146
14 85 1147
44 72 1148
59 78 1149
60 75 1150
8 29 1151
22 43 1152
72 82 1153
32 62 1154
78 87 1155
44 88 1156
22 44 1157
23 42 1158
22 88 1159
36 71 1160
43 58 1161
37 67 1162
49 60 1163
54 65 1164
2 27 1165
68 96 1166
70 79 1167
65 76 1168
11 23 1169
49 65 1170
73 95 1171
28 35 1172
8 40 1173
31 62 1174
42 49 1175
12 58 1176
43 82 1177
39 72 1178
50 78 1179
20 40 1180
63 70 1181
74 92 1182
17 42 1183
34 78 1184
44 45 1185
12 57 1186
35 66 1187
36 49 1188
4 45 1189
36 59 1190
3 42 1191
60 64 1192
23 65 1193
27 36 1194
37 60 1195
32 87 1196
22 83 1197
41 70 1198
11 28 1199
15 76 1200
4 66 1201
24 73 1202
28 37 1203
76 101 1204
32 100 1205
15 51 1206
3 44 1207
55 59 1208
20 44 1209
26 45 1210
58 88 1211
85 86 1212
38 85 1213
39 74 1214
41 53 1215
59 61 1216
41 59 1217
23 54 1218
20 51 1219
44 59 1220
57 66 1221
71 91 1222
74 80 1223
47 83 1224
13 88 1225
48 102 1226
6 49 1227
28 38 1228
62 72 1229
24 41 1230
63 78 1231
75 82 1232
41 86 1233
12 67 1234
38 59 1235
50 65 1236
42 86 1237
66 79 1238
82 90 1239
54 76 1240
15 99 1241
26 28 1242
49 74 1243
14 29 1244
39 55 1245
57 68 1246
14 64 1247
41 55 1248
43 69 1249
8 37 1250
1 20 1251
42 78 1252
19 33 1253
20 31 1254
74 78 1255
41 75 1256
87 101 1257
41 45 1258
47 85 1259
60 77 1260
35 75 1261
40 82 1262
5 22 1263
6 64 1264
32 75 1265
38 90 1266
20 28 1267
38 87 1268
77 90 1269
14 101 1270
11 67 1271
19 59 1272
97 102 1273
15 23 1274
36 55 1275
17 24 1276
54 58 1277
34 45 1278
14 45 1279
67 85 1280
26 58 1281
23 100 1282
66 78 1283
39 59 1284
44 101 1285
39 54 1286
73 99 1287
19 55 1288
24 39 1289
27 76 1290
55 65 1291
74 89 1292
90 91 1293
4 62 1294
40 78 1295
31 47 1296
85 90 1297
49 66 1298
13 57 1299
6 45 1300
77 87 1301
73 94 1302
80 88 1303
1 59 1304
26 66 1305
35 91 1306
43 70 1307
19 43 1308
41 49 1309
39 90 1310
49 55 1311
17 52 1312
24 26 1313
69 77 1314
2 90 1315
15 73 1316
26 76 1317
3 58 1318
29 48 1319
34 91 1320
77 82 1321
27 65 1322
59 62 1323
3 15 1324
44 85 1325
10 13 1326
53 91 1327
36 43 1328
52 91 1329
2 18 1330
41 51 1331
68 79 1332
24 44 1333
32 48 1334
44 75 1335
12 22 1336
23 44 1337
43 65 1338
67 75 1339
61 66 1340
46 88 1341
8 101 1342
82 96 1343
77 88 1344
1 51 1345
6 25 1346
59 87 1347
23 32 1348
47 97 1349
15 52 1350
63 64 1351
82 84 1352
59 95 1353
67 90 1354
23 52 1355
27 101 1356
39 87 1357
44 99 1358
58 91 1359
17 37 1360
1 61 1361
61 91 1362
4 61 1363
32 82 1364
78 95 1365
29 74 1366
50 66 1367
71 81 1368
45 70 1369
68 87 1370
9 65 1371
30 74 1372
44 67 1373
60 61 1374
72 83 1375
78 84 1376
24 70 1377
37 78 1378
39 77 1379
9 38 1380
28 40 1381
43 86 1382
17 41 1383
45 59 1384
53 59 1385
82 86 1386
57 69 1387
23 38 1388
44 53 1389
62 77 1390
34 75 1391
2 19 1392
3 43 1393
37 83 1394
40 66 1395
20 100 1396
55 60 1397
4 99 1398
50 72 1399
87 90 1400
40 50 1401
69 95 1402
44 66 1403
55 66 1404
62 90 1405
4 72 1406
53 67 1407
65 96 1408
69 82 1409
23 41 1410
54 60 1411
3 14 1412
23 101 1413
26 65 1414
6 40 1415
93 101 1416
17 19 1417
15 45 1418
23 45 1419
4 38 1420
38 52 1421
4 63 1422
13 87 1423
5 39 1424
12 23 1425
30 49 1426
76 98 1427
4 35 1428
15 85 1429
38 49 1430
15 77 1431
48 97 1432
14 33 1433
42 50 1434
15 59 1435
31 65 1436
32 64 1437
27 67 1438
74 84 1439
6 101 1440
18 67 1441
32 85 1442
36 52 1443
42 54 1444
88 90 1445
61 73 1446
37 98 1447
4 58 1448
1 3 1449
17 39 1450
74 81 1451
76 94 1452
18 22 1453
30 47 1454
42 67 1455
45 67 1456
49 59 1457
65 87 1458
2 76 1459
42 69 1460
78 86 1461
6 10 1462
6 88 1463
37 86 1464
42 58 1465
46 97 1466
63 72 1467
57 64 1468
74 97 1469
34 87 1470
4 44 1471
39 85 1472
35 99 1473
1 57 1474
34 88 1475
70 93 1476
24 30 1477
43 49 1478
2 23 1479
7 12 1480
8 82 1481
26 72 1482
32 33 1483
55 78 1484
8 70 1485
11 44 1486
12 39 1487
20 27 1488
31 101 1489
20 38 1490
39 57 1491
6 66 1492
19 26 1493
68 74 1494
9 72 1495
18 23 1496
52 101 1497
4 26 1498
13 36 1499
14 63 1500
76 84 1501
41 88 1502
15 57 1503
26 52 1504
44 79 1505
4 67 1506
42 88 1507
30 42 1508
8 85 1509
35 68 1510
51 57 1511
32 46 1512
19 39 1513
3 57 1514
13 68 1515
8 100 1516
17 30 1517
19 67 1518
69 86 1519
4 101 1520
43 98 1521
17 43 1522
8 72 1523
36 40 1524
69 79 1525
7 15 1526
4 70 1527
28 58 1528
20 39 1529
64 68 1530
5 64 1531
2 62 1532
37 57 1533
88 97 1534
13 78 1535
32 36 1536
24 91 1537
84 91 1538
5 49 1539
32 47 1540
36 54 1541
58 77 1542
59 88 1543
37 88 1544
38 91 1545
45 55 1546
51 55 1547
15 72 1548
67 88 1549
37 75 1550
84 86 1551
2 43 1552
39 91 1553
77 92 1554
31 75 1555
32 65 1556
52 73 1557
40 57 1558
79 83 1559
19 70 1560
24 31 1561
1 28 1562
8 45 1563
24 76 1564
4 65 1565
42 90 1566
22 97 1567
23 87 1568
37 72 1569
33 43 1570
63 91 1571
24 49 1572
11 39 1573
23 98 1574
68 95 1575
42 60 1576
13 67 1577
40 60 1578
37 99 1579
2 59 1580
20 58 1581
35 79 1582
57 60 1583
13 69 1584
22 30 1585
37 62 1586
70 82 1587
31 87 1588
16 19 1589
20 37 1590
17 50 1591
49 67 1592
53 66 1593
27 72 1594
54 59 1595
60 95 1596
64 79 1597
7 20 1598
17 54 1599
34 86 1600
38 82 1601
8 25 1602
37 90 1603
82 85 1604
23 66 1605
58 78 1606
20 99 1607
23 34 1608
65 75 1609
46 85 1610
5 96 1611
70 101 1612
41 91 1613
68 90 1614
50 68 1615
55 72 1616
13 90 1617
79 102 1618
23 76 1619
39 49 1620
55 74 1621
43 95 1622
96 101 1623
11 66 1624
18 20 1625
29 61 1626
41 54 1627
64 65 1628
12 99 1629
2 24 1630
35 101 1631
58 66 1632
60 82 1633
47 65 1634
79 94 1635
67 71 1636
14 72 1637
36 75 1638
24 52 1639
34 67 1640
19 60 1641
22 27 1642
91 93 1643
73 81 1644
41 65 1645
2 64 1646
66 90 1647
67 101 1648
78 96 1649
57 75 1650
42 87 1651
26 60 1652
35 69 1653
45 77 1654
4 39 1655
5 87 1656
29 34 1657
50 58 1658
91 98 1659
39 88 1660
64 66 1661
13 61 1662
23 27 1663
23 50 1664
40 53 1665
29 42 1666
9 76 1667
30 101 1668
49 87 1669
3 60 1670
12 65 1671
28 49 1672
40 81 1673
73 97 1674
3 18 1675
23 90 1676
29 97 1677
36 88 1678
2 58 1679
12 38 1680
12 96 1681
23 37 1682
29 37 1683
52 62 1684
34 48 1685
40 52 1686
2 99 1687
25 40 1688
24 40 1689
21 43 1690
22 61 1691
44 51 1692
13 45 1693
42 99 1694
42 57 1695
3 99 1696
1 63 1697
23 51 1698
35 48 1699
13 98 1700
15 40 1701
34 68 1702
15 49 1703
41 69 1704
61 70 1705
35 87 1706
43 83 1707
74 85 1708
48 76 1709
51 72 1710
15 58 1711
19 52 1712
29 51 1713
18 50 1714
29 46 1715
1 22 1716
32 66 1717
41 87 1718
41 101 1719
39 99 1720
40 74 1721
23 99 1722
12 62 1723
39 82 1724
42 62 1725
46 76 1726
49 96 1727
1 54 1728
85 92 1729
63 68 1730
85 101 1731
12 36 1732
19 57 1733
44 58 1734
48 88 1735
24 101 1736
48 91 1737
22 60 1738
53 72 1739
4 90 1740
31 67 1741
3 23 1742
2 17 1743
32 96 1744
37 68 1745
27 41 1746
24 60 1747
36 73 1748
9 90 1749
62 68 1750
83 86 1751
20 50 1752
55 87 1753
64 96 1754
17 20 1755
72 95 1756
45 65 1757
72 93 1758
6 68 1759
38 50 1760
55 67 1761
14 68 1762
58 79 1763
70 71 1764
86 91 1765
23 59 1766
36 60 1767
35 46 1768
22 46 1769
67 86 1770
71 76 1771
40 58 1772
19 32 1773
9 78 1774
31 69 1775
17 55 1776
38 76 1777
25 55 1778
50 69 1779
84 90 1780
37 71 1781
41 52 1782
79 97 1783
55 100 1784
8 87 1785
22 39 1786
24 55 1787
62 63 1788
69 96 1789
7 13 1790
40 71 1791
75 81 1792
37 82 1793
63 88 1794
78 83 1795
26 75 1796
32 101 1797
47 91 1798
14 60 1799
61 62 1800
75 95 1801
22 55 1802
44 55 1803
1 60 1804
39 67 1805
46 80 1806
92 94 1807
31 85 1808
61 69 1809
51 69 1810
43 75 1811
20 78 1812
44 65 1813
53 60 1814
38 78 1815
47 58 1816
1 55 1817
4 87 1818
30 48 1819
67 79 1820
9 73 1821
35 67 1822
9 62 1823
68 93 1824
14 62 1825
66 101 1826
32 90 1827
3 50 1828
20 101 1829
57 77 1830
58 64 1831
62 74 1832
68 92 1833
9 61 1834
37 65 1835
45 87 1836
37 66 1837
30 63 1838
11 24 1839
24 37 1840
37 47 1841
43 96 1842
44 77 1843
49 53 1844
30 76 1845
92 101 1846
22 45 1847
75 91 1848
4 29 1849
38 70 1850
25 43 1851
10 30 1852
26 77 1853
45 85 1854
19 24 1855
74 82 1856
31 78 1857
74 77 1858
19 66 1859
40 45 1860
1 24 1861
42 77 1862
31 86 1863
3 11 1864
11 53 1865
4 76 1866
9 96 1867
13 77 1868
1 23 1869
55 58 1870
85 93 1871
18 99 1872
8 63 1873
30 36 1874
9 101 1875
18 24 1876
28 76 1877
37 69 1878
68 101 1879
14 77 1880
64 69 1881
3 62 1882
46 81 1883
12 45 1884
19 28 1885
40 46 1886
1 30 1887
20 66 1888
55 77 1889
23 28 1890
45 83 1891
27 98 1892
50 75 1893
1 58 1894
51 91 1895
55 68 1896
45 99 1897
24 69 1898
18 57 1899
29 57 1900
30 66 1901
50 59 1902
25 42 1903
20 30 1904
22 52 1905
44 70 1906
87 93 1907
40 51 1908
79 82 1909
26 30 1910
36 48 1911
43 97 1912
64 94 1913
82 101 1914
15 66 1915
26 70 1916
64 78 1917
45 101 1918
28 73 1919
87 88 1920
6 85 1921
25 32 1922
6 33 1923
13 100 1924
62 64 1925
2 60 1926
4 40 1927
18 54 1928
34 99 1929
35 97 1930
60 79 1931
59 96 1932
35 82 1933
72 84 1934
75 87 1935
44 54 1936
86 88 1937
50 90 1938
81 88 1939
50 88 1940
72 89 1941
82 87 1942
13 93 1943
22 78 1944
42 71 1945
49 72 1946
4 10 1947
38 88 1948
64 90 1949
55 70 1950
68 86 1951
20 52 1952
4 21 1953
41 82 1954
23 78 1955
35 83 1956
43 47 1957
69 91 1958
22 42 1959
13 62 1960
43 100 1961
79 95 1962
30 33 1963
37 96 1964
49 68 1965
23 35 1966
2 52 1967
7 58 1968
9 68 1969
34 47 1970
63 79 1971
31 100 1972
2 31 1973
18 87 1974
47 89 1975
85 89 1976
3 24 1977
52 65 1978
23 49 1979
59 74 1980
23 57 1981
29 58 1982
20 76 1983
74 95 1984
80 92 1985
3 53 1986
9 64 1987
14 70 1988
9 99 1989
39 100 1990
36 44 1991
36 70 1992
5 65 1993
20 54 1994
64 101 1995
42 66 1996
55 62 1997
23 82 1998
42 85 1999
37 84 2000
68 89 2001
80 85 2002
24 27 2003
24 75 2004
4 25 2005
12 66 2006
15 60 2007
25 35 2008
38 60 2009
62 87 2010
26 99 2011
33 34 2012
62 91 2013
72 92 2014
69 97 2015
12 40 2016
28 54 2017
29 49 2018
47 90 2019
21 42 2020
9 82 2021
20 49 2022
26 74 2023
50 51 2024
83 85 2025
39 101 2026
43 57 2027
63 87 2028
19 54 2029
45 66 2030
7 61 2031
43 84 2032
2 22 2033
18 76 2034
49 54 2035
20 42 2036
4 36 2037
26 68 2038
66 71 2039
28 53 2040
1 31 2041
5 70 2042
6 90 2043
55 95 2044
22 32 2045
27 66 2046
29 50 2047
11 57 2048
35 47 2049
72 80 2050
84 85 2051
2 37 2052
18 73 2053
19 99 2054
54 67 2055
77 81 2056
65 74 2057
66 85 2058
24 62 2059
42 101 2060
71 92 2061
1 32 2062
24 97 2063
49 62 2064
2 51 2065
8 69 2066
37 100 2067
34 77 2068
67 100 2069
41 83 2070
39 78 2071
8 98 2072
50 101 2073
5 61 2074
55 69 2075
17 59 2076
23 62 2077
32 91 2078
19 58 2079
32 88 2080
51 96 2081
68 85 2082
13 70 2083
23 67 2084
14 76 2085
14 78 2086
29 39 2087
6 72 2088
15 87 2089
62 75 2090
2 20 2091
35 85 2092
5 85 2093
2 87 2094
65 101 2095
91 94 2096
1 52 2097
70 99 2098
77 83 2099
49 100 2100
18 40 2101
31 82 2102
88 89 2103
3 27 2104
8 10 2105
51 64 2106
44 98 2107
83 94 2108
6 36 2109
38 84 2110
4 91 2111
29 55 2112
4 100 2113
66 88 2114
5 21 2115
22 48 2116
38 58 2117
41 98 2118
45 91 2119
26 67 2120
32 63 2121
53 101 2122
39 65 2123
99 101 2124
20 91 2125
83 92 2126
57 61 2127
76 81 2128
97 101 2129
40 48 2130
73 98 2131
51 87 2132
55 57 2133
70 84 2134
70 81 2135
1 26 2136
76 92 2137
6 76 2138
31 77 2139
75 97 2140
4 77 2141
27 54 2142
30 70 2143
38 101 2144
6 47 2145
13 82 2146
61 74 2147
8 62 2148
22 37 2149
47 81 2150
5 100 2151
51 62 2152
81 85 2153
6 39 2154
50 60 2155
75 80 2156
51 88 2157
52 78 2158
11 62 2159
22 41 2160
2 67 2161
23 40 2162
47 70 2163
48 94 2164
12 61 2165
17 67 2166
11 70 2167
50 57 2168
20 53 2169
27 60 2170
42 51 2171
15 98 2172
49 69 2173
50 95 2174
47 48 2175
31 99 2176
68 82 2177
70 97 2178
72 79 2179
28 65 2180
46 71 2181
67 97 2182
30 87 2183
8 102 2184
23 24 2185
41 66 2186
36 78 2187
44 83 2188
19 20 2189
47 55 2190
78 94 2191
9 88 2192
12 98 2193
49 101 2194
44 96 2195
62 96 2196
69 71 2197
72 101 2198
29 76 2199
66 86 2200
48 101 2201
26 38 2202
53 77 2203
90 100 2204
15 65 2205
76 99 2206
51 85 2207
2 55 2208
92 97 2209
8 28 2210
59 91 2211
44 86 2212
55 61 2213
51 70 2214
88 94 2215
36 58 2216
5 47 2217
7 10 2218
8 76 2219
29 59 2220
32 68 2221
35 63 2222
88 92 2223
51 60 2224
24 78 2225
1 90 2226
14 88 2227
52 87 2228
25 37 2229
45 58 2230
61 67 2231
44 89 2232
45 98 2233
74 96 2234
53 58 2235
55 101 2236
18 58 2237
36 99 2238
24 58 2239
51 59 2240
46 67 2241
71 96 2242
6 96 2243
54 68 2244
91 97 2245
46 92 2246
5 63 2247
2 41 2248
17 65 2249
22 57 2250
15 82 2251
35 98 2252
44 87 2253
9 69 2254
15 90 2255
69 94 2256
5 38 2257
20 82 2258
36 102 2259
45 75 2260
22 29 2261
69 93 2262
5 33 2263
22 66 2264
29 45 2265
84 96 2266
25 34 2267
5 30 2268
5 91 2269
13 97 2270
46 70 2271
77 80 2272
91 100 2273
36 50 2274
91 92 2275
47 80 2276
54 66 2277
59 82 2278
65 80 2279
53 78 2280
42 65 2281
9 25 2282
3 56 2283
44 60 2284
48 65 2285
2 54 2286
40 92 2287
3 47 2288
8 36 2289
33 35 2290
18 49 2291
22 54 2292
48 78 2293
70 89 2294
60 97 2295
11 91 2296
66 95 2297
20 55 2298
17 88 2299
20 60 2300
65 100 2301
82 92 2302
23 58 2303
53 68 2304
63 95 2305
9 85 2306
20 85 2307
58 90 2308
19 86 2309
49 79 2310
31 97 2311
38 55 2312
22 38 2313
25 51 2314
42 91 2315
11 65 2316
39 51 2317
39 48 2318
54 90 2319
59 71 2320
5 68 2321
48 83 2322
27 100 2323
31 95 2324
6 100 2325
32 97 2326
59 93 2327
51 77 2328
44 69 2329
82 95 2330
10 17 2331
67 93 2332
6 77 2333
25 41 2334
15 22 2335
52 85 2336
53 62 2337
95 101 2338
60 71 2339
70 98 2340
2 26 2341
19 87 2342
5 29 2343
2 78 2344
39 92 2345
1 43 2346
2 50 2347
11 90 2348
58 74 2349
28 51 2350
29 47 2351
7 42 2352
49 95 2353
52 74 2354
3 45 2355
55 99 2356
35 90 2357
57 78 2358
25 30 2359
27 99 2360
65 82 2361
22 53 2362
10 21 2363
8 90 2364
23 96 2365
47 59 2366
87 100 2367
49 82 2368
50 62 2369
64 85 2370
18 33 2371
19 22 2372
23 30 2373
16 30 2374
17 57 2375
37 48 2376
45 52 2377
7 35 2378
29 79 2379
40 95 2380
38 74 2381
53 87 2382
8 64 2383
20 62 2384
34 79 2385
83 90 2386
60 100 2387
81 92 2388
24 67 2389
33 37 2390
25 47 2391
34 62 2392
53 70 2393
63 90 2394
48 61 2395
11 88 2396
49 57 2397
11 99 2398
51 74 2399
3 39 2400
10 32 2401
17 58 2402
82 97 2403
2 57 2404
9 100 2405
52 59 2406
80 81 2407
11 60 2408
13 64 2409
32 98 2410
45 57 2411
1 50 2412
8 95 2413
75 93 2414
7 17 2415
13 25 2416
9 36 2417
26 36 2418
59 94 2419
39 79 2420
10 11 2421
28 67 2422
7 43 2423
51 90 2424
83 87 2425
24 90 2426
15 101 2427
22 82 2428
30 88 2429
41 58 2430
38 86 2431
43 93 2432
37 89 2433
67 94 2434
69 88 2435
79 93 2436
65 86 2437
79 101 2438
14 95 2439
20 26 2440
33 42 2441
76 102 2442
65 93 2443
24 38 2444
48 89 2445
34 63 2446
14 69 2447
20 59 2448
22 58 2449
45 69 2450
7 57 2451
52 66 2452
63 77 2453
34 100 2454
27 33 2455
8 86 2456
17 91 2457
72 99 2458
27 68 2459
18 100 2460
34 85 2461
47 60 2462
88 99 2463
11 49 2464
24 100 2465
39 70 2466
24 46 2467
13 72 2468
15 16 2469
36 80 2470
50 64 2471
9 98 2472
36 81 2473
24 28 2474
44 74 2475
22 34 2476
28 45 2477
40 94 2478
14 65 2479
61 72 2480
1 27 2481
27 62 2482
49 70 2483
32 71 2484
40 69 2485
2 40 2486
12 95 2487
27 77 2488
19 40 2489
29 44 2490
71 75 2491
1 62 2492
28 77 2493
14 87 2494
35 100 2495
42 82 2496
40 96 2497
58 82 2498
22 92 2499
45 84 2500
54 72 2501
5 99 2502
19 49 2503
47 78 2504
48 71 2505
2 98 2506
77 86 2507
45 74 2508
6 78 2509
38 62 2510
35 86 2511
66 89 2512
7 22 2513
81 94 2514
49 58 2515
54 73 2516
18 53 2517
11 87 2518
47 101 2519
85 96 2520
6 7 2521
1 53 2522
72 98 2523
8 78 2524
29 38 2525
33 39 2526
53 95 2527
66 94 2528
7 55 2529
18 45 2530
24 74 2531
49 50 2532
71 83 2533
23 53 2534
39 53 2535
6 21 2536
30 69 2537
53 69 2538
39 98 2539
59 84 2540
71 72 2541
38 100 2542
7 28 2543
27 64 2544
46 94 2545
40 61 2546
47 87 2547
50 100 2548
62 69 2549
54 55 2550
34 74 2551
51 65 2552
27 61 2553
4 68 2554
39 89 2555
96 99 2556
24 87 2557
38 71 2558
62 99 2559
66 75 2560
75 92 2561
10 18 2562
52 58 2563
51 54 2564
3 54 2565
17 38 2566
26 69 2567
43 63 2568
12 87 2569
22 86 2570
25 79 2571
57 63 2572
78 92 2573
68 83 2574
2 53 2575
42 79 2576
7 51 2577
86 101 2578
24 47 2579
12 33 2580
37 46 2581
41 95 2582
71 84 2583
23 26 2584
46 77 2585
69 85 2586
45 86 2587
5 48 2588
19 77 2589
35 64 2590
6 98 2591
8 68 2592
9 77 2593
50 86 2594
50 53 2595
71 77 2596
29 66 2597
9 21 2598
17 44 2599
41 63 2600
15 88 2601
20 24 2602
26 78 2603
28 29 2604
22 99 2605
39 69 2606
2 3 2607
9 10 2608
33 41 2609
6 69 2610
3 35 2611
22 31 2612
38 54 2613
50 77 2614
75 86 2615
14 86 2616
78 99 2617
5 90 2618
65 84 2619
80 82 2620
20 65 2621
39 66 2622
4 98 2623
95 97 2624
3 37 2625
19 78 2626
7 49 2627
42 68 2628
19 45 2629
87 96 2630
15 33 2631
44 100 2632
50 82 2633
71 78 2634
7 54 2635
24 29 2636
27 78 2637
3 26 2638
12 76 2639
6 87 2640
13 33 2641
15 68 2642
71 97 2643
12 16 2644
14 90 2645
78 81 2646
31 46 2647
93 96 2648
37 64 2649
60 87 2650
83 96 2651
29 41 2652
12 91 2653
47 61 2654
4 47 2655
24 57 2656
26 61 2657
79 90 2658
40 65 2659
83 89 2660
45 60 2661
60 99 2662
30 100 2663
40 99 2664
19 51 2665
40 98 2666
39 86 2667
34 95 2668
41 96 2669
51 68 2670
65 90 2671
66 82 2672
22 75 2673
25 52 2674
28 101 2675
47 62 2676
55 64 2677
38 51 2678
96 97 2679
20 23 2680
52 88 2681
31 90 2682
28 60 2683
14 21 2684
25 50 2685
10 27 2686
28 87 2687
42 83 2688
95 96 2689
23 64 2690
24 82 2691
36 76 2692
87 99 2693
51 83 2694
87 98 2695
4 85 2696
20 22 2697
75 84 2698
13 101 2699
29 101 2700
61 78 2701
9 70 2702
30 91 2703
17 33 2704
18 84 2705
15 96 2706
9 95 2707
25 49 2708
5 10 2709
38 57 2710
38 66 2711
3 97 2712
28 72 2713
82 100 2714
13 29 2715
14 96 2716
25 29 2717
25 44 2718
1 34 2719
13 63 2720
41 62 2721
59 86 2722
70 94 2723
10 42 2724
40 49 2725
42 97 2726
39 75 2727
54 87 2728
21 45 2729
43 89 2730
17 22 2731
52 60 2732
3 100 2733
29 53 2734
34 82 2735
38 47 2736
39 94 2737
89 102 2738
2 65 2739
17 99 2740
17 87 2741
30 99 2742
17 28 2743
52 84 2744
100 101 2745
29 52 2746
76 89 2747
83 84 2748
45 100 2749
50 54 2750
5 36 2751
26 47 2752
37 94 2753
24 77 2754
59 101 2755
22 90 2756
29 54 2757
2 38 2758
43 46 2759
33 73 2760
4 96 2761
27 46 2762
54 88 2763
12 63 2764
18 60 2765
58 94 2766
66 98 2767
44 52 2768
42 47 2769
22 98 2770
23 93 2771
80 83 2772
17 51 2773
12 25 2774
49 77 2775
22 35 2776
37 63 2777
54 70 2778
79 87 2779
40 62 2780
44 90 2781
3 61 2782
51 67 2783
81 83 2784
86 93 2785
31 36 2786
3 41 2787
39 80 2788
65 94 2789
22 50 2790
39 83 2791
47 77 2792
18 62 2793
41 68 2794
50 79 2795
53 75 2796
64 98 2797
1 7 2798
54 57 2799
40 89 2800
86 92 2801
84 88 2802
27 69 2803
61 88 2804
6 99 2805
18 91 2806
47 92 2807
15 100 2808
17 36 2809
57 101 2810
78 93 2811
13 16 2812
76 100 2813
1 42 2814
11 36 2815
69 98 2816
64 75 2817
73 102 2818
78 101 2819
17 60 2820
66 92 2821
5 72 2822
15 83 2823
38 72 2824
66 81 2825
6 38 2826
59 83 2827
18 86 2828
7 31 2829
60 88 2830
77 84 2831
20 96 2832
22 62 2833
4 88 2834
51 58 2835
18 66 2836
86 90 2837
7 9 2838
30 90 2839
1 67 2840
43 62 2841
42 84 2842
44 49 2843
96 100 2844
22 51 2845
35 71 2846
52 98 2847
2 85 2848
2 100 2849
31 64 2850
40 97 2851
58 75 2852
87 95 2853
24 33 2854
24 99 2855
90 101 2856
71 85 2857
84 94 2858
10 12 2859
30 62 2860
36 61 2861
48 85 2862
44 95 2863
37 92 2864
38 65 2865
46 47 2866
35 95 2867
32 61 2868
51 61 2869
37 61 2870
42 89 2871
57 79 2872
61 68 2873
9 83 2874
69 99 2875
2 77 2876
22 96 2877
48 99 2878
43 92 2879
48 60 2880
29 71 2881
17 100 2882
11 45 2883
15 78 2884
52 67 2885
15 67 2886
17 49 2887
52 76 2888
35 88 2889
46 84 2890
54 61 2891
17 40 2892
32 86 2893
15 64 2894
77 95 2895
37 95 2896
11 16 2897
3 31 2898
7 39 2899
22 36 2900
64 92 2901
38 75 2902
66 74 2903
12 90 2904
48 72 2905
5 69 2906
39 60 2907
15 86 2908
30 78 2909
40 64 2910
50 55 2911
7 25 2912
47 69 2913
14 98 2914
39 84 2915
71 87 2916
27 47 2917
18 70 2918
6 16 2919
53 74 2920
21 90 2921
36 45 2922
54 96 2923
65 81 2924
53 85 2925
53 88 2926
3 64 2927
18 98 2928
18 77 2929
58 61 2930
52 55 2931
13 96 2932
48 80 2933
2 39 2934
24 68 2935
7 66 2936
26 88 2937
50 96 2938
1 64 2939
19 101 2940
27 74 2941
46 87 2942
58 97 2943
27 29 2944
31 63 2945
44 57 2946
11 64 2947
51 78 2948
80 102 2949
64 102 2950
47 72 2951
30 72 2952
90 97 2953
9 33 2954
60 96 2955
54 75 2956
58 95 2957
64 93 2958
23 97 2959
53 86 2960
40 93 2961
48 68 2962
11 100 2963
49 99 2964
57 74 2965
91 102 2966
31 83 2967
11 68 2968
29 99 2969
81 91 2970
30 82 2971
47 86 2972
64 88 2973
6 95 2974
5 77 2975
85 99 2976
7 8 2977
3 65 2978
16 17 2979
22 64 2980
36 51 2981
9 29 2982
80 97 2983
3 66 2984
7 34 2985
19 23 2986
24 85 2987
18 90 2988
5 25 2989
62 94 2990
52 90 2991
25 54 2992
25 53 2993
26 98 2994
31 79 2995
75 98 2996
44 68 2997
74 86 2998
7 44 2999
24 72 3000
52 72 3001
26 48 3002
55 82 3003
2 66 3004
88 102 3005
18 97 3006
11 93 3007
17 90 3008
71 101 3009
88 98 3010
42 96 3011
77 96 3012
90 92 3013
12 72 3014
19 72 3015
51 82 3016
97 100 3017
63 94 3018
97 98 3019
2 61 3020
45 79 3021
10 33 3022
18 36 3023
46 75 3024
7 30 3025
60 90 3026
17 53 3027
54 78 3028
77 97 3029
45 96 3030
68 100 3031
19 29 3032
41 99 3033
45 82 3034
66 99 3035
72 94 3036
1 98 3037
10 31 3038
23 63 3039
30 98 3040
45 95 3041
9 47 3042
17 76 3043
20 57 3044
65 97 3045
44 82 3046
46 89 3047
85 95 3048
57 97 3049
81 89 3050
48 66 3051
75 99 3052
9 94 3053
15 36 3054
43 102 3055
41 60 3056
50 87 3057
42 74 3058
4 48 3059
8 96 3060
66 93 3061
25 59 3062
53 96 3063
12 88 3064
24 98 3065
51 52 3066
14 25 3067
61 77 3068
49 97 3069
52 53 3070
67 81 3071
32 99 3072
63 97 3073
23 102 3074
29 73 3075
89 91 3076
86 99 3077
38 79 3078
58 96 3079
65 99 3080
41 94 3081
8 77 3082
34 96 3083
67 98 3084
28 36 3085
92 95 3086
48 92 3087
57 96 3088
20 94 3089
44 93 3090
72 97 3091
15 25 3092
41 71 3093
60 85 3094
63 96 3095
22 85 3096
57 83 3097
45 88 3098
28 66 3099
47 63 3100
67 92 3101
52 96 3102
62 101 3103
65 95 3104
25 58 3105
26 46 3106
24 64 3107
44 92 3108
55 85 3109
5 93 3110
36 83 3111
20 90 3112
75 101 3113
26 29 3114
16 32 3115
62 98 3116
76 80 3117
8 93 3118
41 79 3119
38 95 3120
24 61 3121
31 88 3122
64 87 3123
2 42 3124
18 85 3125
22 95 3126
40 84 3127
89 94 3128
23 55 3129
26 100 3130
28 47 3131
53 61 3132
18 101 3133
49 84 3134
29 100 3135
49 51 3136
12 21 3137
44 63 3138
82 98 3139
83 95 3140
22 23 3141
42 93 3142
3 63 3143
5 16 3144
51 97 3145
54 62 3146
15 93 3147
18 65 3148
61 71 3149
63 75 3150
79 86 3151
49 86 3152
26 64 3153
45 71 3154
55 83 3155
20 45 3156
39 62 3157
9 87 3158
12 73 3159
50 85 3160
5 101 3161
64 82 3162
66 80 3163
63 86 3164
59 98 3165
27 87 3166
36 69 3167
45 97 3168
26 62 3169
72 81 3170
6 29 3171
45 51 3172
71 82 3173
20 36 3174
18 95 3175
53 57 3176
10 19 3177
25 88 3178
13 86 3179
94 96 3180
28 75 3181
7 14 3182
30 77 3183
22 65 3184
52 100 3185
58 84 3186
36 97 3187
11 85 3188
60 89 3189
65 71 3190
7 11 3191
71 90 3192
48 70 3193
53 99 3194
54 101 3195
54 64 3196
77 89 3197
28 63 3198
95 99 3199
12 69 3200
10 24 3201
25 99 3202
7 32 3203
26 85 3204
26 97 3205
31 48 3206
21 33 3207
54 63 3208
43 48 3209
45 49 3210
18 78 3211
40 68 3212
53 54 3213
25 48 3214
65 89 3215
19 98 3216
33 53 3217
37 93 3218
7 40 3219
49 85 3220
87 89 3221
39 64 3222
51 101 3223
22 74 3224
57 82 3225
3 90 3226
80 94 3227
24 45 3228
1 40 3229
1 41 3230
13 84 3231
10 43 3232
13 21 3233
49 98 3234
54 82 3235
36 67 3236
46 91 3237
33 55 3238
36 94 3239
42 98 3240
52 70 3241
22 100 3242
50 67 3243
17 29 3244
15 62 3245
45 50 3246
65 92 3247
36 85 3248
52 97 3249
46 78 3250
8 97 3251
49 75 3252
21 41 3253
1 35 3254
5 88 3255
64 95 3256
59 92 3257
19 65 3258
48 55 3259
49 91 3260
54 77 3261
60 86 3262
28 78 3263
34 89 3264
36 86 3265
45 63 3266
57 95 3267
48 67 3268
87 92 3269
48 57 3270
66 84 3271
2 30 3272
26 90 3273
49 88 3274
54 95 3275
75 96 3276
11 76 3277
2 73 3278
22 71 3279
25 60 3280
41 100 3281
54 74 3282
23 77 3283
99 100 3284
12 101 3285
25 73 3286
26 79 3287
63 101 3288
12 100 3289
4 95 3290
40 63 3291
31 61 3292
18 88 3293
42 95 3294
47 66 3295
38 98 3296
3 98 3297
17 68 3298
73 100 3299
24 88 3300
21 39 3301
35 62 3302
81 90 3303
44 84 3304
71 93 3305
55 90 3306
36 65 3307
39 68 3308
11 98 3309
62 71 3310
6 48 3311
20 77 3312
36 57 3313
92 102 3314
7 27 3315
48 77 3316
54 97 3317
57 85 3318
51 84 3319
8 83 3320
65 85 3321
12 86 3322
20 87 3323
31 89 3324
40 100 3325
36 66 3326
14 16 3327
35 96 3328
42 92 3329
69 92 3330
72 74 3331
26 101 3332
29 30 3333
50 71 3334
7 65 3335
28 90 3336
12 64 3337
60 93 3338
30 85 3339
10 20 3340
21 44 3341
28 69 3342
100 102 3343
46 72 3344
55 86 3345
39 46 3346
50 52 3347
68 99 3348
17 62 3349
17 101 3350
69 74 3351
14 100 3352
20 47 3353
58 101 3354
53 100 3355
4 93 3356
63 82 3357
7 36 3358
48 82 3359
58 93 3360
53 89 3361
25 94 3362
14 82 3363
2 21 3364
3 30 3365
68 97 3366
87 97 3367
28 48 3368
88 93 3369
10 60 3370
11 63 3371
59 75 3372
11 101 3373
41 89 3374
58 71 3375
88 101 3376
23 72 3377
41 97 3378
1 87 3379
2 70 3380
32 95 3381
27 71 3382
69 83 3383
46 82 3384
23 95 3385
12 84 3386
61 63 3387
33 101 3388
45 53 3389
66 100 3390
62 97 3391
86 98 3392
10 16 3393
22 77 3394
32 83 3395
45 92 3396
23 70 3397
28 70 3398
3 96 3399
36 90 3400
13 83 3401
21 56 3402
25 31 3403
28 57 3404
42 100 3405
4 83 3406
19 61 3407
20 79 3408
10 37 3409
17 86 3410
94 99 3411
10 26 3412
24 48 3413
33 52 3414
81 93 3415
40 101 3416
19 62 3417
43 64 3418
10 34 3419
13 79 3420
36 62 3421
52 95 3422
20 98 3423
74 93 3424
77 100 3425
51 95 3426
49 52 3427
82 93 3428
1 49 3429
24 36 3430
11 73 3431
47 57 3432
60 98 3433
31 98 3434
7 19 3435
54 99 3436
3 40 3437
38 77 3438
51 66 3439
80 89 3440
7 59 3441
94 100 3442
36 92 3443
41 67 3444
12 77 3445
24 102 3446
27 75 3447
60 94 3448
50 74 3449
51 98 3450
9 86 3451
20 67 3452
62 79 3453
14 92 3454
10 40 3455
52 77 3456
45 64 3457
22 26 3458
16 35 3459
20 61 3460
34 98 3461
16 59 3462
29 91 3463
7 24 3464
57 98 3465
81 97 3466
55 79 3467
58 100 3468
63 100 3469
7 47 3470
30 68 3471
44 97 3472
22 101 3473
71 102 3474
2 93 3475
25 45 3476
9 48 3477
61 75 3478
62 95 3479
3 101 3480
33 50 3481
30 86 3482
51 75 3483
12 29 3484
23 84 3485
36 38 3486
92 96 3487
62 85 3488
25 85 3489
64 99 3490
77 99 3491
57 71 3492
95 100 3493
4 33 3494
8 48 3495
24 63 3496
38 46 3497
45 89 3498
53 97 3499
2 63 3500
36 87 3501
63 93 3502
10 57 3503
54 100 3504
57 87 3505
15 92 3506
27 48 3507
6 86 3508
38 96 3509
45 90 3510
92 99 3511
7 50 3512
32 94 3513
95 98 3514
3 55 3515
4 78 3516
28 64 3517
24 66 3518
25 76 3519
69 101 3520
41 47 3521
42 80 3522
44 62 3523
59 79 3524
1 99 3525
25 39 3526
36 89 3527
90 95 3528
14 47 3529
29 67 3530
94 97 3531
23 86 3532
62 92 3533
30 61 3534
59 97 3535
25 97 3536
38 89 3537
52 69 3538
83 97 3539
34 90 3540
17 78 3541
57 89 3542
11 82 3543
23 71 3544
25 28 3545
90 94 3546
12 78 3547
14 97 3548
21 99 3549
42 94 3550
38 83 3551
57 90 3552
23 74 3553
28 74 3554
26 63 3555
3 38 3556
47 64 3557
82 94 3558
28 85 3559
23 68 3560
44 94 3561
63 71 3562
16 42 3563
71 98 3564
8 21 3565
62 88 3566
74 101 3567
25 61 3568
22 70 3569
38 69 3570
58 86 3571
47 98 3572
65 102 3573
48 62 3574
57 62 3575
20 83 3576
29 65 3577
48 81 3578
69 84 3579
93 94 3580
32 79 3581
52 57 3582
49 64 3583
39 58 3584
78 97 3585
67 99 3586
46 83 3587
48 59 3588
55 94 3589
43 94 3590
52 63 3591
57 88 3592
24 96 3593
53 63 3594
79 98 3595
55 97 3596
92 98 3597
34 64 3598
96 102 3599
6 92 3600
12 48 3601
25 46 3602
54 69 3603
63 99 3604
82 89 3605
40 80 3606
4 69 3607
5 98 3608
47 95 3609
19 91 3610
50 97 3611
27 79 3612
39 95 3613
19 93 3614
66 83 3615
101 102 3616
36 72 3617
94 95 3618
15 63 3619
41 57 3620
59 100 3621
25 27 3622
37 80 3623
3 84 3624
9 97 3625
17 98 3626
26 87 3627
50 63 3628
71 86 3629
1 65 3630
27 97 3631
13 47 3632
18 96 3633
22 33 3634
24 95 3635
34 46 3636
8 79 3637
25 74 3638
52 82 3639
22 25 3640
28 68 3641
35 89 3642
33 97 3643
51 63 3644
37 81 3645
48 95 3646
39 81 3647
15 29 3648
32 89 3649
44 47 3650
50 99 3651
21 40 3652
21 85 3653
22 24 3654
64 84 3655
64 97 3656
46 66 3657
3 82 3658
54 85 3659
61 79 3660
1 21 3661
19 76 3662
6 83 3663
25 26 3664
52 75 3665
72 100 3666
22 72 3667
90 98 3668
25 83 3669
22 94 3670
44 71 3671
12 68 3672
79 96 3673
94 102 3674
30 46 3675
49 89 3676
14 83 3677
27 96 3678
14 93 3679
28 46 3680
48 58 3681
51 100 3682
2 7 3683
13 85 3684
24 79 3685
25 64 3686
7 38 3687
62 86 3688
39 93 3689
20 89 3690
12 85 3691
30 102 3692
46 59 3693
50 83 3694
38 63 3695
33 49 3696
15 89 3697
49 63 3698
2 28 3699
1 66 3700
61 82 3701
71 95 3702
11 77 3703
2 34 3704
23 88 3705
21 37 3706
26 96 3707
78 100 3708
45 68 3709
48 100 3710
53 64 3711
26 33 3712
2 10 3713
54 71 3714
20 29 3715
31 71 3716
33 99 3717
32 93 3718
53 79 3719
12 82 3720
25 91 3721
23 36 3722
27 63 3723
45 94 3724
12 47 3725
23 61 3726
10 35 3727
27 88 3728
20 74 3729
47 68 3730
11 33 3731
30 64 3732
52 64 3733
46 99 3734
90 99 3735
17 73 3736
98 100 3737
4 82 3738
33 102 3739
59 99 3740
86 95 3741
29 75 3742
29 88 3743
88 100 3744
89 99 3745
27 85 3746
1 85 3747
67 89 3748
16 18 3749
36 63 3750
93 100 3751
2 91 3752
61 64 3753
5 79 3754
90 96 3755
27 90 3756
28 62 3757
19 97 3758
80 91 3759
98 99 3760
5 86 3761
27 86 3762
7 60 3763
35 61 3764
51 99 3765
9 71 3766
28 91 3767
38 97 3768
68 98 3769
7 18 3770
33 85 3771
68 71 3772
12 70 3773
4 92 3774
5 92 3775
79 99 3776
11 78 3777
17 102 3778
52 86 3779
78 98 3780
15 70 3781
16 88 3782
26 86 3783
48 84 3784
61 89 3785
2 45 3786
92 93 3787
17 69 3788
62 102 3789
84 98 3790
96 98 3791
48 49 3792
59 85 3793
38 67 3794
51 79 3795
47 53 3796
30 97 3797
57 99 3798
22 89 3799
24 86 3800
8 94 3801
15 61 3802
45 93 3803
81 84 3804
41 92 3805
3 28 3806
57 86 3807
74 98 3808
24 83 3809
54 94 3810
97 99 3811
38 94 3812
20 64 3813
35 84 3814
99 102 3815
52 61 3816
83 93 3817
94 101 3818
1 44 3819
27 93 3820
49 61 3821
73 80 3822
63 74 3823
10 50 3824
85 100 3825
51 53 3826
71 80 3827
14 75 3828
2 72 3829
89 101 3830
12 102 3831
19 96 3832
10 25 3833
29 64 3834
34 71 3835
46 60 3836
59 89 3837
9 89 3838
1 100 3839
34 84 3840
22 87 3841
7 45 3842
86 89 3843
74 99 3844
43 71 3845
46 86 3846
17 66 3847
1 29 3848
6 93 3849
89 90 3850
33 91 3851
53 84 3852
18 82 3853
64 89 3854
34 102 3855
85 94 3856
42 61 3857
52 99 3858
1 101 3859
4 84 3860
25 66 3861
3 78 3862
16 37 3863
41 84 3864
68 84 3865
5 82 3866
81 102 3867
1 96 3868
10 55 3869
78 89 3870
39 96 3871
11 72 3872
10 39 3873
22 81 3874
49 83 3875
54 83 3876
68 94 3877
31 84 3878
21 52 3879
23 47 3880
77 94 3881
9 79 3882
63 92 3883
15 94 3884
20 72 3885
33 76 3886
36 84 3887
37 97 3888
2 44 3889
14 61 3890
18 68 3891
27 102 3892
7 26 3893
19 90 3894
37 102 3895
7 23 3896
13 48 3897
26 83 3898
11 61 3899
56 82 3900
16 39 3901
46 101 3902
2 49 3903
46 90 3904
12 97 3905
33 51 3906
14 79 3907
52 54 3908
6 97 3909
6 84 3910
14 46 3911
42 63 3912
43 61 3913
60 92 3914
4 46 3915
11 29 3916
13 95 3917
15 21 3918
69 89 3919
47 82 3920
36 100 3921
19 47 3922
32 84 3923
22 49 3924
14 84 3925
45 54 3926
34 61 3927
19 85 3928
85 97 3929
2 84 3930
62 93 3931
84 93 3932
25 77 3933
16 43 3934
28 86 3935
6 46 3936
6 94 3937
3 20 3938
21 86 3939
42 48 3940
14 89 3941
21 35 3942
4 102 3943
20 93 3944
89 92 3945
58 98 3946
7 37 3947
6 82 3948
77 93 3949
6 79 3950
5 95 3951
20 95 3952
29 96 3953
44 61 3954
7 53 3955
15 95 3956
48 51 3957
29 98 3958
92 100 3959
93 95 3960
13 92 3961
19 83 3962
11 95 3963
3 79 3964
49 71 3965
36 98 3966
61 95 3967
53 83 3968
29 60 3969
30 75 3970
15 79 3971
63 83 3972
11 86 3973
33 44 3974
27 82 3975
11 97 3976
28 99 3977
16 20 3978
61 87 3979
9 93 3980
86 102 3981
10 59 3982
25 38 3983
36 101 3984
52 102 3985
10 41 3986
26 95 3987
41 80 3988
56 85 3989
57 102 3990
86 96 3991
4 97 3992
21 95 3993
17 77 3994
34 97 3995
53 90 3996
3 95 3997
23 94 3998
34 93 3999
44 48 4000
61 100 4001
8 74 4002
13 94 4003
17 96 4004
54 79 4005
21 31 4006
60 84 4007
2 96 4008
20 97 4009
32 80 4010
41 46 4011
3 34 4012
25 33 4013
28 96 4014
88 95 4015
68 80 4016
1 102 4017
18 72 4018
7 97 4019
15 74 4020
25 101 4021
10 36 4022
51 94 4023
59 81 4024
64 83 4025
17 82 4026
31 96 4027
25 65 4028
10 58 4029
16 27 4030
25 89 4031
19 68 4032
25 98 4033
30 84 4034
35 94 4035
8 47 4036
83 99 4037
1 70 4038
16 26 4039
47 84 4040
61 94 4041
10 98 4042
23 46 4043
61 83 4044
19 64 4045
50 94 4046
47 54 4047
63 84 4048
81 86 4049
2 95 4050
16 44 4051
23 69 4052
44 80 4053
60 83 4054
49 80 4055
18 63 4056
38 64 4057
20 75 4058
69 100 4059
17 63 4060
48 53 4061
11 21 4062
86 100 4063
33 57 4064
38 99 4065
4 86 4066
47 102 4067
7 21 4068
24 71 4069
33 77 4070
31 33 4071
17 45 4072
84 97 4073
15 47 4074
16 54 4075
29 90 4076
54 98 4077
18 61 4078
39 97 4079
61 97 4080
77 101 4081
65 98 4082
4 74 4083
84 89 4084
6 102 4085
21 32 4086
25 78 4087
13 89 4088
83 100 4089
34 83 4090
64 80 4091
48 63 4092
21 77 4093
26 92 4094
84 101 4095
19 36 4096
32 102 4097
7 16 4098
10 62 4099
16 96 4100
33 95 4101
33 56 4102
80 96 4103
22 63 4104
23 29 4105
36 64 4106
19 88 4107
31 92 4108
64 81 4109
23 85 4110
45 62 4111
25 71 4112
80 84 4113
48 86 4114
58 89 4115
25 90 4116
18 64 4117
90 93 4118
11 79 4119
29 82 4120
52 83 4121
25 57 4122
1 25 4123
67 84 4124
3 76 4125
14 74 4126
47 96 4127
1 82 4128
11 96 4129
41 61 4130
21 64 4131
55 93 4132
93 99 4133
8 84 4134
30 92 4135
95 102 4136
10 99 4137
52 79 4138
4 94 4139
61 92 4140
2 47 4141
58 99 4142
79 84 4143
81 87 4144
20 86 4145
20 92 4146
64 71 4147
28 33 4148
87 102 4149
3 85 4150
29 85 4151
17 61 4152
33 75 4153
46 62 4154
25 92 4155
39 61 4156
58 83 4157
80 99 4158
16 91 4159
17 72 4160
8 88 4161
29 33 4162
3 59 4163
44 81 4164
81 82 4165
21 96 4166
22 28 4167
11 47 4168
22 93 4169
23 33 4170
23 79 4171
33 40 4172
9 75 4173
22 80 4174
45 46 4175
46 48 4176
36 82 4177
42 81 4178
11 94 4179
19 82 4180
38 93 4181
44 102 4182
77 98 4183
41 81 4184
47 99 4185
26 89 4186
53 71 4187
16 34 4188
23 92 4189
30 93 4190
52 68 4191
1 39 4192
74 100 4193
2 68 4194
16 23 4195
68 102 4196
19 89 4197
55 96 4198
7 62 4199
20 84 4200
16 28 4201
5 74 4202
61 90 4203
6 75 4204
1 93 4205
68 81 4206
24 94 4207
32 81 4208
48 54 4209
17 97 4210
16 53 4211
62 89 4212
75 102 4213
9 84 4214
27 83 4215
16 31 4216
2 16 4217
25 86 4218
28 88 4219
80 90 4220
10 97 4221
16 60 4222
12 93 4223
39 71 4224
46 57 4225
21 101 4226
25 84 4227
77 102 4228
46 65 4229
10 45 4230
19 48 4231
1 33 4232
10 100 4233
15 97 4234
7 67 4235
36 95 4236
79 100 4237
80 93 4238
16 66 4239
22 102 4240
57 94 4241
28 61 4242
43 81 4243
49 102 4244
10 90 4245
21 87 4246
28 98 4247
11 69 4248
38 68 4249
16 100 4250
5 97 4251
41 48 4252
54 84 4253
84 100 4254
19 74 4255
83 101 4256
80 86 4257
98 101 4258
10 23 4259
29 72 4260
94 98 4261
15 69 4262
19 92 4263
56 84 4264
81 95 4265
50 98 4266
21 49 4267
54 89 4268
10 96 4269
74 102 4270
25 82 4271
46 98 4272
9 81 4273
12 83 4274
49 94 4275
53 82 4276
9 92 4277
28 83 4278
33 66 4279
58 80 4280
13 75 4281
13 102 4282
16 55 4283
69 81 4284
38 61 4285
39 63 4286
46 95 4287
47 100 4288
66 102 4289
33 47 4290
47 93 4291
7 91 4292
1 76 4293
54 86 4294
6 81 4295
7 52 4296
83 98 4297
5 71 4298
46 69 4299
25 96 4300
53 98 4301
29 81 4302
1 84 4303
29 68 4304
7 68 4305
29 95 4306
21 66 4307
24 25 4308
55 89 4309
20 71 4310
29 63 4311
10 53 4312
16 73 4313
60 102 4314
49 92 4315
43 80 4316
23 48 4317
33 78 4318
58 81 4319
21 60 4320
27 92 4321
55 98 4322
19 25 4323
70 100 4324
2 35 4325
10 51 4326
47 49 4327
85 98 4328
21 58 4329
25 100 4330
58 85 4331
44 46 4332
67 80 4333
19 100 4334
18 92 4335
21 94 4336
5 102 4337
30 79 4338
9 46 4339
65 83 4340
46 100 4341
1 16 4342
18 83 4343
26 82 4344
48 69 4345
7 48 4346
30 95 4347
52 89 4348
9 102 4349
11 92 4350
17 93 4351
20 68 4352
28 79 4353
84 92 4354
10 52 4355
2 82 4356
7 41 4357
62 82 4358
25 87 4359
45 102 4360
62 83 4361
33 100 4362
93 102 4363
1 37 4364
61 96 4365
31 93 4366
10 54 4367
7 70 4368
28 71 4369
13 81 4370
70 80 4371
39 47 4372
10 44 4373
29 83 4374
47 50 4375
10 28 4376
42 102 4377
80 95 4378
8 46 4379
16 58 4380
45 61 4381
17 85 4382
2 86 4383
4 16 4384
33 45 4385
33 90 4386
60 80 4387
23 75 4388
3 67 4389
52 94 4390
21 73 4391
18 21 4392
7 102 4393
17 84 4394
33 72 4395
5 78 4396
19 84 4397
21 76 4398
51 80 4399
58 92 4400
1 97 4401
19 63 4402
33 86 4403
45 47 4404
55 84 4405
57 100 4406
16 38 4407
34 94 4408
47 52 4409
51 86 4410
29 62 4411
10 88 4412
5 75 4413
21 78 4414
23 25 4415
35 102 4416
16 99 4417
55 71 4418
16 57 4419
29 69 4420
17 83 4421
17 25 4422
25 63 4423
5 84 4424
20 69 4425
25 62 4426
15 75 4427
35 92 4428
15 102 4429
50 93 4430
1 72 4431
15 84 4432
33 96 4433
64 100 4434
1 38 4435
10 77 4436
16 51 4437
16 67 4438
30 71 4439
3 68 4440
82 99 4441
16 49 4442
45 81 4443
21 83 4444
11 25 4445
21 98 4446
72 102 4447
9 74 4448
56 99 4449
7 63 4450
16 52 4451
16 101 4452
32 92 4453
48 90 4454
83 102 4455
14 48 4456
17 21 4457
10 38 4458
10 87 4459
18 29 4460
19 95 4461
54 102 4462
87 94 4463
50 89 4464
7 90 4465
29 70 4466
1 91 4467
3 77 4468
12 94 4469
18 47 4470
64 86 4471
48 87 4472
27 95 4473
24 93 4474
18 69 4475
29 94 4476
38 92 4477
16 41 4478
44 64 4479
46 102 4480
29 78 4481
10 66 4482
32 56 4483
89 98 4484
63 98 4485
13 74 4486
61 86 4487
22 84 4488
18 25 4489
21 59 4490
5 46 4491
19 21 4492
16 82 4493
16 90 4494
55 92 4495
56 101 4496
80 87 4497
30 94 4498
19 79 4499
22 69 4500
29 92 4501
7 100 4502
69 102 4503
26 102 4504
38 81 4505
2 79 4506
63 89 4507
66 97 4508
93 98 4509
28 97 4510
20 63 4511
25 95 4512
20 48 4513
38 80 4514
86 94 4515
8 92 4516
48 98 4517
4 79 4518
17 79 4519
16 29 4520
42 46 4521
90 102 4522
41 93 4523
16 22 4524
16 50 4525
80 98 4526
21 91 4527
51 92 4528
25 67 4529
61 80 4530
11 83 4531
75 100 4532
18 93 4533
10 67 4534
24 89 4535
2 33 4536
51 71 4537
2 102 4538
82 102 4539
16 56 4540
33 38 4541
36 93 4542
61 84 4543
29 77 4544
19 46 4545
56 80 4546
18 74 4547
50 61 4548
21 25 4549
12 92 4550
38 48 4551
11 84 4552
21 22 4553
3 81 4554
53 93 4555
86 97 4556
16 40 4557
23 83 4558
10 86 4559
45 48 4560
7 33 4561
10 101 4562
25 81 4563
30 96 4564
57 92 4565
35 80 4566
46 61 4567
1 45 4568
25 72 4569
10 49 4570
7 98 4571
26 93 4572
13 46 4573
28 94 4574
16 45 4575
16 36 4576
10 65 4577
20 46 4578
21 34 4579
56 90 4580
33 98 4581
56 77 4582
8 89 4583
19 69 4584
25 75 4585
35 81 4586
57 81 4587
34 80 4588
60 81 4589
29 87 4590
33 54 4591
45 80 4592
57 84 4593
62 100 4594
33 58 4595
81 96 4596
33 87 4597
16 33 4598
56 100 4599
48 96 4600
20 25 4601
52 71 4602
7 101 4603
59 80 4604
5 81 4605
48 64 4606
27 89 4607
1 47 4608
23 89 4609
26 71 4610
41 64 4611
24 56 4612
71 100 4613
4 75 4614
36 96 4615
49 81 4616
27 56 4617
62 84 4618
50 80 4619
46 96 4620
7 75 4621
89 95 4622
21 100 4623
16 95 4624
8 80 4625
50 102 4626
71 99 4627
33 68 4628
57 93 4629
21 55 4630
89 96 4631
3 91 4632
12 74 4633
46 58 4634
85 102 4635
46 64 4636
59 102 4637
21 50 4638
5 89 4639
29 89 4640
61 99 4641
20 102 4642
33 67 4643
17 95 4644
8 71 4645
30 89 4646
63 81 4647
3 73 4648
15 48 4649
13 71 4650
21 84 4651
34 81 4652
21 27 4653
31 102 4654
14 94 4655
30 83 4656
7 64 4657
51 89 4658
63 102 4659
14 81 4660
5 80 4661
21 53 4662
22 68 4663
61 102 4664
7 46 4665
15 71 4666
6 74 4667
69 80 4668
21 82 4669
8 75 4670
1 95 4671
28 92 4672
49 56 4673
50 92 4674
1 68 4675
21 38 4676
46 68 4677
21 29 4678
1 88 4679
5 56 4680
27 94 4681
52 80 4682
40 102 4683
21 30 4684
21 93 4685
16 86 4686
21 65 4687
6 71 4688
28 100 4689
53 94 4690
93 97 4691
84 99 4692
84 95 4693
28 89 4694
16 78 4695
89 100 4696
21 74 4697
5 94 4698
36 68 4699
8 81 4700
10 63 4701
46 55 4702
3 80 4703
20 70 4704
36 91 4705
2 88 4706
2 92 4707
2 83 4708
18 79 4709
29 93 4710
16 76 4711
12 79 4712
48 50 4713
16 98 4714
62 81 4715
21 57 4716
33 79 4717
48 93 4718
17 89 4719
19 102 4720
21 51 4721
10 93 4722
78 102 4723
1 94 4724
58 102 4725
27 81 4726
31 94 4727
16 72 4728
2 29 4729
39 102 4730
46 63 4731
41 102 4732
2 25 4733
17 94 4734
29 86 4735
34 92 4736
61 81 4737
24 92 4738
57 80 4739
12 89 4740
61 101 4741
21 24 4742
25 93 4743
89 93 4744
1 83 4745
16 21 4746
46 54 4747
21 23 4748
84 102 4749
7 99 4750
21 67 4751
1 36 4752
46 93 4753
1 86 4754
33 65 4755
7 76 4756
11 75 4757
11 89 4758
21 26 4759
56 78 4760
4 89 4761
21 54 4762
5 83 4763
3 88 4764
63 80 4765
29 84 4766
20 81 4767
1 48 4768
53 80 4769
7 96 4770
50 84 4771
7 82 4772
16 97 4773
21 72 4774
47 51 4775
3 83 4776
16 25 4777
3 94 4778
80 101 4779
10 84 4780
16 62 4781
23 56 4782
17 74 4783
62 80 4784
48 52 4785
2 46 4786
10 91 4787
81 98 4788
18 102 4789
53 92 4790
54 92 4791
11 48 4792
33 48 4793
16 24 4794
1 78 4795
11 46 4796
28 82 4797
33 83 4798
7 88 4799
10 47 4800
11 102 4801
16 85 4802
81 99 4803
27 84 4804
24 84 4805
28 93 4806
51 81 4807
16 77 4808
19 94 4809
34 56 4810
46 53 4811
35 56 4812
56 87 4813
61 93 4814
55 102 4815
56 72 4816
89 97 4817
18 94 4818
81 101 4819
2 69 4820
26 81 4821
2 48 4822
7 95 4823
56 93 4824
12 71 4825
33 63 4826
17 75 4827
4 71 4828
21 62 4829
14 71 4830
56 70 4831
23 80 4832
12 81 4833
14 80 4834
15 46 4835
25 70 4836
30 81 4837
4 81 4838
29 80 4839
1 77 4840
10 64 4841
21 28 4842
7 73 4843
21 48 4844
56 57 4845
43 56 4846
19 56 4847
37 56 4848
36 56 4849
56 68 4850
54 93 4851
14 102 4852
25 68 4853
9 80 4854
10 85 4855
21 75 4856
16 64 4857
26 56 4858
46 52 4859
6 80 4860
11 81 4861
15 81 4862
6 89 4863
1 69 4864
21 68 4865
23 81 4866
7 72 4867
17 70 4868
56 86 4869
3 72 4870
16 65 4871
46 49 4872
16 102 4873
25 56 4874
33 60 4875
33 64 4876
33 69 4877
31 56 4878
4 56 4879
16 63 4880
31 80 4881
17 92 4882
67 102 4883
3 75 4884
7 56 4885
2 74 4886
10 95 4887
39 56 4888
28 81 4889
1 46 4890
27 80 4891
7 83 4892
16 87 4893
31 81 4894
49 93 4895
18 48 4896
10 46 4897
26 80 4898
33 89 4899
18 75 4900
7 69 4901
11 74 4902
18 46 4903
17 56 4904
51 93 4905
56 69 4906
2 89 4907
3 92 4908
46 51 4909
13 80 4910
15 80 4911
70 102 4912
11 71 4913
19 75 4914
30 80 4915
10 56 4916
12 46 4917
16 89 4918
13 56 4919
53 102 4920
52 81 4921
21 63 4922
7 92 4923
7 94 4924
50 81 4925
24 80 4926
56 92 4927
56 96 4928
3 93 4929
16 71 4930
17 48 4931
54 80 4932
7 87 4933
3 86 4934
10 94 4935
53 56 4936
56 60 4937
17 80 4938
56 98 4939
51 102 4940
38 102 4941
20 80 4942
30 56 4943
42 64 4944
56 65 4945
6 56 4946
42 56 4947
21 70 4948
16 61 4949
17 81 4950
7 86 4951
56 95 4952
33 93 4953
16 92 4954
18 71 4955
63 85 4956
10 73 4957
18 89 4958
19 71 4959
7 79 4960
61 85 4961
10 69 4962
18 81 4963
35 93 4964
50 56 4965
7 74 4966
10 82 4967
14 56 4968
33 84 4969
17 64 4970
80 100 4971
1 81 4972
7 93 4973
55 56 4974
55 81 4975
16 70 4976
24 81 4977
56 88 4978
1 73 4979
10 72 4980
16 68 4981
2 81 4982
38 56 4983
12 56 4984
16 81 4985
88 96 4986
4 80 4987
52 93 4988
12 80 4989
16 80 4990
98 102 4991
44 56 4992
2 75 4993
3 69 4994
15 56 4995
51 56 4996
10 76 4997
1 56 4998
54 81 4999
10 78 5000
28 102 5001
3 70 5002
54 56 5003
2 56 5004
8 56 5005
56 58 5006
28 56 5007
52 56 5008
52 92 5009
10 68 5010
26 94 5011
28 95 5012
19 80 5013
2 71 5014
56 62 5015
7 77 5016
7 81 5017
16 46 5018
56 64 5019
11 80 5020
33 62 5021
10 70 5022
10 83 5023
16 69 5024
10 89 5025
1 75 5026
26 84 5027
45 56 5028
2 80 5029
18 56 5030
61 98 5031
20 56 5032
12 75 5033
19 81 5034
7 85 5035
28 84 5036
3 87 5037
81 100 5038
1 92 5039
16 84 5040
16 93 5041
2 94 5042
53 81 5043
46 50 5044
55 80 5045
56 61 5046
7 84 5047
10 71 5048
17 47 5049
1 74 5050
2 36 5051
28 80 5052
25 69 5053
33 82 5054
17 46 5055
7 78 5056
17 71 5057
18 80 5058
1 79 5059
20 21 5060
10 74 5061
21 69 5062
9 56 5063
16 48 5064
1 80 5065
56 66 5066
41 56 5067
1 71 5068
56 63 5069
1 89 5070
33 61 5071
7 80 5072
10 75 5073
11 56 5074
56 59 5075
