70 73 1
75 79 2
13 50 3
26 40 4
14 28 5
2 30 6
2 4 7
68 93 8
87 93 9
9 14 10
31 60 11
5 24 12
8 23 13
40 90 14
20 51 15
5 20 16
50 87 17
19 70 18
13 90 19
14 43 20
23 30 21
91 92 22
5 14 23
6 19 24
18 70 25
82 87 26
68 91 27
17 87 28
73 87 29
37 44 30
20 37 31
23 91 32
87 88 33
20 31 34
40 91 35
17 23 36
31 44 37
60 101 38
2 70 39
4 43 40
6 18 41
9 20 42
67 91 43
4 13 44
13 28 45
62 73 46
31 43 47
34 53 48
53 68 49
31 50 50
38 87 51
36 47 52
19 73 53
20 99 54
35 43 55
50 69 56
17 28 57
23 50 58
31 91 59
87 90 60
13 40 61
20 45 62
30 40 63
31 53 64
37 53 65
4 23 66
13 24 67
26 73 68
90 100 69
31 68 70
68 78 71
11 20 72
28 65 73
87 100 74
14 50 75
37 91 76
14 60 77
9 17 78
20 40 79
28 52 80
70 74 81
13 23 82
18 22 83
26 50 84
60 87 85
13 93 86
73 90 87
43 72 88
40 41 89
75 89 90
69 86 91
50 72 92
78 91 93
2 23 94
5 13 95
28 87 96
67 92 97
68 82 98
5 55 99
19 57 100
26 51 101
42 47 102
65 102 103
13 98 104
43 99 105
55 101 106
4 19 107
37 43 108
23 96 109
58 68 110
50 65 111
70 76 112
50 98 113
31 51 114
26 100 115
57 65 116
40 75 117
71 88 118
61 81 119
18 20 120
20 91 121
73 85 122
38 60 123
43 44 124
2 27 125
18 24 126
22 59 127
43 55 128
37 39 129
60 69 130
30 88 131
40 57 132
66 68 133
17 18 134
36 46 135
50 99 136
18 90 137
5 17 138
5 36 139
14 68 140
31 35 141
35 99 142
90 91 143
98 100 144
26 70 145
28 30 146
38 44 147
61 91 148
5 37 149
37 63 150
11 93 151
70 78 152
37 62 153
59 64 154
60 72 155
84 102 156
9 18 157
19 66 158
55 66 159
20 68 160
31 73 161
9 13 162
3 25 163
67 101 164
68 90 165
5 31 166
22 57 167
57 64 168
58 63 169
8 37 170
54 68 171
50 73 172
28 51 173
28 72 174
68 70 175
64 65 176
11 90 177
38 43 178
23 28 179
46 47 180
54 77 181
55 85 182
91 95 183
82 90 184
3 16 185
4 10 186
11 13 187
28 73 188
51 87 189
2 14 190
18 57 191
34 73 192
8 91 193
19 24 194
60 68 195
2 73 196
28 78 197
34 45 198
64 100 199
11 15 200
60 91 201
12 19 202
59 68 203
12 28 204
31 47 205
62 75 206
4 90 207
26 78 208
65 96 209
75 88 210
40 66 211
44 55 212
32 70 213
31 49 214
77 78 215
17 59 216
37 85 217
43 87 218
30 50 219
51 98 220
14 51 221
91 101 222
47 75 223
20 75 224
26 91 225
28 69 226
4 30 227
40 43 228
87 98 229
36 43 230
37 101 231
58 73 232
61 72 233
8 19 234
74 91 235
6 70 236
46 97 237
3 13 238
31 40 239
34 87 240
13 97 241
13 57 242
15 57 243
2 55 244
18 93 245
35 48 246
26 28 247
30 37 248
5 40 249
37 96 250
40 50 251
35 37 252
13 41 253
13 52 254
76 91 255
4 65 256
70 91 257
87 101 258
37 50 259
14 24 260
60 65 261
23 93 262
12 17 263
16 19 264
22 61 265
47 52 266
43 52 267
60 63 268
8 12 269
2 32 270
26 45 271
35 46 272
35 55 273
13 37 274
18 51 275
24 26 276
20 72 277
51 85 278
76 88 279
8 72 280
35 60 281
87 91 282
28 59 283
36 48 284
31 98 285
13 20 286
9 26 287
37 42 288
37 87 289
63 78 290
37 58 291
9 31 292
15 17 293
18 100 294
13 38 295
35 51 296
64 73 297
43 46 298
34 44 299
3 18 300
45 60 301
13 15 302
13 78 303
30 54 304
31 70 305
38 91 306
57 91 307
19 93 308
14 55 309
82 83 310
37 54 311
40 54 312
17 62 313
3 31 314
20 24 315
28 43 316
60 76 317
38 45 318
35 44 319
57 98 320
60 77 321
34 86 322
60 95 323
62 65 324
30 62 325
62 72 326
66 91 327
13 77 328
40 98 329
79 91 330
30 39 331
12 18 332
32 54 333
51 70 334
5 79 335
11 37 336
31 38 337
4 28 338
72 91 339
15 32 340
34 55 341
60 66 342
27 30 343
34 43 344
3 37 345
57 61 346
40 100 347
30 41 348
8 15 349
60 73 350
38 39 351
36 37 352
15 19 353
28 34 354
34 36 355
73 86 356
68 89 357
22 36 358
35 58 359
13 58 360
73 95 361
13 65 362
58 87 363
66 87 364
4 18 365
40 93 366
9 16 367
20 26 368
57 87 369
30 92 370
60 62 371
70 87 372
2 8 373
27 28 374
64 88 375
9 40 376
3 22 377
22 27 378
83 88 379
4 51 380
19 78 381
75 76 382
11 51 383
73 91 384
31 34 385
31 87 386
3 5 387
51 101 388
18 31 389
62 68 390
13 70 391
26 32 392
14 30 393
9 24 394
28 31 395
75 80 396
5 39 397
27 62 398
2 57 399
3 10 400
32 37 401
30 34 402
65 66 403
9 54 404
38 101 405
88 90 406
24 58 407
63 90 408
14 20 409
38 57 410
28 54 411
57 95 412
79 92 413
22 30 414
23 39 415
26 68 416
14 26 417
35 69 418
11 41 419
17 20 420
50 100 421
57 83 422
34 54 423
26 37 424
61 96 425
67 90 426
73 98 427
26 39 428
75 77 429
87 96 430
6 50 431
12 13 432
20 101 433
85 92 434
27 50 435
5 60 436
50 93 437
43 78 438
8 26 439
70 72 440
18 27 441
17 52 442
48 80 443
51 58 444
31 58 445
32 91 446
11 14 447
31 62 448
62 63 449
65 87 450
79 88 451
26 44 452
6 90 453
8 59 454
4 26 455
15 50 456
43 59 457
59 95 458
68 73 459
20 64 460
26 76 461
13 99 462
30 87 463
87 99 464
9 88 465
44 87 466
40 87 467
50 58 468
65 91 469
13 18 470
2 18 471
5 43 472
64 70 473
4 50 474
76 90 475
65 86 476
68 92 477
57 71 478
61 98 479
87 102 480
13 66 481
32 43 482
34 101 483
39 59 484
78 90 485
30 35 486
43 49 487
13 54 488
47 62 489
62 88 490
3 12 491
5 78 492
20 100 493
35 49 494
75 93 495
34 37 496
9 52 497
20 39 498
50 54 499
14 73 500
62 77 501
82 86 502
58 98 503
37 98 504
39 41 505
41 45 506
76 87 507
32 59 508
5 38 509
59 87 510
4 73 511
9 66 512
30 43 513
40 47 514
9 68 515
57 68 516
57 77 517
11 38 518
13 73 519
53 72 520
62 70 521
68 72 522
20 96 523
28 55 524
18 78 525
59 61 526
4 32 527
17 26 528
18 40 529
14 23 530
37 60 531
40 46 532
44 75 533
90 92 534
14 69 535
12 35 536
3 52 537
70 92 538
77 91 539
44 50 540
35 53 541
67 74 542
44 68 543
40 51 544
24 70 545
34 68 546
54 66 547
12 62 548
38 62 549
90 99 550
37 45 551
86 87 552
40 59 553
27 91 554
55 63 555
22 72 556
30 73 557
9 41 558
45 66 559
72 78 560
43 76 561
24 90 562
39 77 563
93 101 564
17 65 565
34 72 566
59 65 567
34 40 568
38 68 569
28 58 570
43 50 571
93 98 572
42 89 573
60 64 574
4 55 575
34 77 576
52 54 577
20 78 578
22 29 579
59 90 580
34 38 581
63 87 582
81 92 583
13 68 584
30 52 585
42 49 586
55 80 587
50 91 588
9 35 589
38 49 590
42 93 591
69 72 592
19 37 593
3 6 594
18 73 595
34 35 596
5 47 597
22 25 598
68 85 599
46 101 600
11 31 601
51 90 602
13 91 603
65 93 604
4 8 605
23 32 606
91 93 607
26 77 608
36 94 609
88 98 610
57 67 611
44 51 612
47 88 613
8 31 614
35 52 615
3 32 616
77 88 617
18 30 618
9 36 619
28 35 620
14 39 621
86 88 622
20 98 623
13 33 624
13 59 625
24 87 626
12 43 627
9 32 628
37 46 629
30 100 630
42 51 631
18 37 632
52 87 633
3 9 634
22 90 635
10 17 636
13 31 637
24 60 638
66 75 639
8 54 640
53 87 641
36 74 642
14 38 643
65 70 644
5 53 645
32 36 646
47 77 647
46 74 648
68 76 649
88 91 650
57 72 651
34 95 652
36 42 653
59 69 654
40 55 655
4 27 656
75 94 657
87 97 658
48 55 659
43 53 660
13 43 661
73 88 662
19 31 663
50 64 664
53 55 665
54 75 666
12 14 667
9 51 668
43 95 669
31 101 670
36 52 671
12 34 672
52 60 673
69 75 674
91 100 675
25 61 676
28 38 677
62 78 678
12 42 679
19 27 680
28 90 681
18 32 682
38 54 683
22 26 684
14 64 685
20 44 686
45 55 687
50 68 688
50 90 689
32 85 690
46 51 691
28 75 692
30 38 693
44 58 694
43 69 695
35 87 696
5 54 697
22 98 698
2 31 699
43 63 700
22 74 701
41 44 702
2 64 703
18 50 704
35 77 705
43 85 706
19 82 707
30 32 708
19 36 709
43 70 710
41 73 711
47 76 712
65 98 713
92 94 714
13 35 715
64 91 716
42 66 717
62 93 718
54 67 719
17 38 720
20 55 721
36 39 722
15 68 723
45 50 724
28 94 725
34 99 726
53 62 727
6 91 728
13 87 729
71 80 730
42 53 731
84 96 732
32 60 733
8 62 734
62 66 735
26 43 736
28 76 737
51 59 738
22 31 739
91 96 740
9 59 741
28 32 742
67 87 743
31 99 744
70 90 745
3 98 746
52 66 747
65 101 748
21 22 749
42 59 750
40 78 751
73 78 752
30 65 753
59 91 754
98 99 755
46 77 756
37 78 757
40 77 758
15 88 759
30 46 760
13 17 761
50 78 762
62 76 763
89 91 764
29 61 765
72 77 766
83 98 767
35 80 768
73 101 769
5 50 770
31 37 771
20 87 772
38 50 773
20 28 774
23 31 775
47 87 776
22 88 777
32 39 778
11 24 779
22 55 780
30 60 781
35 36 782
3 60 783
37 70 784
2 51 785
17 54 786
31 54 787
40 79 788
9 37 789
47 50 790
4 9 791
3 43 792
13 19 793
27 29 794
43 101 795
18 36 796
20 42 797
90 98 798
25 34 799
37 66 800
2 78 801
4 14 802
1 49 803
14 91 804
23 72 805
25 50 806
8 14 807
38 88 808
47 72 809
73 74 810
45 59 811
63 93 812
34 91 813
12 86 814
59 86 815
34 65 816
47 49 817
31 39 818
32 61 819
13 63 820
23 36 821
26 72 822
12 60 823
37 47 824
30 45 825
50 55 826
51 68 827
70 85 828
57 82 829
60 79 830
11 57 831
38 59 832
14 49 833
31 82 834
3 40 835
9 58 836
41 88 837
35 45 838
5 63 839
11 27 840
45 90 841
66 98 842
23 102 843
11 78 844
13 72 845
26 88 846
54 69 847
11 55 848
20 88 849
35 50 850
20 73 851
89 96 852
23 100 853
81 90 854
17 66 855
3 21 856
69 70 857
85 91 858
8 45 859
13 62 860
50 88 861
20 63 862
31 48 863
55 82 864
39 55 865
44 47 866
64 90 867
28 70 868
5 99 869
14 58 870
20 35 871
14 32 872
27 45 873
74 75 874
72 75 875
20 50 876
65 69 877
67 100 878
19 99 879
30 53 880
8 87 881
36 60 882
43 60 883
3 87 884
15 34 885
5 58 886
42 60 887
2 76 888
31 42 889
66 71 890
18 91 891
35 91 892
45 91 893
5 44 894
24 39 895
6 28 896
13 36 897
5 72 898
76 95 899
20 76 900
54 80 901
60 75 902
9 15 903
38 53 904
23 54 905
43 45 906
19 29 907
41 50 908
77 87 909
39 65 910
20 22 911
14 78 912
22 52 913
38 41 914
25 48 915
51 67 916
47 79 917
2 24 918
20 60 919
45 100 920
41 43 921
24 85 922
27 68 923
51 78 924
14 63 925
5 12 926
34 69 927
40 74 928
94 97 929
14 36 930
6 13 931
19 67 932
70 82 933
5 51 934
11 60 935
15 28 936
28 63 937
49 55 938
59 60 939
35 86 940
11 100 941
30 59 942
51 76 943
24 55 944
64 82 945
20 93 946
24 67 947
36 55 948
50 74 949
35 101 950
40 61 951
39 51 952
4 20 953
51 60 954
11 26 955
14 44 956
74 94 957
22 38 958
17 32 959
20 66 960
53 85 961
39 44 962
37 75 963
72 90 964
59 66 965
23 43 966
83 94 967
96 100 968
51 55 969
18 21 970
29 97 971
13 14 972
48 97 973
60 86 974
3 47 975
53 70 976
43 68 977
59 77 978
38 40 979
37 49 980
50 79 981
54 91 982
28 84 983
44 93 984
65 99 985
74 78 986
67 86 987
46 48 988
19 51 989
14 77 990
26 69 991
37 71 992
48 60 993
60 82 994
41 87 995
58 88 996
20 69 997
50 86 998
53 86 999
12 53 1000
26 30 1001
42 43 1002
14 70 1003
32 51 1004
4 12 1005
28 53 1006
18 59 1007
2 61 1008
43 62 1009
55 69 1010
55 96 1011
23 90 1012
4 25 1013
27 77 1014
29 96 1015
34 42 1016
34 50 1017
8 70 1018
50 75 1019
9 94 1020
38 78 1021
44 59 1022
54 64 1023
3 64 1024
5 26 1025
3 51 1026
39 54 1027
50 76 1028
57 70 1029
14 17 1030
54 72 1031
61 80 1032
17 31 1033
10 50 1034
23 101 1035
34 70 1036
47 51 1037
5 32 1038
14 67 1039
5 73 1040
10 62 1041
35 70 1042
73 102 1043
8 68 1044
67 102 1045
30 72 1046
24 50 1047
44 91 1048
43 47 1049
23 73 1050
19 28 1051
65 68 1052
34 98 1053
44 99 1054
50 101 1055
12 72 1056
81 86 1057
27 53 1058
26 35 1059
85 90 1060
4 36 1061
37 77 1062
4 22 1063
14 42 1064
14 86 1065
19 58 1066
33 34 1067
9 50 1068
34 51 1069
35 96 1070
47 58 1071
17 53 1072
4 5 1073
8 96 1074
43 82 1075
11 73 1076
40 62 1077
65 90 1078
60 99 1079
37 40 1080
70 81 1081
33 57 1082
3 62 1083
47 74 1084
4 60 1085
5 102 1086
6 11 1087
57 62 1088
64 68 1089
54 87 1090
5 28 1091
68 101 1092
13 25 1093
39 73 1094
66 83 1095
90 94 1096
50 60 1097
34 100 1098
58 60 1099
50 51 1100
12 31 1101
28 68 1102
15 85 1103
27 34 1104
26 67 1105
20 70 1106
32 78 1107
18 47 1108
35 72 1109
24 34 1110
46 50 1111
82 91 1112
23 78 1113
55 73 1114
20 85 1115
39 87 1116
71 93 1117
2 43 1118
44 60 1119
4 61 1120
40 86 1121
47 91 1122
66 95 1123
78 101 1124
55 77 1125
14 40 1126
64 102 1127
62 90 1128
14 41 1129
27 36 1130
23 24 1131
51 74 1132
11 88 1133
34 78 1134
30 76 1135
36 88 1136
57 86 1137
22 97 1138
51 64 1139
4 24 1140
50 77 1141
71 87 1142
17 69 1143
31 78 1144
80 86 1145
13 82 1146
38 65 1147
4 6 1148
22 83 1149
31 88 1150
39 83 1151
9 28 1152
8 13 1153
23 60 1154
90 97 1155
48 92 1156
40 44 1157
9 100 1158
79 101 1159
17 41 1160
14 87 1161
53 95 1162
30 74 1163
68 79 1164
91 98 1165
73 97 1166
9 39 1167
9 45 1168
62 67 1169
18 67 1170
10 57 1171
38 82 1172
3 66 1173
71 91 1174
74 97 1175
77 95 1176
22 54 1177
43 51 1178
4 11 1179
3 17 1180
22 66 1181
6 30 1182
8 95 1183
44 86 1184
6 14 1185
13 83 1186
20 36 1187
44 70 1188
40 72 1189
76 86 1190
85 88 1191
14 37 1192
36 41 1193
26 75 1194
47 101 1195
37 82 1196
20 43 1197
34 93 1198
22 46 1199
30 101 1200
45 53 1201
53 66 1202
8 101 1203
57 80 1204
70 93 1205
36 63 1206
34 60 1207
86 101 1208
10 34 1209
50 62 1210
6 15 1211
27 70 1212
59 76 1213
59 98 1214
23 57 1215
44 52 1216
23 37 1217
42 44 1218
57 74 1219
73 81 1220
45 89 1221
14 31 1222
24 91 1223
39 50 1224
57 59 1225
31 59 1226
80 92 1227
27 80 1228
67 68 1229
25 57 1230
50 67 1231
86 99 1232
62 87 1233
20 58 1234
2 6 1235
22 41 1236
63 65 1237
15 40 1238
69 87 1239
3 58 1240
55 99 1241
67 82 1242
13 32 1243
4 64 1244
3 42 1245
41 91 1246
25 96 1247
9 43 1248
14 22 1249
34 85 1250
5 8 1251
58 62 1252
28 37 1253
38 48 1254
51 63 1255
28 86 1256
40 68 1257
9 44 1258
4 68 1259
43 79 1260
2 26 1261
15 53 1262
72 89 1263
67 96 1264
79 87 1265
83 92 1266
20 77 1267
26 31 1268
30 78 1269
82 95 1270
19 61 1271
72 96 1272
20 41 1273
31 57 1274
42 99 1275
36 97 1276
73 75 1277
86 93 1278
22 47 1279
25 90 1280
57 76 1281
80 94 1282
4 54 1283
49 52 1284
31 32 1285
72 101 1286
20 95 1287
31 86 1288
42 50 1289
65 77 1290
5 23 1291
37 59 1292
50 57 1293
3 4 1294
42 79 1295
12 65 1296
55 68 1297
8 51 1298
11 19 1299
36 54 1300
3 11 1301
69 98 1302
29 92 1303
44 54 1304
41 63 1305
4 62 1306
34 58 1307
67 83 1308
46 94 1309
76 100 1310
15 44 1311
17 82 1312
90 95 1313
23 27 1314
2 59 1315
13 22 1316
42 54 1317
27 57 1318
28 60 1319
15 102 1320
14 92 1321
45 67 1322
28 82 1323
44 89 1324
23 63 1325
60 80 1326
26 93 1327
44 53 1328
88 97 1329
44 65 1330
51 57 1331
29 59 1332
36 80 1333
46 90 1334
47 92 1335
17 30 1336
66 96 1337
2 93 1338
53 65 1339
59 83 1340
5 67 1341
35 83 1342
39 40 1343
5 35 1344
11 70 1345
18 92 1346
18 43 1347
34 88 1348
30 70 1349
61 85 1350
17 90 1351
41 90 1352
38 90 1353
40 65 1354
37 55 1355
70 77 1356
29 48 1357
35 98 1358
41 49 1359
46 88 1360
8 67 1361
51 54 1362
8 38 1363
29 91 1364
18 28 1365
13 100 1366
5 89 1367
63 77 1368
22 43 1369
30 33 1370
58 65 1371
63 95 1372
3 90 1373
19 90 1374
57 73 1375
61 92 1376
26 41 1377
2 22 1378
52 53 1379
71 94 1380
3 35 1381
41 65 1382
29 57 1383
36 44 1384
62 98 1385
17 34 1386
36 40 1387
34 63 1388
69 78 1389
18 101 1390
75 91 1391
2 40 1392
79 80 1393
59 73 1394
10 40 1395
27 35 1396
75 82 1397
8 55 1398
51 95 1399
10 30 1400
38 86 1401
2 100 1402
31 66 1403
31 67 1404
35 54 1405
45 58 1406
12 25 1407
36 53 1408
15 30 1409
72 79 1410
13 44 1411
7 36 1412
17 86 1413
5 59 1414
50 92 1415
9 11 1416
20 53 1417
28 41 1418
19 50 1419
22 48 1420
38 98 1421
9 55 1422
36 62 1423
24 43 1424
47 55 1425
47 71 1426
27 40 1427
93 100 1428
55 62 1429
23 29 1430
49 80 1431
62 95 1432
35 42 1433
13 26 1434
28 62 1435
17 63 1436
47 85 1437
29 37 1438
74 92 1439
2 90 1440
22 99 1441
84 91 1442
25 55 1443
25 60 1444
54 55 1445
31 76 1446
51 82 1447
55 91 1448
40 73 1449
7 22 1450
29 36 1451
43 65 1452
15 91 1453
51 71 1454
37 74 1455
46 91 1456
88 95 1457
3 96 1458
24 27 1459
3 49 1460
4 52 1461
12 36 1462
15 20 1463
9 42 1464
31 79 1465
57 100 1466
22 67 1467
8 41 1468
51 72 1469
66 67 1470
23 70 1471
25 62 1472
49 72 1473
67 69 1474
8 74 1475
20 86 1476
22 62 1477
20 52 1478
42 57 1479
45 93 1480
23 67 1481
3 99 1482
5 65 1483
20 89 1484
35 38 1485
14 98 1486
10 13 1487
4 57 1488
9 90 1489
61 93 1490
8 65 1491
17 19 1492
40 52 1493
33 55 1494
74 88 1495
13 88 1496
38 47 1497
75 101 1498
39 64 1499
13 34 1500
25 49 1501
30 55 1502
31 55 1503
14 99 1504
38 69 1505
5 93 1506
14 90 1507
50 52 1508
39 75 1509
10 21 1510
23 64 1511
6 51 1512
36 73 1513
3 28 1514
34 66 1515
35 63 1516
80 95 1517
60 88 1518
29 55 1519
28 46 1520
7 34 1521
11 62 1522
58 90 1523
40 64 1524
48 91 1525
11 47 1526
9 34 1527
41 78 1528
74 87 1529
20 23 1530
37 88 1531
3 54 1532
30 98 1533
5 75 1534
14 72 1535
75 87 1536
40 60 1537
78 87 1538
12 98 1539
14 45 1540
72 86 1541
62 71 1542
26 53 1543
12 44 1544
32 40 1545
60 93 1546
83 100 1547
74 90 1548
24 63 1549
70 86 1550
36 58 1551
6 73 1552
37 95 1553
13 21 1554
14 35 1555
42 68 1556
78 83 1557
61 76 1558
77 98 1559
35 100 1560
12 63 1561
48 74 1562
13 51 1563
26 101 1564
45 86 1565
8 30 1566
29 51 1567
80 89 1568
29 62 1569
67 98 1570
40 42 1571
28 67 1572
40 53 1573
49 59 1574
61 89 1575
36 78 1576
34 52 1577
50 95 1578
34 57 1579
45 69 1580
47 90 1581
54 60 1582
50 59 1583
39 67 1584
41 51 1585
67 70 1586
14 19 1587
11 17 1588
29 45 1589
65 100 1590
61 66 1591
20 38 1592
6 59 1593
43 73 1594
5 96 1595
18 58 1596
15 39 1597
77 85 1598
89 102 1599
27 51 1600
15 93 1601
2 38 1602
8 43 1603
75 83 1604
27 37 1605
11 23 1606
45 101 1607
23 61 1608
23 26 1609
67 77 1610
76 98 1611
93 96 1612
11 39 1613
20 94 1614
4 38 1615
17 83 1616
37 80 1617
50 70 1618
45 65 1619
19 48 1620
30 36 1621
60 74 1622
76 93 1623
31 61 1624
73 96 1625
54 83 1626
12 95 1627
19 20 1628
3 84 1629
18 55 1630
43 93 1631
46 98 1632
24 69 1633
46 80 1634
35 64 1635
93 95 1636
30 47 1637
34 62 1638
43 91 1639
32 74 1640
2 19 1641
14 53 1642
45 48 1643
37 51 1644
9 38 1645
12 87 1646
57 69 1647
46 63 1648
5 68 1649
38 100 1650
78 84 1651
23 77 1652
19 34 1653
19 97 1654
26 55 1655
26 66 1656
46 49 1657
17 35 1658
18 41 1659
18 38 1660
57 66 1661
40 76 1662
3 8 1663
3 27 1664
13 86 1665
47 65 1666
23 51 1667
34 41 1668
72 87 1669
20 80 1670
69 73 1671
88 101 1672
3 38 1673
32 50 1674
55 74 1675
31 89 1676
13 92 1677
48 67 1678
58 85 1679
23 68 1680
77 92 1681
29 90 1682
50 61 1683
54 78 1684
23 45 1685
52 71 1686
20 54 1687
36 75 1688
13 101 1689
42 84 1690
5 11 1691
5 15 1692
22 34 1693
24 86 1694
81 83 1695
8 60 1696
55 86 1697
76 85 1698
5 70 1699
54 65 1700
11 53 1701
69 93 1702
59 88 1703
90 101 1704
24 28 1705
40 88 1706
43 84 1707
17 60 1708
66 72 1709
36 70 1710
28 39 1711
3 33 1712
30 68 1713
30 95 1714
32 46 1715
54 90 1716
47 69 1717
68 99 1718
34 89 1719
15 98 1720
8 32 1721
39 66 1722
29 73 1723
8 99 1724
22 53 1725
55 72 1726
18 74 1727
94 96 1728
3 82 1729
39 69 1730
46 102 1731
51 96 1732
11 52 1733
38 77 1734
68 100 1735
2 34 1736
15 90 1737
29 46 1738
37 73 1739
44 98 1740
48 68 1741
70 101 1742
24 73 1743
55 70 1744
47 99 1745
22 86 1746
32 57 1747
44 49 1748
68 87 1749
8 34 1750
8 85 1751
43 86 1752
20 32 1753
3 56 1754
28 49 1755
60 89 1756
6 101 1757
30 85 1758
58 79 1759
4 29 1760
6 68 1761
5 92 1762
29 88 1763
2 91 1764
17 76 1765
26 64 1766
17 44 1767
12 73 1768
17 24 1769
34 48 1770
32 72 1771
17 73 1772
8 100 1773
54 82 1774
8 11 1775
12 37 1776
83 86 1777
8 86 1778
17 71 1779
39 86 1780
37 79 1781
36 99 1782
13 69 1783
11 43 1784
6 57 1785
6 62 1786
3 61 1787
18 102 1788
15 18 1789
31 100 1790
87 94 1791
8 39 1792
38 72 1793
38 74 1794
3 63 1795
19 30 1796
49 66 1797
36 87 1798
47 54 1799
65 71 1800
60 98 1801
61 62 1802
31 71 1803
63 66 1804
48 51 1805
63 73 1806
11 54 1807
29 68 1808
70 84 1809
14 34 1810
4 63 1811
8 40 1812
77 90 1813
26 96 1814
38 70 1815
3 7 1816
62 100 1817
74 96 1818
6 41 1819
17 50 1820
2 20 1821
27 87 1822
35 73 1823
48 49 1824
53 54 1825
22 87 1826
54 76 1827
63 72 1828
69 88 1829
74 89 1830
38 102 1831
43 58 1832
45 98 1833
54 96 1834
9 67 1835
11 72 1836
39 100 1837
74 77 1838
3 67 1839
35 97 1840
48 75 1841
25 47 1842
61 67 1843
45 87 1844
12 57 1845
92 102 1846
18 60 1847
55 60 1848
37 102 1849
54 57 1850
1 4 1851
31 52 1852
40 92 1853
39 43 1854
52 69 1855
35 76 1856
41 99 1857
81 97 1858
11 36 1859
41 64 1860
20 57 1861
11 99 1862
48 94 1863
58 101 1864
2 41 1865
55 87 1866
95 96 1867
39 92 1868
18 84 1869
23 79 1870
86 95 1871
19 22 1872
31 36 1873
41 100 1874
20 82 1875
27 43 1876
35 93 1877
26 47 1878
33 38 1879
72 85 1880
28 95 1881
59 62 1882
83 93 1883
9 63 1884
91 94 1885
24 98 1886
2 67 1887
37 94 1888
55 78 1889
89 90 1890
11 87 1891
26 99 1892
36 72 1893
9 73 1894
54 100 1895
40 45 1896
24 31 1897
31 95 1898
6 94 1899
32 67 1900
61 101 1901
8 20 1902
79 83 1903
22 73 1904
62 96 1905
5 81 1906
23 87 1907
19 35 1908
35 57 1909
27 39 1910
62 99 1911
63 99 1912
5 34 1913
7 86 1914
11 75 1915
26 79 1916
58 69 1917
39 45 1918
56 59 1919
6 96 1920
8 21 1921
36 85 1922
14 66 1923
23 47 1924
40 83 1925
43 75 1926
54 79 1927
7 12 1928
59 93 1929
29 43 1930
41 68 1931
50 102 1932
14 18 1933
28 88 1934
30 84 1935
19 47 1936
51 69 1937
57 96 1938
84 99 1939
55 98 1940
23 66 1941
45 83 1942
8 35 1943
13 30 1944
7 45 1945
37 90 1946
71 75 1947
8 61 1948
75 78 1949
5 61 1950
65 75 1951
14 83 1952
25 52 1953
8 27 1954
5 42 1955
41 77 1956
30 86 1957
54 63 1958
22 75 1959
19 39 1960
38 51 1961
72 95 1962
29 60 1963
41 79 1964
53 99 1965
3 14 1966
31 92 1967
25 53 1968
6 85 1969
65 73 1970
9 82 1971
18 29 1972
6 8 1973
7 56 1974
15 65 1975
14 101 1976
58 74 1977
59 82 1978
71 100 1979
7 61 1980
43 57 1981
44 69 1982
20 29 1983
30 99 1984
31 75 1985
6 24 1986
26 46 1987
12 30 1988
39 70 1989
66 90 1990
41 52 1991
74 83 1992
31 90 1993
22 58 1994
24 32 1995
35 95 1996
59 102 1997
78 85 1998
97 98 1999
5 6 2000
8 73 2001
64 89 2002
4 91 2003
22 95 2004
26 38 2005
87 95 2006
30 91 2007
84 90 2008
25 28 2009
36 86 2010
40 58 2011
18 34 2012
58 86 2013
5 85 2014
15 63 2015
37 65 2016
1 20 2017
47 97 2018
27 100 2019
53 67 2020
36 51 2021
44 62 2022
21 23 2023
48 77 2024
50 89 2025
13 71 2026
41 69 2027
71 86 2028
8 83 2029
28 85 2030
8 77 2031
72 80 2032
32 58 2033
22 40 2034
44 90 2035
16 22 2036
45 52 2037
47 78 2038
12 22 2039
20 102 2040
25 29 2041
28 57 2042
8 76 2043
30 57 2044
15 81 2045
20 67 2046
8 18 2047
18 87 2048
73 94 2049
67 88 2050
42 55 2051
45 76 2052
29 65 2053
47 48 2054
49 88 2055
69 95 2056
12 38 2057
22 71 2058
47 53 2059
39 52 2060
75 85 2061
12 23 2062
8 64 2063
29 80 2064
53 80 2065
36 57 2066
39 58 2067
20 48 2068
41 72 2069
26 36 2070
34 46 2071
57 58 2072
55 56 2073
57 102 2074
13 27 2075
26 81 2076
89 101 2077
2 13 2078
25 35 2079
86 98 2080
5 88 2081
40 67 2082
8 93 2083
6 12 2084
35 78 2085
20 83 2086
17 49 2087
49 57 2088
2 60 2089
11 34 2090
23 40 2091
5 41 2092
53 89 2093
63 88 2094
69 91 2095
49 96 2096
49 81 2097
68 75 2098
17 37 2099
69 71 2100
39 101 2101
31 46 2102
68 94 2103
45 51 2104
23 94 2105
36 90 2106
7 25 2107
17 40 2108
6 53 2109
76 96 2110
66 86 2111
15 70 2112
53 96 2113
9 23 2114
29 52 2115
45 49 2116
14 100 2117
12 40 2118
48 70 2119
29 84 2120
29 89 2121
25 43 2122
19 59 2123
11 59 2124
85 97 2125
43 77 2126
29 71 2127
31 45 2128
40 69 2129
60 71 2130
35 39 2131
4 40 2132
5 90 2133
47 73 2134
70 79 2135
4 49 2136
47 68 2137
22 100 2138
4 48 2139
13 60 2140
30 77 2141
45 75 2142
18 68 2143
64 72 2144
6 26 2145
55 79 2146
53 91 2147
63 86 2148
6 102 2149
26 59 2150
37 69 2151
34 94 2152
35 85 2153
39 98 2154
51 100 2155
65 78 2156
6 36 2157
55 76 2158
48 59 2159
6 9 2160
31 65 2161
52 59 2162
17 67 2163
64 79 2164
66 80 2165
70 89 2166
25 31 2167
75 99 2168
39 94 2169
41 94 2170
63 64 2171
24 65 2172
24 68 2173
15 58 2174
53 60 2175
18 61 2176
50 53 2177
45 54 2178
53 61 2179
24 30 2180
55 81 2181
63 68 2182
52 90 2183
47 98 2184
45 92 2185
59 79 2186
17 42 2187
44 66 2188
54 61 2189
48 53 2190
35 56 2191
36 65 2192
15 54 2193
2 72 2194
4 41 2195
62 86 2196
15 23 2197
40 48 2198
40 99 2199
32 38 2200
45 88 2201
25 37 2202
65 74 2203
77 79 2204
62 81 2205
3 78 2206
63 69 2207
68 86 2208
40 95 2209
15 26 2210
17 84 2211
4 95 2212
53 77 2213
90 93 2214
23 38 2215
9 62 2216
32 55 2217
22 35 2218
34 76 2219
10 23 2220
13 75 2221
9 72 2222
63 94 2223
8 29 2224
27 72 2225
74 76 2226
12 20 2227
3 95 2228
57 75 2229
27 32 2230
83 97 2231
31 83 2232
54 101 2233
5 66 2234
49 99 2235
83 95 2236
1 2 2237
35 62 2238
41 62 2239
53 59 2240
61 68 2241
62 80 2242
84 87 2243
33 86 2244
36 83 2245
75 92 2246
15 27 2247
79 89 2248
96 98 2249
23 59 2250
24 47 2251
56 85 2252
61 71 2253
15 72 2254
1 17 2255
4 37 2256
73 92 2257
2 65 2258
6 22 2259
70 83 2260
18 45 2261
30 48 2262
18 88 2263
55 100 2264
9 79 2265
3 19 2266
40 70 2267
19 55 2268
28 74 2269
47 80 2270
39 99 2271
42 62 2272
5 9 2273
26 52 2274
61 73 2275
29 40 2276
47 81 2277
31 56 2278
10 88 2279
17 68 2280
6 32 2281
68 88 2282
41 55 2283
46 75 2284
60 84 2285
3 53 2286
52 78 2287
9 47 2288
31 63 2289
47 61 2290
61 99 2291
42 82 2292
3 57 2293
19 44 2294
26 85 2295
27 61 2296
32 68 2297
13 64 2298
4 67 2299
48 81 2300
29 72 2301
60 92 2302
10 26 2303
69 96 2304
15 22 2305
49 76 2306
11 64 2307
19 89 2308
27 65 2309
53 76 2310
59 75 2311
48 89 2312
3 39 2313
16 55 2314
39 60 2315
43 88 2316
36 77 2317
47 94 2318
69 99 2319
11 58 2320
12 26 2321
18 39 2322
20 79 2323
5 69 2324
42 45 2325
57 97 2326
48 71 2327
25 77 2328
40 89 2329
49 85 2330
86 96 2331
52 58 2332
59 70 2333
66 85 2334
89 98 2335
22 24 2336
35 68 2337
12 85 2338
36 64 2339
19 88 2340
54 71 2341
20 84 2342
79 102 2343
25 86 2344
64 92 2345
26 61 2346
53 84 2347
22 70 2348
61 83 2349
27 31 2350
5 100 2351
28 91 2352
6 64 2353
20 34 2354
20 74 2355
71 98 2356
5 48 2357
30 51 2358
71 84 2359
7 80 2360
12 27 2361
25 71 2362
43 54 2363
12 71 2364
77 99 2365
2 12 2366
8 57 2367
55 64 2368
4 94 2369
78 88 2370
45 70 2371
13 89 2372
17 74 2373
50 94 2374
44 88 2375
65 88 2376
23 85 2377
54 84 2378
53 98 2379
67 95 2380
41 98 2381
9 64 2382
28 36 2383
39 68 2384
40 96 2385
42 48 2386
5 45 2387
10 90 2388
15 38 2389
17 36 2390
41 60 2391
8 36 2392
55 102 2393
77 93 2394
41 47 2395
8 33 2396
30 31 2397
77 82 2398
11 101 2399
57 60 2400
32 49 2401
72 84 2402
37 67 2403
66 88 2404
12 49 2405
19 43 2406
22 65 2407
68 96 2408
24 52 2409
63 101 2410
29 98 2411
52 100 2412
51 94 2413
7 62 2414
54 99 2415
23 53 2416
85 96 2417
29 74 2418
7 100 2419
26 54 2420
61 97 2421
16 68 2422
22 60 2423
4 58 2424
86 100 2425
26 94 2426
36 61 2427
45 78 2428
3 73 2429
24 38 2430
46 54 2431
48 101 2432
34 80 2433
15 24 2434
52 62 2435
39 76 2436
20 62 2437
27 88 2438
41 101 2439
78 80 2440
38 66 2441
83 91 2442
12 52 2443
17 57 2444
25 87 2445
65 72 2446
85 86 2447
29 38 2448
19 81 2449
2 87 2450
53 79 2451
71 76 2452
5 57 2453
61 102 2454
13 95 2455
30 44 2456
2 82 2457
37 68 2458
6 43 2459
17 98 2460
41 53 2461
70 95 2462
7 51 2463
63 92 2464
37 61 2465
39 78 2466
39 53 2467
94 99 2468
34 75 2469
5 52 2470
44 57 2471
20 97 2472
7 17 2473
14 15 2474
26 80 2475
38 99 2476
19 68 2477
34 59 2478
59 74 2479
15 59 2480
70 75 2481
38 76 2482
4 33 2483
12 59 2484
2 15 2485
4 72 2486
57 78 2487
38 95 2488
27 85 2489
46 62 2490
55 89 2491
5 7 2492
13 94 2493
14 95 2494
19 72 2495
43 74 2496
65 92 2497
10 28 2498
32 64 2499
72 98 2500
27 96 2501
32 95 2502
4 17 2503
14 47 2504
14 71 2505
20 90 2506
83 90 2507
60 85 2508
81 98 2509
10 36 2510
47 100 2511
47 64 2512
64 77 2513
38 67 2514
39 90 2515
61 70 2516
7 65 2517
55 95 2518
20 47 2519
18 96 2520
28 29 2521
28 48 2522
26 65 2523
40 97 2524
7 57 2525
55 61 2526
59 67 2527
24 46 2528
80 85 2529
40 102 2530
54 62 2531
85 89 2532
25 42 2533
1 11 2534
69 83 2535
8 42 2536
71 79 2537
8 78 2538
22 33 2539
21 40 2540
27 49 2541
11 65 2542
12 29 2543
11 92 2544
30 90 2545
99 101 2546
53 75 2547
3 72 2548
2 3 2549
32 90 2550
39 72 2551
56 84 2552
11 68 2553
45 102 2554
46 99 2555
1 26 2556
36 92 2557
57 90 2558
67 89 2559
45 57 2560
25 54 2561
26 97 2562
7 13 2563
29 99 2564
9 78 2565
21 73 2566
17 91 2567
22 45 2568
54 70 2569
57 84 2570
85 94 2571
23 98 2572
28 42 2573
28 61 2574
49 84 2575
40 85 2576
51 52 2577
51 62 2578
24 51 2579
28 83 2580
6 20 2581
30 69 2582
68 102 2583
24 48 2584
37 57 2585
15 87 2586
15 62 2587
88 89 2588
16 92 2589
45 61 2590
15 25 2591
27 63 2592
38 52 2593
31 72 2594
57 63 2595
51 65 2596
58 95 2597
12 54 2598
37 86 2599
25 38 2600
38 64 2601
69 90 2602
16 28 2603
22 78 2604
19 53 2605
66 69 2606
95 101 2607
15 33 2608
18 97 2609
73 93 2610
77 89 2611
30 97 2612
51 73 2613
60 100 2614
9 80 2615
38 63 2616
73 83 2617
80 87 2618
18 89 2619
36 98 2620
41 54 2621
59 94 2622
4 15 2623
37 99 2624
72 99 2625
18 99 2626
11 67 2627
49 95 2628
23 97 2629
10 55 2630
18 66 2631
63 89 2632
4 79 2633
32 56 2634
63 71 2635
17 22 2636
14 52 2637
63 75 2638
76 102 2639
37 56 2640
50 66 2641
42 88 2642
68 77 2643
23 69 2644
27 83 2645
49 78 2646
9 76 2647
58 91 2648
6 100 2649
36 59 2650
58 84 2651
11 79 2652
15 96 2653
48 58 2654
32 96 2655
4 83 2656
22 82 2657
38 85 2658
52 99 2659
53 83 2660
68 74 2661
2 101 2662
5 18 2663
12 32 2664
61 87 2665
2 69 2666
5 95 2667
12 41 2668
43 92 2669
5 27 2670
28 64 2671
26 63 2672
51 81 2673
14 56 2674
24 101 2675
34 83 2676
79 98 2677
88 94 2678
39 91 2679
44 94 2680
55 90 2681
47 95 2682
5 62 2683
14 85 2684
17 72 2685
51 56 2686
76 83 2687
6 92 2688
40 101 2689
8 44 2690
52 63 2691
3 44 2692
8 46 2693
4 34 2694
65 81 2695
58 64 2696
27 86 2697
9 75 2698
45 99 2699
53 58 2700
10 24 2701
17 58 2702
43 98 2703
92 101 2704
28 92 2705
54 88 2706
2 62 2707
41 102 2708
9 99 2709
9 46 2710
13 96 2711
59 100 2712
7 27 2713
42 78 2714
57 99 2715
15 42 2716
13 16 2717
29 75 2718
48 83 2719
24 36 2720
55 88 2721
37 52 2722
42 87 2723
52 82 2724
8 53 2725
90 96 2726
53 57 2727
29 35 2728
13 53 2729
14 82 2730
79 86 2731
45 95 2732
60 83 2733
12 61 2734
36 69 2735
39 74 2736
4 53 2737
22 91 2738
2 36 2739
25 83 2740
67 97 2741
23 88 2742
34 74 2743
11 50 2744
8 22 2745
62 91 2746
12 48 2747
10 18 2748
54 58 2749
16 18 2750
44 79 2751
2 29 2752
54 85 2753
65 85 2754
6 81 2755
74 85 2756
77 81 2757
77 102 2758
87 92 2759
76 101 2760
3 55 2761
29 76 2762
42 77 2763
8 69 2764
45 94 2765
67 85 2766
3 20 2767
58 72 2768
63 67 2769
64 101 2770
38 75 2771
69 97 2772
60 61 2773
64 74 2774
24 54 2775
7 37 2776
39 57 2777
42 75 2778
46 96 2779
42 73 2780
3 24 2781
19 101 2782
61 74 2783
22 69 2784
38 93 2785
7 87 2786
71 96 2787
64 67 2788
92 97 2789
68 95 2790
2 66 2791
3 34 2792
22 37 2793
38 80 2794
2 37 2795
10 98 2796
29 39 2797
68 69 2798
14 88 2799
48 50 2800
25 27 2801
64 94 2802
76 79 2803
33 40 2804
74 79 2805
2 99 2806
7 98 2807
29 83 2808
80 90 2809
96 97 2810
61 65 2811
46 60 2812
72 82 2813
88 92 2814
4 98 2815
79 94 2816
6 44 2817
4 100 2818
8 98 2819
14 79 2820
7 91 2821
86 91 2822
22 92 2823
62 64 2824
8 25 2825
53 88 2826
92 95 2827
22 49 2828
11 12 2829
36 66 2830
89 95 2831
8 50 2832
11 30 2833
47 60 2834
36 84 2835
34 79 2836
12 80 2837
3 85 2838
4 45 2839
66 99 2840
72 83 2841
41 59 2842
82 92 2843
46 55 2844
23 99 2845
71 97 2846
5 16 2847
7 83 2848
48 84 2849
69 77 2850
39 95 2851
53 93 2852
41 75 2853
38 46 2854
48 73 2855
8 17 2856
40 63 2857
47 63 2858
22 39 2859
17 51 2860
49 67 2861
29 54 2862
2 53 2863
39 63 2864
9 53 2865
7 66 2866
11 89 2867
10 100 2868
12 58 2869
31 85 2870
52 86 2871
72 73 2872
4 96 2873
19 92 2874
8 84 2875
2 58 2876
18 46 2877
19 41 2878
34 61 2879
6 31 2880
21 33 2881
8 24 2882
32 44 2883
42 94 2884
58 102 2885
87 89 2886
2 25 2887
42 61 2888
64 85 2889
23 82 2890
58 76 2891
5 91 2892
18 26 2893
64 69 2894
60 70 2895
53 74 2896
66 73 2897
19 77 2898
27 98 2899
31 69 2900
8 28 2901
44 78 2902
64 76 2903
69 82 2904
8 92 2905
15 67 2906
26 29 2907
29 67 2908
13 76 2909
49 53 2910
58 94 2911
26 58 2912
2 88 2913
36 49 2914
47 84 2915
12 21 2916
77 100 2917
46 84 2918
11 44 2919
28 79 2920
62 79 2921
24 81 2922
64 66 2923
11 32 2924
25 30 2925
71 72 2926
41 57 2927
26 92 2928
93 102 2929
3 97 2930
47 67 2931
66 70 2932
83 96 2933
5 25 2934
49 75 2935
52 57 2936
14 59 2937
11 82 2938
42 52 2939
12 55 2940
35 47 2941
64 78 2942
6 63 2943
51 91 2944
37 38 2945
42 86 2946
36 79 2947
20 25 2948
66 84 2949
67 73 2950
19 21 2951
28 47 2952
82 98 2953
86 102 2954
9 97 2955
81 91 2956
42 58 2957
8 102 2958
16 51 2959
75 90 2960
62 89 2961
74 82 2962
1 3 2963
14 61 2964
7 82 2965
25 81 2966
58 82 2967
52 77 2968
21 50 2969
30 96 2970
5 98 2971
50 63 2972
70 97 2973
36 95 2974
24 49 2975
16 23 2976
45 82 2977
35 41 2978
58 77 2979
56 87 2980
24 61 2981
42 65 2982
25 65 2983
26 27 2984
17 78 2985
52 67 2986
31 84 2987
59 71 2988
10 86 2989
50 81 2990
30 63 2991
23 62 2992
59 97 2993
63 79 2994
15 45 2995
48 86 2996
20 21 2997
26 82 2998
33 50 2999
35 75 3000
52 91 3001
54 59 3002
18 77 3003
28 99 3004
66 74 3005
2 52 3006
26 60 3007
34 97 3008
45 71 3009
46 73 3010
9 57 3011
13 42 3012
68 98 3013
82 88 3014
18 85 3015
24 96 3016
66 100 3017
2 50 3018
12 39 3019
61 63 3020
55 83 3021
37 64 3022
9 61 3023
92 96 3024
4 39 3025
3 45 3026
59 96 3027
3 59 3028
54 86 3029
10 97 3030
31 74 3031
17 85 3032
32 35 3033
86 97 3034
36 38 3035
14 57 3036
29 53 3037
7 8 3038
45 79 3039
4 35 3040
32 73 3041
10 15 3042
33 35 3043
67 93 3044
12 96 3045
54 95 3046
14 48 3047
51 83 3048
5 80 3049
23 58 3050
2 68 3051
6 87 3052
40 49 3053
51 61 3054
8 90 3055
77 94 3056
26 86 3057
32 76 3058
41 86 3059
43 66 3060
4 66 3061
11 77 3062
52 96 3063
84 94 3064
13 29 3065
41 93 3066
52 80 3067
36 71 3068
10 33 3069
35 82 3070
46 66 3071
30 58 3072
7 10 3073
24 42 3074
20 30 3075
1 51 3076
27 55 3077
48 79 3078
74 98 3079
2 11 3080
46 85 3081
40 94 3082
44 76 3083
92 93 3084
8 89 3085
9 95 3086
18 62 3087
25 74 3088
80 83 3089
17 39 3090
64 98 3091
6 23 3092
78 98 3093
7 59 3094
71 74 3095
9 89 3096
71 102 3097
7 39 3098
46 69 3099
6 45 3100
66 102 3101
33 47 3102
6 27 3103
22 76 3104
81 87 3105
6 98 3106
19 91 3107
34 47 3108
73 99 3109
59 78 3110
65 89 3111
81 94 3112
14 54 3113
15 55 3114
80 88 3115
48 99 3116
4 76 3117
4 47 3118
25 26 3119
3 81 3120
39 42 3121
19 56 3122
43 90 3123
46 81 3124
34 71 3125
81 84 3126
6 58 3127
8 66 3128
51 53 3129
53 71 3130
6 77 3131
36 81 3132
35 65 3133
16 70 3134
59 63 3135
35 102 3136
46 87 3137
14 76 3138
22 79 3139
22 28 3140
88 100 3141
10 27 3142
44 83 3143
24 62 3144
31 77 3145
19 26 3146
4 78 3147
31 41 3148
60 90 3149
12 70 3150
33 39 3151
17 99 3152
27 47 3153
9 69 3154
25 46 3155
66 89 3156
52 74 3157
4 101 3158
64 75 3159
14 75 3160
52 94 3161
74 80 3162
5 46 3163
61 84 3164
78 82 3165
9 22 3166
26 57 3167
3 30 3168
42 70 3169
2 92 3170
13 79 3171
15 43 3172
24 53 3173
89 94 3174
27 48 3175
29 87 3176
35 67 3177
71 89 3178
44 63 3179
6 34 3180
24 84 3181
21 37 3182
79 85 3183
5 77 3184
9 21 3185
35 59 3186
29 82 3187
65 80 3188
34 39 3189
42 67 3190
29 86 3191
42 80 3192
84 98 3193
17 47 3194
17 75 3195
22 23 3196
44 74 3197
1 91 3198
11 16 3199
44 45 3200
44 80 3201
45 46 3202
30 80 3203
32 34 3204
36 101 3205
7 35 3206
12 45 3207
27 73 3208
7 28 3209
17 33 3210
59 99 3211
76 82 3212
19 33 3213
6 33 3214
4 16 3215
6 60 3216
72 81 3217
27 81 3218
32 82 3219
50 83 3220
2 77 3221
4 92 3222
12 47 3223
52 75 3224
25 68 3225
44 67 3226
19 38 3227
27 46 3228
6 55 3229
11 61 3230
44 71 3231
57 79 3232
71 82 3233
47 86 3234
35 79 3235
44 72 3236
41 67 3237
13 45 3238
51 84 3239
76 77 3240
4 99 3241
56 57 3242
50 85 3243
34 92 3244
52 73 3245
72 93 3246
2 46 3247
5 21 3248
85 95 3249
23 76 3250
25 66 3251
61 100 3252
5 86 3253
46 79 3254
82 85 3255
1 18 3256
2 28 3257
9 19 3258
44 84 3259
1 28 3260
16 39 3261
86 90 3262
4 97 3263
53 101 3264
1 8 3265
1 29 3266
15 71 3267
45 73 3268
4 102 3269
39 85 3270
11 86 3271
30 82 3272
1 84 3273
7 74 3274
2 39 3275
3 77 3276
46 92 3277
35 40 3278
4 21 3279
10 43 3280
24 64 3281
88 93 3282
15 79 3283
30 93 3284
70 99 3285
75 98 3286
15 82 3287
7 54 3288
50 71 3289
2 74 3290
75 84 3291
1 62 3292
84 101 3293
8 9 3294
6 29 3295
23 34 3296
17 43 3297
75 81 3298
5 94 3299
18 19 3300
61 77 3301
12 50 3302
77 96 3303
20 61 3304
41 42 3305
25 39 3306
89 97 3307
42 91 3308
48 96 3309
5 101 3310
11 33 3311
13 47 3312
8 10 3313
15 78 3314
1 9 3315
31 93 3316
42 72 3317
1 22 3318
10 41 3319
13 85 3320
96 99 3321
55 84 3322
2 47 3323
8 47 3324
9 83 3325
12 66 3326
5 76 3327
22 44 3328
33 53 3329
83 99 3330
15 31 3331
4 85 3332
2 75 3333
27 71 3334
35 61 3335
23 49 3336
78 86 3337
9 60 3338
12 24 3339
49 68 3340
54 98 3341
30 94 3342
69 76 3343
33 49 3344
28 77 3345
35 71 3346
24 35 3347
43 71 3348
95 97 3349
12 51 3350
14 62 3351
13 84 3352
38 42 3353
6 61 3354
9 65 3355
25 70 3356
48 90 3357
25 91 3358
98 101 3359
6 35 3360
42 76 3361
58 59 3362
79 90 3363
72 88 3364
14 96 3365
34 96 3366
4 44 3367
4 87 3368
30 67 3369
29 70 3370
19 100 3371
49 100 3372
66 78 3373
48 61 3374
9 49 3375
46 100 3376
12 83 3377
2 45 3378
38 73 3379
11 18 3380
78 79 3381
82 97 3382
9 81 3383
45 47 3384
21 27 3385
49 79 3386
60 96 3387
83 85 3388
2 17 3389
15 61 3390
1 100 3391
1 46 3392
10 47 3393
53 63 3394
10 54 3395
85 87 3396
15 21 3397
26 89 3398
53 90 3399
7 68 3400
70 94 3401
66 77 3402
91 99 3403
56 92 3404
69 101 3405
88 96 3406
16 36 3407
27 54 3408
100 102 3409
49 60 3410
15 101 3411
33 41 3412
14 29 3413
71 78 3414
94 102 3415
11 40 3416
32 83 3417
63 91 3418
21 56 3419
42 71 3420
63 76 3421
32 42 3422
8 79 3423
49 63 3424
15 73 3425
46 76 3426
14 16 3427
85 99 3428
41 48 3429
7 49 3430
32 52 3431
3 83 3432
97 101 3433
9 27 3434
37 93 3435
29 79 3436
33 48 3437
4 86 3438
74 86 3439
17 94 3440
20 92 3441
17 64 3442
43 48 3443
25 58 3444
12 90 3445
78 89 3446
81 89 3447
17 92 3448
41 85 3449
42 69 3450
4 46 3451
74 93 3452
21 68 3453
22 94 3454
92 98 3455
25 89 3456
39 80 3457
2 85 3458
36 89 3459
43 67 3460
58 96 3461
44 61 3462
80 99 3463
3 50 3464
24 75 3465
39 96 3466
23 86 3467
4 81 3468
17 27 3469
35 90 3470
26 34 3471
7 31 3472
11 35 3473
30 71 3474
22 96 3475
57 101 3476
59 80 3477
4 70 3478
44 46 3479
1 13 3480
34 49 3481
22 50 3482
61 94 3483
75 100 3484
28 80 3485
37 41 3486
24 74 3487
62 92 3488
61 79 3489
25 40 3490
5 74 3491
26 90 3492
34 67 3493
15 60 3494
49 54 3495
16 37 3496
26 62 3497
46 57 3498
77 80 3499
95 99 3500
6 10 3501
40 81 3502
41 81 3503
1 30 3504
44 100 3505
48 87 3506
60 67 3507
71 99 3508
82 96 3509
51 77 3510
67 94 3511
95 98 3512
23 44 3513
7 53 3514
57 85 3515
39 89 3516
10 12 3517
79 82 3518
28 50 3519
44 92 3520
27 66 3521
51 89 3522
62 94 3523
71 77 3524
18 53 3525
63 70 3526
39 82 3527
11 42 3528
17 77 3529
22 85 3530
43 102 3531
53 56 3532
63 83 3533
1 87 3534
26 84 3535
1 57 3536
7 20 3537
28 71 3538
48 78 3539
1 5 3540
28 40 3541
40 71 3542
55 58 3543
72 100 3544
39 97 3545
44 73 3546
37 72 3547
10 19 3548
19 79 3549
29 47 3550
36 50 3551
1 71 3552
36 96 3553
62 97 3554
72 102 3555
6 42 3556
16 48 3557
77 83 3558
6 74 3559
17 102 3560
74 99 3561
60 97 3562
83 89 3563
36 102 3564
7 42 3565
30 81 3566
62 101 3567
3 23 3568
46 61 3569
49 50 3570
9 96 3571
15 47 3572
32 86 3573
4 93 3574
22 102 3575
48 54 3576
22 89 3577
53 73 3578
23 95 3579
52 65 3580
5 97 3581
53 69 3582
10 65 3583
15 41 3584
42 56 3585
6 88 3586
30 75 3587
32 63 3588
11 102 3589
45 72 3590
46 78 3591
86 92 3592
19 32 3593
60 94 3594
61 78 3595
15 52 3596
62 82 3597
71 101 3598
29 77 3599
64 80 3600
24 41 3601
12 46 3602
25 98 3603
18 23 3604
22 81 3605
9 98 3606
18 79 3607
48 82 3608
33 65 3609
3 15 3610
26 71 3611
37 76 3612
47 59 3613
66 94 3614
2 48 3615
12 15 3616
86 89 3617
15 64 3618
41 80 3619
42 63 3620
3 65 3621
73 79 3622
20 59 3623
51 66 3624
1 102 3625
39 93 3626
27 52 3627
58 70 3628
73 80 3629
8 56 3630
11 66 3631
11 91 3632
23 52 3633
51 75 3634
52 83 3635
10 71 3636
13 67 3637
6 17 3638
11 45 3639
49 51 3640
58 100 3641
71 81 3642
13 46 3643
24 79 3644
3 76 3645
44 95 3646
27 44 3647
46 72 3648
28 33 3649
52 64 3650
58 93 3651
23 25 3652
66 79 3653
17 25 3654
23 92 3655
55 59 3656
3 70 3657
49 73 3658
19 23 3659
35 94 3660
1 10 3661
10 38 3662
34 64 3663
56 101 3664
70 96 3665
59 72 3666
7 38 3667
75 86 3668
84 86 3669
17 95 3670
26 98 3671
15 77 3672
60 78 3673
1 60 3674
18 82 3675
29 94 3676
61 82 3677
2 35 3678
16 72 3679
93 94 3680
4 89 3681
7 15 3682
61 90 3683
2 63 3684
7 75 3685
37 48 3686
39 46 3687
84 97 3688
22 64 3689
15 100 3690
24 94 3691
38 92 3692
32 47 3693
39 49 3694
21 39 3695
29 100 3696
13 61 3697
23 56 3698
64 96 3699
76 94 3700
9 85 3701
66 92 3702
20 49 3703
52 85 3704
61 88 3705
31 96 3706
1 19 3707
61 64 3708
8 52 3709
42 74 3710
7 50 3711
72 94 3712
4 77 3713
36 82 3714
27 69 3715
4 69 3716
38 56 3717
69 100 3718
8 82 3719
78 95 3720
5 19 3721
19 69 3722
4 88 3723
9 71 3724
82 94 3725
10 20 3726
25 94 3727
27 41 3728
35 66 3729
25 64 3730
24 88 3731
1 12 3732
70 88 3733
41 46 3734
52 79 3735
1 50 3736
5 82 3737
85 100 3738
41 71 3739
55 92 3740
10 96 3741
16 50 3742
83 101 3743
32 66 3744
3 91 3745
24 37 3746
32 87 3747
51 102 3748
1 27 3749
63 97 3750
73 100 3751
79 96 3752
15 99 3753
26 49 3754
15 29 3755
25 88 3756
35 88 3757
19 86 3758
37 97 3759
59 101 3760
45 62 3761
55 65 3762
2 5 3763
15 86 3764
19 46 3765
78 99 3766
7 30 3767
13 39 3768
17 55 3769
21 67 3770
55 97 3771
4 82 3772
16 82 3773
57 89 3774
63 80 3775
67 72 3776
43 96 3777
19 49 3778
55 94 3779
11 95 3780
49 101 3781
11 22 3782
18 94 3783
20 81 3784
59 81 3785
10 59 3786
15 36 3787
24 44 3788
58 80 3789
18 64 3790
26 83 3791
3 86 3792
45 97 3793
56 100 3794
6 40 3795
38 79 3796
6 54 3797
8 58 3798
16 60 3799
27 38 3800
1 42 3801
52 84 3802
11 21 3803
7 48 3804
10 77 3805
16 24 3806
58 67 3807
78 93 3808
17 70 3809
24 29 3810
79 99 3811
19 65 3812
72 74 3813
44 101 3814
15 75 3815
51 88 3816
77 101 3817
99 100 3818
27 82 3819
45 63 3820
49 58 3821
82 84 3822
89 92 3823
24 95 3824
55 57 3825
84 95 3826
52 98 3827
76 84 3828
48 63 3829
1 61 3830
5 30 3831
33 52 3832
80 98 3833
81 85 3834
18 33 3835
15 48 3836
6 65 3837
23 81 3838
34 82 3839
21 32 3840
57 93 3841
45 64 3842
62 85 3843
19 85 3844
52 88 3845
7 88 3846
48 62 3847
69 79 3848
7 19 3849
26 48 3850
4 31 3851
7 44 3852
19 63 3853
32 45 3854
49 62 3855
53 92 3856
25 41 3857
45 80 3858
8 81 3859
18 44 3860
68 97 3861
9 12 3862
18 83 3863
80 82 3864
9 91 3865
19 25 3866
52 68 3867
71 95 3868
27 90 3869
54 81 3870
75 102 3871
7 60 3872
46 95 3873
58 66 3874
13 55 3875
29 81 3876
63 98 3877
44 77 3878
63 74 3879
42 92 3880
27 97 3881
82 93 3882
31 33 3883
64 93 3884
29 50 3885
49 77 3886
62 69 3887
5 87 3888
19 76 3889
62 84 3890
26 42 3891
44 48 3892
84 85 3893
38 83 3894
47 93 3895
22 42 3896
19 94 3897
1 96 3898
68 80 3899
91 97 3900
16 33 3901
9 77 3902
30 64 3903
60 102 3904
4 7 3905
11 46 3906
4 80 3907
18 81 3908
14 46 3909
28 97 3910
7 40 3911
7 26 3912
37 100 3913
42 101 3914
22 32 3915
35 84 3916
74 81 3917
1 44 3918
32 41 3919
58 99 3920
74 95 3921
19 62 3922
54 73 3923
25 51 3924
14 80 3925
7 77 3926
64 81 3927
2 16 3928
41 76 3929
58 89 3930
80 97 3931
85 98 3932
3 80 3933
66 76 3934
24 71 3935
44 85 3936
17 21 3937
46 82 3938
69 81 3939
80 81 3940
7 73 3941
1 15 3942
15 92 3943
48 65 3944
73 76 3945
6 78 3946
21 30 3947
37 92 3948
46 89 3949
18 65 3950
32 62 3951
6 66 3952
18 98 3953
21 60 3954
11 98 3955
19 40 3956
24 78 3957
32 48 3958
61 95 3959
95 100 3960
9 33 3961
9 74 3962
11 49 3963
25 97 3964
27 74 3965
3 26 3966
2 10 3967
53 81 3968
68 83 3969
82 100 3970
27 99 3971
16 57 3972
80 84 3973
83 87 3974
2 21 3975
39 88 3976
25 78 3977
33 63 3978
46 70 3979
6 83 3980
31 102 3981
1 53 3982
36 67 3983
84 88 3984
19 60 3985
7 96 3986
32 89 3987
5 33 3988
89 99 3989
76 78 3990
18 76 3991
70 98 3992
7 97 3993
25 72 3994
11 69 3995
41 83 3996
16 26 3997
32 53 3998
44 96 3999
10 32 4000
15 35 4001
41 82 4002
59 89 4003
7 18 4004
17 45 4005
11 76 4006
16 20 4007
29 102 4008
21 34 4009
10 73 4010
37 81 4011
86 94 4012
93 99 4013
2 86 4014
26 87 4015
96 101 4016
38 55 4017
34 90 4018
74 102 4019
30 66 4020
36 76 4021
79 93 4022
4 84 4023
15 37 4024
25 45 4025
4 74 4026
71 85 4027
73 84 4028
46 83 4029
6 75 4030
64 97 4031
16 49 4032
1 78 4033
27 84 4034
7 79 4035
58 75 4036
36 45 4037
52 95 4038
72 97 4039
6 37 4040
28 81 4041
38 84 4042
72 92 4043
29 32 4044
15 95 4045
55 67 4046
52 81 4047
27 76 4048
43 80 4049
48 69 4050
51 79 4051
33 44 4052
37 83 4053
8 75 4054
36 68 4055
77 86 4056
60 81 4057
26 33 4058
68 81 4059
44 102 4060
78 96 4061
53 64 4062
11 28 4063
47 70 4064
16 73 4065
29 49 4066
53 78 4067
2 98 4068
22 63 4069
41 95 4070
78 94 4071
24 102 4072
44 64 4073
6 25 4074
28 96 4075
71 90 4076
33 56 4077
48 66 4078
49 69 4079
39 62 4080
10 39 4081
18 54 4082
46 52 4083
20 71 4084
48 102 4085
7 64 4086
32 69 4087
64 71 4088
12 97 4089
69 94 4090
16 87 4091
10 63 4092
12 82 4093
19 45 4094
27 59 4095
73 77 4096
32 81 4097
41 96 4098
49 98 4099
21 26 4100
48 52 4101
2 95 4102
28 44 4103
39 71 4104
16 32 4105
21 65 4106
24 77 4107
63 96 4108
32 77 4109
50 96 4110
78 81 4111
19 42 4112
29 30 4113
22 93 4114
23 48 4115
66 82 4116
17 93 4117
34 102 4118
47 66 4119
66 93 4120
58 81 4121
32 100 4122
33 73 4123
6 46 4124
4 56 4125
69 102 4126
14 89 4127
23 55 4128
7 76 4129
82 89 4130
75 96 4131
79 81 4132
24 33 4133
25 63 4134
33 69 4135
67 75 4136
49 87 4137
16 35 4138
29 64 4139
7 93 4140
24 45 4141
30 49 4142
15 76 4143
24 80 4144
9 70 4145
11 94 4146
33 102 4147
27 64 4148
8 80 4149
23 42 4150
58 78 4151
2 54 4152
94 98 4153
1 24 4154
2 44 4155
15 69 4156
42 83 4157
88 99 4158
12 16 4159
89 93 4160
56 82 4161
6 80 4162
31 80 4163
76 80 4164
19 54 4165
33 87 4166
69 85 4167
64 95 4168
44 82 4169
45 96 4170
38 58 4171
10 35 4172
12 91 4173
15 80 4174
1 90 4175
19 74 4176
40 82 4177
68 71 4178
32 88 4179
25 93 4180
45 68 4181
65 95 4182
61 86 4183
47 57 4184
51 92 4185
71 83 4186
22 77 4187
41 58 4188
28 89 4189
25 100 4190
3 69 4191
33 66 4192
63 81 4193
32 92 4194
25 73 4195
18 69 4196
18 25 4197
48 76 4198
65 67 4199
36 56 4200
45 77 4201
53 94 4202
42 90 4203
77 84 4204
3 94 4205
33 45 4206
29 95 4207
1 40 4208
8 97 4209
79 95 4210
6 82 4211
7 47 4212
56 70 4213
28 101 4214
33 37 4215
53 82 4216
16 41 4217
85 93 4218
12 81 4219
56 68 4220
1 67 4221
75 95 4222
12 88 4223
22 80 4224
35 81 4225
42 46 4226
24 40 4227
39 48 4228
4 42 4229
10 69 4230
52 76 4231
29 34 4232
79 97 4233
1 52 4234
48 85 4235
12 99 4236
29 101 4237
33 61 4238
11 97 4239
25 75 4240
39 84 4241
15 16 4242
6 67 4243
58 92 4244
24 56 4245
54 93 4246
94 100 4247
11 85 4248
38 71 4249
53 100 4250
57 81 4251
28 66 4252
28 100 4253
52 56 4254
4 59 4255
15 66 4256
11 83 4257
18 42 4258
65 79 4259
43 94 4260
2 81 4261
3 41 4262
46 64 4263
10 52 4264
27 58 4265
57 94 4266
19 84 4267
21 55 4268
25 33 4269
74 84 4270
23 41 4271
79 100 4272
17 101 4273
56 77 4274
56 80 4275
43 89 4276
69 80 4277
73 82 4278
49 97 4279
46 53 4280
2 42 4281
52 70 4282
41 66 4283
84 100 4284
81 88 4285
7 55 4286
29 31 4287
47 83 4288
49 71 4289
16 31 4290
16 38 4291
9 92 4292
88 102 4293
29 69 4294
46 86 4295
7 90 4296
6 86 4297
11 29 4298
30 42 4299
7 43 4300
19 96 4301
46 65 4302
7 67 4303
29 85 4304
46 68 4305
65 94 4306
73 89 4307
32 71 4308
17 100 4309
57 92 4310
65 97 4311
12 84 4312
16 56 4313
54 89 4314
5 84 4315
56 60 4316
10 31 4317
59 84 4318
24 57 4319
41 70 4320
58 83 4321
52 102 4322
10 87 4323
14 65 4324
35 74 4325
80 96 4326
56 93 4327
52 101 4328
6 69 4329
10 25 4330
1 47 4331
24 83 4332
52 55 4333
23 74 4334
25 101 4335
18 63 4336
46 93 4337
1 64 4338
18 86 4339
70 80 4340
14 93 4341
65 82 4342
99 102 4343
16 25 4344
48 88 4345
21 35 4346
49 83 4347
37 89 4348
33 90 4349
54 56 4350
76 97 4351
9 87 4352
56 72 4353
56 78 4354
29 93 4355
7 23 4356
1 36 4357
24 66 4358
7 46 4359
38 61 4360
6 76 4361
45 56 4362
19 80 4363
84 93 4364
2 84 4365
12 33 4366
10 53 4367
50 97 4368
25 59 4369
97 102 4370
5 29 4371
7 69 4372
70 100 4373
13 74 4374
31 64 4375
49 65 4376
8 88 4377
16 52 4378
24 59 4379
33 51 4380
38 81 4381
16 80 4382
14 94 4383
27 89 4384
11 71 4385
56 65 4386
74 100 4387
27 94 4388
6 39 4389
49 82 4390
45 74 4391
63 82 4392
14 27 4393
37 84 4394
9 48 4395
41 92 4396
9 86 4397
92 99 4398
12 76 4399
69 92 4400
33 68 4401
29 44 4402
6 47 4403
27 60 4404
32 94 4405
46 59 4406
49 74 4407
16 42 4408
30 89 4409
33 64 4410
12 78 4411
51 99 4412
1 43 4413
17 96 4414
52 72 4415
5 83 4416
20 65 4417
74 101 4418
1 80 4419
46 67 4420
13 80 4421
29 33 4422
80 102 4423
7 84 4424
44 97 4425
16 59 4426
100 101 4427
17 89 4428
25 95 4429
34 56 4430
49 86 4431
54 94 4432
7 99 4433
11 63 4434
91 102 4435
1 45 4436
18 49 4437
20 46 4438
33 58 4439
54 92 4440
38 89 4441
33 60 4442
33 99 4443
43 61 4444
30 79 4445
17 79 4446
24 93 4447
1 77 4448
21 96 4449
80 93 4450
81 102 4451
1 41 4452
16 54 4453
2 9 4454
38 96 4455
1 34 4456
1 23 4457
18 95 4458
25 92 4459
1 39 4460
63 102 4461
18 52 4462
82 101 4463
6 93 4464
27 42 4465
36 93 4466
14 81 4467
25 84 4468
4 71 4469
5 22 4470
15 83 4471
69 84 4472
23 71 4473
33 43 4474
4 75 4475
25 56 4476
33 62 4477
24 92 4478
14 97 4479
12 69 4480
33 77 4481
6 52 4482
2 79 4483
6 72 4484
26 95 4485
43 97 4486
62 83 4487
81 95 4488
27 33 4489
9 84 4490
18 72 4491
2 7 4492
19 95 4493
71 92 4494
5 71 4495
12 68 4496
23 35 4497
3 68 4498
19 64 4499
48 93 4500
63 100 4501
15 94 4502
27 75 4503
33 100 4504
52 61 4505
16 96 4506
19 87 4507
67 79 4508
11 74 4509
42 102 4510
43 56 4511
21 41 4512
17 88 4513
38 97 4514
18 71 4515
25 67 4516
10 44 4517
54 102 4518
38 94 4519
39 79 4520
49 64 4521
2 89 4522
25 79 4523
59 92 4524
9 30 4525
9 93 4526
10 70 4527
64 87 4528
16 100 4529
21 24 4530
23 83 4531
47 89 4532
16 85 4533
23 84 4534
66 101 4535
67 76 4536
16 90 4537
28 98 4538
10 49 4539
64 83 4540
21 38 4541
16 44 4542
21 76 4543
6 48 4544
58 71 4545
14 102 4546
56 88 4547
83 102 4548
16 34 4549
90 102 4550
51 86 4551
48 100 4552
16 17 4553
25 99 4554
27 56 4555
27 92 4556
49 70 4557
97 100 4558
48 95 4559
66 97 4560
58 61 4561
65 83 4562
70 71 4563
41 89 4564
28 93 4565
33 78 4566
16 58 4567
19 83 4568
56 86 4569
27 102 4570
42 98 4571
32 93 4572
43 81 4573
23 65 4574
13 81 4575
67 71 4576
32 84 4577
32 75 4578
25 32 4579
11 96 4580
25 44 4581
8 71 4582
10 46 4583
16 88 4584
24 82 4585
25 82 4586
17 29 4587
6 95 4588
16 89 4589
55 93 4590
15 74 4591
45 84 4592
21 44 4593
94 101 4594
80 100 4595
10 58 4596
89 100 4597
14 84 4598
27 101 4599
81 96 4600
16 81 4601
5 49 4602
5 10 4603
68 84 4604
28 56 4605
15 89 4606
3 79 4607
6 21 4608
7 33 4609
82 99 4610
43 83 4611
1 59 4612
10 72 4613
11 81 4614
15 51 4615
25 69 4616
32 98 4617
49 93 4618
15 46 4619
54 97 4620
63 84 4621
12 67 4622
10 66 4623
55 71 4624
1 85 4625
10 11 4626
12 64 4627
64 84 4628
34 84 4629
54 74 4630
17 80 4631
69 74 4632
1 66 4633
47 102 4634
71 73 4635
21 58 4636
47 96 4637
19 52 4638
42 81 4639
61 69 4640
13 49 4641
30 102 4642
31 81 4643
33 83 4644
7 95 4645
21 70 4646
48 72 4647
92 100 4648
16 27 4649
26 74 4650
39 47 4651
50 82 4652
33 91 4653
42 100 4654
64 86 4655
13 102 4656
24 97 4657
3 100 4658
7 11 4659
7 92 4660
1 81 4661
8 48 4662
1 56 4663
51 93 4664
56 69 4665
9 25 4666
84 89 4667
24 25 4668
27 67 4669
29 66 4670
56 61 4671
1 37 4672
49 89 4673
7 94 4674
2 94 4675
7 32 4676
7 16 4677
6 97 4678
56 62 4679
46 71 4680
1 98 4681
1 82 4682
8 63 4683
16 86 4684
39 81 4685
1 68 4686
53 102 4687
10 85 4688
18 48 4689
39 61 4690
10 14 4691
12 77 4692
10 16 4693
24 72 4694
34 81 4695
10 101 4696
16 29 4697
21 25 4698
16 62 4699
47 82 4700
1 86 4701
61 75 4702
16 45 4703
21 49 4704
24 100 4705
80 91 4706
25 76 4707
16 53 4708
16 84 4709
83 84 4710
62 102 4711
77 97 4712
15 84 4713
56 99 4714
33 67 4715
10 91 4716
12 74 4717
21 43 4718
21 66 4719
33 54 4720
33 93 4721
1 73 4722
7 9 4723
7 24 4724
10 42 4725
12 93 4726
12 94 4727
28 102 4728
56 95 4729
42 96 4730
1 55 4731
18 35 4732
22 84 4733
44 81 4734
57 88 4735
7 41 4736
33 98 4737
1 88 4738
22 51 4739
23 46 4740
1 38 4741
6 56 4742
10 75 4743
94 95 4744
22 101 4745
95 102 4746
49 94 4747
27 95 4748
11 25 4749
29 41 4750
29 42 4751
32 79 4752
93 97 4753
21 91 4754
43 100 4755
10 94 4756
6 16 4757
12 89 4758
23 89 4759
9 101 4760
31 94 4761
78 92 4762
7 52 4763
18 75 4764
14 25 4765
75 97 4766
1 54 4767
58 97 4768
10 99 4769
21 90 4770
5 64 4771
20 56 4772
48 64 4773
72 76 4774
6 49 4775
21 100 4776
2 49 4777
11 48 4778
41 61 4779
25 85 4780
39 102 4781
31 97 4782
10 95 4783
33 75 4784
67 84 4785
26 102 4786
16 99 4787
101 102 4788
8 49 4789
21 78 4790
81 93 4791
7 72 4792
7 101 4793
14 74 4794
33 97 4795
43 64 4796
2 80 4797
22 68 4798
15 49 4799
33 72 4800
65 84 4801
8 94 4802
48 98 4803
11 84 4804
48 57 4805
85 101 4806
1 75 4807
16 77 4808
6 99 4809
56 66 4810
17 56 4811
70 102 4812
7 81 4813
15 56 4814
3 92 4815
23 80 4816
21 86 4817
67 78 4818
16 30 4819
12 79 4820
41 56 4821
80 101 4822
62 74 4823
76 92 4824
21 59 4825
44 56 4826
49 90 4827
49 91 4828
21 31 4829
21 42 4830
21 84 4831
27 78 4832
19 98 4833
67 81 4834
21 57 4835
16 43 4836
1 63 4837
29 78 4838
3 101 4839
9 29 4840
51 97 4841
30 56 4842
16 40 4843
23 75 4844
33 82 4845
21 45 4846
33 101 4847
69 89 4848
29 63 4849
39 56 4850
49 102 4851
81 82 4852
3 93 4853
33 96 4854
49 56 4855
49 92 4856
76 89 4857
5 56 4858
45 85 4859
2 102 4860
16 64 4861
30 83 4862
10 60 4863
27 79 4864
40 80 4865
52 97 4866
1 70 4867
78 97 4868
41 97 4869
65 76 4870
8 16 4871
33 42 4872
1 14 4873
10 37 4874
56 90 4875
67 99 4876
35 89 4877
21 77 4878
30 61 4879
76 81 4880
16 91 4881
17 81 4882
16 67 4883
19 102 4884
46 58 4885
16 46 4886
16 98 4887
33 85 4888
16 63 4889
16 78 4890
24 99 4891
1 76 4892
76 99 4893
2 56 4894
10 56 4895
1 32 4896
1 65 4897
16 101 4898
64 99 4899
52 89 4900
6 7 4901
19 71 4902
1 101 4903
51 80 4904
21 98 4905
56 96 4906
3 75 4907
2 33 4908
7 58 4909
17 48 4910
28 45 4911
41 84 4912
1 35 4913
21 72 4914
1 31 4915
14 33 4916
23 33 4917
10 93 4918
96 102 4919
9 10 4920
16 71 4921
7 63 4922
56 58 4923
24 89 4924
20 27 4925
16 65 4926
15 97 4927
33 89 4928
12 56 4929
67 80 4930
1 99 4931
82 102 4932
10 51 4933
2 83 4934
2 96 4935
7 21 4936
79 84 4937
21 48 4938
59 85 4939
3 88 4940
56 64 4941
21 62 4942
32 97 4943
21 53 4944
1 7 4945
10 78 4946
32 101 4947
36 91 4948
1 69 4949
29 58 4950
97 99 4951
6 38 4952
10 45 4953
24 76 4954
21 64 4955
21 95 4956
36 100 4957
11 80 4958
27 93 4959
1 58 4960
21 101 4961
78 100 4962
7 102 4963
26 56 4964
42 95 4965
35 92 4966
1 25 4967
12 101 4968
32 33 4969
50 56 4970
66 81 4971
10 84 4972
16 102 4973
6 79 4974
10 74 4975
19 75 4976
1 6 4977
16 69 4978
21 87 4979
85 102 4980
1 83 4981
32 99 4982
21 82 4983
7 14 4984
40 84 4985
21 63 4986
6 71 4987
21 75 4988
21 99 4989
21 28 4990
56 63 4991
1 48 4992
17 97 4993
1 33 4994
10 68 4995
12 100 4996
16 21 4997
10 64 4998
32 65 4999
21 83 5000
14 21 5001
21 93 5002
81 99 5003
1 21 5004
78 102 5005
84 92 5006
10 76 5007
10 83 5008
32 102 5009
16 76 5010
18 56 5011
50 84 5012
16 97 5013
1 95 5014
10 67 5015
17 61 5016
81 101 5017
6 84 5018
9 102 5019
42 85 5020
52 93 5021
42 64 5022
41 74 5023
63 85 5024
12 102 5025
17 46 5026
21 51 5027
1 93 5028
1 72 5029
49 61 5030
45 81 5031
7 85 5032
1 16 5033
33 84 5034
12 75 5035
12 92 5036
7 70 5037
81 100 5038
98 102 5039
32 80 5040
33 95 5041
50 80 5042
42 97 5043
13 48 5044
53 97 5045
10 82 5046
9 56 5047
21 29 5048
7 78 5049
21 52 5050
21 54 5051
16 66 5052
6 89 5053
16 93 5054
18 80 5055
2 71 5056
1 94 5057
16 61 5058
21 85 5059
52 92 5060
21 94 5061
21 74 5062
1 74 5063
21 69 5064
1 92 5065
1 97 5066
56 98 5067
16 95 5068
11 56 5069
1 79 5070
10 89 5071
33 79 5072
33 76 5073
1 89 5074
13 56 5075
