684 690 1
684 1800 2
684 1801 3
684 1802 4
690 1800 5
690 1801 6
684 1804 7
690 1802 8
690 1771 9
1800 1802 10
684 1805 11
678 1761 12
1800 1801 13
102 1898 14
102 1960 15
689 690 16
1575 1720 17
688 690 18
102 1959 19
103 1450 20
678 1450 21
44 1196 22
690 966 23
1450 1761 24
684 1035 25
1801 1802 26
103 678 27
728 1191 28
380 1785 29
728 1967 30
1449 1450 31
380 1746 32
678 751 33
1746 1747 34
1759 1761 35
1432 1720 36
1450 1453 37
1898 1959 38
29 873 39
751 1450 40
728 1968 41
728 1969 42
690 1788 43
690 1754 44
1771 1832 45
684 1427 46
183 684 47
380 1745 48
380 1747 49
1191 1926 50
1898 1960 51
728 1926 52
1190 1191 53
103 1761 54
380 1438 55
1720 1819 56
362 396 57
520 1821 58
703 1432 59
1745 1746 60
1804 1805 61
102 1899 62
380 1640 63
1760 1761 64
102 103 65
438 1020 66
1557 1828 67
380 1842 68
1959 1960 69
475 488 70
655 1557 71
703 1720 72
1748 1749 73
1432 1819 74
678 1452 75
102 1902 76
380 396 77
1475 1476 78
644 1196 79
658 1139 80
1803 1989 81
1967 1968 82
728 1614 83
48 438 84
438 617 85
1129 1970 86
475 620 87
751 1761 88
380 1843 89
728 1653 90
1636 1720 91
631 1424 92
703 1819 93
663 678 94
684 755 95
178 655 96
396 1821 97
1575 1636 98
922 1833 99
1967 1969 100
566 1756 101
728 1845 102
655 1828 103
315 362 104
178 1557 105
1373 1720 106
688 689 107
11 268 108
456 1749 109
1720 1961 110
438 1429 111
438 1456 112
103 1759 113
1745 1747 114
1968 1969 115
219 740 116
438 475 117
794 1164 118
1899 1902 119
84 1459 120
362 1821 121
727 728 122
93 137 123
102 1904 124
1821 1822 125
396 1747 126
438 1078 127
1555 1556 128
88 1196 129
102 1905 130
44 1421 131
123 1964 132
1640 1843 133
103 1760 134
448 1314 135
2 438 136
1755 1809 137
219 495 138
1889 1897 139
219 488 140
794 1592 141
1459 1757 142
1136 1757 143
290 743 144
760 970 145
1439 1454 146
740 1434 147
232 234 148
291 1970 149
438 469 150
726 728 151
1459 1638 152
290 650 153
438 1844 154
438 620 155
1432 1885 156
576 1755 157
713 1815 158
437 438 159
177 178 160
396 1755 161
743 1590 162
1432 1884 163
102 751 164
63 315 165
794 1163 166
973 1833 167
102 1886 168
1614 1653 169
279 713 170
566 1531 171
237 658 172
566 1374 173
362 583 174
1640 1842 175
1136 1459 176
1814 1815 177
1164 1592 178
237 1589 179
753 2012 180
1842 1843 181
534 650 182
237 1139 183
467 916 184
438 1250 185
1795 1809 186
237 1421 187
290 531 188
475 1429 189
1592 2050 190
1438 1640 191
291 1129 192
1313 1314 193
530 650 194
566 1993 195
1164 2051 196
3 1475 197
44 237 198
362 1435 199
794 2051 200
1759 1760 201
1108 1455 202
1416 1603 203
615 966 204
438 470 205
728 1958 206
237 1196 207
635 740 208
794 2050 209
11 753 210
534 743 211
1361 1748 212
531 650 213
156 1404 214
1438 1843 215
356 495 216
690 915 217
1175 1459 218
1330 1331 219
1592 2051 220
448 1313 221
530 1584 222
753 1635 223
631 699 224
530 743 225
617 1783 226
663 1452 227
658 1589 228
531 743 229
2050 2051 230
439 690 231
922 973 232
926 1639 233
290 530 234
419 1303 235
448 1595 236
970 1772 237
356 740 238
520 1822 239
1458 1459 240
1954 1955 241
438 1211 242
1163 1592 243
396 1745 244
1459 1460 245
1438 1842 246
272 1385 247
531 1584 248
1043 1765 249
44 268 250
84 1460 251
371 1516 252
672 674 253
11 404 254
103 751 255
530 1590 256
1164 2050 257
123 2044 258
728 2026 259
650 1584 260
672 1553 261
948 966 262
1441 1849 263
50 123 264
1196 1302 265
300 672 266
642 1313 267
1159 1525 268
448 642 269
44 641 270
672 673 271
712 713 272
965 966 273
44 639 274
88 644 275
300 673 276
1416 2001 277
475 635 278
530 531 279
531 533 280
44 1139 281
410 756 282
650 743 283
531 1590 284
1151 1579 285
1124 1432 286
1203 1897 287
26 1301 288
50 1964 289
761 1416 290
530 533 291
489 1897 292
1553 1847 293
531 534 294
44 1589 295
1849 2053 296
680 1818 297
420 1132 298
530 534 299
534 1590 300
1904 1905 301
110 644 302
290 535 303
753 2022 304
753 2021 305
1159 1526 306
1416 1591 307
44 1744 308
1253 1441 309
237 594 310
1444 1758 311
533 650 312
1163 2050 313
1507 1897 314
290 533 315
1163 2051 316
291 292 317
630 631 318
727 752 319
84 1638 320
44 610 321
180 183 322
594 1317 323
237 1147 324
533 1590 325
655 1436 326
290 1590 327
642 1314 328
1964 2049 329
1765 1880 330
610 658 331
702 904 332
1135 1136 333
1437 1438 334
290 1584 335
724 725 336
136 237 337
290 534 338
419 1073 339
362 1822 340
507 926 341
572 1432 342
502 705 343
1954 1956 344
27 1155 345
103 426 346
583 1821 347
156 566 348
237 1026 349
495 740 350
531 535 351
702 1416 352
189 466 353
530 535 354
673 674 355
448 1306 356
44 1784 357
2 237 358
598 599 359
156 1159 360
753 821 361
1253 1849 362
237 939 363
448 1307 364
44 1418 365
576 1809 366
726 727 367
533 743 368
533 1584 369
1815 1816 370
239 932 371
475 591 372
1570 1897 373
63 362 374
103 1551 375
187 277 376
103 1810 377
160 467 378
315 1821 379
1159 1524 380
362 668 381
448 1446 382
1461 1462 383
103 1817 384
417 419 385
520 668 386
796 1416 387
123 2049 388
410 617 389
1526 1888 390
338 1203 391
1175 1458 392
488 740 393
658 1026 394
1884 1885 395
535 650 396
413 414 397
425 658 398
1955 1956 399
44 232 400
698 1136 401
54 1966 402
489 1889 403
591 1950 404
1421 1422 405
1953 1954 406
1964 2044 407
44 1422 408
1584 1590 409
290 451 410
413 919 411
672 1847 412
1765 1881 413
533 535 414
187 244 415
631 748 416
44 898 417
1043 1044 418
88 1310 419
237 1418 420
534 535 421
1361 1962 422
44 1770 423
710 1061 424
743 1887 425
693 752 426
137 1834 427
676 1823 428
44 425 429
1060 1061 430
187 613 431
773 1558 432
44 1413 433
183 1594 434
88 1309 435
617 1775 436
237 610 437
1159 1888 438
331 1474 439
44 1890 440
668 1435 441
1336 1882 442
2012 2022 443
187 237 444
742 743 445
1481 1966 446
2 1421 447
156 1526 448
507 1639 449
658 1075 450
137 1315 451
628 1553 452
650 1590 453
591 1684 454
103 921 455
489 1203 456
698 1135 457
753 1894 458
75 591 459
239 359 460
971 1421 461
1439 1533 462
291 508 463
507 927 464
237 1890 465
594 1579 466
451 452 467
741 743 468
270 1442 469
1078 1456 470
502 735 471
58 973 472
707 709 473
725 1686 474
1157 1159 475
220 709 476
176 410 477
182 183 478
315 316 479
218 709 480
495 1132 481
44 1398 482
189 873 483
362 607 484
628 672 485
1043 1880 486
396 1989 487
533 534 488
219 1434 489
1653 1954 490
468 1390 491
736 1480 492
88 1344 493
237 641 494
362 520 495
237 639 496
44 1102 497
237 1770 498
642 1595 499
26 308 500
451 533 501
472 1370 502
753 2023 503
44 971 504
495 635 505
702 2001 506
1164 1480 507
1445 1448 508
642 1307 509
709 1836 510
971 1102 511
44 1901 512
183 1177 513
191 1555 514
709 919 515
44 658 516
1473 1474 517
451 453 518
237 940 519
137 138 520
356 396 521
396 1803 522
708 709 523
1814 1816 524
315 1537 525
507 922 526
156 1525 527
642 1306 528
1167 1502 529
620 1429 530
258 624 531
43 237 532
642 1446 533
1653 1953 534
736 1164 535
725 1521 536
239 1417 537
388 646 538
1234 1253 539
413 694 540
1570 1889 541
594 1151 542
2044 2049 543
279 1815 544
413 634 545
1173 1174 546
291 653 547
591 1949 548
610 641 549
306 419 550
520 1435 551
971 1422 552
1163 1164 553
1203 1586 554
1569 1889 555
219 356 556
396 637 557
183 1427 558
1474 1820 559
594 1147 560
628 1847 561
189 1605 562
1385 1918 563
591 1561 564
1150 1151 565
736 1163 566
279 1814 567
103 1403 568
451 531 569
1361 1576 570
646 647 571
946 1312 572
164 467 573
419 1952 574
156 1524 575
707 708 576
239 654 577
1406 1407 578
119 468 579
180 182 580
448 1239 581
724 1686 582
1614 1845 583
495 1131 584
753 1141 585
1525 1526 586
31 403 587
615 616 588
26 945 589
103 750 590
396 691 591
591 1123 592
639 641 593
1073 1303 594
420 873 595
751 1886 596
682 683 597
697 1433 598
44 1026 599
525 1444 600
579 644 601
237 907 602
1569 1570 603
1445 1447 604
1949 1950 605
594 1150 606
644 1309 607
1133 1308 608
1929 1931 609
451 535 610
292 653 611
293 720 612
647 1934 613
973 1787 614
1929 1930 615
679 1818 616
926 927 617
40 1891 618
1156 1159 619
1166 1502 620
1043 1340 621
448 1224 622
720 721 623
748 749 624
321 1431 625
724 1522 626
418 419 627
51 371 628
826 932 629
189 190 630
1430 1431 631
520 667 632
1507 1508 633
1931 1932 634
1614 1958 635
658 1924 636
26 1289 637
724 1533 638
75 1950 639
447 448 640
1173 1359 641
434 932 642
1444 1851 643
617 1020 644
1570 1927 645
137 1457 646
1163 1480 647
1303 1361 648
489 1192 649
2 187 650
630 748 651
11 1464 652
1043 1881 653
927 1639 654
237 941 655
970 2033 656
1447 1448 657
609 610 658
1415 1442 659
472 704 660
450 451 661
75 1949 662
189 629 663
472 860 664
679 680 665
1932 1933 666
3 268 667
103 1404 668
1444 1971 669
242 475 670
165 711 671
381 475 672
156 1465 673
416 419 674
705 1903 675
419 1305 676
530 1520 677
1335 1336 678
279 705 679
1306 1307 680
160 569 681
1930 1932 682
165 1060 683
575 576 684
43 658 685
123 1176 686
191 1556 687
136 244 688
710 1060 689
189 1837 690
658 738 691
33 729 692
290 927 693
220 396 694
1444 2030 695
1159 1527 696
362 601 697
610 639 698
556 631 699
1753 1823 700
272 1918 701
702 723 702
1303 1576 703
624 625 704
2022 2023 705
44 569 706
1203 1607 707
1753 1769 708
451 530 709
658 1988 710
156 1527 711
36 1361 712
105 935 713
488 507 714
270 1415 715
2012 2023 716
710 711 717
56 2040 718
1774 1813 719
725 1337 720
1443 1444 721
507 1596 722
530 532 723
237 504 724
1044 1765 725
1880 1881 726
180 1177 727
184 756 728
331 1473 729
1445 1824 730
338 1586 731
395 730 732
338 1607 733
662 663 734
1445 1466 735
44 424 736
756 1741 737
973 1186 738
44 1900 739
357 906 740
290 664 741
1919 1927 742
1930 1933 743
126 1173 744
209 413 745
1416 1425 746
1522 1533 747
1166 1167 748
84 217 749
44 1924 750
452 453 751
413 695 752
569 916 753
448 1529 754
970 2034 755
1929 1932 756
456 986 757
1463 1753 758
268 645 759
2 594 760
2 1147 761
137 938 762
1929 1933 763
338 1569 764
618 619 765
123 643 766
249 729 767
1203 1889 768
293 721 769
1539 1812 770
26 27 771
181 448 772
1570 1919 773
419 1130 774
556 630 775
404 753 776
396 397 777
1995 2037 778
724 1521 779
594 936 780
617 1679 781
308 945 782
1158 1159 783
136 277 784
244 831 785
141 239 786
277 613 787
54 1481 788
697 698 789
741 742 790
32 729 791
44 233 792
642 1267 793
1444 1922 794
525 743 795
1614 2026 796
705 1835 797
49 345 798
2037 2038 799
91 1811 800
399 401 801
640 641 802
123 686 803
1525 1888 804
594 941 805
218 220 806
554 644 807
2021 2023 808
594 940 809
1931 1933 810
667 668 811
237 355 812
644 1310 813
26 944 814
362 1195 815
1369 1519 816
685 686 817
676 1101 818
1995 2039 819
675 676 820
396 1987 821
448 1165 822
531 532 823
556 748 824
1342 1995 825
220 587 826
279 1816 827
1467 1583 828
134 711 829
2037 2039 830
299 773 831
591 1472 832
603 614 833
1043 2047 834
1930 1931 835
969 970 836
63 607 837
646 1867 838
237 248 839
617 756 840
644 1852 841
466 467 842
651 652 843
556 622 844
383 385 845
729 730 846
271 272 847
1044 1340 848
78 917 849
270 314 850
1765 2047 851
338 339 852
1958 1983 853
532 534 854
400 2052 855
34 1467 856
1340 1765 857
922 923 858
27 1301 859
351 352 860
489 1622 861
1524 1526 862
110 554 863
739 1444 864
644 649 865
176 1776 866
626 899 867
1995 1999 868
337 352 869
136 603 870
43 44 871
664 665 872
694 695 873
1995 2000 874
338 1372 875
239 358 876
676 677 877
922 924 878
321 1430 879
532 535 880
395 1318 881
613 614 882
371 1423 883
603 613 884
675 677 885
176 1777 886
237 523 887
729 732 888
1995 2038 889
572 1124 890
1027 1406 891
639 640 892
31 1668 893
298 621 894
290 532 895
315 583 896
279 502 897
944 945 898
156 806 899
745 747 900
1019 1020 901
80 670 902
148 1436 903
192 618 904
495 636 905
730 1318 906
1752 1753 907
718 719 908
78 918 909
636 1132 910
63 316 911
654 932 912
51 239 913
93 1834 914
1999 2052 915
1538 1539 916
1524 1525 917
712 1848 918
388 647 919
486 487 920
676 2019 921
44 754 922
53 239 923
84 407 924
547 946 925
598 1523 926
129 728 927
142 239 928
534 930 929
29 679 930
379 1687 931
839 1347 932
49 737 933
730 732 934
1796 1812 935
2000 2052 936
67 321 937
576 1219 938
450 1385 939
219 1255 940
700 702 941
946 1582 942
1155 1486 943
535 1520 944
289 530 945
644 1345 946
712 1846 947
315 1782 948
579 1852 949
2 1477 950
136 613 951
451 534 952
682 834 953
451 930 954
1614 1929 955
1539 1796 956
508 517 957
1444 2045 958
399 400 959
579 649 960
78 661 961
84 1471 962
134 1060 963
142 932 964
729 731 965
1174 1359 966
533 927 967
796 1425 968
494 495 969
32 33 970
1689 1690 971
136 831 972
338 1889 973
233 1923 974
475 1684 975
316 1537 976
686 1380 977
405 1329 978
796 1543 979
686 687 980
488 495 981
1478 1479 982
237 1187 983
51 651 984
148 1148 985
434 654 986
80 669 987
157 158 988
2 1139 989
34 362 990
211 693 991
405 433 992
245 246 993
730 731 994
1155 1965 995
1346 1347 996
268 1831 997
680 1168 998
750 751 999
1369 1925 1000
1427 2005 1001
304 619 1002
1369 2010 1003
2038 2039 1004
93 279 1005
148 1518 1006
191 761 1007
78 80 1008
253 839 1009
345 737 1010
320 321 1011
67 320 1012
664 666 1013
1710 1741 1014
400 401 1015
253 1346 1016
620 1504 1017
1162 1164 1018
686 1468 1019
165 710 1020
788 1179 1021
1343 1995 1022
434 826 1023
148 1492 1024
731 732 1025
31 322 1026
267 268 1027
751 921 1028
1763 1765 1029
1359 1791 1030
51 909 1031
1228 1433 1032
333 486 1033
745 746 1034
393 396 1035
917 918 1036
289 535 1037
290 1520 1038
239 435 1039
450 453 1040
124 202 1041
410 1776 1042
187 907 1043
371 372 1044
654 826 1045
1999 2000 1046
400 1999 1047
569 1421 1048
84 280 1049
1369 1827 1050
633 1133 1051
715 716 1052
839 1346 1053
91 489 1054
253 1347 1055
400 1995 1056
123 411 1057
40 1608 1058
126 1174 1059
360 362 1060
705 1559 1061
44 371 1062
1928 1995 1063
9 123 1064
110 1345 1065
1157 1158 1066
400 1342 1067
1560 1687 1068
308 944 1069
909 1326 1070
277 1490 1071
410 1777 1072
641 1026 1073
33 249 1074
1044 1880 1075
474 475 1076
279 467 1077
639 1026 1078
270 1494 1079
268 1259 1080
820 1577 1081
32 249 1082
739 1922 1083
756 1020 1084
533 1520 1085
761 1409 1086
242 495 1087
148 1896 1088
404 405 1089
308 1289 1090
1044 1999 1091
156 1641 1092
556 749 1093
1131 1132 1094
1162 1163 1095
744 747 1096
147 148 1097
331 1461 1098
1369 1552 1099
345 449 1100
578 579 1101
1342 1999 1102
216 217 1103
252 839 1104
626 839 1105
744 746 1106
839 1854 1107
923 924 1108
467 1503 1109
940 941 1110
1343 2000 1111
1710 1981 1112
665 666 1113
681 1517 1114
400 1343 1115
42 44 1116
2 623 1117
686 1921 1118
535 927 1119
1358 1774 1120
79 917 1121
268 929 1122
594 939 1123
290 1032 1124
1155 1487 1125
1552 1827 1126
11 1807 1127
579 1528 1128
1044 1881 1129
756 1679 1130
685 687 1131
697 1228 1132
448 1324 1133
404 433 1134
917 1516 1135
648 1281 1136
349 1517 1137
400 1928 1138
410 1630 1139
1343 1999 1140
1342 2000 1141
1138 1889 1142
1342 1343 1143
626 900 1144
1239 1854 1145
63 520 1146
511 1295 1147
905 906 1148
939 940 1149
51 872 1150
58 724 1151
475 1472 1152
1044 2000 1153
268 778 1154
488 635 1155
80 671 1156
289 534 1157
337 1963 1158
575 1219 1159
239 909 1160
653 1045 1161
456 457 1162
148 1789 1163
839 983 1164
697 1328 1165
1161 1163 1166
1495 1496 1167
1928 2000 1168
400 1044 1169
3 937 1170
1425 1543 1171
473 1889 1172
682 1659 1173
1180 1181 1174
1181 1182 1175
44 1399 1176
418 1130 1177
973 1566 1178
659 660 1179
734 1599 1180
2 1580 1181
78 131 1182
30 31 1183
3 1142 1184
80 1318 1185
948 1363 1186
105 1296 1187
236 237 1188
63 796 1189
388 1685 1190
400 2000 1191
356 637 1192
554 1345 1193
724 1337 1194
911 912 1195
105 1226 1196
244 1339 1197
136 1490 1198
704 820 1199
986 1166 1200
683 834 1201
123 412 1202
237 569 1203
1484 1562 1204
1776 1777 1205
394 396 1206
686 1325 1207
1221 1484 1208
620 1554 1209
337 351 1210
351 696 1211
475 1288 1212
63 1537 1213
356 1131 1214
79 918 1215
272 1038 1216
927 1045 1217
1044 1342 1218
1342 1928 1219
148 496 1220
1928 1999 1221
456 565 1222
686 1469 1223
289 290 1224
110 1189 1225
136 614 1226
1221 1562 1227
31 1233 1228
704 860 1229
276 277 1230
1161 1164 1231
626 983 1232
239 1200 1233
601 1195 1234
947 948 1235
388 1934 1236
1155 1666 1237
760 1772 1238
34 912 1239
756 1710 1240
410 1945 1241
370 398 1242
1400 1614 1243
191 1535 1244
219 1365 1245
1155 1853 1246
31 743 1247
141 142 1248
715 1027 1249
148 1401 1250
1154 1155 1251
751 1179 1252
1178 1179 1253
474 591 1254
593 594 1255
79 660 1256
333 487 1257
362 1489 1258
750 921 1259
542 1519 1260
551 705 1261
436 1182 1262
134 661 1263
1180 1182 1264
289 1253 1265
251 252 1266
1095 1790 1267
701 702 1268
1687 1688 1269
2 236 1270
762 1238 1271
1780 1781 1272
272 1185 1273
78 79 1274
79 131 1275
258 1053 1276
751 1178 1277
348 349 1278
715 1153 1279
10 164 1280
237 1201 1281
349 681 1282
134 710 1283
119 744 1284
63 1124 1285
685 1535 1286
1642 1659 1287
88 1345 1288
648 1500 1289
717 719 1290
246 1563 1291
299 1571 1292
338 473 1293
34 520 1294
475 1673 1295
244 1145 1296
1404 1976 1297
152 242 1298
246 1917 1299
2 1169 1300
63 1920 1301
133 660 1302
556 1479 1303
31 1234 1304
939 941 1305
54 1957 1306
258 308 1307
198 566 1308
536 1484 1309
123 465 1310
244 1144 1311
385 1143 1312
532 533 1313
160 916 1314
1343 1928 1315
34 1381 1316
252 253 1317
2 577 1318
436 1181 1319
473 1569 1320
909 1146 1321
107 1323 1322
76 1097 1323
1038 1184 1324
1709 1710 1325
29 638 1326
1155 1980 1327
78 132 1328
136 282 1329
1380 1468 1330
396 1015 1331
1979 1984 1332
111 762 1333
744 745 1334
1228 1328 1335
274 638 1336
2 569 1337
2 925 1338
28 686 1339
378 379 1340
272 1184 1341
838 839 1342
274 1248 1343
653 927 1344
950 1984 1345
244 1058 1346
272 1183 1347
660 661 1348
2 1170 1349
659 661 1350
34 1583 1351
1203 2035 1352
1296 2008 1353
536 1221 1354
648 1257 1355
968 1889 1356
1764 1765 1357
485 1108 1358
906 1254 1359
1044 1995 1360
139 325 1361
520 1489 1362
48 1020 1363
644 1246 1364
450 452 1365
379 1560 1366
638 1248 1367
669 670 1368
704 1577 1369
357 905 1370
304 1410 1371
258 2025 1372
612 1689 1373
642 1224 1374
536 1562 1375
44 350 1376
51 652 1377
1184 1185 1378
246 915 1379
1194 1195 1380
686 1499 1381
1155 1488 1382
27 1087 1383
1143 1362 1384
1613 1614 1385
2 1883 1386
258 1172 1387
636 1131 1388
148 1895 1389
270 1366 1390
369 370 1391
371 373 1392
436 1180 1393
258 1612 1394
51 152 1395
908 2025 1396
331 751 1397
686 1176 1398
536 1179 1399
670 671 1400
80 131 1401
131 133 1402
51 242 1403
1031 1248 1404
136 283 1405
79 80 1406
34 395 1407
533 1253 1408
27 481 1409
27 375 1410
54 931 1411
583 1782 1412
716 1027 1413
198 475 1414
411 1176 1415
638 1031 1416
420 943 1417
34 910 1418
1038 1183 1419
831 1058 1420
488 1334 1421
191 685 1422
520 1604 1423
1155 1530 1424
1241 1907 1425
29 1248 1426
1038 1185 1427
331 1179 1428
131 660 1429
1044 1928 1430
258 908 1431
420 1171 1432
716 1153 1433
1889 2035 1434
381 620 1435
355 958 1436
405 1209 1437
839 1239 1438
388 1334 1439
1139 1332 1440
27 429 1441
1293 1371 1442
197 475 1443
407 592 1444
534 1253 1445
374 377 1446
136 202 1447
1401 1799 1448
50 1163 1449
191 1409 1450
669 671 1451
63 601 1452
107 1567 1453
1044 1343 1454
239 1367 1455
1219 1384 1456
48 1844 1457
374 375 1458
950 1979 1459
1392 1496 1460
136 715 1461
715 1388 1462
1468 1469 1463
1470 1471 1464
1242 1243 1465
131 661 1466
1567 1568 1467
1995 1998 1468
1995 1997 1469
612 1690 1470
547 548 1471
50 1164 1472
252 1346 1473
63 1194 1474
830 1187 1475
353 355 1476
1183 1185 1477
148 1986 1478
354 355 1479
1195 1920 1480
54 1588 1481
252 258 1482
717 718 1483
1241 1242 1484
1044 2047 1485
112 755 1486
129 946 1487
50 1161 1488
549 1426 1489
705 909 1490
686 1364 1491
1889 2036 1492
43 754 1493
268 783 1494
551 909 1495
239 705 1496
1994 1995 1497
27 377 1498
760 2032 1499
1179 1484 1500
1388 1491 1501
141 816 1502
54 1386 1503
578 1528 1504
27 379 1505
63 1982 1506
246 304 1507
968 1203 1508
1219 1382 1509
1321 1323 1510
410 1662 1511
331 1178 1512
331 1462 1513
420 556 1514
455 456 1515
549 1263 1516
755 1615 1517
1183 1184 1518
1161 1162 1519
379 1277 1520
715 1387 1521
289 533 1522
551 1146 1523
290 1253 1524
131 132 1525
1404 1767 1526
697 1327 1527
136 1215 1528
334 353 1529
29 274 1530
334 355 1531
27 378 1532
50 1162 1533
375 376 1534
385 949 1535
808 1143 1536
6 1241 1537
1308 1411 1538
1008 1031 1539
27 66 1540
288 1253 1541
375 377 1542
591 1673 1543
124 136 1544
376 377 1545
79 133 1546
715 1491 1547
6 1242 1548
547 1992 1549
27 391 1550
612 1790 1551
547 549 1552
1228 1327 1553
63 360 1554
1995 1996 1555
282 1149 1556
1203 2036 1557
282 283 1558
51 359 1559
682 1642 1560
760 2033 1561
1895 1896 1562
136 854 1563
539 542 1564
1 27 1565
824 1425 1566
1268 1565 1567
44 372 1568
1144 1145 1569
1380 1469 1570
206 734 1571
1387 1388 1572
870 1139 1573
51 435 1574
34 63 1575
1598 1599 1576
1322 1323 1577
27 374 1578
27 376 1579
39 1532 1580
134 165 1581
136 1149 1582
43 1026 1583
597 600 1584
611 1095 1585
1400 1613 1586
1404 1768 1587
569 834 1588
1572 1573 1589
334 354 1590
1044 1763 1591
1412 1425 1592
2 872 1593
612 1682 1594
1358 1813 1595
339 1402 1596
852 1940 1597
1219 1383 1598
136 1948 1599
239 551 1600
1985 1986 1601
353 354 1602
908 1053 1603
387 388 1604
156 1642 1605
374 376 1606
612 1095 1607
21 94 1608
337 1587 1609
1208 1209 1610
612 1593 1611
80 730 1612
148 1985 1613
1572 1574 1614
734 1598 1615
237 1202 1616
1044 1341 1617
21 195 1618
934 1269 1619
1412 1543 1620
359 1417 1621
1319 1323 1622
280 1140 1623
357 1222 1624
760 1773 1625
135 136 1626
603 1948 1627
1269 1351 1628
1241 1243 1629
1320 1779 1630
165 498 1631
611 612 1632
1319 1322 1633
1732 1742 1634
1027 1153 1635
1403 1404 1636
1559 1637 1637
420 1391 1638
420 928 1639
1320 1321 1640
1320 1371 1641
1340 1342 1642
21 391 1643
136 1388 1644
603 1414 1645
1014 1015 1646
1254 1742 1647
1342 1998 1648
1218 1675 1649
129 547 1650
252 1347 1651
356 357 1652
532 927 1653
1974 1995 1654
532 1520 1655
1293 1320 1656
1343 1996 1657
1263 1426 1658
1382 1383 1659
1387 1491 1660
2 1375 1661
1044 1996 1662
1320 1780 1663
900 931 1664
128 356 1665
1194 1982 1666
331 536 1667
970 1247 1668
1382 1384 1669
111 1238 1670
105 1505 1671
1573 1574 1672
112 368 1673
36 1616 1674
246 914 1675
304 1917 1676
11 200 1677
1340 1343 1678
356 905 1679
1319 1321 1680
112 1615 1681
130 1402 1682
1319 1320 1683
2 1264 1684
638 955 1685
1195 1982 1686
1334 1856 1687
1160 1258 1688
367 379 1689
29 1465 1690
74 1277 1691
136 1387 1692
605 606 1693
541 542 1694
1342 1996 1695
331 788 1696
361 362 1697
1044 1997 1698
1194 1920 1699
58 1679 1700
105 1862 1701
132 661 1702
1321 1322 1703
556 928 1704
795 1055 1705
385 1362 1706
593 808 1707
1044 1998 1708
1320 1781 1709
41 115 1710
899 900 1711
1343 1994 1712
356 608 1713
913 915 1714
179 344 1715
80 1236 1716
1342 1997 1717
39 40 1718
383 949 1719
3 5 1720
6 1243 1721
43 1988 1722
1383 1384 1723
80 1237 1724
1342 1994 1725
356 1254 1726
548 549 1727
1044 1764 1728
349 1014 1729
1054 1055 1730
1340 1764 1731
130 339 1732
63 1195 1733
733 734 1734
128 357 1735
385 432 1736
760 969 1737
1269 2024 1738
304 899 1739
600 2002 1740
1972 1974 1741
700 701 1742
1354 1355 1743
872 909 1744
31 331 1745
84 1300 1746
1327 1328 1747
795 1054 1748
951 1087 1749
1269 1611 1750
1320 1323 1751
206 1598 1752
950 1015 1753
852 1392 1754
388 1856 1755
1343 1998 1756
156 1659 1757
1486 1487 1758
915 1563 1759
1928 1998 1760
268 1213 1761
538 620 1762
1378 1379 1763
970 1540 1764
258 1493 1765
361 520 1766
1340 1341 1767
1401 1896 1768
156 682 1769
63 1193 1770
2 1265 1771
1878 1879 1772
538 973 1773
1426 1581 1774
806 1311 1775
824 825 1776
734 1389 1777
1637 1806 1778
96 488 1779
289 532 1780
970 1248 1781
1155 2018 1782
1269 1350 1783
1268 1269 1784
283 1149 1785
43 1399 1786
338 343 1787
1044 1994 1788
304 900 1789
384 385 1790
1343 1997 1791
2 408 1792
549 766 1793
824 1412 1794
969 1772 1795
1044 1974 1796
1772 2033 1797
19 51 1798
136 573 1799
136 281 1800
381 382 1801
1342 1974 1802
107 1568 1803
1343 1974 1804
1377 1379 1805
526 936 1806
1095 1683 1807
385 386 1808
484 633 1809
10 1007 1810
54 68 1811
131 134 1812
1928 1997 1813
51 241 1814
58 942 1815
105 1269 1816
136 1491 1817
241 242 1818
950 1014 1819
136 1257 1820
356 1365 1821
381 1052 1822
2 1332 1823
549 1992 1824
1320 1322 1825
955 1316 1826
1269 1565 1827
936 1440 1828
1201 1202 1829
527 529 1830
1254 1732 1831
532 1253 1832
456 1166 1833
362 1604 1834
65 1376 1835
219 1254 1836
1928 1996 1837
557 1360 1838
208 462 1839
105 1227 1840
214 970 1841
79 1236 1842
738 959 1843
143 144 1844
1928 1994 1845
638 1316 1846
1486 1488 1847
569 627 1848
89 91 1849
165 497 1850
1642 1786 1851
286 339 1852
1997 1998 1853
258 632 1854
331 1484 1855
2 1879 1856
738 1368 1857
783 1259 1858
1119 1134 1859
1155 2017 1860
34 1193 1861
1364 1499 1862
356 1255 1863
540 583 1864
51 116 1865
288 534 1866
557 2048 1867
297 299 1868
143 145 1869
1274 1282 1870
34 1021 1871
297 298 1872
1994 1998 1873
34 428 1874
540 1620 1875
1996 1998 1876
296 297 1877
406 407 1878
51 603 1879
23 409 1880
529 557 1881
529 1360 1882
1022 1868 1883
1996 1997 1884
1351 1352 1885
1127 1506 1886
824 1543 1887
1095 1682 1888
396 950 1889
128 1222 1890
788 1485 1891
778 1667 1892
488 1762 1893
656 1667 1894
769 1483 1895
44 567 1896
571 1027 1897
143 1223 1898
385 1578 1899
1974 1996 1900
1994 1996 1901
1994 1997 1902
23 74 1903
81 84 1904
1221 1222 1905
59 60 1906
105 1225 1907
1974 1998 1908
27 951 1909
1119 1877 1910
50 313 1911
143 1260 1912
382 620 1913
215 1825 1914
143 256 1915
1928 1974 1916
237 258 1917
601 602 1918
44 373 1919
1973 1974 1920
29 1379 1921
760 2034 1922
1377 1378 1923
29 1549 1924
51 136 1925
2 248 1926
265 778 1927
105 1351 1928
21 23 1929
288 1032 1930
307 308 1931
474 1673 1932
93 1393 1933
757 1571 1934
1155 1991 1935
84 445 1936
488 636 1937
31 402 1938
128 1221 1939
1487 1488 1940
262 1022 1941
1350 1351 1942
105 1350 1943
1264 1265 1944
197 474 1945
539 540 1946
704 1951 1947
2 870 1948
1991 2018 1949
2 1878 1950
1155 1990 1951
1231 1232 1952
256 390 1953
39 946 1954
268 312 1955
29 1751 1956
934 1350 1957
48 1830 1958
127 1220 1959
134 706 1960
1269 1505 1961
1574 1664 1962
3 408 1963
265 1667 1964
236 939 1965
1155 1733 1966
50 920 1967
144 1223 1968
412 1376 1969
1119 1876 1970
1375 1564 1971
31 533 1972
290 564 1973
1876 1877 1974
1974 1997 1975
3 872 1976
582 583 1977
600 1333 1978
29 1377 1979
475 894 1980
1772 2034 1981
1682 1683 1982
51 512 1983
206 1599 1984
474 894 1985
1488 1980 1986
525 1338 1987
524 525 1988
656 778 1989
936 1513 1990
279 1503 1991
2 3 1992
145 1223 1993
769 1482 1994
993 1336 1995
82 84 1996
132 134 1997
411 412 1998
934 1351 1999
198 242 2000
846 1896 2001
236 1160 2002
242 1288 2003
2 1089 2004
34 1195 2005
51 722 2006
123 132 2007
29 255 2008
682 1793 2009
34 342 2010
1351 1505 2011
704 1626 2012
2033 2034 2013
288 290 2014
450 509 2015
29 94 2016
1974 1994 2017
461 462 2018
788 985 2019
331 524 2020
1419 1578 2021
241 1664 2022
612 717 2023
29 127 2024
1058 1059 2025
34 427 2026
914 1563 2027
913 914 2028
571 1857 2029
2 2011 2030
620 973 2031
379 560 2032
34 776 2033
65 412 2034
1859 1975 2035
204 1599 2036
1482 1483 2037
508 509 2038
308 771 2039
988 1349 2040
296 299 2041
241 1510 2042
512 593 2043
1733 1991 2044
31 289 2045
265 656 2046
1401 1797 2047
252 1612 2048
79 1237 2049
357 1221 2050
462 512 2051
1009 1031 2052
331 1485 2053
951 1251 2054
2 324 2055
29 1220 2056
656 1188 2057
704 1627 2058
69 1578 2059
255 1549 2060
1254 1365 2061
1348 1349 2062
2 460 2063
290 563 2064
393 397 2065
1050 1542 2066
34 341 2067
525 1498 2068
23 113 2069
53 358 2070
905 1240 2071
969 2033 2072
331 1233 2073
356 1240 2074
383 384 2075
1763 1764 2076
1990 1991 2077
288 289 2078
427 428 2079
406 592 2080
1114 1669 2081
1206 1663 2082
38 462 2083
484 1674 2084
682 1786 2085
988 1348 2086
215 1975 2087
307 1602 2088
29 1378 2089
144 1260 2090
833 2020 2091
308 1602 2092
331 525 2093
382 973 2094
605 657 2095
943 982 2096
526 1244 2097
771 1602 2098
27 501 2099
2 199 2100
53 462 2101
204 1855 2102
1348 1623 2103
1599 1855 2104
204 206 2105
23 287 2106
299 757 2107
1530 1980 2108
2 5 2109
288 533 2110
439 440 2111
1022 1669 2112
307 771 2113
330 337 2114
1354 1826 2115
29 108 2116
383 386 2117
533 564 2118
943 1585 2119
29 204 2120
89 90 2121
439 441 2122
51 1231 2123
152 1256 2124
410 538 2125
424 425 2126
1119 1396 2127
1050 1051 2128
51 1232 2129
143 390 2130
241 1527 2131
608 1420 2132
364 365 2133
5 408 2134
702 1225 2135
1044 1794 2136
35 36 2137
105 934 2138
72 204 2139
1797 1798 2140
525 1210 2141
38 53 2142
2 323 2143
1990 2018 2144
241 1574 2145
993 1663 2146
261 262 2147
920 1300 2148
1244 1245 2149
129 130 2150
411 465 2151
37 462 2152
289 564 2153
1733 2018 2154
93 1515 2155
406 593 2156
423 806 2157
268 311 2158
1107 1252 2159
35 914 2160
51 604 2161
83 84 2162
336 1426 2163
833 1270 2164
1357 1358 2165
29 1405 2166
394 397 2167
204 1079 2168
1022 1114 2169
1350 1505 2170
23 1394 2171
298 299 2172
34 1229 2173
452 509 2174
879 881 2175
63 1604 2176
881 1863 2177
34 589 2178
1027 1857 2179
837 839 2180
1991 2017 2181
145 1260 2182
136 407 2183
1354 1356 2184
29 71 2185
43 567 2186
361 1489 2187
914 915 2188
1225 1227 2189
526 1245 2190
196 358 2191
1051 1542 2192
388 833 2193
1488 1530 2194
206 1855 2195
313 920 2196
196 359 2197
143 430 2198
2 53 2199
2017 2018 2200
1358 1866 2201
29 1511 2202
208 475 2203
358 359 2204
934 1227 2205
296 298 2206
358 1397 2207
656 657 2208
858 1873 2209
5 872 2210
199 872 2211
934 970 2212
40 47 2213
144 145 2214
288 532 2215
50 1300 2216
488 506 2217
38 1875 2218
215 1859 2219
608 1428 2220
331 985 2221
130 1127 2222
1405 1511 2223
1488 1601 2224
16 1975 2225
289 563 2226
346 484 2227
900 1304 2228
204 1512 2229
484 1606 2230
1354 1358 2231
76 77 2232
31 532 2233
387 1856 2234
406 512 2235
29 72 2236
34 1230 2237
604 1948 2238
837 838 2239
701 1225 2240
857 1414 2241
87 485 2242
343 473 2243
943 1514 2244
423 1451 2245
744 1534 2246
1213 1259 2247
6 8 2248
1510 1527 2249
6 7 2250
508 515 2251
1002 1911 2252
29 1266 2253
324 1089 2254
388 1600 2255
1733 1990 2256
1236 1237 2257
94 195 2258
134 167 2259
1079 1855 2260
63 602 2261
1247 1248 2262
1763 1794 2263
993 1137 2264
34 340 2265
31 290 2266
34 1604 2267
242 494 2268
1350 1862 2269
459 1002 2270
1420 1428 2271
388 2004 2272
460 462 2273
1210 1498 2274
313 1300 2275
1792 1793 2276
72 1266 2277
130 1670 2278
323 324 2279
31 564 2280
431 1249 2281
814 1107 2282
236 594 2283
337 347 2284
53 461 2285
1990 2017 2286
279 466 2287
1764 1794 2288
704 1541 2289
334 336 2290
1 1152 2291
814 1252 2292
90 91 2293
247 248 2294
993 1206 2295
136 604 2296
9 389 2297
459 1911 2298
1733 2017 2299
71 1266 2300
423 1808 2301
1527 1664 2302
77 1274 2303
136 406 2304
568 569 2305
934 1225 2306
1356 1826 2307
1358 1861 2308
72 1511 2309
262 263 2310
134 207 2311
213 970 2312
393 394 2313
71 72 2314
801 1297 2315
361 1604 2316
108 1266 2317
29 95 2318
682 1792 2319
603 604 2320
144 430 2321
1356 1358 2322
16 215 2323
143 503 2324
37 38 2325
1512 1855 2326
311 312 2327
63 361 2328
1840 1858 2329
350 373 2330
1512 1599 2331
1858 1860 2332
145 430 2333
29 1408 2334
533 563 2335
801 1298 2336
1840 1859 2337
341 342 2338
934 1248 2339
969 2034 2340
1859 1860 2341
160 163 2342
1079 1599 2343
1858 1859 2344
934 1247 2345
396 1014 2346
72 255 2347
463 464 2348
1356 1861 2349
42 43 2350
129 458 2351
1037 1235 2352
215 1858 2353
129 1670 2354
136 512 2355
421 423 2356
1348 1793 2357
72 108 2358
446 1547 2359
134 498 2360
532 563 2361
1353 1354 2362
323 1089 2363
385 1906 2364
294 343 2365
53 199 2366
1840 1860 2367
337 458 2368
857 1396 2369
532 564 2370
72 1549 2371
206 1512 2372
215 1840 2373
16 1859 2374
1353 1356 2375
81 82 2376
208 242 2377
379 561 2378
483 485 2379
1600 2004 2380
81 83 2381
857 1864 2382
27 72 2383
459 1670 2384
1079 1512 2385
8 389 2386
360 361 2387
34 209 2388
259 262 2389
160 162 2390
872 2011 2391
340 342 2392
45 47 2393
1298 1299 2394
1353 1358 2395
209 477 2396
299 402 2397
460 461 2398
215 1860 2399
31 288 2400
1401 1798 2401
288 564 2402
206 1079 2403
7 389 2404
657 1188 2405
7 8 2406
34 361 2407
40 45 2408
211 284 2409
72 1408 2410
46 47 2411
431 432 2412
288 563 2413
365 366 2414
478 933 2415
72 1548 2416
298 757 2417
445 1547 2418
364 804 2419
36 914 2420
343 1681 2421
160 161 2422
1914 1915 2423
258 293 2424
363 365 2425
31 563 2426
363 364 2427
2054 2055 2428
801 1299 2429
1786 1793 2430
19 85 2431
443 444 2432
722 933 2433
1348 1792 2434
1786 1792 2435
72 454 2436
484 485 2437
7 9 2438
15 1840 2439
77 598 2440
1488 1909 2441
136 593 2442
722 2054 2443
71 501 2444
134 497 2445
1282 1333 2446
563 564 2447
15 1860 2448
422 423 2449
589 1229 2450
1 1597 2451
16 1858 2452
833 2004 2453
421 422 2454
497 498 2455
1297 1299 2456
16 1860 2457
483 484 2458
71 108 2459
1353 1826 2460
1353 1357 2461
412 465 2462
207 1621 2463
198 781 2464
74 464 2465
15 1859 2466
107 108 2467
72 1056 2468
560 561 2469
476 477 2470
846 1912 2471
682 1348 2472
14 15 2473
8 9 2474
1353 1861 2475
330 347 2476
72 501 2477
99 160 2478
53 460 2479
211 285 2480
1348 1786 2481
72 77 2482
123 131 2483
15 215 2484
108 501 2485
132 411 2486
340 341 2487
722 2055 2488
833 1600 2489
16 1840 2490
107 501 2491
214 969 2492
404 1235 2493
478 722 2494
569 870 2495
71 107 2496
296 757 2497
214 1540 2498
215 1838 2499
193 580 2500
1527 1574 2501
94 194 2502
168 169 2503
1488 1724 2504
197 198 2505
15 16 2506
404 1534 2507
442 714 2508
132 412 2509
15 1858 2510
132 465 2511
74 1501 2512
1229 1230 2513
72 107 2514
159 160 2515
704 1246 2516
846 1778 2517
1838 1913 2518
94 95 2519
260 262 2520
14 16 2521
335 336 2522
744 1235 2523
432 1906 2524
836 839 2525
1235 1534 2526
144 503 2527
159 161 2528
211 212 2529
242 1625 2530
580 581 2531
569 1910 2532
6 9 2533
161 163 2534
34 210 2535
71 454 2536
442 443 2537
442 657 2538
1838 1915 2539
40 46 2540
74 463 2541
199 460 2542
209 476 2543
145 503 2544
161 162 2545
73 74 2546
589 1230 2547
194 195 2548
330 1018 2549
445 446 2550
969 1540 2551
74 409 2552
45 46 2553
47 48 2554
442 444 2555
402 757 2556
317 318 2557
392 968 2558
129 459 2559
213 1540 2560
261 263 2561
870 1910 2562
99 163 2563
317 1545 2564
99 161 2565
162 163 2566
317 1546 2567
836 838 2568
159 163 2569
317 1916 2570
169 490 2571
36 915 2572
29 454 2573
77 1408 2574
1353 1866 2575
168 170 2576
317 1544 2577
1544 1916 2578
845 846 2579
1908 1909 2580
329 330 2581
1544 1545 2582
195 807 2583
336 1090 2584
1261 1262 2585
209 210 2586
990 1544 2587
134 1621 2588
836 1550 2589
159 162 2590
1724 1908 2591
2035 2036 2592
1544 1546 2593
317 990 2594
990 1545 2595
990 1546 2596
543 546 2597
99 162 2598
990 1916 2599
1230 1536 2600
544 546 2601
94 1947 2602
213 214 2603
298 402 2604
170 490 2605
1838 1914 2606
46 48 2607
72 1610 2608
210 476 2609
392 893 2610
845 1778 2611
99 159 2612
198 208 2613
213 969 2614
94 2003 2615
260 263 2616
210 477 2617
544 545 2618
1213 1628 2619
40 48 2620
404 744 2621
893 968 2622
1724 1909 2623
260 261 2624
543 544 2625
94 1609 2626
284 285 2627
545 546 2628
169 170 2629
836 837 2630
259 263 2631
45 48 2632
74 1262 2633
77 108 2634
259 261 2635
1304 1619 2636
1677 1678 2637
74 1678 2638
543 545 2639
74 1261 2640
1609 1947 2641
454 1408 2642
505 1947 2643
94 505 2644
505 1609 2645
1947 2003 2646
1609 2003 2647
85 86 2648
259 260 2649
212 284 2650
74 1677 2651
505 2003 2652
212 285 2653
1617 1618 2654
1116 1618 2655
1046 1618 2656
1046 1617 2657
1046 1116 2658
1117 1618 2659
1116 1617 2660
1046 1117 2661
1117 1617 2662
1116 1117 2663
