684 690 1
690 1801 2
690 1800 3
690 1802 4
684 1805 5
1637 1806 6
102 1898 7
380 1747 8
690 1754 9
380 1785 10
684 1800 11
54 931 12
690 1788 13
380 1746 14
684 1801 15
102 1960 16
380 396 17
380 1745 18
102 1959 19
684 1804 20
684 1802 21
488 635 22
690 915 23
1800 1802 24
1746 1747 25
1369 1827 26
1450 1761 27
1898 1959 28
1800 1801 29
102 1905 30
690 1771 31
1575 1720 32
1760 1761 33
102 1902 34
1898 1960 35
93 1834 36
1745 1746 37
1745 1747 38
1959 1960 39
380 1640 40
93 137 41
684 1035 42
1759 1761 43
1801 1802 44
380 1842 45
102 1899 46
380 1843 47
1753 1769 48
137 1834 49
488 740 50
137 1457 51
922 973 52
1369 1552 53
1720 1961 54
1759 1760 55
678 1761 56
690 966 57
1369 2010 58
54 1966 59
1129 1970 60
488 495 61
102 1904 62
900 931 63
684 1427 64
380 1438 65
396 1747 66
1640 1842 67
1369 1925 68
54 1481 69
475 488 70
1463 1753 71
1557 1828 72
1373 1720 73
137 1315 74
1804 1805 75
291 1129 76
1803 1989 77
137 138 78
93 1515 79
103 1761 80
137 938 81
689 690 82
1552 1827 83
1449 1450 84
396 1745 85
751 1761 86
1432 1720 87
1640 1843 88
103 1450 89
655 1828 90
973 1787 91
1636 1720 92
219 488 93
1439 1533 94
1967 1968 95
1450 1453 96
703 1720 97
183 684 98
678 1450 99
751 1450 100
1559 1637 101
1720 1819 102
1752 1753 103
396 1803 104
438 1020 105
1481 1966 106
291 1970 107
1475 1476 108
1842 1843 109
566 1756 110
688 690 111
728 1968 112
93 1393 113
1136 1757 114
54 1588 115
642 1314 116
684 755 117
488 636 118
727 752 119
44 610 120
1899 1902 121
96 488 122
1438 1843 123
54 68 124
438 1456 125
1432 1819 126
635 740 127
1439 1454 128
488 1762 129
642 1595 130
438 1078 131
1753 1823 132
237 610 133
488 506 134
495 635 135
1438 1640 136
475 1429 137
858 1873 138
1078 1456 139
103 1760 140
712 713 141
973 1186 142
1771 1832 143
642 1307 144
1438 1842 145
642 1446 146
1904 1905 147
709 1836 148
54 1386 149
385 1578 150
655 1436 151
1575 1636 152
913 915 153
54 1957 154
48 438 155
381 475 156
642 1306 157
713 1815 158
705 1559 159
1461 1462 160
102 1886 161
703 1432 162
1361 1962 163
576 1755 164
178 1557 165
438 1844 166
566 1374 167
1795 1809 168
728 1969 169
642 1267 170
728 1967 171
1967 1969 172
1968 1969 173
1459 1757 174
1474 1820 175
48 1844 176
448 1595 177
655 1557 178
773 1558 179
743 1590 180
44 1770 181
1108 1455 182
448 1314 183
650 1590 184
1814 1816 185
642 1224 186
448 1446 187
672 674 188
725 1337 189
291 292 190
488 507 191
973 1833 192
1419 1578 193
279 1815 194
178 655 195
448 1307 196
44 1398 197
650 743 198
943 982 199
102 751 200
566 1531 201
943 1514 202
566 1993 203
438 475 204
1814 1815 205
1755 1809 206
44 1900 207
438 1429 208
1306 1307 209
1478 1479 210
396 1821 211
448 642 212
1584 1590 213
420 943 214
438 469 215
103 678 216
1359 1791 217
396 1989 218
1821 1822 219
237 1770 220
724 1337 221
531 743 222
1815 1816 223
44 1026 224
642 1313 225
1459 1638 226
1522 1533 227
396 1755 228
44 237 229
44 569 230
148 1436 231
628 672 232
1313 1314 233
44 1589 234
279 1814 235
650 1584 236
520 1821 237
530 743 238
610 658 239
1175 1459 240
724 1522 241
900 1304 242
1458 1459 243
103 1759 244
672 673 245
1432 1885 246
438 1250 247
973 1566 248
703 1819 249
725 1686 250
102 103 251
1361 1748 252
237 569 253
725 1521 254
1895 1896 255
724 1521 256
794 2050 257
11 404 258
709 919 259
707 709 260
530 1584 261
672 1847 262
533 1590 263
943 1585 264
3 1475 265
419 1303 266
531 1584 267
628 1847 268
678 751 269
576 1809 270
801 1298 271
1175 1458 272
44 425 273
290 743 274
475 620 275
237 1589 276
530 1590 277
179 344 278
11 753 279
279 713 280
740 1434 281
1136 1459 282
192 618 283
530 650 284
1459 1460 285
44 639 286
419 1305 287
438 617 288
724 1686 289
531 1590 290
44 1196 291
44 1418 292
475 635 293
237 1890 294
44 658 295
300 672 296
148 1896 297
44 1890 298
448 1306 299
1553 1847 300
85 86 301
331 1461 302
1369 1519 303
448 1224 304
437 438 305
531 533 306
419 1073 307
84 1459 308
44 1784 309
237 658 310
708 709 311
1303 1361 312
753 2021 313
948 966 314
26 27 315
620 1429 316
753 1894 317
1437 1438 318
794 1592 319
672 1553 320
726 727 321
44 1413 322
215 1825 323
448 1313 324
2 569 325
306 419 326
727 728 327
712 1848 328
1432 1884 329
531 650 330
533 743 331
44 1139 332
177 178 333
237 1026 334
507 927 335
58 973 336
534 743 337
44 1421 338
44 1924 339
2050 2051 340
417 419 341
418 419 342
1298 1299 343
1955 1956 344
1420 1428 345
726 728 346
438 1211 347
1135 1136 348
753 1141 349
1174 1359 350
48 1830 351
724 725 352
419 1952 353
502 705 354
472 704 355
279 1816 356
220 709 357
237 639 358
753 2012 359
608 1428 360
84 1460 361
753 2023 362
237 1418 363
371 1516 364
396 1987 365
1592 2050 366
438 470 367
2 237 368
724 1533 369
502 735 370
794 2051 371
290 531 372
743 1887 373
2044 2049 374
495 740 375
899 900 376
218 709 377
237 1139 378
1173 1359 379
44 641 380
533 1584 381
44 1744 382
300 673 383
290 533 384
362 396 385
801 1297 386
533 650 387
572 1432 388
382 973 389
416 419 390
628 1553 391
673 674 392
508 517 393
626 900 394
44 971 395
1073 1303 396
638 1316 397
678 1452 398
11 1464 399
237 258 400
237 594 401
187 277 402
753 1635 403
1415 1442 404
11 1807 405
448 1529 406
529 1360 407
44 233 408
1196 1302 409
103 1551 410
447 448 411
761 1416 412
44 1901 413
1304 1619 414
2012 2023 415
530 531 416
1525 1526 417
1361 1576 418
36 915 419
914 915 420
1416 1591 421
1191 1926 422
485 1108 423
239 932 424
475 591 425
556 1479 426
618 619 427
237 641 428
753 821 429
1525 1888 430
742 743 431
926 927 432
534 650 433
638 955 434
753 2022 435
534 1590 436
530 534 437
557 1360 438
1954 1955 439
44 898 440
270 1442 441
438 620 442
575 576 443
237 940 444
58 724 445
704 860 446
181 448 447
472 860 448
2012 2022 449
239 654 450
728 1926 451
698 1135 452
187 613 453
728 1191 454
2022 2023 455
1444 1851 456
1592 2051 457
103 1817 458
712 1846 459
472 1370 460
1443 1444 461
1954 1956 462
1043 1880 463
448 1324 464
1392 1496 465
237 1421 466
531 535 467
557 2048 468
688 689 469
44 754 470
290 1590 471
1173 1174 472
27 1301 473
103 751 474
488 1334 475
439 690 476
31 402 477
530 533 478
1495 1496 479
1444 1758 480
475 1472 481
630 631 482
1880 1881 483
48 1020 484
331 1462 485
801 1299 486
531 534 487
58 942 488
1445 1448 489
1524 1525 490
610 639 491
702 1416 492
728 1845 493
1444 2045 494
396 691 495
359 1417 496
705 1835 497
728 2026 498
707 708 499
1964 2049 500
620 1554 501
44 1102 502
608 1420 503
84 1638 504
134 1060 505
321 1431 506
291 508 507
2 1421 508
142 239 509
156 1525 510
631 1424 511
530 535 512
67 321 513
362 1821 514
705 1903 515
741 743 516
529 557 517
535 650 518
1159 1525 519
1776 1777 520
88 1309 521
396 637 522
237 941 523
922 1833 524
1416 1603 525
219 740 526
419 1130 527
321 1430 528
852 1392 529
1526 1888 530
1444 2030 531
156 1526 532
1043 1881 533
663 678 534
44 1422 535
123 2049 536
2021 2023 537
610 641 538
19 85 539
290 535 540
290 1584 541
609 610 542
751 1886 543
290 650 544
739 1444 545
448 1165 546
698 1136 547
1043 1765 548
44 1399 549
946 1582 550
594 936 551
1524 1526 552
2 187 553
631 748 554
741 742 555
1159 1526 556
1884 1885 557
88 1344 558
119 468 559
736 1164 560
1303 1576 561
1416 1425 562
176 1776 563
1095 1683 564
1043 2047 565
1473 1474 566
410 617 567
468 1390 568
663 1452 569
218 220 570
736 1480 571
1445 1447 572
410 1776 573
239 358 574
44 232 575
142 932 576
1164 1480 577
290 530 578
701 1225 579
475 1684 580
88 1310 581
1447 1448 582
103 1810 583
728 1653 584
1444 1971 585
279 502 586
630 748 587
700 702 588
119 744 589
638 1031 590
44 424 591
43 237 592
626 983 593
1156 1159 594
617 1775 595
58 1679 596
239 359 597
644 1196 598
700 701 599
103 921 600
702 1225 601
1653 1954 602
237 1196 603
965 966 604
1430 1431 605
658 1026 606
215 1838 607
1190 1191 608
533 535 609
576 1219 610
527 529 611
1297 1299 612
1765 1881 613
69 1578 614
44 371 615
219 495 616
1095 1682 617
220 396 618
413 414 619
508 515 620
44 372 621
971 1102 622
279 705 623
237 523 624
1416 2001 625
1444 1922 626
739 1922 627
1043 1340 628
239 1417 629
556 622 630
187 244 631
196 359 632
1159 1524 633
1163 2050 634
620 1504 635
658 1139 636
631 699 637
43 44 638
451 533 639
615 966 640
67 320 641
556 631 642
50 1164 643
701 702 644
794 1163 645
1044 1880 646
2 1139 647
246 915 648
31 1668 649
927 1639 650
134 711 651
579 1852 652
274 638 653
1019 1020 654
56 2040 655
187 907 656
658 1589 657
44 567 658
728 1614 659
42 44 660
237 504 661
1043 1044 662
88 644 663
371 1423 664
1953 1954 665
579 649 666
434 932 667
36 1361 668
129 728 669
495 636 670
826 932 671
1470 1471 672
404 753 673
617 1783 674
626 899 675
704 1577 676
1239 1854 677
290 451 678
197 475 679
176 410 680
320 321 681
613 614 682
1163 1164 683
1163 1480 684
291 653 685
736 1163 686
657 1188 687
475 1673 688
534 535 689
1159 1888 690
126 1173 691
617 1020 692
1929 1931 693
857 1414 694
84 1471 695
105 1296 696
794 1164 697
362 583 698
237 1147 699
237 1202 700
1964 2044 701
1445 1466 702
270 1415 703
913 914 704
123 1964 705
424 425 706
356 740 707
1158 1159 708
605 657 709
1539 1812 710
533 534 711
103 750 712
605 606 713
451 535 714
748 749 715
88 1196 716
644 1852 717
413 634 718
814 1252 719
702 2001 720
93 279 721
1765 1880 722
277 1490 723
702 904 724
728 1958 725
955 1316 726
381 1052 727
1682 1683 728
410 1777 729
915 1563 730
141 239 731
1164 2051 732
413 919 733
337 352 734
1748 1749 735
659 660 736
337 351 737
947 948 738
2 594 739
1124 1432 740
148 1895 741
451 531 742
796 1543 743
475 1288 744
141 142 745
239 1200 746
1164 1592 747
1445 1824 748
640 641 749
704 1951 750
710 1061 751
1929 1933 752
237 939 753
639 640 754
1044 1881 755
475 894 756
1949 1950 757
156 1159 758
583 1821 759
704 1626 760
400 401 761
413 694 762
612 1095 763
169 170 764
1164 2050 765
1930 1932 766
1932 1933 767
751 921 768
704 820 769
176 1777 770
1380 1469 771
579 644 772
617 1679 773
796 1416 774
356 396 775
644 649 776
277 613 777
556 630 778
533 1520 779
702 723 780
276 277 781
1163 1592 782
1929 1930 783
1468 1469 784
220 587 785
1044 2047 786
693 752 787
1930 1933 788
1044 1340 789
1163 2051 790
134 710 791
946 1312 792
29 1751 793
603 613 794
704 1541 795
1225 1227 796
1296 2008 797
123 2044 798
434 826 799
535 1520 800
556 748 801
413 695 802
611 1095 803
1427 2005 804
1929 1932 805
474 475 806
525 743 807
639 641 808
710 711 809
1467 1583 810
667 668 811
620 973 812
242 475 813
29 679 814
442 657 815
381 620 816
252 1612 817
644 1309 818
694 695 819
658 1924 820
1796 1812 821
237 907 822
940 941 823
1539 1796 824
1765 2047 825
44 373 826
84 280 827
612 1593 828
704 1627 829
27 1155 830
451 530 831
796 1425 832
1044 1765 833
1157 1159 834
193 580 835
820 1577 836
26 308 837
84 217 838
382 620 839
908 1053 840
1380 1468 841
400 2052 842
750 751 843
331 1474 844
717 718 845
136 244 846
239 1367 847
626 839 848
1930 1931 849
383 385 850
556 749 851
717 719 852
290 534 853
394 396 854
839 1854 855
404 433 856
381 382 857
50 1163 858
290 927 859
337 1963 860
399 400 861
644 1310 862
1653 1953 863
948 1363 864
252 258 865
1689 1690 866
51 359 867
396 397 868
418 1130 869
405 433 870
399 401 871
258 632 872
658 1075 873
745 747 874
591 1472 875
612 1690 876
1931 1933 877
594 940 878
351 352 879
75 1949 880
2037 2039 881
84 445 882
51 239 883
534 930 884
1340 1765 885
315 1821 886
420 873 887
615 616 888
685 686 889
686 1380 890
187 237 891
594 1147 892
704 1246 893
129 946 894
612 1689 895
420 556 896
686 1468 897
219 1434 898
744 745 899
333 486 900
612 1682 901
1931 1932 902
356 495 903
393 396 904
1201 1202 905
78 661 906
434 654 907
1614 2026 908
531 532 909
79 917 910
580 581 911
156 1524 912
88 1345 913
237 1201 914
530 1520 915
29 638 916
126 1174 917
1095 1790 918
362 1195 919
425 658 920
333 487 921
591 1684 922
78 918 923
654 826 924
252 1346 925
404 405 926
654 932 927
591 1949 928
857 1396 929
103 426 930
78 917 931
639 1026 932
252 253 933
31 403 934
788 1179 935
103 1403 936
1060 1061 937
451 534 938
656 1188 939
290 1520 940
298 621 941
745 746 942
926 1639 943
1157 1158 944
872 909 945
1159 1527 946
2000 2052 947
612 717 948
75 1950 949
91 1811 950
1044 2000 951
388 646 952
532 533 953
525 1444 954
1180 1181 955
400 1999 956
351 696 957
569 1421 958
656 657 959
2 438 960
530 532 961
1139 1332 962
1538 1539 963
136 237 964
304 900 965
839 1239 966
456 986 967
2038 2039 968
593 594 969
253 1346 970
750 921 971
533 927 972
594 941 973
971 1421 974
239 435 975
668 1435 976
31 743 977
258 1612 978
400 1928 979
536 1562 980
1009 1031 981
1999 2052 982
578 579 983
2 870 984
420 1391 985
520 667 986
232 234 987
233 1923 988
939 940 989
141 816 990
659 661 991
617 756 992
75 591 993
51 909 994
308 945 995
396 1014 996
839 983 997
51 241 998
400 2000 999
451 930 1000
715 716 1001
971 1422 1002
156 566 1003
30 31 1004
442 444 1005
744 746 1006
148 1518 1007
1614 1845 1008
270 1366 1009
611 612 1010
917 918 1011
575 1219 1012
494 495 1013
26 1301 1014
612 1790 1015
331 788 1016
641 1026 1017
245 246 1018
148 1789 1019
420 1132 1020
676 1823 1021
551 705 1022
730 732 1023
1151 1579 1024
349 1014 1025
579 1528 1026
51 872 1027
358 359 1028
410 1662 1029
198 566 1030
710 1060 1031
756 1020 1032
147 148 1033
251 252 1034
636 1132 1035
922 923 1036
1358 1774 1037
3 937 1038
31 322 1039
156 1465 1040
814 1107 1041
79 660 1042
299 773 1043
400 1044 1044
442 714 1045
603 1414 1046
715 1153 1047
169 490 1048
337 1587 1049
2037 2038 1050
685 687 1051
1119 1396 1052
1181 1182 1053
87 485 1054
917 1516 1055
168 169 1056
50 123 1057
909 1326 1058
1687 1688 1059
168 170 1060
646 647 1061
400 1342 1062
535 927 1063
442 443 1064
1242 1243 1065
252 1347 1066
292 653 1067
593 808 1068
1774 1813 1069
852 1940 1070
1425 1543 1071
686 1469 1072
1008 1031 1073
105 1225 1074
556 928 1075
730 731 1076
39 946 1077
49 345 1078
236 237 1079
923 924 1080
385 1143 1081
1484 1562 1082
400 1343 1083
839 1347 1084
554 644 1085
78 79 1086
196 358 1087
486 487 1088
908 2025 1089
290 664 1090
1162 1164 1091
78 131 1092
675 677 1093
644 1345 1094
349 681 1095
27 379 1096
591 1950 1097
718 719 1098
744 747 1099
405 1329 1100
27 481 1101
136 593 1102
436 1181 1103
683 834 1104
536 1179 1105
909 1146 1106
507 922 1107
308 944 1108
133 660 1109
1221 1562 1110
110 1345 1111
123 686 1112
134 661 1113
686 687 1114
131 661 1115
338 1372 1116
716 1153 1117
730 1318 1118
2 1147 1119
939 941 1120
79 918 1121
239 909 1122
356 608 1123
1180 1182 1124
219 1255 1125
1999 2000 1126
253 1347 1127
1342 1928 1128
660 661 1129
532 535 1130
536 1221 1131
34 395 1132
507 1639 1133
170 490 1134
594 1317 1135
1161 1163 1136
846 1896 1137
3 1142 1138
110 554 1139
29 274 1140
294 343 1141
1221 1484 1142
1421 1422 1143
270 314 1144
79 131 1145
49 737 1146
1194 1195 1147
1346 1347 1148
870 1139 1149
131 660 1150
751 1178 1151
208 475 1152
51 242 1153
1426 1581 1154
110 644 1155
84 1300 1156
594 1579 1157
603 614 1158
729 731 1159
1044 1928 1160
219 356 1161
290 532 1162
1044 1341 1163
336 1426 1164
756 1679 1165
662 663 1166
337 347 1167
547 946 1168
331 1473 1169
148 1148 1170
436 1180 1171
148 1985 1172
338 1569 1173
1044 1999 1174
542 1519 1175
136 277 1176
315 362 1177
1161 1164 1178
362 1822 1179
239 551 1180
594 939 1181
29 873 1182
507 926 1183
404 744 1184
279 1503 1185
51 371 1186
751 1179 1187
343 473 1188
148 496 1189
410 1945 1190
110 1189 1191
1342 2000 1192
27 391 1193
289 530 1194
638 1248 1195
280 1140 1196
246 1563 1197
371 373 1198
757 1571 1199
1342 1999 1200
349 1517 1201
451 453 1202
279 466 1203
572 1124 1204
1195 1920 1205
331 1179 1206
922 924 1207
1614 1653 1208
258 1172 1209
456 1749 1210
338 339 1211
520 668 1212
80 131 1213
681 1517 1214
536 1484 1215
1567 1568 1216
533 1253 1217
27 377 1218
258 1053 1219
331 1178 1220
495 1131 1221
50 1964 1222
83 84 1223
253 839 1224
1162 1163 1225
237 1187 1226
1155 1530 1227
29 1377 1228
1342 1343 1229
554 1345 1230
762 1238 1231
78 80 1232
282 283 1233
396 950 1234
1401 1896 1235
839 1346 1236
27 375 1237
246 914 1238
11 200 1239
1269 2024 1240
1107 1252 1241
26 944 1242
534 1253 1243
538 973 1244
1343 2000 1245
1343 1928 1246
483 485 1247
79 133 1248
216 217 1249
343 1681 1250
520 1822 1251
682 1659 1252
1218 1675 1253
131 133 1254
495 1132 1255
27 429 1256
27 1087 1257
105 1227 1258
680 1168 1259
338 343 1260
934 1225 1261
591 1673 1262
1178 1179 1263
601 1195 1264
358 1397 1265
385 1362 1266
1044 1342 1267
258 308 1268
362 520 1269
729 732 1270
371 372 1271
420 1171 1272
450 451 1273
1928 2000 1274
80 1318 1275
258 908 1276
258 2025 1277
165 710 1278
258 1493 1279
532 927 1280
551 1146 1281
400 1995 1282
1150 1151 1283
761 1409 1284
532 534 1285
489 1192 1286
1268 1565 1287
3 268 1288
729 730 1289
165 711 1290
36 1616 1291
594 1151 1292
385 949 1293
551 909 1294
1614 1929 1295
139 325 1296
131 134 1297
1031 1248 1298
1400 1613 1299
362 668 1300
680 1818 1301
591 1123 1302
246 1917 1303
27 66 1304
27 374 1305
395 1318 1306
591 1561 1307
597 600 1308
731 732 1309
383 384 1310
451 452 1311
520 1435 1312
111 762 1313
304 619 1314
420 928 1315
1995 2000 1316
2 925 1317
29 1379 1318
838 839 1319
1958 1983 1320
134 165 1321
136 283 1322
338 473 1323
705 909 1324
651 652 1325
31 331 1326
1155 1488 1327
2 236 1328
65 1376 1329
410 1630 1330
594 1150 1331
1269 1611 1332
27 378 1333
282 1149 1334
304 1410 1335
675 676 1336
830 1187 1337
658 738 1338
289 533 1339
383 386 1340
806 1311 1341
107 1568 1342
50 1162 1343
788 985 1344
136 282 1345
1241 1907 1346
456 565 1347
1268 1269 1348
385 386 1349
378 379 1350
636 1131 1351
682 834 1352
1154 1155 1353
107 1567 1354
123 643 1355
443 444 1356
788 1485 1357
1183 1185 1358
111 1238 1359
993 1137 1360
1269 1565 1361
148 1401 1362
396 1015 1363
1572 1573 1364
685 1535 1365
338 1607 1366
410 756 1367
156 1527 1368
289 535 1369
547 548 1370
331 751 1371
356 637 1372
43 1026 1373
345 737 1374
283 1149 1375
1263 1426 1376
183 1427 1377
331 536 1378
1241 1243 1379
986 1166 1380
404 1235 1381
1044 1763 1382
252 839 1383
1613 1614 1384
148 1986 1385
279 467 1386
189 873 1387
105 935 1388
338 1586 1389
676 677 1390
148 1492 1391
1358 1813 1392
1614 1958 1393
239 705 1394
3 408 1395
156 806 1396
51 512 1397
1038 1184 1398
362 601 1399
157 158 1400
914 1563 1401
337 458 1402
388 647 1403
1155 1487 1404
664 666 1405
697 698 1406
1343 1999 1407
1044 1343 1408
845 1778 1409
2 1580 1410
50 1161 1411
156 1404 1412
600 2002 1413
34 1381 1414
299 1571 1415
270 1494 1416
165 1060 1417
53 239 1418
244 1145 1419
944 945 1420
644 1246 1421
82 84 1422
1340 1341 1423
156 1641 1424
1995 2037 1425
105 1226 1426
1375 1564 1427
29 1465 1428
136 1149 1429
549 1426 1430
136 715 1431
246 304 1432
951 1087 1433
1038 1185 1434
436 1182 1435
1928 1999 1436
1161 1162 1437
27 376 1438
304 1917 1439
744 1235 1440
1928 1995 1441
450 1385 1442
2 1169 1443
539 542 1444
679 1818 1445
385 432 1446
362 1435 1447
1195 1982 1448
598 1523 1449
679 680 1450
1044 1794 1451
209 413 1452
244 1144 1453
1038 1183 1454
1340 1343 1455
647 1934 1456
1044 1998 1457
1406 1407 1458
289 290 1459
950 1984 1460
136 407 1461
1241 1242 1462
136 831 1463
1412 1543 1464
1155 1486 1465
297 298 1466
274 1248 1467
43 658 1468
1184 1185 1469
383 949 1470
676 1101 1471
686 1364 1472
1412 1425 1473
27 72 1474
1293 1371 1475
79 1237 1476
395 730 1477
658 1988 1478
950 1014 1479
1383 1384 1480
296 297 1481
81 84 1482
197 474 1483
1400 1614 1484
51 722 1485
136 406 1486
406 593 1487
331 1485 1488
1378 1379 1489
473 1569 1490
547 1992 1491
63 1195 1492
27 951 1493
474 591 1494
1183 1184 1495
682 683 1496
1387 1491 1497
198 475 1498
1179 1484 1499
474 894 1500
348 349 1501
598 599 1502
29 1378 1503
404 1534 1504
356 1255 1505
136 573 1506
1530 1980 1507
541 542 1508
755 1615 1509
1219 1382 1510
34 1195 1511
1155 1666 1512
1340 1342 1513
330 337 1514
103 1404 1515
1995 1999 1516
78 132 1517
1155 1980 1518
304 899 1519
2 1477 1520
29 95 1521
28 686 1522
808 1143 1523
1044 1997 1524
27 501 1525
512 593 1526
130 339 1527
1219 1384 1528
489 1622 1529
1044 1994 1530
34 520 1531
374 377 1532
715 1027 1533
1044 1974 1534
105 1269 1535
355 958 1536
369 370 1537
80 669 1538
462 512 1539
136 512 1540
950 1979 1541
1155 1965 1542
11 268 1543
191 761 1544
384 385 1545
2 1375 1546
722 2054 1547
715 1387 1548
1269 1350 1549
1377 1379 1550
79 80 1551
244 1339 1552
1642 1659 1553
289 534 1554
1382 1383 1555
33 729 1556
1356 1358 1557
33 249 1558
1764 1765 1559
2 1170 1560
456 457 1561
134 706 1562
219 1365 1563
385 1906 1564
697 1433 1565
578 1528 1566
715 1491 1567
1228 1433 1568
1995 2039 1569
79 1236 1570
1928 1996 1571
824 1425 1572
1928 1994 1573
1014 1015 1574
1342 1995 1575
1155 1853 1576
290 1253 1577
722 2055 1578
1995 2038 1579
2054 2055 1580
1919 1927 1581
249 729 1582
686 1921 1583
1387 1388 1584
1321 1322 1585
2 1883 1586
405 1209 1587
1353 1358 1588
1327 1328 1589
1253 1441 1590
32 729 1591
1486 1488 1592
74 1277 1593
376 377 1594
1354 1826 1595
824 825 1596
520 1489 1597
1144 1145 1598
484 485 1599
744 1534 1600
646 1867 1601
1382 1384 1602
129 547 1603
26 945 1604
36 914 1605
1143 1362 1606
80 670 1607
2 408 1608
136 603 1609
374 375 1610
824 1543 1611
1486 1487 1612
362 1489 1613
1979 1984 1614
2 623 1615
478 933 1616
1320 1371 1617
80 730 1618
1343 1997 1619
136 1387 1620
715 1388 1621
1293 1320 1622
1194 1920 1623
533 564 1624
2 3 1625
237 355 1626
189 466 1627
1228 1328 1628
331 1484 1629
1404 1976 1630
1928 1997 1631
34 1583 1632
136 281 1633
1358 1866 1634
379 1277 1635
1219 1383 1636
682 1642 1637
1320 1780 1638
63 1193 1639
406 592 1640
669 671 1641
1044 1764 1642
136 1490 1643
664 665 1644
1356 1826 1645
1357 1358 1646
2 1332 1647
676 2019 1648
362 607 1649
2 577 1650
296 298 1651
374 376 1652
1377 1378 1653
6 1243 1654
670 671 1655
3 872 1656
686 1325 1657
51 136 1658
1560 1687 1659
296 757 1660
1269 1505 1661
1 27 1662
136 613 1663
603 604 1664
32 33 1665
1194 1982 1666
105 1862 1667
686 1176 1668
34 1467 1669
315 1537 1670
697 1228 1671
1044 1996 1672
1127 1506 1673
1340 1764 1674
532 1520 1675
123 1176 1676
1342 1997 1677
107 1323 1678
1343 1996 1679
1569 1570 1680
29 1248 1681
722 933 1682
34 910 1683
136 1215 1684
123 411 1685
1928 1974 1686
1356 1861 1687
135 136 1688
1342 1998 1689
455 456 1690
669 670 1691
1488 1530 1692
388 1934 1693
29 127 1694
241 242 1695
1928 1998 1696
34 1193 1697
41 115 1698
356 1131 1699
478 722 1700
450 453 1701
23 287 1702
1388 1491 1703
272 1038 1704
1343 1974 1705
1253 1849 1706
184 756 1707
603 1948 1708
911 912 1709
272 1185 1710
354 355 1711
1780 1781 1712
80 671 1713
123 131 1714
215 1975 1715
1119 1877 1716
950 1015 1717
44 268 1718
272 1183 1719
697 1328 1720
1572 1574 1721
241 1527 1722
738 1368 1723
1487 1488 1724
32 249 1725
34 362 1726
1269 1351 1727
1342 1996 1728
80 1236 1729
189 190 1730
738 959 1731
1343 1995 1732
63 1194 1733
569 834 1734
189 1837 1735
1044 1995 1736
308 1289 1737
1131 1132 1738
600 1333 1739
339 1402 1740
1320 1779 1741
951 1251 1742
1320 1323 1743
2 872 1744
63 796 1745
1354 1358 1746
1838 1913 1747
31 533 1748
1319 1321 1749
215 1860 1750
423 806 1751
2 5 1752
1119 1134 1753
1320 1781 1754
2 1265 1755
1 1152 1756
189 629 1757
1320 1321 1758
10 1007 1759
236 594 1760
375 376 1761
410 538 1762
76 1097 1763
129 130 1764
136 1491 1765
1358 1861 1766
2 1264 1767
315 583 1768
331 524 1769
1573 1574 1770
1320 1322 1771
1364 1499 1772
407 592 1773
315 316 1774
105 1350 1775
1335 1336 1776
134 167 1777
406 512 1778
1027 1153 1779
1321 1323 1780
1322 1323 1781
1319 1322 1782
338 1203 1783
51 651 1784
131 132 1785
1319 1320 1786
1488 1980 1787
136 614 1788
1441 1849 1789
34 776 1790
370 398 1791
569 870 1792
1228 1327 1793
63 1920 1794
1354 1356 1795
1570 1927 1796
1231 1232 1797
112 755 1798
1119 1876 1799
387 388 1800
686 1499 1801
345 449 1802
1570 1919 1803
356 1365 1804
1336 1882 1805
9 123 1806
10 164 1807
132 661 1808
112 1615 1809
1343 1994 1810
31 1233 1811
375 377 1812
19 51 1813
215 1858 1814
412 1376 1815
824 1412 1816
35 36 1817
63 315 1818
265 656 1819
934 1269 1820
993 1663 1821
1342 1974 1822
63 1982 1823
23 113 1824
189 1605 1825
244 831 1826
31 1234 1827
474 1673 1828
656 1667 1829
1264 1265 1830
63 1124 1831
1330 1331 1832
1404 1767 1833
127 1220 1834
51 152 1835
548 549 1836
1343 1998 1837
156 682 1838
208 462 1839
258 624 1840
837 839 1841
44 350 1842
91 489 1843
697 1327 1844
29 1220 1845
1274 1282 1846
80 1237 1847
1763 1765 1848
1342 1994 1849
16 215 1850
297 299 1851
1507 1897 1852
6 1242 1853
525 1338 1854
665 666 1855
1354 1355 1856
290 1032 1857
532 1253 1858
1235 1534 1859
51 116 1860
59 60 1861
1282 1333 1862
1221 1222 1863
191 685 1864
1995 1997 1865
215 1840 1866
268 778 1867
1210 1498 1868
1353 1866 1869
1404 1768 1870
265 1667 1871
406 407 1872
136 1388 1873
2 324 1874
539 540 1875
450 452 1876
733 734 1877
272 1184 1878
2 248 1879
716 1027 1880
1488 1601 1881
927 1045 1882
2 1878 1883
1022 1868 1884
63 520 1885
547 549 1886
1569 1889 1887
156 1659 1888
215 1859 1889
361 362 1890
1385 1918 1891
331 525 1892
37 462 1893
262 1022 1894
846 1778 1895
656 778 1896
1160 1258 1897
549 1992 1898
38 462 1899
583 1782 1900
219 1254 1901
1405 1511 1902
315 1782 1903
508 509 1904
524 525 1905
1995 1996 1906
540 1620 1907
1972 1974 1908
37 38 1909
51 435 1910
311 312 1911
1996 1998 1912
316 1537 1913
1994 1998 1914
1997 1998 1915
16 1975 1916
353 355 1917
648 1281 1918
1230 1536 1919
1994 1995 1920
393 397 1921
1996 1997 1922
3 5 1923
456 1166 1924
1994 1996 1925
197 198 1926
448 1239 1927
34 1021 1928
525 1210 1929
65 412 1930
286 339 1931
308 1602 1932
1403 1404 1933
367 379 1934
338 1889 1935
872 2011 1936
183 1594 1937
1974 1994 1938
1985 1986 1939
1482 1483 1940
143 145 1941
331 985 1942
734 1389 1943
136 854 1944
272 1385 1945
1319 1323 1946
2 1879 1947
156 1642 1948
1974 1995 1949
483 484 1950
1353 1357 1951
63 362 1952
934 1227 1953
653 927 1954
845 846 1955
450 509 1956
51 652 1957
549 1263 1958
356 1254 1959
769 1483 1960
1994 1997 1961
2 1089 1962
936 1513 1963
289 1253 1964
296 299 1965
1838 1915 1966
288 534 1967
21 391 1968
394 397 1969
936 1440 1970
1166 1502 1971
1859 1975 1972
1876 1877 1973
267 268 1974
34 427 1975
540 583 1976
123 412 1977
1022 1114 1978
105 1351 1979
1350 1351 1980
298 757 1981
1351 1352 1982
350 373 1983
507 1596 1984
525 1498 1985
128 356 1986
29 1405 1987
191 1409 1988
526 936 1989
23 1394 1990
837 838 1991
2 323 1992
379 1687 1993
336 1090 1994
411 1176 1995
63 1537 1996
452 453 1997
288 533 1998
1353 1356 1999
29 1266 2000
427 428 2001
29 204 2002
1244 1245 2003
1974 1996 2004
16 1859 2005
648 1257 2006
298 299 2007
136 1257 2008
582 583 2009
778 1667 2010
1974 1997 2011
290 564 2012
105 1505 2013
1114 1669 2014
29 255 2015
1351 1505 2016
1995 1998 2017
23 409 2018
604 1948 2019
1155 2018 2020
136 202 2021
143 1223 2022
1849 2053 2023
1507 1508 2024
473 1889 2025
241 1664 2026
23 74 2027
53 358 2028
769 1482 2029
324 1089 2030
452 509 2031
1353 1826 2032
653 1045 2033
857 1864 2034
237 248 2035
128 1221 2036
1974 1998 2037
307 1602 2038
130 1402 2039
14 16 2040
1353 1354 2041
272 1918 2042
511 1295 2043
1022 1669 2044
43 1988 2045
533 563 2046
589 1230 2047
265 778 2048
549 766 2049
1166 1167 2050
330 347 2051
1763 1764 2052
29 1549 2053
38 1875 2054
63 601 2055
242 1288 2056
1570 1897 2057
132 134 2058
53 462 2059
648 1500 2060
21 23 2061
63 316 2062
105 934 2063
134 498 2064
5 408 2065
130 1127 2066
346 484 2067
881 1863 2068
1206 1663 2069
461 462 2070
1167 1502 2071
29 1511 2072
1350 1505 2073
1155 1991 2074
145 1223 2075
934 1350 2076
16 1860 2077
5 872 2078
362 1604 2079
569 916 2080
123 465 2081
6 1241 2082
993 1336 2083
43 1399 2084
331 1233 2085
934 1351 2086
31 289 2087
164 467 2088
124 202 2089
134 207 2090
1914 1915 2091
241 1574 2092
467 1503 2093
288 290 2094
379 1560 2095
51 603 2096
388 1685 2097
16 1840 2098
34 341 2099
16 1858 2100
288 1253 2101
152 242 2102
341 342 2103
2 2011 2104
289 532 2105
388 1856 2106
357 1221 2107
356 905 2108
1353 1861 2109
29 454 2110
241 1510 2111
268 645 2112
14 15 2113
74 1501 2114
63 607 2115
361 520 2116
1234 1253 2117
489 1897 2118
1858 1859 2119
1027 1406 2120
356 1240 2121
1229 1230 2122
29 72 2123
356 357 2124
771 1602 2125
423 1451 2126
520 1604 2127
29 71 2128
1858 1860 2129
1155 1990 2130
323 1089 2131
484 1674 2132
353 354 2133
334 336 2134
879 881 2135
307 308 2136
783 1259 2137
323 324 2138
1261 1262 2139
1037 1235 2140
128 1222 2141
360 362 2142
15 16 2143
34 342 2144
589 1229 2145
34 589 2146
624 625 2147
1247 1248 2148
290 563 2149
361 1489 2150
107 501 2151
51 1231 2152
145 1260 2153
268 929 2154
1764 1794 2155
43 754 2156
299 757 2157
308 771 2158
870 1910 2159
31 290 2160
242 494 2161
1840 1858 2162
1350 1862 2163
1527 1574 2164
34 63 2165
538 620 2166
1840 1860 2167
31 564 2168
393 394 2169
422 423 2170
526 1244 2171
1642 1786 2172
136 604 2173
51 1232 2174
340 342 2175
1763 1794 2176
152 1256 2177
1079 1855 2178
423 1808 2179
431 1249 2180
460 462 2181
211 693 2182
191 1556 2183
357 1222 2184
34 1230 2185
50 920 2186
255 1549 2187
1236 1237 2188
439 440 2189
1555 1556 2190
34 912 2191
411 412 2192
34 428 2193
112 368 2194
134 497 2195
340 341 2196
74 409 2197
128 357 2198
247 248 2199
268 1831 2200
1859 1860 2201
268 1259 2202
15 1858 2203
560 561 2204
63 360 2205
84 407 2206
993 1206 2207
569 627 2208
756 1741 2209
50 1300 2210
1878 1879 2211
74 1262 2212
268 783 2213
431 432 2214
526 1245 2215
1155 2017 2216
160 569 2217
2017 2018 2218
268 1213 2219
1213 1628 2220
143 1260 2221
15 215 2222
34 1229 2223
73 74 2224
244 1058 2225
446 1547 2226
72 1266 2227
484 1606 2228
364 365 2229
568 569 2230
1155 1733 2231
9 389 2232
191 1535 2233
198 242 2234
1990 1991 2235
1 1597 2236
71 72 2237
191 1555 2238
421 423 2239
34 1604 2240
1308 1411 2241
31 288 2242
145 430 2243
144 1223 2244
145 503 2245
199 872 2246
271 272 2247
72 501 2248
268 312 2249
1203 1607 2250
1598 1599 2251
1990 2018 2252
50 313 2253
357 905 2254
1254 1365 2255
1527 1664 2256
242 495 2257
934 1247 2258
846 1912 2259
1840 1859 2260
63 1604 2261
489 1889 2262
15 1860 2263
682 1793 2264
307 771 2265
335 336 2266
1570 1889 2267
143 144 2268
74 1261 2269
204 1079 2270
236 1160 2271
15 1840 2272
1991 2018 2273
905 1240 2274
63 361 2275
1254 1732 2276
1889 1897 2277
206 1598 2278
35 914 2279
388 1334 2280
463 464 2281
43 567 2282
411 465 2283
21 94 2284
143 503 2285
497 498 2286
1510 1527 2287
1990 2017 2288
71 1266 2289
682 1786 2290
988 1349 2291
360 361 2292
288 532 2293
1733 1991 2294
905 906 2295
81 82 2296
1733 2018 2297
81 83 2298
1348 1349 2299
2 199 2300
1488 1909 2301
1973 1974 2302
72 1056 2303
313 1300 2304
1733 1990 2305
1079 1512 2306
34 361 2307
2033 2034 2308
1512 1855 2309
31 532 2310
489 1203 2311
288 1032 2312
934 1248 2313
29 94 2314
124 136 2315
439 441 2316
970 1247 2317
38 53 2318
21 195 2319
144 145 2320
1838 1914 2321
8 9 2322
387 1856 2323
365 366 2324
388 833 2325
920 1300 2326
26 1289 2327
1733 2017 2328
236 939 2329
298 402 2330
1213 1259 2331
1991 2017 2332
484 633 2333
1772 2034 2334
144 1260 2335
195 807 2336
445 1547 2337
756 1710 2338
7 9 2339
1772 2033 2340
34 209 2341
89 90 2342
143 430 2343
74 464 2344
1488 1724 2345
379 561 2346
51 604 2347
1079 1599 2348
72 1511 2349
682 1348 2350
72 255 2351
1599 1855 2352
132 411 2353
532 564 2354
1732 1742 2355
363 365 2356
361 1604 2357
1786 1793 2358
8 389 2359
268 311 2360
94 95 2361
734 1598 2362
970 2034 2363
760 2033 2364
206 1855 2365
388 1600 2366
6 9 2367
34 340 2368
242 1625 2369
204 1512 2370
206 1079 2371
183 1177 2372
934 970 2373
720 721 2374
313 920 2375
206 1599 2376
833 2020 2377
89 91 2378
357 906 2379
1203 1586 2380
432 1906 2381
198 781 2382
204 1855 2383
208 242 2384
123 132 2385
77 1274 2386
134 1621 2387
970 1248 2388
15 1859 2389
288 289 2390
467 916 2391
72 108 2392
1710 1741 2393
160 916 2394
466 467 2395
760 969 2396
1512 1599 2397
833 1270 2398
334 355 2399
29 108 2400
388 2004 2401
969 2033 2402
760 1772 2403
1027 1857 2404
72 1610 2405
760 970 2406
39 1532 2407
734 1599 2408
1401 1799 2409
165 497 2410
129 458 2411
204 206 2412
72 1549 2413
180 183 2414
364 804 2415
107 108 2416
1050 1542 2417
836 838 2418
160 467 2419
1710 1981 2420
76 77 2421
571 1027 2422
760 2034 2423
165 498 2424
72 204 2425
571 1857 2426
682 1792 2427
334 353 2428
2 53 2429
108 501 2430
71 107 2431
194 195 2432
108 1266 2433
53 461 2434
363 364 2435
1786 1792 2436
71 501 2437
421 422 2438
129 1670 2439
969 2034 2440
969 970 2441
72 107 2442
42 43 2443
74 463 2444
206 1512 2445
833 2004 2446
970 1772 2447
144 430 2448
204 1599 2449
1050 1051 2450
214 970 2451
988 1348 2452
182 183 2453
334 354 2454
94 195 2455
143 256 2456
330 1018 2457
969 1772 2458
836 839 2459
1334 1856 2460
1348 1793 2461
1574 1664 2462
1792 1793 2463
7 389 2464
970 2033 2465
6 7 2466
289 564 2467
379 560 2468
143 390 2469
293 720 2470
329 330 2471
476 477 2472
1600 2004 2473
209 476 2474
545 546 2475
412 465 2476
1797 1798 2477
569 1910 2478
136 1948 2479
601 602 2480
1254 1742 2481
543 546 2482
633 1133 2483
1058 1059 2484
31 563 2485
77 598 2486
74 1677 2487
206 734 2488
256 390 2489
180 1177 2490
63 602 2491
71 454 2492
72 454 2493
72 1548 2494
288 564 2495
1203 1897 2496
259 262 2497
7 8 2498
293 721 2499
970 1540 2500
210 476 2501
6 8 2502
72 77 2503
130 1670 2504
906 1254 2505
144 503 2506
258 293 2507
46 48 2508
53 460 2509
180 182 2510
1544 1916 2511
760 1773 2512
2 460 2513
460 461 2514
1051 1542 2515
1348 1792 2516
1138 1889 2517
544 545 2518
90 91 2519
210 477 2520
71 108 2521
1709 1710 2522
47 48 2523
214 969 2524
833 1600 2525
45 48 2526
94 194 2527
161 163 2528
1133 1308 2529
53 199 2530
445 446 2531
563 564 2532
836 1550 2533
1544 1545 2534
132 412 2535
543 544 2536
209 477 2537
1348 1786 2538
260 262 2539
261 262 2540
532 563 2541
159 161 2542
760 2032 2543
288 563 2544
990 1916 2545
74 1678 2546
1348 1623 2547
34 210 2548
259 260 2549
259 261 2550
1208 1209 2551
1544 1546 2552
39 40 2553
209 210 2554
317 1916 2555
29 1408 2556
317 1545 2557
454 1408 2558
99 162 2559
1203 1889 2560
129 459 2561
259 263 2562
402 757 2563
99 161 2564
161 162 2565
299 402 2566
543 545 2567
132 465 2568
162 163 2569
1724 1909 2570
198 208 2571
1401 1798 2572
990 1546 2573
213 970 2574
317 318 2575
159 162 2576
1908 1909 2577
207 1621 2578
459 1002 2579
159 163 2580
260 261 2581
160 161 2582
159 160 2583
968 1889 2584
94 1609 2585
99 163 2586
40 1891 2587
459 1911 2588
261 263 2589
289 563 2590
1002 1911 2591
99 159 2592
990 1545 2593
99 160 2594
969 1540 2595
160 162 2596
544 546 2597
831 1058 2598
1401 1797 2599
836 837 2600
94 2003 2601
160 163 2602
199 460 2603
214 1540 2604
459 1670 2605
317 1546 2606
77 1408 2607
94 1947 2608
262 263 2609
1724 1908 2610
213 969 2611
260 263 2612
317 990 2613
213 214 2614
392 968 2615
990 1544 2616
40 48 2617
893 968 2618
40 1608 2619
72 1408 2620
213 1540 2621
317 1544 2622
1609 2003 2623
94 505 2624
1677 1678 2625
795 1055 2626
1054 1055 2627
211 284 2628
1609 1947 2629
505 2003 2630
505 1609 2631
795 1054 2632
1889 2036 2633
77 108 2634
1947 2003 2635
392 893 2636
1203 2036 2637
46 47 2638
211 212 2639
505 1947 2640
968 1203 2641
40 45 2642
212 284 2643
45 47 2644
40 47 2645
45 46 2646
1889 2035 2647
40 46 2648
212 285 2649
211 285 2650
2035 2036 2651
284 285 2652
1203 2035 2653
1046 1116 2654
1046 1617 2655
1617 1618 2656
1116 1618 2657
1046 1117 2658
1046 1618 2659
1116 1117 2660
1116 1617 2661
1117 1618 2662
1117 1617 2663
