684 690 1
102 1905 2
11 200 3
1369 1827 4
102 1898 5
1369 2010 6
380 1785 7
102 1960 8
102 1904 9
423 1808 10
1369 1925 11
690 915 12
690 1800 13
102 1902 14
11 1807 15
1369 1552 16
1552 1827 17
690 1771 18
102 1959 19
690 1801 20
690 1802 21
1745 1746 22
421 423 23
422 423 24
1720 1961 25
1771 1832 26
1373 1720 27
1898 1959 28
1575 1720 29
1636 1720 30
380 1747 31
102 1899 32
1745 1747 33
380 1745 34
1746 1747 35
1800 1802 36
380 1842 37
690 1788 38
11 1464 39
1759 1761 40
1898 1960 41
703 1720 42
697 1228 43
1800 1801 44
103 1759 45
1575 1636 46
1720 1819 47
380 1746 48
423 1451 49
1369 1519 50
380 1843 51
11 268 52
380 396 53
421 422 54
1748 1749 55
1959 1960 56
1450 1761 57
380 1640 58
48 438 59
1760 1761 60
44 569 61
690 1754 62
396 1747 63
678 1450 64
396 1745 65
380 1438 66
1404 1976 67
1432 1720 68
678 751 69
1404 1767 70
103 1450 71
1404 1768 72
1191 1926 73
191 1556 74
420 943 75
1228 1328 76
1759 1760 77
48 1844 78
678 1761 79
1640 1842 80
1904 1905 81
237 569 82
396 1755 83
684 1804 84
219 488 85
1406 1407 86
103 678 87
279 713 88
708 709 89
103 1761 90
279 705 91
191 1555 92
1449 1450 93
1801 1802 94
1403 1404 95
703 1819 96
103 1760 97
1190 1191 98
338 339 99
48 1830 100
690 966 101
1463 1753 102
520 1821 103
1821 1822 104
156 1465 105
279 1814 106
438 617 107
102 751 108
102 1886 109
183 1427 110
713 1815 111
712 713 112
697 1327 113
1228 1327 114
1438 1843 115
688 690 116
1753 1769 117
475 591 118
103 1404 119
1427 2005 120
1555 1556 121
650 1584 122
1450 1453 123
1814 1815 124
794 1163 125
44 1589 126
689 690 127
1640 1843 128
44 1784 129
1752 1753 130
456 1749 131
655 1557 132
794 1164 133
290 650 134
279 1816 135
1438 1640 136
54 1481 137
751 1450 138
650 743 139
684 1800 140
697 1328 141
356 495 142
678 1452 143
1584 1590 144
1899 1902 145
290 1584 146
610 658 147
655 1436 148
703 1432 149
1753 1823 150
44 1139 151
304 900 152
635 740 153
722 2055 154
743 1590 155
279 1815 156
102 103 157
219 495 158
1432 1819 159
1815 1816 160
1313 1314 161
1842 1843 162
1895 1896 163
362 1821 164
697 1433 165
488 495 166
533 1584 167
642 1595 168
448 1314 169
103 1551 170
237 1589 171
650 1590 172
1438 1842 173
103 426 174
362 583 175
103 751 176
279 502 177
531 1584 178
1444 1851 179
362 1822 180
1444 1758 181
290 743 182
290 1590 183
534 743 184
1557 1828 185
794 1592 186
103 1817 187
617 1020 188
156 1404 189
663 678 190
684 1802 191
1432 1884 192
48 1020 193
1175 1459 194
679 680 195
1164 2050 196
189 466 197
1228 1433 198
583 1821 199
531 1590 200
1163 1592 201
615 966 202
1459 1757 203
1804 1805 204
965 966 205
1814 1816 206
495 740 207
531 743 208
1163 2050 209
1458 1459 210
628 1553 211
658 1589 212
1060 1061 213
927 1639 214
1164 2051 215
642 1314 216
1163 2051 217
534 1590 218
1614 1653 219
54 931 220
50 123 221
1459 1638 222
530 1584 223
103 1403 224
624 625 225
794 2050 226
531 650 227
530 743 228
290 531 229
1327 1328 230
533 650 231
697 698 232
93 1834 233
628 672 234
684 1801 235
638 955 236
751 1761 237
801 1298 238
1361 1748 239
1432 1885 240
530 1590 241
103 921 242
290 530 243
672 1847 244
1306 1307 245
26 27 246
1124 1432 247
183 684 248
44 658 249
722 2054 250
533 1590 251
356 740 252
728 1653 253
751 1886 254
220 709 255
44 1196 256
103 1810 257
672 673 258
1136 1459 259
1151 1579 260
1955 1956 261
237 594 262
794 2051 263
44 1890 264
438 620 265
533 743 266
1164 1592 267
739 1444 268
1478 1479 269
728 1191 270
1954 1955 271
304 899 272
423 806 273
655 1828 274
362 668 275
1415 1442 276
628 1847 277
926 927 278
1592 2050 279
237 658 280
448 1313 281
684 1805 282
178 1557 283
438 1078 284
300 672 285
279 467 286
900 931 287
1954 1956 288
617 756 289
672 1553 290
1297 1299 291
1444 1922 292
531 533 293
39 946 294
475 488 295
502 705 296
237 1139 297
448 1307 298
530 533 299
615 616 300
710 1061 301
268 1831 302
44 1421 303
698 1136 304
54 1966 305
475 1429 306
270 1442 307
572 1432 308
707 708 309
658 1139 310
1526 1888 311
617 1775 312
740 1434 313
134 1060 314
1156 1159 315
801 1297 316
900 1304 317
1459 1460 318
1653 1954 319
534 650 320
727 728 321
756 1020 322
44 1770 323
600 2002 324
1157 1159 325
1416 1591 326
270 1415 327
617 1783 328
44 237 329
520 668 330
707 709 331
1884 1885 332
237 1026 333
1525 1888 334
507 927 335
2050 2051 336
44 898 337
846 1896 338
531 534 339
1964 2049 340
420 873 341
1443 1444 342
396 1821 343
178 655 344
1159 1525 345
44 1026 346
642 1307 347
258 624 348
103 750 349
189 873 350
488 740 351
1135 1136 352
1553 1847 353
191 1409 354
672 674 355
44 639 356
530 650 357
44 610 358
44 1418 359
535 650 360
948 966 361
1444 1971 362
1444 2030 363
1078 1456 364
44 1398 365
946 1312 366
88 1309 367
1481 1966 368
710 1060 369
753 2012 370
1437 1438 371
475 635 372
642 1306 373
530 534 374
728 1926 375
1175 1458 376
702 1225 377
946 1582 378
727 752 379
165 1060 380
684 1427 381
940 941 382
1159 1888 383
507 926 384
123 2049 385
218 709 386
315 583 387
88 644 388
1592 2051 389
279 1503 390
556 1479 391
542 1519 392
608 1420 393
642 1267 394
531 535 395
495 635 396
658 1026 397
1420 1428 398
693 752 399
44 1901 400
239 932 401
456 565 402
331 1462 403
1765 1880 404
642 1313 405
1157 1158 406
176 410 407
1765 1881 408
2012 2022 409
2044 2049 410
456 457 411
591 1950 412
679 1818 413
709 1836 414
609 610 415
597 600 416
688 689 417
44 641 418
667 668 419
1653 1953 420
1158 1159 421
237 940 422
239 654 423
608 1428 424
1298 1299 425
44 1102 426
644 1310 427
801 1299 428
237 610 429
448 642 430
530 535 431
54 1588 432
362 1435 433
1166 1502 434
44 424 435
362 396 436
156 1526 437
905 906 438
54 1957 439
44 971 440
336 1426 441
419 1303 442
88 1344 443
594 940 444
1755 1809 445
93 137 446
448 1306 447
1136 1757 448
338 1607 449
594 941 450
44 425 451
44 1413 452
134 710 453
165 710 454
1043 1044 455
438 1429 456
300 673 457
438 475 458
1159 1526 459
237 941 460
290 534 461
293 720 462
728 1614 463
410 1777 464
626 900 465
698 1135 466
44 1744 467
58 724 468
594 1579 469
530 531 470
268 311 471
662 663 472
338 1586 473
356 396 474
569 1421 475
472 1370 476
1043 1765 477
673 674 478
1073 1303 479
11 753 480
653 927 481
456 986 482
2022 2023 483
448 1595 484
290 533 485
642 1446 486
219 740 487
456 1166 488
520 667 489
187 277 490
420 1132 491
1336 1882 492
315 1821 493
44 1900 494
268 645 495
438 1844 496
123 2044 497
3 937 498
88 1196 499
156 1159 500
338 1372 501
712 1846 502
1303 1361 503
728 1967 504
728 1845 505
1164 1480 506
218 220 507
1044 1765 508
1159 1524 509
293 721 510
728 1968 511
1964 2044 512
926 1639 513
1849 2053 514
753 2022 515
1173 1359 516
644 1309 517
39 40 518
475 1684 519
1416 1425 520
43 237 521
557 2048 522
54 68 523
451 533 524
664 666 525
728 1969 526
971 1102 527
410 1776 528
290 451 529
556 748 530
927 1045 531
357 906 532
187 613 533
455 456 534
507 1639 535
533 534 536
1335 1336 537
663 1452 538
410 617 539
668 1435 540
753 2023 541
438 1456 542
712 1848 543
736 1164 544
700 702 545
556 631 546
75 591 547
88 1310 548
438 1211 549
796 1416 550
728 2026 551
466 467 552
44 1924 553
290 535 554
356 608 555
726 728 556
1163 1480 557
806 1311 558
531 532 559
2 438 560
943 1585 561
1441 1849 562
533 535 563
610 639 564
371 1423 565
31 403 566
2012 2023 567
583 1782 568
156 1525 569
736 1163 570
899 900 571
3 1142 572
279 466 573
610 641 574
534 535 575
1043 1880 576
26 1301 577
1044 1881 578
148 1896 579
1167 1502 580
50 1164 581
1043 2047 582
659 660 583
943 982 584
237 639 585
246 915 586
1445 1447 587
311 312 588
84 1459 589
1385 1918 590
237 1770 591
1361 1576 592
451 535 593
638 1316 594
1967 1968 595
237 1421 596
187 244 597
142 932 598
362 1489 599
156 1524 600
357 905 601
576 1755 602
1444 2045 603
701 1225 604
743 1887 605
292 653 606
123 1964 607
388 647 608
520 1822 609
943 1514 610
237 1890 611
44 232 612
1304 1619 613
2054 2055 614
451 531 615
1765 2047 616
1953 1954 617
237 1147 618
478 722 619
507 1596 620
591 1949 621
682 683 622
676 1823 623
702 1416 624
1150 1151 625
1166 1167 626
165 711 627
180 183 628
189 190 629
268 312 630
338 1569 631
1401 1896 632
134 165 633
700 701 634
1474 1820 635
2 187 636
290 664 637
1445 1448 638
88 1345 639
626 899 640
1929 1931 641
653 1045 642
1426 1581 643
438 1020 644
1447 1448 645
1416 2001 646
268 929 647
434 932 648
451 530 649
176 1776 650
219 1434 651
739 1922 652
1108 1455 653
639 1026 654
915 1563 655
617 1679 656
220 396 657
362 520 658
274 638 659
39 1532 660
742 743 661
105 1296 662
530 532 663
591 1123 664
291 508 665
345 737 666
189 1837 667
410 1630 668
1163 1164 669
142 239 670
705 1835 671
751 1179 672
1880 1881 673
664 665 674
189 629 675
557 1360 676
556 749 677
529 557 678
911 912 679
119 468 680
642 1224 681
970 1772 682
388 1934 683
396 637 684
1967 1969 685
237 641 686
321 1430 687
631 748 688
1929 1930 689
148 1436 690
826 932 691
726 727 692
1174 1359 693
51 371 694
722 933 695
176 1777 696
1421 1422 697
600 1333 698
641 1026 699
1173 1174 700
525 1444 701
644 1196 702
659 661 703
50 1964 704
647 1934 705
720 721 706
472 860 707
1361 1962 708
660 661 709
239 1417 710
905 1240 711
304 1917 712
748 749 713
291 653 714
1043 1881 715
1878 1879 716
44 233 717
736 1480 718
556 622 719
710 711 720
644 649 721
44 1422 722
44 372 723
331 1461 724
485 1108 725
572 1124 726
356 637 727
705 1903 728
971 1421 729
1795 1809 730
646 647 731
914 915 732
639 641 733
105 935 734
44 371 735
535 1520 736
137 1315 737
728 1958 738
189 1605 739
527 529 740
141 239 741
702 2001 742
438 470 743
475 1472 744
594 1151 745
630 748 746
701 702 747
569 627 748
345 449 749
530 1520 750
579 644 751
191 761 752
3 268 753
1095 1683 754
1445 1466 755
1929 1933 756
220 587 757
237 939 758
702 904 759
934 1225 760
1570 1927 761
741 743 762
356 1131 763
1525 1526 764
156 806 765
420 1171 766
11 404 767
410 1945 768
2 1883 769
237 1418 770
447 448 771
520 1435 772
137 1834 773
1044 1880 774
1776 1777 775
49 345 776
654 932 777
27 1301 778
410 1662 779
277 613 780
105 1225 781
644 1345 782
249 729 783
502 735 784
304 1410 785
399 400 786
532 534 787
49 737 788
576 1809 789
359 1417 790
1445 1824 791
420 1391 792
219 356 793
382 620 794
468 1390 795
43 658 796
44 373 797
448 1446 798
451 534 799
533 1520 800
1359 1791 801
252 839 802
388 646 803
1929 1932 804
750 751 805
529 1360 806
591 1561 807
1999 2052 808
640 641 809
686 1380 810
467 1503 811
591 1684 812
644 1852 813
1303 1576 814
191 1535 815
539 542 816
638 1031 817
417 419 818
488 507 819
246 304 820
1419 1578 821
579 649 822
400 401 823
955 1316 824
412 1376 825
1461 1462 826
304 619 827
272 1918 828
338 343 829
40 1608 830
2 569 831
913 915 832
34 1467 833
51 239 834
1524 1525 835
639 640 836
1569 1570 837
272 1385 838
321 1431 839
291 292 840
612 1682 841
682 834 842
1614 2026 843
84 1638 844
1995 2039 845
34 1583 846
400 1999 847
2021 2023 848
556 630 849
507 922 850
1995 2038 851
1225 1227 852
2 1477 853
1968 1969 854
675 676 855
165 498 856
594 1147 857
591 1472 858
252 253 859
400 1995 860
448 1529 861
187 907 862
475 620 863
494 495 864
535 927 865
211 693 866
1931 1933 867
986 1166 868
578 579 869
646 1867 870
1524 1526 871
1932 1933 872
419 1073 873
93 279 874
42 44 875
165 497 876
939 940 877
448 1165 878
676 1101 879
751 1178 880
651 652 881
44 754 882
84 445 883
237 504 884
33 729 885
338 1203 886
2038 2039 887
488 635 888
1264 1265 889
1430 1431 890
51 152 891
400 2052 892
554 644 893
857 1414 894
136 237 895
658 1924 896
1043 1340 897
51 241 898
1995 2037 899
51 651 900
658 738 901
3 1475 902
156 1527 903
1614 1929 904
603 613 905
410 756 906
44 1399 907
32 729 908
331 751 909
495 1131 910
1044 2047 911
680 1818 912
939 941 913
156 566 914
576 1219 915
631 1424 916
253 1346 917
1027 1406 918
658 1075 919
753 2021 920
1196 1302 921
437 438 922
67 321 923
532 533 924
686 1469 925
702 723 926
665 666 927
1203 1586 928
1380 1468 929
371 373 930
948 1363 931
1570 1919 932
51 909 933
686 1468 934
84 1460 935
1995 1999 936
1930 1933 937
43 44 938
152 1256 939
294 343 940
533 927 941
400 2000 942
579 1852 943
676 2019 944
43 1026 945
1614 1845 946
1931 1932 947
495 1132 948
675 677 949
532 535 950
729 730 951
971 1422 952
349 681 953
78 661 954
371 1516 955
69 1578 956
320 321 957
541 542 958
2000 2052 959
331 1473 960
575 576 961
343 1681 962
1995 2000 963
2 623 964
236 1160 965
44 350 966
1400 1614 967
1253 1849 968
2037 2039 969
612 1689 970
630 631 971
65 1376 972
331 1474 973
333 487 974
715 716 975
1340 1765 976
336 1090 977
65 412 978
486 487 979
1468 1469 980
246 1917 981
331 1485 982
709 919 983
137 1457 984
290 1520 985
1473 1474 986
534 930 987
839 1239 988
331 985 989
50 1163 990
434 654 991
137 938 992
271 272 993
685 686 994
424 425 995
1380 1469 996
497 498 997
569 916 998
686 687 999
129 946 1000
27 1155 1001
47 48 1002
270 1366 1003
669 671 1004
31 322 1005
183 1594 1006
594 1317 1007
729 731 1008
268 778 1009
442 657 1010
1930 1931 1011
164 467 1012
404 405 1013
448 1324 1014
670 671 1015
141 142 1016
654 826 1017
1930 1932 1018
252 1346 1019
540 583 1020
745 746 1021
796 1543 1022
2037 2038 1023
290 927 1024
270 314 1025
40 48 1026
400 1342 1027
1764 1765 1028
54 1386 1029
253 1347 1030
680 1168 1031
191 685 1032
419 1305 1033
594 1150 1034
2 1421 1035
620 1429 1036
751 921 1037
84 280 1038
396 1987 1039
1194 1195 1040
388 1685 1041
1416 1603 1042
75 1950 1043
29 873 1044
315 1782 1045
1999 2000 1046
745 747 1047
1221 1484 1048
245 246 1049
669 670 1050
110 644 1051
631 699 1052
133 660 1053
156 682 1054
252 1347 1055
474 591 1056
1263 1426 1057
416 419 1058
566 1756 1059
338 473 1060
612 1790 1061
419 1130 1062
705 909 1063
579 1528 1064
236 594 1065
648 1257 1066
237 523 1067
729 732 1068
105 1226 1069
396 691 1070
400 1343 1071
594 939 1072
730 731 1073
51 242 1074
134 711 1075
656 1188 1076
425 658 1077
612 1095 1078
315 362 1079
857 1396 1080
947 948 1081
846 1778 1082
40 1891 1083
418 419 1084
525 743 1085
233 1923 1086
2 1169 1087
612 1690 1088
796 1425 1089
569 834 1090
612 1593 1091
2 1879 1092
1682 1683 1093
2 1170 1094
26 944 1095
603 1414 1096
26 945 1097
34 912 1098
30 31 1099
448 1224 1100
338 1889 1101
334 336 1102
909 1326 1103
1253 1441 1104
908 1053 1105
335 336 1106
306 419 1107
1613 1614 1108
187 237 1109
253 839 1110
351 696 1111
2 1265 1112
291 1970 1113
356 905 1114
362 607 1115
716 1153 1116
242 495 1117
2 1878 1118
922 924 1119
394 396 1120
31 1668 1121
906 1254 1122
27 378 1123
724 1686 1124
360 362 1125
1343 1999 1126
705 1559 1127
45 48 1128
532 1520 1129
438 1250 1130
290 532 1131
839 1346 1132
75 1949 1133
404 433 1134
160 569 1135
34 427 1136
1095 1790 1137
286 339 1138
686 1921 1139
1342 2000 1140
400 1044 1141
2 1264 1142
2 925 1143
2 1147 1144
331 1179 1145
594 936 1146
27 391 1147
724 1521 1148
1949 1950 1149
684 755 1150
399 401 1151
419 1952 1152
730 732 1153
547 946 1154
618 619 1155
1131 1132 1156
396 1989 1157
741 742 1158
1346 1347 1159
131 660 1160
192 618 1161
349 1517 1162
237 907 1163
356 1240 1164
993 1336 1165
400 1928 1166
566 1374 1167
1343 2000 1168
246 914 1169
2 577 1170
78 918 1171
237 1196 1172
715 1153 1173
29 1465 1174
239 359 1175
351 352 1176
1614 1958 1177
451 930 1178
2 1580 1179
80 669 1180
331 1178 1181
356 357 1182
1342 1999 1183
258 293 1184
51 872 1185
656 657 1186
148 1401 1187
136 277 1188
156 1642 1189
34 910 1190
183 1177 1191
532 927 1192
27 377 1193
78 917 1194
80 670 1195
845 846 1196
1095 1682 1197
181 448 1198
1689 1690 1199
333 486 1200
605 606 1201
1162 1164 1202
134 661 1203
611 612 1204
81 84 1205
536 1221 1206
467 916 1207
184 756 1208
246 1563 1209
1159 1527 1210
80 1318 1211
136 244 1212
1161 1163 1213
38 1875 1214
110 1345 1215
371 372 1216
839 1347 1217
1342 1343 1218
473 1569 1219
27 481 1220
554 1345 1221
686 1499 1222
676 677 1223
556 928 1224
1058 1059 1225
684 1035 1226
756 1679 1227
1161 1164 1228
683 834 1229
2 1139 1230
839 1854 1231
396 1803 1232
657 1188 1233
268 783 1234
744 746 1235
923 924 1236
1162 1163 1237
566 1531 1238
289 530 1239
846 1912 1240
33 249 1241
357 1221 1242
611 1095 1243
51 359 1244
80 671 1245
685 687 1246
922 973 1247
32 33 1248
1178 1179 1249
551 909 1250
1213 1628 1251
78 80 1252
130 339 1253
67 320 1254
148 1895 1255
1203 1607 1256
1919 1927 1257
343 473 1258
1044 1999 1259
566 1993 1260
922 923 1261
156 1659 1262
141 816 1263
27 375 1264
1928 1999 1265
450 1385 1266
239 1200 1267
731 732 1268
29 638 1269
79 917 1270
239 909 1271
686 1325 1272
134 497 1273
27 376 1274
331 788 1275
58 942 1276
290 1032 1277
605 657 1278
2 594 1279
413 694 1280
450 451 1281
3 408 1282
136 283 1283
1219 1384 1284
272 1184 1285
291 1129 1286
105 934 1287
236 237 1288
34 1193 1289
289 534 1290
773 1558 1291
32 249 1292
413 695 1293
1044 2000 1294
1296 2008 1295
134 498 1296
79 660 1297
267 268 1298
593 594 1299
1031 1248 1300
78 79 1301
395 730 1302
909 1146 1303
1763 1765 1304
495 636 1305
591 1673 1306
598 599 1307
598 1523 1308
78 131 1309
420 556 1310
1342 1995 1311
126 1173 1312
31 743 1313
46 48 1314
236 939 1315
289 533 1316
1268 1269 1317
396 397 1318
489 1192 1319
148 1789 1320
1139 1332 1321
394 397 1322
730 1318 1323
1343 1995 1324
385 1143 1325
1569 1889 1326
1293 1320 1327
808 1143 1328
299 773 1329
110 554 1330
831 1058 1331
136 282 1332
1282 1333 1333
289 535 1334
638 1248 1335
219 1255 1336
474 475 1337
934 1269 1338
936 1513 1339
58 973 1340
382 973 1341
1320 1371 1342
934 1227 1343
126 1174 1344
148 496 1345
84 217 1346
750 921 1347
381 475 1348
36 1361 1349
34 1381 1350
51 116 1351
917 918 1352
944 945 1353
272 1183 1354
578 1528 1355
973 1186 1356
105 1227 1357
34 428 1358
1269 1565 1359
93 1393 1360
385 1578 1361
1320 1780 1362
79 918 1363
180 1177 1364
331 524 1365
788 985 1366
1044 1764 1367
237 355 1368
549 1426 1369
31 1233 1370
489 1622 1371
636 1132 1372
644 1246 1373
879 881 1374
334 355 1375
147 148 1376
239 435 1377
282 283 1378
381 620 1379
852 1940 1380
82 84 1381
148 1148 1382
237 1201 1383
575 1219 1384
123 686 1385
362 601 1386
970 2033 1387
1143 1362 1388
34 1195 1389
244 1144 1390
34 342 1391
533 1253 1392
50 1162 1393
272 1038 1394
21 391 1395
51 652 1396
757 1571 1397
1 27 1398
950 1984 1399
451 453 1400
21 94 1401
1119 1396 1402
1928 2000 1403
914 1563 1404
84 1471 1405
136 831 1406
434 826 1407
682 1659 1408
857 1864 1409
1467 1583 1410
1425 1543 1411
1254 1732 1412
27 429 1413
1044 1341 1414
2 237 1415
881 1863 1416
34 63 1417
908 2025 1418
148 1518 1419
9 123 1420
348 349 1421
1044 1974 1422
136 1149 1423
356 1254 1424
241 1510 1425
361 362 1426
613 614 1427
420 928 1428
686 1364 1429
744 747 1430
1009 1031 1431
131 133 1432
715 1027 1433
50 1161 1434
139 325 1435
539 540 1436
34 362 1437
27 66 1438
973 1787 1439
852 1392 1440
244 1339 1441
993 1137 1442
337 351 1443
21 23 1444
258 1053 1445
612 717 1446
922 1833 1447
1044 1794 1448
354 355 1449
413 414 1450
34 1021 1451
388 833 1452
1475 1476 1453
239 1367 1454
244 1058 1455
362 1604 1456
1179 1484 1457
1155 1666 1458
34 395 1459
123 643 1460
239 705 1461
244 1145 1462
1155 1488 1463
744 745 1464
237 1187 1465
280 1140 1466
508 515 1467
427 428 1468
137 138 1469
258 1172 1470
536 1179 1471
299 1571 1472
824 1425 1473
105 1269 1474
1488 1909 1475
534 1253 1476
272 1185 1477
1144 1145 1478
1269 2024 1479
1958 1983 1480
520 1489 1481
1195 1920 1482
725 1521 1483
29 95 1484
870 1139 1485
569 870 1486
725 1686 1487
761 1409 1488
760 970 1489
1239 1854 1490
1488 1980 1491
761 1416 1492
1268 1565 1493
180 182 1494
339 1402 1495
1995 1996 1496
872 909 1497
438 469 1498
1008 1031 1499
28 686 1500
258 2025 1501
331 536 1502
387 388 1503
76 1097 1504
105 1862 1505
353 355 1506
1269 1611 1507
1495 1496 1508
1241 1907 1509
27 374 1510
27 1087 1511
362 1195 1512
27 379 1513
51 512 1514
824 1543 1515
19 51 1516
289 290 1517
1994 1995 1518
355 958 1519
1487 1488 1520
2 408 1521
934 1351 1522
84 407 1523
268 1213 1524
1201 1202 1525
1320 1781 1526
620 1554 1527
136 613 1528
1488 1601 1529
973 1566 1530
2 236 1531
358 359 1532
78 132 1533
715 1387 1534
686 1176 1535
475 1673 1536
551 705 1537
788 1485 1538
79 131 1539
1343 1928 1540
1 1152 1541
79 80 1542
413 634 1543
1219 1382 1544
1342 1928 1545
715 1388 1546
724 725 1547
973 1833 1548
724 1522 1549
1488 1530 1550
508 517 1551
788 1179 1552
136 1215 1553
2 2011 1554
83 84 1555
636 1131 1556
1530 1980 1557
716 1027 1558
270 1494 1559
357 1222 1560
1044 1995 1561
79 133 1562
1269 1351 1563
724 1533 1564
258 632 1565
1570 1889 1566
1343 1996 1567
526 936 1568
334 353 1569
1044 1342 1570
1155 1530 1571
2 1332 1572
148 1985 1573
1995 1997 1574
128 1221 1575
601 1195 1576
969 970 1577
1412 1425 1578
31 402 1579
1155 1980 1580
1254 1742 1581
3 5 1582
1510 1527 1583
681 1517 1584
1488 1724 1585
2 5 1586
136 1257 1587
1995 1998 1588
131 661 1589
80 730 1590
436 1181 1591
395 1318 1592
934 1350 1593
1219 1383 1594
1161 1162 1595
1044 1343 1596
1195 1982 1597
34 776 1598
110 1189 1599
2 870 1600
658 1988 1601
475 894 1602
830 1187 1603
361 520 1604
536 1484 1605
1637 1806 1606
582 583 1607
1038 1183 1608
1044 1340 1609
1570 1897 1610
418 1130 1611
1213 1259 1612
1486 1487 1613
37 38 1614
950 1979 1615
1038 1185 1616
74 1277 1617
130 1402 1618
478 933 1619
26 1289 1620
334 354 1621
356 1365 1622
917 1516 1623
473 1889 1624
1342 1974 1625
1392 1496 1626
239 358 1627
1183 1184 1628
136 1490 1629
451 452 1630
682 1642 1631
1155 1965 1632
27 951 1633
1412 1543 1634
29 679 1635
620 1504 1636
1974 1995 1637
1180 1181 1638
34 1230 1639
1484 1562 1640
1320 1779 1641
1400 1613 1642
232 234 1643
1183 1185 1644
753 1894 1645
393 394 1646
1221 1562 1647
29 274 1648
1343 1997 1649
1181 1182 1650
364 365 1651
536 1562 1652
2 872 1653
216 217 1654
756 1741 1655
838 839 1656
290 1253 1657
1803 1989 1658
413 919 1659
80 1237 1660
388 1600 1661
182 183 1662
694 695 1663
1044 1996 1664
283 1149 1665
682 1792 1666
913 914 1667
1342 1996 1668
540 1620 1669
31 1234 1670
289 532 1671
1319 1320 1672
38 462 1673
1027 1153 1674
34 520 1675
365 366 1676
26 308 1677
356 1255 1678
136 512 1679
353 354 1680
970 1247 1681
237 1202 1682
569 1910 1683
1154 1155 1684
1320 1322 1685
337 352 1686
123 412 1687
1343 1994 1688
50 313 1689
331 1484 1690
1038 1184 1691
551 1146 1692
148 1986 1693
374 377 1694
1155 1487 1695
53 239 1696
404 753 1697
488 1334 1698
1979 1984 1699
1486 1488 1700
1269 1505 1701
80 131 1702
58 1679 1703
112 755 1704
489 1897 1705
1320 1321 1706
374 376 1707
136 1387 1708
626 983 1709
136 603 1710
1320 1323 1711
375 377 1712
1928 1995 1713
364 804 1714
50 920 1715
239 551 1716
374 375 1717
29 204 1718
29 1405 1719
376 377 1720
258 308 1721
1539 1812 1722
2 1375 1723
129 728 1724
1340 1343 1725
1387 1388 1726
29 1377 1727
405 433 1728
1401 1799 1729
244 831 1730
29 94 1731
1985 1986 1732
274 1248 1733
282 1149 1734
51 435 1735
375 376 1736
462 512 1737
626 839 1738
724 1337 1739
1155 1486 1740
93 1515 1741
934 970 1742
370 398 1743
1342 1994 1744
1351 1352 1745
1044 1998 1746
44 567 1747
1044 1928 1748
950 1015 1749
136 573 1750
80 1236 1751
123 1176 1752
44 268 1753
148 1492 1754
10 164 1755
393 397 1756
489 1203 1757
1241 1243 1758
1382 1384 1759
27 501 1760
251 252 1761
349 1014 1762
412 465 1763
1732 1742 1764
1928 1996 1765
363 364 1766
488 636 1767
132 661 1768
839 983 1769
51 722 1770
824 1412 1771
23 74 1772
136 1388 1773
845 1778 1774
112 368 1775
128 356 1776
136 593 1777
136 281 1778
84 1300 1779
1507 1897 1780
219 1254 1781
1119 1134 1782
396 1015 1783
1160 1258 1784
1293 1371 1785
526 1244 1786
533 564 1787
1242 1243 1788
1 1597 1789
1343 1974 1790
1572 1573 1791
1180 1182 1792
134 706 1793
241 242 1794
1221 1222 1795
387 1856 1796
331 525 1797
824 825 1798
156 1641 1799
10 1007 1800
411 412 1801
525 1338 1802
1772 2033 1803
29 1751 1804
436 1180 1805
488 1762 1806
936 1440 1807
1342 1997 1808
682 1786 1809
1155 1853 1810
1340 1342 1811
136 202 1812
388 1856 1813
3 872 1814
36 1616 1815
63 1193 1816
1382 1383 1817
472 704 1818
219 1365 1819
2 324 1820
143 145 1821
237 258 1822
1194 1982 1823
1994 1996 1824
1470 1471 1825
96 488 1826
258 1493 1827
1119 1877 1828
1642 1659 1829
91 489 1830
1405 1511 1831
1928 1974 1832
51 136 1833
79 1236 1834
1274 1282 1835
1014 1015 1836
1044 1994 1837
136 854 1838
160 467 1839
258 908 1840
258 1612 1841
524 525 1842
131 134 1843
363 365 1844
1184 1185 1845
1194 1920 1846
1044 1763 1847
1539 1796 1848
1796 1812 1849
489 1889 1850
717 718 1851
1383 1384 1852
1340 1764 1853
439 690 1854
753 1141 1855
29 1378 1856
29 1379 1857
682 1793 1858
715 1491 1859
1342 1998 1860
568 569 1861
132 134 1862
1321 1322 1863
1378 1379 1864
436 1182 1865
252 1612 1866
753 1635 1867
268 1259 1868
37 462 1869
532 1253 1870
91 1811 1871
648 1500 1872
1129 1970 1873
105 1350 1874
549 1263 1875
128 357 1876
1254 1365 1877
450 453 1878
1343 1998 1879
242 494 1880
648 1281 1881
547 1992 1882
970 2034 1883
1377 1378 1884
34 209 1885
950 1014 1886
1044 1997 1887
241 1664 1888
2 3 1889
2 323 1890
299 402 1891
837 839 1892
1022 1868 1893
656 778 1894
34 1229 1895
1780 1781 1896
393 396 1897
208 462 1898
112 1615 1899
1377 1379 1900
135 136 1901
385 1362 1902
136 407 1903
512 593 1904
1889 1897 1905
778 1667 1906
143 144 1907
520 1604 1908
1321 1323 1909
29 127 1910
1928 1998 1911
2 248 1912
1996 1997 1913
1340 1341 1914
21 195 1915
1972 1974 1916
2 1089 1917
134 167 1918
136 715 1919
755 1615 1920
41 115 1921
1876 1877 1922
123 411 1923
29 1248 1924
105 1505 1925
1974 1994 1926
1764 1794 1927
38 53 1928
63 1124 1929
410 538 1930
549 1992 1931
1928 1994 1932
1241 1242 1933
51 1232 1934
725 1337 1935
970 1248 1936
361 1489 1937
682 1348 1938
340 342 1939
406 512 1940
130 1127 1941
533 563 1942
1974 1996 1943
87 485 1944
547 549 1945
1928 1997 1946
131 132 1947
241 1527 1948
127 1220 1949
31 331 1950
31 533 1951
1996 1998 1952
34 589 1953
526 1245 1954
783 1259 1955
1772 2034 1956
1994 1997 1957
128 1222 1958
331 1233 1959
738 959 1960
547 548 1961
620 973 1962
152 242 1963
132 412 1964
196 359 1965
209 413 1966
383 385 1967
1322 1323 1968
43 1988 1969
1319 1321 1970
1388 1491 1971
388 2004 1972
1155 1990 1973
1319 1322 1974
549 766 1975
1350 1351 1976
1559 1637 1977
34 1604 1978
411 1176 1979
405 1329 1980
442 714 1981
969 1772 1982
1269 1350 1983
81 82 1984
136 1491 1985
970 1540 1986
1351 1505 1987
29 1549 1988
144 145 1989
129 547 1990
105 1351 1991
63 362 1992
53 358 1993
265 778 1994
384 385 1995
29 1220 1996
448 1239 1997
1119 1876 1998
1974 1997 1999
214 970 2000
63 1195 2001
53 462 2002
136 406 2003
385 949 2004
1522 1533 2005
1319 1323 2006
289 1253 2007
296 299 2008
5 872 2009
341 342 2010
23 409 2011
717 719 2012
760 1772 2013
23 1394 2014
450 509 2015
6 1243 2016
89 91 2017
1022 1114 2018
50 1300 2019
297 299 2020
385 386 2021
442 444 2022
488 506 2023
2 199 2024
136 614 2025
1203 1897 2026
1387 1491 2027
29 71 2028
388 1334 2029
123 465 2030
31 532 2031
1974 1998 2032
5 408 2033
1155 1991 2034
143 430 2035
525 1498 2036
1994 1998 2037
1997 1998 2038
1364 1499 2039
51 1231 2040
685 1535 2041
34 210 2042
29 108 2043
508 509 2044
1642 1786 2045
951 1087 2046
656 1667 2047
381 382 2048
442 443 2049
288 533 2050
836 839 2051
63 520 2052
79 1237 2053
1507 1508 2054
1401 1798 2055
136 604 2056
265 656 2057
324 1089 2058
548 549 2059
288 290 2060
1234 1253 2061
23 287 2062
934 1248 2063
90 91 2064
1022 1669 2065
143 1260 2066
1247 1248 2067
143 1223 2068
198 566 2069
329 330 2070
340 341 2071
525 1210 2072
704 860 2073
450 452 2074
1527 1664 2075
29 1511 2076
59 60 2077
51 604 2078
1155 2017 2079
1401 1797 2080
1155 2018 2081
1990 2018 2082
1838 1913 2083
738 1368 2084
277 1490 2085
833 2020 2086
385 1906 2087
1236 1237 2088
132 465 2089
1973 1974 2090
132 411 2091
129 130 2092
1127 1506 2093
145 430 2094
34 341 2095
51 603 2096
934 1247 2097
1155 1733 2098
160 916 2099
6 1242 2100
1350 1505 2101
330 1018 2102
94 95 2103
288 534 2104
34 340 2105
1439 1454 2106
396 950 2107
1114 1669 2108
323 1089 2109
350 373 2110
1990 1991 2111
718 719 2112
2 53 2113
369 370 2114
1572 1574 2115
337 1587 2116
1138 1889 2117
452 453 2118
23 113 2119
29 255 2120
379 1277 2121
145 1223 2122
42 43 2123
143 503 2124
1763 1764 2125
107 1323 2126
308 945 2127
323 324 2128
1354 1355 2129
204 1079 2130
1244 1245 2131
1439 1533 2132
215 1825 2133
385 432 2134
31 290 2135
833 1270 2136
358 1397 2137
603 614 2138
206 1079 2139
1350 1862 2140
43 1399 2141
951 1251 2142
124 136 2143
144 430 2144
299 757 2145
337 1963 2146
35 36 2147
195 807 2148
484 485 2149
760 2033 2150
1210 1498 2151
288 532 2152
1573 1574 2153
1231 1232 2154
411 465 2155
1774 1813 2156
255 1549 2157
381 1052 2158
1991 2018 2159
241 1574 2160
298 299 2161
63 1194 2162
872 2011 2163
290 564 2164
511 1295 2165
756 1710 2166
34 361 2167
196 358 2168
206 1512 2169
288 1032 2170
204 1599 2171
298 402 2172
31 564 2173
1990 2017 2174
145 1260 2175
215 1838 2176
532 564 2177
204 206 2178
16 1975 2179
77 598 2180
360 361 2181
81 83 2182
29 72 2183
346 484 2184
315 1537 2185
378 379 2186
744 1235 2187
206 1598 2188
461 462 2189
2033 2034 2190
1838 1914 2191
1107 1252 2192
43 754 2193
89 90 2194
265 1667 2195
108 1266 2196
532 563 2197
1859 1975 2198
2017 2018 2199
337 458 2200
571 1857 2201
177 178 2202
237 248 2203
144 1223 2204
313 1300 2205
1330 1331 2206
16 215 2207
1786 1792 2208
31 289 2209
920 1300 2210
29 1266 2211
6 1241 2212
571 1027 2213
1733 2018 2214
94 195 2215
16 1859 2216
71 72 2217
402 757 2218
16 1860 2219
396 1014 2220
1027 1857 2221
40 47 2222
1019 1020 2223
72 1549 2224
72 255 2225
753 821 2226
1079 1855 2227
197 475 2228
144 1260 2229
858 1873 2230
993 1663 2231
308 944 2232
252 258 2233
431 1249 2234
204 1512 2235
36 914 2236
1687 1688 2237
297 298 2238
27 72 2239
1763 1794 2240
206 734 2241
211 284 2242
77 1274 2243
1838 1915 2244
1991 2017 2245
143 256 2246
1733 1991 2247
124 202 2248
439 440 2249
1512 1599 2250
31 563 2251
206 1855 2252
242 475 2253
1354 1356 2254
242 1625 2255
215 1975 2256
145 503 2257
1353 1354 2258
1079 1599 2259
215 1858 2260
837 838 2261
290 563 2262
71 107 2263
1733 1990 2264
1538 1539 2265
969 2033 2266
361 1604 2267
734 1389 2268
36 915 2269
593 808 2270
1218 1675 2271
993 1206 2272
1858 1859 2273
734 1599 2274
1358 1774 2275
107 1567 2276
814 1107 2277
1375 1564 2278
71 1266 2279
404 1235 2280
71 108 2281
72 108 2282
63 1920 2283
130 1670 2284
107 501 2285
204 1855 2286
439 441 2287
405 1209 2288
71 501 2289
206 1599 2290
288 1253 2291
870 1910 2292
298 621 2293
15 16 2294
16 1840 2295
16 1858 2296
199 872 2297
215 1859 2298
814 1252 2299
208 475 2300
213 970 2301
760 969 2302
1733 2017 2303
383 384 2304
452 509 2305
1354 1358 2306
63 1604 2307
484 1674 2308
315 316 2309
601 602 2310
1354 1826 2311
31 288 2312
72 1511 2313
313 920 2314
63 1982 2315
474 1673 2316
107 1568 2317
157 158 2318
483 485 2319
760 2034 2320
63 361 2321
15 1859 2322
76 77 2323
1567 1568 2324
1598 1599 2325
74 409 2326
1203 1889 2327
1710 1741 2328
1859 1860 2329
1353 1356 2330
1599 1855 2331
833 2004 2332
538 620 2333
63 607 2334
15 1858 2335
733 734 2336
15 215 2337
589 1229 2338
484 1606 2339
969 2034 2340
1334 1856 2341
1724 1909 2342
72 1266 2343
406 593 2344
1079 1512 2345
215 1860 2346
289 563 2347
1786 1793 2348
108 501 2349
407 592 2350
337 347 2351
1792 1793 2352
211 285 2353
288 289 2354
744 1534 2355
289 564 2356
483 484 2357
94 1947 2358
144 503 2359
179 344 2360
9 389 2361
29 1408 2362
242 1288 2363
1512 1855 2364
208 242 2365
969 1540 2366
1710 1981 2367
1840 1859 2368
19 85 2369
72 501 2370
1858 1860 2371
143 390 2372
1356 1358 2373
1353 1358 2374
215 1840 2375
45 47 2376
296 298 2377
431 432 2378
1358 1813 2379
119 744 2380
406 407 2381
276 277 2382
8 9 2383
77 108 2384
833 1600 2385
484 633 2386
1356 1861 2387
1353 1357 2388
123 132 2389
1600 2004 2390
15 1860 2391
214 969 2392
211 212 2393
72 204 2394
63 601 2395
330 337 2396
383 949 2397
107 108 2398
72 107 2399
129 459 2400
63 315 2401
1840 1858 2402
460 462 2403
247 248 2404
72 77 2405
1840 1860 2406
209 210 2407
296 297 2408
262 1022 2409
445 446 2410
1356 1826 2411
1353 1826 2412
704 1577 2413
160 162 2414
1206 1663 2415
2 460 2416
209 476 2417
14 15 2418
1037 1235 2419
129 458 2420
760 1773 2421
603 604 2422
198 781 2423
330 347 2424
1358 1861 2425
383 386 2426
406 592 2427
15 1840 2428
734 1598 2429
367 379 2430
1560 1687 2431
197 474 2432
7 9 2433
198 475 2434
769 1483 2435
14 16 2436
474 894 2437
1353 1861 2438
159 160 2439
1357 1358 2440
123 131 2441
1527 1574 2442
136 1948 2443
94 505 2444
443 444 2445
193 580 2446
94 1609 2447
538 973 2448
94 194 2449
704 820 2450
296 757 2451
475 1288 2452
1709 1710 2453
35 914 2454
256 390 2455
463 464 2456
53 461 2457
1914 1915 2458
160 161 2459
213 969 2460
820 1577 2461
72 1610 2462
161 162 2463
308 771 2464
704 1951 2465
1203 2036 2466
63 360 2467
94 2003 2468
589 1230 2469
53 460 2470
71 454 2471
74 1501 2472
160 163 2473
379 1560 2474
1908 1909 2475
836 837 2476
40 45 2477
74 463 2478
704 1246 2479
769 1482 2480
194 195 2481
43 567 2482
134 207 2483
379 1687 2484
1889 2036 2485
209 477 2486
159 161 2487
77 1408 2488
1348 1786 2489
134 1621 2490
1544 1916 2491
40 46 2492
288 564 2493
53 199 2494
1348 1792 2495
445 1547 2496
29 454 2497
72 454 2498
99 160 2499
563 564 2500
1348 1349 2501
1797 1798 2502
6 9 2503
129 1670 2504
760 2032 2505
1482 1483 2506
8 389 2507
72 1548 2508
460 461 2509
404 1534 2510
1574 1664 2511
72 1056 2512
1544 1545 2513
317 1545 2514
307 771 2515
988 1348 2516
317 1546 2517
1724 1908 2518
317 1544 2519
580 581 2520
1050 1542 2521
1235 1534 2522
111 762 2523
210 476 2524
210 477 2525
1050 1051 2526
1544 1546 2527
990 1546 2528
74 464 2529
432 1906 2530
1230 1536 2531
298 757 2532
454 1408 2533
988 1349 2534
307 1602 2535
1229 1230 2536
99 161 2537
771 1602 2538
990 1544 2539
1348 1793 2540
63 796 2541
159 162 2542
317 990 2543
836 838 2544
162 163 2545
307 308 2546
45 46 2547
161 163 2548
704 1627 2549
317 318 2550
704 1541 2551
63 602 2552
214 1540 2553
836 1550 2554
111 1238 2555
603 1948 2556
99 163 2557
762 1238 2558
46 47 2559
6 8 2560
212 284 2561
459 1670 2562
990 1545 2563
316 1537 2564
317 1916 2565
543 546 2566
308 1602 2567
968 1889 2568
544 546 2569
99 162 2570
379 561 2571
6 7 2572
284 285 2573
308 1289 2574
404 744 2575
198 208 2576
74 1261 2577
213 1540 2578
379 560 2579
7 389 2580
99 159 2581
159 163 2582
476 477 2583
704 1626 2584
990 1916 2585
459 1002 2586
544 545 2587
1308 1411 2588
197 198 2589
1051 1542 2590
198 242 2591
288 563 2592
63 1537 2593
1348 1623 2594
459 1911 2595
1203 2035 2596
199 460 2597
1353 1866 2598
543 545 2599
1208 1209 2600
63 316 2601
72 1408 2602
7 8 2603
74 1262 2604
1261 1262 2605
259 263 2606
1889 2035 2607
213 214 2608
259 262 2609
560 561 2610
1358 1866 2611
545 546 2612
633 1133 2613
795 1055 2614
968 1203 2615
446 1547 2616
1133 1308 2617
73 74 2618
207 1621 2619
543 544 2620
259 261 2621
261 262 2622
893 968 2623
604 1948 2624
392 968 2625
2035 2036 2626
259 260 2627
1054 1055 2628
212 285 2629
74 1677 2630
795 1054 2631
85 86 2632
392 893 2633
74 1678 2634
1609 1947 2635
262 263 2636
260 262 2637
260 263 2638
261 263 2639
505 1947 2640
56 2040 2641
168 170 2642
169 490 2643
1947 2003 2644
169 170 2645
505 1609 2646
1609 2003 2647
505 2003 2648
1002 1911 2649
260 261 2650
168 169 2651
1046 1117 2652
170 490 2653
1046 1116 2654
1117 1617 2655
1046 1618 2656
1117 1618 2657
1046 1617 2658
1116 1117 2659
1677 1678 2660
1116 1617 2661
1116 1618 2662
1617 1618 2663
