1110 1111 1
1100 1110 2
1182 1189 3
1173 1177 4
1233 1246 5
1207 1208 6
1111 1233 7
1217 1234 8
1177 1181 9
1209 1217 10
1197 1206 11
1022 1024 12
1156 1172 13
1024 1025 14
1246 1247 15
677 698 16
1006 1022 17
1234 1265 18
698 722 19
1027 1049 20
1265 1267 21
1072 1076 22
1049 1072 23
1151 1156 24
1102 1161 25
1652 1656 26
1380 1392 27
1247 1252 28
1458 1825 29
1267 1527 30
1161 1184 31
798 844 32
998 1001 33
1522 1534 34
1267 1533 35
1111 1133 36
1502 1521 37
1416 1433 38
514 553 39
1521 1550 40
449 1031 41
1184 1259 42
1259 1300 43
1403 1416 44
1819 1825 45
1550 1580 46
1039 1718 47
1648 1652 48
553 591 49
1314 1329 50
1153 1201 51
1718 1719 52
1201 1242 53
1031 1136 54
1719 1720 55
1804 1815 56
997 998 57
1646 1648 58
722 1840 59
797 798 60
722 740 61
766 802 62
1300 1374 63
1136 1198 64
995 1724 65
1521 1831 66
513 514 67
830 846 68
1018 1021 69
1469 1474 70
1720 1721 71
1480 1481 72
25 36 73
1462 1469 74
22 25 75
846 847 76
21 22 77
996 997 78
1580 1604 79
486 506 80
1730 1731 81
882 919 82
962 967 83
1312 1314 84
1549 1553 85
1831 1836 86
1189 1197 87
558 598 88
1419 1553 89
1699 1700 90
1296 1312 91
1018 1549 92
1153 1354 93
847 853 94
961 962 95
1729 1730 96
1272 1285 97
1459 1502 98
1514 1527 99
739 792 100
21 97 101
967 986 102
448 449 103
994 995 104
1792 1804 105
591 658 106
1726 1728 107
1728 1729 108
991 996 109
1257 1258 110
1268 1272 111
812 813 112
822 824 113
415 1063 114
1337 1343 115
1481 1485 116
1489 1551 117
1551 1552 118
408 422 119
1474 1480 120
1642 1646 121
1052 1106 122
1198 1255 123
287 292 124
1252 1261 125
816 853 126
1485 1486 127
805 812 128
919 931 129
1033 1120 130
1552 1563 131
424 437 132
1374 1396 133
1604 1611 134
29 75 135
992 994 136
739 1106 137
1104 1147 138
1392 1408 139
824 825 140
93 94 141
1211 1215 142
1185 1216 143
711 739 144
1091 1285 145
802 875 146
760 926 147
1205 1211 148
886 891 149
889 949 150
1360 1384 151
960 961 152
1121 1133 153
1358 1360 154
1215 1218 155
844 862 156
872 894 157
615 650 158
1216 1238 159
792 827 160
810 915 161
1128 1143 162
1256 1268 163
1667 1680 164
765 766 165
1120 1832 166
920 922 167
1084 1115 168
673 1238 169
1263 1274 170
1810 1811 171
1535 1541 172
415 869 173
812 816 174
1025 1028 175
1503 1534 176
1232 1842 177
467 486 178
915 949 179
926 958 180
416 1063 181
1121 1624 182
1486 1488 183
871 872 184
1637 1642 185
1771 1792 186
28 29 187
1005 1015 188
1541 1547 189
1120 1212 190
449 1013 191
1208 1209 192
1503 1819 193
1563 1578 194
1091 1526 195
391 408 196
44 46 197
1244 1263 198
1491 1493 199
914 920 200
891 892 201
1133 1153 202
800 810 203
1019 1088 204
1343 1355 205
1578 1579 206
1611 1641 207
1725 1727 208
1097 1847 209
1068 1089 210
976 1847 211
650 654 212
878 886 213
641 1488 214
916 935 215
1814 1816 216
786 816 217
1274 1315 218
602 615 219
816 871 220
957 960 221
1696 1699 222
652 718 223
990 991 224
1482 1491 225
1181 1182 226
1007 1310 227
1629 1637 228
1683 1685 229
948 957 230
922 1159 231
1175 1232 232
1255 1330 233
1241 1244 234
1736 1739 235
1162 1223 236
1396 1402 237
1723 1725 238
999 1020 239
1567 1576 240
808 910 241
641 1315 242
1466 1472 243
892 894 244
777 800 245
1752 1753 246
422 424 247
709 727 248
1060 1084 249
1008 1097 250
398 1147 251
1353 1358 252
495 504 253
1727 1740 254
903 916 255
1261 1262 256
15 86 257
1694 1696 258
515 1212 259
1383 1385 260
874 878 261
1682 1703 262
642 648 263
449 539 264
1686 1690 265
648 652 266
725 742 267
1089 1092 268
1048 1052 269
504 571 270
1641 1670 271
742 776 272
1113 1810 273
786 805 274
859 903 275
1677 1678 276
515 1832 277
1335 1342 278
1362 1364 279
1579 1584 280
1328 1426 281
46 47 282
1402 1414 283
179 869 284
472 495 285
398 399 286
1753 1754 287
1763 1775 288
780 1840 289
870 874 290
1379 1383 291
676 709 292
1113 1807 293
1134 1137 294
1310 1341 295
1547 1555 296
602 1318 297
776 777 298
1103 1104 299
1331 1352 300
1342 1356 301
1751 1752 302
1385 1391 303
382 690 304
1453 1466 305
416 1203 306
1334 1335 307
1372 1395 308
785 1726 309
947 948 310
1101 1116 311
989 990 312
818 859 313
1138 1139 314
855 870 315
1576 1581 316
286 953 317
598 756 318
1088 1205 319
1559 1567 320
213 214 321
981 993 322
94 97 323
1204 1249 324
1293 1294 325
1703 1740 326
1194 1426 327
374 391 328
887 912 329
769 803 330
399 443 331
1621 1629 332
1798 1800 333
1805 1807 334
270 321 335
1341 1359 336
1591 1771 337
1674 1677 338
693 702 339
879 880 340
208 1127 341
1039 1852 342
1138 1859 343
714 769 344
1140 1152 345
993 1310 346
83 119 347
1171 1187 348
47 48 349
1081 1101 350
1363 1368 351
16 21 352
944 1017 353
89 93 354
52 953 355
1713 1714 356
817 868 357
1685 1688 358
803 1763 359
1107 1722 360
864 865 361
1092 1113 362
1306 1352 363
164 389 364
1143 1185 365
1020 1251 366
1733 1734 367
910 1858 368
696 719 369
1309 1318 370
1284 1306 371
1152 1160 372
473 474 373
1444 1489 374
309 321 375
641 804 376
1023 1055 377
641 642 378
1085 1121 379
317 318 380
515 614 381
1633 1667 382
661 675 383
671 688 384
21 104 385
556 557 386
217 227 387
370 1817 388
436 472 389
708 808 390
1601 1625 391
1306 1851 392
286 287 393
1584 1590 394
804 807 395
1267 1283 396
877 888 397
1391 1394 398
704 728 399
650 1309 400
879 914 401
860 946 402
1799 1806 403
270 414 404
1796 1799 405
1862 1863 406
1660 1673 407
1609 1610 408
1695 1698 409
1057 1081 410
1292 1311 411
521 522 412
214 217 413
634 676 414
964 999 415
788 809 416
457 1639 417
1107 1114 418
1794 1797 419
1419 1444 420
1499 1802 421
1811 1814 422
103 105 423
358 374 424
1754 1755 425
819 860 426
543 1130 427
1196 1251 428
1345 1353 429
884 1414 430
1793 1794 431
208 209 432
702 723 433
1717 1723 434
1411 1418 435
887 921 436
638 1359 437
825 830 438
1219 1851 439
675 730 440
663 677 441
1188 1199 442
1249 1290 443
428 429 444
518 519 445
1214 1226 446
1105 1225 447
1362 1363 448
439 488 449
1715 1716 450
1746 1747 451
522 523 452
1786 1787 453
1167 1738 454
835 900 455
205 1330 456
1499 1516 457
984 1107 458
927 1139 459
1789 1790 460
988 989 461
1417 1421 462
1137 1593 463
958 1032 464
723 731 465
1219 1284 466
1371 1372 467
1555 1556 468
1659 1660 469
852 877 470
518 523 471
488 534 472
790 835 473
1620 1621 474
1544 1603 475
1791 1793 476
1388 1389 477
331 339 478
534 1801 479
468 494 480
1389 1454 481
463 1130 482
1409 1412 483
493 548 484
1213 1214 485
1186 1196 486
1585 1690 487
1230 1235 488
1002 1009 489
1773 1796 490
587 616 491
1160 1178 492
1657 1659 493
673 711 494
730 801 495
941 947 496
614 1276 497
1435 1802 498
462 1808 499
1384 1403 500
348 358 501
1032 1164 502
1610 1614 503
388 400 504
868 883 505
78 79 506
400 410 507
1790 1791 508
537 548 509
1179 1186 510
1194 1350 511
1432 1460 512
1000 1732 513
166 1644 514
618 704 515
1350 1601 516
1441 1503 517
462 1821 518
779 788 519
318 1843 520
1192 1202 521
1554 1558 522
96 105 523
809 818 524
921 1009 525
902 1079 526
1755 1756 527
1235 1243 528
469 1336 529
59 103 530
386 546 531
638 639 532
612 643 533
73 77 534
216 229 535
734 902 536
470 970 537
82 762 538
1020 1060 539
315 316 540
1394 1397 541
1369 1379 542
1178 1188 543
501 1844 544
534 599 545
318 326 546
727 861 547
900 1846 548
335 336 549
1206 1207 550
1277 1322 551
1355 1357 552
720 762 553
1220 1277 554
1210 1213 555
55 1336 556
1327 1862 557
1679 1682 558
1053 1102 559
1632 1640 560
1366 1368 561
588 602 562
259 264 563
759 819 564
285 299 565
491 562 566
629 671 567
841 848 568
793 887 569
807 811 570
1747 1748 571
451 464 572
1581 1592 573
1782 1783 574
361 370 575
597 614 576
1518 1857 577
1225 1248 578
214 362 579
418 546 580
443 516 581
761 793 582
912 921 583
534 1767 584
1340 1766 585
1710 1713 586
104 111 587
740 780 588
754 837 589
1608 1609 590
607 1350 591
1446 1499 592
82 119 593
1325 1398 594
1665 1666 595
6 16 596
1510 1512 597
421 431 598
1421 1428 599
423 1830 600
562 589 601
1850 1855 602
1381 1420 603
1327 1857 604
490 667 605
1112 1202 606
1628 1631 607
639 647 608
982 988 609
1399 1451 610
281 283 611
1664 1665 612
1393 1401 613
1631 1632 614
683 729 615
451 738 616
1356 1364 617
370 439 618
473 1095 619
1338 1340 620
954 1040 621
1145 1151 622
434 482 623
519 521 624
1592 1746 625
731 764 626
474 493 627
1589 1593 628
1440 1467 629
213 429 630
238 848 631
969 984 632
1067 1068 633
1167 1254 634
1311 1334 635
1654 1657 636
339 515 637
515 597 638
1079 1168 639
411 432 640
619 1616 641
1703 1710 642
1735 1737 643
1768 1769 644
171 176 645
176 183 646
292 331 647
1080 1096 648
1108 1325 649
131 1625 650
1200 1716 651
1326 1327 652
425 440 653
974 1023 654
728 761 655
494 665 656
917 966 657
1154 1183 658
1258 1331 659
509 555 660
1548 1554 661
1640 1643 662
753 773 663
219 1203 664
1556 1557 665
1000 1724 666
791 858 667
1787 1788 668
1732 1735 669
680 681 670
336 348 671
441 467 672
959 1005 673
458 1639 674
470 1323 675
503 1449 676
1319 1332 677
876 1860 678
608 1860 679
707 708 680
1756 1757 681
440 1830 682
963 965 683
1287 1292 684
32 632 685
626 715 686
1533 1535 687
333 1843 688
811 815 689
1327 1762 690
74 280 691
355 372 692
544 618 693
52 266 694
626 627 695
1183 1190 696
299 368 697
931 941 698
258 734 699
921 983 700
1630 1644 701
1124 1155 702
680 1269 703
607 608 704
85 110 705
655 679 706
200 972 707
106 112 708
396 409 709
224 231 710
117 833 711
477 579 712
10 66 713
112 113 714
183 184 715
700 759 716
840 841 717
1574 1575 718
1583 1589 719
564 565 720
724 833 721
11 665 722
668 672 723
1435 1446 724
169 170 725
233 242 726
386 388 727
437 468 728
618 761 729
1123 1140 730
1797 1798 731
1415 1429 732
1693 1694 733
935 964 734
52 53 735
600 1030 736
238 239 737
385 412 738
528 659 739
1047 1062 740
54 64 741
82 83 742
541 549 743
579 631 744
160 169 745
1200 1717 746
750 779 747
638 981 748
77 78 749
555 1030 750
1294 1317 751
681 790 752
409 421 753
232 233 754
501 543 755
50 695 756
1114 1118 757
493 510 758
780 1162 759
473 493 760
191 614 761
506 533 762
11 1422 763
1518 1519 764
1134 1135 765
55 469 766
496 497 767
272 281 768
908 923 769
293 791 770
735 876 771
1711 1712 772
1036 1850 773
180 181 774
455 456 775
637 710 776
1344 1378 777
1174 1175 778
1515 1524 779
74 108 780
1042 1108 781
726 738 782
1524 1622 783
617 715 784
1449 1465 785
1673 1674 786
156 160 787
27 85 788
418 1228 789
608 1588 790
640 661 791
1168 1279 792
599 767 793
1448 1452 794
194 216 795
341 945 796
571 586 797
1582 1583 798
410 418 799
620 622 800
813 814 801
1607 1616 802
1014 1037 803
490 1087 804
884 971 805
419 861 806
1596 1597 807
172 173 808
1122 1126 809
432 438 810
1467 1487 811
678 799 812
323 329 813
1316 1319 814
1765 1767 815
527 528 816
82 548 817
2 10 818
55 71 819
1813 1818 820
547 566 821
343 347 822
261 710 823
117 544 824
2 4 825
107 170 826
933 936 827
1109 1122 828
386 418 829
1366 1689 830
636 637 831
188 194 832
1116 1158 833
578 609 834
1476 1479 835
1823 1824 836
572 592 837
656 700 838
82 720 839
1415 1822 840
1494 1505 841
464 478 842
1398 1399 843
764 1854 844
1065 1442 845
113 122 846
1592 1745 847
239 248 848
684 685 849
1347 1822 850
695 783 851
1071 1075 852
363 1096 853
764 866 854
1569 1574 855
1643 1647 856
713 721 857
254 586 858
986 992 859
976 1008 860
289 296 861
423 1834 862
296 301 863
17 20 864
412 674 865
1758 1759 866
721 741 867
1800 1803 868
347 360 869
1612 1613 870
872 879 871
569 655 872
699 732 873
1577 1582 874
646 1607 875
1017 1029 876
3 10 877
587 645 878
752 1180 879
1849 1854 880
1479 1490 881
1509 1510 882
204 211 883
1437 1445 884
645 674 885
1749 1750 886
431 436 887
1112 1236 888
497 570 889
542 796 890
1619 1624 891
1218 1241 892
1542 1548 893
476 477 894
1762 1864 895
8 148 896
1054 1129 897
122 128 898
1078 1826 899
1382 1393 900
227 247 901
2 86 902
531 783 903
249 838 904
463 1546 905
1528 1745 906
732 750 907
8 1618 908
480 1709 909
794 795 910
768 944 911
633 1775 912
301 311 913
1167 1634 914
516 560 915
832 911 916
1055 1080 917
84 117 918
203 230 919
1155 1165 920
856 908 921
1572 1606 922
669 689 923
1598 1759 924
438 780 925
984 987 926
1741 1742 927
1564 1565 928
565 692 929
968 1042 930
1270 1663 931
1595 1598 932
1742 1744 933
231 234 934
888 913 935
319 323 936
647 653 937
1565 1566 938
423 425 939
230 434 940
939 959 941
50 783 942
1305 1378 943
1034 1035 944
232 242 945
592 601 946
531 890 947
279 289 948
866 950 949
993 1007 950
1436 1448 951
1463 1468 952
851 1739 953
242 249 954
11 283 955
10 68 956
402 412 957
1082 1093 958
1776 1777 959
1236 1264 960
1602 1612 961
156 839 962
1001 1027 963
331 1033 964
580 593 965
775 836 966
1496 1511 967
770 918 968
293 294 969
11 1323 970
366 381 971
126 551 972
925 955 973
1530 1543 974
627 678 975
349 359 976
630 1442 977
1264 1286 978
470 1349 979
576 687 980
736 834 981
267 668 982
1066 1676 983
936 1180 984
1801 1817 985
1290 1328 986
403 1546 987
741 775 988
364 628 989
657 713 990
744 748 991
784 787 992
945 974 993
1528 1531 994
367 1761 995
510 537 996
316 325 997
333 340 998
1412 1417 999
685 754 1000
385 386 1001
95 102 1002
616 645 1003
1434 1437 1004
1655 1658 1005
340 1839 1006
377 390 1007
1641 1771 1008
965 978 1009
1779 1780 1010
481 487 1011
1540 1542 1012
1737 1741 1013
413 511 1014
390 628 1015
814 822 1016
1240 1245 1017
703 724 1018
1149 1150 1019
1074 1082 1020
205 206 1021
1279 1302 1022
92 95 1023
267 322 1024
162 202 1025
623 646 1026
1304 1347 1027
1656 1669 1028
339 614 1029
659 831 1030
1443 1461 1031
508 509 1032
1237 1240 1033
193 300 1034
1243 1256 1035
236 1529 1036
1590 1594 1037
181 328 1038
799 1386 1039
1490 1492 1040
10 147 1041
849 856 1042
906 980 1043
419 1829 1044
1508 1537 1045
1131 1826 1046
452 1845 1047
1070 1293 1048
525 1812 1049
392 1706 1050
1647 1649 1051
1450 1462 1052
1226 1227 1053
393 517 1054
475 502 1055
1045 1047 1056
619 620 1057
1170 1171 1058
1317 1344 1059
237 252 1060
1038 1099 1061
1271 1273 1062
403 1795 1063
484 1829 1064
893 1083 1065
83 96 1066
369 930 1067
511 604 1068
1636 1671 1069
1757 1758 1070
1809 1818 1071
928 975 1072
11 532 1073
189 796 1074
261 285 1075
520 1158 1076
1430 1434 1077
570 789 1078
18 1051 1079
1301 1586 1080
230 251 1081
369 767 1082
1125 1144 1083
1397 1400 1084
589 630 1085
340 353 1086
1471 1478 1087
1464 1477 1088
1298 1321 1089
407 452 1090
694 705 1091
1361 1381 1092
1760 1861 1093
743 744 1094
419 1142 1095
1361 1708 1096
1069 1074 1097
611 633 1098
1003 1006 1099
1468 1471 1100
951 952 1101
1357 1365 1102
995 1000 1103
294 320 1104
235 304 1105
773 778 1106
1289 1777 1107
406 407 1108
1477 1517 1109
10 189 1110
1455 1483 1111
1838 1839 1112
1248 1310 1113
563 605 1114
901 1016 1115
181 182 1116
302 460 1117
166 171 1118
1117 1148 1119
564 692 1120
1517 1761 1121
1418 1419 1122
729 768 1123
267 834 1124
10 98 1125
1649 1651 1126
502 532 1127
660 733 1128
503 1420 1129
375 376 1130
1429 1435 1131
271 279 1132
276 288 1133
1239 1602 1134
1560 1600 1135
1144 1149 1136
857 881 1137
549 1708 1138
51 69 1139
1431 1436 1140
1447 1464 1141
380 552 1142
1591 1611 1143
1222 1701 1144
1827 1835 1145
299 525 1146
462 583 1147
943 1011 1148
494 554 1149
845 924 1150
2 139 1151
127 218 1152
415 416 1153
419 479 1154
68 539 1155
1266 1271 1156
1512 1513 1157
1658 1662 1158
2 15 1159
603 651 1160
787 823 1161
1093 1117 1162
577 578 1163
898 899 1164
1296 1493 1165
70 831 1166
136 189 1167
327 335 1168
1568 1569 1169
1675 1681 1170
302 487 1171
2 54 1172
1538 1540 1173
257 263 1174
225 240 1175
341 363 1176
498 1835 1177
265 271 1178
440 466 1179
484 1142 1180
453 485 1181
1321 1370 1182
1291 1779 1183
11 1764 1184
364 377 1185
302 367 1186
688 693 1187
1098 1348 1188
60 538 1189
2 284 1190
1427 1430 1191
369 1765 1192
0 369 1193
752 753 1194
1653 1654 1195
1043 1045 1196
823 829 1197
575 585 1198
885 1447 1199
664 694 1200
621 1588 1201
273 282 1202
223 1454 1203
384 1838 1204
826 828 1205
200 350 1206
651 664 1207
338 667 1208
1603 1608 1209
249 265 1210
368 426 1211
1308 1313 1212
102 106 1213
137 1634 1214
1820 1833 1215
405 423 1216
795 928 1217
1076 1090 1218
446 538 1219
80 837 1220
1141 1166 1221
85 124 1222
162 480 1223
771 845 1224
905 1833 1225
0 904 1226
1339 1346 1227
649 703 1228
200 589 1229
365 366 1230
338 490 1231
1536 1538 1232
338 355 1233
1571 1599 1234
291 1869 1235
583 611 1236
470 1223 1237
1282 1289 1238
530 545 1239
145 972 1240
1684 1687 1241
1774 1776 1242
2 11 1243
132 153 1244
1460 1500 1245
304 334 1246
633 714 1247
1405 1415 1248
173 177 1249
209 1375 1250
135 1406 1251
31 68 1252
418 453 1253
332 1795 1254
219 267 1255
1291 1295 1256
658 760 1257
1313 1316 1258
1307 1573 1259
344 387 1260
164 172 1261
60 446 1262
305 758 1263
1532 1536 1264
1329 1337 1265
20 23 1266
1113 1123 1267
1606 1633 1268
197 201 1269
154 155 1270
654 673 1271
909 918 1272
1714 1715 1273
821 826 1274
1007 1044 1275
419 1504 1276
1070 1073 1277
1044 1105 1278
568 1455 1279
179 180 1280
291 324 1281
308 387 1282
203 686 1283
71 72 1284
551 1470 1285
1587 1778 1286
706 1634 1287
382 383 1288
594 603 1289
1011 1846 1290
1331 1852 1291
236 264 1292
457 458 1293
346 1869 1294
782 785 1295
977 1529 1296
972 1611 1297
356 1692 1298
324 346 1299
633 1051 1300
1401 1409 1301
1051 1627 1302
1073 1085 1303
200 1219 1304
0 1708 1305
536 552 1306
132 174 1307
5 747 1308
942 956 1309
49 50 1310
303 529 1311
517 561 1312
139 1349 1313
130 175 1314
253 256 1315
1320 1487 1316
913 934 1317
1015 1018 1318
139 839 1319
10 11 1320
545 550 1321
305 670 1322
520 911 1323
10 14 1324
367 481 1325
532 559 1326
134 447 1327
355 460 1328
1575 1577 1329
1270 1377 1330
1680 1686 1331
139 260 1332
587 890 1333
1227 1237 1334
310 329 1335
1531 1532 1336
231 1668 1337
1669 1675 1338
353 371 1339
72 73 1340
679 701 1341
200 1040 1342
666 686 1343
328 349 1344
1503 1591 1345
1614 1620 1346
9 24 1347
85 1473 1348
192 300 1349
499 500 1350
863 1010 1351
1046 1077 1352
108 118 1353
1688 1697 1354
1016 1856 1355
5 235 1356
1520 1587 1357
236 309 1358
638 1698 1359
1586 1661 1360
50 51 1361
718 725 1362
1064 1132 1363
278 1302 1364
1390 1836 1365
0 69 1366
625 656 1367
1190 1270 1368
1615 1619 1369
200 1661 1370
1650 1653 1371
983 1002 1372
165 166 1373
1253 1281 1374
922 932 1375
525 1806 1376
0 144 1377
1452 1463 1378
1783 1784 1379
192 351 1380
542 596 1381
1297 1308 1382
858 897 1383
905 1038 1384
910 985 1385
79 89 1386
5 111 1387
35 466 1388
11 12 1389
10 43 1390
1868 1870 1391
326 333 1392
200 1697 1393
1521 1815 1394
417 460 1395
10 45 1396
302 308 1397
5 1224 1398
927 1859 1399
1845 1848 1400
1451 1508 1401
274 832 1402
588 1361 1403
827 889 1404
51 466 1405
116 755 1406
1344 1345 1407
1119 1125 1408
969 1091 1409
1373 1390 1410
118 131 1411
162 1872 1412
325 327 1413
118 266 1414
150 1503 1415
460 605 1416
458 536 1417
1283 1288 1418
67 145 1419
177 188 1420
3 4 1421
900 943 1422
554 970 1423
885 893 1424
332 1407 1425
482 535 1426
1295 1297 1427
1187 1204 1428
1561 1585 1429
9 86 1430
1516 1530 1431
162 360 1432
159 165 1433
401 417 1434
923 939 1435
345 361 1436
419 1324 1437
862 929 1438
162 163 1439
218 551 1440
14 85 1441
1041 1070 1442
356 896 1443
137 706 1444
527 1702 1445
395 483 1446
302 369 1447
175 454 1448
87 284 1449
142 295 1450
608 735 1451
1505 1515 1452
460 490 1453
799 973 1454
86 87 1455
950 1064 1456
1691 1873 1457
574 1036 1458
1070 1242 1459
35 55 1460
778 1230 1461
1780 1781 1462
162 1709 1463
302 481 1464
23 24 1465
1065 1066 1466
80 209 1467
854 857 1468
1351 1672 1469
10 559 1470
1118 1119 1471
555 600 1472
355 465 1473
505 885 1474
1199 1210 1475
36 38 1476
606 659 1477
470 554 1478
1525 1526 1479
1559 1748 1480
88 121 1481
609 649 1482
302 540 1483
815 820 1484
774 852 1485
690 696 1486
1500 1544 1487
198 267 1488
302 526 1489
199 426 1490
305 306 1491
0 427 1492
1410 1432 1493
772 1841 1494
1288 1296 1495
1504 1778 1496
1340 1376 1497
1617 1630 1498
487 817 1499
31 632 1500
10 146 1501
81 129 1502
56 60 1503
1157 1169 1504
956 963 1505
1176 1304 1506
0 1867 1507
1332 1338 1508
1075 1109 1509
1135 1145 1510
7 246 1511
850 854 1512
1273 1275 1513
215 291 1514
18 595 1515
1026 1041 1516
115 146 1517
322 644 1518
662 663 1519
1000 1003 1520
157 164 1521
851 855 1522
0 1519 1523
1772 1774 1524
254 342 1525
748 749 1526
801 884 1527
11 131 1528
653 716 1529
584 606 1530
57 68 1531
110 836 1532
473 1269 1533
41 161 1534
404 463 1535
403 1407 1536
1059 1661 1537
129 138 1538
278 707 1539
7 687 1540
820 821 1541
139 1422 1542
19 30 1543
388 418 1544
689 697 1545
701 720 1546
1404 1427 1547
463 501 1548
117 618 1549
5 338 1550
560 581 1551
966 1228 1552
1365 1369 1553
200 491 1554
110 1012 1555
217 247 1556
781 782 1557
1320 1572 1558
5 1837 1559
126 680 1560
937 1118 1561
293 1645 1562
9 63 1563
192 212 1564
706 876 1565
1662 1664 1566
733 772 1567
107 114 1568
1172 1173 1569
132 185 1570
660 789 1571
1506 1507 1572
1600 1617 1573
38 40 1574
7 446 1575
624 625 1576
87 128 1577
1613 1615 1578
630 867 1579
1021 1026 1580
937 940 1581
1566 1568 1582
32 57 1583
155 157 1584
929 1053 1585
10 100 1586
1376 1382 1587
15 76 1588
302 344 1589
245 334 1590
940 951 1591
43 81 1592
755 979 1593
127 151 1594
307 361 1595
263 268 1596
250 1828 1597
1365 1453 1598
1010 1387 1599
946 976 1600
980 1163 1601
81 255 1602
1638 1650 1603
206 246 1604
385 645 1605
1594 1596 1606
10 27 1607
1260 1266 1608
296 834 1609
1557 1564 1610
1769 1770 1611
200 221 1612
14 56 1613
85 971 1614
30 39 1615
109 110 1616
394 395 1617
461 462 1618
85 1307 1619
3 11 1620
1115 1128 1621
81 433 1622
247 756 1623
1009 1057 1624
5 6 1625
381 396 1626
936 937 1627
1112 1146 1628
88 220 1629
1395 1413 1630
1524 1528 1631
1146 1154 1632
52 62 1633
127 1470 1634
99 133 1635
162 426 1636
378 1706 1637
672 691 1638
453 469 1639
684 1231 1640
746 774 1641
412 418 1642
915 1004 1643
716 737 1644
126 259 1645
10 277 1646
10 101 1647
62 280 1648
1239 1305 1649
525 612 1650
1245 1260 1651
136 979 1652
202 203 1653
459 465 1654
1090 1100 1655
1781 1782 1656
199 337 1657
1428 1431 1658
26 138 1659
175 1141 1660
136 147 1661
384 405 1662
215 220 1663
62 74 1664
986 1721 1665
308 344 1666
10 116 1667
568 569 1668
895 1638 1669
10 1866 1670
10 145 1671
198 204 1672
550 567 1673
829 850 1674
86 1858 1675
9 13 1676
10 85 1677
1770 1772 1678
624 1298 1679
1390 1459 1680
27 278 1681
0 302 1682
202 1709 1683
52 1194 1684
743 952 1685
76 1324 1686
1354 1380 1687
1081 1116 1688
256 261 1689
600 617 1690
274 911 1691
630 1065 1692
621 1585 1693
865 954 1694
0 485 1695
691 736 1696
43 85 1697
155 389 1698
10 1058 1699
192 373 1700
0 1083 1701
26 27 1702
367 487 1703
10 136 1704
932 933 1705
1558 1559 1706
927 1253 1707
1458 1522 1708
1605 1865 1709
132 1635 1710
1296 1514 1711
611 1808 1712
64 107 1713
99 146 1714
350 378 1715
915 1019 1716
1037 1043 1717
1004 1048 1718
1511 1539 1719
737 784 1720
303 367 1721
622 623 1722
576 897 1723
621 706 1724
1559 1751 1725
1064 1849 1726
367 873 1727
144 186 1728
302 303 1729
87 107 1730
68 175 1731
367 460 1732
746 751 1733
1078 1094 1734
126 629 1735
372 401 1736
427 531 1737
631 683 1738
14 979 1739
938 1014 1740
1523 1525 1741
1262 1287 1742
15 147 1743
126 225 1744
85 524 1745
1086 1112 1746
1692 1693 1747
10 247 1748
140 189 1749
1010 1054 1750
10 141 1751
1148 1157 1752
417 605 1753
561 575 1754
978 1061 1755
1483 1496 1756
236 237 1757
535 572 1758
290 598 1759
1232 1373 1760
342 438 1761
549 588 1762
1390 1842 1763
1513 1523 1764
43 86 1765
9 10 1766
1507 1509 1767
65 121 1768
14 1618 1769
85 116 1770
85 185 1771
550 1827 1772
896 1286 1773
1764 1823 1774
1408 1411 1775
1 35 1776
195 198 1777
86 243 1778
31 456 1779
141 1029 1780
167 1457 1781
1681 1683 1782
9 142 1783
0 303 1784
9 81 1785
906 907 1786
1036 1706 1787
162 834 1788
461 643 1789
617 1176 1790
145 150 1791
192 193 1792
149 463 1793
174 1438 1794
203 1545 1795
1028 1039 1796
307 345 1797
875 882 1798
778 880 1799
10 438 1800
896 1339 1801
9 1871 1802
1164 1280 1803
135 1303 1804
110 153 1805
187 195 1806
126 240 1807
1062 1071 1808
274 520 1809
895 938 1810
3 432 1811
1433 1450 1812
587 1813 1813
146 178 1814
587 917 1815
62 266 1816
1766 1768 1817
9 85 1818
139 272 1819
533 558 1820
109 613 1821
81 492 1822
1678 1684 1823
10 26 1824
198 211 1825
1734 1736 1826
137 191 1827
132 1098 1828
1327 1475 1829
124 1299 1830
85 447 1831
2 9 1832
10 81 1833
13 86 1834
14 148 1835
10 666 1836
1347 1405 1837
136 175 1838
127 236 1839
138 295 1840
312 1299 1841
136 199 1842
150 200 1843
383 554 1844
751 774 1845
124 125 1846
376 397 1847
705 745 1848
825 851 1849
161 167 1850
230 482 1851
461 542 1852
14 175 1853
290 1097 1854
1366 1367 1855
646 669 1856
248 253 1857
1475 1864 1858
778 781 1859
659 1702 1860
1191 1192 1861
354 364 1862
66 297 1863
1501 1506 1864
1863 1864 1865
132 274 1866
655 701 1867
45 1456 1868
523 547 1869
10 15 1870
126 241 1871
1195 1254 1872
136 842 1873
139 152 1874
320 332 1875
303 412 1876
11 137 1877
269 1036 1878
557 595 1879
8 14 1880
144 1865 1881
15 199 1882
54 284 1883
152 156 1884
31 229 1885
1365 1445 1886
11 139 1887
98 146 1888
570 660 1889
76 126 1890
9 43 1891
189 803 1892
247 1743 1893
225 1570 1894
15 91 1895
26 1668 1896
450 465 1897
15 136 1898
13 26 1899
419 420 1900
1785 1786 1901
9 27 1902
1592 1595 1903
420 484 1904
367 387 1905
269 1441 1906
81 1701 1907
660 1841 1908
10 76 1909
87 114 1910
26 85 1911
15 43 1912
278 1457 1913
531 587 1914
205 576 1915
0 893 1916
190 1711 1917
15 90 1918
293 858 1919
264 270 1920
697 699 1921
200 806 1922
15 250 1923
151 484 1924
9 26 1925
60 175 1926
126 1470 1927
528 584 1928
0 1465 1929
219 416 1930
137 1167 1931
938 1597 1932
68 189 1933
223 224 1934
225 241 1935
10 13 1936
24 86 1937
586 756 1938
65 175 1939
1077 1086 1940
927 1855 1941
362 430 1942
240 1570 1943
10 454 1944
124 582 1945
116 130 1946
397 435 1947
367 459 1948
1195 1738 1949
126 218 1950
85 454 1951
126 127 1952
302 307 1953
383 719 1954
190 1424 1955
972 1503 1956
110 312 1957
40 44 1958
109 1220 1959
0 453 1960
45 757 1961
86 463 1962
34 190 1963
463 543 1964
150 1771 1965
645 1809 1966
13 81 1967
10 252 1968
1036 1281 1969
131 191 1970
1126 1239 1971
10 532 1972
68 146 1973
109 174 1974
778 969 1975
137 266 1976
1623 1628 1977
1475 1605 1978
633 1562 1979
100 101 1980
81 1222 1981
9 87 1982
26 142 1983
136 275 1984
1289 1291 1985
566 580 1986
9 621 1987
58 1165 1988
158 159 1989
383 470 1990
0 909 1991
0 1868 1992
24 27 1993
153 319 1994
187 198 1995
3 342 1996
3 780 1997
166 183 1998
1195 1424 1999
126 1570 2000
1484 1494 2001
131 137 2002
18 19 2003
219 232 2004
168 581 2005
81 1278 2006
147 175 2007
644 666 2008
311 343 2009
593 594 2010
190 901 2011
0 35 2012
1472 1482 2013
2 63 2014
7 85 2015
338 747 2016
303 460 2017
206 979 2018
85 132 2019
313 590 2020
498 530 2021
1095 1124 2022
10 99 2023
11 438 2024
85 86 2025
303 356 2026
0 1 2027
85 125 2028
1094 1131 2029
1543 1561 2030
53 62 2031
330 341 2032
785 786 2033
5 1301 2034
290 756 2035
247 362 2036
175 305 2037
60 712 2038
80 193 2039
116 175 2040
367 402 2041
507 541 2042
1406 1443 2043
26 43 2044
81 282 2045
124 524 2046
1169 1179 2047
394 1348 2048
26 1386 2049
13 43 2050
76 140 2051
58 184 2052
110 581 2053
58 59 2054
10 158 2055
182 187 2056
88 346 2057
136 162 2058
27 1221 2059
1352 1390 2060
41 1457 2061
11 118 2062
137 139 2063
828 849 2064
1803 1805 2065
13 27 2066
355 401 2067
37 1250 2068
76 1704 2069
0 1866 2070
1651 1655 2071
10 129 2072
384 1200 2073
633 634 2074
10 712 2075
27 86 2076
182 359 2077
420 717 2078
147 426 2079
212 536 2080
290 586 2081
10 298 2082
163 199 2083
897 925 2084
86 149 2085
585 640 2086
45 595 2087
1163 1221 2088
426 542 2089
10 175 2090
15 175 2091
356 1346 2092
85 1645 2093
140 141 2094
303 873 2095
115 133 2096
67 212 2097
483 512 2098
45 330 2099
503 507 2100
30 45 2101
745 746 2102
489 503 2103
0 51 2104
146 189 2105
379 1056 2106
10 143 2107
80 492 2108
1222 1278 2109
27 70 2110
91 92 2111
460 478 2112
70 1221 2113
0 442 2114
109 445 2115
10 475 2116
86 90 2117
1492 1495 2118
211 219 2119
269 378 2120
909 1046 2121
1376 1666 2122
268 273 2123
442 489 2124
10 1867 2125
9 70 2126
126 1058 2127
85 1012 2128
1035 1078 2129
10 228 2130
85 136 2131
88 147 2132
124 512 2133
57 130 2134
43 142 2135
138 1387 2136
590 613 2137
124 573 2138
70 899 2139
136 758 2140
153 1636 2141
127 225 2142
772 905 2143
27 262 2144
934 942 2145
1622 1623 2146
426 596 2147
749 752 2148
1788 1789 2149
144 1423 2150
76 236 2151
24 43 2152
70 114 2153
174 258 2154
175 452 2155
110 168 2156
275 670 2157
1390 1458 2158
554 665 2159
41 42 2160
15 58 2161
132 393 2162
5 401 2163
275 596 2164
85 755 2165
1224 1333 2166
84 85 2167
141 151 2168
85 979 2169
357 505 2170
85 91 2171
0 5 2172
1061 1069 2173
5 200 2174
342 756 2175
81 867 2176
1539 1560 2177
302 883 2178
80 278 2179
899 1221 2180
383 1276 2181
302 930 2182
1059 1320 2183
717 768 2184
136 1626 2185
743 781 2186
15 189 2187
512 582 2188
635 712 2189
90 149 2190
34 37 2191
1333 1410 2192
1413 1440 2193
290 1743 2194
85 278 2195
1504 1520 2196
483 582 2197
138 863 2198
66 145 2199
10 1229 2200
595 1050 2201
99 666 2202
379 380 2203
175 288 2204
378 927 2205
68 130 2206
11 470 2207
907 1163 2208
378 392 2209
621 799 2210
1050 1051 2211
85 604 2212
778 782 2213
63 87 2214
85 573 2215
110 1461 2216
10 86 2217
313 1750 2218
20 24 2219
43 144 2220
1484 1598 2221
1605 1762 2222
153 274 2223
90 404 2224
1066 1222 2225
356 771 2226
18 30 2227
117 132 2228
132 1438 2229
85 109 2230
27 1498 2231
27 43 2232
221 269 2233
310 314 2234
13 1760 2235
757 1051 2236
137 1195 2237
10 120 2238
240 241 2239
0 384 2240
10 130 2241
116 146 2242
1400 1404 2243
581 1231 2244
567 682 2245
10 692 2246
924 968 2247
85 134 2248
310 313 2249
11 411 2250
927 1036 2251
163 601 2252
201 207 2253
1687 1695 2254
512 573 2255
9 1498 2256
199 596 2257
1478 1484 2258
80 685 2259
185 1671 2260
10 1132 2261
1670 1679 2262
379 772 2263
125 134 2264
133 146 2265
378 574 2266
110 1231 2267
187 226 2268
88 768 2269
1333 1837 2270
86 1844 2271
430 441 2272
60 147 2273
10 255 2274
338 401 2275
460 726 2276
136 1707 2277
86 985 2278
13 24 2279
57 206 2280
247 290 2281
401 563 2282
356 770 2283
356 982 2284
153 174 2285
302 893 2286
265 838 2287
1280 1303 2288
101 228 2289
524 573 2290
116 189 2291
27 621 2292
26 1320 2293
31 32 2294
161 278 2295
524 582 2296
473 1011 2297
76 127 2298
147 596 2299
778 1476 2300
109 168 2301
65 147 2302
275 500 2303
139 1824 2304
81 273 2305
146 175 2306
61 479 2307
1275 1282 2308
338 465 2309
13 17 2310
383 970 2311
1784 1785 2312
110 144 2313
39 45 2314
163 251 2315
124 222 2316
401 460 2317
0 367 2318
312 657 2319
1131 1193 2320
303 338 2321
163 1627 2322
126 277 2323
63 621 2324
290 354 2325
200 378 2326
2 3 2327
460 529 2328
81 610 2329
185 1473 2330
2 191 2331
162 1691 2332
130 146 2333
352 373 2334
137 260 2335
881 895 2336
158 390 2337
621 973 2338
907 980 2339
163 1872 2340
185 1635 2341
86 1853 2342
174 310 2343
129 145 2344
174 445 2345
45 61 2346
60 635 2347
190 1571 2348
384 1834 2349
142 278 2350
136 426 2351
630 682 2352
116 979 2353
66 334 2354
136 196 2355
356 1367 2356
10 245 2357
99 115 2358
11 191 2359
136 1573 2360
13 20 2361
1731 1733 2362
185 314 2363
153 185 2364
367 529 2365
275 276 2366
86 843 2367
86 190 2368
153 975 2369
85 707 2370
26 41 2371
15 151 2372
109 257 2373
392 574 2374
907 1221 2375
7 136 2376
1191 1663 2377
18 757 2378
899 980 2379
135 1231 2380
110 135 2381
13 255 2382
185 310 2383
269 392 2384
120 146 2385
254 290 2386
3 475 2387
401 1087 2388
98 99 2389
0 186 2390
403 404 2391
61 1456 2392
85 90 2393
175 306 2394
14 136 2395
147 199 2396
109 1749 2397
81 123 2398
587 1809 2399
144 1605 2400
26 234 2401
450 451 2402
80 81 2403
367 1517 2404
101 120 2405
133 178 2406
67 269 2407
85 1231 2408
15 130 2409
109 1375 2410
542 1773 2411
10 244 2412
85 403 2413
88 1425 2414
43 70 2415
210 215 2416
275 1861 2417
85 511 2418
132 520 2419
101 414 2420
379 498 2421
10 977 2422
0 244 2423
14 955 2424
568 1370 2425
138 142 2426
61 189 2427
356 357 2428
185 1299 2429
147 215 2430
27 114 2431
147 712 2432
185 278 2433
27 444 2434
91 403 2435
110 413 2436
185 1626 2437
43 806 2438
356 1689 2439
109 581 2440
24 85 2441
62 118 2442
57 632 2443
85 332 2444
269 1059 2445
86 1712 2446
136 596 2447
45 189 2448
174 185 2449
223 682 2450
15 61 2451
269 867 2452
247 254 2453
0 896 2454
136 1562 2455
147 692 2456
303 1517 2457
76 151 2458
682 806 2459
109 313 2460
745 751 2461
10 123 2462
27 1599 2463
15 196 2464
371 384 2465
147 196 2466
13 1166 2467
132 314 2468
26 167 2469
88 215 2470
193 212 2471
132 1158 2472
91 147 2473
174 314 2474
505 1377 2475
7 8 2476
27 1193 2477
130 136 2478
110 511 2479
505 896 2480
383 494 2481
27 899 2482
26 223 2483
110 193 2484
68 116 2485
76 141 2486
120 143 2487
120 129 2488
255 373 2489
43 1871 2490
91 1016 2491
175 635 2492
3 532 2493
199 1691 2494
141 189 2495
269 610 2496
42 142 2497
356 909 2498
81 138 2499
185 524 2500
15 141 2501
135 144 2502
1495 1501 2503
80 273 2504
9 471 2505
116 136 2506
129 433 2507
269 630 2508
109 258 2509
65 1425 2510
10 61 2511
378 763 2512
10 151 2513
13 452 2514
163 426 2515
138 1320 2516
190 1250 2517
129 1439 2518
129 143 2519
13 306 2520
76 363 2521
98 143 2522
88 91 2523
7 14 2524
153 310 2525
109 185 2526
244 245 2527
27 190 2528
45 76 2529
66 120 2530
438 532 2531
27 678 2532
10 390 2533
356 1537 2534
190 1856 2535
9 114 2536
196 197 2537
143 297 2538
43 255 2539
438 475 2540
15 243 2541
43 262 2542
98 666 2543
26 471 2544
163 1709 2545
60 88 2546
15 149 2547
43 190 2548
43 471 2549
67 129 2550
379 682 2551
14 332 2552
43 1498 2553
144 1705 2554
27 167 2555
27 907 2556
91 149 2557
351 373 2558
138 352 2559
43 114 2560
207 215 2561
27 352 2562
86 543 2563
153 314 2564
85 806 2565
91 1029 2566
109 209 2567
15 275 2568
109 1129 2569
144 1497 2570
269 1351 2571
109 144 2572
66 245 2573
255 1320 2574
27 42 2575
240 298 2576
610 1820 2577
81 352 2578
142 223 2579
109 1231 2580
144 1231 2581
138 223 2582
66 67 2583
120 133 2584
91 1704 2585
15 337 2586
26 806 2587
610 1672 2588
15 87 2589
80 109 2590
43 1059 2591
37 43 2592
129 212 2593
98 120 2594
15 88 2595
85 512 2596
66 143 2597
15 128 2598
147 1425 2599
15 65 2600
223 806 2601
225 298 2602
185 1707 2603
129 255 2604
15 63 2605
85 394 2606
61 76 2607
147 151 2608
124 1231 2609
610 1099 2610
610 1056 2611
207 210 2612
630 806 2613
185 222 2614
66 244 2615
26 278 2616
1231 1423 2617
33 34 2618
15 426 2619
101 143 2620
33 1250 2621
244 334 2622
123 129 2623
144 244 2624
27 1320 2625
196 1587 2626
15 1828 2627
255 352 2628
174 222 2629
129 373 2630
133 143 2631
196 435 2632
15 596 2633
806 1351 2634
129 352 2635
136 1691 2636
196 1873 2637
43 1705 2638
33 43 2639
185 582 2640
43 1497 2641
15 712 2642
610 806 2643
196 207 2644
15 1029 2645
610 1351 2646
1423 1870 2647
15 1425 2648
15 1497 2649
143 244 2650
123 352 2651
27 33 2652
15 1705 2653
196 215 2654
610 682 2655
185 394 2656
1423 1497 2657
1423 1705 2658
