10 11 1
2 10 2
1216 1238 3
10 85 4
10 98 5
37 1250 6
1076 1090 7
1636 1671 8
10 66 9
558 598 10
615 650 11
988 989 12
9 13 13
1072 1076 14
130 175 15
565 692 16
94 97 17
563 605 18
1082 1093 19
13 86 20
1366 1368 21
1804 1815 22
3 10 23
524 573 24
1121 1624 25
1831 1836 26
13 43 27
1116 1158 28
1341 1359 29
1321 1370 30
167 1457 31
1292 1311 32
889 949 33
1311 1334 34
342 756 35
1720 1721 36
136 175 37
1423 1497 38
13 26 39
989 990 40
1185 1216 41
276 288 42
1027 1049 43
1201 1242 44
10 101 45
1508 1537 46
1585 1690 47
96 105 48
1437 1445 49
1069 1074 50
755 979 51
650 654 52
1074 1082 53
1711 1712 54
991 996 55
1819 1825 56
426 596 57
1060 1084 58
1868 1870 59
1612 1613 60
1619 1624 61
1366 1689 62
1038 1099 63
1813 1818 64
1020 1251 65
1765 1767 66
10 129 67
627 678 68
1277 1322 69
1443 1461 70
588 602 71
700 759 72
1715 1716 73
81 273 74
779 788 75
103 105 76
742 776 77
1827 1835 78
13 24 79
81 1222 80
10 14 81
418 546 82
1579 1584 83
104 111 84
1423 1705 85
852 877 86
1434 1437 87
906 907 88
1141 1166 89
1110 1111 90
1016 1856 91
1361 1708 92
602 615 93
1736 1739 94
1525 1526 95
1138 1859 96
732 750 97
739 1106 98
216 229 99
1155 1165 100
43 86 101
81 1278 102
10 141 103
10 438 104
323 329 105
15 86 106
1274 1315 107
1571 1599 108
1003 1006 109
70 114 110
136 199 111
82 119 112
1805 1807 113
9 24 114
65 175 115
247 290 116
1075 1109 117
1309 1318 118
342 438 119
59 103 120
708 808 121
906 980 122
318 1843 123
9 86 124
590 613 125
10 15 126
951 952 127
1792 1804 128
1351 1672 129
499 500 130
464 478 131
612 643 132
82 720 133
1381 1420 134
1549 1553 135
630 1442 136
215 220 137
944 1017 138
1514 1527 139
1084 1115 140
727 861 141
1100 1110 142
10 120 143
774 852 144
1719 1720 145
1863 1864 146
10 81 147
274 832 148
754 837 149
99 133 150
976 1847 151
99 115 152
81 610 153
5 200 154
599 767 155
963 965 156
1143 1185 157
1584 1590 158
956 963 159
81 492 160
823 829 161
1334 1335 162
537 548 163
903 916 164
790 835 165
1120 1832 166
10 146 167
208 1127 168
281 283 169
390 628 170
551 1470 171
777 800 172
679 701 173
699 732 174
81 123 175
1162 1223 176
1518 1857 177
1776 1777 178
192 351 179
120 133 180
1017 1029 181
1589 1593 182
725 742 183
925 955 184
2 86 185
261 710 186
363 1096 187
907 1163 188
1536 1538 189
98 99 190
1020 1060 191
1120 1212 192
1408 1411 193
1430 1434 194
818 859 195
9 26 196
123 129 197
116 136 198
800 810 199
1163 1221 200
1272 1285 201
1486 1488 202
1339 1346 203
1374 1396 204
1601 1625 205
1054 1129 206
255 352 207
98 120 208
1157 1169 209
1247 1252 210
1137 1593 211
1602 1612 212
525 1812 213
147 199 214
1308 1313 215
458 1639 216
77 78 217
322 644 218
66 120 219
879 880 220
484 1142 221
200 350 222
543 1130 223
10 100 224
1823 1824 225
1080 1096 226
29 75 227
1845 1848 228
47 48 229
1727 1740 230
1271 1273 231
954 1040 232
1415 1822 233
8 14 234
1447 1464 235
680 1269 236
303 338 237
888 913 238
382 690 239
88 91 240
1264 1286 241
892 894 242
1047 1062 243
380 552 244
642 648 245
664 694 246
899 980 247
351 373 248
1098 1348 249
24 86 250
136 147 251
512 582 252
736 834 253
682 806 254
787 823 255
761 793 256
1293 1294 257
68 116 258
1108 1325 259
1480 1481 260
910 1858 261
10 76 262
847 853 263
68 175 264
26 1320 265
1477 1517 266
2 63 267
1773 1796 268
1196 1251 269
515 597 270
893 1083 271
648 652 272
1109 1122 273
942 956 274
1686 1690 275
876 1860 276
1560 1600 277
1542 1548 278
70 899 279
964 999 280
1517 1761 281
1197 1206 282
650 1309 283
1766 1768 284
80 209 285
516 560 286
937 940 287
676 709 288
10 136 289
524 582 290
934 942 291
877 888 292
1363 1368 293
122 128 294
630 682 295
1104 1147 296
1000 1724 297
411 432 298
109 581 299
1107 1722 300
637 710 301
776 777 302
1093 1117 303
1491 1493 304
560 581 305
205 1330 306
986 1721 307
580 593 308
669 689 309
83 96 310
1024 1025 311
249 838 312
901 1016 313
841 848 314
1850 1855 315
1037 1043 316
1253 1281 317
1354 1380 318
310 314 319
27 899 320
240 1570 321
1586 1661 322
120 129 323
1392 1408 324
603 651 325
1754 1755 326
910 985 327
592 601 328
412 674 329
1088 1205 330
1236 1264 331
1567 1576 332
309 321 333
1820 1833 334
784 787 335
1733 1734 336
279 289 337
1133 1153 338
423 1830 339
270 321 340
34 37 341
5 401 342
811 815 343
270 414 344
997 998 345
1452 1463 346
1090 1100 347
639 647 348
1763 1775 349
1306 1851 350
1111 1133 351
1448 1452 352
340 1839 353
656 700 354
1862 1863 355
759 819 356
1427 1430 357
384 1838 358
1423 1870 359
1695 1698 360
829 850 361
1156 1172 362
1306 1352 363
525 1806 364
1403 1416 365
1699 1700 366
1105 1225 367
598 756 368
635 712 369
136 275 370
1532 1536 371
10 99 372
617 715 373
73 77 374
1262 1287 375
1279 1302 376
1252 1261 377
1312 1314 378
1654 1657 379
1730 1731 380
269 1059 381
1177 1181 382
88 1425 383
136 189 384
439 488 385
1232 1842 386
1325 1398 387
1301 1586 388
1234 1265 389
1305 1378 390
531 890 391
936 1180 392
1838 1839 393
788 809 394
85 110 395
1814 1816 396
35 466 397
1753 1754 398
172 173 399
1734 1736 400
10 147 401
1287 1292 402
1501 1506 403
770 918 404
1389 1454 405
83 119 406
95 102 407
804 807 408
1590 1594 409
273 282 410
577 578 411
457 458 412
721 741 413
1630 1644 414
584 606 415
166 1644 416
1031 1136 417
347 360 418
589 630 419
369 930 420
9 10 421
13 17 422
1768 1769 423
832 911 424
5 338 425
625 656 426
1481 1485 427
1657 1659 428
153 314 429
1495 1501 430
1500 1544 431
1667 1680 432
81 282 433
929 1053 434
10 43 435
602 1318 436
1261 1262 437
1632 1640 438
1640 1643 439
681 790 440
115 133 441
1298 1321 442
1714 1715 443
459 465 444
1459 1502 445
696 719 446
82 83 447
2 139 448
1206 1207 449
1540 1542 450
1444 1489 451
440 1830 452
1479 1490 453
720 762 454
634 676 455
58 184 456
134 447 457
1507 1509 458
367 1761 459
807 811 460
8 148 461
290 586 462
356 982 463
159 165 464
109 168 465
1136 1198 466
143 297 467
564 692 468
1665 1666 469
3 11 470
102 106 471
267 834 472
417 460 473
85 755 474
1183 1190 475
707 708 476
93 94 477
743 952 478
10 245 479
1393 1401 480
81 1701 481
1607 1616 482
245 334 483
1284 1306 484
1356 1364 485
1000 1732 486
948 957 487
1388 1389 488
657 713 489
338 490 490
597 614 491
998 1001 492
1347 1822 493
1785 1786 494
181 328 495
1200 1716 496
200 806 497
697 699 498
1149 1150 499
1340 1766 500
490 667 501
775 836 502
940 951 503
332 1407 504
562 589 505
1021 1026 506
370 1817 507
0 302 508
85 573 509
652 718 510
1742 1744 511
457 1639 512
26 43 513
1505 1515 514
1467 1487 515
1565 1566 516
695 783 517
1629 1637 518
753 773 519
1049 1072 520
983 1002 521
269 1351 522
826 828 523
85 124 524
1052 1106 525
1464 1477 526
1458 1825 527
1747 1748 528
1718 1719 529
916 935 530
730 801 531
1192 1202 532
1511 1539 533
1097 1847 534
626 715 535
1521 1831 536
27 86 537
80 492 538
1064 1132 539
493 548 540
511 604 541
636 637 542
10 61 543
1614 1620 544
81 255 545
673 1238 546
760 926 547
1755 1756 548
355 372 549
43 81 550
1039 1718 551
555 1030 552
1499 1802 553
1609 1610 554
594 603 555
1631 1632 556
928 975 557
1606 1633 558
484 1829 559
239 248 560
175 454 561
10 68 562
139 260 563
10 390 564
1235 1243 565
494 665 566
1770 1772 567
1533 1535 568
684 685 569
1023 1055 570
318 326 571
458 536 572
1018 1021 573
46 47 574
391 408 575
1218 1241 576
1244 1263 577
205 206 578
1662 1664 579
726 738 580
694 705 581
1207 1208 582
739 792 583
13 255 584
367 1517 585
1474 1480 586
1345 1353 587
1725 1727 588
315 316 589
743 781 590
1057 1081 591
1225 1248 592
255 1320 593
14 85 594
238 848 595
1799 1806 596
44 46 597
610 1351 598
1249 1290 599
1569 1574 600
383 970 601
1401 1409 602
1358 1360 603
1010 1387 604
13 1760 605
1402 1414 606
1059 1661 607
1176 1304 608
113 122 609
872 879 610
1650 1653 611
319 323 612
1220 1277 613
132 1438 614
1435 1802 615
369 767 616
1713 1714 617
1729 1730 618
668 672 619
10 27 620
872 894 621
469 1336 622
278 1457 623
1380 1392 624
1006 1022 625
367 873 626
369 1765 627
367 481 628
1372 1395 629
1518 1519 630
365 366 631
752 1180 632
1583 1589 633
1449 1465 634
1344 1378 635
999 1020 636
1551 1552 637
641 1488 638
338 667 639
1369 1379 640
655 679 641
1576 1581 642
935 964 643
980 1163 644
1485 1486 645
15 147 646
258 734 647
1382 1393 648
1554 1558 649
60 538 650
423 1834 651
446 538 652
647 653 653
1489 1551 654
265 838 655
990 991 656
849 856 657
317 318 658
1243 1256 659
1189 1197 660
472 495 661
1436 1448 662
709 727 663
1144 1149 664
1568 1569 665
2 11 666
798 844 667
1453 1466 668
1172 1173 669
939 959 670
254 342 671
907 980 672
913 934 673
78 79 674
1677 1678 675
6 16 676
1522 1534 677
81 433 678
1316 1319 679
1009 1057 680
1528 1745 681
9 85 682
750 779 683
946 976 684
521 522 685
1089 1092 686
1509 1510 687
467 486 688
1046 1077 689
10 116 690
3 342 691
406 407 692
533 558 693
620 622 694
808 910 695
1045 1047 696
1313 1316 697
633 714 698
768 944 699
80 278 700
908 923 701
1680 1686 702
1154 1183 703
1683 1685 704
677 698 705
809 818 706
1239 1602 707
905 1038 708
769 803 709
630 1065 710
1314 1329 711
1746 1747 712
1070 1242 713
905 1833 714
1466 1472 715
209 1375 716
36 38 717
822 824 718
1726 1728 719
156 839 720
1124 1155 721
124 524 722
212 536 723
289 296 724
285 299 725
630 867 726
803 1763 727
393 517 728
1337 1343 729
1005 1015 730
995 1724 731
15 175 732
1328 1426 733
1384 1403 734
1350 1601 735
123 352 736
25 36 737
475 502 738
1217 1234 739
619 620 740
386 418 741
1538 1540 742
556 557 743
819 860 744
352 373 745
866 950 746
1002 1009 747
70 831 748
1004 1048 749
870 874 750
579 631 751
1209 1217 752
175 306 753
1637 1642 754
1366 1367 755
1762 1864 756
10 86 757
1053 1102 758
40 44 759
60 446 760
713 721 761
932 933 762
142 278 763
962 967 764
1608 1609 765
1066 1676 766
828 849 767
10 45 768
169 170 769
1556 1557 770
175 452 771
28 29 772
1710 1713 773
1199 1210 774
785 1726 775
193 212 776
1073 1085 777
68 130 778
340 353 779
772 1841 780
10 143 781
1391 1394 782
115 146 783
301 311 784
1647 1649 785
199 596 786
344 387 787
724 833 788
1504 1778 789
550 567 790
514 553 791
961 962 792
950 1064 793
428 429 794
575 585 795
680 681 796
1610 1614 797
91 149 798
1379 1383 799
192 373 800
51 466 801
1548 1554 802
1114 1118 803
72 73 804
175 288 805
490 1087 806
1772 1774 807
1134 1137 808
257 263 809
805 812 810
1752 1753 811
512 573 812
1214 1226 813
76 126 814
1204 1249 815
1070 1293 816
1703 1740 817
1587 1778 818
85 109 819
0 144 820
1117 1148 821
0 367 822
327 335 823
1102 1161 824
1547 1555 825
1103 1104 826
1263 1274 827
1200 1717 828
528 584 829
711 739 830
120 146 831
14 148 832
510 537 833
722 1840 834
396 409 835
10 13 836
110 144 837
1643 1647 838
882 919 839
683 729 840
1246 1247 841
641 1315 842
748 749 843
915 949 844
1794 1797 845
413 511 846
630 806 847
138 1320 848
884 1414 849
1211 1215 850
812 816 851
1115 1128 852
424 437 853
1070 1073 854
907 1221 855
536 552 856
814 822 857
778 880 858
1521 1815 859
449 539 860
1051 1627 861
180 181 862
1638 1650 863
341 945 864
1008 1097 865
722 740 866
1173 1177 867
1320 1487 868
416 1063 869
1782 1783 870
2 3 871
1596 1597 872
622 623 873
296 301 874
15 275 875
136 596 876
957 960 877
1784 1785 878
481 487 879
269 610 880
607 1350 881
1572 1606 882
271 279 883
127 225 884
544 618 885
864 865 886
569 655 887
1365 1369 888
1656 1669 889
900 1846 890
723 731 891
432 438 892
1169 1179 893
9 81 894
1786 1787 895
58 1165 896
531 783 897
302 481 898
491 562 899
1198 1255 900
308 387 901
1033 1120 902
845 924 903
312 1299 904
10 255 905
427 531 906
572 592 907
231 1668 908
1749 1750 909
1400 1404 910
909 918 911
293 1645 912
14 979 913
1077 1086 914
1015 1018 915
921 983 916
418 1228 917
856 908 918
436 472 919
367 529 920
462 1808 921
1138 1139 922
377 390 923
729 768 924
50 783 925
1664 1665 926
651 664 927
1179 1186 928
1406 1443 929
305 758 930
1297 1308 931
434 482 932
1257 1258 933
1260 1266 934
1797 1798 935
1219 1851 936
299 525 937
1543 1561 938
1515 1524 939
666 686 940
886 891 941
1592 1745 942
743 744 943
55 1336 944
1648 1652 945
388 400 946
509 555 947
1510 1512 948
501 1844 949
398 1147 950
586 756 951
578 609 952
1151 1156 953
1544 1603 954
109 174 955
388 418 956
746 774 957
937 1118 958
878 886 959
15 136 960
1071 1075 961
1499 1516 962
353 371 963
960 961 964
1140 1152 965
168 581 966
192 300 967
13 452 968
1575 1577 969
8 1618 970
685 754 971
218 551 972
567 682 973
85 91 974
815 820 975
764 866 976
1131 1826 977
982 988 978
1419 1553 979
1011 1846 980
90 404 981
51 69 982
310 329 983
764 1854 984
80 273 985
382 383 986
653 716 987
1362 1364 988
240 241 989
968 1042 990
441 467 991
1811 1814 992
440 466 993
704 728 994
1482 1491 995
303 367 996
778 782 997
1101 1116 998
1633 1667 999
1582 1583 1000
542 796 1001
1790 1791 1002
187 226 1003
850 854 1004
116 189 1005
1791 1793 1006
13 27 1007
290 1097 1008
1239 1305 1009
1421 1428 1010
85 604 1011
1055 1080 1012
1429 1435 1013
1078 1826 1014
235 304 1015
85 971 1016
1520 1587 1017
1574 1575 1018
269 867 1019
1085 1121 1020
193 300 1021
626 627 1022
691 736 1023
147 596 1024
734 902 1025
1455 1483 1026
15 199 1027
1338 1340 1028
1395 1413 1029
1365 1445 1030
1577 1582 1031
15 130 1032
1335 1342 1033
294 320 1034
139 1422 1035
1385 1391 1036
331 1033 1037
1512 1513 1038
408 422 1039
416 1203 1040
224 231 1041
919 931 1042
1440 1467 1043
863 1010 1044
85 1473 1045
10 1229 1046
1682 1703 1047
161 167 1048
336 348 1049
448 449 1050
859 903 1051
192 212 1052
896 1286 1053
415 1063 1054
1646 1648 1055
786 805 1056
210 215 1057
157 164 1058
219 1203 1059
659 831 1060
1513 1523 1061
1564 1565 1062
773 778 1063
1419 1444 1064
278 707 1065
110 153 1066
0 303 1067
293 858 1068
583 611 1069
1091 1526 1070
451 738 1071
931 941 1072
449 1013 1073
1653 1654 1074
367 387 1075
503 1420 1076
902 1079 1077
868 883 1078
1187 1204 1079
1450 1462 1080
80 81 1081
534 1767 1082
608 1860 1083
338 401 1084
1492 1495 1085
1300 1374 1086
188 194 1087
1160 1178 1088
899 1221 1089
1222 1278 1090
549 1708 1091
109 209 1092
791 858 1093
81 352 1094
1476 1479 1095
356 1692 1096
1451 1508 1097
608 1588 1098
343 347 1099
967 986 1100
986 992 1101
1248 1310 1102
1304 1347 1103
797 798 1104
675 730 1105
498 1835 1106
1435 1446 1107
915 1004 1108
358 374 1109
532 559 1110
1081 1116 1111
1717 1723 1112
610 1672 1113
199 426 1114
92 95 1115
14 136 1116
348 358 1117
381 396 1118
718 725 1119
1215 1218 1120
966 1228 1121
645 674 1122
731 764 1123
50 695 1124
303 356 1125
984 987 1126
1270 1663 1127
129 138 1128
238 239 1129
1674 1677 1130
137 191 1131
855 870 1132
1241 1244 1133
31 68 1134
1595 1598 1135
255 373 1136
936 937 1137
600 1030 1138
1175 1232 1139
778 781 1140
409 421 1141
1410 1432 1142
386 546 1143
1810 1811 1144
827 889 1145
146 178 1146
1081 1101 1147
250 1828 1148
325 327 1149
693 702 1150
1432 1460 1151
593 594 1152
166 171 1153
333 340 1154
91 403 1155
1783 1784 1156
1502 1521 1157
10 158 1158
1112 1236 1159
1064 1849 1160
438 475 1161
617 1176 1162
367 460 1163
290 1743 1164
109 1231 1165
1460 1500 1166
253 256 1167
10 454 1168
690 696 1169
860 946 1170
81 867 1171
171 176 1172
11 191 1173
714 769 1174
820 821 1175
857 881 1176
1255 1330 1177
1404 1427 1178
610 682 1179
793 887 1180
522 523 1181
505 1377 1182
1849 1854 1183
816 853 1184
996 997 1185
879 914 1186
179 869 1187
1065 1442 1188
1123 1140 1189
517 561 1190
1692 1693 1191
1735 1737 1192
453 485 1193
356 1346 1194
1494 1505 1195
80 837 1196
90 149 1197
1496 1511 1198
1771 1792 1199
1652 1656 1200
443 516 1201
1471 1478 1202
1756 1757 1203
1273 1275 1204
110 581 1205
261 285 1206
871 872 1207
917 966 1208
68 189 1209
1659 1660 1210
885 893 1211
345 361 1212
1780 1781 1213
146 175 1214
129 352 1215
361 370 1216
85 447 1217
1758 1759 1218
370 439 1219
316 325 1220
7 687 1221
10 559 1222
1164 1280 1223
335 336 1224
232 233 1225
356 896 1226
195 198 1227
1128 1143 1228
641 642 1229
654 673 1230
1188 1199 1231
133 143 1232
1095 1124 1233
60 712 1234
278 1302 1235
346 1869 1236
333 1843 1237
1642 1646 1238
164 389 1239
10 475 1240
376 397 1241
438 780 1242
18 30 1243
470 970 1244
230 251 1245
82 548 1246
379 772 1247
131 191 1248
1032 1164 1249
564 565 1250
486 506 1251
419 479 1252
1018 1549 1253
534 1801 1254
88 220 1255
614 1276 1256
71 72 1257
430 441 1258
269 392 1259
799 973 1260
1010 1054 1261
659 1702 1262
384 1834 1263
55 469 1264
1219 1284 1265
1342 1356 1266
85 132 1267
449 1031 1268
1779 1780 1269
735 876 1270
263 268 1271
1266 1271 1272
1769 1770 1273
191 614 1274
1613 1615 1275
515 614 1276
415 869 1277
151 484 1278
302 303 1279
1171 1187 1280
1001 1027 1281
147 1425 1282
941 947 1283
1237 1240 1284
1153 1354 1285
1355 1357 1286
109 313 1287
425 440 1288
419 861 1289
1019 1088 1290
1291 1779 1291
1541 1547 1292
527 528 1293
1737 1741 1294
158 159 1295
1539 1560 1296
703 724 1297
18 19 1298
56 60 1299
1148 1157 1300
1184 1259 1301
203 1545 1302
1760 1861 1303
142 295 1304
830 846 1305
24 85 1306
553 591 1307
744 748 1308
875 882 1309
1732 1735 1310
85 116 1311
1135 1145 1312
129 433 1313
194 216 1314
124 573 1315
79 89 1316
1146 1154 1317
1319 1332 1318
462 1821 1319
7 246 1320
795 928 1321
13 81 1322
138 295 1323
865 954 1324
1361 1381 1325
1490 1492 1326
1603 1608 1327
981 993 1328
1774 1776 1329
515 1832 1330
898 899 1331
38 40 1332
138 352 1333
355 401 1334
816 871 1335
366 381 1336
452 1845 1337
156 160 1338
781 782 1339
1022 1024 1340
938 1597 1341
1684 1687 1342
1592 1746 1343
135 1406 1344
1504 1520 1345
355 460 1346
812 813 1347
483 582 1348
82 762 1349
1468 1471 1350
1256 1268 1351
1617 1630 1352
1409 1412 1353
165 166 1354
204 211 1355
332 1795 1356
269 1036 1357
633 1775 1358
291 324 1359
555 600 1360
1396 1402 1361
269 1441 1362
275 1861 1363
248 253 1364
749 752 1365
792 827 1366
1153 1201 1367
568 569 1368
840 841 1369
1043 1045 1370
778 1230 1371
581 1231 1372
118 266 1373
99 146 1374
1145 1151 1375
1205 1211 1376
163 199 1377
136 162 1378
423 425 1379
254 290 1380
100 101 1381
496 497 1382
275 596 1383
379 498 1384
794 795 1385
772 905 1386
1267 1527 1387
302 367 1388
1268 1272 1389
11 137 1390
1483 1496 1391
1327 1475 1392
225 1570 1393
2 9 1394
641 804 1395
550 1827 1396
477 579 1397
995 1000 1398
85 1307 1399
1685 1688 1400
451 464 1401
286 953 1402
1415 1429 1403
1691 1873 1404
1194 1426 1405
1275 1282 1406
206 979 1407
554 970 1408
1503 1534 1409
1751 1752 1410
419 1829 1411
1231 1423 1412
328 349 1413
383 719 1414
1210 1213 1415
85 86 1416
1230 1235 1417
1578 1579 1418
705 745 1419
858 897 1420
9 142 1421
1320 1572 1422
372 401 1423
293 294 1424
933 936 1425
419 1504 1426
85 454 1427
274 520 1428
109 1375 1429
66 334 1430
1226 1227 1431
81 138 1432
117 544 1433
74 280 1434
600 617 1435
1600 1617 1436
117 618 1437
85 278 1438
655 701 1439
1506 1507 1440
116 175 1441
1566 1568 1442
2 191 1443
291 1869 1444
265 271 1445
678 799 1446
470 1323 1447
1059 1320 1448
30 39 1449
969 984 1450
1557 1564 1451
1675 1681 1452
293 791 1453
68 146 1454
419 1142 1455
1310 1341 1456
1521 1550 1457
231 234 1458
541 549 1459
412 418 1460
624 1298 1461
513 514 1462
14 175 1463
745 746 1464
109 257 1465
153 975 1466
606 659 1467
1039 1852 1468
383 1276 1469
400 410 1470
355 465 1471
1044 1105 1472
765 766 1473
1331 1352 1474
1796 1799 1475
290 354 1476
1611 1641 1477
419 1324 1478
976 1008 1479
81 129 1480
66 297 1481
17 20 1482
1178 1188 1483
1555 1556 1484
1669 1675 1485
85 90 1486
132 520 1487
70 1221 1488
176 183 1489
799 1386 1490
618 704 1491
147 712 1492
1000 1003 1493
299 368 1494
476 477 1495
1112 1202 1496
1428 1431 1497
1227 1237 1498
65 1425 1499
1694 1696 1500
610 1056 1501
130 136 1502
689 697 1503
515 1212 1504
926 958 1505
1353 1358 1506
356 1537 1507
420 484 1508
132 153 1509
688 693 1510
785 786 1511
588 1361 1512
290 598 1513
587 645 1514
1383 1385 1515
1523 1525 1516
1329 1337 1517
175 305 1518
272 281 1519
395 483 1520
135 1231 1521
60 175 1522
1622 1623 1523
109 144 1524
701 720 1525
417 605 1526
610 1820 1527
534 599 1528
525 612 1529
85 136 1530
206 246 1531
1294 1317 1532
141 1029 1533
182 359 1534
965 978 1535
338 747 1536
884 971 1537
520 1158 1538
610 806 1539
1803 1805 1540
338 355 1541
147 426 1542
10 175 1543
1446 1499 1544
15 76 1545
268 273 1546
1592 1595 1547
813 814 1548
891 892 1549
1122 1126 1550
15 426 1551
1280 1303 1552
1034 1035 1553
139 1349 1554
311 343 1555
1703 1710 1556
60 88 1557
31 632 1558
19 30 1559
162 1709 1560
109 110 1561
356 770 1562
846 847 1563
144 244 1564
1062 1071 1565
214 217 1566
10 532 1567
1405 1415 1568
1317 1344 1569
1475 1605 1570
402 412 1571
85 979 1572
1343 1355 1573
214 362 1574
10 1058 1575
14 1618 1576
152 156 1577
501 543 1578
1552 1563 1579
21 104 1580
62 280 1581
672 691 1582
10 26 1583
320 332 1584
419 420 1585
806 1351 1586
161 278 1587
392 1706 1588
240 298 1589
1208 1209 1590
1125 1144 1591
474 493 1592
1431 1436 1593
185 314 1594
175 1141 1595
519 521 1596
507 541 1597
26 85 1598
109 445 1599
771 845 1600
631 683 1601
1296 1493 1602
88 215 1603
1475 1864 1604
136 842 1605
542 596 1606
1036 1850 1607
1798 1800 1608
1594 1596 1609
924 968 1610
1161 1184 1611
331 339 1612
1190 1270 1613
143 244 1614
129 255 1615
364 377 1616
1620 1621 1617
144 1497 1618
267 322 1619
462 583 1620
350 378 1621
740 780 1622
1598 1759 1623
887 921 1624
88 121 1625
88 147 1626
259 264 1627
112 113 1628
422 424 1629
1731 1733 1630
67 212 1631
482 535 1632
10 123 1633
18 595 1634
1152 1160 1635
786 816 1636
1561 1585 1637
124 582 1638
571 586 1639
80 109 1640
137 260 1641
1131 1193 1642
1290 1328 1643
85 125 1644
10 228 1645
621 1585 1646
385 412 1647
11 131 1648
136 979 1649
339 614 1650
554 665 1651
835 900 1652
189 796 1653
296 834 1654
1232 1373 1655
488 534 1656
11 139 1657
671 688 1658
405 423 1659
624 625 1660
356 1367 1661
461 643 1662
766 802 1663
992 994 1664
1331 1852 1665
1441 1503 1666
1658 1662 1667
139 839 1668
984 1107 1669
173 177 1670
223 806 1671
1283 1288 1672
825 830 1673
914 920 1674
65 147 1675
364 628 1676
147 175 1677
109 1220 1678
1332 1338 1679
154 155 1680
520 911 1681
611 1808 1682
43 144 1683
421 431 1684
9 87 1685
367 459 1686
1107 1114 1687
378 1706 1688
275 276 1689
1728 1729 1690
410 418 1691
101 120 1692
895 938 1693
49 50 1694
397 435 1695
947 948 1696
384 405 1697
610 1099 1698
65 121 1699
1061 1069 1700
1195 1424 1701
137 1634 1702
139 272 1703
1118 1119 1704
1580 1604 1705
22 25 1706
132 1635 1707
455 456 1708
213 429 1709
1327 1857 1710
1222 1701 1711
10 130 1712
158 390 1713
418 453 1714
927 1855 1715
502 532 1716
60 635 1717
1186 1196 1718
1170 1171 1719
921 1009 1720
915 1019 1721
200 1040 1722
1463 1468 1723
192 193 1724
290 756 1725
144 1865 1726
1360 1384 1727
945 974 1728
74 108 1729
85 707 1730
1111 1233 1731
1516 1530 1732
303 412 1733
1014 1037 1734
885 1447 1735
58 59 1736
473 474 1737
595 1050 1738
287 292 1739
1270 1377 1740
778 969 1741
473 1269 1742
60 147 1743
1042 1108 1744
1660 1673 1745
7 446 1746
673 711 1747
302 369 1748
897 925 1749
52 53 1750
374 391 1751
1681 1683 1752
5 6 1753
190 901 1754
124 512 1755
1394 1397 1756
13 20 1757
85 394 1758
230 482 1759
542 1773 1760
286 287 1761
1530 1543 1762
5 1224 1763
1723 1725 1764
304 334 1765
504 571 1766
383 494 1767
35 55 1768
585 640 1769
10 252 1770
54 284 1771
442 489 1772
568 1370 1773
1307 1573 1774
1524 1622 1775
1113 1807 1776
644 666 1777
223 682 1778
1296 1514 1779
98 146 1780
189 803 1781
977 1529 1782
76 1704 1783
383 554 1784
144 186 1785
1615 1619 1786
1649 1651 1787
43 85 1788
938 1014 1789
1327 1762 1790
493 510 1791
994 995 1792
399 443 1793
660 1841 1794
338 465 1795
1267 1533 1796
619 1616 1797
10 1867 1798
2 15 1799
354 364 1800
460 605 1801
1623 1628 1802
545 550 1803
1007 1044 1804
2 4 1805
407 452 1806
1296 1312 1807
101 143 1808
10 247 1809
249 265 1810
185 278 1811
895 1638 1812
305 670 1813
230 434 1814
974 1023 1815
1417 1421 1816
1678 1684 1817
10 692 1818
909 1046 1819
137 266 1820
66 145 1821
132 314 1822
269 630 1823
912 921 1824
1065 1066 1825
21 22 1826
621 973 1827
126 127 1828
117 132 1829
1050 1051 1830
135 144 1831
27 85 1832
881 895 1833
1484 1494 1834
1651 1655 1835
1801 1817 1836
1121 1133 1837
5 1837 1838
1126 1239 1839
1233 1246 1840
54 64 1841
137 139 1842
264 270 1843
86 243 1844
518 523 1845
13 1166 1846
1259 1300 1847
106 112 1848
146 189 1849
557 595 1850
174 258 1851
618 761 1852
1472 1482 1853
535 572 1854
817 868 1855
1800 1803 1856
1195 1254 1857
326 333 1858
591 658 1859
1741 1742 1860
1025 1028 1861
10 1132 1862
1194 1350 1863
1433 1450 1864
302 487 1865
706 1634 1866
242 249 1867
375 376 1868
896 1339 1869
922 1159 1870
162 1872 1871
958 1032 1872
55 71 1873
623 646 1874
110 1231 1875
76 1324 1876
162 480 1877
1326 1327 1878
110 168 1879
131 137 1880
153 1636 1881
530 545 1882
993 1007 1883
1357 1365 1884
384 1200 1885
183 184 1886
208 209 1887
587 616 1888
175 635 1889
9 43 1890
780 1840 1891
127 1470 1892
199 337 1893
1757 1758 1894
1591 1771 1895
80 685 1896
1078 1094 1897
379 682 1898
98 143 1899
254 586 1900
660 733 1901
174 310 1902
611 633 1903
463 1130 1904
927 1859 1905
31 229 1906
274 911 1907
1621 1629 1908
453 469 1909
629 671 1910
1213 1214 1911
1066 1222 1912
68 539 1913
1687 1695 1914
5 235 1915
109 1129 1916
21 97 1917
1397 1400 1918
88 768 1919
11 1422 1920
236 1529 1921
85 511 1922
854 857 1923
1413 1440 1924
728 761 1925
66 244 1926
1174 1175 1927
698 722 1928
305 306 1929
155 157 1930
174 445 1931
1411 1418 1932
307 361 1933
431 436 1934
1191 1192 1935
14 955 1936
638 981 1937
633 1562 1938
129 212 1939
15 88 1940
303 460 1941
993 1310 1942
164 172 1943
505 885 1944
1347 1405 1945
1787 1788 1946
198 211 1947
1113 1810 1948
110 135 1949
267 668 1950
174 1438 1951
107 170 1952
378 763 1953
10 277 1954
9 1871 1955
227 247 1956
470 1349 1957
33 1250 1958
438 532 1959
1026 1041 1960
20 23 1961
84 117 1962
61 479 1963
480 1709 1964
136 426 1965
616 645 1966
821 826 1967
116 755 1968
782 785 1969
874 878 1970
133 178 1971
367 487 1972
330 341 1973
1258 1331 1974
1371 1372 1975
437 468 1976
145 972 1977
136 1573 1978
215 291 1979
16 21 1980
10 244 1981
109 258 1982
470 1223 1983
126 1470 1984
86 87 1985
131 1625 1986
130 146 1987
473 493 1988
943 1011 1989
135 1303 1990
14 56 1991
404 463 1992
1398 1399 1993
187 198 1994
959 1005 1995
379 1056 1996
124 1299 1997
86 90 1998
15 91 1999
1781 1782 2000
26 471 2001
356 909 2002
247 1743 2003
24 43 2004
302 344 2005
5 747 2006
1048 1052 2007
43 142 2008
10 666 2009
275 670 2010
1289 1291 2011
646 1607 2012
1195 1738 2013
53 62 2014
116 146 2015
85 524 2016
357 505 2017
132 1098 2018
109 613 2019
1086 1112 2020
527 1702 2021
11 470 2022
844 862 2023
15 189 2024
120 143 2025
132 274 2026
302 308 2027
378 392 2028
751 774 2029
15 250 2030
10 298 2031
969 1091 2032
1091 1285 2033
1793 1794 2034
26 138 2035
256 261 2036
638 1359 2037
780 1162 2038
661 675 2039
217 227 2040
684 1231 2041
126 551 2042
1559 1567 2043
76 151 2044
324 346 2045
576 687 2046
162 834 2047
1478 1484 2048
1240 1245 2049
900 943 2050
733 772 2051
142 223 2052
1581 1592 2053
1503 1819 2054
356 357 2055
1134 1135 2056
211 219 2057
2 54 2058
153 310 2059
302 460 2060
570 789 2061
621 1588 2062
1673 1674 2063
67 145 2064
341 363 2065
1399 1451 2066
136 1626 2067
86 1853 2068
198 204 2069
205 576 2070
132 1158 2071
1224 1333 2072
89 93 2073
1462 1469 2074
1282 1289 2075
1362 1363 2076
108 118 2077
313 590 2078
91 147 2079
86 190 2080
269 378 2081
85 1645 2082
129 1439 2083
162 163 2084
15 196 2085
401 417 2086
463 543 2087
1628 1631 2088
1550 1580 2089
312 657 2090
5 1301 2091
66 245 2092
356 1689 2093
923 939 2094
1119 1125 2095
1412 1417 2096
237 252 2097
810 915 2098
1289 1777 2099
1344 1345 2100
3 780 2101
566 580 2102
658 760 2103
136 1562 2104
385 386 2105
85 806 2106
1591 1611 2107
26 278 2108
401 460 2109
10 712 2110
746 751 2111
887 912 2112
473 1095 2113
200 1697 2114
662 663 2115
76 141 2116
140 141 2117
1789 1790 2118
1696 1699 2119
84 85 2120
503 1449 2121
508 509 2122
483 512 2123
26 1386 2124
50 51 2125
379 380 2126
85 403 2127
308 344 2128
638 639 2129
663 677 2130
10 1866 2131
518 519 2132
136 758 2133
1559 1751 2134
1605 1762 2135
26 806 2136
1168 1279 2137
26 1668 2138
52 266 2139
1182 1189 2140
11 1323 2141
126 218 2142
150 1503 2143
110 312 2144
426 542 2145
1535 1541 2146
3 475 2147
67 269 2148
162 426 2149
801 884 2150
1036 1706 2151
197 201 2152
127 151 2153
487 817 2154
200 589 2155
1191 1663 2156
223 224 2157
110 836 2158
307 345 2159
292 331 2160
185 1635 2161
139 152 2162
802 875 2163
129 145 2164
1679 1682 2165
1333 1837 2166
15 58 2167
927 1253 2168
76 363 2169
86 149 2170
468 494 2171
752 753 2172
1376 1382 2173
568 1455 2174
824 825 2175
136 1707 2176
927 1139 2177
101 228 2178
99 666 2179
420 717 2180
1528 1531 2181
922 932 2182
1181 1182 2183
160 169 2184
11 438 2185
303 873 2186
27 1320 2187
1809 1818 2188
76 127 2189
61 189 2190
133 146 2191
203 686 2192
110 511 2193
1092 1113 2194
825 851 2195
528 659 2196
371 384 2197
1112 1146 2198
851 1739 2199
1764 1823 2200
10 151 2201
141 151 2202
11 665 2203
10 189 2204
1079 1168 2205
497 570 2206
144 1705 2207
110 193 2208
153 319 2209
31 456 2210
851 855 2211
109 185 2212
576 897 2213
181 182 2214
87 114 2215
177 188 2216
232 242 2217
244 334 2218
741 775 2219
1469 1474 2220
460 490 2221
57 632 2222
11 532 2223
126 225 2224
233 242 2225
163 1872 2226
716 737 2227
392 574 2228
1113 1123 2229
125 134 2230
27 262 2231
367 402 2232
101 414 2233
401 563 2234
9 1498 2235
219 232 2236
503 507 2237
702 723 2238
737 784 2239
141 189 2240
368 426 2241
646 669 2242
26 223 2243
1245 1260 2244
138 223 2245
547 566 2246
1655 1658 2247
15 90 2248
11 283 2249
5 111 2250
498 530 2251
1035 1078 2252
303 1517 2253
349 359 2254
2 284 2255
91 1016 2256
85 134 2257
207 215 2258
461 542 2259
1041 1070 2260
1641 1670 2261
236 264 2262
1563 1578 2263
1327 1862 2264
1484 1598 2265
339 515 2266
20 24 2267
15 43 2268
124 222 2269
132 393 2270
978 1061 2271
225 240 2272
778 1476 2273
1028 1039 2274
275 500 2275
190 1424 2276
1094 1131 2277
140 189 2278
1340 1376 2279
1333 1410 2280
13 306 2281
18 1051 2282
1605 1865 2283
23 24 2284
124 125 2285
145 150 2286
117 833 2287
26 234 2288
633 634 2289
198 267 2290
1524 1528 2291
9 70 2292
187 195 2293
57 130 2294
110 1012 2295
153 274 2296
41 161 2297
0 5 2298
80 193 2299
640 661 2300
57 206 2301
450 465 2302
63 621 2303
225 298 2304
398 399 2305
570 660 2306
0 369 2307
34 190 2308
85 1012 2309
9 63 2310
460 529 2311
1788 1789 2312
1 35 2313
1688 1697 2314
30 45 2315
15 65 2316
386 388 2317
523 547 2318
1418 1419 2319
110 413 2320
1390 1458 2321
139 1824 2322
217 247 2323
649 703 2324
45 76 2325
116 130 2326
310 313 2327
126 240 2328
1288 1296 2329
1265 1267 2330
1693 1694 2331
1416 1433 2332
403 1407 2333
63 87 2334
587 1809 2335
607 608 2336
200 1661 2337
129 143 2338
26 142 2339
757 1051 2340
609 649 2341
43 806 2342
1365 1453 2343
57 68 2344
561 575 2345
706 876 2346
182 187 2347
185 1626 2348
1295 1297 2349
3 432 2350
717 768 2351
531 587 2352
1458 1522 2353
144 1231 2354
64 107 2355
1531 1532 2356
174 314 2357
494 554 2358
61 76 2359
587 1813 2360
124 1231 2361
225 241 2362
213 214 2363
302 307 2364
138 1387 2365
15 61 2366
87 107 2367
549 588 2368
107 114 2369
394 395 2370
39 45 2371
31 32 2372
61 1456 2373
91 1704 2374
10 145 2375
1068 1089 2376
1352 1390 2377
42 142 2378
201 207 2379
155 389 2380
313 1750 2381
27 278 2382
3 4 2383
127 218 2384
66 67 2385
489 503 2386
163 426 2387
415 416 2388
972 1611 2389
1390 1836 2390
633 1051 2391
505 896 2392
356 771 2393
86 543 2394
33 34 2395
0 453 2396
1373 1390 2397
221 269 2398
660 789 2399
91 1029 2400
394 1348 2401
200 1219 2402
136 196 2403
109 1749 2404
52 62 2405
587 890 2406
244 245 2407
62 74 2408
460 478 2409
3 532 2410
302 930 2411
32 57 2412
385 645 2413
85 512 2414
32 632 2415
132 174 2416
1558 1559 2417
43 190 2418
27 352 2419
495 504 2420
110 1461 2421
0 35 2422
403 404 2423
86 463 2424
362 430 2425
52 953 2426
1067 1068 2427
26 41 2428
470 554 2429
136 1691 2430
91 92 2431
87 128 2432
11 411 2433
1604 1611 2434
18 757 2435
920 922 2436
43 1871 2437
383 470 2438
574 1036 2439
162 360 2440
118 131 2441
621 706 2442
461 462 2443
200 491 2444
645 1809 2445
7 8 2446
219 267 2447
15 141 2448
247 362 2449
247 254 2450
1267 1283 2451
587 917 2452
1167 1254 2453
11 1764 2454
463 501 2455
86 985 2456
1167 1634 2457
203 230 2458
41 1457 2459
86 843 2460
144 1605 2461
185 1707 2462
150 1771 2463
88 346 2464
219 416 2465
621 799 2466
1167 1738 2467
147 151 2468
506 533 2469
378 574 2470
403 1546 2471
247 756 2472
24 27 2473
179 180 2474
147 196 2475
149 463 2476
972 1503 2477
1503 1591 2478
126 1058 2479
236 309 2480
41 42 2481
126 629 2482
1291 1295 2483
463 1546 2484
27 907 2485
62 266 2486
0 51 2487
174 222 2488
66 143 2489
9 621 2490
401 1087 2491
137 706 2492
126 241 2493
129 373 2494
138 863 2495
27 1221 2496
1007 1310 2497
27 1498 2498
1641 1771 2499
473 1011 2500
45 757 2501
608 735 2502
67 129 2503
9 114 2504
190 1856 2505
62 118 2506
137 1195 2507
162 202 2508
85 1231 2509
185 1473 2510
1559 1748 2511
1670 1679 2512
26 167 2513
862 929 2514
85 332 2515
207 210 2516
43 262 2517
185 222 2518
166 183 2519
27 444 2520
223 1454 2521
153 174 2522
302 526 2523
199 1691 2524
11 12 2525
43 70 2526
7 85 2527
150 200 2528
11 118 2529
144 1423 2530
302 540 2531
10 977 2532
460 726 2533
45 61 2534
147 692 2535
745 751 2536
126 1570 2537
43 1705 2538
7 136 2539
9 471 2540
87 284 2541
45 189 2542
927 1036 2543
1036 1281 2544
98 666 2545
190 1250 2546
190 1711 2547
163 1627 2548
200 221 2549
52 1194 2550
86 1858 2551
403 1795 2552
302 883 2553
200 378 2554
450 451 2555
27 621 2556
43 1498 2557
27 70 2558
43 114 2559
303 529 2560
45 595 2561
163 601 2562
116 979 2563
1390 1459 2564
147 215 2565
126 277 2566
15 1828 2567
1390 1842 2568
127 236 2569
185 1299 2570
185 1671 2571
0 1 2572
638 1698 2573
202 203 2574
45 330 2575
76 236 2576
126 680 2577
27 114 2578
185 582 2579
1376 1666 2580
162 1691 2581
86 1844 2582
27 1193 2583
236 237 2584
37 43 2585
43 471 2586
0 1519 2587
302 893 2588
45 1456 2589
190 1571 2590
27 1599 2591
163 251 2592
14 332 2593
0 1083 2594
86 1712 2595
76 140 2596
196 215 2597
137 1167 2598
163 1709 2599
15 596 2600
43 1497 2601
0 1868 2602
0 384 2603
200 972 2604
126 259 2605
27 678 2606
33 43 2607
27 42 2608
15 149 2609
27 167 2610
15 87 2611
185 310 2612
138 142 2613
85 185 2614
0 893 2615
0 244 2616
0 442 2617
185 524 2618
15 337 2619
378 927 2620
0 427 2621
15 151 2622
15 63 2623
15 243 2624
0 909 2625
7 14 2626
15 1497 2627
9 27 2628
15 712 2629
0 1708 2630
26 27 2631
15 128 2632
15 1425 2633
196 1587 2634
0 904 2635
43 255 2636
0 896 2637
27 190 2638
15 1029 2639
0 186 2640
196 197 2641
0 69 2642
153 185 2643
196 207 2644
0 485 2645
196 435 2646
0 1465 2647
0 1867 2648
202 1709 2649
196 1873 2650
27 43 2651
174 185 2652
0 1866 2653
15 1705 2654
27 33 2655
132 185 2656
185 394 2657
43 1059 2658
