1088 1205 1
1019 1088 2
617 1176 3
1215 1218 4
915 1019 5
1699 1700 6
1737 1741 7
1489 1551 8
631 683 9
29 75 10
1742 1744 11
774 852 12
609 649 13
1551 1552 14
28 29 15
1184 1259 16
606 659 17
518 519 18
555 1030 19
647 653 20
519 521 21
528 659 22
1273 1275 23
776 777 24
1153 1354 25
527 528 26
292 331 27
365 366 28
521 522 29
764 1854 30
1515 1524 31
1097 1847 32
646 1607 33
528 584 34
852 877 35
659 1702 36
1260 1266 37
1167 1634 38
743 952 39
1156 1172 40
1008 1097 41
331 1033 42
525 1812 43
467 486 44
1552 1563 45
577 578 46
508 509 47
509 555 48
683 729 49
425 440 50
1094 1131 51
600 1030 52
1400 1404 53
525 1806 54
638 981 55
1232 1373 56
940 951 57
638 1698 58
1337 1343 59
639 647 60
1241 1244 61
895 1638 62
182 359 63
638 639 64
810 915 65
705 745 66
249 265 67
1175 1232 68
415 869 69
881 895 70
1107 1114 71
1105 1225 72
249 838 73
915 949 74
1044 1105 75
1070 1242 76
1703 1740 77
1373 1390 78
1390 1459 79
1419 1444 80
742 776 81
777 800 82
265 838 83
315 316 84
1388 1389 85
570 789 86
1565 1566 87
25 36 88
415 1063 89
320 332 90
1390 1842 91
828 849 92
915 1004 93
646 669 94
1070 1293 95
976 1847 96
340 353 97
47 48 98
155 389 99
1404 1427 100
440 1830 101
1034 1035 102
749 752 103
1344 1378 104
1801 1817 105
423 425 106
976 1008 107
1191 1192 108
1070 1073 109
1484 1494 110
702 723 111
659 831 112
137 1167 113
1055 1080 114
660 789 115
1756 1757 116
1258 1331 117
1472 1482 118
832 911 119
164 389 120
496 497 121
1502 1521 122
340 1839 123
449 1031 124
1395 1413 125
1462 1469 126
1827 1835 127
50 695 128
864 865 129
1161 1184 130
654 673 131
1218 1241 132
1799 1806 133
1126 1239 134
1434 1437 135
525 612 136
462 583 137
1379 1383 138
416 1063 139
1248 1310 140
1344 1345 141
1524 1622 142
131 1625 143
1418 1419 144
1205 1211 145
1028 1039 146
1122 1126 147
534 1801 148
293 294 149
1167 1254 150
844 862 151
1170 1171 152
155 157 153
797 798 154
920 922 155
219 267 156
488 534 157
716 737 158
1365 1453 159
550 1827 160
204 211 161
857 881 162
827 889 163
1363 1368 164
809 818 165
363 1096 166
1603 1608 167
286 287 168
638 1359 169
382 383 170
394 395 171
808 910 172
680 681 173
731 764 174
587 1813 175
1265 1267 176
457 1639 177
723 731 178
179 869 179
1528 1531 180
680 1269 181
993 1310 182
709 727 183
83 119 184
1555 1556 185
1494 1505 186
1682 1703 187
383 719 188
131 137 189
826 828 190
515 614 191
650 654 192
1217 1234 193
1153 1201 194
1396 1402 195
1023 1055 196
313 590 197
410 418 198
566 580 199
82 762 200
825 830 201
1458 1825 202
265 271 203
1412 1417 204
1774 1776 205
370 439 206
788 809 207
623 646 208
423 1830 209
1521 1831 210
1610 1614 211
1114 1118 212
608 735 213
1103 1104 214
498 1835 215
486 506 216
914 920 217
233 242 218
1355 1357 219
1687 1695 220
55 1336 221
554 970 222
1174 1175 223
1776 1777 224
1371 1372 225
939 959 226
1732 1735 227
854 857 228
1444 1489 229
498 530 230
735 876 231
1078 1094 232
1768 1769 233
1458 1522 234
608 1860 235
587 616 236
1041 1070 237
1523 1525 238
198 267 239
626 627 240
31 456 241
634 676 242
720 762 243
50 783 244
587 917 245
1277 1322 246
773 778 247
617 715 248
923 939 249
83 96 250
1343 1355 251
1394 1397 252
185 310 253
531 890 254
1693 1694 255
778 1230 256
1329 1337 257
1300 1374 258
73 77 259
1267 1533 260
1021 1026 261
1209 1217 262
40 44 263
615 650 264
156 160 265
518 523 266
938 1014 267
1131 1826 268
434 482 269
1109 1122 270
118 131 271
741 775 272
1289 1777 273
531 783 274
1331 1852 275
395 483 276
706 876 277
1763 1775 278
310 329 279
418 546 280
1053 1102 281
1007 1310 282
1357 1365 283
236 1529 284
1415 1429 285
999 1020 286
578 609 287
584 606 288
714 769 289
981 993 290
1469 1474 291
817 868 292
461 643 293
294 320 294
1453 1466 295
1039 1718 296
349 359 297
1211 1215 298
1541 1547 299
1374 1396 300
462 1808 301
131 191 302
694 705 303
153 174 304
743 744 305
706 1634 306
938 1597 307
812 813 308
933 936 309
602 1318 310
1185 1216 311
1014 1037 312
468 494 313
1113 1123 314
951 952 315
1548 1554 316
910 985 317
1225 1248 318
1723 1725 319
270 321 320
849 856 321
570 660 322
1039 1852 323
534 599 324
1513 1523 325
534 1767 326
1033 1120 327
1521 1815 328
137 139 329
1845 1848 330
93 94 331
1195 1424 332
575 585 333
355 460 334
1648 1652 335
36 38 336
1015 1018 337
31 229 338
636 637 339
1391 1394 340
1558 1559 341
132 153 342
503 507 343
1025 1028 344
470 1349 345
371 384 346
1275 1282 347
1080 1096 348
458 536 349
1554 1558 350
721 741 351
126 680 352
1464 1477 353
1314 1329 354
536 552 355
1650 1653 356
423 1834 357
483 582 358
494 665 359
1677 1678 360
76 236 361
1735 1737 362
657 713 363
383 1276 364
1037 1043 365
1172 1173 366
318 326 367
591 658 368
487 817 369
236 309 370
619 620 371
1082 1093 372
384 1834 373
469 1336 374
302 367 375
1267 1283 376
236 237 377
627 678 378
1341 1359 379
780 1840 380
11 137 381
126 1570 382
438 780 383
1678 1684 384
579 631 385
1207 1208 386
418 1228 387
750 779 388
619 1616 389
678 799 390
477 579 391
310 313 392
1365 1445 393
649 703 394
1521 1550 395
174 185 396
109 110 397
86 843 398
1505 1515 399
1259 1300 400
554 665 401
109 174 402
818 859 403
936 1180 404
7 14 405
161 167 406
1504 1778 407
124 125 408
1703 1710 409
1466 1472 410
76 126 411
934 942 412
1304 1347 413
801 884 414
126 1470 415
1638 1650 416
906 980 417
124 1231 418
1725 1727 419
153 185 420
977 1529 421
1510 1512 422
497 570 423
877 888 424
541 549 425
18 757 426
1566 1568 427
110 153 428
1535 1541 429
1149 1150 430
1512 1513 431
713 721 432
937 940 433
1402 1414 434
153 274 435
1754 1755 436
80 109 437
1595 1598 438
379 380 439
1385 1391 440
403 1795 441
553 591 442
235 304 443
310 314 444
1065 1442 445
620 622 446
1102 1161 447
1578 1579 448
769 803 449
86 1853 450
1766 1768 451
1338 1340 452
1291 1779 453
1581 1592 454
274 832 455
405 423 456
132 174 457
1717 1723 458
1151 1156 459
1684 1687 460
52 62 461
850 854 462
137 191 463
126 551 464
1347 1405 465
152 156 466
200 589 467
660 733 468
1140 1152 469
367 460 470
1478 1484 471
126 225 472
1111 1233 473
1245 1260 474
1234 1265 475
1564 1565 476
126 240 477
1710 1713 478
1741 1742 479
1026 1041 480
86 90 481
1271 1273 482
1592 1746 483
332 1795 484
780 1162 485
1814 1816 486
676 709 487
185 278 488
506 533 489
132 1098 490
109 258 491
258 734 492
1419 1553 493
481 487 494
394 1348 495
403 1407 496
1121 1624 497
98 99 498
1201 1242 499
458 1639 500
338 401 501
76 127 502
621 799 503
673 1238 504
1563 1578 505
427 531 506
633 714 507
132 185 508
693 702 509
1736 1739 510
2 3 511
203 230 512
398 399 513
689 697 514
1152 1160 515
1113 1810 516
653 716 517
795 928 518
101 414 519
1195 1254 520
1718 1719 521
419 861 522
1176 1304 523
14 979 524
133 146 525
1232 1842 526
585 640 527
980 1163 528
803 1763 529
11 12 530
922 932 531
1696 1699 532
1755 1756 533
1405 1415 534
1608 1609 535
1354 1380 536
1660 1673 537
900 1846 538
271 279 539
328 349 540
1305 1378 541
137 266 542
417 460 543
1549 1553 544
85 124 545
887 912 546
1614 1620 547
602 615 548
269 610 549
160 169 550
1598 1759 551
216 229 552
3 10 553
1255 1330 554
530 545 555
203 686 556
725 742 557
230 434 558
1045 1047 559
885 1447 560
1547 1555 561
1266 1271 562
590 613 563
560 581 564
85 278 565
1559 1748 566
109 185 567
737 784 568
1383 1385 569
1372 1395 570
24 86 571
7 136 572
1556 1557 573
1216 1238 574
357 505 575
441 467 576
1120 1832 577
1054 1129 578
1503 1534 579
85 91 580
1810 1811 581
3 780 582
1409 1412 583
384 405 584
110 1231 585
821 826 586
1796 1799 587
108 118 588
1187 1204 589
1450 1462 590
338 747 591
1362 1363 592
1695 1698 593
67 269 594
27 678 595
1206 1207 596
1191 1663 597
115 133 598
835 900 599
1662 1664 600
816 871 601
1753 1754 602
26 27 603
14 85 604
520 911 605
1325 1398 606
86 149 607
176 183 608
140 141 609
55 469 610
1568 1569 611
1413 1440 612
1192 1202 613
748 749 614
1043 1045 615
85 454 616
8 1618 617
91 403 618
85 86 619
185 222 620
286 953 621
68 116 622
86 190 623
27 907 624
1435 1802 625
26 278 626
375 376 627
932 933 628
11 139 629
303 367 630
293 791 631
169 170 632
704 728 633
85 806 634
1035 1078 635
208 1127 636
166 171 637
263 268 638
1752 1753 639
1125 1144 640
85 185 641
303 460 642
1194 1426 643
790 835 644
14 332 645
1208 1209 646
14 175 647
14 136 648
191 614 649
1000 1732 650
9 24 651
1340 1766 652
41 161 653
11 131 654
1607 1616 655
302 303 656
99 666 657
354 364 658
502 532 659
1282 1289 660
135 1406 661
1594 1596 662
1173 1177 663
85 110 664
101 120 665
136 842 666
1673 1674 667
527 1702 668
41 1457 669
664 694 670
1134 1137 671
109 1231 672
851 1739 673
126 218 674
1293 1294 675
38 40 676
44 46 677
96 105 678
85 116 679
798 844 680
85 136 681
879 880 682
1482 1491 683
1591 1611 684
1113 1807 685
9 86 686
142 278 687
370 1817 688
26 85 689
450 451 690
1171 1187 691
403 1546 692
10 245 693
136 979 694
520 1158 695
95 102 696
120 133 697
57 68 698
1145 1151 699
10 158 700
1692 1693 701
10 66 702
10 85 703
974 1023 704
167 1457 705
1569 1574 706
1137 1593 707
85 132 708
637 710 709
62 118 710
513 514 711
537 548 712
27 190 713
1459 1502 714
85 1231 715
1528 1745 716
49 50 717
2 54 718
80 278 719
9 621 720
1244 1263 721
1440 1467 722
24 27 723
561 575 724
133 178 725
182 187 726
10 136 727
925 955 728
718 725 729
1294 1317 730
10 14 731
68 146 732
126 241 733
8 148 734
1213 1214 735
1369 1379 736
1490 1492 737
1531 1532 738
2 86 739
476 477 740
460 605 741
865 954 742
1347 1822 743
3 11 744
1005 1015 745
799 1386 746
2 9 747
10 26 748
666 686 749
45 76 750
779 788 751
2 11 752
116 175 753
162 426 754
612 643 755
27 1221 756
109 144 757
662 663 758
379 682 759
1198 1255 760
27 621 761
85 109 762
9 85 763
443 516 764
116 136 765
101 228 766
556 557 767
269 867 768
1559 1751 769
428 429 770
1249 1290 771
1542 1548 772
76 141 773
302 540 774
290 586 775
1720 1721 776
10 45 777
53 62 778
146 175 779
1204 1249 780
9 26 781
1214 1226 782
311 343 783
307 345 784
116 146 785
11 118 786
116 189 787
816 853 788
103 105 789
10 146 790
542 796 791
907 1221 792
10 11 793
840 841 794
505 1377 795
181 328 796
382 690 797
76 140 798
27 899 799
10 76 800
27 86 801
60 175 802
868 883 803
1003 1006 804
924 968 805
1771 1792 806
1296 1312 807
10 247 808
1119 1125 809
2 10 810
708 808 811
1604 1611 812
120 146 813
185 1299 814
610 806 815
1772 1774 816
10 175 817
489 503 818
302 526 819
1433 1450 820
1809 1818 821
68 175 822
786 805 823
1591 1771 824
68 189 825
669 689 826
274 911 827
661 675 828
303 356 829
130 136 830
90 149 831
110 135 832
470 1323 833
27 444 834
889 949 835
146 189 836
13 26 837
10 86 838
503 1420 839
238 239 840
1757 1758 841
1011 1846 842
608 1588 843
10 81 844
27 85 845
116 130 846
523 547 847
398 1147 848
1559 1567 849
1623 1628 850
1503 1819 851
259 264 852
18 1051 853
1401 1409 854
1474 1480 855
109 168 856
545 550 857
13 24 858
275 500 859
1477 1517 860
240 298 861
341 945 862
80 81 863
9 142 864
110 144 865
1235 1243 866
1729 1730 867
9 10 868
17 20 869
27 42 870
1787 1788 871
369 1765 872
136 199 873
690 696 874
1018 1021 875
1652 1656 876
10 116 877
1664 1665 878
239 248 879
415 416 880
230 251 881
1061 1069 882
1380 1392 883
381 396 884
517 561 885
1517 1761 886
967 986 887
859 903 888
10 13 889
62 74 890
136 175 891
793 887 892
10 27 893
571 586 894
130 175 895
532 559 896
2 284 897
622 623 898
1239 1305 899
1619 1624 900
15 91 901
682 806 902
945 974 903
728 761 904
805 812 905
1499 1802 906
10 147 907
879 914 908
1270 1377 909
13 86 910
293 1645 911
1749 1750 912
13 27 913
1267 1527 914
100 101 915
1196 1251 916
1525 1526 917
1533 1535 918
1665 1666 919
138 142 920
10 143 921
130 146 922
862 929 923
1417 1421 924
74 108 925
240 1570 926
225 240 927
316 325 928
1296 1514 929
1353 1358 930
1713 1714 931
10 129 932
136 162 933
650 1309 934
136 189 935
27 1498 936
1004 1048 937
9 13 938
31 68 939
15 86 940
43 190 941
200 806 942
406 407 943
1788 1789 944
386 388 945
1296 1493 946
944 1017 947
0 302 948
651 664 949
752 1180 950
200 972 951
1345 1353 952
43 85 953
101 143 954
699 732 955
238 848 956
43 86 957
86 87 958
57 130 959
732 750 960
26 806 961
1075 1109 962
899 1221 963
9 27 964
1000 1003 965
26 43 966
27 278 967
1651 1655 968
157 164 969
5 200 970
460 529 971
136 426 972
820 821 973
910 1858 974
81 610 975
610 682 976
618 761 977
928 975 978
1447 1464 979
703 724 980
1389 1454 981
10 68 982
2 139 983
916 935 984
580 593 985
681 790 986
13 81 987
124 582 988
921 983 989
1620 1621 990
1784 1785 991
81 129 992
673 711 993
10 1229 994
141 151 995
727 861 996
10 298 997
547 566 998
761 793 999
1382 1393 1000
248 253 1001
1342 1356 1002
188 194 1003
85 403 1004
136 147 1005
1592 1595 1006
402 412 1007
697 699 1008
855 870 1009
959 1005 1010
1694 1696 1011
621 706 1012
863 1010 1013
10 43 1014
794 795 1015
305 306 1016
98 120 1017
1032 1164 1018
800 810 1019
261 710 1020
356 896 1021
140 189 1022
10 15 1023
15 136 1024
640 661 1025
7 246 1026
1110 1111 1027
86 985 1028
1408 1411 1029
764 866 1030
345 361 1031
302 460 1032
1415 1822 1033
179 180 1034
1579 1584 1035
533 558 1036
630 1442 1037
1726 1728 1038
163 1872 1039
685 754 1040
1577 1582 1041
896 1286 1042
26 138 1043
91 147 1044
296 834 1045
446 538 1046
913 934 1047
927 1036 1048
1683 1685 1049
9 81 1050
740 780 1051
1120 1212 1052
1397 1400 1053
55 71 1054
43 144 1055
550 567 1056
1429 1435 1057
1301 1586 1058
88 91 1059
66 120 1060
1256 1268 1061
1333 1410 1062
1431 1436 1063
1092 1113 1064
1135 1145 1065
587 890 1066
739 1106 1067
515 1832 1068
43 81 1069
267 834 1070
1124 1155 1071
644 666 1072
1243 1256 1073
147 199 1074
792 827 1075
54 64 1076
946 976 1077
1086 1112 1078
175 454 1079
15 175 1080
147 175 1081
86 463 1082
62 280 1083
117 833 1084
1257 1258 1085
896 1339 1086
15 76 1087
326 333 1088
1350 1601 1089
13 43 1090
166 1644 1091
313 1750 1092
10 189 1093
1590 1594 1094
81 138 1095
180 181 1096
81 255 1097
695 783 1098
1002 1009 1099
917 966 1100
611 1808 1101
1239 1602 1102
968 1042 1103
237 252 1104
1719 1720 1105
1758 1759 1106
127 151 1107
824 825 1108
1118 1119 1109
72 73 1110
232 233 1111
866 950 1112
473 1269 1113
1479 1490 1114
927 1855 1115
663 677 1116
1112 1146 1117
61 76 1118
641 642 1119
1398 1399 1120
1390 1836 1121
507 541 1122
1067 1068 1123
1575 1577 1124
132 1158 1125
10 454 1126
1009 1057 1127
1219 1284 1128
1411 1418 1129
1764 1823 1130
15 88 1131
679 701 1132
1042 1108 1133
733 772 1134
27 43 1135
1646 1648 1136
1504 1520 1137
542 1773 1138
0 5 1139
82 83 1140
0 367 1141
856 908 1142
379 1056 1143
66 145 1144
1312 1314 1145
1734 1736 1146
1112 1202 1147
187 195 1148
199 337 1149
948 957 1150
369 930 1151
1443 1461 1152
1384 1403 1153
1320 1487 1154
888 913 1155
99 133 1156
301 311 1157
325 327 1158
390 628 1159
1376 1666 1160
847 853 1161
1681 1683 1162
396 409 1163
109 1375 1164
1410 1432 1165
1653 1654 1166
459 465 1167
1143 1185 1168
1365 1369 1169
1507 1509 1170
935 964 1171
1085 1121 1172
1104 1147 1173
460 490 1174
1574 1575 1175
1783 1784 1176
1134 1135 1177
133 143 1178
1073 1085 1179
26 471 1180
822 824 1181
927 1253 1182
0 144 1183
1727 1740 1184
898 899 1185
158 390 1186
903 916 1187
902 1079 1188
1769 1770 1189
318 1843 1190
109 1129 1191
1813 1818 1192
672 691 1193
77 78 1194
1685 1688 1195
1036 1706 1196
746 751 1197
1057 1081 1198
1167 1738 1199
1020 1251 1200
1436 1448 1201
120 129 1202
15 189 1203
1160 1178 1204
174 1438 1205
1615 1619 1206
15 43 1207
1622 1623 1208
1048 1052 1209
633 1562 1210
696 719 1211
1000 1724 1212
98 666 1213
1467 1487 1214
1360 1384 1215
254 586 1216
392 574 1217
1178 1188 1218
1674 1677 1219
147 426 1220
1177 1181 1221
1613 1615 1222
1811 1814 1223
1730 1731 1224
510 537 1225
61 1456 1226
392 1706 1227
1416 1433 1228
1020 1060 1229
1233 1246 1230
331 339 1231
461 542 1232
185 1626 1233
343 347 1234
542 596 1235
1190 1270 1236
451 738 1237
1589 1593 1238
1655 1658 1239
989 990 1240
1093 1117 1241
145 972 1242
135 1303 1243
876 1860 1244
309 321 1245
305 758 1246
78 79 1247
162 834 1248
46 47 1249
912 921 1250
607 608 1251
175 635 1252
583 611 1253
929 1053 1254
1406 1443 1255
1522 1534 1256
164 172 1257
729 768 1258
633 1051 1259
1509 1510 1260
1123 1140 1261
1679 1682 1262
1090 1100 1263
734 902 1264
323 329 1265
522 523 1266
449 539 1267
1392 1408 1268
1609 1610 1269
744 748 1270
1084 1115 1271
1804 1815 1272
905 1833 1273
908 923 1274
972 1611 1275
1222 1701 1276
20 23 1277
1582 1583 1278
633 634 1279
88 147 1280
874 878 1281
593 594 1282
1240 1245 1283
41 42 1284
1728 1729 1285
287 292 1286
1715 1716 1287
1659 1660 1288
76 151 1289
1069 1074 1290
1731 1733 1291
1514 1527 1292
1317 1344 1293
472 495 1294
655 679 1295
956 963 1296
1263 1274 1297
1714 1715 1298
7 8 1299
0 303 1300
965 978 1301
1095 1124 1302
1823 1824 1303
1060 1084 1304
71 72 1305
841 848 1306
926 958 1307
1010 1387 1308
778 782 1309
1437 1445 1310
1506 1507 1311
1641 1771 1312
730 801 1313
335 336 1314
1052 1106 1315
1849 1854 1316
13 306 1317
829 850 1318
135 144 1319
107 170 1320
1793 1794 1321
304 334 1322
1770 1772 1323
165 166 1324
1580 1604 1325
535 572 1326
219 1203 1327
194 216 1328
1785 1786 1329
963 965 1330
66 143 1331
1200 1717 1332
942 956 1333
151 484 1334
137 706 1335
400 410 1336
1222 1278 1337
1592 1745 1338
1393 1401 1339
129 138 1340
9 43 1341
70 831 1342
273 282 1343
1268 1272 1344
962 967 1345
193 300 1346
1792 1804 1347
995 1000 1348
106 112 1349
872 894 1350
1612 1613 1351
45 189 1352
379 772 1353
1366 1368 1354
1334 1335 1355
150 1771 1356
1585 1690 1357
383 554 1358
175 306 1359
1224 1333 1360
56 60 1361
626 715 1362
21 97 1363
150 200 1364
185 1671 1365
1181 1182 1366
1310 1341 1367
139 839 1368
439 488 1369
1328 1426 1370
5 235 1371
120 143 1372
399 443 1373
851 855 1374
245 334 1375
290 756 1376
1018 1549 1377
698 722 1378
990 991 1379
954 1040 1380
60 88 1381
185 1707 1382
15 196 1383
641 1488 1384
1636 1671 1385
85 512 1386
515 1212 1387
648 652 1388
98 143 1389
408 422 1390
9 1871 1391
594 603 1392
1230 1235 1393
18 19 1394
1327 1857 1395
1427 1430 1396
1332 1338 1397
129 255 1398
1309 1318 1399
156 839 1400
67 145 1401
897 925 1402
332 1407 1403
823 829 1404
80 193 1405
597 614 1406
327 335 1407
254 342 1408
322 644 1409
269 1036 1410
1435 1446 1411
70 899 1412
1773 1796 1413
1112 1236 1414
1168 1279 1415
470 1223 1416
66 244 1417
501 543 1418
1362 1364 1419
82 720 1420
1246 1247 1421
785 1726 1422
1658 1662 1423
143 244 1424
1584 1590 1425
319 323 1426
765 766 1427
814 822 1428
900 943 1429
3 532 1430
1786 1787 1431
964 999 1432
1007 1044 1433
1078 1826 1434
10 123 1435
1074 1082 1436
1076 1090 1437
1144 1149 1438
558 598 1439
272 281 1440
700 759 1441
1270 1663 1442
388 400 1443
61 479 1444
759 819 1445
870 874 1446
1290 1328 1447
413 511 1448
200 1661 1449
1492 1495 1450
1819 1825 1451
1495 1501 1452
455 456 1453
107 114 1454
1366 1689 1455
1838 1839 1456
80 209 1457
1197 1206 1458
1247 1252 1459
134 447 1460
1583 1589 1461
80 492 1462
278 707 1463
347 360 1464
1780 1781 1465
1066 1676 1466
978 1061 1467
688 693 1468
656 700 1469
819 860 1470
110 312 1471
775 836 1472
1024 1025 1473
871 872 1474
162 1872 1475
9 1498 1476
67 212 1477
177 188 1478
450 465 1479
1430 1434 1480
726 738 1481
986 1721 1482
957 960 1483
79 89 1484
960 961 1485
1781 1782 1486
562 589 1487
784 787 1488
267 668 1489
1516 1530 1490
1403 1416 1491
1600 1617 1492
172 173 1493
1295 1297 1494
1237 1240 1495
1540 1542 1496
668 672 1497
9 471 1498
257 263 1499
966 1228 1500
1779 1780 1501
660 1841 1502
1352 1390 1503
1476 1479 1504
516 560 1505
1091 1285 1506
1532 1536 1507
1062 1071 1508
1200 1716 1509
567 682 1510
1047 1062 1511
1098 1348 1512
1587 1778 1513
436 472 1514
752 753 1515
1311 1334 1516
813 814 1517
1428 1431 1518
1550 1580 1519
1831 1836 1520
1518 1857 1521
431 436 1522
753 773 1523
1022 1024 1524
675 730 1525
384 1838 1526
1791 1793 1527
1272 1285 1528
1675 1681 1529
961 962 1530
279 289 1531
1283 1288 1532
409 421 1533
256 261 1534
199 426 1535
1291 1295 1536
1381 1420 1537
1733 1734 1538
136 196 1539
9 63 1540
624 625 1541
943 1011 1542
1471 1478 1543
611 633 1544
198 204 1545
60 147 1546
1066 1222 1547
1361 1381 1548
1805 1807 1549
642 648 1550
671 688 1551
215 220 1552
739 792 1553
1601 1625 1554
192 212 1555
607 1350 1556
366 381 1557
37 1250 1558
618 704 1559
205 1330 1560
473 1095 1561
1091 1526 1562
1227 1237 1563
691 736 1564
1108 1325 1565
162 1709 1566
504 571 1567
514 553 1568
511 604 1569
927 1859 1570
338 355 1571
200 1219 1572
45 61 1573
1335 1342 1574
451 464 1575
1155 1165 1576
815 820 1577
192 373 1578
1089 1092 1579
1183 1190 1580
1446 1499 1581
253 256 1582
495 504 1583
572 592 1584
958 1032 1585
830 846 1586
884 1414 1587
303 1517 1588
995 1724 1589
82 119 1590
1557 1564 1591
603 651 1592
625 656 1593
1031 1136 1594
91 92 1595
247 290 1596
1252 1261 1597
110 168 1598
393 517 1599
139 1349 1600
81 867 1601
1576 1581 1602
10 130 1603
202 203 1604
512 582 1605
37 43 1606
89 93 1607
711 739 1608
1605 1865 1609
1782 1783 1610
70 114 1611
270 414 1612
598 756 1613
144 1231 1614
369 767 1615
0 384 1616
884 971 1617
1530 1543 1618
463 1546 1619
346 1869 1620
87 114 1621
10 61 1622
576 687 1623
1358 1360 1624
432 438 1625
420 484 1626
860 946 1627
336 348 1628
372 401 1629
1027 1049 1630
1536 1538 1631
494 554 1632
1186 1196 1633
1501 1506 1634
305 670 1635
505 885 1636
1496 1511 1637
364 628 1638
1632 1640 1639
652 718 1640
137 1195 1641
92 95 1642
173 177 1643
82 548 1644
424 437 1645
845 924 1646
422 424 1647
386 546 1648
1188 1199 1649
1226 1227 1650
503 1449 1651
1010 1054 1652
291 1869 1653
142 295 1654
1621 1629 1655
1617 1630 1656
312 657 1657
401 460 1658
893 1083 1659
787 823 1660
922 1159 1661
799 973 1662
1049 1072 1663
352 373 1664
886 891 1665
1072 1076 1666
906 907 1667
1390 1458 1668
1669 1675 1669
412 418 1670
207 210 1671
419 1142 1672
1210 1213 1673
86 1844 1674
1001 1027 1675
1071 1075 1676
771 845 1677
1261 1262 1678
1356 1364 1679
1511 1539 1680
1538 1540 1681
1068 1089 1682
1182 1189 1683
2 15 1684
1079 1168 1685
22 25 1686
464 478 1687
52 53 1688
490 667 1689
1499 1516 1690
183 184 1691
1115 1128 1692
1468 1471 1693
482 535 1694
411 432 1695
1751 1752 1696
15 147 1697
1629 1637 1698
154 155 1699
124 573 1700
1189 1197 1701
1611 1641 1702
380 552 1703
416 1203 1704
115 146 1705
162 360 1706
339 515 1707
992 994 1708
998 1001 1709
1100 1110 1710
1797 1798 1711
351 373 1712
499 500 1713
641 1315 1714
768 944 1715
592 601 1716
846 847 1717
208 209 1718
285 299 1719
1376 1382 1720
1460 1500 1721
162 480 1722
1789 1790 1723
324 346 1724
1586 1661 1725
1036 1281 1726
1451 1508 1727
684 685 1728
1654 1657 1729
364 377 1730
291 324 1731
102 106 1732
302 369 1733
1366 1367 1734
1567 1576 1735
350 378 1736
1006 1022 1737
1199 1210 1738
1448 1452 1739
88 1425 1740
1543 1561 1741
1319 1332 1742
1790 1791 1743
112 113 1744
206 979 1745
1421 1428 1746
1351 1672 1747
1059 1661 1748
141 189 1749
1820 1833 1750
9 87 1751
192 193 1752
52 1194 1753
43 806 1754
587 645 1755
1642 1646 1756
563 605 1757
110 1461 1758
348 358 1759
1503 1591 1760
772 1841 1761
200 378 1762
122 128 1763
378 927 1764
543 1130 1765
129 143 1766
641 804 1767
299 525 1768
1803 1805 1769
950 1064 1770
1297 1308 1771
1656 1669 1772
892 894 1773
1219 1851 1774
76 363 1775
437 468 1776
501 1844 1777
30 39 1778
1637 1642 1779
1148 1157 1780
1195 1738 1781
1064 1849 1782
61 189 1783
385 386 1784
1136 1198 1785
269 378 1786
85 332 1787
52 953 1788
1164 1280 1789
1630 1644 1790
355 372 1791
421 431 1792
1686 1690 1793
240 241 1794
1101 1116 1795
10 666 1796
1117 1148 1797
1284 1306 1798
1491 1493 1799
574 1036 1800
269 392 1801
724 833 1802
778 880 1803
1253 1281 1804
85 511 1805
129 1439 1806
1794 1797 1807
26 142 1808
493 510 1809
1262 1287 1810
1596 1597 1811
1649 1651 1812
190 1711 1813
878 886 1814
1038 1099 1815
1441 1503 1816
988 989 1817
317 318 1818
201 207 1819
991 996 1820
289 296 1821
677 698 1822
1306 1851 1823
189 803 1824
206 246 1825
144 1423 1826
791 858 1827
1657 1659 1828
126 127 1829
139 1422 1830
209 1375 1831
110 836 1832
460 478 1833
581 1231 1834
1138 1139 1835
213 429 1836
5 747 1837
1179 1186 1838
376 397 1839
14 955 1840
1480 1481 1841
385 645 1842
145 150 1843
281 283 1844
891 892 1845
116 979 1846
1333 1837 1847
196 435 1848
633 1775 1849
1154 1183 1850
986 992 1851
275 596 1852
11 665 1853
126 259 1854
153 319 1855
261 285 1856
524 582 1857
14 148 1858
1640 1643 1859
1670 1679 1860
983 1002 1861
127 225 1862
43 1498 1863
1518 1519 1864
110 1012 1865
1128 1143 1866
11 470 1867
1288 1296 1868
43 471 1869
420 717 1870
1520 1587 1871
59 103 1872
1561 1585 1873
5 1301 1874
302 893 1875
62 266 1876
139 260 1877
388 418 1878
14 1618 1879
99 115 1880
1131 1193 1881
1220 1277 1882
460 726 1883
473 474 1884
290 354 1885
267 322 1886
1483 1496 1887
94 97 1888
20 24 1889
67 129 1890
147 196 1891
88 220 1892
268 273 1893
470 554 1894
1081 1101 1895
568 1370 1896
438 532 1897
10 712 1898
1863 1864 1899
658 760 1900
278 1302 1901
5 401 1902
198 211 1903
757 1051 1904
531 587 1905
64 107 1906
1264 1286 1907
1680 1686 1908
132 1438 1909
21 104 1910
1602 1612 1911
110 413 1912
230 482 1913
772 905 1914
1449 1465 1915
448 449 1916
190 1424 1917
1287 1292 1918
1339 1346 1919
192 300 1920
947 948 1921
1765 1767 1922
196 197 1923
129 352 1924
146 178 1925
205 206 1926
84 117 1927
1146 1154 1928
587 1809 1929
171 176 1930
1399 1451 1931
1279 1302 1932
452 1845 1933
1050 1051 1934
5 111 1935
1274 1315 1936
621 1588 1937
224 231 1938
275 670 1939
1798 1800 1940
984 987 1941
463 1130 1942
247 756 1943
997 998 1944
109 613 1945
802 875 1946
377 390 1947
1643 1647 1948
1486 1488 1949
1077 1086 1950
1016 1856 1951
299 368 1952
43 1871 1953
0 904 1954
770 918 1955
132 274 1956
353 371 1957
462 1821 1958
1138 1859 1959
812 816 1960
302 487 1961
491 562 1962
568 1455 1963
1631 1632 1964
21 22 1965
515 597 1966
760 926 1967
1508 1537 1968
1747 1748 1969
85 134 1970
10 532 1971
1746 1747 1972
45 330 1973
70 1221 1974
811 815 1975
126 629 1976
10 475 1977
480 1709 1978
212 536 1979
139 1824 1980
66 334 1981
1641 1670 1982
905 1038 1983
290 1743 1984
1688 1697 1985
138 863 1986
407 452 1987
927 1139 1988
231 234 1989
385 412 1990
117 132 1991
569 655 1992
786 816 1993
807 811 1994
457 458 1995
684 1231 1996
1051 1627 1997
163 1709 1998
330 341 1999
303 412 2000
1162 1223 2001
367 487 2002
1711 1712 2003
379 498 2004
139 272 2005
701 720 2006
10 145 2007
804 807 2008
778 1476 2009
190 1856 2010
1452 1463 2011
153 314 2012
109 257 2013
264 270 2014
124 512 2015
104 111 2016
50 51 2017
293 858 2018
1065 1066 2019
117 544 2020
629 671 2021
391 408 2022
1107 1722 2023
645 1809 2024
473 1011 2025
754 837 2026
190 1571 2027
1667 1680 2028
419 1829 2029
367 1761 2030
86 1858 2031
195 198 2032
994 995 2033
1298 1321 2034
1326 1327 2035
778 969 2036
1321 1370 2037
197 201 2038
10 120 2039
231 1668 2040
1628 1631 2041
356 357 2042
355 401 2043
599 767 2044
1432 1460 2045
192 351 2046
136 1707 2047
1157 1169 2048
1307 1573 2049
16 21 2050
113 122 2051
493 548 2052
1133 1153 2053
1463 1468 2054
136 1626 2055
736 834 2056
339 614 2057
875 882 2058
174 445 2059
136 596 2060
1064 1132 2061
362 430 2062
149 463 2063
1647 1649 2064
85 979 2065
200 1040 2066
65 121 2067
139 152 2068
338 667 2069
901 1016 2070
135 1231 2071
766 802 2072
60 538 2073
1169 1179 2074
5 1837 2075
544 618 2076
219 416 2077
367 459 2078
367 529 2079
1292 1311 2080
1606 1633 2081
85 447 2082
621 973 2083
778 781 2084
76 1704 2085
110 193 2086
624 1298 2087
921 1009 2088
153 975 2089
26 1668 2090
10 98 2091
129 373 2092
630 867 2093
88 121 2094
610 1351 2095
887 921 2096
630 1065 2097
806 1351 2098
1633 1667 2099
27 70 2100
202 1709 2101
85 90 2102
223 224 2103
80 273 2104
430 441 2105
383 494 2106
1850 1855 2107
3 4 2108
568 569 2109
225 298 2110
136 275 2111
630 806 2112
7 687 2113
1862 1863 2114
333 340 2115
302 883 2116
213 214 2117
14 56 2118
52 266 2119
333 1843 2120
163 601 2121
367 1517 2122
358 374 2123
254 290 2124
982 988 2125
442 489 2126
296 301 2127
141 1029 2128
76 1324 2129
1500 1544 2130
34 37 2131
10 1132 2132
221 269 2133
356 1689 2134
10 101 2135
127 236 2136
1539 1560 2137
0 1708 2138
74 280 2139
200 350 2140
109 445 2141
907 980 2142
303 529 2143
84 85 2144
10 99 2145
200 1697 2146
383 970 2147
166 183 2148
1236 1264 2149
143 297 2150
475 502 2151
1316 1319 2152
211 219 2153
187 226 2154
1455 1483 2155
32 57 2156
367 387 2157
1308 1313 2158
6 16 2159
1017 1029 2160
996 997 2161
1280 1303 2162
276 288 2163
374 391 2164
1327 1862 2165
418 453 2166
91 1704 2167
132 393 2168
255 352 2169
175 288 2170
269 1441 2171
147 215 2172
138 1387 2173
1121 1133 2174
190 901 2175
85 125 2176
356 1367 2177
10 692 2178
614 1276 2179
1313 1316 2180
453 469 2181
722 1840 2182
338 490 2183
185 1635 2184
1 35 2185
0 244 2186
223 1454 2187
162 1691 2188
63 621 2189
13 255 2190
10 390 2191
137 260 2192
86 1712 2193
1605 1762 2194
417 605 2195
882 919 2196
181 182 2197
15 426 2198
1800 1803 2199
1691 1873 2200
419 479 2201
449 1013 2202
91 1016 2203
144 244 2204
80 837 2205
138 1320 2206
81 123 2207
159 165 2208
126 277 2209
302 307 2210
168 581 2211
247 1743 2212
0 369 2213
474 493 2214
367 402 2215
616 645 2216
39 45 2217
51 466 2218
51 69 2219
162 163 2220
355 465 2221
936 937 2222
1485 1486 2223
223 806 2224
919 931 2225
27 262 2226
1560 1600 2227
755 979 2228
35 466 2229
85 1473 2230
453 485 2231
269 1059 2232
30 45 2233
85 394 2234
5 338 2235
412 674 2236
1331 1352 2237
1036 1850 2238
1481 1485 2239
132 1635 2240
751 774 2241
203 1545 2242
185 314 2243
397 435 2244
1141 1166 2245
189 796 2246
303 873 2247
338 465 2248
81 492 2249
185 1473 2250
745 751 2251
13 17 2252
302 344 2253
118 266 2254
57 632 2255
717 768 2256
138 295 2257
490 1087 2258
931 941 2259
255 1320 2260
419 1324 2261
401 563 2262
85 971 2263
244 245 2264
98 146 2265
196 1873 2266
136 1573 2267
250 1828 2268
126 1058 2269
1194 1350 2270
200 221 2271
473 493 2272
1320 1572 2273
610 1820 2274
746 774 2275
745 746 2276
1046 1077 2277
129 212 2278
564 692 2279
136 758 2280
781 782 2281
941 947 2282
0 896 2283
722 740 2284
11 438 2285
110 511 2286
68 130 2287
129 145 2288
87 284 2289
356 909 2290
227 247 2291
242 249 2292
85 1307 2293
219 232 2294
110 581 2295
1475 1605 2296
45 1456 2297
66 297 2298
11 1422 2299
58 59 2300
909 918 2301
1571 1599 2302
1484 1598 2303
356 1692 2304
564 565 2305
174 314 2306
163 1627 2307
116 755 2308
909 1046 2309
302 308 2310
2 4 2311
109 581 2312
58 184 2313
384 1200 2314
269 630 2315
5 1224 2316
10 1058 2317
11 191 2318
193 212 2319
342 438 2320
1572 1606 2321
969 984 2322
1289 1291 2323
163 251 2324
210 215 2325
10 255 2326
610 1672 2327
0 35 2328
10 559 2329
81 433 2330
244 334 2331
27 1599 2332
23 24 2333
200 491 2334
99 146 2335
132 314 2336
27 1320 2337
9 70 2338
368 426 2339
1760 1861 2340
35 55 2341
10 141 2342
138 352 2343
275 276 2344
899 980 2345
419 1504 2346
565 692 2347
356 770 2348
87 128 2349
275 1861 2350
19 30 2351
65 175 2352
80 685 2353
743 781 2354
463 501 2355
24 85 2356
645 674 2357
10 244 2358
885 893 2359
26 1386 2360
1327 1475 2361
15 128 2362
1544 1603 2363
163 426 2364
969 1091 2365
123 129 2366
88 215 2367
26 234 2368
302 481 2369
15 149 2370
600 617 2371
147 151 2372
11 532 2373
463 543 2374
872 879 2375
117 618 2376
2 63 2377
129 433 2378
383 470 2379
153 1636 2380
15 199 2381
483 512 2382
11 1764 2383
147 712 2384
85 524 2385
0 893 2386
236 264 2387
1868 1870 2388
33 34 2389
31 32 2390
367 481 2391
196 207 2392
187 198 2393
361 370 2394
175 1141 2395
707 708 2396
147 596 2397
232 242 2398
215 291 2399
1111 1133 2400
610 1056 2401
993 1007 2402
5 6 2403
10 438 2404
185 582 2405
557 595 2406
461 462 2407
162 202 2408
87 107 2409
124 222 2410
303 338 2411
1423 1870 2412
426 542 2413
57 206 2414
45 595 2415
895 938 2416
109 1749 2417
655 701 2418
58 1165 2419
13 1760 2420
595 1050 2421
18 30 2422
11 1323 2423
217 227 2424
43 262 2425
825 851 2426
10 151 2427
144 186 2428
290 1097 2429
2 191 2430
68 539 2431
269 1351 2432
937 1118 2433
1306 1352 2434
27 114 2435
610 1099 2436
26 223 2437
18 595 2438
163 199 2439
785 786 2440
33 1250 2441
247 254 2442
984 1107 2443
3 342 2444
109 1220 2445
31 632 2446
60 635 2447
1340 1376 2448
144 1705 2449
10 977 2450
356 771 2451
13 1166 2452
15 250 2453
386 418 2454
11 411 2455
782 785 2456
60 712 2457
484 1829 2458
10 252 2459
555 600 2460
91 1029 2461
137 1634 2462
144 1865 2463
65 147 2464
7 85 2465
124 1299 2466
63 87 2467
356 982 2468
1524 1528 2469
86 543 2470
630 682 2471
15 65 2472
153 310 2473
205 576 2474
15 58 2475
15 87 2476
15 712 2477
24 43 2478
27 1193 2479
15 130 2480
43 142 2481
144 1497 2482
419 420 2483
10 277 2484
15 337 2485
85 707 2486
85 755 2487
367 873 2488
549 1708 2489
10 100 2490
142 223 2491
401 417 2492
225 241 2493
85 1012 2494
0 442 2495
185 394 2496
85 1645 2497
15 61 2498
907 1163 2499
588 1361 2500
1231 1423 2501
0 51 2502
158 159 2503
88 346 2504
403 404 2505
144 1605 2506
341 363 2507
302 930 2508
342 756 2509
60 446 2510
66 245 2511
1327 1762 2512
356 1346 2513
15 90 2514
255 373 2515
0 1519 2516
307 361 2517
185 524 2518
27 33 2519
586 756 2520
0 1465 2521
378 763 2522
401 1087 2523
0 453 2524
470 970 2525
11 283 2526
484 1142 2527
225 1570 2528
138 223 2529
0 427 2530
7 446 2531
10 228 2532
85 573 2533
0 1 2534
218 551 2535
505 896 2536
10 1867 2537
175 305 2538
174 222 2539
86 243 2540
34 190 2541
214 217 2542
344 387 2543
551 1470 2544
440 466 2545
588 602 2546
81 1278 2547
1163 1221 2548
136 1562 2549
0 909 2550
26 1320 2551
9 114 2552
0 1083 2553
576 897 2554
589 630 2555
404 463 2556
127 218 2557
549 588 2558
214 362 2559
378 1706 2560
1361 1708 2561
196 1587 2562
81 1701 2563
207 215 2564
15 1705 2565
26 41 2566
127 1470 2567
0 69 2568
378 392 2569
175 452 2570
43 1705 2571
66 67 2572
174 258 2573
124 524 2574
621 1585 2575
81 282 2576
85 604 2577
174 310 2578
223 682 2579
15 1029 2580
356 1537 2581
0 485 2582
290 598 2583
15 63 2584
308 387 2585
45 757 2586
150 1503 2587
308 344 2588
0 1868 2589
27 167 2590
1081 1116 2591
88 768 2592
8 14 2593
43 255 2594
27 352 2595
512 573 2596
426 596 2597
190 1250 2598
13 452 2599
42 142 2600
81 1222 2601
132 520 2602
524 573 2603
26 167 2604
15 243 2605
378 574 2606
33 43 2607
136 1691 2608
1116 1158 2609
199 1691 2610
438 475 2611
15 1828 2612
125 134 2613
274 520 2614
0 186 2615
199 596 2616
147 692 2617
1059 1320 2618
13 20 2619
161 278 2620
972 1503 2621
43 1497 2622
54 284 2623
15 1425 2624
147 1425 2625
15 141 2626
81 273 2627
217 247 2628
81 352 2629
43 70 2630
15 151 2631
90 404 2632
15 1497 2633
3 432 2634
0 1867 2635
32 632 2636
10 1866 2637
91 149 2638
3 475 2639
65 1425 2640
43 114 2641
278 1457 2642
109 209 2643
15 596 2644
635 712 2645
1475 1864 2646
0 1866 2647
43 1059 2648
1762 1864 2649
247 362 2650
858 897 2651
123 352 2652
1423 1705 2653
109 313 2654
1423 1497 2655
196 215 2656
15 275 2657
312 1299 2658
