9 43 1
27 43 2
15 147 3
10 15 4
10 85 5
9 27 6
15 136 7
10 175 8
15 86 9
303 367 10
85 185 11
10 146 12
81 129 13
10 43 14
10 101 15
10 189 16
85 124 17
225 240 18
10 98 19
174 185 20
26 27 21
8 14 22
26 43 23
10 136 24
10 120 25
10 129 26
10 143 27
133 146 28
10 81 29
9 10 30
27 70 31
27 85 32
10 116 33
13 43 34
126 127 35
463 543 36
10 86 37
43 85 38
9 86 39
10 27 40
10 147 41
132 185 42
9 26 43
85 110 44
10 532 45
136 147 46
126 225 47
10 66 48
43 86 49
10 13 50
27 86 51
274 911 52
85 86 53
99 146 54
162 1709 55
85 134 56
136 199 57
85 136 58
14 85 59
109 110 60
982 988 61
132 174 62
10 130 63
116 136 64
126 551 65
15 43 66
9 13 67
15 199 68
3 10 69
129 352 70
130 175 71
746 751 72
88 147 73
989 990 74
991 996 75
10 76 76
120 143 77
588 602 78
996 997 79
988 989 80
2 10 81
383 554 82
565 692 83
990 991 84
997 998 85
126 240 86
998 1001 87
1027 1049 88
1001 1027 89
1049 1072 90
417 460 91
458 1639 92
1100 1110 93
1072 1076 94
1090 1100 95
564 692 96
1076 1090 97
136 596 98
137 1634 99
650 654 100
81 1222 101
26 85 102
10 11 103
274 832 104
10 26 105
81 255 106
136 175 107
110 1231 108
654 673 109
109 174 110
355 401 111
602 615 112
9 85 113
14 136 114
185 314 115
457 1639 116
15 175 117
587 645 118
13 27 119
615 650 120
307 345 121
457 458 122
126 218 123
515 614 124
136 426 125
233 242 126
293 791 127
126 1470 128
302 367 129
32 632 130
62 280 131
10 99 132
679 701 133
610 1351 134
791 858 135
26 142 136
416 1063 137
660 789 138
469 1336 139
153 314 140
82 762 141
232 233 142
415 1063 143
15 91 144
99 115 145
1111 1133 146
345 361 147
249 838 148
265 838 149
367 1517 150
1110 1111 151
555 1030 152
83 119 153
115 133 154
199 426 155
117 544 156
655 679 157
85 979 158
10 68 159
302 481 160
720 762 161
115 146 162
600 1030 163
147 175 164
55 1336 165
52 53 166
133 178 167
446 538 168
13 24 169
18 19 170
50 695 171
193 300 172
198 204 173
378 392 174
1065 1442 175
543 1130 176
367 481 177
630 1442 178
204 211 179
174 314 180
132 153 181
912 921 182
832 911 183
85 125 184
126 1570 185
308 344 186
53 62 187
10 255 188
570 789 189
192 351 190
434 482 191
470 970 192
2 11 193
126 241 194
515 597 195
153 185 196
383 970 197
351 373 198
564 565 199
995 1724 200
116 175 201
418 546 202
250 1828 203
225 1570 204
1101 1116 205
192 300 206
887 912 207
43 81 208
1084 1115 209
1000 1724 210
230 434 211
1143 1185 212
210 215 213
15 141 214
1185 1216 215
1216 1238 216
225 241 217
531 890 218
15 76 219
109 168 220
413 511 221
906 980 222
907 980 223
1081 1101 224
386 418 225
219 1203 226
100 101 227
101 228 228
81 352 229
597 614 230
695 783 231
1060 1084 232
85 109 233
129 255 234
554 970 235
1115 1128 236
544 618 237
1222 1701 238
82 119 239
906 907 240
355 372 241
369 930 242
386 546 243
52 62 244
85 116 245
10 438 246
1128 1143 247
80 81 248
68 146 249
463 1130 250
61 1456 251
24 27 252
207 210 253
2 3 254
192 193 255
474 493 256
10 14 257
85 573 258
15 596 259
116 755 260
24 86 261
124 573 262
616 645 263
893 1083 264
587 616 265
110 168 266
60 538 267
490 667 268
416 1203 269
134 447 270
1351 1672 271
138 142 272
116 146 273
511 604 274
19 30 275
162 163 276
195 198 277
473 474 278
10 61 279
74 280 280
30 39 281
9 114 282
140 141 283
60 635 284
0 302 285
587 890 286
207 215 287
1517 1761 288
17 20 289
532 559 290
13 81 291
480 1709 292
10 141 293
1222 1278 294
11 131 295
755 979 296
1605 1865 297
907 1163 298
1619 1624 299
217 227 300
27 1221 301
109 581 302
247 290 303
10 45 304
187 195 305
673 1238 306
215 220 307
1121 1133 308
85 278 309
367 529 310
549 1708 311
13 86 312
460 529 313
1613 1615 314
1615 1619 315
588 1361 316
481 487 317
1020 1060 318
1612 1613 319
43 144 320
244 245 321
110 581 322
153 174 323
1361 1708 324
10 454 325
9 81 326
1602 1612 327
273 282 328
9 24 329
85 511 330
1122 1126 331
144 1231 332
0 144 333
15 250 334
1045 1047 335
11 137 336
240 241 337
1109 1122 338
11 139 339
10 151 340
209 1375 341
303 529 342
27 1498 343
81 273 344
290 756 345
20 23 346
549 588 347
799 973 348
45 61 349
124 512 350
98 99 351
168 581 352
1179 1186 353
8 1618 354
302 369 355
8 148 356
146 178 357
76 127 358
26 471 359
13 20 360
367 460 361
132 520 362
1196 1251 363
144 1423 364
240 1570 365
1047 1062 366
1186 1196 367
1043 1045 368
1075 1109 369
142 295 370
109 1231 371
1121 1624 372
68 116 373
1 35 374
9 1498 375
51 69 376
1306 1352 377
1062 1071 378
66 143 379
338 667 380
86 149 381
2 15 382
62 266 383
1014 1037 384
2 9 385
68 175 386
9 471 387
1037 1043 388
68 130 389
1071 1075 390
26 138 391
109 209 392
303 460 393
23 24 394
137 139 395
124 524 396
147 199 397
98 146 398
470 1323 399
81 123 400
367 487 401
2 4 402
494 554 403
962 967 404
1169 1179 405
372 401 406
43 1498 407
302 487 408
610 1672 409
3 4 410
13 17 411
1126 1239 412
1402 1414 413
110 511 414
1300 1374 415
43 471 416
82 720 417
1157 1169 418
391 408 419
146 175 420
424 437 421
1374 1396 422
938 1014 423
504 571 424
1082 1093 425
1396 1402 426
426 596 427
1074 1082 428
116 130 429
76 141 430
1148 1157 431
110 413 432
25 36 433
65 147 434
10 559 435
123 129 436
143 297 437
437 468 438
85 755 439
1032 1164 440
408 422 441
1069 1074 442
11 532 443
453 485 444
961 962 445
367 1761 446
350 378 447
422 424 448
15 1828 449
232 242 450
10 1229 451
132 314 452
85 447 453
556 557 454
1061 1069 455
14 148 456
516 560 457
82 83 458
1249 1290 459
1331 1352 460
253 256 461
1117 1148 462
958 1032 463
24 43 464
86 90 465
1093 1117 466
443 516 467
1467 1487 468
1732 1735 469
776 777 470
455 456 471
9 87 472
11 191 473
13 26 474
978 1061 475
630 1065 476
136 162 477
274 520 478
877 888 479
1259 1300 480
132 1438 481
827 889 482
495 504 483
852 877 484
942 956 485
81 1278 486
36 38 487
15 189 488
742 776 489
926 958 490
1239 1602 491
1184 1259 492
934 942 493
1290 1328 494
147 426 495
174 1438 496
45 1456 497
965 978 498
711 739 499
109 185 500
472 495 501
1328 1426 502
81 1701 503
850 854 504
110 144 505
374 391 506
10 158 507
60 446 508
760 926 509
468 494 510
10 100 511
857 881 512
129 433 513
1331 1852 514
718 725 515
27 114 516
725 742 517
800 810 518
310 314 519
230 482 520
399 443 521
238 239 522
626 627 523
1048 1052 524
285 299 525
673 711 526
956 963 527
10 145 528
1102 1161 529
9 63 530
957 960 531
338 747 532
960 961 533
1389 1454 534
1053 1102 535
239 248 536
1020 1251 537
15 87 538
365 366 539
375 376 540
649 703 541
792 827 542
14 1618 543
777 800 544
963 965 545
1718 1719 546
1161 1184 547
398 399 548
26 223 549
85 524 550
109 1375 551
50 783 552
1395 1413 553
1170 1171 554
919 931 555
882 919 556
1280 1303 557
315 316 558
854 857 559
227 247 560
577 578 561
964 999 562
1204 1249 563
1219 1284 564
135 1303 565
703 724 566
889 949 567
81 282 568
888 913 569
85 91 570
948 957 571
513 514 572
147 596 573
208 1127 574
383 470 575
621 973 576
88 215 577
658 760 578
840 841 579
397 435 580
591 658 581
1440 1467 582
1693 1694 583
348 358 584
10 475 585
571 586 586
15 88 587
5 747 588
931 941 589
913 934 590
120 146 591
887 921 592
116 979 593
652 718 594
130 136 595
85 132 596
609 649 597
1133 1153 598
525 1812 599
317 318 600
47 48 601
784 787 602
1411 1418 603
22 25 604
5 338 605
80 492 606
496 497 607
1408 1411 608
1737 1741 609
787 823 610
88 220 611
1081 1116 612
929 1053 613
10 228 614
859 903 615
1039 1852 616
1692 1693 617
216 229 618
935 964 619
903 916 620
248 253 621
185 310 622
39 45 623
818 859 624
358 374 625
1735 1737 626
1068 1089 627
198 211 628
396 409 629
829 850 630
415 416 631
765 766 632
249 265 633
724 833 634
1720 1721 635
1845 1848 636
98 120 637
663 677 638
38 40 639
531 587 640
303 873 641
409 421 642
477 579 643
421 431 644
163 1872 645
677 698 646
683 729 647
40 44 648
1003 1006 649
954 1040 650
158 159 651
238 848 652
130 146 653
570 660 654
1694 1696 655
1388 1389 656
1052 1106 657
1220 1277 658
639 647 659
631 683 660
809 818 661
1354 1380 662
290 1743 663
20 24 664
916 935 665
637 710 666
739 792 667
999 1020 668
436 472 669
1164 1280 670
0 893 671
895 938 672
698 722 673
1004 1048 674
508 509 675
194 216 676
1699 1700 677
406 407 678
714 769 679
147 1425 680
335 336 681
431 436 682
85 604 683
627 678 684
881 895 685
147 712 686
875 882 687
1104 1147 688
1444 1489 689
862 929 690
1187 1204 691
192 373 692
497 570 693
884 1414 694
642 648 695
716 737 696
1363 1368 697
1125 1144 698
636 637 699
1025 1028 700
579 631 701
66 297 702
1380 1392 703
247 1743 704
145 972 705
823 829 706
841 848 707
1171 1187 708
1149 1150 709
694 705 710
1034 1035 711
1413 1440 712
1696 1699 713
947 948 714
1719 1720 715
664 694 716
44 46 717
1294 1317 718
941 947 719
984 987 720
96 105 721
1810 1811 722
797 798 723
117 833 724
737 784 725
7 14 726
1741 1742 727
795 928 728
103 105 729
237 252 730
1500 1544 731
794 795 732
1073 1085 733
553 591 734
398 1147 735
136 979 736
907 1221 737
648 652 738
788 809 739
1603 1608 740
1653 1654 741
381 396 742
844 862 743
944 1017 744
1630 1644 745
1362 1363 746
1742 1744 747
810 915 748
55 469 749
1024 1025 750
1088 1205 751
798 844 752
1372 1395 753
1688 1697 754
1019 1088 755
316 325 756
655 701 757
11 1422 758
647 653 759
1293 1294 760
750 779 761
138 295 762
322 644 763
376 397 764
922 1159 765
336 348 766
213 429 767
1026 1041 768
1194 1426 769
802 875 770
1763 1775 771
187 226 772
452 1845 773
1601 1625 774
116 189 775
651 664 776
966 1228 777
1516 1530 778
1219 1851 779
1089 1092 780
235 304 781
1021 1026 782
1650 1653 783
428 429 784
699 732 785
15 65 786
1257 1258 787
10 245 788
1617 1630 789
11 1323 790
1067 1068 791
1518 1857 792
327 335 793
145 150 794
626 715 795
967 986 796
258 734 797
779 788 798
928 975 799
1334 1335 800
1410 1432 801
1530 1543 802
29 75 803
1518 1519 804
1551 1552 805
1144 1149 806
1449 1465 807
860 946 808
293 858 809
917 966 810
185 1635 811
46 47 812
356 982 813
1489 1551 814
1608 1609 815
770 918 816
1552 1563 817
1311 1334 818
680 1269 819
154 155 820
395 483 821
31 456 822
476 477 823
1480 1481 824
366 381 825
1578 1579 826
188 194 827
865 954 828
49 50 829
1814 1816 830
685 754 831
1811 1814 832
14 175 833
819 860 834
754 837 835
325 327 836
1675 1681 837
200 350 838
1685 1688 839
1175 1232 840
28 29 841
1862 1863 842
1462 1469 843
1681 1683 844
653 716 845
1022 1024 846
590 613 847
578 609 848
1392 1408 849
689 697 850
81 433 851
1174 1175 852
144 1865 853
93 94 854
555 600 855
584 606 856
213 214 857
307 361 858
514 553 859
1820 1833 860
1579 1584 861
1764 1823 862
59 103 863
499 500 864
1804 1815 865
279 289 866
72 73 867
449 1013 868
1486 1488 869
407 452 870
1654 1657 871
9 70 872
592 601 873
1080 1096 874
732 750 875
1335 1342 876
458 536 877
668 672 878
81 492 879
1138 1139 880
972 1611 881
1813 1818 882
566 580 883
1006 1022 884
104 111 885
729 768 886
1119 1125 887
169 170 888
199 337 889
864 865 890
641 642 891
817 868 892
1796 1799 893
448 449 894
1660 1673 895
509 555 896
1801 1817 897
160 169 898
261 285 899
76 126 900
1277 1322 901
580 593 902
1342 1356 903
704 728 904
866 950 905
629 671 906
769 803 907
1657 1659 908
759 819 909
1038 1099 910
1153 1354 911
1850 1855 912
73 77 913
603 651 914
1550 1580 915
708 808 916
1652 1656 917
15 426 918
1225 1248 919
1320 1487 920
1307 1573 921
1103 1104 922
939 959 923
442 489 924
766 802 925
721 741 926
1600 1617 927
1000 1732 928
263 268 929
634 676 930
1371 1372 931
1451 1508 932
1329 1337 933
257 263 934
198 267 935
1301 1586 936
1097 1847 937
464 478 938
521 522 939
1749 1750 940
1192 1202 941
0 1 942
1201 1242 943
1039 1718 944
1341 1359 945
1469 1474 946
132 1635 947
303 356 948
726 738 949
1077 1086 950
671 688 951
1362 1364 952
21 22 953
517 561 954
299 368 955
1292 1311 956
217 247 957
1326 1327 958
1337 1343 959
1773 1796 960
173 177 961
1382 1393 962
1656 1669 963
144 186 964
174 445 965
15 149 966
510 537 967
54 64 968
774 852 969
669 689 970
10 298 971
349 359 972
312 657 973
1638 1650 974
1723 1725 975
697 699 976
159 165 977
727 861 978
286 953 979
1485 1486 980
294 320 981
1632 1640 982
1460 1500 983
898 899 984
106 112 985
995 1000 986
691 736 987
86 463 988
803 1763 989
739 1106 990
1683 1685 991
83 96 992
1774 1776 993
462 1821 994
267 834 995
1055 1080 996
1659 1660 997
1673 1674 998
1679 1682 999
672 691 1000
367 873 1001
1459 1502 1002
1819 1825 1003
347 360 1004
1141 1166 1005
1563 1578 1006
558 598 1007
1023 1055 1008
1494 1505 1009
393 517 1010
382 690 1011
527 1702 1012
678 799 1013
363 1096 1014
219 267 1015
1284 1306 1016
1572 1606 1017
1799 1806 1018
162 1872 1019
676 709 1020
1590 1594 1021
137 260 1022
1594 1596 1023
1345 1353 1024
506 533 1025
467 486 1026
561 575 1027
1406 1443 1028
1823 1824 1029
1247 1252 1030
1287 1292 1031
700 759 1032
70 899 1033
200 378 1034
400 410 1035
977 1529 1036
1636 1671 1037
662 663 1038
1273 1275 1039
1312 1314 1040
309 321 1041
1105 1225 1042
1755 1756 1043
95 102 1044
1381 1420 1045
915 949 1046
1623 1628 1047
560 581 1048
690 696 1049
594 603 1050
1514 1527 1051
1474 1480 1052
94 97 1053
1217 1234 1054
815 820 1055
1095 1124 1056
1640 1643 1057
328 349 1058
1443 1461 1059
518 519 1060
1447 1464 1061
27 444 1062
730 801 1063
1140 1152 1064
2 86 1065
923 939 1066
122 128 1067
547 566 1068
709 727 1069
1339 1346 1070
2 54 1071
562 589 1072
575 585 1073
924 968 1074
1580 1604 1075
820 821 1076
1283 1288 1077
191 614 1078
1183 1190 1079
1215 1218 1080
1522 1534 1081
1541 1547 1082
536 552 1083
1827 1835 1084
1230 1235 1085
92 95 1086
6 16 1087
71 72 1088
910 985 1089
1496 1511 1090
640 661 1091
863 1010 1092
1606 1633 1093
172 173 1094
10 666 1095
895 1638 1096
1838 1839 1097
507 541 1098
1162 1223 1099
828 849 1100
701 720 1101
1010 1387 1102
1756 1757 1103
26 806 1104
804 807 1105
1353 1358 1106
1725 1727 1107
1138 1859 1108
441 467 1109
179 869 1110
390 628 1111
1264 1286 1112
585 640 1113
723 731 1114
1198 1255 1115
1667 1680 1116
1168 1279 1117
593 594 1118
1831 1836 1119
1436 1448 1120
206 979 1121
1044 1105 1122
264 270 1123
915 1004 1124
1677 1678 1125
1241 1244 1126
657 713 1127
1662 1664 1128
377 390 1129
886 891 1130
1586 1661 1131
1124 1155 1132
1205 1211 1133
1565 1566 1134
1535 1541 1135
1543 1561 1136
830 846 1137
1398 1399 1138
197 201 1139
1314 1329 1140
470 554 1141
1680 1686 1142
420 717 1143
394 1348 1144
519 521 1145
177 188 1146
1505 1515 1147
1431 1436 1148
1258 1331 1149
1646 1648 1150
1434 1437 1151
208 209 1152
1042 1108 1153
682 806 1154
77 78 1155
286 287 1156
1768 1769 1157
1305 1378 1158
1509 1510 1159
705 745 1160
1152 1160 1161
1587 1778 1162
26 278 1163
1450 1462 1164
1263 1274 1165
1793 1794 1166
139 260 1167
0 367 1168
1428 1431 1169
533 558 1170
1792 1804 1171
203 230 1172
291 324 1173
1472 1482 1174
1548 1554 1175
1561 1585 1176
1633 1667 1177
680 681 1178
302 930 1179
1776 1777 1180
1005 1015 1181
463 501 1182
535 572 1183
165 166 1184
849 856 1185
1714 1715 1186
790 835 1187
696 719 1188
2 284 1189
1211 1215 1190
1713 1714 1191
1481 1485 1192
1766 1768 1193
1772 1774 1194
1648 1652 1195
1236 1264 1196
486 506 1197
1651 1655 1198
884 971 1199
1306 1851 1200
3 11 1201
1191 1192 1202
1262 1287 1203
1209 1217 1204
1508 1537 1205
826 828 1206
1417 1421 1207
343 347 1208
959 1005 1209
281 283 1210
563 605 1211
1399 1451 1212
1547 1555 1213
1781 1782 1214
1325 1398 1215
78 79 1216
1079 1168 1217
1332 1338 1218
1734 1736 1219
385 645 1220
656 700 1221
1464 1477 1222
112 113 1223
983 1002 1224
403 1795 1225
430 441 1226
27 262 1227
1419 1444 1228
380 552 1229
340 1839 1230
706 876 1231
1571 1599 1232
1736 1739 1233
1733 1734 1234
1010 1054 1235
1226 1227 1236
1576 1581 1237
1780 1781 1238
1511 1539 1239
323 329 1240
1275 1282 1241
131 137 1242
1261 1262 1243
1665 1666 1244
10 247 1245
487 817 1246
203 1545 1247
415 869 1248
244 334 1249
1564 1565 1250
205 1330 1251
147 196 1252
1453 1466 1253
1787 1788 1254
1412 1417 1255
1108 1325 1256
1098 1348 1257
1567 1576 1258
304 334 1259
1123 1140 1260
1383 1385 1261
1252 1261 1262
974 1023 1263
1466 1472 1264
1771 1792 1265
338 355 1266
341 945 1267
1544 1603 1268
1727 1740 1269
1525 1526 1270
1655 1658 1271
1747 1748 1272
1669 1675 1273
1244 1263 1274
1566 1568 1275
131 1625 1276
1253 1281 1277
1356 1364 1278
86 1853 1279
1479 1490 1280
1658 1662 1281
1752 1753 1282
1611 1641 1283
618 761 1284
992 994 1285
1468 1471 1286
1308 1313 1287
945 974 1288
1430 1434 1289
287 292 1290
1783 1784 1291
84 117 1292
1274 1315 1293
1507 1509 1294
1728 1729 1295
531 783 1296
1555 1556 1297
1758 1759 1298
885 1447 1299
1770 1772 1300
483 582 1301
1491 1493 1302
847 853 1303
1684 1687 1304
1272 1285 1305
1784 1785 1306
1779 1780 1307
58 59 1308
86 843 1309
1554 1558 1310
403 1407 1311
1393 1401 1312
1512 1513 1313
1631 1632 1314
1754 1755 1315
1797 1798 1316
744 748 1317
58 1165 1318
808 910 1319
379 682 1320
1557 1564 1321
1246 1247 1322
1510 1512 1323
1584 1590 1324
1533 1535 1325
1556 1557 1326
925 955 1327
1234 1265 1328
1769 1770 1329
461 643 1330
460 605 1331
1369 1379 1332
1678 1684 1333
1131 1826 1334
1208 1209 1335
734 902 1336
1628 1631 1337
1476 1479 1338
1641 1771 1339
1687 1695 1340
271 279 1341
1255 1330 1342
501 1844 1343
296 834 1344
1717 1723 1345
1134 1137 1346
821 826 1347
693 702 1348
1118 1119 1349
1523 1525 1350
1136 1198 1351
311 343 1352
1643 1647 1353
320 332 1354
1448 1452 1355
1066 1676 1356
1753 1754 1357
761 793 1358
388 400 1359
171 176 1360
1054 1129 1361
1333 1410 1362
1568 1569 1363
1145 1151 1364
1260 1266 1365
1379 1383 1366
276 288 1367
1686 1690 1368
76 151 1369
1271 1273 1370
214 217 1371
319 323 1372
1536 1538 1373
185 1473 1374
1366 1368 1375
1531 1532 1376
572 592 1377
891 892 1378
1437 1445 1379
498 1835 1380
1213 1214 1381
1731 1733 1382
619 1616 1383
52 1194 1384
1210 1213 1385
1620 1621 1386
1670 1679 1387
1401 1409 1388
1433 1450 1389
293 294 1390
1135 1145 1391
940 951 1392
1355 1357 1393
27 190 1394
856 908 1395
1805 1807 1396
741 775 1397
1235 1243 1398
625 656 1399
272 281 1400
1538 1540 1401
1798 1800 1402
914 920 1403
1008 1097 1404
1385 1391 1405
136 189 1406
748 749 1407
868 883 1408
932 933 1409
1540 1542 1410
713 721 1411
599 767 1412
1604 1611 1413
9 1871 1414
1729 1730 1415
1218 1241 1416
179 180 1417
1107 1722 1418
403 1546 1419
1483 1496 1420
1178 1188 1421
641 804 1422
951 952 1423
1214 1226 1424
1490 1492 1425
205 206 1426
1403 1416 1427
1358 1360 1428
124 582 1429
1160 1178 1430
1791 1793 1431
1227 1237 1432
1316 1319 1433
1309 1318 1434
1513 1523 1435
1591 1611 1436
66 245 1437
1245 1260 1438
908 923 1439
109 445 1440
1577 1582 1441
1715 1716 1442
10 390 1443
775 836 1444
1549 1553 1445
1404 1427 1446
778 781 1447
1189 1197 1448
1674 1677 1449
215 291 1450
681 790 1451
1409 1412 1452
324 346 1453
530 545 1454
1018 1021 1455
1065 1066 1456
1240 1245 1457
113 122 1458
109 144 1459
1463 1468 1460
1710 1713 1461
291 1869 1462
1146 1154 1463
1471 1478 1464
150 1771 1465
612 643 1466
136 842 1467
1610 1614 1468
1482 1491 1469
1400 1404 1470
1458 1522 1471
874 878 1472
1233 1246 1473
102 106 1474
1809 1818 1475
261 710 1476
1188 1199 1477
269 630 1478
567 682 1479
1642 1646 1480
1504 1778 1481
79 89 1482
484 1829 1483
1455 1483 1484
1418 1419 1485
1059 1661 1486
1031 1136 1487
1394 1397 1488
1384 1403 1489
1153 1201 1490
1539 1560 1491
702 723 1492
91 147 1493
242 249 1494
793 887 1495
638 981 1496
146 189 1497
846 847 1498
1794 1797 1499
205 576 1500
684 685 1501
814 822 1502
1432 1460 1503
1155 1165 1504
1154 1183 1505
1176 1304 1506
878 886 1507
1298 1321 1508
108 118 1509
313 590 1510
379 498 1511
1757 1758 1512
1788 1789 1513
1279 1302 1514
1338 1340 1515
1391 1394 1516
270 414 1517
9 621 1518
813 814 1519
11 470 1520
1542 1548 1521
993 1310 1522
385 412 1523
491 562 1524
1790 1791 1525
1206 1207 1526
1172 1173 1527
214 362 1528
353 371 1529
166 1644 1530
661 675 1531
1495 1501 1532
340 353 1533
1569 1574 1534
1194 1350 1535
1360 1384 1536
1343 1355 1537
1614 1620 1538
1649 1651 1539
1035 1078 1540
1458 1825 1541
1181 1182 1542
624 625 1543
438 780 1544
620 622 1545
1591 1771 1546
362 430 1547
1452 1463 1548
1560 1600 1549
1607 1616 1550
35 55 1551
1182 1189 1552
341 363 1553
1207 1208 1554
1803 1805 1555
968 1042 1556
1028 1039 1557
139 1422 1558
902 1079 1559
1726 1728 1560
1319 1332 1561
811 815 1562
1760 1861 1563
181 182 1564
771 845 1565
1746 1747 1566
1321 1370 1567
1191 1663 1568
401 460 1569
743 952 1570
1177 1181 1571
1515 1524 1572
58 184 1573
807 811 1574
245 334 1575
1622 1623 1576
0 69 1577
267 322 1578
1575 1577 1579
1637 1642 1580
1782 1783 1581
976 1847 1582
1173 1177 1583
1313 1316 1584
870 874 1585
101 414 1586
1000 1003 1587
1664 1665 1588
622 623 1589
1134 1135 1590
1629 1637 1591
110 153 1592
386 388 1593
1501 1506 1594
1520 1587 1595
1237 1240 1596
1266 1271 1597
10 123 1598
498 530 1599
1582 1583 1600
1583 1589 1601
1765 1767 1602
310 329 1603
1243 1256 1604
1585 1690 1605
302 303 1606
0 485 1607
1421 1428 1608
107 170 1609
270 321 1610
129 145 1611
675 730 1612
440 1830 1613
459 465 1614
892 894 1615
27 899 1616
1711 1712 1617
13 255 1618
1094 1131 1619
1589 1593 1620
439 488 1621
855 870 1622
86 243 1623
60 147 1624
1868 1870 1625
231 1668 1626
379 772 1627
493 510 1628
183 184 1629
301 311 1630
638 639 1631
1256 1268 1632
65 121 1633
1416 1433 1634
81 138 1635
89 93 1636
412 674 1637
1199 1210 1638
52 953 1639
174 310 1640
872 879 1641
1156 1172 1642
259 264 1643
82 548 1644
901 1016 1645
1647 1649 1646
910 1858 1647
254 342 1648
1113 1810 1649
1197 1206 1650
845 924 1651
1521 1831 1652
707 708 1653
1695 1698 1654
1596 1597 1655
1730 1731 1656
822 824 1657
180 181 1658
1789 1790 1659
483 512 1660
589 630 1661
1151 1156 1662
1849 1854 1663
753 773 1664
1397 1400 1665
1506 1507 1666
542 796 1667
5 200 1668
60 712 1669
1333 1837 1670
31 229 1671
302 308 1672
644 666 1673
1751 1752 1674
440 466 1675
1762 1864 1676
85 1473 1677
67 129 1678
339 515 1679
110 1012 1680
772 905 1681
909 918 1682
132 274 1683
299 525 1684
1800 1803 1685
462 583 1686
1046 1077 1687
1085 1121 1688
405 423 1689
1111 1233 1690
394 395 1691
388 418 1692
600 617 1693
1137 1593 1694
16 21 1695
621 1585 1696
1041 1070 1697
569 655 1698
482 535 1699
1532 1536 1700
153 310 1701
537 548 1702
688 693 1703
646 1607 1704
1598 1759 1705
876 1860 1706
132 1158 1707
256 261 1708
1007 1310 1709
981 993 1710
490 1087 1711
411 432 1712
80 109 1713
751 774 1714
379 380 1715
617 1176 1716
1521 1550 1717
1484 1598 1718
1297 1308 1719
505 1377 1720
1492 1495 1721
175 306 1722
60 175 1723
736 834 1724
1484 1494 1725
1609 1610 1726
801 884 1727
1574 1575 1728
70 1221 1729
99 666 1730
1366 1367 1731
43 70 1732
623 646 1733
85 1012 1734
1015 1018 1735
384 1200 1736
352 373 1737
624 1298 1738
610 806 1739
1361 1381 1740
85 1231 1741
313 1750 1742
646 669 1743
1786 1787 1744
451 464 1745
1002 1009 1746
608 1588 1747
156 160 1748
1344 1345 1749
254 290 1750
660 733 1751
74 108 1752
290 586 1753
1295 1297 1754
735 876 1755
267 668 1756
1195 1738 1757
385 386 1758
518 523 1759
938 1597 1760
43 1871 1761
780 1840 1762
346 1869 1763
717 768 1764
1521 1815 1765
1785 1786 1766
1114 1118 1767
293 1645 1768
503 1420 1769
619 620 1770
98 666 1771
64 107 1772
659 1702 1773
1016 1856 1774
749 752 1775
1092 1113 1776
618 704 1777
1270 1377 1778
223 1454 1779
1524 1528 1780
292 331 1781
27 621 1782
1268 1272 1783
782 785 1784
899 1221 1785
1502 1521 1786
423 425 1787
1528 1531 1788
182 359 1789
27 678 1790
1327 1762 1791
333 340 1792
743 744 1793
525 1806 1794
331 339 1795
896 1339 1796
993 1007 1797
976 1008 1798
219 232 1799
1427 1430 1800
641 1488 1801
181 328 1802
785 786 1803
224 231 1804
534 599 1805
1621 1629 1806
88 91 1807
268 273 1808
503 1449 1809
1327 1475 1810
986 1721 1811
606 659 1812
786 805 1813
1366 1689 1814
354 364 1815
461 542 1816
450 465 1817
872 894 1818
339 614 1819
799 1386 1820
21 104 1821
361 370 1822
236 1529 1823
27 278 1824
936 937 1825
1503 1819 1826
778 782 1827
1070 1242 1828
489 503 1829
1070 1073 1830
1070 1293 1831
534 1767 1832
493 548 1833
943 1011 1834
936 1180 1835
451 738 1836
1475 1864 1837
364 628 1838
812 813 1839
202 203 1840
289 296 1841
722 740 1842
0 904 1843
236 309 1844
0 1083 1845
722 1840 1846
522 523 1847
1340 1766 1848
1011 1846 1849
427 531 1850
816 871 1851
1224 1333 1852
0 384 1853
915 1019 1854
816 853 1855
1107 1114 1856
568 1455 1857
305 758 1858
1057 1081 1859
1291 1779 1860
1167 1738 1861
502 532 1862
302 344 1863
645 1809 1864
50 51 1865
182 187 1866
231 234 1867
576 687 1868
27 42 1869
1116 1158 1870
946 976 1871
162 480 1872
745 751 1873
969 984 1874
1050 1051 1875
364 377 1876
576 897 1877
1291 1295 1878
15 1425 1879
86 190 1880
356 896 1881
81 610 1882
1017 1029 1883
851 1739 1884
641 1315 1885
1007 1044 1886
1112 1202 1887
21 97 1888
302 526 1889
752 753 1890
607 608 1891
743 781 1892
265 271 1893
1524 1622 1894
587 1809 1895
370 439 1896
905 1833 1897
1064 1849 1898
473 1011 1899
515 1212 1900
1592 1746 1901
236 237 1902
461 462 1903
608 1860 1904
1086 1112 1905
528 584 1906
211 219 1907
302 460 1908
296 301 1909
805 812 1910
528 659 1911
617 715 1912
523 547 1913
545 550 1914
1248 1310 1915
384 405 1916
402 412 1917
70 831 1918
379 1056 1919
135 1406 1920
164 172 1921
1267 1527 1922
1200 1716 1923
515 1832 1924
812 816 1925
1415 1429 1926
129 138 1927
302 540 1928
384 1838 1929
909 1046 1930
1195 1254 1931
1504 1520 1932
900 1846 1933
155 157 1934
331 1033 1935
871 872 1936
425 440 1937
1265 1267 1938
230 251 1939
432 438 1940
602 1318 1941
1441 1503 1942
1009 1057 1943
136 196 1944
419 1504 1945
1167 1254 1946
534 1801 1947
520 1158 1948
2 139 1949
633 1562 1950
825 851 1951
1078 1826 1952
318 1843 1953
7 446 1954
161 167 1955
1131 1193 1956
371 384 1957
933 936 1958
557 595 1959
1499 1516 1960
1477 1517 1961
781 782 1962
550 1827 1963
10 252 1964
1344 1378 1965
236 264 1966
733 772 1967
166 171 1968
764 1854 1969
326 333 1970
449 1031 1971
1317 1344 1972
633 714 1973
66 244 1974
541 549 1975
450 451 1976
921 1009 1977
1327 1857 1978
583 611 1979
768 944 1980
984 1107 1981
494 665 1982
525 612 1983
1064 1132 1984
423 1830 1985
200 589 1986
10 977 1987
18 1051 1988
484 1142 1989
896 1286 1990
746 774 1991
1091 1526 1992
18 757 1993
1267 1283 1994
527 528 1995
15 337 1996
417 605 1997
156 839 1998
152 156 1999
155 389 2000
825 830 2001
1357 1365 2002
897 925 2003
937 940 2004
312 1299 2005
1239 1305 2006
1863 1864 2007
568 569 2008
1347 1405 2009
67 145 2010
37 1250 2011
66 334 2012
950 1064 2013
785 1726 2014
1296 1514 2015
462 1808 2016
420 484 2017
1200 1717 2018
1091 1285 2019
638 1359 2020
752 1180 2021
728 761 2022
1503 1534 2023
27 352 2024
503 507 2025
1120 1832 2026
384 1834 2027
512 582 2028
473 1095 2029
1282 1289 2030
423 1834 2031
645 674 2032
638 1698 2033
1703 1710 2034
1296 1312 2035
419 420 2036
550 567 2037
650 1309 2038
1051 1627 2039
1078 1094 2040
595 1050 2041
1365 1445 2042
905 1038 2043
1296 1493 2044
308 387 2045
1429 1435 2046
344 387 2047
568 1370 2048
1595 1598 2049
10 277 2050
1592 1745 2051
1347 1822 2052
200 1219 2053
660 1841 2054
147 215 2055
1478 1484 2056
851 855 2057
772 1841 2058
1190 1270 2059
1267 1533 2060
369 1765 2061
969 1091 2062
1405 1415 2063
305 670 2064
731 764 2065
1581 1592 2066
203 686 2067
1419 1553 2068
201 207 2069
740 780 2070
786 816 2071
176 183 2072
608 735 2073
1415 1822 2074
745 746 2075
185 278 2076
370 1817 2077
129 373 2078
666 686 2079
41 161 2080
1270 1663 2081
780 1162 2082
369 767 2083
986 992 2084
542 1773 2085
611 1808 2086
333 1843 2087
310 313 2088
475 502 2089
1350 1601 2090
87 284 2091
13 306 2092
332 1795 2093
275 500 2094
43 262 2095
318 326 2096
412 418 2097
1113 1807 2098
162 426 2099
927 1139 2100
1304 1347 2101
937 1118 2102
858 897 2103
80 278 2104
330 341 2105
1559 1567 2106
1113 1123 2107
488 534 2108
157 164 2109
43 255 2110
110 312 2111
1605 1762 2112
1703 1740 2113
1528 1745 2114
1435 1802 2115
927 1855 2116
1365 1369 2117
164 389 2118
1499 1802 2119
223 224 2120
1195 1424 2121
1682 1703 2122
61 479 2123
607 1350 2124
1691 1873 2125
900 943 2126
1310 1341 2127
1289 1777 2128
1232 1842 2129
927 1859 2130
357 505 2131
1376 1666 2132
15 151 2133
1327 1862 2134
994 995 2135
24 85 2136
45 189 2137
302 307 2138
835 900 2139
10 712 2140
81 867 2141
1641 1670 2142
166 183 2143
927 1253 2144
1232 1373 2145
162 202 2146
189 803 2147
1559 1751 2148
1018 1549 2149
1390 1842 2150
1373 1390 2151
1288 1296 2152
520 911 2153
1033 1120 2154
1592 1595 2155
1120 1212 2156
1112 1236 2157
501 543 2158
153 975 2159
505 885 2160
633 1775 2161
1036 1850 2162
401 417 2163
598 756 2164
473 493 2165
85 1307 2166
418 453 2167
167 1457 2168
1559 1748 2169
879 880 2170
131 191 2171
1066 1222 2172
778 969 2173
332 1407 2174
68 189 2175
31 68 2176
1036 1281 2177
764 866 2178
15 196 2179
1475 1605 2180
614 1276 2181
132 1098 2182
1365 1453 2183
41 42 2184
473 1269 2185
554 665 2186
418 1228 2187
45 76 2188
10 1132 2189
1376 1382 2190
206 246 2191
200 972 2192
43 114 2193
824 825 2194
124 1231 2195
55 71 2196
1558 1559 2197
85 512 2198
66 145 2199
90 404 2200
922 932 2201
185 1299 2202
141 189 2203
757 1051 2204
190 1250 2205
85 403 2206
403 404 2207
117 618 2208
200 1661 2209
1289 1291 2210
219 416 2211
921 983 2212
7 246 2213
1059 1320 2214
1435 1446 2215
1390 1836 2216
150 200 2217
110 135 2218
879 914 2219
124 125 2220
542 596 2221
410 418 2222
449 539 2223
920 922 2224
10 244 2225
18 30 2226
162 834 2227
34 37 2228
587 917 2229
62 74 2230
1340 1376 2231
1446 1499 2232
86 1844 2233
84 85 2234
404 463 2235
382 383 2236
90 149 2237
659 831 2238
367 387 2239
633 1051 2240
91 92 2241
275 276 2242
633 634 2243
885 893 2244
10 1058 2245
153 274 2246
43 190 2247
120 129 2248
187 198 2249
76 363 2250
212 536 2251
0 186 2252
1112 1146 2253
14 56 2254
126 680 2255
41 1457 2256
1390 1459 2257
129 1439 2258
706 1634 2259
0 303 2260
118 131 2261
192 212 2262
338 490 2263
278 707 2264
378 927 2265
76 236 2266
124 1299 2267
199 596 2268
88 1425 2269
200 806 2270
470 1223 2271
202 1709 2272
52 266 2273
132 393 2274
80 685 2275
27 1320 2276
401 563 2277
463 1546 2278
32 57 2279
151 484 2280
30 45 2281
136 1707 2282
255 352 2283
269 378 2284
163 601 2285
185 1707 2286
7 687 2287
11 12 2288
290 1097 2289
91 1016 2290
419 1142 2291
85 1645 2292
107 114 2293
269 610 2294
505 896 2295
26 1668 2296
136 275 2297
355 460 2298
630 682 2299
587 1813 2300
124 222 2301
419 1829 2302
1167 1634 2303
86 1858 2304
1036 1706 2305
383 719 2306
85 806 2307
551 1470 2308
80 837 2309
1352 1390 2310
34 190 2311
9 142 2312
460 478 2313
1320 1572 2314
125 134 2315
57 206 2316
85 454 2317
136 1573 2318
175 635 2319
185 1626 2320
129 143 2321
85 707 2322
196 1587 2323
37 43 2324
175 305 2325
51 466 2326
290 598 2327
1423 1870 2328
109 1220 2329
5 235 2330
109 613 2331
144 1605 2332
87 128 2333
223 682 2334
419 861 2335
185 1671 2336
153 1636 2337
453 469 2338
240 298 2339
303 412 2340
218 551 2341
31 32 2342
33 1250 2343
247 362 2344
342 438 2345
109 1749 2346
35 466 2347
120 133 2348
54 284 2349
136 1691 2350
153 319 2351
7 85 2352
57 632 2353
2 63 2354
136 758 2355
899 980 2356
383 1276 2357
138 1320 2358
269 867 2359
137 191 2360
378 1706 2361
109 258 2362
356 1692 2363
10 692 2364
378 763 2365
161 278 2366
225 298 2367
581 1231 2368
14 332 2369
86 985 2370
5 1301 2371
163 251 2372
109 1129 2373
470 1349 2374
1390 1458 2375
86 1712 2376
150 1503 2377
86 87 2378
0 5 2379
15 243 2380
972 1503 2381
11 1764 2382
185 222 2383
1503 1591 2384
5 401 2385
70 114 2386
140 189 2387
378 574 2388
200 1040 2389
127 218 2390
123 352 2391
574 1036 2392
3 780 2393
163 1627 2394
15 90 2395
18 595 2396
88 346 2397
11 665 2398
109 257 2399
5 1224 2400
127 1470 2401
0 51 2402
127 151 2403
460 490 2404
33 34 2405
3 432 2406
0 35 2407
129 212 2408
7 136 2409
80 193 2410
99 133 2411
269 1036 2412
275 1861 2413
110 193 2414
392 1706 2415
135 144 2416
98 143 2417
174 258 2418
392 574 2419
305 306 2420
980 1163 2421
0 1708 2422
356 1346 2423
610 1820 2424
13 1760 2425
338 401 2426
137 266 2427
11 411 2428
62 118 2429
65 175 2430
193 212 2431
144 1705 2432
11 283 2433
26 234 2434
5 1837 2435
45 757 2436
175 454 2437
460 726 2438
85 971 2439
196 215 2440
621 799 2441
15 1029 2442
144 1497 2443
630 867 2444
101 120 2445
278 1457 2446
255 373 2447
302 883 2448
5 6 2449
778 1230 2450
185 524 2451
175 1141 2452
189 796 2453
136 1562 2454
342 756 2455
158 390 2456
76 140 2457
27 1599 2458
275 670 2459
0 453 2460
110 836 2461
175 288 2462
290 354 2463
109 313 2464
419 479 2465
101 143 2466
0 1465 2467
127 236 2468
135 1231 2469
110 1461 2470
5 111 2471
61 76 2472
141 151 2473
778 880 2474
133 143 2475
303 338 2476
630 806 2477
200 1697 2478
142 278 2479
136 1626 2480
88 121 2481
15 128 2482
356 770 2483
610 1056 2484
0 442 2485
138 863 2486
0 1868 2487
126 277 2488
43 806 2489
0 427 2490
3 532 2491
138 223 2492
367 402 2493
13 1166 2494
88 768 2495
26 1320 2496
117 132 2497
127 225 2498
175 452 2499
11 118 2500
126 259 2501
31 632 2502
773 778 2503
80 209 2504
61 189 2505
67 269 2506
27 1193 2507
11 438 2508
367 459 2509
26 1386 2510
15 130 2511
221 269 2512
383 494 2513
87 114 2514
57 130 2515
512 573 2516
610 1099 2517
278 1302 2518
60 88 2519
126 629 2520
927 1036 2521
200 221 2522
137 1167 2523
778 1476 2524
684 1231 2525
356 357 2526
426 542 2527
368 426 2528
57 68 2529
85 394 2530
200 491 2531
174 222 2532
7 8 2533
137 706 2534
76 1704 2535
85 90 2536
42 142 2537
68 539 2538
149 463 2539
355 465 2540
15 275 2541
14 955 2542
138 1387 2543
401 1087 2544
621 1588 2545
356 771 2546
13 452 2547
15 61 2548
139 272 2549
27 907 2550
269 1441 2551
139 1824 2552
0 1519 2553
63 87 2554
138 352 2555
67 212 2556
255 1320 2557
419 1324 2558
139 1349 2559
56 60 2560
356 909 2561
126 1058 2562
139 152 2563
2 191 2564
14 979 2565
190 1711 2566
524 573 2567
137 1195 2568
45 330 2569
635 712 2570
76 1324 2571
85 332 2572
269 1059 2573
190 1571 2574
163 426 2575
611 633 2576
356 1367 2577
190 1856 2578
26 41 2579
190 1424 2580
3 342 2581
524 582 2582
190 901 2583
43 142 2584
0 369 2585
621 706 2586
139 839 2587
15 712 2588
163 199 2589
91 1029 2590
356 1689 2591
610 682 2592
254 586 2593
1163 1221 2594
91 403 2595
356 1537 2596
91 1704 2597
43 1705 2598
118 266 2599
43 1497 2600
0 896 2601
15 58 2602
162 360 2603
275 596 2604
63 621 2605
65 1425 2606
45 595 2607
223 806 2608
141 1029 2609
10 1867 2610
196 435 2611
247 756 2612
303 1517 2613
66 120 2614
269 392 2615
185 582 2616
66 67 2617
43 1059 2618
338 465 2619
87 107 2620
586 756 2621
142 223 2622
15 63 2623
0 909 2624
1231 1423 2625
144 244 2626
86 543 2627
196 197 2628
0 244 2629
302 893 2630
196 207 2631
438 532 2632
806 1351 2633
147 151 2634
162 1691 2635
80 273 2636
91 149 2637
185 394 2638
196 1873 2639
438 475 2640
10 1866 2641
247 254 2642
269 1351 2643
0 1867 2644
199 1691 2645
147 692 2646
143 244 2647
15 1497 2648
27 167 2649
26 167 2650
0 1866 2651
27 33 2652
15 1705 2653
3 475 2654
163 1709 2655
33 43 2656
1423 1705 2657
1423 1497 2658
