100 310 1
100 171 2
90 91 3
90 808 4
90 910 5
100 430 6
450 910 7
90 450 8
100 1079 9
310 1079 10
179 808 11
358 409 12
450 808 13
90 633 14
171 310 15
179 450 16
179 633 17
450 633 18
28 77 19
28 82 20
28 912 21
207 358 22
207 409 23
633 808 24
808 878 25
116 871 26
90 179 27
242 409 28
909 910 29
90 878 30
450 878 31
77 622 32
91 1068 33
91 950 34
633 878 35
808 1044 36
82 84 37
116 1024 38
207 208 39
808 1045 40
28 84 41
116 711 42
28 344 43
116 1023 44
1044 1045 45
711 1024 46
28 343 47
94 622 48
711 1023 49
310 436 50
910 959 51
1023 1024 52
51 52 53
51 233 54
77 912 55
622 921 56
90 310 57
28 44 58
179 878 59
171 179 60
631 633 61
77 136 62
90 168 63
169 310 64
51 232 65
72 409 66
94 921 67
91 1034 68
84 355 69
91 951 70
271 279 71
911 912 72
271 379 73
72 358 74
169 171 75
271 925 76
909 959 77
168 310 78
271 272 79
207 242 80
50 51 81
90 169 82
205 409 83
876 877 84
310 463 85
343 344 86
889 1025 87
889 982 88
232 233 89
343 889 90
632 633 91
168 171 92
28 29 93
28 911 94
136 858 95
171 1079 96
51 875 97
82 83 98
205 358 99
233 875 100
267 622 101
44 344 102
90 170 103
90 171 104
170 171 105
51 574 106
89 950 107
358 365 108
233 381 109
232 875 110
276 409 111
83 84 112
233 236 113
243 335 114
89 91 115
51 98 116
89 1068 117
233 382 118
31 336 119
90 436 120
137 138 121
51 213 122
83 136 123
52 574 124
243 244 125
358 370 126
574 806 127
168 169 128
242 930 129
170 436 130
171 241 131
71 72 132
335 336 133
76 77 134
89 951 135
336 935 136
505 506 137
90 286 138
242 337 139
1034 1068 140
77 267 141
171 286 142
89 1034 143
169 170 144
950 951 145
44 343 146
31 298 147
31 934 148
381 382 149
168 286 150
169 286 151
169 463 152
101 263 153
168 170 154
30 31 155
72 338 156
242 273 157
52 98 158
90 463 159
171 436 160
136 411 161
203 205 162
204 205 163
72 365 164
136 266 165
184 242 166
45 251 167
51 236 168
170 286 169
171 248 170
183 184 171
51 505 172
242 397 173
205 206 174
90 199 175
184 338 176
205 276 177
51 506 178
90 198 179
77 411 180
83 132 181
50 52 182
171 239 183
171 876 184
50 98 185
77 266 186
92 93 187
171 240 188
171 877 189
239 241 190
20 45 191
49 263 192
240 241 193
631 632 194
285 1056 195
68 171 196
68 241 197
69 171 198
284 285 199
606 820 200
15 673 201
69 241 202
171 198 203
273 397 204
171 463 205
174 443 206
93 213 207
19 45 208
45 227 209
18 293 210
175 443 211
472 489 212
13 673 213
305 307 214
171 199 215
13 15 216
18 45 217
18 320 218
206 370 219
19 20 220
14 15 221
18 20 222
18 434 223
90 523 224
92 213 225
305 306 226
13 14 227
174 175 228
18 19 229
20 227 230
90 473 231
19 227 232
239 240 233
306 307 234
83 820 235
320 434 236
19 320 237
20 293 238
198 199 239
307 451 240
305 451 241
19 293 242
90 474 243
18 117 244
203 206 245
203 204 246
50 213 247
17 18 248
204 206 249
18 792 250
19 434 251
422 929 252
929 1042 253
306 451 254
171 473 255
522 523 256
48 49 257
422 1042 258
18 435 259
20 459 260
90 522 261
44 49 262
49 270 263
171 474 264
184 273 265
20 292 266
20 460 267
20 461 268
49 748 269
17 19 270
20 320 271
49 822 272
83 606 273
19 117 274
68 69 275
19 292 276
20 472 277
19 792 278
459 462 279
19 472 280
461 462 281
19 435 282
460 462 283
459 461 284
459 460 285
460 461 286
