90 91 1
90 633 2
450 633 3
450 878 4
90 450 5
90 808 6
179 450 7
450 808 8
633 878 9
808 878 10
179 633 11
179 808 12
28 29 13
633 808 14
13 15 15
808 1045 16
14 15 17
90 878 18
13 14 19
15 673 20
28 911 21
28 82 22
28 912 23
179 878 24
808 1044 25
13 673 26
28 344 27
207 358 28
28 84 29
911 912 30
116 711 31
116 871 32
711 1023 33
116 1023 34
28 44 35
28 343 36
116 1024 37
711 1024 38
90 179 39
91 1068 40
450 910 41
1023 1024 42
207 208 43
631 633 44
207 409 45
28 77 46
44 344 47
51 233 48
94 921 49
94 622 50
1044 1045 51
632 633 52
876 877 53
89 91 54
207 242 55
343 344 56
242 409 57
358 409 58
84 355 59
335 336 60
171 179 61
51 574 62
91 1034 63
889 1025 64
44 343 65
171 876 66
243 335 67
82 84 68
622 921 69
77 912 70
343 889 71
358 365 72
889 982 73
90 169 74
91 951 75
90 170 76
31 336 77
72 358 78
276 409 79
205 409 80
336 935 81
91 950 82
51 232 83
51 875 84
909 910 85
90 522 86
358 370 87
205 358 88
72 409 89
169 170 90
90 168 91
910 959 92
90 910 93
170 171 94
232 233 95
242 273 96
82 83 97
243 244 98
92 93 99
90 171 100
89 1068 101
233 236 102
242 930 103
242 337 104
909 959 105
48 49 106
171 877 107
90 523 108
184 242 109
51 98 110
90 310 111
205 276 112
168 169 113
90 286 114
271 379 115
169 171 116
233 875 117
522 523 118
51 52 119
242 397 120
50 98 121
50 51 122
89 950 123
271 272 124
89 951 125
168 170 126
77 622 127
271 279 128
184 338 129
1034 1068 130
184 273 131
72 365 132
232 875 133
271 925 134
51 236 135
83 84 136
93 213 137
52 98 138
72 338 139
89 1034 140
267 622 141
169 286 142
52 574 143
90 463 144
273 397 145
950 951 146
170 286 147
100 430 148
171 241 149
71 72 150
77 267 151
233 381 152
168 171 153
171 239 154
50 52 155
92 213 156
205 206 157
171 286 158
90 198 159
100 1079 160
183 184 161
233 382 162
239 241 163
68 171 164
168 286 165
45 251 166
204 205 167
240 241 168
68 241 169
90 474 170
69 241 171
76 77 172
100 171 173
239 240 174
69 171 175
169 463 176
90 436 177
49 822 178
203 205 179
45 227 180
83 136 181
90 473 182
49 263 183
171 310 184
204 206 185
631 632 186
77 136 187
206 370 188
77 411 189
171 198 190
171 1079 191
30 31 192
170 436 193
20 45 194
100 310 195
19 227 196
31 298 197
77 266 198
20 227 199
169 310 200
31 934 201
171 248 202
18 45 203
68 69 204
101 263 205
203 206 206
90 199 207
171 463 208
305 307 209
51 213 210
168 310 211
171 240 212
19 45 213
574 806 214
381 382 215
44 49 216
310 1079 217
20 293 218
203 204 219
49 270 220
20 292 221
17 18 222
171 473 223
18 435 224
171 474 225
18 20 226
18 293 227
19 435 228
18 117 229
19 117 230
50 213 231
19 292 232
17 19 233
19 293 234
18 792 235
305 306 236
305 451 237
306 307 238
49 748 239
20 320 240
51 505 241
307 451 242
19 20 243
19 792 244
171 199 245
198 199 246
51 506 247
136 411 248
171 436 249
18 19 250
19 320 251
929 1042 252
19 434 253
18 434 254
83 132 255
306 451 256
18 320 257
136 266 258
310 463 259
320 434 260
422 1042 261
136 858 262
422 929 263
83 820 264
20 461 265
137 138 266
20 459 267
19 472 268
20 460 269
20 472 270
310 436 271
83 606 272
505 506 273
472 489 274
461 462 275
606 820 276
459 462 277
460 462 278
285 1056 279
284 285 280
174 175 281
459 461 282
460 461 283
175 443 284
174 443 285
459 460 286
