100 171 1
450 808 2
90 450 3
90 808 4
100 1079 5
179 450 6
450 633 7
808 1044 8
179 808 9
633 808 10
179 633 11
90 179 12
28 84 13
28 343 14
90 633 15
116 871 16
82 84 17
711 1023 18
808 1045 19
28 82 20
90 91 21
207 358 22
632 633 23
711 1024 24
631 633 25
28 911 26
91 950 27
100 310 28
171 1079 29
909 910 30
44 343 31
91 1068 32
450 910 33
343 344 34
28 29 35
44 344 36
91 951 37
116 711 38
450 878 39
169 171 40
72 358 41
28 44 42
89 91 43
171 876 44
808 878 45
90 910 46
343 889 47
1023 1024 48
28 344 49
116 1023 50
28 912 51
90 169 52
232 233 53
633 878 54
207 409 55
169 170 56
233 875 57
310 1079 58
51 875 59
100 430 60
876 877 61
90 878 62
232 875 63
89 950 64
72 409 65
271 279 66
116 1024 67
271 925 68
271 379 69
1044 1045 70
90 171 71
271 272 72
31 336 73
31 934 74
168 169 75
171 179 76
91 1034 77
336 935 78
51 232 79
910 959 80
83 84 81
31 298 82
89 1068 83
631 632 84
179 878 85
89 951 86
30 31 87
242 337 88
169 310 89
171 436 90
68 69 91
82 83 92
242 930 93
911 912 94
358 409 95
51 98 96
233 236 97
358 365 98
171 877 99
909 959 100
169 286 101
243 335 102
137 138 103
50 52 104
51 233 105
51 52 106
90 168 107
205 409 108
335 336 109
358 370 110
168 171 111
171 310 112
89 1034 113
242 397 114
90 436 115
889 982 116
90 170 117
205 276 118
168 286 119
276 409 120
950 951 121
90 286 122
233 382 123
76 77 124
77 267 125
84 355 126
28 77 127
170 171 128
171 286 129
83 606 130
77 912 131
83 820 132
273 397 133
72 338 134
77 622 135
171 463 136
171 248 137
239 240 138
267 622 139
51 236 140
233 381 141
243 244 142
889 1025 143
50 98 144
71 72 145
381 382 146
90 199 147
90 198 148
94 622 149
171 198 150
90 310 151
171 199 152
205 358 153
207 242 154
94 921 155
49 263 156
52 98 157
72 365 158
168 170 159
171 240 160
205 206 161
170 286 162
522 523 163
1034 1068 164
207 208 165
83 132 166
206 370 167
90 463 168
171 239 169
242 409 170
51 574 171
90 523 172
242 273 173
239 241 174
606 820 175
240 241 176
69 171 177
52 574 178
69 241 179
83 136 180
174 443 181
50 51 182
68 241 183
204 205 184
622 921 185
77 411 186
203 205 187
171 241 188
136 266 189
68 171 190
422 929 191
472 489 192
18 45 193
136 411 194
285 1056 195
77 136 196
90 522 197
320 434 198
101 263 199
422 1042 200
77 266 201
45 227 202
169 463 203
284 285 204
15 673 205
306 307 206
20 45 207
92 93 208
174 175 209
175 443 210
13 15 211
20 227 212
310 436 213
45 251 214
184 338 215
929 1042 216
13 673 217
51 506 218
93 213 219
203 204 220
574 806 221
19 45 222
171 473 223
183 184 224
14 15 225
90 473 226
305 307 227
168 310 228
49 748 229
48 49 230
305 306 231
171 474 232
19 227 233
17 18 234
20 293 235
203 206 236
204 206 237
198 199 238
13 14 239
90 474 240
136 858 241
49 270 242
306 451 243
307 451 244
18 117 245
49 822 246
170 436 247
18 293 248
18 792 249
19 292 250
44 49 251
18 435 252
19 293 253
92 213 254
20 292 255
310 463 256
18 320 257
305 451 258
50 213 259
51 213 260
17 19 261
19 117 262
18 434 263
19 320 264
461 462 265
19 434 266
19 472 267
505 506 268
19 792 269
20 320 270
19 435 271
20 472 272
51 505 273
460 461 274
460 462 275
184 273 276
184 242 277
459 461 278
459 460 279
18 19 280
20 461 281
459 462 282
20 459 283
20 460 284
18 20 285
19 20 286
