92 93 1
179 198 2
179 180 3
23 119 4
22 119 5
73 74 6
161 162 7
162 172 8
22 23 9
74 162 10
58 59 11
168 169 12
167 168 13
115 123 14
112 113 15
113 116 16
123 127 17
146 147 18
116 123 19
30 132 20
30 148 21
132 148 22
115 127 23
111 114 24
137 138 25
30 31 26
114 115 27
17 18 28
46 75 29
12 17 30
12 18 31
6 57 32
12 19 33
18 19 34
17 19 35
62 63 36
6 10 37
139 140 38
10 12 39
53 54 40
170 171 41
5 173 42
10 57 43
5 54 44
88 89 45
5 10 46
128 129 47
5 6 48
10 173 49
19 20 50
6 173 51
5 57 52
53 57 53
45 75 54
47 48 55
184 189 56
189 196 57
11 12 58
173 178 59
173 174 60
45 46 61
10 11 62
34 35 63
75 94 64
46 94 65
165 166 66
19 178 67
171 196 68
205 214 69
181 184 70
13 14 71
206 214 72
65 66 73
171 195 74
26 27 75
32 33 76
5 177 77
205 206 78
5 200 79
173 200 80
177 178 81
170 181 82
170 195 83
86 87 84
98 99 85
3 4 86
135 136 87
37 38 88
43 44 89
155 156 90
109 110 91
107 183 92
107 160 93
107 108 94
76 157 95
101 213 96
15 16 97
124 125 98
41 80 99
41 153 100
90 91 101
76 120 102
76 101 103
177 193 104
190 212 105
130 131 106
104 192 107
80 153 108
41 42 109
103 192 110
193 202 111
24 25 112
103 104 113
197 202 114
76 77 115
76 126 116
191 197 117
71 95 118
190 191 119
117 118 120
77 157 121
186 194 122
186 187 123
151 152 124
126 157 125
60 61 126
188 194 127
151 154 128
187 188 129
149 150 130
163 164 131
39 102 132
121 122 133
71 72 134
82 83 135
40 102 136
71 133 137
207 208 138
95 133 139
39 40 140
72 95 141
209 210 142
7 50 143
8 9 144
9 36 145
0 1 146
51 52 147
67 68 148
1 21 149
2 9 150
69 70 151
96 97 152
1 7 153
55 56 154
84 85 155
158 159 156
175 176 157
55 64 158
28 67 159
28 29 160
55 204 161
55 134 162
144 145 163
142 143 164
84 176 165
142 185 166
105 106 167
182 201 168
201 203 169
142 182 170
55 105 171
78 79 172
134 199 173
142 201 174
55 106 175
55 199 176
79 145 177
182 211 178
142 211 179
28 204 180
