167 168 1
168 169 2
137 138 3
74 162 4
109 110 5
51 52 6
73 74 7
162 172 8
161 162 9
3 4 10
12 17 11
12 18 12
151 154 13
170 171 14
12 19 15
151 152 16
41 153 17
17 18 18
41 80 19
80 153 20
17 19 21
130 131 22
18 19 23
41 42 24
55 134 25
11 12 26
55 105 27
1 7 28
0 1 29
170 181 30
55 106 31
60 61 32
170 195 33
55 199 34
55 56 35
171 195 36
19 20 37
55 64 38
181 184 39
171 196 40
10 12 41
19 178 42
1 21 43
184 189 44
22 23 45
58 59 46
173 178 47
55 204 48
177 178 49
115 123 50
139 140 51
10 173 52
10 11 53
149 150 54
46 75 55
177 193 56
189 196 57
7 50 58
134 199 59
114 115 60
23 119 61
173 200 62
173 174 63
5 173 64
6 173 65
5 177 66
179 198 67
6 10 68
5 10 69
115 127 70
179 180 71
45 75 72
5 200 73
5 6 74
45 46 75
82 83 76
76 101 77
105 106 78
116 123 79
30 132 80
76 77 81
71 95 82
123 127 83
22 119 84
10 57 85
112 113 86
5 54 87
5 57 88
76 126 89
128 129 90
30 31 91
24 25 92
76 157 93
113 116 94
30 148 95
111 114 96
6 57 97
124 125 98
13 14 99
158 159 100
46 94 101
132 148 102
62 63 103
53 54 104
75 94 105
88 89 106
28 67 107
53 57 108
72 95 109
84 176 110
193 202 111
103 104 112
71 72 113
28 204 114
190 191 115
76 120 116
146 147 117
39 102 118
28 29 119
39 40 120
40 102 121
191 197 122
90 91 123
104 192 124
77 157 125
95 133 126
103 192 127
101 213 128
71 133 129
79 145 130
126 157 131
67 68 132
190 212 133
2 9 134
96 97 135
8 9 136
9 36 137
78 79 138
197 202 139
84 85 140
186 187 141
187 188 142
117 118 143
47 48 144
92 93 145
186 194 146
121 122 147
144 145 148
163 164 149
188 194 150
175 176 151
37 38 152
43 44 153
86 87 154
34 35 155
155 156 156
32 33 157
65 66 158
98 99 159
69 70 160
107 160 161
107 183 162
107 108 163
26 27 164
142 182 165
201 203 166
142 201 167
182 201 168
165 166 169
142 185 170
142 143 171
135 136 172
142 211 173
182 211 174
15 16 175
209 210 176
207 208 177
205 206 178
205 214 179
206 214 180
