5 10 1
5 6 2
5 177 3
6 10 4
5 173 5
45 46 6
10 12 7
46 75 8
12 17 9
5 54 10
103 104 11
12 18 12
45 75 13
22 23 14
10 173 15
12 19 16
10 11 17
6 173 18
41 80 19
71 72 20
5 57 21
5 200 22
71 95 23
17 19 24
177 193 25
18 19 26
186 187 27
17 18 28
46 94 29
76 126 30
76 77 31
76 101 32
28 67 33
170 171 34
187 188 35
30 132 36
10 57 37
53 54 38
11 12 39
103 192 40
41 153 41
41 42 42
186 194 43
6 57 44
190 191 45
184 189 46
177 178 47
181 184 48
205 206 49
104 192 50
73 74 51
72 95 52
109 110 53
22 119 54
171 196 55
171 195 56
19 20 57
19 178 58
71 133 59
53 57 60
188 194 61
170 181 62
30 31 63
30 148 64
155 156 65
74 162 66
173 200 67
173 174 68
173 178 69
75 94 70
151 154 71
151 152 72
190 212 73
28 204 74
28 29 75
39 40 76
112 113 77
167 168 78
101 213 79
80 153 80
58 59 81
146 147 82
23 119 83
76 120 84
76 157 85
67 68 86
161 162 87
162 172 88
24 25 89
179 180 90
179 198 91
191 197 92
26 27 93
170 195 94
189 196 95
62 63 96
95 133 97
32 33 98
88 89 99
149 150 100
128 129 101
92 93 102
90 91 103
163 164 104
137 138 105
39 102 106
165 166 107
9 36 108
8 9 109
98 99 110
86 87 111
111 114 112
60 61 113
55 106 114
55 199 115
55 56 116
55 64 117
55 204 118
126 157 119
77 157 120
132 148 121
158 159 122
113 116 123
107 108 124
107 183 125
107 160 126
209 210 127
47 48 128
15 16 129
37 38 130
130 131 131
134 199 132
40 102 133
175 176 134
135 136 135
51 52 136
206 214 137
115 123 138
43 44 139
69 70 140
96 97 141
197 202 142
193 202 143
168 169 144
139 140 145
105 106 146
124 125 147
13 14 148
144 145 149
205 214 150
123 127 151
121 122 152
82 83 153
7 50 154
116 123 155
115 127 156
3 4 157
114 115 158
34 35 159
201 203 160
117 118 161
0 1 162
65 66 163
84 85 164
78 79 165
1 21 166
84 176 167
207 208 168
1 7 169
182 211 170
55 134 171
2 9 172
79 145 173
142 185 174
142 143 175
142 211 176
182 201 177
55 105 178
142 201 179
142 182 180
