1155 1193 1
1155 1185 2
1155 1199 3
1185 1193 4
1105 1155 5
1155 1171 6
1155 1169 7
1155 1168 8
1155 1167 9
1105 1168 10
1105 1199 11
1155 1170 12
359 1084 13
1168 1199 14
850 1077 15
1080 1081 16
14 535 17
335 1084 18
91 94 19
340 680 20
1169 1171 21
91 491 22
347 512 23
719 937 24
91 411 25
214 837 26
91 250 27
94 491 28
535 1076 29
1170 1171 30
937 956 31
214 1127 32
656 657 33
94 193 34
701 1007 35
723 776 36
214 702 37
255 374 38
91 1083 39
439 722 40
695 1035 41
94 411 42
535 722 43
1169 1170 44
695 1033 45
91 1055 46
94 335 47
270 394 48
335 1083 49
1035 1103 50
94 1084 51
695 1034 52
91 129 53
695 1103 54
1035 1200 55
299 1081 56
14 722 57
695 1200 58
214 699 59
299 1080 60
1116 1117 61
309 1005 62
359 1225 63
1103 1200 64
91 335 65
412 937 66
1077 1078 67
630 1074 68
951 953 69
11 1133 70
214 1036 71
94 250 72
1034 1035 73
850 1078 74
117 1005 75
335 1057 76
347 921 77
311 1052 78
214 1037 79
94 1083 80
91 1056 81
436 937 82
14 1076 83
320 1105 84
722 1076 85
937 946 86
1004 1005 87
335 1066 88
129 937 89
214 669 90
1033 1035 91
953 954 92
117 309 93
320 359 94
325 703 95
1070 1105 96
953 956 97
719 920 98
383 384 99
335 1052 100
762 888 101
326 703 102
1104 1105 103
160 937 104
722 1128 105
11 1243 106
73 1054 107
335 725 108
94 1055 109
724 1073 110
255 792 111
695 802 112
952 953 113
212 214 114
722 1007 115
214 957 116
325 1043 117
811 1137 118
214 662 119
695 846 120
993 994 121
722 1088 122
960 961 123
73 960 124
324 325 125
309 1032 126
521 630 127
1065 1066 128
724 776 129
475 516 130
263 821 131
91 398 132
94 1056 133
187 1117 134
695 1096 135
394 1067 136
311 703 137
324 326 138
161 162 139
187 1116 140
200 937 141
233 464 142
91 576 143
214 1082 144
263 712 145
724 1128 146
521 1074 147
722 724 148
335 1040 149
73 961 150
94 129 151
214 1049 152
937 1109 153
1033 1034 154
214 965 155
829 1031 156
94 398 157
117 1049 158
325 326 159
166 309 160
1073 1196 161
193 732 162
475 567 163
801 994 164
187 464 165
69 1045 166
250 1055 167
359 866 168
695 811 169
758 1044 170
719 1064 171
187 233 172
58 476 173
623 1075 174
94 576 175
94 579 176
722 1176 177
250 1056 178
412 1061 179
937 1061 180
299 300 181
1052 1053 182
884 1219 183
117 166 184
937 1042 185
255 267 186
476 1113 187
406 623 188
412 719 189
91 92 190
335 1094 191
1055 1056 192
801 993 193
91 1051 194
117 758 195
394 711 196
335 1111 197
623 1201 198
248 722 199
335 1190 200
937 1107 201
946 956 202
14 439 203
719 1021 204
359 646 205
436 1109 206
359 790 207
340 1035 208
347 1134 209
921 1134 210
311 326 211
516 567 212
686 1007 213
534 535 214
723 1073 215
166 439 216
789 1115 217
193 337 218
311 324 219
702 1037 220
1073 1175 221
311 1043 222
411 412 223
1006 1007 224
1052 1114 225
335 1191 226
1052 1066 227
951 954 228
91 377 229
311 325 230
686 722 231
1052 1065 232
6 91 233
514 516 234
340 695 235
614 722 236
58 1113 237
86 309 238
91 399 239
14 714 240
14 683 241
133 937 242
193 1108 243
335 1153 244
364 745 245
887 888 246
627 937 247
723 1121 248
411 461 249
43 239 250
937 1106 251
1101 1102 252
1190 1191 253
104 126 254
239 1208 255
91 93 256
255 338 257
170 521 258
299 363 259
300 363 260
954 956 261
1054 1143 262
727 1007 263
299 1058 264
271 722 265
719 1085 266
946 1106 267
287 719 268
374 712 269
722 1115 270
67 1158 271
412 1085 272
67 1195 273
390 994 274
722 829 275
94 399 276
117 408 277
214 309 278
390 993 279
723 775 280
1136 1137 281
14 50 282
582 1071 283
614 724 284
1072 1073 285
568 829 286
214 1041 287
722 1031 288
239 1093 289
1096 1097 290
411 1118 291
198 340 292
722 723 293
212 309 294
514 567 295
67 839 296
801 802 297
94 397 298
320 1084 299
411 719 300
166 167 301
917 1073 302
356 776 303
287 412 304
701 832 305
719 1030 306
239 630 307
94 102 308
996 998 309
67 1202 310
408 916 311
723 724 312
86 117 313
436 627 314
704 1102 315
341 1130 316
311 418 317
347 1122 318
248 996 319
94 377 320
6 94 321
952 954 322
6 250 323
309 965 324
686 947 325
320 720 326
1203 1204 327
14 346 328
340 1034 329
14 1086 330
91 1206 331
356 1163 332
439 1086 333
704 1101 334
67 1160 335
117 1044 336
723 1128 337
255 780 338
320 1104 339
439 735 340
15 745 341
812 1096 342
166 697 343
248 999 344
170 1000 345
129 287 346
117 916 347
255 298 348
320 1070 349
439 845 350
348 1123 351
861 915 352
1159 1160 353
340 1033 354
702 957 355
997 998 356
439 683 357
103 582 358
680 995 359
319 320 360
996 997 361
719 1118 362
325 354 363
798 811 364
457 888 365
92 94 366
14 1087 367
982 1162 368
998 999 369
14 793 370
129 411 371
298 338 372
1070 1104 373
15 364 374
248 998 375
346 439 376
468 471 377
89 255 378
361 668 379
439 1087 380
153 311 381
157 888 382
225 982 383
248 997 384
945 946 385
311 1053 386
908 909 387
166 805 388
996 999 389
91 1207 390
722 1121 391
830 949 392
332 914 393
680 826 394
798 908 395
909 910 396
225 919 397
910 912 398
241 1001 399
798 912 400
568 851 401
58 389 402
909 912 403
695 799 404
909 911 405
912 913 406
389 1003 407
735 1086 408
908 912 409
614 723 410
798 909 411
14 845 412
182 856 413
166 1125 414
389 1002 415
908 911 416
910 911 417
252 1001 418
348 1122 419
390 801 420
103 889 421
341 353 422
86 380 423
908 910 424
937 1120 425
695 812 426
348 754 427
997 999 428
909 913 429
626 830 430
14 905 431
910 913 432
239 289 433
1001 1100 434
73 564 435
126 311 436
92 250 437
270 559 438
958 959 439
14 735 440
513 514 441
347 1123 442
798 911 443
911 912 444
69 347 445
712 1119 446
22 725 447
126 418 448
10 73 449
911 913 450
225 1161 451
761 762 452
908 913 453
91 635 454
309 702 455
14 625 456
67 915 457
117 380 458
86 683 459
193 706 460
582 583 461
332 829 462
309 957 463
1161 1162 464
166 683 465
356 756 466
701 788 467
850 1204 468
289 1093 469
86 1112 470
298 919 471
347 754 472
72 73 473
14 396 474
329 888 475
347 843 476
850 1203 477
117 1125 478
618 1010 479
1089 1090 480
1095 1097 481
826 995 482
73 964 483
222 468 484
732 833 485
389 626 486
166 854 487
103 583 488
1002 1003 489
73 340 490
346 735 491
347 348 492
712 840 493
287 411 494
347 844 495
520 661 496
103 944 497
348 844 498
411 842 499
839 1089 500
225 298 501
714 845 502
721 724 503
225 264 504
299 774 505
626 949 506
798 963 507
22 707 508
248 828 509
798 913 510
166 1098 511
412 1018 512
374 761 513
48 804 514
41 254 515
220 222 516
251 325 517
375 400 518
1097 1194 519
248 829 520
797 1010 521
14 1132 522
48 166 523
389 470 524
348 843 525
683 1086 526
439 539 527
641 839 528
510 618 529
129 946 530
468 1164 531
712 803 532
14 947 533
761 888 534
594 596 535
67 1159 536
776 777 537
476 1009 538
439 759 539
1001 1126 540
139 311 541
788 832 542
117 1032 543
375 376 544
439 793 545
707 708 546
200 922 547
951 956 548
1122 1123 549
418 652 550
14 594 551
14 228 552
228 439 553
76 841 554
355 356 555
48 852 556
248 1031 557
329 368 558
476 1099 559
776 1163 560
316 347 561
129 160 562
594 595 563
839 1090 564
510 797 565
388 389 566
221 222 567
69 348 568
646 866 569
225 226 570
721 723 571
375 809 572
126 170 573
688 940 574
255 849 575
660 661 576
247 248 577
754 844 578
683 1087 579
683 807 580
610 680 581
129 427 582
638 712 583
804 852 584
888 941 585
798 910 586
955 956 587
564 964 588
270 711 589
629 630 590
576 918 591
374 414 592
595 596 593
167 683 594
439 625 595
122 776 596
982 1161 597
646 790 598
502 688 599
884 1074 600
166 948 601
403 630 602
129 270 603
139 1166 604
270 1067 605
471 861 606
332 334 607
287 1118 608
683 735 609
942 943 610
6 903 611
361 794 612
42 946 613
222 223 614
838 839 615
610 826 616
754 843 617
512 921 618
69 754 619
626 934 620
6 92 621
248 648 622
610 995 623
103 104 624
412 1182 625
772 847 626
167 439 627
712 1230 628
6 343 629
381 697 630
540 1147 631
270 847 632
811 812 633
166 853 634
510 1010 635
835 950 636
390 1046 637
166 778 638
270 331 639
360 361 640
6 1110 641
291 396 642
640 668 643
311 1220 644
361 795 645
618 797 646
661 785 647
502 940 648
1147 1149 649
270 772 650
843 844 651
538 539 652
847 848 653
14 46 654
457 761 655
335 892 656
248 332 657
250 399 658
386 396 659
41 773 660
139 1165 661
161 163 662
321 322 663
6 850 664
772 848 665
839 1038 666
316 843 667
400 401 668
331 772 669
69 844 670
331 847 671
14 15 672
250 398 673
396 416 674
1096 1154 675
69 843 676
316 844 677
41 186 678
540 1149 679
354 763 680
145 958 681
521 884 682
248 362 683
841 873 684
695 798 685
321 323 686
316 754 687
668 820 688
6 377 689
94 635 690
270 848 691
540 674 692
14 539 693
332 333 694
145 959 695
374 1119 696
1030 1118 697
92 102 698
789 827 699
941 943 700
348 637 701
248 368 702
39 394 703
798 1008 704
331 848 705
952 956 706
322 323 707
941 1091 708
58 470 709
370 701 710
22 76 711
255 457 712
22 819 713
270 925 714
351 508 715
307 646 716
1147 1150 717
361 454 718
328 396 719
8 9 720
798 812 721
316 348 722
642 643 723
982 1248 724
129 357 725
846 1092 726
1047 1048 727
412 718 728
798 799 729
139 621 730
92 377 731
251 824 732
285 564 733
380 683 734
931 932 735
248 929 736
6 101 737
14 88 738
14 596 739
130 411 740
707 709 741
251 354 742
92 397 743
254 259 744
2 726 745
63 661 746
104 117 747
360 795 748
20 129 749
396 643 750
941 942 751
2 792 752
341 342 753
573 639 754
674 1149 755
22 886 756
794 795 757
323 783 758
339 341 759
48 853 760
104 246 761
804 822 762
413 683 763
1149 1150 764
299 628 765
232 375 766
674 1147 767
129 292 768
370 406 769
86 705 770
641 1038 771
6 345 772
220 526 773
22 708 774
45 439 775
674 1150 776
22 1129 777
270 502 778
139 1145 779
351 485 780
540 1150 781
335 351 782
963 1008 783
251 823 784
697 805 785
22 709 786
47 48 787
251 763 788
6 398 789
8 73 790
41 786 791
54 72 792
335 603 793
573 818 794
48 713 795
76 111 796
241 439 797
167 1098 798
661 784 799
815 816 800
41 787 801
130 200 802
73 349 803
255 779 804
232 809 805
727 923 806
156 661 807
22 694 808
139 1231 809
518 808 810
507 508 811
167 948 812
8 532 813
139 1220 814
299 930 815
384 1060 816
330 876 817
14 643 818
76 204 819
117 229 820
129 956 821
5 656 822
92 398 823
248 647 824
438 439 825
1018 1182 826
63 784 827
292 411 828
573 641 829
6 1203 830
122 356 831
259 710 832
384 431 833
935 936 834
99 1079 835
47 713 836
129 461 837
157 762 838
248 334 839
129 842 840
1096 1142 841
63 156 842
36 357 843
291 386 844
611 714 845
14 538 846
646 791 847
22 700 848
264 391 849
299 352 850
22 825 851
156 784 852
221 526 853
223 526 854
129 537 855
553 753 856
123 182 857
304 510 858
104 585 859
471 526 860
816 817 861
393 394 862
1138 1139 863
72 768 864
117 246 865
1120 1152 866
287 1182 867
323 1233 868
308 682 869
727 728 870
1046 1050 871
41 336 872
248 1177 873
287 1018 874
72 932 875
392 394 876
92 101 877
104 357 878
129 130 879
439 561 880
708 709 881
864 935 882
220 223 883
748 749 884
129 143 885
200 537 886
815 817 887
22 456 888
340 342 889
457 864 890
167 387 891
384 1221 892
46 439 893
339 340 894
360 1047 895
89 267 896
750 751 897
864 936 898
22 137 899
297 529 900
92 836 901
270 752 902
823 824 903
86 716 904
470 471 905
89 849 906
323 782 907
392 393 908
130 287 909
1165 1166 910
186 337 911
139 1217 912
360 1048 913
471 525 914
531 643 915
407 553 916
340 341 917
343 344 918
22 785 919
122 777 920
330 373 921
488 833 922
22 791 923
704 939 924
122 1163 925
508 891 926
856 857 927
61 72 928
126 171 929
384 522 930
34 35 931
185 186 932
6 1204 933
380 716 934
491 492 935
126 365 936
184 186 937
6 399 938
72 931 939
515 516 940
182 395 941
220 221 942
732 766 943
528 529 944
694 700 945
248 333 946
333 334 947
645 646 948
229 230 949
271 800 950
335 485 951
339 342 952
397 398 953
559 704 954
618 619 955
156 660 956
286 287 957
360 794 958
347 637 959
143 200 960
63 660 961
385 386 962
22 750 963
10 349 964
308 471 965
139 158 966
323 362 967
491 1023 968
973 1227 969
490 491 970
221 223 971
129 900 972
223 471 973
351 891 974
304 618 975
377 576 976
92 576 977
72 622 978
161 245 979
129 890 980
86 379 981
4 394 982
75 529 983
404 630 984
817 863 985
303 618 986
471 524 987
510 511 988
201 516 989
129 200 990
143 270 991
151 541 992
77 78 993
407 753 994
414 761 995
416 417 996
270 503 997
680 1068 998
779 950 999
335 519 1000
471 808 1001
130 292 1002
92 399 1003
360 371 1004
287 292 1005
344 345 1006
200 270 1007
710 865 1008
101 377 1009
523 767 1010
378 643 1011
384 1224 1012
109 1139 1013
680 1131 1014
73 768 1015
101 343 1016
308 526 1017
46 562 1018
72 349 1019
117 245 1020
270 537 1021
379 380 1022
371 372 1023
143 503 1024
509 510 1025
732 862 1026
220 471 1027
22 646 1028
143 537 1029
36 104 1030
471 988 1031
78 710 1032
129 855 1033
502 503 1034
779 835 1035
303 510 1036
108 973 1037
328 386 1038
383 1059 1039
559 933 1040
360 369 1041
680 1135 1042
6 836 1043
248 667 1044
343 345 1045
220 308 1046
362 1177 1047
157 1039 1048
25 26 1049
129 771 1050
471 518 1051
160 427 1052
160 685 1053
403 629 1054
362 782 1055
704 933 1056
101 345 1057
109 1138 1058
221 471 1059
9 532 1060
384 1223 1061
223 308 1062
384 1174 1063
384 1222 1064
485 891 1065
25 833 1066
439 562 1067
267 849 1068
311 879 1069
117 767 1070
200 855 1071
22 587 1072
347 415 1073
637 858 1074
637 1218 1075
63 785 1076
109 420 1077
156 785 1078
221 308 1079
378 876 1080
61 932 1081
310 311 1082
22 927 1083
133 1148 1084
398 399 1085
36 246 1086
471 739 1087
297 528 1088
485 508 1089
145 1247 1090
22 751 1091
163 582 1092
133 134 1093
509 512 1094
419 421 1095
536 715 1096
347 636 1097
75 528 1098
414 620 1099
35 49 1100
1241 1242 1101
22 645 1102
863 892 1103
109 419 1104
419 420 1105
22 307 1106
218 578 1107
360 372 1108
374 620 1109
370 770 1110
143 502 1111
163 245 1112
1221 1222 1113
45 438 1114
5 704 1115
78 865 1116
531 642 1117
823 938 1118
409 410 1119
22 755 1120
129 530 1121
42 945 1122
109 421 1123
22 928 1124
117 523 1125
378 746 1126
45 46 1127
369 620 1128
718 1209 1129
185 409 1130
291 328 1131
292 842 1132
22 810 1133
25 860 1134
9 500 1135
378 894 1136
328 417 1137
1221 1224 1138
500 501 1139
525 526 1140
75 297 1141
471 738 1142
404 629 1143
39 859 1144
337 517 1145
511 512 1146
645 791 1147
25 924 1148
561 562 1149
184 185 1150
126 383 1151
9 501 1152
510 512 1153
485 744 1154
805 806 1155
108 1240 1156
524 525 1157
61 578 1158
358 407 1159
22 157 1160
39 462 1161
39 633 1162
34 49 1163
351 352 1164
104 245 1165
718 1212 1166
673 674 1167
310 879 1168
504 505 1169
54 182 1170
365 366 1171
1206 1207 1172
22 926 1173
318 378 1174
680 1062 1175
270 1124 1176
420 421 1177
1174 1222 1178
46 561 1179
231 715 1180
35 367 1181
112 232 1182
19 505 1183
145 571 1184
7 8 1185
351 892 1186
184 410 1187
22 111 1188
317 378 1189
14 318 1190
151 218 1191
54 231 1192
126 875 1193
381 382 1194
303 619 1195
328 416 1196
485 743 1197
1222 1224 1198
509 511 1199
108 972 1200
171 366 1201
303 304 1202
399 635 1203
1174 1224 1204
108 109 1205
360 454 1206
403 404 1207
582 676 1208
1142 1154 1209
351 603 1210
20 160 1211
357 427 1212
105 107 1213
171 365 1214
450 451 1215
126 151 1216
471 736 1217
524 526 1218
304 619 1219
14 894 1220
137 1192 1221
259 533 1222
84 86 1223
598 873 1224
718 1210 1225
146 718 1226
679 680 1227
87 88 1228
157 927 1229
330 378 1230
718 769 1231
104 446 1232
784 785 1233
785 928 1234
1223 1224 1235
14 315 1236
46 814 1237
559 939 1238
39 631 1239
185 410 1240
104 875 1241
785 927 1242
145 405 1243
163 676 1244
785 926 1245
169 171 1246
562 632 1247
766 833 1248
10 72 1249
755 927 1250
755 928 1251
122 867 1252
317 894 1253
414 742 1254
122 358 1255
231 536 1256
571 1246 1257
5 559 1258
145 1246 1259
14 378 1260
357 890 1261
4 1232 1262
14 689 1263
61 931 1264
439 632 1265
157 926 1266
234 1209 1267
37 665 1268
157 928 1269
318 894 1270
785 810 1271
369 717 1272
927 928 1273
14 746 1274
157 755 1275
1222 1223 1276
35 208 1277
450 800 1278
7 9 1279
157 810 1280
810 927 1281
730 1209 1282
755 810 1283
755 926 1284
810 928 1285
133 136 1286
143 394 1287
378 644 1288
1221 1223 1289
962 963 1290
729 1209 1291
665 666 1292
926 927 1293
104 874 1294
718 1211 1295
134 135 1296
731 732 1297
755 785 1298
14 317 1299
19 504 1300
60 88 1301
926 928 1302
471 760 1303
228 253 1304
200 771 1305
810 926 1306
126 446 1307
713 1242 1308
427 890 1309
22 306 1310
713 1241 1311
80 450 1312
34 562 1313
234 1210 1314
133 135 1315
143 1124 1316
358 432 1317
227 228 1318
46 438 1319
287 673 1320
122 210 1321
933 1232 1322
157 785 1323
4 678 1324
37 666 1325
730 1210 1326
317 746 1327
107 278 1328
257 259 1329
947 1140 1330
1174 1223 1331
4 559 1332
729 1210 1333
172 757 1334
318 746 1335
559 1232 1336
398 635 1337
381 831 1338
151 427 1339
414 781 1340
54 194 1341
368 667 1342
134 136 1343
415 636 1344
636 637 1345
41 284 1346
5 933 1347
20 685 1348
218 427 1349
1209 1212 1350
145 1237 1351
398 1206 1352
317 318 1353
350 351 1354
598 599 1355
4 933 1356
146 234 1357
571 1239 1358
892 895 1359
259 740 1360
17 54 1361
506 741 1362
718 730 1363
146 729 1364
146 730 1365
561 632 1366
1211 1212 1367
82 878 1368
158 1217 1369
5 1232 1370
80 834 1371
234 1211 1372
730 1211 1373
20 427 1374
270 737 1375
135 136 1376
730 1212 1377
37 115 1378
61 218 1379
327 369 1380
127 274 1381
1209 1211 1382
234 1212 1383
266 764 1384
769 1209 1385
234 718 1386
352 981 1387
729 1211 1388
351 519 1389
415 637 1390
485 603 1391
769 1212 1392
562 651 1393
729 1212 1394
124 252 1395
1239 1246 1396
96 369 1397
267 878 1398
1210 1212 1399
143 565 1400
1246 1247 1401
143 566 1402
1209 1210 1403
257 533 1404
230 893 1405
315 316 1406
559 678 1407
766 1151 1408
145 1239 1409
61 151 1410
146 1209 1411
248 877 1412
1210 1211 1413
34 651 1414
730 769 1415
57 624 1416
5 939 1417
54 395 1418
4 5 1419
231 506 1420
718 729 1421
895 896 1422
248 1216 1423
398 1207 1424
769 1211 1425
351 743 1426
533 740 1427
117 675 1428
234 769 1429
18 19 1430
57 1141 1431
126 874 1432
769 1210 1433
146 1212 1434
360 370 1435
13 378 1436
729 769 1437
351 744 1438
1173 1221 1439
146 1211 1440
201 687 1441
14 654 1442
82 267 1443
143 737 1444
234 730 1445
134 764 1446
146 769 1447
234 729 1448
537 675 1449
456 694 1450
456 796 1451
145 313 1452
729 730 1453
146 1210 1454
104 383 1455
318 689 1456
80 800 1457
128 274 1458
127 128 1459
14 274 1460
201 681 1461
257 740 1462
57 172 1463
231 741 1464
317 689 1465
383 875 1466
352 628 1467
427 685 1468
432 1141 1469
653 883 1470
1173 1174 1471
765 766 1472
1174 1221 1473
10 672 1474
134 266 1475
13 14 1476
653 884 1477
235 730 1478
383 446 1479
234 235 1480
83 485 1481
458 681 1482
446 875 1483
896 1205 1484
40 41 1485
117 537 1486
404 733 1487
628 981 1488
13 654 1489
872 873 1490
122 432 1491
122 1141 1492
368 877 1493
896 1184 1494
96 327 1495
402 404 1496
491 677 1497
235 729 1498
13 481 1499
10 671 1500
14 128 1501
29 275 1502
667 1216 1503
42 477 1504
1142 1213 1505
14 127 1506
29 30 1507
111 587 1508
491 880 1509
201 458 1510
671 672 1511
30 275 1512
57 122 1513
231 747 1514
1173 1238 1515
22 485 1516
112 664 1517
906 989 1518
383 874 1519
1142 1214 1520
874 875 1521
57 432 1522
54 747 1523
314 315 1524
5 678 1525
256 445 1526
1142 1215 1527
13 127 1528
869 871 1529
111 306 1530
870 871 1531
883 884 1532
231 967 1533
491 881 1534
275 684 1535
352 871 1536
869 870 1537
1063 1069 1538
1213 1214 1539
61 427 1540
314 316 1541
404 734 1542
1213 1215 1543
13 315 1544
30 31 1545
201 557 1546
491 882 1547
868 871 1548
868 870 1549
158 670 1550
29 31 1551
201 473 1552
41 279 1553
427 885 1554
1221 1238 1555
446 874 1556
13 274 1557
112 663 1558
272 461 1559
13 128 1560
31 275 1561
352 869 1562
733 734 1563
74 268 1564
352 868 1565
1174 1238 1566
1214 1215 1567
402 734 1568
974 981 1569
96 989 1570
1029 1069 1571
41 283 1572
352 870 1573
868 869 1574
555 557 1575
473 555 1576
192 402 1577
201 555 1578
1041 1063 1579
667 877 1580
1029 1041 1581
1041 1069 1582
287 674 1583
272 273 1584
61 664 1585
96 906 1586
663 664 1587
245 246 1588
473 557 1589
1029 1063 1590
262 527 1591
268 460 1592
880 882 1593
677 882 1594
677 881 1595
881 882 1596
188 1245 1597
880 881 1598
677 880 1599
61 112 1600
61 663 1601
262 268 1602
19 83 1603
1244 1245 1604
40 284 1605
261 268 1606
288 460 1607
261 262 1608
188 1244 1609
189 1245 1610
279 284 1611
565 566 1612
283 426 1613
40 279 1614
189 1236 1615
279 426 1616
283 284 1617
40 283 1618
188 189 1619
189 1244 1620
279 283 1621
