1105 1155 1
320 1084 2
1155 1193 3
1155 1199 4
1155 1167 5
1155 1168 6
1155 1171 7
1035 1103 8
320 720 9
320 1070 10
320 1105 11
94 1084 12
340 680 13
1155 1185 14
1155 1169 15
1035 1200 16
359 1084 17
722 1007 18
521 1074 19
320 1104 20
1155 1170 21
623 1201 22
1046 1050 23
535 722 24
73 340 25
1170 1171 26
335 1052 27
701 1007 28
22 76 29
239 630 30
319 320 31
723 724 32
200 937 33
953 956 34
1033 1035 35
129 937 36
954 956 37
521 884 38
94 411 39
1105 1168 40
99 1079 41
298 338 42
255 298 43
724 776 44
623 1075 45
94 491 46
637 858 47
255 374 48
94 335 49
117 1005 50
722 1076 51
1070 1105 52
952 956 53
1065 1066 54
1034 1035 55
937 946 56
157 888 57
340 1035 58
1103 1200 59
439 722 60
521 630 61
695 1033 62
695 1034 63
1052 1066 64
1104 1105 65
1185 1193 66
724 1073 67
170 521 68
719 937 69
271 722 70
695 1035 71
390 1046 72
94 129 73
1169 1171 74
347 1134 75
722 1115 76
340 695 77
1169 1170 78
475 567 79
722 724 80
1070 1104 81
1105 1199 82
86 309 83
637 1218 84
1052 1053 85
299 1081 86
512 921 87
955 956 88
1052 1065 89
335 1084 90
952 953 91
309 1005 92
46 439 93
320 359 94
384 1060 95
117 309 96
340 1033 97
14 1076 98
953 954 99
91 94 100
951 956 101
117 166 102
248 722 103
762 888 104
255 457 105
937 956 106
14 722 107
1072 1073 108
1096 1097 109
724 1128 110
1168 1199 111
951 954 112
695 1103 113
993 994 114
722 723 115
325 326 116
722 829 117
347 512 118
91 1083 119
129 946 120
723 1128 121
390 993 122
952 954 123
248 1031 124
1047 1048 125
198 340 126
270 1067 127
335 1066 128
394 1067 129
722 1176 130
951 953 131
722 1031 132
214 1041 133
406 623 134
117 758 135
137 1192 136
686 722 137
686 1007 138
255 338 139
340 1034 140
91 411 141
311 325 142
695 1200 143
412 937 144
722 1088 145
117 229 146
627 937 147
390 994 148
255 849 149
917 1073 150
384 522 151
86 117 152
946 956 153
374 414 154
67 1158 155
225 298 156
439 683 157
476 1009 158
126 311 159
94 398 160
117 523 161
94 1083 162
937 1061 163
937 1109 164
89 255 165
614 724 166
117 1049 167
937 1042 168
721 724 169
722 1128 170
1006 1007 171
1073 1196 172
311 703 173
14 46 174
11 1133 175
921 1134 176
91 335 177
117 1032 178
166 439 179
1080 1081 180
1033 1034 181
723 1073 182
214 1037 183
270 394 184
436 627 185
1052 1114 186
394 711 187
326 703 188
126 418 189
347 921 190
94 250 191
374 761 192
14 228 193
214 1082 194
457 761 195
719 920 196
117 1044 197
263 712 198
390 801 199
58 476 200
166 697 201
887 888 202
335 1083 203
436 937 204
255 780 205
411 461 206
46 561 207
723 776 208
789 1115 209
166 805 210
335 725 211
436 1109 212
723 1121 213
311 326 214
702 1037 215
11 1243 216
516 567 217
1073 1175 218
311 418 219
411 719 220
117 408 221
325 703 222
14 683 223
129 292 224
695 846 225
67 1195 226
384 431 227
412 719 228
722 1121 229
58 1113 230
89 849 231
761 888 232
67 1202 233
117 767 234
374 712 235
723 775 236
117 1125 237
270 711 238
311 1052 239
67 1159 240
582 1071 241
697 805 242
166 309 243
374 1119 244
476 1113 245
298 919 246
384 1224 247
170 1000 248
67 1160 249
680 1131 250
117 916 251
103 104 252
214 1049 253
695 799 254
255 792 255
251 325 256
798 1008 257
535 1076 258
91 129 259
91 250 260
937 1120 261
614 723 262
166 167 263
937 1106 264
129 411 265
14 535 266
129 956 267
324 325 268
937 1107 269
389 1002 270
104 117 271
129 287 272
695 798 273
166 683 274
339 340 275
340 342 276
695 1096 277
712 1119 278
761 762 279
414 761 280
1002 1003 281
335 1040 282
610 995 283
680 995 284
610 680 285
946 1106 286
299 1080 287
335 1111 288
324 326 289
1159 1160 290
14 1087 291
680 1135 292
214 1036 293
419 421 294
109 1138 295
263 821 296
384 1223 297
117 380 298
299 1058 299
348 1122 300
614 722 301
14 439 302
143 394 303
630 1074 304
514 567 305
166 1125 306
6 250 307
680 1068 308
727 1007 309
475 516 310
829 1031 311
340 341 312
325 354 313
798 963 314
42 946 315
91 1055 316
94 399 317
704 1102 318
719 1118 319
801 993 320
801 994 321
129 270 322
143 270 323
109 1139 324
239 1093 325
389 626 326
46 438 327
714 845 328
383 384 329
248 829 330
86 683 331
695 802 332
626 949 333
329 888 334
109 421 335
701 788 336
888 941 337
325 1043 338
84 86 339
411 1118 340
680 826 341
311 324 342
250 399 343
798 908 344
214 702 345
287 411 346
316 347 347
476 1099 348
411 412 349
94 579 350
309 1032 351
108 109 352
695 811 353
94 1055 354
374 620 355
270 331 356
626 934 357
798 913 358
1136 1137 359
14 793 360
945 946 361
335 1094 362
515 516 363
299 300 364
335 519 365
389 1003 366
534 535 367
58 389 368
91 1056 369
341 1130 370
719 1030 371
299 774 372
348 637 373
348 1123 374
46 814 375
48 166 376
67 915 377
255 267 378
214 662 379
420 421 380
826 995 381
94 1056 382
14 346 383
94 635 384
694 700 385
347 1122 386
439 845 387
117 245 388
6 91 389
6 92 390
982 1161 391
14 735 392
721 723 393
22 456 394
400 401 395
419 420 396
996 999 397
719 1021 398
250 398 399
271 800 400
996 998 401
384 1221 402
846 1092 403
6 94 404
704 1101 405
67 839 406
1101 1102 407
109 420 408
153 311 409
523 767 410
680 1062 411
214 699 412
214 965 413
1095 1097 414
225 982 415
46 562 416
270 847 417
347 844 418
457 888 419
166 853 420
311 1043 421
456 694 422
225 919 423
414 781 424
384 1174 425
772 847 426
287 719 427
45 46 428
214 957 429
354 763 430
214 1127 431
389 470 432
695 812 433
117 246 434
830 949 435
166 948 436
414 742 437
109 419 438
910 912 439
798 909 440
309 702 441
347 1123 442
798 799 443
388 389 444
758 1044 445
225 264 446
884 1074 447
1004 1005 448
335 1057 449
335 1153 450
798 912 451
166 1098 452
415 637 453
679 680 454
798 910 455
908 912 456
347 348 457
14 845 458
908 910 459
998 999 460
540 1149 461
86 379 462
270 772 463
611 714 464
384 1222 465
910 913 466
375 400 467
776 1163 468
1147 1149 469
360 1047 470
91 92 471
187 1116 472
683 1087 473
108 972 474
839 1089 475
380 683 476
457 864 477
14 1086 478
160 937 479
22 137 480
798 911 481
86 705 482
418 652 483
91 399 484
299 363 485
22 750 486
309 957 487
909 910 488
6 343 489
414 620 490
908 913 491
908 909 492
42 945 493
76 204 494
311 1053 495
239 289 496
39 394 497
73 964 498
341 353 499
6 1110 500
166 778 501
117 675 502
347 843 503
1097 1194 504
14 594 505
1122 1123 506
908 911 507
76 841 508
332 914 509
582 583 510
14 714 511
250 1055 512
963 1008 513
22 725 514
214 837 515
251 823 516
129 461 517
316 844 518
514 516 519
200 270 520
375 376 521
6 836 522
272 273 523
348 844 524
626 830 525
798 811 526
370 701 527
982 1162 528
701 832 529
838 839 530
287 412 531
912 913 532
92 399 533
270 848 534
719 1085 535
214 309 536
251 354 537
270 752 538
823 938 539
641 839 540
22 700 541
58 470 542
94 102 543
270 502 544
316 348 545
347 637 546
133 937 547
348 754 548
270 559 549
909 912 550
272 461 551
910 911 552
439 793 553
6 101 554
129 160 555
86 1112 556
92 94 557
14 625 558
251 824 559
270 1124 560
331 772 561
702 957 562
14 596 563
10 73 564
2 726 565
42 477 566
510 1010 567
22 694 568
811 1137 569
510 797 570
502 688 571
502 940 572
582 676 573
347 754 574
14 88 575
331 847 576
439 561 577
92 836 578
719 1064 579
360 370 580
491 1023 581
823 824 582
843 844 583
973 1227 584
1096 1154 585
540 1147 586
225 1161 587
359 1225 588
439 625 589
126 170 590
143 1124 591
200 922 592
839 1038 593
346 439 594
6 399 595
470 471 596
315 316 597
789 827 598
439 1087 599
909 913 600
251 763 601
439 735 602
335 1191 603
754 844 604
798 812 605
636 637 606
250 1056 607
167 683 608
157 762 609
91 491 610
92 250 611
456 796 612
610 826 613
316 843 614
439 539 615
1147 1150 616
103 582 617
167 439 618
69 348 619
248 996 620
370 406 621
805 806 622
69 1045 623
92 398 624
314 315 625
108 1240 626
502 503 627
359 646 628
14 396 629
108 973 630
248 368 631
982 1248 632
1055 1056 633
167 1098 634
958 959 635
788 832 636
8 73 637
187 464 638
89 267 639
270 925 640
812 1096 641
439 632 642
996 997 643
228 439 644
839 1090 645
1089 1090 646
187 1117 647
1030 1118 648
248 332 649
510 618 650
997 999 651
129 427 652
683 735 653
911 912 654
6 398 655
145 958 656
9 532 657
1149 1150 658
300 363 659
22 708 660
618 1010 661
772 848 662
941 943 663
332 829 664
7 8 665
22 825 666
398 399 667
686 947 668
942 943 669
1138 1139 670
86 380 671
22 306 672
167 948 673
356 776 674
815 816 675
76 111 676
86 716 677
412 1061 678
847 848 679
540 1150 680
909 911 681
22 111 682
375 809 683
48 853 684
439 1086 685
22 751 686
69 347 687
339 341 688
638 712 689
239 1208 690
139 311 691
22 819 692
187 233 693
1161 1162 694
348 843 695
69 844 696
661 785 697
911 913 698
941 942 699
341 342 700
471 518 701
811 812 702
47 48 703
72 73 704
997 998 705
73 564 706
314 316 707
92 101 708
321 322 709
351 352 710
80 800 711
707 708 712
41 254 713
316 754 714
941 1091 715
69 754 716
289 1093 717
518 808 718
22 307 719
91 576 720
129 130 721
564 964 722
91 377 723
101 343 724
248 998 725
656 657 726
712 1230 727
754 843 728
776 777 729
129 357 730
311 1220 731
6 345 732
14 539 733
22 485 734
22 707 735
332 333 736
14 315 737
122 776 738
439 562 739
712 803 740
255 779 741
797 1010 742
292 411 743
270 737 744
129 842 745
381 697 746
270 503 747
594 596 748
343 345 749
962 963 750
166 854 751
22 709 752
80 450 753
130 411 754
14 947 755
22 1129 756
331 848 757
351 508 758
8 9 759
22 886 760
408 916 761
815 817 762
370 770 763
22 646 764
1116 1117 765
14 15 766
861 915 767
683 1086 768
92 102 769
360 1048 770
48 804 771
411 842 772
707 709 773
816 817 774
69 843 775
471 808 776
712 840 777
864 935 778
309 965 779
248 999 780
351 485 781
412 718 782
75 529 783
259 710 784
264 391 785
248 648 786
248 997 787
332 334 788
7 9 789
864 936 790
450 800 791
25 924 792
321 323 793
91 398 794
14 274 795
335 351 796
48 713 797
801 802 798
73 349 799
335 1190 800
491 492 801
4 394 802
403 630 803
270 537 804
379 380 805
323 1233 806
335 603 807
399 635 808
63 661 809
72 622 810
248 333 811
735 1086 812
1120 1152 813
704 933 814
101 345 815
43 239 816
248 362 817
573 639 818
25 26 819
641 1038 820
568 851 821
674 1149 822
307 646 823
511 512 824
212 214 825
490 491 826
2 792 827
359 790 828
14 643 829
573 641 830
299 930 831
143 200 832
212 309 833
227 228 834
41 336 835
232 809 836
347 415 837
104 245 838
935 936 839
491 881 840
167 387 841
156 785 842
192 402 843
392 394 844
36 357 845
393 394 846
346 735 847
297 529 848
14 538 849
130 200 850
339 342 851
5 656 852
20 129 853
14 654 854
130 292 855
94 397 856
129 537 857
471 526 858
245 246 859
360 369 860
784 785 861
1096 1142 862
14 905 863
471 861 864
468 471 865
471 760 866
48 852 867
22 645 868
72 768 869
248 334 870
232 375 871
471 988 872
704 939 873
10 72 874
303 510 875
402 404 876
573 818 877
8 532 878
25 860 879
60 88 880
63 156 881
73 960 882
513 514 883
292 842 884
5 939 885
708 709 886
727 923 887
688 940 888
161 245 889
267 849 890
41 786 891
129 200 892
228 253 893
491 677 894
14 50 895
413 683 896
41 787 897
129 143 898
559 704 899
5 704 900
104 357 901
229 230 902
10 349 903
87 88 904
364 745 905
72 349 906
471 739 907
380 716 908
618 797 909
94 377 910
360 794 911
14 1132 912
710 865 913
63 785 914
568 829 915
6 377 916
78 710 917
225 226 918
94 576 919
765 766 920
396 643 921
39 631 922
5 559 923
122 1163 924
333 334 925
287 1118 926
369 620 927
129 771 928
841 873 929
61 72 930
78 865 931
41 186 932
5 933 933
22 791 934
322 323 935
36 104 936
101 377 937
471 738 938
156 784 939
323 783 940
1190 1191 941
407 553 942
335 485 943
438 439 944
674 1147 945
139 621 946
323 362 947
359 866 948
1223 1224 949
491 882 950
540 674 951
156 661 952
507 508 953
392 393 954
241 439 955
766 1151 956
248 828 957
471 524 958
104 246 959
362 782 960
139 1231 961
727 728 962
6 903 963
103 944 964
343 344 965
303 618 966
510 512 967
73 1054 968
645 791 969
143 737 970
254 259 971
528 529 972
22 587 973
75 297 974
91 1051 975
355 356 976
328 396 977
73 961 978
344 345 979
14 127 980
143 503 981
157 1039 982
248 667 983
72 931 984
130 287 985
139 1145 986
103 889 987
371 372 988
488 833 989
683 807 990
41 773 991
129 855 992
221 471 993
358 407 994
748 749 995
122 867 996
129 530 997
287 292 998
323 782 999
360 371 1000
15 364 1001
10 671 1002
335 892 1003
360 372 1004
329 368 1005
14 746 1006
404 630 1007
63 784 1008
356 1163 1009
531 643 1010
538 539 1011
145 959 1012
36 246 1013
403 629 1014
291 396 1015
220 471 1016
646 866 1017
559 933 1018
357 427 1019
629 630 1020
122 358 1021
72 932 1022
139 158 1023
661 784 1024
92 576 1025
491 880 1026
122 356 1027
75 528 1028
14 128 1029
126 365 1030
143 502 1031
645 646 1032
77 78 1033
817 863 1034
248 877 1035
163 245 1036
594 595 1037
561 632 1038
266 764 1039
468 1164 1040
61 427 1041
201 516 1042
402 734 1043
561 562 1044
10 672 1045
122 432 1046
129 900 1047
412 1085 1048
308 471 1049
559 939 1050
47 713 1051
104 585 1052
214 669 1053
200 855 1054
297 528 1055
471 736 1056
351 891 1057
360 361 1058
471 525 1059
642 643 1060
14 894 1061
104 126 1062
218 578 1063
330 876 1064
185 410 1065
1222 1224 1066
308 682 1067
509 511 1068
553 753 1069
126 383 1070
34 35 1071
161 162 1072
525 526 1073
92 397 1074
358 432 1075
92 377 1076
562 632 1077
835 950 1078
248 647 1079
105 107 1080
407 753 1081
660 661 1082
122 777 1083
126 171 1084
57 122 1085
896 1205 1086
61 151 1087
285 564 1088
143 537 1089
766 833 1090
25 833 1091
310 311 1092
14 378 1093
145 313 1094
171 365 1095
311 879 1096
248 1177 1097
259 740 1098
361 794 1099
39 633 1100
80 834 1101
223 471 1102
248 1216 1103
304 510 1104
509 512 1105
145 1237 1106
308 526 1107
351 892 1108
13 14 1109
230 893 1110
330 373 1111
9 500 1112
163 676 1113
926 927 1114
145 405 1115
257 259 1116
22 928 1117
750 751 1118
39 859 1119
122 1141 1120
520 661 1121
351 519 1122
397 398 1123
404 629 1124
416 417 1125
73 768 1126
362 1177 1127
403 404 1128
39 462 1129
524 525 1130
779 950 1131
779 835 1132
259 533 1133
9 501 1134
646 790 1135
409 410 1136
14 317 1137
347 636 1138
671 672 1139
6 1204 1140
126 151 1141
91 1207 1142
396 416 1143
510 511 1144
733 734 1145
171 366 1146
531 642 1147
804 852 1148
103 583 1149
291 328 1150
200 537 1151
4 5 1152
432 1141 1153
220 526 1154
328 416 1155
134 266 1156
151 427 1157
35 49 1158
91 635 1159
299 628 1160
157 927 1161
139 1217 1162
933 1232 1163
139 1166 1164
378 643 1165
356 756 1166
450 451 1167
1222 1223 1168
330 378 1169
241 1001 1170
351 743 1171
674 1150 1172
1221 1224 1173
4 933 1174
221 308 1175
509 510 1176
863 892 1177
1221 1222 1178
303 619 1179
45 439 1180
385 386 1181
139 1165 1182
157 755 1183
732 766 1184
185 409 1185
926 928 1186
1174 1224 1187
485 508 1188
1174 1223 1189
350 351 1190
365 366 1191
646 791 1192
63 660 1193
223 526 1194
328 417 1195
536 715 1196
785 927 1197
22 785 1198
61 218 1199
856 857 1200
500 501 1201
157 928 1202
351 744 1203
61 578 1204
129 890 1205
360 795 1206
884 1219 1207
386 396 1208
34 49 1209
61 932 1210
785 928 1211
122 210 1212
151 218 1213
182 856 1214
415 636 1215
404 733 1216
598 873 1217
291 386 1218
169 171 1219
163 582 1220
186 337 1221
222 468 1222
504 505 1223
794 795 1224
317 318 1225
398 635 1226
328 386 1227
377 576 1228
221 526 1229
524 526 1230
304 618 1231
595 596 1232
310 879 1233
439 759 1234
508 891 1235
61 931 1236
15 745 1237
317 746 1238
22 755 1239
34 651 1240
54 182 1241
755 927 1242
1001 1126 1243
892 895 1244
20 160 1245
732 833 1246
35 208 1247
145 571 1248
218 427 1249
262 527 1250
22 927 1251
19 505 1252
22 157 1253
37 665 1254
151 541 1255
37 115 1256
157 785 1257
37 666 1258
96 327 1259
18 19 1260
200 771 1261
35 367 1262
1174 1222 1263
317 378 1264
327 369 1265
896 1184 1266
19 504 1267
223 308 1268
160 427 1269
134 764 1270
785 926 1271
126 446 1272
133 134 1273
713 1241 1274
337 517 1275
1165 1166 1276
383 1059 1277
317 689 1278
45 438 1279
804 822 1280
157 926 1281
485 744 1282
1001 1100 1283
139 1220 1284
361 795 1285
13 315 1286
22 926 1287
157 810 1288
378 894 1289
41 284 1290
145 1247 1291
303 304 1292
755 785 1293
1221 1223 1294
927 928 1295
91 93 1296
931 932 1297
22 810 1298
54 395 1299
126 874 1300
248 929 1301
960 961 1302
161 163 1303
5 678 1304
14 318 1305
193 1108 1306
233 464 1307
94 193 1308
378 876 1309
618 619 1310
193 706 1311
145 1239 1312
533 740 1313
895 896 1314
713 1242 1315
785 810 1316
357 890 1317
755 928 1318
123 182 1319
146 729 1320
231 536 1321
5 1232 1322
14 689 1323
104 875 1324
810 927 1325
107 278 1326
256 445 1327
220 308 1328
769 1212 1329
193 337 1330
221 223 1331
57 432 1332
378 746 1333
729 1210 1334
755 926 1335
1142 1154 1336
6 850 1337
220 221 1338
360 454 1339
485 891 1340
378 644 1341
598 599 1342
17 54 1343
4 559 1344
111 306 1345
318 378 1346
220 223 1347
810 926 1348
562 651 1349
881 882 1350
182 395 1351
184 410 1352
769 1209 1353
143 565 1354
41 283 1355
351 603 1356
40 41 1357
368 667 1358
559 1232 1359
57 172 1360
234 1211 1361
193 732 1362
146 769 1363
146 1212 1364
1041 1069 1365
361 668 1366
6 1203 1367
146 1210 1368
252 1001 1369
880 882 1370
730 1212 1371
146 718 1372
146 1211 1373
947 1140 1374
146 1209 1375
234 718 1376
381 382 1377
318 746 1378
13 654 1379
234 769 1380
769 1210 1381
257 533 1382
4 678 1383
1174 1221 1384
1203 1204 1385
665 666 1386
732 862 1387
82 878 1388
156 660 1389
104 446 1390
146 730 1391
231 715 1392
222 223 1393
810 928 1394
729 769 1395
57 1141 1396
668 820 1397
755 810 1398
318 894 1399
96 369 1400
383 446 1401
185 186 1402
730 1209 1403
19 83 1404
677 881 1405
640 668 1406
54 194 1407
231 506 1408
730 1211 1409
1241 1242 1410
667 1216 1411
234 730 1412
304 619 1413
317 894 1414
133 135 1415
34 562 1416
247 248 1417
1209 1210 1418
267 878 1419
127 274 1420
184 185 1421
404 734 1422
4 1232 1423
718 769 1424
1209 1212 1425
54 231 1426
133 136 1427
184 186 1428
880 881 1429
83 485 1430
234 1209 1431
576 918 1432
220 222 1433
20 685 1434
718 729 1435
234 1210 1436
1210 1212 1437
54 747 1438
146 234 1439
412 1182 1440
158 1217 1441
850 1078 1442
1211 1212 1443
718 1211 1444
729 1212 1445
128 274 1446
288 460 1447
1173 1238 1448
718 1209 1449
235 730 1450
234 729 1451
318 689 1452
718 1210 1453
718 1212 1454
1210 1211 1455
729 730 1456
718 730 1457
383 874 1458
485 743 1459
234 1212 1460
361 454 1461
261 262 1462
20 427 1463
134 135 1464
134 136 1465
82 267 1466
369 717 1467
427 890 1468
571 1239 1469
730 1210 1470
506 741 1471
1173 1174 1472
41 279 1473
398 1207 1474
91 1206 1475
769 1211 1476
1209 1211 1477
54 72 1478
160 685 1479
729 1211 1480
257 740 1481
57 624 1482
381 831 1483
117 537 1484
126 875 1485
145 1246 1486
730 769 1487
731 732 1488
13 274 1489
446 874 1490
729 1209 1491
104 874 1492
677 882 1493
883 884 1494
104 383 1495
485 603 1496
124 252 1497
286 287 1498
1077 1078 1499
1221 1238 1500
850 1204 1501
221 222 1502
231 741 1503
74 268 1504
61 664 1505
275 684 1506
427 685 1507
1029 1041 1508
1239 1246 1509
234 235 1510
559 678 1511
1213 1214 1512
458 681 1513
1206 1207 1514
398 1206 1515
235 729 1516
1173 1221 1517
571 1246 1518
850 1203 1519
287 1018 1520
383 875 1521
13 481 1522
201 687 1523
201 681 1524
111 587 1525
869 870 1526
1142 1213 1527
143 566 1528
13 378 1529
287 673 1530
368 877 1531
261 268 1532
299 352 1533
850 1077 1534
874 875 1535
135 136 1536
262 268 1537
565 566 1538
172 757 1539
446 875 1540
872 873 1541
653 884 1542
133 1148 1543
352 870 1544
868 869 1545
13 127 1546
61 663 1547
231 747 1548
412 1018 1549
1246 1247 1550
127 128 1551
906 989 1552
667 877 1553
287 1182 1554
352 868 1555
352 981 1556
29 275 1557
974 981 1558
201 458 1559
352 628 1560
29 30 1561
29 31 1562
352 871 1563
677 880 1564
1041 1063 1565
1142 1215 1566
870 871 1567
1213 1215 1568
13 128 1569
869 871 1570
268 460 1571
537 675 1572
868 870 1573
201 473 1574
1174 1238 1575
158 670 1576
868 871 1577
1063 1069 1578
30 31 1579
352 869 1580
1142 1214 1581
1018 1182 1582
1054 1143 1583
1214 1215 1584
231 967 1585
1029 1063 1586
96 906 1587
30 275 1588
96 989 1589
112 232 1590
473 557 1591
201 557 1592
1029 1069 1593
673 674 1594
201 555 1595
653 883 1596
555 557 1597
283 284 1598
61 112 1599
427 885 1600
473 555 1601
628 981 1602
287 674 1603
31 275 1604
283 426 1605
40 284 1606
279 283 1607
40 283 1608
279 284 1609
279 426 1610
663 664 1611
40 279 1612
188 1244 1613
112 663 1614
112 664 1615
189 1236 1616
188 189 1617
189 1245 1618
188 1245 1619
1244 1245 1620
189 1244 1621
