1105 1155 1
1155 1168 2
1155 1193 3
1155 1169 4
1185 1193 5
239 630 6
1155 1185 7
14 722 8
1155 1199 9
320 1084 10
200 937 11
656 657 12
347 512 13
94 1084 14
14 535 15
73 340 16
535 722 17
340 680 18
937 956 19
1035 1200 20
439 722 21
1077 1078 22
1155 1171 23
117 309 24
129 937 25
1155 1167 26
1155 1170 27
91 411 28
394 711 29
722 1007 30
686 1007 31
22 76 32
255 338 33
1035 1103 34
340 695 35
1169 1171 36
723 776 37
157 888 38
248 722 39
255 374 40
270 711 41
347 1134 42
232 375 43
299 1081 44
1170 1171 45
695 1033 46
91 129 47
1052 1065 48
1080 1081 49
719 937 50
1103 1200 51
311 325 52
1105 1168 53
255 298 54
298 338 55
348 637 56
637 858 57
695 1035 58
722 1076 59
99 1079 60
255 792 61
1052 1066 62
270 1067 63
94 411 64
91 250 65
637 1218 66
695 1096 67
271 722 68
937 1109 69
340 1035 70
1047 1048 71
850 1078 72
1169 1170 73
299 1080 74
94 1083 75
411 719 76
722 829 77
86 683 78
952 954 79
722 724 80
762 888 81
953 954 82
94 398 83
255 849 84
722 723 85
320 359 86
157 762 87
239 1208 88
1001 1126 89
1065 1066 90
117 1005 91
311 326 92
1073 1196 93
1105 1199 94
91 1083 95
91 1055 96
722 1128 97
11 1133 98
46 439 99
91 398 100
630 1074 101
255 780 102
360 1047 103
937 946 104
73 960 105
723 1073 106
937 1061 107
45 439 108
94 250 109
695 1034 110
719 920 111
129 411 112
14 439 113
582 583 114
320 1105 115
623 1075 116
14 50 117
614 722 118
340 1034 119
439 1087 120
412 937 121
722 1031 122
722 1088 123
6 91 124
166 1125 125
627 937 126
161 162 127
241 1001 128
1070 1105 129
722 1115 130
438 439 131
582 1071 132
686 722 133
255 267 134
1097 1194 135
270 394 136
126 170 137
952 956 138
325 703 139
73 1054 140
248 829 141
324 325 142
952 953 143
850 1077 144
255 457 145
91 335 146
436 937 147
8 73 148
390 993 149
335 1052 150
1104 1105 151
89 255 152
439 561 153
951 953 154
921 1134 155
167 683 156
250 1055 157
917 1073 158
187 1116 159
695 1103 160
309 1032 161
73 564 162
166 439 163
722 1121 164
476 1009 165
214 1037 166
335 725 167
126 418 168
702 1037 169
937 1042 170
1052 1053 171
340 1033 172
937 1107 173
89 849 174
270 1124 175
14 735 176
193 732 177
1006 1007 178
476 1113 179
359 1225 180
129 292 181
166 167 182
390 801 183
439 683 184
937 1120 185
1116 1117 186
394 1067 187
951 954 188
129 287 189
228 439 190
937 1106 191
255 779 192
335 1057 193
94 335 194
117 1049 195
325 1043 196
187 1117 197
623 1201 198
1052 1114 199
347 348 200
1033 1035 201
14 683 202
719 1021 203
347 1122 204
311 1043 205
798 1008 206
166 309 207
335 1066 208
347 921 209
439 759 210
724 1073 211
951 956 212
91 1056 213
299 300 214
287 411 215
695 1200 216
46 561 217
411 412 218
439 539 219
1073 1175 220
91 1206 221
390 1046 222
58 389 223
439 1086 224
1168 1199 225
250 1056 226
346 439 227
406 623 228
408 916 229
582 676 230
67 1195 231
11 1243 232
359 1084 233
198 340 234
375 809 235
250 398 236
6 398 237
719 1030 238
1055 1056 239
117 166 240
270 925 241
91 635 242
1034 1035 243
133 937 244
167 439 245
1001 1100 246
1072 1073 247
67 1158 248
67 1202 249
270 331 250
311 418 251
436 1109 252
89 267 253
73 961 254
270 772 255
701 1007 256
347 1123 257
309 1005 258
14 845 259
58 1113 260
94 129 261
488 833 262
139 311 263
143 270 264
953 956 265
225 298 266
888 941 267
91 1207 268
91 93 269
25 833 270
719 1118 271
14 1076 272
91 1051 273
798 963 274
960 961 275
719 1064 276
14 46 277
963 1008 278
76 204 279
722 1176 280
476 1099 281
91 491 282
311 703 283
270 752 284
374 761 285
14 1086 286
701 788 287
129 946 288
250 399 289
14 947 290
14 346 291
360 1048 292
946 1106 293
14 396 294
1095 1097 295
614 723 296
325 326 297
958 959 298
76 841 299
701 832 300
6 1110 301
214 1049 302
167 948 303
214 702 304
468 471 305
14 905 306
812 1096 307
6 92 308
92 398 309
1004 1005 310
289 1093 311
214 957 312
996 999 313
6 399 314
439 735 315
727 1007 316
117 380 317
22 725 318
94 635 319
225 982 320
91 94 321
126 311 322
512 921 323
564 964 324
6 94 325
374 1119 326
45 438 327
94 399 328
335 1084 329
248 996 330
439 793 331
6 250 332
166 683 333
10 73 334
411 1118 335
14 1132 336
2 792 337
695 802 338
91 399 339
359 866 340
25 860 341
160 937 342
94 1055 343
946 956 344
252 1001 345
67 1159 346
347 844 347
389 626 348
46 438 349
614 724 350
45 46 351
82 878 352
166 854 353
86 117 354
25 924 355
723 724 356
14 1087 357
311 324 358
374 414 359
411 842 360
14 793 361
270 847 362
724 776 363
167 1098 364
335 1083 365
67 1160 366
332 914 367
348 754 368
516 567 369
248 368 370
270 559 371
359 790 372
514 567 373
996 998 374
375 376 375
761 762 376
94 491 377
117 916 378
298 919 379
1033 1034 380
267 849 381
439 845 382
129 956 383
214 1127 384
475 567 385
129 160 386
25 26 387
58 476 388
375 400 389
41 186 390
67 915 391
380 683 392
86 1112 393
225 264 394
248 999 395
954 956 396
1159 1160 397
347 754 398
534 535 399
982 1162 400
86 309 401
248 998 402
389 1003 403
521 630 404
316 347 405
618 1010 406
67 839 407
829 1031 408
348 844 409
5 656 410
292 411 411
355 356 412
1096 1097 413
129 427 414
129 200 415
166 1098 416
389 470 417
356 756 418
798 909 419
58 470 420
166 778 421
239 1093 422
436 627 423
798 913 424
887 888 425
73 964 426
390 994 427
510 618 428
908 909 429
982 1161 430
514 516 431
798 908 432
41 254 433
200 270 434
14 625 435
270 848 436
309 702 437
909 911 438
14 714 439
1161 1162 440
139 1220 441
724 1128 442
535 1076 443
909 910 444
6 903 445
214 965 446
798 911 447
335 1153 448
830 949 449
214 1041 450
439 625 451
910 911 452
348 843 453
761 888 454
908 911 455
962 963 456
695 812 457
618 797 458
166 948 459
909 913 460
91 92 461
909 912 462
360 369 463
801 993 464
348 1122 465
719 1085 466
911 913 467
6 101 468
340 342 469
754 844 470
723 1128 471
166 853 472
389 1002 473
388 389 474
248 997 475
789 1115 476
6 377 477
130 411 478
292 842 479
723 1121 480
82 267 481
798 910 482
398 399 483
515 516 484
754 843 485
661 785 486
94 1056 487
418 652 488
1002 1003 489
955 956 490
329 368 491
841 873 492
332 829 493
908 913 494
1122 1123 495
270 737 496
347 843 497
411 461 498
996 997 499
311 1052 500
356 1163 501
359 646 502
324 326 503
370 701 504
270 503 505
214 837 506
309 957 507
797 1010 508
14 643 509
360 370 510
941 1091 511
568 829 512
439 632 513
910 913 514
212 214 515
167 387 516
398 1207 517
400 401 518
48 166 519
214 699 520
91 377 521
241 439 522
287 719 523
311 1053 524
8 9 525
320 1070 526
695 846 527
356 776 528
316 754 529
316 844 530
1147 1149 531
843 844 532
838 839 533
214 669 534
457 888 535
721 723 536
942 943 537
124 252 538
475 516 539
232 809 540
993 994 541
339 340 542
39 394 543
941 942 544
910 912 545
1046 1050 546
69 348 547
758 1044 548
351 352 549
911 912 550
326 703 551
998 999 552
695 799 553
839 1038 554
139 1166 555
811 1137 556
908 910 557
92 250 558
702 957 559
912 913 560
332 334 561
683 1087 562
335 1111 563
117 1125 564
351 485 565
1030 1118 566
835 950 567
14 15 568
779 950 569
798 799 570
41 773 571
641 1038 572
311 1220 573
129 357 574
129 771 575
540 1147 576
798 912 577
348 1123 578
457 761 579
92 399 580
299 774 581
69 347 582
347 637 583
721 724 584
153 311 585
145 958 586
129 461 587
470 471 588
351 508 589
22 485 590
14 228 591
22 819 592
316 348 593
412 719 594
214 309 595
997 999 596
335 1040 597
540 674 598
163 676 599
941 943 600
117 758 601
641 839 602
779 835 603
798 812 604
1149 1150 605
72 73 606
540 1149 607
626 934 608
1147 1150 609
37 665 610
573 818 611
285 564 612
267 878 613
239 289 614
540 1150 615
908 912 616
126 171 617
80 834 618
214 1036 619
225 1161 620
695 798 621
1120 1152 622
225 919 623
573 639 624
626 949 625
73 349 626
69 754 627
22 825 628
122 776 629
41 787 630
723 775 631
1070 1104 632
319 320 633
129 270 634
139 1145 635
143 394 636
299 352 637
299 363 638
248 332 639
398 1206 640
1089 1090 641
316 843 642
117 1032 643
982 1248 644
320 1104 645
335 1094 646
798 811 647
69 844 648
117 408 649
2 726 650
129 130 651
271 800 652
299 628 653
14 596 654
360 372 655
22 886 656
104 357 657
398 635 658
674 1150 659
43 239 660
166 697 661
332 333 662
214 662 663
300 363 664
510 1010 665
8 532 666
248 1031 667
839 1090 668
22 456 669
361 795 670
36 357 671
214 1082 672
166 805 673
811 812 674
732 833 675
263 821 676
20 129 677
46 814 678
41 786 679
665 666 680
14 539 681
86 380 682
695 811 683
7 8 684
568 851 685
674 1147 686
861 915 687
248 828 688
559 704 689
22 708 690
104 126 691
335 892 692
788 832 693
360 454 694
22 707 695
674 1149 696
6 343 697
139 158 698
225 226 699
320 720 700
328 396 701
397 398 702
801 994 703
997 998 704
360 795 705
171 366 706
37 115 707
22 111 708
94 377 709
94 579 710
129 842 711
471 518 712
323 783 713
518 808 714
5 559 715
248 334 716
69 1045 717
6 836 718
22 750 719
22 700 720
92 94 721
360 794 722
1136 1137 723
259 710 724
471 808 725
80 800 726
122 777 727
471 861 728
346 735 729
629 630 730
333 334 731
573 641 732
76 111 733
92 836 734
22 751 735
264 391 736
133 1148 737
839 1089 738
22 1129 739
323 1233 740
686 947 741
41 336 742
22 137 743
169 171 744
323 782 745
794 795 746
412 1061 747
370 406 748
815 817 749
321 323 750
404 630 751
139 621 752
228 253 753
801 802 754
63 785 755
414 761 756
510 797 757
321 322 758
1096 1154 759
14 594 760
396 416 761
439 562 762
457 864 763
374 712 764
47 48 765
92 377 766
683 735 767
626 830 768
335 485 769
368 877 770
48 713 771
731 732 772
22 694 773
396 643 774
122 356 775
704 933 776
1190 1191 777
335 1191 778
340 341 779
37 666 780
6 345 781
322 323 782
130 200 783
413 683 784
784 785 785
61 427 786
299 1058 787
22 709 788
91 576 789
776 1163 790
80 450 791
61 72 792
227 228 793
559 933 794
42 946 795
707 708 796
22 926 797
130 292 798
122 1163 799
129 900 800
1165 1166 801
212 309 802
351 891 803
161 163 804
766 1151 805
92 101 806
145 959 807
329 888 808
471 526 809
776 777 810
5 704 811
94 193 812
129 537 813
200 922 814
309 965 815
325 354 816
815 816 817
14 88 818
270 502 819
303 510 820
335 1190 821
248 877 822
69 843 823
10 349 824
511 512 825
193 706 826
5 939 827
171 365 828
471 988 829
1206 1207 830
291 396 831
683 807 832
143 200 833
270 537 834
636 637 835
14 538 836
323 362 837
789 827 838
645 791 839
303 618 840
72 932 841
683 1086 842
22 645 843
450 800 844
193 1108 845
248 667 846
310 311 847
392 393 848
72 931 849
200 771 850
103 582 851
360 371 852
39 633 853
485 508 854
772 847 855
330 876 856
86 705 857
331 772 858
46 562 859
471 525 860
103 889 861
157 1039 862
766 833 863
471 524 864
393 394 865
129 530 866
341 353 867
816 817 868
39 859 869
156 661 870
254 259 871
507 508 872
139 1231 873
380 716 874
704 1101 875
471 739 876
139 1165 877
117 1044 878
156 785 879
22 755 880
22 927 881
61 932 882
163 582 883
361 794 884
368 667 885
47 713 886
341 342 887
126 151 888
126 365 889
248 333 890
708 709 891
122 867 892
48 804 893
200 855 894
468 1164 895
559 939 896
287 292 897
129 855 898
133 135 899
201 516 900
414 781 901
48 853 902
22 791 903
94 576 904
101 377 905
299 930 906
392 394 907
331 847 908
347 415 909
360 361 910
5 933 911
508 891 912
57 172 913
594 595 914
335 351 915
63 661 916
750 751 917
22 157 918
735 1086 919
732 766 920
714 845 921
491 492 922
103 944 923
538 539 924
335 519 925
707 709 926
251 325 927
122 358 928
129 143 929
161 245 930
1138 1139 931
36 104 932
1101 1102 933
14 378 934
531 642 935
704 1102 936
48 852 937
513 514 938
157 785 939
450 451 940
521 1074 941
646 866 942
327 369 943
220 471 944
200 537 945
248 1216 946
471 760 947
509 512 948
732 862 949
339 342 950
341 1130 951
595 596 952
945 946 953
343 344 954
931 932 955
63 156 956
561 562 957
846 1092 958
14 654 959
399 635 960
344 345 961
223 471 962
973 1227 963
350 351 964
351 892 965
365 366 966
94 397 967
126 875 968
61 218 969
259 533 970
22 646 971
343 345 972
308 471 973
339 341 974
416 417 975
330 373 976
1241 1242 977
72 349 978
122 432 979
403 630 980
36 246 981
248 362 982
646 791 983
61 931 984
61 578 985
502 688 986
117 767 987
133 136 988
536 715 989
646 790 990
1096 1142 991
130 287 992
559 678 993
231 536 994
847 848 995
182 856 996
361 668 997
710 865 998
485 891 999
96 369 1000
351 744 1001
221 471 1002
371 372 1003
304 510 1004
409 410 1005
34 49 1006
220 526 1007
231 715 1008
351 743 1009
804 852 1010
257 259 1011
884 1074 1012
645 646 1013
379 380 1014
101 345 1015
221 526 1016
308 526 1017
414 620 1018
187 464 1019
101 343 1020
145 405 1021
73 768 1022
415 637 1023
524 525 1024
222 468 1025
704 939 1026
5 678 1027
86 379 1028
122 210 1029
311 879 1030
78 865 1031
96 327 1032
374 620 1033
185 410 1034
223 526 1035
22 928 1036
143 502 1037
524 526 1038
864 936 1039
14 318 1040
594 596 1041
872 873 1042
39 462 1043
471 736 1044
362 782 1045
502 940 1046
772 848 1047
92 102 1048
104 585 1049
34 651 1050
248 647 1051
218 427 1052
109 1139 1053
559 1232 1054
156 660 1055
156 784 1056
63 784 1057
109 1138 1058
157 926 1059
694 700 1060
248 648 1061
404 629 1062
490 491 1063
14 317 1064
220 223 1065
347 636 1066
304 618 1067
385 386 1068
86 716 1069
92 397 1070
220 308 1071
378 876 1072
384 1221 1073
10 72 1074
92 576 1075
317 894 1076
22 307 1077
328 417 1078
748 749 1079
369 717 1080
727 728 1081
22 810 1082
500 501 1083
126 446 1084
328 416 1085
713 1241 1086
727 923 1087
57 624 1088
105 107 1089
317 689 1090
864 935 1091
291 328 1092
78 710 1093
485 744 1094
109 421 1095
377 576 1096
77 78 1097
143 503 1098
598 873 1099
412 1085 1100
287 1118 1101
673 674 1102
896 1184 1103
1223 1224 1104
14 894 1105
419 421 1106
896 1205 1107
170 1000 1108
259 740 1109
611 714 1110
221 223 1111
357 890 1112
713 1242 1113
63 660 1114
109 420 1115
129 890 1116
303 304 1117
34 35 1118
109 419 1119
933 1232 1120
184 185 1121
185 409 1122
330 378 1123
384 1222 1124
220 221 1125
420 421 1126
520 661 1127
561 632 1128
126 874 1129
1221 1223 1130
667 877 1131
510 512 1132
1221 1224 1133
248 1177 1134
510 511 1135
223 308 1136
248 929 1137
419 420 1138
22 785 1139
221 308 1140
318 378 1141
122 1141 1142
386 396 1143
414 742 1144
157 755 1145
331 848 1146
856 857 1147
384 1223 1148
184 186 1149
525 526 1150
5 1232 1151
262 527 1152
926 927 1153
491 1023 1154
1142 1154 1155
61 151 1156
884 1219 1157
403 629 1158
307 646 1159
57 122 1160
1221 1222 1161
351 519 1162
667 1216 1163
143 1124 1164
291 386 1165
317 746 1166
509 511 1167
9 532 1168
103 583 1169
231 967 1170
553 753 1171
14 746 1172
642 643 1173
1222 1224 1174
318 894 1175
35 208 1176
328 386 1177
384 1174 1178
531 643 1179
317 378 1180
485 743 1181
14 274 1182
14 689 1183
108 109 1184
378 894 1185
357 427 1186
485 603 1187
39 631 1188
9 501 1189
412 718 1190
170 521 1191
661 784 1192
72 768 1193
151 218 1194
358 407 1195
108 972 1196
502 503 1197
504 505 1198
892 895 1199
9 500 1200
103 104 1201
926 928 1202
19 505 1203
157 810 1204
610 680 1205
318 689 1206
193 337 1207
562 632 1208
785 926 1209
117 523 1210
34 562 1211
18 19 1212
810 926 1213
54 182 1214
157 927 1215
407 753 1216
139 1217 1217
256 445 1218
257 533 1219
234 235 1220
523 767 1221
804 822 1222
378 644 1223
509 510 1224
755 927 1225
850 1204 1226
407 553 1227
369 620 1228
755 785 1229
84 86 1230
134 135 1231
72 622 1232
104 874 1233
19 504 1234
108 973 1235
104 446 1236
35 367 1237
785 927 1238
108 1240 1239
354 763 1240
785 810 1241
415 636 1242
697 805 1243
117 675 1244
163 245 1245
297 528 1246
182 395 1247
287 412 1248
618 619 1249
218 578 1250
402 404 1251
403 404 1252
680 826 1253
22 306 1254
54 231 1255
755 926 1256
361 454 1257
895 896 1258
75 297 1259
384 1224 1260
1174 1223 1261
104 117 1262
104 246 1263
576 918 1264
533 740 1265
640 668 1266
680 1131 1267
75 529 1268
317 318 1269
151 427 1270
160 685 1271
185 186 1272
263 712 1273
378 746 1274
384 1060 1275
123 182 1276
235 730 1277
104 875 1278
528 529 1279
351 603 1280
75 528 1281
680 1062 1282
318 746 1283
785 928 1284
823 938 1285
1222 1223 1286
680 995 1287
718 1210 1288
935 936 1289
688 940 1290
187 233 1291
297 529 1292
235 729 1293
310 879 1294
160 427 1295
1203 1204 1296
15 364 1297
251 763 1298
107 278 1299
288 460 1300
810 927 1301
718 1212 1302
251 823 1303
755 810 1304
104 383 1305
712 1119 1306
4 933 1307
521 884 1308
157 928 1309
427 890 1310
383 384 1311
378 643 1312
1174 1222 1313
251 824 1314
755 928 1315
231 506 1316
362 1177 1317
335 603 1318
133 134 1319
381 382 1320
817 863 1321
137 1192 1322
87 88 1323
145 571 1324
660 661 1325
810 928 1326
287 673 1327
1174 1224 1328
13 14 1329
927 928 1330
146 718 1331
352 981 1332
863 892 1333
598 599 1334
184 410 1335
381 697 1336
14 127 1337
158 1217 1338
286 287 1339
54 72 1340
134 136 1341
765 766 1342
370 770 1343
769 1209 1344
134 266 1345
251 354 1346
4 559 1347
6 1204 1348
135 136 1349
15 745 1350
610 826 1351
823 824 1352
261 262 1353
384 522 1354
303 619 1355
134 764 1356
35 49 1357
718 1209 1358
874 875 1359
4 5 1360
234 1210 1361
850 1203 1362
381 831 1363
1209 1210 1364
383 1059 1365
145 1237 1366
571 1246 1367
769 1210 1368
7 9 1369
143 737 1370
471 738 1371
562 651 1372
143 537 1373
127 274 1374
308 682 1375
456 796 1376
287 1182 1377
247 248 1378
718 769 1379
4 394 1380
947 1140 1381
234 769 1382
1209 1212 1383
432 1141 1384
610 995 1385
6 850 1386
19 83 1387
83 485 1388
668 820 1389
729 1210 1390
883 884 1391
13 481 1392
257 740 1393
234 718 1394
146 729 1395
262 268 1396
146 1209 1397
680 1068 1398
733 734 1399
628 981 1400
60 88 1401
74 268 1402
94 102 1403
805 806 1404
57 1141 1405
151 541 1406
6 1203 1407
826 995 1408
234 1209 1409
266 764 1410
506 741 1411
234 1211 1412
718 1211 1413
458 681 1414
268 460 1415
769 1212 1416
10 672 1417
730 1209 1418
402 734 1419
653 884 1420
146 234 1421
446 875 1422
145 1246 1423
234 1212 1424
261 268 1425
186 337 1426
146 1211 1427
571 1239 1428
1210 1211 1429
22 587 1430
275 684 1431
1210 1212 1432
718 730 1433
1209 1211 1434
29 275 1435
1239 1246 1436
404 733 1437
146 1210 1438
231 741 1439
1174 1221 1440
10 671 1441
729 1212 1442
769 1211 1443
729 769 1444
729 1209 1445
1142 1213 1446
146 769 1447
679 680 1448
201 687 1449
718 729 1450
404 734 1451
287 1018 1452
729 1211 1453
1246 1247 1454
126 383 1455
234 729 1456
14 128 1457
384 431 1458
730 1210 1459
234 730 1460
358 432 1461
730 1212 1462
1173 1221 1463
20 160 1464
730 1211 1465
222 223 1466
146 1212 1467
680 1135 1468
111 306 1469
974 981 1470
1211 1212 1471
906 989 1472
42 945 1473
456 694 1474
14 315 1475
172 757 1476
272 273 1477
729 730 1478
304 619 1479
730 769 1480
1142 1214 1481
231 747 1482
337 517 1483
96 906 1484
146 730 1485
145 1239 1486
870 871 1487
54 395 1488
117 229 1489
869 871 1490
4 1232 1491
57 432 1492
31 275 1493
61 664 1494
145 313 1495
446 874 1496
61 112 1497
1142 1215 1498
29 31 1499
13 274 1500
1213 1215 1501
221 222 1502
220 222 1503
383 875 1504
1173 1174 1505
13 378 1506
128 274 1507
869 870 1508
30 31 1509
145 1247 1510
383 874 1511
491 677 1512
29 30 1513
42 477 1514
13 127 1515
491 881 1516
201 473 1517
1213 1214 1518
1214 1215 1519
1029 1041 1520
54 747 1521
229 230 1522
13 654 1523
868 871 1524
233 464 1525
868 869 1526
117 537 1527
272 461 1528
1029 1069 1529
41 283 1530
868 870 1531
104 245 1532
352 871 1533
671 672 1534
1221 1238 1535
127 128 1536
96 989 1537
192 402 1538
158 670 1539
352 628 1540
20 685 1541
112 232 1542
383 446 1543
364 745 1544
20 427 1545
491 882 1546
201 557 1547
427 685 1548
201 555 1549
412 1018 1550
712 840 1551
17 54 1552
41 279 1553
245 246 1554
638 712 1555
653 883 1556
201 458 1557
230 893 1558
427 885 1559
352 869 1560
473 555 1561
352 870 1562
555 557 1563
1018 1182 1564
880 882 1565
1041 1063 1566
13 315 1567
473 557 1568
13 128 1569
352 868 1570
41 284 1571
880 881 1572
30 275 1573
1029 1063 1574
491 880 1575
537 675 1576
111 587 1577
412 1182 1578
1054 1143 1579
117 246 1580
712 803 1581
315 316 1582
677 882 1583
314 316 1584
881 882 1585
1041 1069 1586
663 664 1587
1063 1069 1588
117 245 1589
40 41 1590
40 283 1591
1173 1238 1592
40 284 1593
677 880 1594
201 681 1595
61 663 1596
283 426 1597
677 881 1598
4 678 1599
287 674 1600
1174 1238 1601
40 279 1602
54 194 1603
314 315 1604
279 426 1605
112 664 1606
143 566 1607
712 1230 1608
112 663 1609
188 1245 1610
189 1245 1611
565 566 1612
283 284 1613
1244 1245 1614
143 565 1615
188 1244 1616
189 1236 1617
279 283 1618
188 189 1619
279 284 1620
189 1244 1621
