521 884 1
320 1084 2
1035 1103 3
884 1074 4
1155 1169 5
359 1084 6
239 1208 7
535 722 8
722 1007 9
1035 1200 10
1155 1171 11
722 1076 12
340 680 13
73 340 14
14 535 15
1169 1171 16
347 921 17
320 720 18
347 1134 19
535 1076 20
1155 1170 21
14 722 22
686 1007 23
937 946 24
884 1219 25
335 1052 26
1155 1167 27
99 1079 28
521 1074 29
1155 1199 30
347 348 31
630 1074 32
1155 1185 33
200 937 34
319 320 35
656 657 36
239 630 37
255 298 38
255 338 39
1155 1193 40
298 338 41
1033 1035 42
255 374 43
1169 1170 44
129 937 45
170 521 46
1065 1066 47
921 1134 48
91 411 49
94 335 50
521 630 51
1034 1035 52
695 1035 53
723 776 54
91 335 55
94 129 56
320 359 57
347 415 58
695 846 59
695 1200 60
14 1076 61
335 1066 62
719 937 63
937 956 64
1185 1193 65
43 239 66
311 1052 67
722 1115 68
686 722 69
1155 1168 70
91 94 71
952 953 72
1105 1155 73
1170 1171 74
695 1103 75
1103 1200 76
126 311 77
91 129 78
850 1077 79
883 884 80
320 1104 81
439 722 82
653 884 83
347 636 84
94 491 85
347 637 86
1052 1066 87
94 1083 88
232 375 89
126 170 90
723 1128 91
973 1227 92
937 1106 93
335 1084 94
937 1109 95
1073 1196 96
724 1073 97
695 1034 98
917 1073 99
166 309 100
320 1070 101
723 1073 102
937 1061 103
11 1133 104
361 668 105
1072 1073 106
347 512 107
719 920 108
1047 1048 109
695 1033 110
1105 1168 111
117 309 112
270 711 113
951 953 114
94 411 115
320 1105 116
636 637 117
722 1128 118
412 937 119
1006 1007 120
1046 1050 121
1070 1105 122
170 1000 123
722 1088 124
117 166 125
311 1053 126
1073 1175 127
627 937 128
11 1243 129
86 683 130
701 1007 131
1104 1105 132
94 398 133
160 937 134
248 722 135
951 954 136
748 749 137
270 394 138
340 695 139
347 1123 140
255 792 141
1105 1199 142
347 1122 143
952 954 144
953 954 145
993 994 146
1070 1104 147
937 1042 148
719 1021 149
117 1005 150
722 1031 151
239 1093 152
1052 1065 153
1033 1034 154
91 250 155
239 289 156
390 994 157
722 723 158
157 762 159
719 1064 160
309 1032 161
311 326 162
161 162 163
359 1225 164
722 829 165
89 849 166
811 1137 167
94 1055 168
846 1092 169
126 418 170
415 637 171
614 722 172
721 723 173
394 711 174
129 287 175
311 418 176
436 937 177
6 398 178
299 774 179
94 250 180
394 1067 181
94 1084 182
335 485 183
390 1046 184
225 298 185
166 439 186
722 1121 187
390 993 188
360 1047 189
360 1048 190
680 1062 191
58 476 192
73 960 193
91 1083 194
1168 1199 195
348 637 196
390 801 197
117 1049 198
1052 1114 199
166 683 200
214 702 201
214 1041 202
637 1218 203
335 725 204
14 683 205
316 347 206
411 461 207
801 993 208
340 1035 209
104 126 210
250 1055 211
724 776 212
534 535 213
14 228 214
335 1083 215
850 1078 216
89 255 217
241 1001 218
937 1120 219
637 858 220
6 94 221
255 457 222
89 267 223
298 919 224
1055 1056 225
255 267 226
937 1107 227
91 1055 228
91 1056 229
335 1153 230
374 712 231
348 1122 232
722 724 233
167 683 234
311 879 235
436 1109 236
723 1121 237
166 697 238
255 780 239
719 1030 240
129 200 241
311 1220 242
411 719 243
287 719 244
719 1085 245
14 1087 246
335 1040 247
653 883 248
91 398 249
1052 1053 250
701 788 251
722 1176 252
214 1049 253
724 1128 254
271 722 255
516 567 256
514 567 257
960 961 258
193 1108 259
348 1123 260
702 1037 261
167 439 262
139 311 263
86 117 264
250 1056 265
335 519 266
335 1057 267
255 849 268
514 516 269
374 1119 270
614 723 271
6 91 272
704 1101 273
439 683 274
73 1054 275
415 636 276
801 994 277
683 735 278
1136 1137 279
723 775 280
310 311 281
411 412 282
610 680 283
193 706 284
683 1087 285
335 1111 286
412 719 287
701 832 288
347 843 289
788 832 290
347 754 291
1077 1078 292
457 888 293
1101 1102 294
86 309 295
287 411 296
727 1007 297
133 937 298
94 399 299
311 703 300
69 347 301
267 849 302
340 1033 303
1030 1118 304
255 779 305
347 844 306
22 725 307
94 1056 308
232 809 309
335 1094 310
512 921 311
695 811 312
104 117 313
946 956 314
380 683 315
946 1106 316
2 792 317
476 1113 318
91 399 319
157 888 320
267 878 321
389 626 322
1054 1143 323
58 1113 324
826 995 325
629 630 326
953 956 327
311 324 328
311 1043 329
73 961 330
129 411 331
695 802 332
761 762 333
73 564 334
719 1118 335
954 956 336
6 250 337
198 340 338
309 965 339
311 325 340
341 1130 341
58 389 342
214 309 343
695 1096 344
945 946 345
143 394 346
225 919 347
680 1131 348
14 439 349
340 1034 350
721 724 351
712 1119 352
252 1001 353
270 1067 354
14 845 355
695 799 356
370 701 357
46 561 358
270 1124 359
476 1009 360
695 812 361
287 1118 362
166 805 363
212 309 364
299 1058 365
375 809 366
14 947 367
250 399 368
225 264 369
335 1190 370
6 399 371
1159 1160 372
117 380 373
250 398 374
614 724 375
374 761 376
389 470 377
680 995 378
82 267 379
908 909 380
436 627 381
704 1102 382
908 911 383
129 270 384
1001 1100 385
299 1081 386
439 1087 387
910 911 388
909 912 389
911 912 390
911 913 391
909 911 392
374 414 393
143 270 394
309 1005 395
683 1086 396
908 912 397
309 702 398
908 910 399
153 311 400
335 603 401
412 1085 402
14 735 403
94 635 404
91 491 405
982 1162 406
22 1129 407
109 1138 408
309 957 409
214 1127 410
723 724 411
887 888 412
1080 1081 413
299 1080 414
335 1191 415
67 839 416
117 1032 417
998 999 418
475 567 419
348 843 420
626 949 421
910 912 422
457 761 423
610 826 424
94 397 425
908 913 426
166 1125 427
225 1161 428
348 754 429
680 1135 430
1122 1123 431
1001 1126 432
413 683 433
439 1086 434
126 365 435
951 956 436
1095 1097 437
952 956 438
610 995 439
912 913 440
1089 1090 441
341 353 442
403 630 443
39 394 444
82 878 445
359 646 446
411 1118 447
335 351 448
776 1163 449
14 346 450
839 1089 451
910 913 452
839 1090 453
909 910 454
348 844 455
418 652 456
2 726 457
287 412 458
762 888 459
225 226 460
1096 1097 461
42 946 462
955 956 463
10 73 464
374 620 465
475 516 466
680 1068 467
838 839 468
129 946 469
122 776 470
520 661 471
361 795 472
375 376 473
166 167 474
289 1093 475
1002 1003 476
14 1086 477
996 999 478
14 793 479
67 1202 480
909 913 481
14 46 482
996 998 483
92 250 484
299 930 485
316 348 486
1004 1005 487
73 964 488
393 394 489
680 826 490
67 1158 491
129 427 492
439 793 493
214 957 494
476 1099 495
626 830 496
22 485 497
439 735 498
1138 1139 499
515 516 500
982 1161 501
761 888 502
272 273 503
67 1159 504
117 1125 505
360 370 506
389 1003 507
14 714 508
92 398 509
1120 1152 510
14 1132 511
332 914 512
963 1008 513
91 92 514
310 879 515
117 758 516
5 656 517
361 794 518
316 754 519
126 383 520
225 982 521
513 514 522
839 1038 523
1097 1194 524
641 839 525
798 1008 526
69 348 527
329 368 528
754 843 529
126 875 530
129 461 531
325 326 532
360 361 533
798 963 534
22 456 535
129 160 536
22 646 537
22 791 538
370 770 539
329 888 540
1165 1166 541
270 847 542
811 812 543
14 625 544
58 470 545
702 957 546
129 143 547
360 371 548
829 1031 549
91 635 550
843 844 551
212 214 552
69 754 553
139 158 554
996 997 555
193 337 556
270 848 557
316 843 558
270 772 559
411 842 560
564 964 561
67 1195 562
316 844 563
14 539 564
124 252 565
69 843 566
139 1165 567
126 171 568
117 246 569
270 331 570
754 844 571
798 908 572
126 874 573
798 912 574
439 625 575
779 835 576
22 76 577
42 945 578
22 707 579
117 245 580
129 956 581
457 864 582
695 798 583
798 911 584
69 1045 585
46 562 586
346 439 587
962 963 588
94 193 589
292 411 590
404 630 591
72 73 592
48 804 593
576 918 594
626 934 595
456 694 596
299 363 597
982 1248 598
69 844 599
139 1166 600
683 807 601
41 254 602
67 1160 603
779 950 604
126 446 605
772 847 606
42 477 607
361 454 608
14 594 609
14 88 610
398 399 611
339 340 612
22 886 613
331 772 614
270 737 615
798 811 616
166 853 617
271 800 618
735 1086 619
798 909 620
332 829 621
251 823 622
287 292 623
166 854 624
109 1139 625
325 354 626
359 790 627
360 794 628
776 777 629
325 1043 630
22 819 631
540 1147 632
285 564 633
91 1051 634
251 824 635
798 913 636
389 1002 637
166 778 638
798 910 639
166 1098 640
997 998 641
272 461 642
540 1149 643
92 94 644
45 46 645
686 947 646
41 787 647
798 799 648
798 812 649
201 516 650
997 999 651
214 1037 652
360 795 653
470 471 654
46 439 655
22 645 656
300 363 657
697 805 658
958 959 659
22 708 660
510 1010 661
573 639 662
661 784 663
805 806 664
1190 1191 665
94 102 666
356 776 667
439 845 668
14 15 669
412 1061 670
166 948 671
331 847 672
94 377 673
573 818 674
230 893 675
359 866 676
228 439 677
1161 1162 678
248 1031 679
46 814 680
214 965 681
10 671 682
126 151 683
19 505 684
346 735 685
351 508 686
801 802 687
41 773 688
14 643 689
22 307 690
14 596 691
264 391 692
772 848 693
8 73 694
812 1096 695
789 1115 696
73 349 697
360 369 698
375 400 699
439 561 700
117 229 701
370 406 702
299 300 703
708 709 704
830 949 705
6 92 706
10 672 707
351 519 708
354 763 709
324 326 710
510 797 711
789 827 712
326 703 713
707 708 714
439 539 715
251 354 716
518 808 717
1096 1154 718
92 399 719
323 362 720
22 825 721
161 163 722
248 829 723
270 503 724
641 1038 725
351 485 726
129 537 727
22 694 728
251 763 729
307 646 730
108 109 731
167 387 732
360 372 733
76 111 734
22 709 735
392 394 736
439 632 737
661 785 738
351 352 739
67 915 740
371 372 741
91 93 742
139 1231 743
200 270 744
815 817 745
130 411 746
1096 1142 747
259 710 748
646 866 749
297 529 750
315 316 751
10 349 752
847 848 753
48 166 754
404 629 755
108 972 756
160 427 757
540 1150 758
14 396 759
80 800 760
332 334 761
381 697 762
129 130 763
72 931 764
816 817 765
646 790 766
139 1145 767
332 333 768
72 349 769
804 852 770
8 9 771
47 713 772
214 837 773
331 848 774
22 111 775
4 394 776
157 1039 777
323 783 778
797 1010 779
340 342 780
508 891 781
9 532 782
528 529 783
414 761 784
823 938 785
54 72 786
129 842 787
339 342 788
314 316 789
341 342 790
91 576 791
850 1204 792
14 689 793
406 623 794
712 840 795
815 816 796
91 377 797
129 292 798
72 622 799
108 1240 800
139 1217 801
145 958 802
668 820 803
117 523 804
270 537 805
561 632 806
145 959 807
388 389 808
660 661 809
835 950 810
308 526 811
402 404 812
456 796 813
573 641 814
804 822 815
72 932 816
1147 1149 817
568 851 818
22 700 819
450 800 820
122 1163 821
323 1233 822
20 129 823
109 419 824
340 341 825
156 784 826
339 341 827
130 287 828
403 404 829
324 325 830
19 504 831
270 559 832
167 948 833
439 759 834
794 795 835
251 325 836
471 808 837
117 408 838
22 587 839
623 1075 840
645 791 841
784 785 842
94 576 843
72 768 844
321 323 845
167 1098 846
679 680 847
10 72 848
20 160 849
41 786 850
221 526 851
48 852 852
712 803 853
130 200 854
509 510 855
823 824 856
139 621 857
850 1203 858
931 932 859
510 511 860
108 973 861
351 603 862
694 700 863
707 709 864
8 532 865
270 752 866
861 915 867
122 356 868
335 892 869
392 393 870
6 903 871
158 670 872
47 48 873
351 891 874
325 703 875
14 50 876
61 72 877
384 1221 878
645 646 879
75 528 880
143 200 881
63 784 882
568 829 883
41 336 884
75 529 885
78 710 886
101 343 887
220 526 888
48 713 889
109 420 890
80 450 891
623 1201 892
14 538 893
403 629 894
540 674 895
562 632 896
704 939 897
254 259 898
864 935 899
76 841 900
343 344 901
117 916 902
397 398 903
117 1044 904
396 643 905
510 618 906
75 297 907
618 1010 908
713 1242 909
156 785 910
328 396 911
385 386 912
48 853 913
1147 1150 914
817 863 915
91 1207 916
214 1036 917
248 362 918
471 518 919
63 785 920
104 246 921
158 1217 922
485 603 923
671 672 924
193 732 925
292 842 926
504 505 927
485 508 928
412 718 929
713 1241 930
471 525 931
471 526 932
14 315 933
182 395 934
109 421 935
377 576 936
60 88 937
22 306 938
22 926 939
104 383 940
356 1163 941
156 661 942
223 526 943
263 712 944
856 857 945
468 471 946
19 83 947
321 322 948
414 781 949
86 380 950
314 315 951
758 1044 952
248 996 953
400 401 954
270 502 955
270 925 956
18 19 957
39 633 958
322 323 959
714 845 960
160 685 961
328 386 962
384 1060 963
297 528 964
229 230 965
182 856 966
94 579 967
101 377 968
76 204 969
337 517 970
1149 1150 971
365 366 972
384 522 973
538 539 974
863 892 975
14 905 976
112 232 977
214 1082 978
351 892 979
122 777 980
561 562 981
291 396 982
507 508 983
864 936 984
129 357 985
710 865 986
45 439 987
344 345 988
646 791 989
9 500 990
129 900 991
39 859 992
73 768 993
104 245 994
192 402 995
6 1110 996
63 661 997
892 895 998
92 397 999
22 928 1000
221 308 1001
22 137 1002
618 797 1003
308 682 1004
674 1147 1005
511 512 1006
245 246 1007
22 927 1008
399 635 1009
362 782 1010
6 343 1011
510 512 1012
674 1150 1013
200 855 1014
214 699 1015
61 932 1016
220 221 1017
61 931 1018
117 767 1019
642 643 1020
101 345 1021
248 828 1022
419 420 1023
485 891 1024
130 292 1025
323 782 1026
7 8 1027
6 101 1028
161 245 1029
404 733 1030
888 941 1031
350 351 1032
404 734 1033
63 156 1034
129 855 1035
248 998 1036
356 756 1037
286 287 1038
408 916 1039
330 373 1040
185 186 1041
221 223 1042
674 1149 1043
186 337 1044
509 512 1045
83 485 1046
248 999 1047
471 760 1048
468 1164 1049
384 1174 1050
439 562 1051
396 416 1052
458 681 1053
524 526 1054
598 599 1055
46 438 1056
145 405 1057
103 944 1058
303 618 1059
303 510 1060
223 308 1061
80 834 1062
220 223 1063
103 104 1064
6 345 1065
171 365 1066
523 767 1067
6 377 1068
92 101 1069
103 889 1070
416 417 1071
360 454 1072
525 526 1073
261 268 1074
303 619 1075
15 745 1076
22 810 1077
299 628 1078
304 510 1079
248 332 1080
20 427 1081
122 867 1082
1142 1154 1083
15 364 1084
450 451 1085
414 620 1086
1222 1224 1087
139 1220 1088
420 421 1089
22 157 1090
384 1223 1091
37 115 1092
77 78 1093
407 553 1094
471 524 1095
1221 1223 1096
638 712 1097
104 585 1098
402 734 1099
54 194 1100
318 689 1101
378 643 1102
935 936 1103
184 185 1104
328 416 1105
383 384 1106
500 501 1107
409 410 1108
896 1205 1109
220 308 1110
343 345 1111
104 357 1112
129 530 1113
386 396 1114
92 377 1115
1174 1221 1116
1241 1242 1117
133 134 1118
317 689 1119
333 334 1120
704 933 1121
9 501 1122
22 755 1123
810 928 1124
1221 1224 1125
355 356 1126
157 928 1127
328 417 1128
1223 1224 1129
201 681 1130
509 511 1131
248 997 1132
524 525 1133
1221 1222 1134
185 409 1135
200 537 1136
20 685 1137
291 386 1138
36 246 1139
531 643 1140
308 471 1141
896 1184 1142
6 836 1143
419 421 1144
582 676 1145
531 642 1146
145 313 1147
384 431 1148
86 716 1149
157 927 1150
256 445 1151
103 583 1152
14 746 1153
1174 1223 1154
471 988 1155
104 875 1156
380 716 1157
14 318 1158
22 785 1159
39 631 1160
103 582 1161
96 327 1162
640 668 1163
379 380 1164
594 596 1165
201 687 1166
357 427 1167
384 1224 1168
104 874 1169
143 1124 1170
92 836 1171
291 328 1172
156 660 1173
185 410 1174
303 304 1175
123 182 1176
143 503 1177
5 704 1178
92 576 1179
414 742 1180
926 927 1181
1222 1223 1182
41 186 1183
157 755 1184
317 894 1185
384 1222 1186
37 666 1187
221 471 1188
45 438 1189
54 182 1190
111 587 1191
78 865 1192
362 1177 1193
755 785 1194
248 648 1195
263 821 1196
248 333 1197
398 635 1198
785 928 1199
163 676 1200
330 876 1201
35 367 1202
220 471 1203
785 926 1204
1174 1224 1205
438 439 1206
86 379 1207
317 746 1208
810 926 1209
327 369 1210
351 743 1211
74 268 1212
39 462 1213
111 306 1214
17 54 1215
184 186 1216
163 245 1217
157 926 1218
732 833 1219
157 810 1220
378 746 1221
137 1192 1222
471 861 1223
214 662 1224
304 618 1225
14 317 1226
471 739 1227
755 810 1228
86 705 1229
222 468 1230
6 1203 1231
14 378 1232
553 753 1233
785 927 1234
810 927 1235
14 894 1236
248 334 1237
727 923 1238
378 894 1239
571 1239 1240
171 366 1241
122 210 1242
133 135 1243
201 458 1244
364 745 1245
143 537 1246
223 471 1247
54 395 1248
87 88 1249
582 1071 1250
35 208 1251
134 135 1252
407 753 1253
926 928 1254
582 583 1255
54 231 1256
1142 1215 1257
129 890 1258
145 1239 1259
369 620 1260
214 669 1261
785 810 1262
41 284 1263
151 541 1264
1174 1222 1265
598 873 1266
895 896 1267
1173 1221 1268
755 927 1269
755 928 1270
104 446 1271
927 928 1272
248 1177 1273
611 714 1274
7 9 1275
200 922 1276
471 736 1277
25 924 1278
157 785 1279
259 533 1280
595 596 1281
248 368 1282
257 259 1283
22 751 1284
122 358 1285
248 647 1286
288 460 1287
841 873 1288
1221 1238 1289
383 1059 1290
318 746 1291
618 619 1292
34 49 1293
318 894 1294
91 1206 1295
869 871 1296
184 410 1297
536 715 1298
381 382 1299
1142 1214 1300
766 1151 1301
96 369 1302
502 688 1303
36 104 1304
221 222 1305
732 766 1306
1142 1213 1307
151 218 1308
317 318 1309
220 222 1310
755 926 1311
427 890 1312
63 660 1313
134 266 1314
22 750 1315
34 35 1316
34 651 1317
25 26 1318
134 764 1319
86 1112 1320
368 877 1321
750 751 1322
594 595 1323
135 136 1324
318 378 1325
61 578 1326
145 1246 1327
559 704 1328
1203 1204 1329
129 771 1330
151 427 1331
304 619 1332
112 664 1333
6 850 1334
1174 1238 1335
37 665 1336
163 582 1337
4 1232 1338
357 890 1339
122 1141 1340
351 744 1341
765 766 1342
317 378 1343
200 771 1344
471 738 1345
201 557 1346
427 685 1347
502 940 1348
6 1204 1349
4 678 1350
398 1206 1351
485 743 1352
1246 1247 1353
143 565 1354
143 566 1355
146 718 1356
122 432 1357
718 1209 1358
718 1212 1359
145 1237 1360
947 1140 1361
427 885 1362
25 860 1363
35 49 1364
732 862 1365
358 407 1366
665 666 1367
1173 1174 1368
25 833 1369
259 740 1370
733 734 1371
134 136 1372
869 870 1373
974 981 1374
145 571 1375
248 929 1376
287 673 1377
488 833 1378
378 644 1379
112 663 1380
398 1207 1381
1173 1238 1382
718 1210 1383
766 833 1384
874 875 1385
571 1246 1386
730 1209 1387
729 730 1388
502 503 1389
870 871 1390
54 747 1391
201 555 1392
941 1091 1393
146 1212 1394
201 473 1395
146 1209 1396
234 718 1397
234 730 1398
1210 1212 1399
381 831 1400
769 1210 1401
143 502 1402
262 527 1403
412 1018 1404
146 769 1405
729 1209 1406
234 1211 1407
769 1212 1408
1209 1210 1409
352 981 1410
133 136 1411
146 1210 1412
228 253 1413
729 769 1414
1209 1211 1415
231 536 1416
663 664 1417
868 869 1418
1209 1212 1419
257 740 1420
1211 1212 1421
222 223 1422
729 1212 1423
146 234 1424
218 427 1425
275 684 1426
718 1211 1427
146 1211 1428
731 732 1429
248 667 1430
248 877 1431
769 1209 1432
933 1232 1433
92 102 1434
1239 1246 1435
485 744 1436
718 769 1437
169 171 1438
234 1209 1439
4 933 1440
718 730 1441
712 1230 1442
36 357 1443
234 769 1444
730 1212 1445
383 446 1446
40 41 1447
234 729 1448
234 1210 1449
718 729 1450
729 1210 1451
1041 1069 1452
146 730 1453
769 1211 1454
868 871 1455
727 728 1456
262 268 1457
562 651 1458
730 769 1459
14 654 1460
369 717 1461
730 1211 1462
13 654 1463
234 1212 1464
61 151 1465
146 729 1466
5 939 1467
34 562 1468
145 1247 1469
1210 1211 1470
4 5 1471
268 460 1472
729 1211 1473
143 737 1474
533 740 1475
247 248 1476
57 172 1477
84 86 1478
287 1182 1479
218 578 1480
1029 1041 1481
730 1210 1482
57 624 1483
257 533 1484
117 675 1485
4 559 1486
559 933 1487
941 942 1488
5 933 1489
14 127 1490
266 764 1491
667 877 1492
673 674 1493
5 1232 1494
868 870 1495
383 874 1496
1213 1214 1497
235 729 1498
941 943 1499
187 1117 1500
231 715 1501
13 315 1502
234 235 1503
446 875 1504
187 1116 1505
688 940 1506
235 730 1507
352 871 1508
14 274 1509
1214 1215 1510
506 741 1511
127 274 1512
133 1148 1513
872 873 1514
41 283 1515
172 757 1516
383 875 1517
261 262 1518
248 1216 1519
187 233 1520
117 537 1521
1116 1117 1522
127 128 1523
1029 1069 1524
13 127 1525
299 352 1526
61 218 1527
96 906 1528
227 228 1529
446 874 1530
537 675 1531
231 506 1532
231 741 1533
906 989 1534
1206 1207 1535
61 427 1536
368 667 1537
412 1182 1538
628 981 1539
358 432 1540
378 876 1541
432 1141 1542
14 128 1543
13 481 1544
1213 1215 1545
57 122 1546
241 439 1547
352 869 1548
57 432 1549
61 664 1550
667 1216 1551
352 628 1552
287 1018 1553
491 1023 1554
57 1141 1555
187 464 1556
5 559 1557
330 378 1558
942 943 1559
13 14 1560
107 278 1561
352 870 1562
96 989 1563
231 747 1564
13 128 1565
40 284 1566
352 868 1567
13 378 1568
128 274 1569
491 492 1570
1018 1182 1571
559 939 1572
491 881 1573
677 882 1574
1041 1063 1575
5 678 1576
29 30 1577
13 274 1578
30 31 1579
29 31 1580
233 464 1581
555 557 1582
491 677 1583
559 1232 1584
677 880 1585
105 107 1586
61 663 1587
880 882 1588
1029 1063 1589
41 279 1590
231 967 1591
61 112 1592
1063 1069 1593
30 275 1594
677 881 1595
473 557 1596
287 674 1597
283 284 1598
491 882 1599
473 555 1600
29 275 1601
279 283 1602
490 491 1603
188 1245 1604
881 882 1605
189 1236 1606
559 678 1607
279 284 1608
880 881 1609
491 880 1610
1244 1245 1611
40 283 1612
565 566 1613
31 275 1614
188 189 1615
188 1244 1616
283 426 1617
40 279 1618
279 426 1619
189 1244 1620
189 1245 1621
