72 288 1
250 454 2
353 420 3
285 353 4
250 431 5
155 335 6
270 275 7
94 221 8
100 151 9
376 420 10
335 375 11
150 275 12
135 305 13
219 246 14
21 115 15
162 421 16
275 335 17
0 100 18
8 48 19
17 429 20
136 336 21
386 441 22
8 452 23
331 453 24
77 103 25
410 425 26
243 403 27
71 249 28
16 429 29
150 250 30
42 398 31
312 357 32
77 120 33
32 364 34
267 422 35
16 453 36
24 249 37
139 249 38
255 409 39
374 403 40
71 142 41
60 441 42
93 365 43
250 314 44
96 255 45
115 242 46
175 291 47
12 324 48
93 376 49
71 248 50
318 401 51
28 402 52
222 304 53
16 206 54
283 304 55
21 242 56
370 418 57
243 422 58
381 449 59
200 445 60
71 445 61
148 405 62
15 249 63
57 441 64
71 200 65
73 352 66
57 453 67
76 268 68
107 453 69
166 374 70
12 112 71
22 185 72
12 243 73
35 414 74
208 381 75
87 412 76
150 454 77
58 249 78
87 359 79
144 380 80
100 454 81
291 383 82
171 338 83
166 403 84
111 293 85
381 422 86
12 422 87
24 87 88
140 279 89
201 261 90
265 373 91
338 395 92
149 374 93
82 441 94
13 422 95
275 345 96
36 146 97
70 396 98
87 393 99
140 430 100
267 449 101
11 365 102
78 338 103
83 133 104
113 454 105
158 383 106
32 126 107
55 169 108
142 445 109
293 323 110
20 59 111
27 186 112
98 427 113
10 211 114
98 119 115
383 429 116
92 385 117
99 403 118
107 318 119
216 449 120
220 282 121
1 338 122
300 328 123
148 427 124
261 423 125
81 133 126
176 436 127
21 415 128
33 179 129
278 374 130
219 305 131
396 427 132
204 456 133
20 440 134
19 453 135
163 440 136
13 149 137
177 263 138
225 249 139
22 289 140
112 446 141
208 216 142
175 318 143
175 319 144
351 388 145
11 228 146
43 373 147
149 403 148
53 83 149
169 339 150
48 128 151
80 196 152
126 147 153
33 98 154
290 381 155
7 132 156
71 412 157
124 378 158
48 336 159
92 319 160
225 445 161
31 291 162
33 59 163
272 280 164
297 306 165
327 381 166
357 456 167
161 348 168
166 267 169
236 432 170
59 299 171
112 163 172
164 302 173
430 455 174
50 279 175
64 449 176
204 443 177
324 422 178
405 427 179
208 449 180
132 419 181
16 383 182
34 358 183
71 345 184
99 374 185
175 308 186
294 296 187
440 446 188
49 413 189
173 236 190
125 427 191
89 119 192
64 216 193
146 248 194
233 318 195
126 399 196
21 38 197
83 262 198
428 443 199
23 449 200
233 401 201
267 417 202
282 361 203
7 58 204
101 163 205
134 302 206
228 365 207
279 430 208
58 132 209
168 347 210
239 377 211
332 443 212
3 98 213
23 64 214
146 333 215
87 146 216
284 327 217
319 385 218
67 241 219
192 443 220
18 267 221
208 267 222
9 252 223
202 315 224
286 384 225
106 132 226
62 147 227
121 211 228
271 281 229
347 447 230
59 233 231
233 308 232
150 345 233
118 169 234
65 273 235
4 171 236
131 442 237
18 449 238
299 309 239
329 401 240
98 371 241
43 254 242
79 358 243
4 388 244
18 216 245
10 121 246
208 290 247
36 302 248
179 332 249
139 225 250
303 363 251
208 284 252
134 460 253
241 366 254
46 187 255
133 307 256
169 319 257
213 315 258
225 238 259
15 146 260
33 70 261
40 102 262
51 231 263
227 228 264
227 419 265
448 458 266
55 118 267
129 245 268
146 299 269
163 446 270
119 317 271
83 401 272
123 266 273
43 265 274
354 436 275
4 236 276
58 106 277
47 287 278
183 377 279
208 327 280
284 290 281
101 446 282
284 449 283
4 140 284
71 146 285
25 46 286
58 227 287
59 440 288
110 322 289
268 363 290
146 209 291
240 320 292
383 421 293
146 249 294
146 291 295
66 110 296
287 350 297
66 145 298
183 357 299
68 306 300
132 393 301
308 318 302
26 146 303
104 205 304
128 383 305
224 340 306
258 299 307
147 442 308
225 333 309
133 318 310
90 401 311
118 319 312
18 208 313
239 392 314
56 238 315
399 450 316
114 348 317
228 419 318
92 125 319
175 239 320
177 210 321
261 363 322
194 399 323
295 438 324
56 291 325
58 228 326
98 153 327
154 235 328
346 349 329
146 445 330
195 299 331
56 437 332
30 132 333
58 401 334
178 321 335
311 385 336
417 449 337
109 306 338
22 156 339
229 298 340
47 213 341
168 447 342
23 216 343
98 311 344
385 392 345
256 372 346
39 182 347
236 359 348
408 432 349
4 432 350
33 332 351
105 223 352
208 417 353
122 192 354
342 389 355
106 419 356
146 412 357
7 30 358
14 154 359
146 227 360
204 289 361
309 417 362
226 416 363
4 88 364
88 408 365
146 274 366
75 119 367
321 426 368
407 444 369
4 183 370
52 203 371
110 145 372
119 311 373
58 393 374
90 287 375
4 215 376
30 419 377
98 392 378
146 238 379
183 196 380
230 401 381
58 146 382
157 325 383
181 231 384
4 159 385
146 348 386
29 146 387
319 411 388
390 394 389
172 445 390
156 289 391
343 344 392
58 114 393
69 260 394
334 447 395
92 411 396
106 137 397
213 379 398
146 393 399
183 459 400
234 404 401
130 147 402
193 223 403
26 114 404
213 264 405
45 198 406
56 337 407
274 399 408
192 198 409
88 173 410
95 334 411
56 192 412
101 310 413
337 426 414
7 143 415
114 146 416
61 399 417
74 369 418
161 225 419
348 458 420
350 359 421
182 426 422
247 387 423
244 292 424
188 227 425
92 397 426
189 292 427
259 442 428
56 146 429
146 172 430
385 411 431
95 146 432
172 209 433
146 161 434
146 437 435
160 318 436
7 137 437
326 427 438
172 227 439
182 337 440
311 411 441
98 457 442
190 424 443
172 238 444
183 350 445
264 379 446
281 356 447
264 400 448
294 326 449
141 439 450
244 424 451
249 435 452
172 437 453
239 457 454
167 259 455
33 326 456
281 434 457
181 247 458
146 341 459
108 399 460
170 310 461
116 140 462
172 274 463
125 457 464
106 276 465
56 397 466
396 457 467
2 277 468
95 172 469
4 172 470
33 457 471
108 146 472
108 194 473
385 457 474
75 457 475
172 393 476
227 435 477
161 172 478
334 457 479
266 457 480
108 445 481
137 253 482
146 435 483
108 126 484
165 172 485
277 301 486
316 457 487
274 435 488
172 433 489
95 435 490
356 434 491
358 457 492
392 457 493
172 341 494
292 424 495
311 457 496
218 457 497
435 437 498
212 457 499
108 274 500
184 277 501
199 457 502
108 450 503
174 360 504
137 143 505
247 397 506
116 193 507
367 391 508
108 196 509
108 309 510
108 417 511
108 459 512
167 356 513
341 435 514
108 313 515
108 362 516
108 214 517
108 181 518
411 457 519
326 457 520
108 138 521
108 180 522
137 276 523
143 276 524
172 435 525
108 217 526
108 183 527
108 251 528
108 368 529
108 237 530
108 198 531
108 435 532
108 264 533
108 116 534
