71 146 1
114 146 2
146 249 3
146 435 4
58 146 5
125 427 6
225 445 7
208 449 8
299 309 9
59 233 10
59 299 11
125 457 12
56 146 13
58 249 14
98 427 15
87 393 16
33 59 17
71 445 18
175 291 19
58 401 20
146 172 21
92 125 22
99 374 23
146 393 24
216 449 25
236 359 26
98 457 27
99 403 28
146 291 29
71 249 30
227 419 31
392 457 32
58 228 33
146 348 34
7 58 35
88 173 36
87 146 37
326 427 38
408 432 39
291 383 40
243 403 41
58 114 42
114 348 43
161 348 44
33 98 45
106 419 46
20 59 47
88 408 48
26 146 49
95 146 50
228 419 51
23 449 52
24 87 53
175 239 54
249 435 55
13 149 56
327 381 57
12 422 58
225 249 59
16 429 60
87 359 61
56 291 62
13 422 63
58 106 64
396 427 65
146 299 66
146 412 67
208 284 68
4 236 69
87 412 70
47 287 71
21 115 72
24 249 73
172 445 74
70 396 75
146 437 76
148 427 77
284 449 78
208 381 79
26 114 80
290 381 81
173 236 82
108 126 83
58 132 84
175 319 85
146 274 86
18 449 87
381 449 88
16 383 89
146 227 90
374 403 91
59 440 92
58 227 93
21 242 94
78 338 95
33 332 96
318 401 97
146 248 98
405 427 99
161 225 100
11 228 101
204 456 102
350 359 103
236 432 104
11 365 105
64 449 106
56 238 107
208 327 108
83 133 109
1 338 110
18 208 111
16 206 112
303 363 113
30 419 114
7 30 115
83 262 116
33 179 117
163 446 118
179 332 119
326 457 120
12 243 121
287 350 122
75 119 123
227 228 124
228 365 125
376 420 126
15 146 127
90 287 128
332 443 129
189 292 130
381 422 131
261 363 132
309 417 133
77 120 134
386 441 135
148 405 136
334 457 137
12 112 138
338 395 139
324 422 140
100 151 141
21 415 142
115 242 143
385 392 144
233 401 145
33 457 146
56 437 147
261 423 148
331 453 149
33 326 150
225 238 151
60 441 152
126 399 153
21 38 154
201 261 155
268 363 156
82 441 157
200 445 158
192 198 159
183 196 160
284 327 161
57 453 162
149 403 163
175 308 164
278 374 165
20 440 166
146 161 167
71 345 168
98 392 169
357 456 170
172 393 171
233 308 172
293 323 173
428 443 174
146 341 175
239 392 176
353 420 177
17 429 178
100 454 179
383 429 180
68 306 181
277 301 182
108 146 183
284 290 184
312 357 185
93 376 186
142 445 187
113 454 188
71 412 189
77 103 190
334 447 191
53 83 192
176 436 193
204 443 194
132 393 195
250 431 196
111 293 197
135 305 198
116 140 199
208 290 200
48 336 201
166 267 202
12 324 203
58 393 204
96 255 205
181 231 206
195 299 207
0 100 208
190 424 209
247 397 210
4 172 211
188 227 212
267 417 213
244 424 214
399 450 215
149 374 216
311 457 217
2 277 218
34 358 219
181 247 220
122 192 221
258 299 222
354 436 223
130 147 224
219 305 225
274 435 226
33 70 227
139 249 228
270 275 229
168 347 230
348 458 231
95 334 232
108 183 233
222 304 234
64 216 235
154 235 236
170 310 237
347 447 238
71 200 239
4 140 240
146 238 241
131 442 242
46 187 243
146 445 244
183 459 245
43 254 246
109 306 247
171 338 248
4 171 249
4 432 250
166 374 251
194 399 252
39 182 253
80 196 254
101 163 255
110 145 256
241 366 257
57 441 258
285 353 259
101 446 260
22 185 261
101 310 262
243 422 263
49 413 264
8 452 265
208 216 266
396 457 267
140 430 268
177 263 269
81 133 270
430 455 271
9 252 272
224 340 273
18 216 274
193 223 275
62 147 276
297 306 277
407 444 278
19 453 279
367 391 280
71 248 281
158 383 282
329 401 283
147 442 284
7 137 285
126 147 286
267 449 287
61 399 288
220 282 289
50 279 290
106 137 291
250 314 292
3 98 293
67 241 294
175 318 295
358 457 296
92 397 297
93 365 298
42 398 299
45 198 300
244 292 301
23 216 302
14 154 303
47 213 304
98 153 305
108 399 306
177 210 307
157 325 308
108 194 309
183 350 310
256 372 311
23 64 312
32 126 313
98 119 314
118 169 315
110 322 316
72 288 317
108 417 318
4 88 319
28 402 320
52 203 321
274 399 322
48 128 323
168 447 324
219 246 325
230 401 326
155 335 327
98 371 328
166 403 329
351 388 330
25 46 331
8 48 332
108 459 333
108 196 334
18 267 335
56 397 336
123 266 337
208 267 338
227 435 339
89 119 340
139 225 341
65 273 342
94 221 343
255 409 344
282 361 345
71 142 346
160 318 347
172 227 348
4 215 349
300 328 350
73 352 351
183 357 352
79 358 353
43 373 354
225 333 355
15 249 356
22 156 357
43 265 358
133 307 359
74 369 360
136 336 361
226 416 362
146 209 363
10 211 364
4 159 365
213 379 366
83 401 367
107 453 368
140 279 369
56 192 370
30 132 371
31 291 372
164 302 373
98 311 374
119 317 375
239 457 376
66 145 377
69 260 378
76 268 379
156 289 380
240 320 381
411 457 382
108 450 383
129 245 384
108 445 385
66 110 386
108 274 387
229 298 388
75 457 389
342 389 390
410 425 391
417 449 392
90 401 393
275 335 394
341 435 395
234 404 396
247 387 397
32 364 398
275 345 399
108 309 400
283 304 401
184 277 402
208 417 403
390 394 404
134 302 405
343 344 406
141 439 407
266 457 408
35 414 409
150 345 410
174 360 411
286 384 412
385 457 413
335 375 414
10 121 415
213 315 416
36 146 417
16 453 418
271 281 419
104 205 420
95 435 421
105 223 422
172 435 423
161 172 424
204 289 425
128 383 426
4 183 427
370 418 428
7 143 429
218 457 430
172 238 431
265 373 432
134 460 433
163 440 434
116 193 435
202 315 436
121 211 437
272 280 438
40 102 439
308 318 440
51 231 441
316 457 442
112 446 443
183 377 444
279 430 445
112 163 446
27 186 447
4 388 448
144 380 449
169 339 450
162 421 451
55 169 452
55 118 453
172 274 454
212 457 455
124 378 456
383 421 457
199 457 458
56 337 459
264 379 460
448 458 461
167 259 462
233 318 463
106 276 464
146 333 465
292 424 466
250 454 467
321 426 468
267 422 469
95 172 470
192 443 471
294 326 472
36 302 473
132 419 474
346 349 475
281 434 476
440 446 477
435 437 478
137 253 479
29 146 480
106 132 481
385 411 482
119 311 483
133 318 484
259 442 485
311 385 486
7 132 487
294 296 488
172 341 489
182 426 490
150 454 491
167 356 492
295 438 493
182 337 494
337 426 495
22 289 496
311 411 497
108 180 498
118 319 499
108 251 500
108 237 501
264 400 502
108 138 503
108 214 504
356 434 505
150 250 506
178 321 507
108 217 508
108 181 509
108 198 510
108 313 511
213 264 512
92 411 513
165 172 514
107 318 515
108 368 516
172 437 517
239 377 518
172 433 519
143 276 520
108 362 521
92 385 522
150 275 523
169 319 524
172 209 525
281 356 526
92 319 527
108 264 528
319 411 529
108 435 530
108 116 531
137 143 532
319 385 533
137 276 534
