119 121 1
267 529 2
86 529 3
113 1104 4
113 686 5
86 267 6
529 547 7
86 547 8
267 547 9
687 1430 10
529 1637 11
687 1104 12
67 529 13
1454 1942 14
1942 2007 15
86 1637 16
113 687 17
190 687 18
341 687 19
67 86 20
67 547 21
67 267 22
267 1637 23
144 687 24
529 1444 25
686 1104 26
924 1942 27
529 1450 28
224 856 29
529 942 30
113 1432 31
547 1450 32
547 942 33
547 1637 34
86 1450 35
267 1450 36
86 942 37
86 1444 38
3 529 39
100 529 40
267 1444 41
67 1637 42
529 1990 43
547 1444 44
267 942 45
687 827 46
547 1990 47
687 1158 48
67 942 49
86 1990 50
267 1990 51
1450 1637 52
3 86 53
67 1450 54
552 557 55
113 827 56
3 547 57
235 687 58
3 267 59
67 1444 60
86 100 61
687 783 62
3 67 63
249 687 64
113 2052 65
628 1486 66
1637 1990 67
100 267 68
3 942 69
3 1637 70
502 1205 71
1444 1637 72
100 547 73
529 765 74
856 1602 75
924 1454 76
100 942 77
687 1400 78
1104 1432 79
1450 1990 80
67 100 81
502 1772 82
300 502 83
502 952 84
687 1754 85
100 1637 86
113 570 87
1444 1450 88
687 1309 89
942 1444 90
3 100 91
67 1990 92
86 765 93
547 2051 94
529 1162 95
547 1716 96
856 1972 97
942 1450 98
635 687 99
529 1716 100
687 1500 101
3 1450 102
46 113 103
113 503 104
86 1716 105
113 1158 106
942 1637 107
86 1162 108
856 1630 109
86 1887 110
529 1887 111
687 1468 112
267 1887 113
856 1976 114
529 1386 115
1602 1972 116
100 1450 117
267 1716 118
356 502 119
190 224 120
547 765 121
113 144 122
267 765 123
529 779 124
856 2117 125
547 1887 126
529 2051 127
529 1229 128
113 783 129
827 1104 130
3 1444 131
67 765 132
86 1386 133
502 568 134
924 2007 135
86 779 136
765 942 137
65 714 138
267 2051 139
88 687 140
267 1162 141
1444 1990 142
502 1806 143
547 1162 144
67 1887 145
67 1716 146
86 2051 147
1104 2052 148
547 1386 149
86 1229 150
67 1162 151
687 1744 152
190 1768 153
1637 1716 154
191 502 155
856 1403 156
477 502 157
1403 1630 158
100 765 159
1637 1887 160
267 1386 161
855 1931 162
67 2051 163
847 2092 164
1454 2007 165
942 1990 166
765 1637 167
779 942 168
529 1513 169
1514 1942 170
942 1162 171
547 1229 172
557 1078 173
3 1990 174
1450 1887 175
267 1229 176
67 1386 177
100 1162 178
3 765 179
1104 1158 180
529 1785 181
547 779 182
687 1528 183
1162 1637 184
267 779 185
687 953 186
765 1450 187
942 1386 188
1630 1976 189
86 1513 190
100 1444 191
267 1513 192
3 1162 193
300 952 194
502 1776 195
1637 2051 196
3 1386 197
190 1784 198
1281 1958 199
687 854 200
1768 1896 201
113 590 202
1450 1716 203
113 1040 204
1679 2092 205
3 1716 206
100 1990 207
831 1931 208
67 1229 209
1513 1637 210
529 2057 211
1386 1637 212
100 1785 213
1403 1976 214
1162 1450 215
86 2057 216
1450 2051 217
190 2082 218
1887 1990 219
67 779 220
86 1785 221
1716 1990 222
270 847 223
1990 2051 224
100 1716 225
686 1432 226
1630 2117 227
3 779 228
502 692 229
779 1637 230
942 1716 231
942 1229 232
300 1205 233
1444 1887 234
100 2057 235
687 790 236
3 1229 237
502 1193 238
687 1768 239
952 1205 240
100 1386 241
341 1430 242
547 1507 243
221 502 244
1972 2117 245
113 951 246
623 2058 247
687 834 248
1450 2057 249
1104 1768 250
113 1500 251
497 687 252
67 2057 253
100 779 254
1386 1450 255
581 1404 256
1320 1741 257
1229 1637 258
1403 2117 259
113 532 260
267 1785 261
3 1785 262
144 1104 263
547 1785 264
1990 2057 265
100 1887 266
686 1768 267
270 1679 268
120 654 269
76 190 270
942 1887 271
714 1440 272
973 2058 273
779 1450 274
1637 1785 275
547 1676 276
270 2092 277
86 1903 278
1630 1972 279
687 1823 280
502 1923 281
1444 1716 282
300 1772 283
985 1694 284
67 1785 285
267 2057 286
65 2027 287
1162 1990 288
502 2030 289
570 1104 290
1972 1976 291
831 855 292
502 1978 293
1403 1972 294
1637 2057 295
356 952 296
783 1104 297
502 1678 298
1444 2051 299
203 557 300
529 1507 301
527 847 302
300 356 303
686 2052 304
1206 2027 305
100 1513 306
1229 1450 307
1386 1990 308
1785 2057 309
3 1887 310
765 1444 311
942 1513 312
87 2092 313
356 1205 314
1659 1694 315
527 2092 316
529 1903 317
2022 2092 318
765 1162 319
1281 1555 320
1716 2057 321
687 1224 322
942 2057 323
952 1772 324
765 1990 325
3 2057 326
502 1172 327
502 847 328
687 1702 329
67 1513 330
1716 1887 331
114 2092 332
267 1507 333
1450 1785 334
3 2051 335
224 1630 336
847 952 337
1602 1630 338
503 1104 339
100 1229 340
1887 2057 341
942 2051 342
1229 1386 343
1887 2051 344
547 1903 345
86 1507 346
1284 1972 347
1403 1602 348
67 1903 349
224 1976 350
1432 2052 351
1162 1444 352
87 847 353
342 1429 354
1602 2117 355
847 1772 356
1386 1716 357
67 1507 358
191 300 359
191 952 360
765 2057 361
942 1785 362
76 2082 363
1555 1958 364
1785 1990 365
1444 2057 366
1530 1842 367
168 1931 368
1976 2117 369
1386 1444 370
765 1785 371
300 847 372
224 2117 373
1162 2057 374
1454 1514 375
1162 1716 376
765 1716 377
3 1513 378
1162 1785 379
1440 2027 380
113 1528 381
1716 1785 382
1229 1990 383
88 190 384
779 1386 385
1450 1513 386
1602 1976 387
985 1659 388
557 2109 389
100 2051 390
1594 2037 391
1507 1637 392
3 1903 393
117 502 394
1450 1903 395
114 1679 396
779 1990 397
1716 2051 398
2051 2057 399
391 2027 400
2085 2113 401
356 1772 402
1205 2030 403
1104 1500 404
190 819 405
840 976 406
1386 1785 407
100 1903 408
942 1507 409
1785 1887 410
114 847 411
190 1298 412
527 2030 413
581 673 414
1513 1785 415
1430 1972 416
1513 1887 417
113 675 418
707 840 419
1104 1312 420
714 985 421
1205 1772 422
46 1104 423
1284 1602 424
113 1312 425
779 1229 426
838 1605 427
1724 1931 428
973 1268 429
300 1806 430
1386 2057 431
113 207 432
300 1776 433
765 779 434
75 1429 435
557 856 436
1444 1507 437
187 714 438
847 1193 439
7 1942 440
113 1768 441
840 1654 442
779 1162 443
847 1776 444
1229 1716 445
1729 1931 446
1842 2058 447
1637 1903 448
1430 2117 449
623 1842 450
847 1205 451
1162 1887 452
191 356 453
714 1103 454
300 1193 455
942 1903 456
341 1630 457
779 1716 458
325 547 459
113 1856 460
765 1386 461
552 1078 462
103 557 463
1513 2057 464
341 2117 465
417 557 466
113 1445 467
191 847 468
973 1842 469
973 1057 470
926 2092 471
2027 2049 472
490 1750 473
765 1887 474
1162 1386 475
7 924 476
707 976 477
779 1785 478
257 547 479
51 1075 480
1366 2113 481
267 325 482
86 325 483
1450 1507 484
341 1972 485
952 1806 486
654 1937 487
952 1776 488
114 270 489
1903 1990 490
103 552 491
388 925 492
847 1806 493
687 810 494
4 687 495
300 1678 496
1430 1976 497
1444 1903 498
1162 1513 499
1757 2113 500
952 1193 501
1430 1630 502
502 1945 503
341 1976 504
203 552 505
557 1076 506
1284 1403 507
1444 1785 508
1784 2082 509
325 529 510
400 1281 511
840 1270 512
518 1630 513
714 1694 514
952 1678 515
300 568 516
502 1970 517
1386 1887 518
1430 1602 519
1716 1903 520
300 1978 521
1513 1990 522
552 1076 523
765 1513 524
1867 2092 525
859 1768 526
1104 1445 527
1284 1630 528
924 1514 529
256 1480 530
675 1104 531
356 847 532
67 325 533
942 967 534
765 2051 535
1752 1931 536
535 2030 537
1193 1205 538
1386 2051 539
168 855 540
190 854 541
673 1404 542
692 847 543
9 552 544
819 2082 545
623 1530 546
779 1887 547
747 1281 548
1241 1429 549
1768 1856 550
76 1784 551
518 1430 552
952 1978 553
207 675 554
847 1678 555
518 1403 556
568 847 557
1162 2051 558
747 1555 559
765 1229 560
190 834 561
1309 1754 562
1679 2022 563
224 557 564
388 663 565
687 1866 566
342 1130 567
1403 1430 568
477 847 569
325 942 570
28 557 571
847 1978 572
942 998 573
568 952 574
1757 2085 575
985 2027 576
1768 1988 577
1887 1903 578
190 1845 579
1205 1776 580
1903 2057 581
113 1467 582
351 581 583
1785 1903 584
1270 1680 585
707 1654 586
356 1776 587
477 952 588
356 1806 589
190 1224 590
3 1507 591
1205 1978 592
1229 1887 593
245 747 594
341 1403 595
779 2057 596
1513 1903 597
1513 1716 598
207 1104 599
1162 1903 600
122 714 601
191 1205 602
318 2092 603
341 518 604
847 2030 605
356 477 606
765 1903 607
464 714 608
1229 1785 609
518 1976 610
1162 1229 611
1772 1806 612
568 1205 613
1243 1768 614
1785 2051 615
116 145 616
325 1444 617
654 2004 618
714 1794 619
926 1679 620
847 926 621
221 847 622
1694 2027 623
1756 1766 624
300 477 625
714 1659 626
686 1040 627
1366 2085 628
840 1680 629
1103 2027 630
617 870 631
714 2027 632
400 1958 633
953 1309 634
1104 1528 635
654 1469 636
311 2113 637
1772 1776 638
934 2054 639
341 1602 640
707 1270 641
714 771 642
1229 2057 643
1983 2092 644
145 1768 645
675 2052 646
1529 1530 647
417 552 648
356 1978 649
663 925 650
18 623 651
570 1768 652
855 1724 653
1773 1809 654
356 1678 655
763 1768 656
663 1135 657
568 1772 658
747 1958 659
532 1768 660
116 634 661
1284 1976 662
191 1772 663
325 1450 664
452 676 665
1507 1990 666
1366 1757 667
20 1931 668
116 365 669
325 1637 670
589 1842 671
1097 1931 672
518 2117 673
144 783 674
468 589 675
356 568 676
518 1972 677
847 1923 678
1193 1772 679
47 581 680
1040 1104 681
856 1397 682
1130 1241 683
87 2030 684
547 1458 685
1576 2092 686
300 692 687
270 2022 688
59 2027 689
779 1513 690
855 1729 691
4 1768 692
1229 2051 693
9 1825 694
452 1867 695
570 686 696
780 855 697
824 1920 698
1193 1678 699
245 1281 700
714 1271 701
19 98 702
140 335 703
635 953 704
145 634 705
417 953 706
660 2068 707
827 1768 708
1514 2007 709
529 1458 710
676 1867 711
270 926 712
779 2051 713
1270 1654 714
1392 2113 715
113 1702 716
1398 1942 717
191 1193 718
676 2092 719
1284 2117 720
1386 1903 721
75 342 722
417 959 723
270 1983 724
871 1756 725
120 1937 726
686 827 727
43 623 728
1539 1942 729
654 1269 730
1281 2023 731
342 1241 732
14 973 733
0 654 734
1130 2135 735
1158 1768 736
474 714 737
686 1158 738
1386 1513 739
9 557 740
1205 1678 741
1584 1942 742
503 686 743
692 952 744
1768 2035 745
1931 2143 746
634 688 747
780 1931 748
108 1768 749
28 552 750
190 1854 751
249 341 752
1268 2058 753
871 1766 754
191 1776 755
400 1555 756
707 1680 757
714 795 758
464 2027 759
547 554 760
116 688 761
704 891 762
47 351 763
300 1923 764
452 2030 765
452 2092 766
1659 2027 767
1679 1983 768
224 1972 769
191 568 770
1513 2051 771
687 2059 772
832 1530 773
300 1970 774
692 1205 775
1603 1768 776
4 116 777
952 1970 778
311 2085 779
819 1784 780
191 477 781
554 942 782
9 1204 783
388 1135 784
337 935 785
140 365 786
351 1404 787
1130 1429 788
590 686 789
518 1602 790
46 686 791
590 1104 792
854 2082 793
1020 2092 794
827 1158 795
351 1629 796
1281 2076 797
1241 2135 798
145 688 799
1903 2051 800
552 856 801
1469 1557 802
431 529 803
775 1581 804
490 906 805
1020 1679 806
1205 1806 807
145 365 808
4 145 809
714 1201 810
714 1328 811
144 1500 812
491 891 813
568 1806 814
847 1172 815
1507 1887 816
91 558 817
335 480 818
474 2027 819
477 1205 820
1229 1513 821
765 1507 822
891 1277 823
7 2007 824
474 1694 825
891 1387 826
245 1958 827
1679 1867 828
191 1978 829
840 1325 830
1958 2023 831
675 1432 832
491 704 833
1284 1430 834
1678 1772 835
470 1942 836
1500 1768 837
623 921 838
9 1656 839
1366 1392 840
191 1678 841
529 554 842
116 335 843
144 1768 844
87 270 845
704 1277 846
1469 1949 847
952 1923 848
855 1097 849
75 2135 850
112 2085 851
108 145 852
365 634 853
675 1445 854
704 1387 855
120 1469 856
351 673 857
942 1458 858
1507 2051 859
1477 2030 860
1847 2027 861
568 1678 862
582 2069 863
159 1530 864
270 1020 865
1400 1468 866
155 714 867
191 692 868
832 2058 869
431 942 870
356 1970 871
159 664 872
325 1990 873
662 833 874
676 2030 875
468 1842 876
953 1400 877
75 1130 878
440 973 879
1555 2023 880
20 855 881
249 1430 882
431 547 883
470 924 884
117 847 885
116 859 886
299 973 887
1794 2027 888
547 1424 889
76 819 890
4 634 891
283 589 892
634 859 893
1776 1978 894
589 953 895
123 1750 896
10 1417 897
688 859 898
714 1709 899
1958 2076 900
654 1949 901
145 335 902
249 810 903
365 480 904
116 140 905
477 1978 906
61 75 907
714 1805 908
1583 2027 909
46 503 910
356 692 911
399 856 912
942 1044 913
1193 1978 914
325 1507 915
635 1400 916
316 1676 917
191 1970 918
847 1020 919
953 1468 920
1277 1387 921
925 1135 922
116 1482 923
1087 1415 924
812 1530 925
891 1834 926
224 1602 927
270 318 928
674 840 929
1412 2072 930
7 1454 931
490 579 932
775 1023 933
779 1903 934
491 1277 935
101 388 936
1162 1507 937
4 140 938
498 1676 939
1205 1970 940
1678 1970 941
117 952 942
145 859 943
906 1750 944
161 1842 945
581 1629 946
704 1834 947
108 140 948
1546 1679 949
1380 1942 950
990 1596 951
1043 1530 952
235 953 953
831 1097 954
837 990 955
837 1596 956
1345 2085 957
1469 1937 958
552 2109 959
440 468 960
123 490 961
491 1387 962
654 1557 963
837 1186 964
2003 2030 965
64 1942 966
856 907 967
990 1186 968
112 2113 969
207 1445 970
832 1842 971
1193 1776 972
10 1742 973
1103 1659 974
686 1500 975
1103 1694 976
1229 1903 977
1417 1742 978
122 2027 979
163 557 980
318 1679 981
16 552 982
221 1205 983
255 1931 984
477 1678 985
1193 1970 986
1201 2027 987
1279 1415 988
687 1740 989
140 634 990
518 1284 991
891 1896 992
921 2058 993
221 952 994
1186 1596 995
1772 1970 996
309 1989 997
140 480 998
270 1867 999
953 1607 1000
140 145 1001
190 1965 1002
375 1828 1003
1087 1279 1004
1654 1680 1005
1507 1716 1006
75 1563 1007
203 417 1008
589 1530 1009
104 2027 1010
311 1366 1011
566 1750 1012
1776 1806 1013
1309 1468 1014
704 1896 1015
1404 1629 1016
365 688 1017
503 590 1018
65 1694 1019
186 623 1020
1387 1896 1021
963 1676 1022
1309 1400 1023
568 1776 1024
1324 1689 1025
686 951 1026
190 1786 1027
1193 1806 1028
1334 2027 1029
1975 2058 1030
88 2082 1031
832 973 1032
1200 1594 1033
190 917 1034
953 1744 1035
1277 1834 1036
976 1270 1037
714 1888 1038
1518 2093 1039
2030 2092 1040
144 532 1041
1970 1978 1042
847 1970 1043
417 2043 1044
1387 1834 1045
1594 1680 1046
677 2113 1047
335 365 1048
1400 1744 1049
117 300 1050
221 300 1051
856 2109 1052
855 1752 1053
1277 1896 1054
87 1679 1055
116 480 1056
976 1654 1057
676 1679 1058
356 1923 1059
391 1694 1060
1576 1867 1061
108 480 1062
699 1679 1063
1172 1205 1064
1505 1942 1065
635 1468 1066
1397 1972 1067
747 2023 1068
953 1754 1069
9 2108 1070
856 1531 1071
942 1506 1072
664 1530 1073
572 1741 1074
190 1474 1075
342 2135 1076
112 1757 1077
144 686 1078
1104 1702 1079
1204 1656 1080
270 2030 1081
1834 1896 1082
267 1458 1083
771 2027 1084
1718 1931 1085
692 1678 1086
86 431 1087
190 1003 1088
335 634 1089
707 1594 1090
856 1857 1091
1003 2082 1092
120 2004 1093
346 1942 1094
440 1530 1095
1709 2027 1096
1805 2027 1097
144 1528 1098
1528 1768 1099
0 1469 1100
4 365 1101
109 1972 1102
725 1931 1103
112 1366 1104
4 859 1105
714 1847 1106
856 2114 1107
4 480 1108
47 673 1109
2033 2113 1110
417 1400 1111
835 1720 1112
47 1404 1113
1104 1856 1114
4 688 1115
417 1190 1116
783 1768 1117
1429 2135 1118
43 1842 1119
267 431 1120
168 831 1121
868 1942 1122
854 1784 1123
341 1284 1124
75 587 1125
1325 1654 1126
1626 2092 1127
461 1916 1128
1820 2092 1129
468 2058 1130
1104 1467 1131
440 1350 1132
1417 1950 1133
1103 2032 1134
1828 1863 1135
190 1743 1136
1467 1768 1137
1742 1950 1138
924 1539 1139
921 1842 1140
1309 1744 1141
897 1784 1142
257 1676 1143
114 2030 1144
140 688 1145
267 554 1146
490 566 1147
1972 2015 1148
145 480 1149
61 1241 1150
108 634 1151
207 2052 1152
10 1950 1153
891 1872 1154
480 634 1155
69 2092 1156
335 688 1157
1678 1978 1158
117 1205 1159
634 1482 1160
1349 1935 1161
1576 1679 1162
1867 2030 1163
834 2082 1164
629 1931 1165
86 1458 1166
491 1834 1167
2022 2030 1168
568 1193 1169
1325 1680 1170
270 676 1171
926 2030 1172
674 1594 1173
32 2092 1174
108 365 1175
108 688 1176
34 1942 1177
474 1659 1178
831 1752 1179
1121 2058 1180
1345 2113 1181
145 1482 1182
783 1500 1183
108 116 1184
1334 2032 1185
1270 1594 1186
209 576 1187
190 897 1188
1678 1806 1189
468 623 1190
365 859 1191
751 2082 1192
704 1872 1193
226 1561 1194
46 1432 1195
692 1772 1196
855 2143 1197
400 747 1198
639 714 1199
688 1482 1200
20 831 1201
109 1403 1202
673 1629 1203
270 527 1204
1458 1637 1205
431 1637 1206
0 120 1207
1845 2082 1208
1430 2015 1209
281 1761 1210
1879 1896 1211
865 2135 1212
1440 1694 1213
1284 1397 1214
108 335 1215
61 1429 1216
235 1309 1217
714 1624 1218
1269 1949 1219
325 2051 1220
120 1949 1221
1806 1978 1222
1392 2085 1223
468 973 1224
140 859 1225
557 1784 1226
365 1482 1227
831 1724 1228
924 1398 1229
1345 1757 1230
61 2135 1231
117 1806 1232
1387 1872 1233
840 913 1234
1269 1469 1235
1776 1970 1236
554 1637 1237
1468 1754 1238
325 1458 1239
1468 1744 1240
28 103 1241
674 1654 1242
480 688 1243
477 1806 1244
952 1172 1245
985 1103 1246
49 147 1247
686 1528 1248
263 417 1249
747 2076 1250
503 1432 1251
1205 1923 1252
714 1496 1253
1277 1872 1254
86 554 1255
108 859 1256
209 816 1257
527 1679 1258
300 1172 1259
286 2085 1260
587 1241 1261
1535 2026 1262
4 108 1263
1679 2030 1264
417 856 1265
463 606 1266
46 1040 1267
958 1931 1268
325 431 1269
1271 2032 1270
4 335 1271
568 1923 1272
688 1988 1273
859 1482 1274
1732 2092 1275
270 1576 1276
1477 2092 1277
838 1145 1278
63 1377 1279
109 1602 1280
417 1754 1281
635 1309 1282
245 400 1283
952 1945 1284
1397 1602 1285
480 859 1286
535 2113 1287
2030 2041 1288
470 2007 1289
351 1267 1290
190 656 1291
688 1117 1292
221 1772 1293
589 1151 1294
1372 1842 1295
300 1945 1296
888 1318 1297
1193 1923 1298
867 1087 1299
1776 1923 1300
662 1765 1301
783 827 1302
897 2082 1303
1544 2092 1304
335 859 1305
687 1321 1306
1400 1754 1307
535 1196 1308
576 816 1309
101 925 1310
207 1312 1311
856 1998 1312
1312 1432 1313
417 743 1314
634 1117 1315
144 1856 1316
356 1172 1317
356 527 1318
867 1279 1319
14 299 1320
190 578 1321
286 2113 1322
116 1117 1323
1003 1784 1324
1602 2015 1325
390 1442 1326
405 1821 1327
579 1750 1328
245 2023 1329
1834 1872 1330
1397 1630 1331
1474 1784 1332
311 1757 1333
1546 2030 1334
120 1269 1335
757 2113 1336
187 2032 1337
80 1442 1338
707 1325 1339
80 390 1340
209 702 1341
1806 1970 1342
674 1680 1343
816 2139 1344
2023 2076 1345
76 854 1346
9 1967 1347
145 1117 1348
1309 1823 1349
1662 1808 1350
1270 1325 1351
491 1872 1352
714 1007 1353
1454 1539 1354
783 1528 1355
65 1659 1356
1507 1903 1357
1312 2052 1358
653 1041 1359
943 1555 1360
984 1662 1361
976 1680 1362
46 590 1363
590 1040 1364
771 2032 1365
117 356 1366
859 1988 1367
254 1017 1368
865 1130 1369
1271 2027 1370
61 1130 1371
635 1744 1372
686 783 1373
725 855 1374
123 906 1375
860 2066 1376
1334 1694 1377
1872 1896 1378
360 1430 1379
452 1983 1380
953 1823 1381
1345 1366 1382
1397 1403 1383
757 2085 1384
1145 1633 1385
943 1281 1386
168 1097 1387
855 958 1388
122 2032 1389
586 1185 1390
145 1988 1391
257 529 1392
610 2113 1393
780 831 1394
2048 2092 1395
114 1020 1396
986 1063 1397
140 1482 1398
46 570 1399
1168 1741 1400
1444 1458 1401
9 468 1402
452 2041 1403
847 1945 1404
168 1724 1405
224 656 1406
349 1842 1407
190 1957 1408
635 1754 1409
1064 1723 1410
144 1702 1411
1041 1492 1412
235 1468 1413
527 1205 1414
688 2082 1415
249 790 1416
20 168 1417
783 1158 1418
860 1358 1419
235 1400 1420
166 888 1421
1617 1935 1422
692 1193 1423
128 1676 1424
863 2092 1425
417 1619 1426
985 2032 1427
984 1808 1428
953 2043 1429
191 1923 1430
221 692 1431
1372 2058 1432
1744 1754 1433
1867 1983 1434
116 1988 1435
144 1158 1436
503 1040 1437
346 924 1438
666 2092 1439
1309 1607 1440
859 1117 1441
1008 2137 1442
1544 2030 1443
221 1678 1444
270 1546 1445
1400 1823 1446
120 1557 1447
587 2135 1448
477 1970 1449
118 262 1450
2033 2085 1451
356 1945 1452
535 1366 1453
1624 2027 1454
117 1772 1455
1017 1305 1456
1539 2007 1457
15 871 1458
30 75 1459
4 1482 1460
63 775 1461
140 1968 1462
110 1931 1463
1704 2092 1464
634 1988 1465
140 1117 1466
341 810 1467
576 2139 1468
1490 2026 1469
1976 2015 1470
943 1958 1471
1063 2062 1472
1972 2114 1473
491 1896 1474
557 1602 1475
692 1978 1476
235 1754 1477
675 1312 1478
775 1598 1479
497 1430 1480
676 2041 1481
751 1784 1482
831 2143 1483
1397 1976 1484
101 663 1485
714 1870 1486
67 431 1487
582 1027 1488
144 827 1489
365 1117 1490
654 2123 1491
1474 2082 1492
1820 2030 1493
335 1482 1494
674 1270 1495
460 973 1496
325 554 1497
1267 1629 1498
65 2049 1499
1555 2076 1500
123 566 1501
868 924 1502
1398 1454 1503
440 2058 1504
1284 2114 1505
1724 1729 1506
254 1305 1507
517 589 1508
431 1444 1509
1380 1454 1510
1440 1659 1511
2015 2117 1512
51 736 1513
692 1776 1514
1476 1676 1515
1095 2113 1516
1743 1768 1517
92 440 1518
480 1482 1519
1626 2030 1520
34 924 1521
1397 2117 1522
1397 1430 1523
9 1414 1524
1358 2066 1525
503 2052 1526
1896 1927 1527
1676 1871 1528
566 906 1529
159 1529 1530
552 1784 1531
623 1121 1532
221 568 1533
388 689 1534
867 1415 1535
1482 1988 1536
1923 1970 1537
1937 1949 1538
824 898 1539
61 342 1540
64 924 1541
255 855 1542
1145 1605 1543
440 2005 1544
623 2087 1545
1468 1823 1546
109 1284 1547
110 855 1548
784 1942 1549
191 527 1550
570 1500 1551
1454 1584 1552
1490 1535 1553
118 501 1554
561 1389 1555
417 1309 1556
535 2085 1557
557 981 1558
0 1269 1559
254 562 1560
1334 1659 1561
1458 1990 1562
568 1172 1563
623 1372 1564
1867 2041 1565
325 1978 1566
67 1458 1567
440 1842 1568
1500 1528 1569
88 834 1570
280 2058 1571
527 1978 1572
1064 1535 1573
1581 1755 1574
1172 1772 1575
431 1450 1576
1679 2048 1577
168 725 1578
913 1654 1579
581 1267 1580
109 1630 1581
714 987 1582
609 1235 1583
262 501 1584
913 976 1585
209 2139 1586
480 1968 1587
194 259 1588
673 1267 1589
623 851 1590
986 2062 1591
1397 2114 1592
221 1193 1593
1983 2030 1594
1445 2052 1595
1450 1458 1596
47 1267 1597
518 1397 1598
570 1040 1599
860 1999 1600
108 1988 1601
1870 2027 1602
1313 1750 1603
1576 2030 1604
491 1571 1605
582 1089 1606
1945 1970 1607
186 468 1608
953 959 1609
288 1941 1610
1702 1768 1611
69 270 1612
163 1884 1613
480 1117 1614
973 1802 1615
99 2085 1616
736 1075 1617
117 1776 1618
1629 1987 1619
46 2052 1620
692 1923 1621
810 1430 1622
1754 1823 1623
240 1061 1624
89 1875 1625
973 1975 1626
91 430 1627
1345 1392 1628
226 1067 1629
1303 1768 1630
1398 2007 1631
116 1968 1632
365 1988 1633
159 1043 1634
190 1636 1635
1538 1931 1636
117 568 1637
351 1987 1638
1074 1741 1639
953 1273 1640
64 1454 1641
1799 1941 1642
4 1988 1643
245 2076 1644
325 1776 1645
452 2022 1646
491 2030 1647
363 705 1648
98 522 1649
417 2109 1650
67 554 1651
431 1990 1652
798 1104 1653
1842 1975 1654
200 366 1655
554 1444 1656
1172 1776 1657
1195 1941 1658
1784 1845 1659
1366 2033 1660
1284 2015 1661
388 1236 1662
639 2027 1663
976 1325 1664
490 1603 1665
92 1530 1666
692 1970 1667
1676 1814 1668
120 2123 1669
682 973 1670
865 1241 1671
221 1806 1672
1469 2004 1673
1630 2015 1674
440 832 1675
1205 1945 1676
1206 1694 1677
346 1454 1678
1392 1757 1679
477 568 1680
1424 1676 1681
90 386 1682
4 1117 1683
527 1776 1684
1557 1949 1685
1879 1927 1686
594 925 1687
249 360 1688
249 497 1689
635 1823 1690
827 1856 1691
856 1128 1692
1937 2123 1693
99 2113 1694
1818 2079 1695
98 2105 1696
1678 1923 1697
1937 2004 1698
145 1968 1699
63 627 1700
114 2022 1701
1806 1945 1702
662 1077 1703
92 609 1704
187 309 1705
1945 1978 1706
1010 1941 1707
76 834 1708
341 2015 1709
75 865 1710
535 1345 1711
704 1879 1712
891 1879 1713
235 1744 1714
363 394 1715
1546 1867 1716
52 2069 1717
249 518 1718
953 1822 1719
341 360 1720
557 1884 1721
257 1637 1722
663 1236 1723
179 1257 1724
309 795 1725
686 1445 1726
1097 1724 1727
114 527 1728
52 552 1729
53 461 1730
35 115 1731
270 699 1732
191 1945 1733
63 1306 1734
912 1518 1735
587 1130 1736
136 1668 1737
967 998 1738
1196 1345 1739
101 1135 1740
532 1856 1741
529 1664 1742
913 1680 1743
200 2131 1744
1181 1750 1745
75 395 1746
262 826 1747
1257 1291 1748
235 635 1749
663 689 1750
676 2022 1751
609 1263 1752
677 2085 1753
155 2032 1754
1888 2027 1755
1753 1931 1756
868 1454 1757
1403 2015 1758
552 1273 1759
1458 1507 1760
1607 1754 1761
237 557 1762
689 1236 1763
1193 1945 1764
532 1467 1765
664 1529 1766
1694 2049 1767
1784 1957 1768
346 2007 1769
628 997 1770
108 1482 1771
1358 1999 1772
194 1333 1773
341 790 1774
34 1454 1775
366 2131 1776
1063 1727 1777
2092 2128 1778
335 1988 1779
855 1718 1780
35 724 1781
417 1078 1782
1983 2022 1783
35 2075 1784
47 1629 1785
64 1505 1786
1243 1750 1787
168 780 1788
554 1450 1789
1535 1723 1790
311 1345 1791
558 719 1792
925 1236 1793
1277 1879 1794
819 854 1795
714 1611 1796
913 1270 1797
440 609 1798
1387 1879 1799
1400 2043 1800
302 1676 1801
673 1987 1802
847 947 1803
1776 1945 1804
52 582 1805
985 1334 1806
252 281 1807
502 1570 1808
309 1709 1809
375 1863 1810
207 1432 1811
109 1976 1812
1565 1594 1813
535 1392 1814
33 609 1815
568 1970 1816
609 915 1817
92 136 1818
491 1879 1819
118 826 1820
1818 1940 1821
136 440 1822
1364 1842 1823
335 1117 1824
464 2032 1825
558 606 1826
589 628 1827
1117 1482 1828
98 306 1829
490 1463 1830
783 1702 1831
213 2058 1832
501 826 1833
1744 1823 1834
685 1016 1835
783 1856 1836
1602 2114 1837
64 1514 1838
179 1291 1839
1557 1937 1840
743 1768 1841
800 1332 1842
90 1827 1843
190 1112 1844
683 1610 1845
32 1679 1846
1593 1931 1847
163 552 1848
224 1636 1849
417 877 1850
1496 2027 1851
60 225 1852
209 1773 1853
924 1505 1854
341 1397 1855
365 1968 1856
505 1318 1857
790 1430 1858
868 2007 1859
1027 1089 1860
109 2117 1861
634 1968 1862
69 1679 1863
707 913 1864
440 623 1865
1372 1530 1866
1929 2027 1867
394 705 1868
664 1043 1869
166 1318 1870
477 527 1871
570 1528 1872
750 1676 1873
688 2035 1874
280 1842 1875
1281 1620 1876
501 1697 1877
360 497 1878
34 2007 1879
688 1968 1880
386 1827 1881
202 557 1882
1267 1404 1883
1482 2035 1884
912 2093 1885
1700 1750 1886
1834 1879 1887
168 1729 1888
309 464 1889
1659 2049 1890
1772 1945 1891
634 2082 1892
240 797 1893
262 1697 1894
838 1633 1895
1269 1937 1896
1727 2062 1897
562 1017 1898
1518 2010 1899
676 1983 1900
259 1333 1901
76 1224 1902
391 1206 1903
1172 1806 1904
977 1842 1905
117 1978 1906
309 1328 1907
827 1500 1908
1020 1983 1909
98 577 1910
677 1366 1911
1603 1750 1912
1694 1709 1913
1135 1236 1914
1172 1193 1915
431 1458 1916
827 1528 1917
1064 2026 1918
258 775 1919
1659 1847 1920
1819 2027 1921
1999 2066 1922
942 1585 1923
135 1102 1924
887 1480 1925
1201 1694 1926
1449 1535 1927
686 1312 1928
1468 1607 1929
140 1988 1930
477 692 1931
859 2035 1932
1659 1709 1933
1196 1366 1934
699 2030 1935
532 1528 1936
724 2075 1937
609 1530 1938
610 2085 1939
1488 1535 1940
532 783 1941
552 2069 1942
1007 2027 1943
1354 2113 1944
349 1530 1945
609 1455 1946
144 1467 1947
235 1607 1948
1583 2032 1949
38 2113 1950
118 1697 1951
226 679 1952
985 2049 1953
1328 1694 1954
859 2082 1955
589 1693 1956
400 943 1957
547 789 1958
114 926 1959
702 1773 1960
1694 1805 1961
2030 2128 1962
114 1983 1963
686 1702 1964
757 1366 1965
1158 1856 1966
582 1367 1967
906 1243 1968
76 88 1969
634 2035 1970
1206 1659 1971
1630 2114 1972
2010 2093 1973
1449 2026 1974
1016 1188 1975
111 2027 1976
440 2087 1977
1276 1622 1978
1626 1679 1979
674 913 1980
1694 1847 1981
64 2007 1982
666 1679 1983
676 1576 1984
2018 2082 1985
1095 2085 1986
1500 1702 1987
224 1531 1988
552 981 1989
760 973 1990
116 2035 1991
907 1972 1992
891 1927 1993
554 1507 1994
190 2002 1995
1949 2123 1996
1694 2032 1997
1432 1445 1998
1988 2035 1999
562 1305 2000
986 1727 2001
391 2049 2002
503 951 2003
865 1429 2004
1020 2022 2005
1332 1459 2006
224 1998 2007
166 1981 2008
204 953 2009
309 1805 2010
1387 1927 2011
1488 2026 2012
0 2004 2013
235 1823 2014
1888 2032 2015
554 1990 2016
1403 2114 2017
1033 1766 2018
341 497 2019
704 1927 2020
851 1842 2021
1206 2049 2022
689 1135 2023
70 119 2024
527 1983 2025
557 1273 2026
800 1459 2027
888 1512 2028
1620 1958 2029
675 686 2030
1318 1512 2031
1528 1702 2032
1605 1633 2033
342 865 2034
729 1631 2035
1477 1867 2036
391 1659 2037
712 1931 2038
763 1884 2039
925 1175 2040
211 2030 2041
1694 1870 2042
270 1544 2043
1814 1871 2044
863 1679 2045
480 1988 2046
1500 1856 2047
9 16 2048
1328 1659 2049
15 1756 2050
335 1968 2051
417 1884 2052
388 1326 2053
490 1700 2054
1277 1927 2055
1723 2026 2056
337 1382 2057
572 1320 2058
452 1477 2059
117 1172 2060
91 559 2061
147 558 2062
246 440 2063
558 559 2064
859 1968 2065
1872 1879 2066
594 1175 2067
337 1748 2068
468 921 2069
1668 2058 2070
119 1169 2071
72 628 2072
1097 1729 2073
705 1276 2074
1196 2113 2075
119 1933 2076
1090 1778 2077
46 951 2078
431 1507 2079
663 1326 2080
1158 1432 2081
1596 1912 2082
221 1923 2083
255 831 2084
581 1987 2085
53 1916 2086
623 1030 2087
1117 1988 2088
1158 1500 2089
76 1845 2090
417 763 2091
826 1697 2092
1976 2114 2093
211 2092 2094
1847 2032 2095
1544 1679 2096
1454 1505 2097
1033 1756 2098
457 1594 2099
797 1061 2100
152 2113 2101
1064 1490 2102
1158 1528 2103
159 812 2104
145 2035 2105
1235 1263 2106
88 1224 2107
714 2115 2108
119 735 2109
30 1241 2110
561 1734 2111
714 2032 2112
440 1668 2113
1834 1927 2114
76 897 2115
990 1912 2116
505 888 2117
600 714 2118
108 1968 2119
837 1912 2120
2114 2117 2121
2 14 2122
685 1188 2123
833 1077 2124
655 1942 2125
1518 2096 2126
2093 2096 2127
104 1694 2128
1235 1455 2129
1027 1367 2130
15 1766 2131
119 1427 2132
1679 1732 2133
657 1387 2134
609 1132 2135
1111 2058 2136
518 2015 2137
1153 1561 2138
1172 1923 2139
1923 1945 2140
209 1809 2141
795 1694 2142
824 1395 2143
782 1842 2144
1186 1912 2145
115 2075 2146
648 1931 2147
1477 1679 2148
790 810 2149
1328 2032 2150
1624 1694 2151
1089 1367 2152
61 587 2153
1040 1432 2154
391 985 2155
152 1345 2156
888 1981 2157
38 1366 2158
52 1027 2159
561 1801 2160
627 1306 2161
832 1975 2162
921 1529 2163
1389 1734 2164
714 1929 2165
838 1234 2166
1757 2033 2167
924 1380 2168
996 1090 2169
257 267 2170
835 1520 2171
1095 1345 2172
7 470 2173
491 1927 2174
1965 2082 2175
452 847 2176
664 812 2177
1430 2114 2178
62 662 2179
1854 2082 2180
1312 1445 2181
831 958 2182
657 891 2183
594 1652 2184
725 1724 2185
1077 1765 2186
657 1896 2187
925 1326 2188
119 1601 2189
855 1538 2190
1103 2049 2191
1449 1488 2192
893 1884 2193
1505 2007 2194
522 1480 2195
780 2143 2196
1637 1664 2197
850 2113 2198
609 973 2199
616 2085 2200
657 704 2201
679 1561 2202
166 1512 2203
224 2109 2204
1004 1887 2205
187 795 2206
840 922 2207
907 1602 2208
14 1268 2209
547 2071 2210
570 783 2211
877 953 2212
1624 1659 2213
1949 2004 2214
1135 1326 2215
119 1327 2216
1694 1794 2217
115 724 2218
871 1033 2219
261 1906 2220
168 2143 2221
1983 2041 2222
750 824 2223
1389 1801 2224
270 666 2225
527 926 2226
224 907 2227
1263 1455 2228
1463 1750 2229
4 1968 2230
117 221 2231
452 2048 2232
676 1546 2233
213 623 2234
532 827 2235
705 1622 2236
518 2114 2237
288 1195 2238
311 535 2239
1236 1326 2240
1957 2082 2241
163 203 2242
674 1325 2243
996 1778 2244
1404 1987 2245
1659 1870 2246
51 1300 2247
1020 2030 2248
1368 1906 2249
1659 1805 2250
119 734 2251
1201 1659 2252
561 1519 2253
1 1867 2254
1482 1968 2255
286 1366 2256
702 1809 2257
457 1215 2258
682 2058 2259
65 1440 2260
261 1368 2261
1092 1412 2262
98 256 2263
616 2113 2264
18 440 2265
1471 1884 2266
490 2050 2267
559 719 2268
655 2007 2269
699 2022 2270
1872 1927 2271
657 1834 2272
474 985 2273
490 1875 2274
252 1761 2275
590 1432 2276
1328 1709 2277
104 1659 2278
145 2082 2279
597 705 2280
1469 2123 2281
119 1436 2282
72 824 2283
73 1518 2284
1723 2009 2285
1676 2118 2286
535 2003 2287
829 884 2288
1397 2015 2289
535 1867 2290
911 1768 2291
161 468 2292
257 1990 2293
657 1277 2294
1968 1988 2295
166 505 2296
689 925 2297
887 1381 2298
1389 1519 2299
1449 1490 2300
166 589 2301
1440 2049 2302
119 236 2303
270 2048 2304
532 1702 2305
998 1044 2306
1528 1856 2307
527 1923 2308
1075 1300 2309
153 270 2310
579 1313 2311
319 1768 2312
2030 2048 2313
168 1538 2314
474 1805 2315
207 798 2316
1709 1805 2317
1607 1744 2318
780 1097 2319
572 1168 2320
1488 1723 2321
365 2035 2322
1168 1320 2323
65 391 2324
463 774 2325
739 2032 2326
20 1097 2327
468 1364 2328
43 468 2329
535 677 2330
569 953 2331
714 1258 2332
963 1871 2333
1381 1480 2334
78 628 2335
117 477 2336
570 827 2337
891 1314 2338
985 1440 2339
18 43 2340
679 1153 2341
757 1757 2342
103 1120 2343
812 1529 2344
1535 2009 2345
1557 2004 2346
566 579 2347
725 831 2348
628 1534 2349
1067 1561 2350
532 1158 2351
967 1044 2352
1887 2060 2353
920 1572 2354
1488 1490 2355
1092 2072 2356
52 1089 2357
795 2032 2358
63 1755 2359
454 1021 2360
736 1300 2361
110 1724 2362
108 2082 2363
440 1372 2364
1314 1387 2365
1064 1488 2366
474 795 2367
1023 1581 2368
123 579 2369
480 2035 2370
1094 2107 2371
1784 1965 2372
1064 1449 2373
527 1970 2374
527 1172 2375
246 2005 2376
1314 1834 2377
270 863 2378
76 1003 2379
18 186 2380
98 1480 2381
590 951 2382
256 887 2383
561 1251 2384
1040 2052 2385
440 1268 2386
827 1445 2387
431 554 2388
754 2030 2389
1242 1594 2390
1277 1314 2391
707 922 2392
784 1454 2393
834 1224 2394
704 1314 2395
1006 1510 2396
123 1181 2397
114 452 2398
922 1325 2399
92 1668 2400
14 1029 2401
554 1458 2402
1940 2079 2403
711 928 2404
922 1270 2405
922 1654 2406
86 257 2407
140 2035 2408
159 921 2409
422 1768 2410
1937 2084 2411
705 711 2412
1576 1983 2413
454 1932 2414
178 1092 2415
827 1702 2416
1149 1842 2417
1206 1440 2418
398 1390 2419
47 1987 2420
65 985 2421
363 711 2422
202 552 2423
384 660 2424
461 1426 2425
763 801 2426
474 1103 2427
529 1123 2428
1702 1856 2429
72 1486 2430
647 1931 2431
30 1429 2432
53 1426 2433
676 1477 2434
683 920 2435
1449 1723 2436
91 204 2437
917 1786 2438
158 1520 2439
267 1664 2440
1007 1659 2441
1251 1389 2442
819 834 2443
925 1652 2444
1530 1924 2445
527 1020 2446
795 1328 2447
1505 1514 2448
547 759 2449
204 559 2450
417 801 2451
1258 1694 2452
4 2035 2453
311 1392 2454
589 1262 2455
1224 1854 2456
570 1158 2457
906 1463 2458
76 1474 2459
1715 1874 2460
123 1700 2461
349 440 2462
283 468 2463
801 1884 2464
474 2032 2465
316 963 2466
1314 1872 2467
518 790 2468
906 1700 2469
468 1149 2470
477 1945 2471
1584 2007 2472
679 1067 2473
1175 1652 2474
1458 2051 2475
187 464 2476
226 1153 2477
464 1328 2478
103 228 2479
391 1440 2480
1328 1805 2481
20 725 2482
76 1854 2483
856 1078 2484
998 1506 2485
99 1757 2486
256 1381 2487
906 1603 2488
1021 1932 2489
1010 1799 2490
474 1709 2491
1729 2143 2492
554 2051 2493
319 746 2494
2107 2141 2495
112 311 2496
98 1189 2497
1805 2032 2498
114 1576 2499
153 1867 2500
1616 2027 2501
286 1757 2502
73 2093 2503
566 1700 2504
418 1948 2505
824 998 2506
963 1814 2507
431 2051 2508
590 2052 2509
428 1581 2510
535 676 2511
360 810 2512
497 790 2513
1023 1598 2514
440 1938 2515
464 795 2516
1117 2082 2517
474 1201 2518
1510 1880 2519
20 2143 2520
566 1243 2521
159 176 2522
819 1845 2523
495 596 2524
497 810 2525
187 1709 2526
958 1724 2527
505 1512 2528
985 1201 2529
1076 1078 2530
77 824 2531
627 858 2532
940 1741 2533
1349 1617 2534
1530 1975 2535
104 2032 2536
65 1206 2537
664 921 2538
120 2084 2539
452 1546 2540
341 2114 2541
428 1560 2542
2009 2026 2543
88 819 2544
431 2057 2545
421 934 2546
654 2084 2547
676 2003 2548
1790 1940 2549
579 906 2550
1477 2041 2551
1560 1581 2552
207 214 2553
858 1460 2554
586 1478 2555
1773 1874 2556
7 1514 2557
1350 1676 2558
88 854 2559
824 967 2560
468 609 2561
464 474 2562
255 2143 2563
335 2035 2564
77 1676 2565
894 1692 2566
1027 2069 2567
126 502 2568
566 1181 2569
609 2087 2570
873 1884 2571
65 1103 2572
152 2085 2573
60 457 2574
178 1412 2575
440 921 2576
1496 2032 2577
1809 1874 2578
14 1057 2579
277 1768 2580
1103 1440 2581
1106 1530 2582
1715 1773 2583
831 1718 2584
153 2030 2585
1184 1486 2586
1253 1884 2587
660 1134 2588
942 2071 2589
87 114 2590
20 780 2591
213 1842 2592
280 468 2593
833 1765 2594
1354 1366 2595
394 711 2596
452 2003 2597
1607 1823 2598
53 1239 2599
617 696 2600
187 1805 2601
953 1190 2602
110 168 2603
360 790 2604
1709 2032 2605
20 1752 2606
922 1680 2607
967 1506 2608
795 1709 2609
111 2032 2610
535 2041 2611
657 1872 2612
99 1366 2613
610 1366 2614
951 1432 2615
1692 1946 2616
421 2054 2617
1158 1702 2618
123 1243 2619
63 1581 2620
1679 1704 2621
384 1134 2622
1258 2027 2623
264 1150 2624
204 430 2625
1429 1733 2626
676 699 2627
789 1887 2628
831 1538 2629
1200 2037 2630
110 831 2631
694 884 2632
587 865 2633
1546 1983 2634
783 1467 2635
1067 1153 2636
1117 1968 2637
1867 2003 2638
1234 1605 2639
49 802 2640
834 854 2641
1467 1500 2642
1467 1856 2643
461 1239 2644
827 1467 2645
1117 2035 2646
1704 2030 2647
363 1276 2648
695 1548 2649
20 1724 2650
145 2018 2651
934 1800 2652
696 870 2653
452 699 2654
985 1805 2655
2027 2032 2656
2015 2114 2657
994 1561 2658
270 947 2659
750 1920 2660
998 1585 2661
1298 2082 2662
502 1689 2663
464 1201 2664
829 1821 2665
1089 2069 2666
675 798 2667
1006 1880 2668
1659 2032 2669
1078 1784 2670
676 2048 2671
951 1040 2672
973 1668 2673
1768 2094 2674
870 1547 2675
28 202 2676
103 202 2677
452 1020 2678
617 1547 2679
855 1753 2680
907 2117 2681
1468 1866 2682
0 1557 2683
176 664 2684
2022 2041 2685
87 1983 2686
1097 1718 2687
88 1854 2688
440 682 2689
547 1129 2690
1239 1916 2691
951 2052 2692
1572 2113 2693
634 807 2694
52 1367 2695
474 1328 2696
651 1884 2697
1345 2033 2698
69 1867 2699
819 1224 2700
1800 2054 2701
597 711 2702
854 1224 2703
128 1476 2704
517 1530 2705
190 1247 2706
318 1983 2707
586 1615 2708
1046 1375 2709
782 2058 2710
1718 1724 2711
1355 1818 2712
214 2052 2713
123 1603 2714
14 1802 2715
265 1410 2716
725 1752 2717
23 982 2718
252 1839 2719
187 1328 2720
1679 1820 2721
1679 2128 2722
1867 2048 2723
854 1845 2724
123 1463 2725
213 921 2726
257 1424 2727
391 1103 2728
566 1603 2729
136 2058 2730
505 1981 2731
1258 1659 2732
1013 1905 2733
529 1298 2734
1044 1506 2735
518 810 2736
1715 1809 2737
116 807 2738
440 1667 2739
1170 1931 2740
1064 2009 2741
771 1659 2742
1517 1779 2743
894 1946 2744
699 1983 2745
958 1729 2746
257 1450 2747
1557 2123 2748
566 1463 2749
2057 2060 2750
850 2085 2751
159 1652 2752
959 1190 2753
1182 1842 2754
724 1711 2755
1744 1866 2756
14 56 2757
84 911 2758
1568 2085 2759
87 926 2760
178 2072 2761
464 1709 2762
474 1440 2763
1676 2078 2764
112 1392 2765
921 2034 2766
187 1201 2767
753 1803 2768
1490 1723 2769
56 1268 2770
1134 2068 2771
1355 1479 2772
159 2034 2773
985 1206 2774
463 1410 2775
263 953 2776
695 1646 2777
108 2035 2778
70 121 2779
1458 1716 2780
926 1020 2781
1314 1896 2782
1823 1866 2783
683 1173 2784
1488 2009 2785
281 1839 2786
906 1181 2787
203 1884 2788
394 1276 2789
797 1198 2790
203 1078 2791
255 958 2792
498 963 2793
953 1866 2794
997 1486 2795
697 1940 2796
1018 2027 2797
108 2018 2798
256 522 2799
1318 1981 2800
224 1128 2801
283 440 2802
87 1020 2803
662 1581 2804
815 1594 2805
1181 1243 2806
985 1870 2807
1314 1927 2808
1968 2035 2809
43 2087 2810
775 1755 2811
188 1790 2812
240 1198 2813
1656 1825 2814
535 884 2815
775 1255 2816
1478 1615 2817
468 1372 2818
234 1345 2819
958 1752 2820
176 1842 2821
440 1693 2822
223 1469 2823
227 1940 2824
225 457 2825
87 2022 2826
299 1268 2827
967 1585 2828
664 1652 2829
943 2023 2830
407 581 2831
1204 1825 2832
211 676 2833
187 474 2834
654 1970 2835
699 1867 2836
683 1572 2837
567 874 2838
121 1169 2839
795 1805 2840
123 1313 2841
214 675 2842
697 1818 2843
941 1562 2844
1201 1805 2845
145 807 2846
757 2033 2847
1548 1646 2848
1784 2002 2849
255 1752 2850
688 807 2851
32 676 2852
906 1313 2853
1043 1529 2854
1201 1709 2855
431 1716 2856
444 2058 2857
725 1729 2858
316 440 2859
657 1314 2860
874 1687 2861
1486 1925 2862
23 2142 2863
656 1636 2864
664 2034 2865
87 1626 2866
623 682 2867
662 1348 2868
363 1622 2869
724 879 2870
468 1693 2871
1061 1198 2872
275 2092 2873
186 609 2874
43 921 2875
1190 1754 2876
168 255 2877
281 1486 2878
634 2018 2879
1400 1822 2880
819 1003 2881
62 833 2882
596 2107 2883
884 1345 2884
953 2059 2885
1181 1313 2886
121 1933 2887
1 452 2888
403 941 2889
126 692 2890
1201 2032 2891
91 719 2892
403 1562 2893
384 2068 2894
464 1805 2895
1020 1867 2896
332 1966 2897
1163 1992 2898
635 1866 2899
1206 1334 2900
579 1181 2901
226 994 2902
689 1326 2903
65 1334 2904
1372 2087 2905
1074 1320 2906
1334 2049 2907
1383 2092 2908
1239 1426 2909
23 398 2910
884 1821 2911
1185 1478 2912
407 1404 2913
989 1842 2914
808 2026 2915
1449 2009 2916
417 1784 2917
1407 1920 2918
1887 2036 2919
554 2057 2920
1477 2022 2921
299 1057 2922
628 1735 2923
258 1581 2924
1314 1879 2925
565 1318 2926
481 1460 2927
491 933 2928
204 558 2929
1576 2041 2930
152 1366 2931
566 1313 2932
86 1664 2933
535 694 2934
498 1871 2935
1761 1839 2936
60 1215 2937
121 734 2938
1052 1184 2939
121 735 2940
168 958 2941
589 888 2942
1656 2108 2943
1514 1584 2944
591 1920 2945
688 2018 2946
1718 1729 2947
798 2052 2948
203 2109 2949
712 855 2950
529 2071 2951
807 859 2952
850 1366 2953
1556 1562 2954
834 1854 2955
1158 1467 2956
536 1227 2957
676 1704 2958
342 1733 2959
121 1427 2960
926 2022 2961
567 1687 2962
1204 2108 2963
926 1983 2964
43 186 2965
50 1711 2966
1 676 2967
121 1436 2968
92 2005 2969
1255 1598 2970
63 1023 2971
653 1492 2972
1309 1866 2973
581 1838 2974
1273 1400 2975
935 1382 2976
850 1345 2977
583 946 2978
1201 1328 2979
1261 2107 2980
1354 2085 2981
941 1556 2982
832 1268 2983
43 280 2984
394 1622 2985
463 558 2986
452 1626 2987
121 1327 2988
985 1007 2989
992 1887 2990
819 897 2991
1367 2069 2992
135 741 2993
474 1334 2994
983 1676 2995
589 977 2996
152 535 2997
987 2032 2998
1479 1818 2999
225 1215 3000
264 772 3001
676 1020 3002
1668 2005 3003
211 452 3004
1176 2030 3005
33 2087 3006
579 1463 3007
555 1689 3008
110 1718 3009
121 236 3010
1185 1615 3011
535 1271 3012
1594 1903 3013
935 1748 3014
1512 1981 3015
639 2032 3016
110 1729 3017
468 915 3018
33 915 3019
705 928 3020
915 2087 3021
651 856 3022
457 2037 3023
646 1977 3024
91 1484 3025
468 2034 3026
280 440 3027
468 989 3028
1624 2032 3029
263 959 3030
1626 1983 3031
1568 2113 3032
227 1222 3033
529 1884 3034
959 1754 3035
780 1718 3036
400 1620 3037
255 1729 3038
270 1820 3039
1704 1867 3040
176 1043 3041
769 832 3042
1929 2032 3043
1167 2030 3044
20 1729 3045
1519 1734 3046
1531 1976 3047
1594 2044 3048
1076 1784 3049
440 1057 3050
819 1854 3051
39 1875 3052
1626 1867 3053
795 1201 3054
557 877 3055
69 847 3056
50 724 3057
498 1814 3058
1153 2024 3059
363 928 3060
1243 1603 3061
403 1556 3062
1805 1870 3063
959 2043 3064
1383 2030 3065
1752 2143 3066
227 2079 3067
558 1484 3068
711 1622 3069
1709 1870 3070
121 1601 3071
610 1757 3072
953 2055 3073
1754 1866 3074
697 1222 3075
579 1603 3076
1330 1947 3077
391 1794 3078
1167 1679 3079
66 491 3080
808 1123 3081
812 1043 3082
1754 2043 3083
255 1724 3084
1190 2043 3085
76 1965 3086
1477 1576 3087
535 850 3088
1506 1585 3089
32 1867 3090
49 558 3091
177 1469 3092
203 1400 3093
1117 1784 3094
1196 1392 3095
1404 1838 3096
1345 1354 3097
920 2113 3098
1330 1405 3099
4 807 3100
265 463 3101
786 1768 3102
1479 2079 3103
1734 1801 3104
150 1555 3105
1243 1313 3106
270 1704 3107
452 1704 3108
114 666 3109
302 1476 3110
1468 2059 3111
227 697 3112
342 2077 3113
648 855 3114
683 1722 3115
921 1043 3116
103 1078 3117
468 1111 3118
223 1949 3119
18 921 3120
110 1097 3121
1253 1471 3122
391 1334 3123
808 1490 3124
1097 1752 3125
694 829 3126
114 1626 3127
51 1865 3128
569 1273 3129
823 1694 3130
18 280 3131
940 1320 3132
812 1652 3133
267 789 3134
962 1676 3135
76 2018 3136
112 2033 3137
609 1668 3138
394 928 3139
1044 1585 3140
227 1790 3141
677 757 3142
1345 1635 3143
191 1576 3144
11 30 3145
699 1477 3146
1938 2005 3147
2032 2115 3148
23 1390 3149
232 707 3150
569 1822 3151
579 1700 3152
921 1121 3153
1426 1916 3154
76 751 3155
569 1400 3156
659 1905 3157
232 976 3158
73 912 3159
88 1845 3160
597 1276 3161
363 1152 3162
1043 2034 3163
110 958 3164
557 790 3165
77 1920 3166
1400 2055 3167
711 1276 3168
1309 2043 3169
1616 2032 3170
66 1571 3171
822 2081 3172
163 763 3173
226 2024 3174
495 2107 3175
657 1879 3176
959 1400 3177
257 1444 3178
1075 1865 3179
136 2005 3180
616 1366 3181
1607 1866 3182
452 901 3183
1251 1519 3184
519 654 3185
180 628 3186
1184 1868 3187
1479 1940 3188
1703 2113 3189
474 1870 3190
65 1794 3191
255 780 3192
520 1875 3193
635 2059 3194
2022 2048 3195
1181 1603 3196
165 613 3197
494 661 3198
600 2032 3199
854 1854 3200
38 286 3201
639 1694 3202
1200 1242 3203
1251 1801 3204
824 1476 3205
1720 1843 3206
900 1985 3207
1123 2057 3208
1355 1940 3209
211 1679 3210
1940 2000 3211
1750 2050 3212
114 318 3213
552 743 3214
1694 1929 3215
985 1624 3216
57 1784 3217
1545 2081 3218
66 1440 3219
100 2060 3220
552 877 3221
73 2010 3222
597 928 3223
1611 2032 3224
76 1957 3225
318 1020 3226
158 835 3227
311 2033 3228
1538 2143 3229
440 584 3230
725 1097 3231
921 1344 3232
428 459 3233
270 1176 3234
963 1350 3235
275 1679 3236
310 392 3237
535 829 3238
819 1474 3239
135 752 3240
654 1713 3241
822 1545 3242
1130 1733 3243
959 1309 3244
153 452 3245
808 2056 3246
1222 1940 3247
394 1152 3248
219 1460 3249
498 1573 3250
771 985 3251
316 498 3252
328 1919 3253
1744 2059 3254
16 440 3255
627 1377 3256
1400 1866 3257
602 1812 3258
1440 1794 3259
1190 1400 3260
59 1440 3261
911 1665 3262
77 750 3263
443 586 3264
87 318 3265
78 1486 3266
234 2085 3267
235 1866 3268
128 799 3269
677 1757 3270
1555 2121 3271
1637 1654 3272
1988 2086 3273
3 2060 3274
670 1798 3275
1790 2000 3276
824 983 3277
538 1851 3278
659 1013 3279
697 2079 3280
569 2055 3281
818 1676 3282
639 1659 3283
1222 1818 3284
1642 1737 3285
475 925 3286
374 1376 3287
835 1843 3288
1309 2059 3289
103 1573 3290
309 878 3291
92 1938 3292
281 352 3293
834 1845 3294
1355 2079 3295
211 270 3296
1268 1924 3297
808 1535 3298
1020 1546 3299
1103 1624 3300
705 1152 3301
896 1266 3302
133 1202 3303
649 1983 3304
798 1312 3305
65 771 3306
9 1076 3307
257 431 3308
594 2045 3309
679 994 3310
1273 1822 3311
112 1196 3312
1823 2059 3313
62 1348 3314
273 2130 3315
1366 1703 3316
114 2048 3317
569 2043 3318
87 947 3319
1328 1870 3320
1190 1309 3321
798 1445 3322
830 1977 3323
1490 2009 3324
1768 1837 3325
1405 1947 3326
491 2011 3327
99 311 3328
76 688 3329
30 1563 3330
128 882 3331
282 628 3332
2034 2058 3333
187 1989 3334
1571 2030 3335
455 885 3336
907 1430 3337
1243 1700 3338
1106 1924 3339
1429 2077 3340
1903 2060 3341
411 840 3342
423 1920 3343
23 482 3344
283 1693 3345
771 1440 3346
47 1838 3347
87 356 3348
468 760 3349
1917 2073 3350
395 1563 3351
616 1757 3352
124 1140 3353
136 427 3354
511 1875 3355
1067 2024 3356
102 372 3357
223 1269 3358
365 807 3359
385 777 3360
954 1259 3361
711 1177 3362
153 1983 3363
1637 2071 3364
103 1071 3365
1007 1805 3366
1732 2022 3367
1983 2048 3368
1398 1514 3369
29 1750 3370
958 1097 3371
1520 1720 3372
579 2050 3373
1424 1990 3374
9 1078 3375
886 1649 3376
1754 2059 3377
751 819 3378
193 628 3379
1306 1377 3380
1638 1960 3381
688 2086 3382
1273 2109 3383
1254 1869 3384
589 1981 3385
623 713 3386
757 1392 3387
216 1835 3388
831 1753 3389
1085 1161 3390
1535 1881 3391
103 1076 3392
1400 2059 3393
912 2096 3394
1820 1867 3395
1345 2003 3396
242 1898 3397
832 2087 3398
216 1155 3399
920 1610 3400
1659 1929 3401
452 1732 3402
2 1029 3403
335 807 3404
186 851 3405
660 2091 3406
819 1965 3407
305 580 3408
510 1011 3409
1514 1539 3410
211 2003 3411
711 1152 3412
847 1705 3413
66 1694 3414
450 1974 3415
1060 1779 3416
482 1048 3417
38 850 3418
1181 1700 3419
1822 2055 3420
20 1538 3421
92 1132 3422
474 1989 3423
2003 2041 3424
361 749 3425
943 1620 3426
1779 1911 3427
18 851 3428
1161 1308 3429
1704 1983 3430
1830 1909 3431
834 2002 3432
19 1189 3433
745 1183 3434
163 1471 3435
393 1515 3436
1546 2041 3437
955 2127 3438
490 830 3439
1018 2032 3440
459 775 3441
1304 2099 3442
1347 1594 3443
1561 2024 3444
1377 1755 3445
1181 1463 3446
906 1193 3447
1143 1658 3448
203 1280 3449
768 1406 3450
152 1757 3451
648 780 3452
2010 2096 3453
33 186 3454
286 616 3455
1486 1534 3456
309 835 3457
699 1020 3458
753 1247 3459
676 1732 3460
491 963 3461
76 2002 3462
114 1732 3463
798 1432 3464
1215 2037 3465
1444 1664 3466
147 802 3467
78 1735 3468
699 2041 3469
311 757 3470
623 1667 3471
812 2034 3472
1412 1739 3473
1064 1881 3474
771 2049 3475
1242 2037 3476
190 1435 3477
606 774 3478
176 1529 3479
694 1345 3480
134 1460 3481
491 1703 3482
112 757 3483
1098 2140 3484
1463 1700 3485
741 752 3486
169 536 3487
527 649 3488
2068 2091 3489
795 1007 3490
214 798 3491
1002 1541 3492
978 1829 3493
182 1807 3494
38 677 3495
465 2032 3496
482 1050 3497
824 1441 3498
1196 1757 3499
311 1196 3500
1647 1920 3501
68 1511 3502
187 1007 3503
286 610 3504
644 1846 3505
928 1177 3506
325 1664 3507
1020 1576 3508
430 559 3509
994 1153 3510
1023 1255 3511
543 1930 3512
309 698 3513
563 1972 3514
782 921 3515
925 2045 3516
468 584 3517
1620 2076 3518
1713 1970 3519
490 1977 3520
1106 1268 3521
347 553 3522
398 1318 3523
128 302 3524
1524 1692 3525
1078 2109 3526
1260 1992 3527
25 904 3528
235 2059 3529
1443 1796 3530
437 1676 3531
651 1471 3532
552 1822 3533
1007 1709 3534
929 1341 3535
1149 1364 3536
509 711 3537
712 831 3538
1313 1463 3539
66 391 3540
1351 1988 3541
76 1298 3542
161 1149 3543
679 2024 3544
763 893 3545
92 915 3546
1048 1050 3547
627 1712 3548
677 1392 3549
858 1306 3550
2041 2048 3551
344 1875 3552
795 1258 3553
1486 1868 3554
657 1927 3555
884 1196 3556
163 801 3557
1258 1805 3558
57 2082 3559
1457 2102 3560
712 2143 3561
1739 2072 3562
130 1882 3563
1464 1689 3564
120 191 3565
257 1458 3566
186 915 3567
127 970 3568
1544 1983 3569
148 271 3570
374 703 3571
1007 1328 3572
1222 1486 3573
296 1264 3574
464 1989 3575
1854 2002 3576
267 2071 3577
795 1870 3578
516 813 3579
792 1643 3580
309 1428 3581
255 1753 3582
1258 1709 3583
597 1622 3584
1447 1460 3585
1649 1828 3586
1724 1753 3587
552 1740 3588
730 1564 3589
852 1446 3590
464 1870 3591
468 713 3592
894 1524 3593
18 973 3594
425 1564 3595
479 1698 3596
771 1103 3597
1790 2079 3598
388 475 3599
1603 1700 3600
1100 1150 3601
62 321 3602
161 1364 3603
1750 1904 3604
432 603 3605
994 1067 3606
114 863 3607
779 2060 3608
784 1514 3609
897 1474 3610
929 2011 3611
1570 1772 3612
1638 1950 3613
314 1760 3614
598 1457 3615
168 919 3616
525 1381 3617
1870 2032 3618
854 897 3619
1175 2045 3620
801 873 3621
169 1227 3622
306 2105 3623
310 2073 3624
1224 2002 3625
88 2002 3626
752 1102 3627
219 481 3628
795 1249 3629
1723 1881 3630
68 215 3631
771 1206 3632
488 1311 3633
582 1491 3634
1098 1595 3635
1313 1603 3636
1403 2124 3637
623 2034 3638
1094 2141 3639
625 945 3640
1148 1828 3641
1365 1401 3642
241 2138 3643
741 1102 3644
349 832 3645
1318 1390 3646
765 2060 3647
1392 2033 3648
707 898 3649
160 1401 3650
985 1847 3651
1121 1268 3652
1477 2048 3653
854 1003 3654
250 1331 3655
496 1676 3656
1273 2043 3657
148 1520 3658
1689 1923 3659
841 1952 3660
1572 1610 3661
565 888 3662
1310 1563 3663
1794 2049 3664
824 1086 3665
422 911 3666
1206 1794 3667
1414 2108 3668
1103 1870 3669
1784 2069 3670
14 1592 3671
693 1475 3672
291 516 3673
1652 2045 3674
535 1315 3675
43 851 3676
1531 1884 3677
644 1688 3678
1007 1103 3679
93 788 3680
187 1249 3681
401 402 3682
55 1552 3683
87 754 3684
316 1871 3685
778 788 3686
138 173 3687
1154 1193 3688
452 1695 3689
163 1078 3690
430 1484 3691
877 959 3692
933 2011 3693
1050 1790 3694
1295 1565 3695
187 1258 3696
533 1058 3697
444 468 3698
854 1965 3699
1565 2037 3700
1258 1328 3701
409 1991 3702
50 879 3703
1474 1957 3704
1565 2044 3705
411 976 3706
2084 2123 3707
9 1900 3708
116 2086 3709
848 913 3710
743 959 3711
139 226 3712
954 982 3713
1062 1594 3714
676 1820 3715
982 2142 3716
1576 2003 3717
1354 1757 3718
214 1445 3719
629 1724 3720
407 673 3721
310 397 3722
1994 2106 3723
899 1824 3724
972 1489 3725
877 2043 3726
37 424 3727
42 1287 3728
1247 1803 3729
1046 1966 3730
151 1187 3731
963 2038 3732
1402 1489 3733
94 1821 3734
1529 2034 3735
49 701 3736
131 1672 3737
151 1211 3738
1344 1842 3739
203 1076 3740
1 1576 3741
443 1185 3742
1152 1276 3743
676 901 3744
1388 1840 3745
16 1076 3746
703 1376 3747
201 1690 3748
783 1463 3749
1222 2079 3750
819 1298 3751
251 456 3752
309 1963 3753
539 2087 3754
1485 1939 3755
126 654 3756
527 947 3757
1486 1735 3758
1709 1989 3759
468 1030 3760
1713 1772 3761
1313 2050 3762
1123 1490 3763
1071 1120 3764
1280 2109 3765
1268 1975 3766
295 602 3767
928 1276 3768
705 1177 3769
106 2143 3770
928 1622 3771
319 1179 3772
59 2049 3773
126 2074 3774
1052 1486 3775
1590 1884 3776
168 648 3777
546 1631 3778
1597 2046 3779
284 310 3780
666 863 3781
797 1651 3782
1704 2048 3783
223 2123 3784
316 1814 3785
399 1857 3786
468 1182 3787
646 830 3788
1273 2055 3789
1841 2032 3790
246 1668 3791
882 1708 3792
1635 2113 3793
323 1265 3794
780 1538 3795
1805 1989 3796
338 1797 3797
1616 1659 3798
535 1703 3799
65 1819 3800
122 1659 3801
1386 2060 3802
273 1944 3803
571 1533 3804
438 530 3805
854 1474 3806
1538 1724 3807
535 616 3808
763 1471 3809
1689 2012 3810
19 577 3811
464 1007 3812
27 588 3813
629 1729 3814
1127 1901 3815
97 1953 3816
751 1003 3817
1822 2043 3818
358 1677 3819
223 1557 3820
563 1491 3821
196 315 3822
103 2069 3823
64 1731 3824
299 323 3825
510 620 3826
392 537 3827
163 651 3828
1037 1840 3829
69 153 3830
92 1182 3831
59 1103 3832
139 1561 3833
601 1924 3834
318 926 3835
0 177 3836
559 953 3837
910 1754 3838
683 1340 3839
1103 1794 3840
47 976 3841
354 1625 3842
1234 1338 3843
474 1624 3844
222 1736 3845
897 1957 3846
295 1812 3847
17 1016 3848
139 1373 3849
1359 1775 3850
163 893 3851
527 681 3852
1560 1755 3853
850 1757 3854
1117 2018 3855
1177 1276 3856
32 901 3857
352 1761 3858
446 2082 3859
31 1421 3860
858 1712 3861
546 729 3862
713 2005 3863
1576 1704 3864
217 1792 3865
459 1560 3866
248 1080 3867
404 2133 3868
588 773 3869
815 2037 3870
824 1647 3871
1490 2056 3872
53 1787 3873
82 1422 3874
468 1344 3875
329 1033 3876
464 1258 3877
699 1576 3878
801 893 3879
831 1593 3880
550 1287 3881
321 662 3882
1177 1622 3883
910 959 3884
494 982 3885
592 1948 3886
126 808 3887
405 884 3888
766 911 3889
1576 2048 3890
553 828 3891
1944 2130 3892
392 2006 3893
983 1920 3894
1685 1988 3895
89 344 3896
178 1578 3897
273 1706 3898
320 1793 3899
1148 1781 3900
125 641 3901
1162 2060 3902
285 418 3903
1 1477 3904
1524 1946 3905
1576 1626 3906
31 2105 3907
72 898 3908
759 1129 3909
311 610 3910
341 1285 3911
289 1483 3912
1224 1845 3913
610 616 3914
1005 1225 3915
485 2137 3916
96 1056 3917
280 1344 3918
819 1957 3919
1152 1622 3920
135 1581 3921
1486 1881 3922
8 2021 3923
129 953 3924
1334 1870 3925
859 2086 3926
873 1253 3927
1689 1918 3928
677 2033 3929
954 1581 3930
1196 1271 3931
824 1407 3932
418 592 3933
128 1708 3934
277 388 3935
1223 1858 3936
805 1011 3937
675 1721 3938
1482 2086 3939
483 1966 3940
591 824 3941
1020 1544 3942
211 1983 3943
928 1152 3944
1561 1777 3945
1624 1847 3946
28 1462 3947
120 253 3948
1110 2004 3949
871 1608 3950
309 1099 3951
677 1572 3952
67 467 3953
1514 1731 3954
99 112 3955
490 520 3956
170 357 3957
188 1050 3958
1359 1926 3959
132 1999 3960
136 246 3961
1704 2041 3962
28 1076 3963
1481 1739 3964
658 1366 3965
923 1885 3966
237 1430 3967
65 66 3968
429 1569 3969
92 601 3970
910 2043 3971
59 65 3972
1102 1581 3973
1107 1577 3974
646 937 3975
1226 2083 3976
423 824 3977
30 384 3978
640 2104 3979
924 1221 3980
772 1150 3981
1200 1565 3982
24 1986 3983
750 983 3984
326 1594 3985
989 1364 3986
491 1667 3987
49 1035 3988
56 1182 3989
578 1112 3990
669 1884 3991
1456 1951 3992
28 203 3993
982 1712 3994
142 1600 3995
1 243 3996
164 1762 3997
283 977 3998
1229 2060 3999
669 1531 4000
1485 1575 4001
1298 1988 4002
318 2022 4003
691 1850 4004
191 1759 4005
911 1144 4006
1178 1231 4007
1706 2130 4008
1626 2041 4009
152 311 4010
697 2000 4011
854 1298 4012
968 1374 4013
910 953 4014
18 1030 4015
1785 2060 4016
1606 2065 4017
176 2034 4018
694 1821 4019
699 1626 4020
1154 1678 4021
142 1452 4022
963 2118 4023
309 1720 4024
1600 1935 4025
1847 1929 4026
1068 1979 4027
265 1081 4028
280 1111 4029
795 1989 4030
950 1069 4031
28 1078 4032
289 628 4033
142 733 4034
499 1294 4035
33 1132 4036
1117 2086 4037
1313 1700 4038
106 255 4039
677 2003 4040
1491 2069 4041
519 2004 4042
763 873 4043
1660 1678 4044
551 643 4045
211 1546 4046
246 1938 4047
486 2084 4048
482 982 4049
380 803 4050
1716 2060 4051
762 2040 4052
12 1676 4053
36 50 4054
285 1948 4055
464 1249 4056
32 527 4057
634 2086 4058
24 1651 4059
959 1619 4060
392 748 4061
666 1544 4062
134 929 4063
451 478 4064
799 1708 4065
249 1285 4066
624 1717 4067
343 1894 4068
452 1820 4069
1339 1712 4070
1244 1525 4071
88 1743 4072
1250 1935 4073
575 806 4074
1513 2060 4075
266 1269 4076
738 1270 4077
206 1951 4078
337 1921 4079
936 1682 4080
1280 1856 4081
1825 1967 4082
152 1392 4083
1233 1817 4084
63 858 4085
1979 2125 4086
104 1847 4087
230 1005 4088
1184 1899 4089
611 940 4090
146 2103 4091
651 1128 4092
699 2048 4093
743 1619 4094
1003 1845 4095
1032 1230 4096
322 813 4097
363 1177 4098
386 1302 4099
1328 1989 4100
412 856 4101
1559 1728 4102
1935 2040 4103
469 1297 4104
69 1576 4105
289 1185 4106
405 829 4107
873 1590 4108
370 1230 4109
555 1324 4110
631 1199 4111
616 2033 4112
1729 1753 4113
81 1133 4114
781 1955 4115
462 619 4116
1529 1652 4117
825 1683 4118
954 1890 4119
1020 1704 4120
5 1026 4121
126 1088 4122
905 1661 4123
99 2033 4124
257 1129 4125
672 1833 4126
323 440 4127
1845 1854 4128
490 1335 4129
197 1041 4130
334 1943 4131
41 2143 4132
295 1557 4133
23 944 4134
157 433 4135
50 1493 4136
75 2067 4137
246 713 4138
495 2111 4139
939 1900 4140
231 785 4141
1007 1258 4142
1230 1783 4143
1334 1847 4144
243 1867 4145
820 2065 4146
954 1755 4147
258 1598 4148
278 1895 4149
728 1900 4150
286 311 4151
1546 1704 4152
23 1712 4153
232 898 4154
1054 1066 4155
103 498 4156
863 1020 4157
1344 2034 4158
1248 1418 4159
167 1451 4160
444 1025 4161
693 804 4162
1309 1703 4163
604 1283 4164
521 953 4165
1107 1897 4166
790 1784 4167
367 991 4168
535 1645 4169
1091 1473 4170
1273 2018 4171
1445 1721 4172
347 1836 4173
582 1784 4174
929 1434 4175
1635 1757 4176
1 2041 4177
379 489 4178
48 1192 4179
1371 1762 4180
466 1594 4181
610 1568 4182
1937 2119 4183
239 1530 4184
604 1337 4185
1503 1928 4186
66 139 4187
615 1790 4188
1812 1813 4189
485 1008 4190
783 1743 4191
893 1471 4192
1055 1650 4193
1727 2098 4194
128 615 4195
1893 1959 4196
819 2002 4197
865 1156 4198
344 378 4199
481 845 4200
494 954 4201
1878 1961 4202
898 1441 4203
953 1889 4204
94 405 4205
323 1924 4206
1696 2137 4207
1431 1836 4208
1694 1819 4209
186 1268 4210
1571 1896 4211
312 1508 4212
323 1416 4213
530 1133 4214
85 618 4215
430 1105 4216
1699 1739 4217
956 1986 4218
263 743 4219
1069 1385 4220
490 1816 4221
460 1057 4222
589 1543 4223
623 977 4224
180 1486 4225
758 817 4226
1523 1594 4227
69 1546 4228
736 1342 4229
1212 1460 4230
677 920 4231
107 1371 4232
937 1977 4233
1240 1480 4234
1369 1910 4235
135 1409 4236
1845 1965 4237
1093 1408 4238
659 867 4239
1272 1439 4240
582 2103 4241
491 977 4242
1375 1966 4243
235 1128 4244
807 2035 4245
906 2050 4246
1531 1998 4247
1573 1871 4248
1881 2009 4249
349 789 4250
1090 1472 4251
176 1810 4252
1570 1806 4253
639 985 4254
683 1657 4255
542 1203 4256
683 2083 4257
1129 1424 4258
647 1752 4259
112 677 4260
348 531 4261
649 1978 4262
715 717 4263
1282 1954 4264
692 2074 4265
2005 2061 4266
500 1012 4267
1189 1767 4268
146 719 4269
458 846 4270
490 511 4271
616 1568 4272
649 1867 4273
495 1502 4274
1 2003 4275
863 1544 4276
1414 1967 4277
195 281 4278
1477 1704 4279
311 616 4280
558 756 4281
1056 1720 4282
40 1072 4283
69 1732 4284
468 1073 4285
238 506 4286
440 2031 4287
509 928 4288
889 1741 4289
121 1913 4290
484 1948 4291
612 929 4292
233 1034 4293
411 557 4294
1001 1399 4295
743 763 4296
311 677 4297
949 1207 4298
1341 2011 4299
629 1718 4300
731 804 4301
875 2006 4302
915 1973 4303
237 2109 4304
701 1042 4305
853 1871 4306
32 1546 4307
71 879 4308
391 1819 4309
495 1252 4310
316 1948 4311
394 1177 4312
861 1706 4313
318 1544 4314
808 2095 4315
997 1534 4316
1318 2097 4317
347 828 4318
1858 1859 4319
123 1904 4320
906 1904 4321
1052 1925 4322
1689 1759 4323
1099 1879 4324
710 1793 4325
1704 2022 4326
193 1486 4327
1218 2137 4328
1064 1346 4329
1109 1996 4330
1206 1819 4331
1463 2050 4332
965 1821 4333
2043 2055 4334
1103 1847 4335
573 1192 4336
909 1168 4337
502 1226 4338
9 136 4339
1253 1590 4340
461 1497 4341
649 1193 4342
0 2008 4343
114 1544 4344
1546 2048 4345
780 1753 4346
347 979 4347
277 1131 4348
649 1546 4349
914 1045 4350
759 1424 4351
614 1174 4352
18 1111 4353
1560 1765 4354
153 1477 4355
1208 1663 4356
1249 1805 4357
28 1120 4358
565 1512 4359
791 1012 4360
365 2086 4361
604 1041 4362
982 1890 4363
445 2006 4364
884 1554 4365
1008 1218 4366
1497 1916 4367
662 1533 4368
112 610 4369
128 599 4370
411 562 4371
427 1668 4372
1915 2047 4373
302 484 4374
207 1721 4375
786 1856 4376
484 592 4377
684 915 4378
1182 1668 4379
700 1997 4380
1192 2016 4381
349 417 4382
1453 1578 4383
1572 2033 4384
918 1768 4385
985 1929 4386
1249 1709 4387
453 1782 4388
1345 1826 4389
168 1170 4390
171 977 4391
263 1190 4392
1379 1578 4393
1702 2035 4394
163 873 4395
638 1749 4396
308 716 4397
1007 2032 4398
99 286 4399
415 1992 4400
1205 1660 4401
929 2018 4402
1201 1258 4403
1440 1819 4404
467 2051 4405
549 561 4406
282 1486 4407
742 1013 4408
1065 1200 4409
121 1323 4410
755 1725 4411
863 926 4412
100 1123 4413
532 1482 4414
29 908 4415
99 1095 4416
146 559 4417
1414 1530 4418
683 1826 4419
716 2028 4420
1369 1741 4421
1171 1995 4422
1380 1584 4423
105 1453 4424
726 1497 4425
1460 1540 4426
1700 2050 4427
1191 1329 4428
84 1665 4429
59 1206 4430
1129 1779 4431
1166 1741 4432
1171 1532 4433
263 1619 4434
311 1095 4435
509 1152 4436
1286 1610 4437
203 1319 4438
1875 1914 4439
1593 1752 4440
66 1794 4441
484 1476 4442
1069 1426 4443
1255 1650 4444
1324 1464 4445
566 1904 4446
1035 1178 4447
1159 2030 4448
1008 1696 4449
608 628 4450
161 782 4451
498 2118 4452
247 608 4453
189 303 4454
54 592 4455
1099 1927 4456
1133 1588 4457
1222 2000 4458
1334 1624 4459
205 1707 4460
751 854 4461
1024 1598 4462
595 929 4463
807 1968 4464
1575 2107 4465
769 1106 4466
1614 1795 4467
1495 2037 4468
126 1934 4469
186 713 4470
419 1757 4471
1066 1160 4472
46 1164 4473
446 1460 4474
562 1654 4475
185 789 4476
919 1724 4477
1366 1635 4478
512 1545 4479
883 1992 4480
29 1243 4481
76 689 4482
607 1014 4483
322 1378 4484
754 947 4485
188 2000 4486
292 1036 4487
562 804 4488
44 149 4489
1527 1993 4490
214 1625 4491
1565 1964 4492
340 1321 4493
274 744 4494
211 1704 4495
1103 1258 4496
650 1344 4497
897 1845 4498
1370 2137 4499
404 832 4500
847 1099 4501
1695 1983 4502
357 1391 4503
1603 2050 4504
1083 1434 4505
1696 1804 4506
614 1579 4507
396 796 4508
1121 1667 4509
495 1261 4510
105 726 4511
947 1154 4512
126 2056 4513
566 2050 4514
1474 1845 4515
677 850 4516
1688 1846 4517
829 1554 4518
981 1078 4519
1124 1652 4520
1845 2002 4521
608 621 4522
622 1028 4523
743 783 4524
23 1272 4525
114 2128 4526
1245 2126 4527
349 1887 4528
100 185 4529
649 1719 4530
1245 1670 4531
2035 2086 4532
896 1243 4533
629 1593 4534
881 1437 4535
123 2050 4536
1732 1867 4537
593 881 4538
605 2088 4539
740 1014 4540
1334 1794 4541
414 690 4542
1108 1628 4543
1854 1965 4544
286 1392 4545
373 1993 4546
349 444 4547
825 1612 4548
380 1993 4549
834 1965 4550
1356 1389 4551
1196 1703 4552
9 1529 4553
204 585 4554
211 2041 4555
266 980 4556
184 453 4557
988 1821 4558
1301 1580 4559
957 2001 4560
105 1316 4561
1173 1722 4562
204 1082 4563
799 882 4564
18 444 4565
268 1956 4566
757 1572 4567
1160 1860 4568
1022 1580 4569
1353 1934 4570
728 939 4571
411 1769 4572
324 515 4573
1249 1328 4574
1438 1842 4575
1537 1966 4576
221 1705 4577
1678 1759 4578
759 1530 4579
720 2020 4580
823 985 4581
1786 1912 4582
226 1896 4583
1003 2018 4584
903 1478 4585
381 1462 4586
439 1567 4587
713 1668 4588
1655 2018 4589
560 1009 4590
89 1914 4591
269 1096 4592
1151 1262 4593
754 1020 4594
1774 2056 4595
1261 1542 4596
39 1914 4597
122 739 4598
711 2078 4599
780 919 4600
1354 1703 4601
1346 1723 4602
264 1100 4603
1956 2130 4604
134 1434 4605
481 1413 4606
1458 2071 4607
2018 2055 4608
18 176 4609
183 1069 4610
1428 1498 4611
332 1537 4612
926 1544 4613
763 1253 4614
1504 1567 4615
1675 1916 4616
304 1639 4617
1001 1041 4618
639 1103 4619
1439 1712 4620
1599 1623 4621
161 1121 4622
854 1957 4623
1513 1664 4624
1558 2122 4625
181 1470 4626
1435 1550 4627
1505 1509 4628
89 520 4629
213 1121 4630
1290 2110 4631
211 1820 4632
1990 2071 4633
853 1814 4634
1200 1763 4635
377 2096 4636
551 1462 4637
115 408 4638
1050 1839 4639
474 639 4640
1845 1957 4641
220 1391 4642
1100 1126 4643
1008 1370 4644
411 738 4645
316 1350 4646
1626 1732 4647
1141 1521 4648
2031 2081 4649
560 1461 4650
628 1051 4651
1957 1965 4652
1481 1578 4653
958 1753 4654
1704 2003 4655
178 811 4656
191 1719 4657
761 839 4658
163 1253 4659
863 2128 4660
319 339 4661
1584 1731 4662
192 1594 4663
914 1587 4664
1084 2025 4665
1259 1363 4666
69 2022 4667
154 1566 4668
849 1942 4669
95 103 4670
104 1583 4671
110 919 4672
1201 1249 4673
1444 2071 4674
376 1434 4675
1832 1853 4676
204 1343 4677
876 1890 4678
854 2002 4679
1322 1326 4680
287 895 4681
62 1731 4682
694 1554 4683
1059 1378 4684
203 1571 4685
485 1804 4686
1298 1458 4687
917 1912 4688
408 545 4689
636 1014 4690
751 897 4691
1700 1904 4692
626 1922 4693
350 1653 4694
888 1272 4695
845 1460 4696
416 442 4697
155 474 4698
553 1747 4699
892 1684 4700
1295 1964 4701
1471 1590 4702
1610 1657 4703
494 1578 4704
2069 2103 4705
274 582 4706
938 2018 4707
89 1885 4708
1086 1395 4709
210 1120 4710
1181 2050 4711
417 1667 4712
1391 1815 4713
1460 1667 4714
4 1298 4715
751 2043 4716
47 1347 4717
6 714 4718
120 1719 4719
954 1623 4720
1078 1273 4721
993 1096 4722
483 1046 4723
873 1471 4724
257 759 4725
382 2088 4726
964 1980 4727
1079 1116 4728
294 2018 4729
243 2041 4730
265 630 4731
1568 2033 4732
389 1536 4733
1719 1983 4734
494 1553 4735
1324 1923 4736
1583 1929 4737
1891 2025 4738
1238 1425 4739
170 1925 4740
198 319 4741
416 434 4742
1228 1846 4743
474 1271 4744
1321 1740 4745
277 1856 4746
669 1856 4747
1392 1703 4748
1578 1699 4749
539 1372 4750
766 1665 4751
910 1190 4752
1268 1416 4753
490 2107 4754
1224 1965 4755
1384 1631 4756
38 1392 4757
324 1836 4758
483 1375 4759
859 1232 4760
764 1791 4761
769 1975 4762
273 645 4763
820 1606 4764
1754 2112 4765
266 1949 4766
345 2088 4767
947 1689 4768
286 1568 4769
793 1373 4770
468 2013 4771
866 1902 4772
1871 2053 4773
782 1157 4774
38 757 4775
502 1209 4776
1102 1409 4777
1623 2029 4778
172 493 4779
1309 2112 4780
69 699 4781
137 1426 4782
1819 2049 4783
1095 1392 4784
1517 1911 4785
822 2031 4786
1054 2118 4787
289 586 4788
709 1705 4789
431 1123 4790
183 950 4791
84 422 4792
1360 1982 4793
718 1019 4794
651 2082 4795
1095 1703 4796
754 1678 4797
223 1173 4798
202 1462 4799
1073 1971 4800
1259 1890 4801
502 1000 4802
1450 2071 4803
851 1107 4804
896 1912 4805
1474 1965 4806
415 1163 4807
1024 2020 4808
1609 1671 4809
1351 1685 4810
763 1988 4811
1583 1847 4812
357 1925 4813
845 862 4814
1099 1314 4815
1576 1820 4816
759 1060 4817
1253 1420 4818
126 1159 4819
307 948 4820
877 910 4821
954 1739 4822
1039 1768 4823
174 319 4824
809 1159 4825
981 1076 4826
963 1573 4827
1804 2137 4828
219 1212 4829
651 1253 4830
1069 1071 4831
616 757 4832
649 1576 4833
1391 1816 4834
128 1350 4835
639 2049 4836
1750 1816 4837
84 1784 4838
243 1477 4839
66 1819 4840
1626 2048 4841
423 1256 4842
523 877 4843
1659 1819 4844
353 502 4845
977 1571 4846
84 766 4847
689 819 4848
1591 1978 4849
1316 1916 4850
1330 1915 4851
583 1460 4852
751 1273 4853
112 152 4854
1243 1904 4855
1220 2003 4856
650 824 4857
666 1020 4858
1920 1962 4859
557 939 4860
212 2011 4861
129 635 4862
789 1507 4863
281 1411 4864
1295 2044 4865
1345 2123 4866
1423 1768 4867
217 770 4868
864 1832 4869
234 1757 4870
942 1285 4871
1065 1242 4872
105 1832 4873
584 1543 4874
597 1177 4875
1420 1471 4876
1439 1836 4877
639 1334 4878
272 388 4879
66 1373 4880
1321 1884 4881
122 1888 4882
494 556 4883
210 1071 4884
4 2086 4885
219 1447 4886
1280 1319 4887
514 1264 4888
710 1239 4889
1198 1335 4890
246 869 4891
416 1517 4892
1714 1969 4893
810 1285 4894
326 1487 4895
485 1696 4896
690 1466 4897
112 1354 4898
1384 1706 4899
1965 2002 4900
1138 1811 4901
622 1341 4902
671 1264 4903
658 1196 4904
592 638 4905
1908 2013 4906
1553 1623 4907
808 1774 4908
1070 1920 4909
1122 2101 4910
1624 1929 4911
389 1938 4912
632 866 4913
729 1384 4914
926 2128 4915
726 1280 4916
1875 1977 4917
113 1335 4918
512 2081 4919
416 1779 4920
746 1179 4921
1576 1759 4922
628 821 4923
632 1147 4924
897 1965 4925
103 703 4926
280 650 4927
714 2064 4928
1160 2137 4929
28 1701 4930
297 332 4931
332 1046 4932
1603 1904 4933
1746 2009 4934
104 1929 4935
1463 1904 4936
281 1350 4937
895 1373 4938
1123 2056 4939
699 1732 4940
122 1496 4941
918 1307 4942
1054 2134 4943
1868 1925 4944
103 1053 4945
1266 1812 4946
183 1426 4947
1424 1458 4948
858 927 4949
928 2078 4950
228 1573 4951
569 751 4952
465 1196 4953
770 1792 4954
117 564 4955
1732 1820 4956
99 757 4957
1635 2003 4958
1066 2118 4959
112 850 4960
337 1371 4961
414 1466 4962
1616 1709 4963
319 1214 4964
512 1549 4965
1067 1896 4966
309 892 4967
584 679 4968
273 857 4969
1612 2047 4970
751 1845 4971
1073 1122 4972
1209 1934 4973
981 1414 4974
1320 1733 4975
24 326 4976
1486 2112 4977
1505 1731 4978
326 637 4979
771 1794 4980
512 822 4981
174 1424 4982
554 2071 4983
1420 1590 4984
666 2128 4985
1054 1160 4986
1184 1925 4987
122 1271 4988
122 1583 4989
136 605 4990
897 1003 4991
1298 1743 4992
66 1777 4993
169 703 4994
494 1395 4995
666 926 4996
279 1051 4997
963 1948 4998
1428 1989 4999
417 1551 5000
801 1837 5001
546 2018 5002
309 1271 5003
441 1212 5004
1292 1295 5005
316 1200 5006
1261 1575 5007
1319 1856 5008
1467 1536 5009
296 514 5010
678 2011 5011
754 1978 5012
1546 1732 5013
1578 1755 5014
319 1425 5015
313 2085 5016
658 1703 5017
645 1384 5018
858 982 5019
962 2037 5020
1184 1534 5021
136 708 5022
170 1335 5023
332 1375 5024
440 1686 5025
1704 1732 5026
218 597 5027
661 1395 5028
126 535 5029
243 527 5030
1008 1524 5031
494 2020 5032
1440 1583 5033
615 1940 5034
1054 1860 5035
89 511 5036
57 975 5037
629 647 5038
751 1474 5039
1060 1129 5040
582 818 5041
1209 1826 5042
427 605 5043
962 2039 5044
1119 2107 5045
1321 1784 5046
83 1853 5047
1350 1476 5048
597 1217 5049
1052 1899 5050
1794 1819 5051
1008 1804 5052
855 2136 5053
122 1847 5054
1461 2092 5055
136 969 5056
220 1816 5057
882 1476 5058
1051 1639 5059
725 919 5060
956 1565 5061
751 1822 5062
630 1041 5063
330 872 5064
750 1795 5065
391 823 5066
1732 2048 5067
790 1285 5068
694 1196 5069
1071 1385 5070
52 1076 5071
154 1361 5072
1066 2134 5073
1714 1859 5074
191 1695 5075
47 1062 5076
1129 1517 5077
584 590 5078
1814 2118 5079
309 1286 5080
679 1482 5081
1330 1612 5082
1524 2137 5083
232 722 5084
467 1507 5085
884 1826 5086
950 1385 5087
471 947 5088
1580 1647 5089
172 1460 5090
639 1007 5091
99 677 5092
1303 2086 5093
268 857 5094
498 1160 5095
929 1681 5096
84 842 5097
883 1260 5098
661 1623 5099
1076 1740 5100
153 2048 5101
257 1855 5102
811 1581 5103
1065 1814 5104
789 1513 5105
226 410 5106
1163 1260 5107
141 892 5108
615 1350 5109
873 1420 5110
185 1785 5111
766 1144 5112
599 799 5113
1820 2048 5114
155 1583 5115
435 583 5116
639 1583 5117
1243 1266 5118
1516 1925 5119
1780 2060 5120
680 882 5121
939 1160 5122
634 1232 5123
721 1616 5124
116 1357 5125
584 1046 5126
741 2089 5127
862 1460 5128
882 1751 5129
211 1020 5130
185 1213 5131
309 884 5132
175 1154 5133
718 1053 5134
845 1447 5135
1185 1391 5136
234 1095 5137
1020 2048 5138
1496 1888 5139
1274 2132 5140
192 1274 5141
244 995 5142
387 974 5143
21 824 5144
257 665 5145
440 2088 5146
1557 1703 5147
1133 1396 5148
435 946 5149
994 1777 5150
1015 1678 5151
901 1626 5152
87 1154 5153
345 1877 5154
474 1888 5155
1101 1779 5156
699 901 5157
1113 1964 5158
208 892 5159
698 925 5160
843 1194 5161
87 1336 5162
680 1708 5163
23 1484 5164
1664 2071 5165
893 1253 5166
1239 2057 5167
552 669 5168
599 1708 5169
639 1624 5170
650 2034 5171
490 528 5172
302 1350 5173
985 1819 5174
1688 1791 5175
727 1779 5176
652 780 5177
74 1696 5178
111 1870 5179
1181 1904 5180
452 1197 5181
718 1669 5182
1501 1884 5183
441 1460 5184
586 1913 5185
317 476 5186
484 2100 5187
155 1888 5188
493 1460 5189
509 1177 5190
1117 1232 5191
521 1889 5192
737 1832 5193
104 1624 5194
677 1703 5195
1458 1664 5196
535 1362 5197
997 1886 5198
552 1069 5199
1578 1623 5200
2051 2071 5201
203 272 5202
639 1258 5203
446 493 5204
892 1738 5205
1706 1790 5206
974 1060 5207
1160 2118 5208
1004 2036 5209
1391 2080 5210
183 743 5211
946 1460 5212
111 1611 5213
493 1745 5214
1167 2048 5215
1003 1474 5216
468 1419 5217
558 690 5218
615 1476 5219
1271 1703 5220
1499 1779 5221
942 1137 5222
414 962 5223
722 1347 5224
1616 1870 5225
772 842 5226
204 2013 5227
903 995 5228
1476 1708 5229
1258 1870 5230
368 490 5231
948 2011 5232
751 1957 5233
1545 2031 5234
1571 1667 5235
1280 1862 5236
317 418 5237
547 1669 5238
1038 1361 5239
1146 1964 5240
111 1007 5241
966 1194 5242
824 1627 5243
356 1764 5244
1578 1681 5245
491 1142 5246
175 995 5247
490 767 5248
916 2032 5249
1278 1512 5250
199 1847 5251
1008 1160 5252
1317 1546 5253
725 1963 5254
969 1344 5255
1018 1929 5256
534 1494 5257
183 2069 5258
436 690 5259
1908 2034 5260
842 911 5261
928 1274 5262
1152 1177 5263
490 1526 5264
408 1138 5265
815 1964 5266
420 962 5267
1477 1695 5268
1494 2088 5269
155 2115 5270
134 1540 5271
739 1271 5272
1059 1939 5273
1695 2022 5274
966 1660 5275
1289 1344 5276
1328 1616 5277
597 1877 5278
1463 1743 5279
87 1394 5280
597 814 5281
992 1004 5282
74 316 5283
988 1362 5284
359 2032 5285
789 1213 5286
1173 1366 5287
47 2116 5288
74 534 5289
1138 1621 5290
708 851 5291
962 1350 5292
1064 1352 5293
763 1837 5294
632 1862 5295
1275 1435 5296
1180 2032 5297
1065 1573 5298
199 1929 5299
324 457 5300
642 1989 5301
880 1237 5302
1152 1274 5303
969 1124 5304
1218 1804 5305
892 1645 5306
739 987 5307
202 1160 5308
963 1152 5309
1586 2063 5310
155 600 5311
309 1433 5312
493 1434 5313
1413 1460 5314
498 1396 5315
698 1805 5316
1571 2011 5317
1664 1666 5318
498 1242 5319
66 1907 5320
649 681 5321
892 1963 5322
1411 1940 5323
91 1261 5324
877 2002 5325
882 1884 5326
579 1904 5327
296 671 5328
490 1278 5329
1194 1826 5330
2081 2094 5331
605 1234 5332
878 1989 5333
795 1616 5334
1196 1362 5335
1293 1771 5336
652 1012 5337
448 1486 5338
1611 1805 5339
1476 1920 5340
878 1099 5341
1849 2092 5342
759 1980 5343
1046 1896 5344
74 1804 5345
708 1908 5346
843 1345 5347
962 1054 5348
1350 1948 5349
1152 2078 5350
1298 1303 5351
732 1192 5352
763 1590 5353
1194 1864 5354
1904 2050 5355
732 1012 5356
751 2055 5357
953 1984 5358
1583 1624 5359
554 1664 5360
965 1345 5361
698 1989 5362
1160 1696 5363
77 1914 5364
490 776 5365
162 969 5366
708 969 5367
1375 1896 5368
111 1847 5369
1303 1988 5370
490 1579 5371
1575 1939 5372
1777 1936 5373
449 842 5374
1205 1934 5375
1019 1669 5376
1123 1774 5377
243 2022 5378
1385 1426 5379
1184 2017 5380
220 1099 5381
737 1853 5382
1076 1668 5383
422 1665 5384
1192 1371 5385
787 1644 5386
1125 2079 5387
1007 1870 5388
1118 1818 5389
1435 1876 5390
204 2037 5391
1007 1616 5392
319 828 5393
172 446 5394
324 1964 5395
1222 1384 5396
844 1184 5397
1271 1496 5398
902 1604 5399
280 605 5400
163 1590 5401
325 703 5402
1179 1517 5403
1258 1624 5404
1873 2058 5405
1476 2100 5406
246 1571 5407
345 509 5408
857 2100 5409
1613 1644 5410
1232 1303 5411
1139 1582 5412
994 1837 5413
1384 1644 5414
931 1453 5415
776 1853 5416
667 1583 5417
1177 2116 5418
969 2034 5419
264 842 5420
995 1868 5421
1103 1496 5422
1565 1984 5423
122 987 5424
1507 2071 5425
79 953 5426
814 1831 5427
1350 1751 5428
1914 2082 5429
1118 1125 5430
1788 2017 5431
1242 1964 5432
1246 1586 5433
326 959 5434
737 864 5435
814 1873 5436
1350 2039 5437
1695 2041 5438
1714 1892 5439
431 473 5440
1587 1818 5441
862 1903 5442
930 2090 5443
1046 1907 5444
1258 2032 5445
1571 1848 5446
1868 2017 5447
1289 1524 5448
1313 1904 5449
822 2094 5450
1818 2100 5451
961 1648 5452
465 1703 5453
698 1709 5454
2078 2118 5455
1019 1053 5456
1214 1590 5457
642 892 5458
74 1494 5459
122 1841 5460
318 2048 5461
23 615 5462
186 969 5463
987 1888 5464
1003 1965 5465
1288 1289 5466
1710 1758 5467
325 1448 5468
446 819 5469
507 2065 5470
650 1289 5471
446 751 5472
794 2057 5473
1574 2078 5474
1350 2038 5475
418 1350 5476
1219 2065 5477
1115 1216 5478
1144 1665 5479
1319 1453 5480
1393 1876 5481
513 1640 5482
58 779 5483
270 932 5484
743 1076 5485
1062 1347 5486
1194 1936 5487
1350 2116 5488
325 1852 5489
818 2118 5490
723 1049 5491
345 382 5492
1777 1819 5493
319 759 5494
759 2080 5495
1395 1890 5496
1222 2100 5497
739 1888 5498
963 1886 5499
325 1632 5500
383 2094 5501
1888 2115 5502
511 1275 5503
722 1062 5504
821 1184 5505
1777 2014 5506
496 1350 5507
873 893 5508
1210 1777 5509
437 1350 5510
226 493 5511
1460 1589 5512
872 2031 5513
1621 2090 5514
902 931 5515
73 1361 5516
273 1222 5517
699 1167 5518
757 1568 5519
325 1031 5520
1590 1674 5521
1035 2107 5522
1216 1730 5523
770 1298 5524
630 1096 5525
2118 2137 5526
771 1819 5527
1357 2019 5528
1003 1957 5529
116 1303 5530
671 999 5531
873 1165 5532
1684 1963 5533
892 1194 5534
168 1963 5535
739 1496 5536
1496 1847 5537
548 1345 5538
884 1576 5539
1576 1732 5540
541 2065 5541
1540 1589 5542
227 1644 5543
296 2059 5544
1289 2045 5545
1344 1804 5546
963 1708 5547
1019 1181 5548
1099 2042 5549
718 1181 5550
1114 1673 5551
882 1350 5552
1357 1844 5553
878 2042 5554
969 1111 5555
893 1590 5556
382 969 5557
737 1253 5558
1210 1936 5559
1545 2094 5560
658 1392 5561
751 1965 5562
1743 1774 5563
862 1513 5564
969 2045 5565
1117 1708 5566
842 1144 5567
1870 1881 5568
1724 1963 5569
1624 1888 5570
316 1494 5571
446 1003 5572
1053 1669 5573
1162 1262 5574
1770 1876 5575
2031 2094 5576
651 1590 5577
836 1384 5578
50 1818 5579
554 2134 5580
325 548 5581
698 795 5582
698 1963 5583
811 1681 5584
820 1640 5585
1303 1482 5586
931 2129 5587
995 2107 5588
969 1875 5589
1362 1576 5590
336 1870 5591
1271 1645 5592
1375 1907 5593
751 1400 5594
971 1637 5595
799 1350 5596
859 1303 5597
435 1296 5598
1392 1635 5599
1673 1710 5600
345 1274 5601
651 873 5602
431 836 5603
771 1624 5604
1049 1644 5605
1657 1887 5606
419 1635 5607
1018 1624 5608
699 1695 5609
1138 1357 5610
882 1117 5611
983 2118 5612
1753 1963 5613
688 1303 5614
1049 1118 5615
698 1328 5616
1271 1315 5617
757 1635 5618
1274 1964 5619
1774 1963 5620
345 2078 5621
1181 1669 5622
953 1641 5623
383 1350 5624
881 1507 5625
134 1571 5626
1096 1545 5627
666 2048 5628
1237 1837 5629
317 1357 5630
1303 1357 5631
1931 1963 5632
321 961 5633
818 2090 5634
1222 1644 5635
1350 1708 5636
492 1460 5637
963 2078 5638
847 960 5639
1007 1881 5640
1476 1779 5641
1293 1688 5642
1053 1181 5643
1496 2115 5644
737 1590 5645
1303 2035 5646
776 1062 5647
605 1494 5648
534 1350 5649
880 1837 5650
1049 2100 5651
1494 1529 5652
1008 1289 5653
1054 1350 5654
963 1274 5655
1496 1624 5656
759 1779 5657
814 2042 5658
969 1494 5659
1275 1357 5660
1352 1903 5661
962 2078 5662
959 1019 5663
1102 1758 5664
1465 1903 5665
1350 2078 5666
708 1494 5667
737 873 5668
1350 2118 5669
1586 1673 5670
1494 1708 5671
971 1777 5672
1350 1892 5673
345 1494 5674
1538 1963 5675
1258 1881 5676
1177 1350 5677
921 1289 5678
1049 1940 5679
1344 1494 5680
754 1194 5681
1476 2078 5682
995 1184 5683
1385 1571 5684
1078 2134 5685
961 1293 5686
1076 2134 5687
1152 1350 5688
921 1494 5689
1361 1673 5690
1076 1494 5691
1362 1904 5692
836 1513 5693
882 1494 5694
1078 1494 5695
1102 1296 5696
1494 1862 5697
765 1260 5698
1062 1964 5699
1102 1673 5700
690 1350 5701
