393 1515 1
1017 1305 2
254 1017 3
934 2054 4
254 1305 5
617 870 6
1241 2135 7
254 562 8
562 1017 9
587 2135 10
1241 1429 11
10 1950 12
1429 2135 13
562 1305 14
865 1241 15
955 2127 16
1417 1950 17
865 2135 18
1742 1950 19
10 1417 20
587 1241 21
10 1742 22
693 1475 23
1130 2135 24
1130 1241 25
1417 1742 26
342 1241 27
61 1241 28
342 1429 29
421 2054 30
865 1429 31
342 1130 32
342 2135 33
865 1130 34
1130 1429 35
61 2135 36
75 1429 37
421 934 38
617 1547 39
61 1130 40
75 1130 41
337 935 42
587 1130 43
693 804 44
342 865 45
870 1547 46
984 1662 47
587 865 48
1800 2054 49
617 696 50
75 587 51
984 1808 52
1662 1808 53
30 75 54
61 587 55
75 2135 56
61 342 57
75 342 58
934 1800 59
30 1241 60
61 1429 61
75 395 62
840 1325 63
61 75 64
75 865 65
30 1429 66
731 804 67
696 870 68
216 1155 69
1087 1279 70
75 1563 71
792 1643 72
455 885 73
1320 1741 74
1429 1733 75
1143 1658 76
840 922 77
840 913 78
1325 1680 79
1002 1541 80
1087 1415 81
1168 1741 82
1279 1415 83
900 1985 84
840 1680 85
216 1835 86
342 2077 87
581 1404 88
1127 1901 89
30 1563 90
240 1061 91
15 871 92
840 976 93
968 1374 94
922 1325 95
1756 1766 96
488 1311 97
342 1733 98
707 840 99
1325 1654 100
860 1358 101
871 1756 102
922 1680 103
119 121 104
840 1654 105
924 1454 106
840 1270 107
860 2066 108
1358 2066 109
1429 2077 110
395 1563 111
924 2007 112
385 777 113
913 1654 114
922 1270 115
660 2068 116
913 1680 117
674 840 118
1454 2007 119
1638 1950 120
450 1974 121
124 1140 122
572 1741 123
1130 1733 124
1074 1741 125
871 1766 126
113 687 127
1654 1680 128
1270 1325 129
707 922 130
860 1999 131
1270 1680 132
572 1320 133
1638 1960 134
1942 2007 135
707 1325 136
1454 1942 137
68 1511 138
674 1680 139
1642 1737 140
119 1436 141
659 1013 142
674 1270 143
867 1279 144
119 735 145
351 581 146
70 119 147
922 1654 148
119 236 149
1403 1630 150
1630 1976 151
1630 2117 152
463 606 153
797 1061 154
867 1087 155
119 1427 156
674 1325 157
351 1404 158
707 1680 159
867 1415 160
976 1325 161
1284 1397 162
1397 2114 163
1999 2066 164
119 1169 165
240 797 166
1358 1999 167
119 1327 168
924 1942 169
68 215 170
913 976 171
1033 1756 172
119 1933 173
707 976 174
15 1756 175
1270 1654 176
1602 1630 177
1168 1320 178
707 1654 179
940 1741 180
518 1403 181
1994 2106 182
581 1629 183
976 1680 184
1688 1846 185
1403 2117 186
913 1270 187
1432 2052 188
518 1630 189
581 673 190
581 1267 191
119 1601 192
674 1654 193
820 2065 194
1403 1602 195
75 2067 196
1403 1976 197
1630 1972 198
1310 1563 199
119 734 200
384 1134 201
7 924 202
1267 1404 203
1074 1320 204
1404 1629 205
976 1654 206
533 1058 207
1403 1972 208
572 1168 209
1490 2026 210
11 30 211
361 749 212
1284 2114 213
207 1445 214
685 1016 215
581 1987 216
673 1404 217
1016 1188 218
1397 2117 219
127 970 220
30 384 221
644 1846 222
1404 1987 223
351 1629 224
976 1270 225
109 1284 226
1773 1809 227
871 1033 228
1606 2065 229
518 2117 230
49 147 231
463 774 232
1454 1505 233
924 1505 234
674 913 235
1013 1905 236
1454 1584 237
1457 2102 238
1061 1198 239
1397 1976 240
1454 1514 241
1449 2026 242
207 675 243
224 1630 244
518 1602 245
644 1688 246
7 2007 247
310 392 248
1281 1958 249
240 1198 250
384 660 251
1033 1766 252
1397 1403 253
222 1736 254
133 1202 255
707 1270 256
924 1514 257
2114 2117 258
113 686 259
518 1976 260
15 1766 261
659 1905 262
707 913 263
1284 2117 264
1284 1976 265
1505 2007 266
346 1942 267
686 2052 268
1976 2114 269
503 2052 270
685 1188 271
35 2075 272
1369 1741 273
305 580 274
865 1156 275
51 1075 276
518 1972 277
55 1552 278
687 1104 279
687 1768 280
109 1403 281
687 953 282
224 1602 283
121 1436 284
1514 2007 285
337 1382 286
686 1432 287
598 1457 288
940 1320 289
1602 1972 290
1488 2026 291
868 1942 292
1397 1630 293
1257 1291 294
386 1827 295
1281 1555 296
86 267 297
384 2068 298
113 1432 299
1514 1942 300
1584 2007 301
179 1257 302
503 1432 303
224 1972 304
121 1933 305
113 2052 306
224 2117 307
907 1602 308
1976 2117 309
90 386 310
109 1630 311
401 402 312
351 673 313
660 1134 314
242 1898 315
1284 1403 316
7 1942 317
47 581 318
1468 1744 319
351 1267 320
86 529 321
179 1291 322
232 976 323
351 1987 324
1602 2117 325
337 1748 326
1629 1987 327
1555 1958 328
113 503 329
1284 1602 330
562 804 331
1284 1972 332
100 765 333
1976 2015 334
675 1445 335
138 173 336
224 1976 337
747 1555 338
67 86 339
70 121 340
1312 1432 341
1398 1454 342
747 1281 343
109 1976 344
606 774 345
109 1972 346
400 1281 347
1064 2026 348
479 1698 349
121 1169 350
411 840 351
673 1987 352
1134 2068 353
1312 2052 354
7 1454 355
90 1827 356
686 1040 357
1449 1488 358
34 1942 359
207 214 360
109 1602 361
1397 2015 362
121 735 363
113 207 364
100 2057 365
503 1040 366
558 606 367
1309 1754 368
518 1397 369
673 1267 370
1104 1432 371
1397 1602 372
1972 2117 373
797 1198 374
1397 1972 375
1594 1680 376
47 1404 377
110 1724 378
503 686 379
924 1398 380
1104 2052 381
50 724 382
121 236 383
2015 2117 384
816 2139 385
576 816 386
1972 1976 387
121 1427 388
724 2075 389
121 1327 390
1535 2026 391
654 2004 392
1267 1629 393
86 2057 394
113 1104 395
1403 2114 396
1281 2023 397
1281 2076 398
388 1135 399
747 1958 400
256 1480 401
1454 1539 402
747 2076 403
738 1270 404
109 2117 405
663 1135 406
50 1711 407
3 1386 408
86 765 409
100 267 410
959 1754 411
1602 1976 412
907 1972 413
1584 1942 414
3 86 415
64 1454 416
214 2052 417
1752 1931 418
935 1382 419
47 351 420
673 1629 421
959 1190 422
1555 2023 423
115 2075 424
400 1958 425
831 1931 426
121 1601 427
1398 1942 428
86 100 429
675 1432 430
1468 1823 431
91 204 432
675 2052 433
887 1480 434
214 675 435
100 529 436
675 1312 437
924 1539 438
326 959 439
747 2023 440
784 1454 441
51 736 442
35 724 443
207 2052 444
986 1063 445
140 335 446
1744 1823 447
724 1711 448
207 798 449
1972 2114 450
1403 2015 451
761 839 452
64 1514 453
113 827 454
113 1445 455
765 2057 456
1430 1602 457
392 2006 458
35 115 459
67 100 460
3 1229 461
140 365 462
1284 1630 463
51 1300 464
64 2007 465
2015 2114 466
144 827 467
1958 2076 468
267 2057 469
463 1410 470
1724 1729 471
1602 2114 472
366 2131 473
670 1798 474
935 1748 475
1430 1972 476
86 1444 477
1630 2114 478
1958 2023 479
64 924 480
86 1990 481
529 2057 482
207 1312 483
736 1300 484
144 1528 485
245 747 486
1063 2062 487
3 267 488
86 1162 489
200 2131 490
67 765 491
1398 2007 492
67 267 493
1630 2015 494
200 366 495
300 952 496
1284 2015 497
659 867 498
675 686 499
831 855 500
686 1104 501
86 1450 502
529 765 503
100 1162 504
121 734 505
267 529 506
986 2062 507
1539 1942 508
1075 1300 509
113 1312 510
235 1468 511
518 1430 512
959 2043 513
675 798 514
780 855 515
798 2052 516
557 1076 517
1320 1733 518
113 144 519
470 924 520
249 810 521
267 1444 522
3 765 523
2023 2076 524
941 1562 525
144 1158 526
687 1400 527
411 976 528
855 1729 529
990 1596 530
838 1605 531
100 1887 532
887 1381 533
1887 2057 534
113 1768 535
837 990 536
267 765 537
100 1785 538
46 1040 539
245 1958 540
543 1930 541
113 675 542
855 1931 543
1539 2007 544
837 1596 545
1715 1874 546
46 503 547
1488 1490 548
635 1468 549
736 1075 550
847 2092 551
1449 1535 552
207 1432 553
1229 1386 554
115 724 555
245 1281 556
576 2139 557
209 816 558
1186 1596 559
144 1500 560
400 747 561
765 1785 562
1097 1931 563
256 887 564
855 1097 565
518 1284 566
518 2015 567
470 1942 568
529 1444 569
1097 1729 570
1468 1607 571
1040 1432 572
1724 1931 573
1254 1869 574
147 558 575
341 1602 576
1449 1490 577
232 707 578
310 2073 579
168 1931 580
267 1162 581
400 1555 582
249 1430 583
724 879 584
959 1400 585
1445 2052 586
1488 1535 587
49 802 588
463 558 589
625 945 590
1269 1949 591
646 1977 592
1040 2052 593
47 1267 594
403 1562 595
140 480 596
398 1390 597
855 1752 598
86 1386 599
1990 2057 600
140 1968 601
529 1887 602
341 1972 603
346 924 604
3 100 605
1145 1633 606
267 1450 607
267 1990 608
34 924 609
113 1040 610
50 879 611
635 1744 612
889 1741 613
1270 1594 614
671 1264 615
335 480 616
346 1454 617
165 613 618
1162 2057 619
296 1264 620
1380 1942 621
144 686 622
375 1828 623
1381 1480 624
820 1606 625
67 2057 626
46 686 627
110 168 628
365 480 629
249 341 630
837 1186 631
388 1236 632
341 1430 633
1723 2026 634
47 1987 635
675 1104 636
403 941 637
518 2114 638
1403 1430 639
91 558 640
855 1724 641
86 2051 642
100 1990 643
249 518 644
1430 2117 645
47 673 646
34 1454 647
209 1773 648
47 1629 649
1937 2004 650
3 1785 651
1430 1976 652
1488 1723 653
831 1724 654
990 1186 655
4 365 656
91 430 657
235 1744 658
1505 1942 659
341 2117 660
214 798 661
1555 2076 662
144 1702 663
1135 1326 664
100 1444 665
113 1158 666
256 522 667
827 1158 668
856 1630 669
265 463 670
168 780 671
827 1528 672
86 1637 673
267 1887 674
1828 1863 675
943 1281 676
341 1976 677
686 827 678
655 2007 679
67 529 680
2051 2057 681
168 855 682
470 2007 683
1432 1445 684
1602 2015 685
503 590 686
1430 1630 687
522 1480 688
110 831 689
1204 1656 690
780 831 691
1809 1874 692
346 2007 693
765 1887 694
1469 1937 695
23 982 696
86 779 697
765 1162 698
856 1403 699
943 1958 700
235 1754 701
1505 1514 702
529 1450 703
209 576 704
959 1309 705
1397 1430 706
86 1887 707
623 2058 708
1729 1931 709
100 547 710
1380 1454 711
19 98 712
204 430 713
67 1162 714
1269 1937 715
34 2007 716
145 335 717
267 1386 718
1063 1727 719
98 1480 720
145 365 721
86 1716 722
207 1104 723
1607 1866 724
518 810 725
702 1809 726
86 1785 727
1064 1488 728
1488 2009 729
687 1468 730
209 1809 731
1228 1846 732
4 335 733
388 663 734
46 113 735
86 547 736
1158 1432 737
1449 1723 738
101 1135 739
235 1607 740
611 940 741
1556 1562 742
113 570 743
784 1942 744
407 581 745
168 1729 746
267 2051 747
1444 2057 748
702 1773 749
1688 1791 750
267 779 751
1284 1430 752
100 1450 753
675 1721 754
238 506 755
100 1386 756
780 1097 757
953 1468 758
224 907 759
943 1555 760
1064 1449 761
1166 1741 762
168 1724 763
831 1752 764
67 1450 765
1715 1809 766
831 1097 767
1097 1724 768
503 1104 769
1773 1874 770
3 529 771
1937 1949 772
1490 1535 773
1514 1584 774
1937 2123 775
341 1403 776
67 1990 777
209 2139 778
1158 1528 779
547 1887 780
3 67 781
251 456 782
7 470 783
270 847 784
765 1386 785
868 924 786
113 951 787
110 855 788
168 831 789
765 1444 790
392 748 791
235 1823 792
1064 1723 793
407 1404 794
941 1556 795
547 1162 796
687 1744 797
209 702 798
563 1491 799
1386 1785 800
64 1942 801
341 518 802
144 687 803
856 1602 804
868 1454 805
952 1806 806
547 765 807
144 783 808
256 1381 809
263 959 810
529 1990 811
0 1469 812
1931 2143 813
100 2051 814
552 1273 815
1430 2015 816
827 1500 817
341 687 818
743 959 819
1104 1445 820
1715 1773 821
907 2117 822
100 779 823
157 433 824
67 2051 825
529 1162 826
856 1972 827
100 1637 828
67 1444 829
810 1430 830
3 779 831
250 1331 832
558 1484 833
635 953 834
3 1162 835
103 557 836
798 1432 837
1500 1528 838
686 1158 839
686 1528 840
1248 1418 841
529 1637 842
1729 2143 843
417 1400 844
848 913 845
1097 1718 846
9 1204 847
1450 2057 848
1607 1754 849
765 779 850
686 1312 851
480 1968 852
1449 2009 853
86 1229 854
113 1500 855
780 2143 856
2009 2026 857
635 1823 858
779 1785 859
214 1625 860
224 856 861
166 888 862
687 1754 863
1917 2073 864
686 1445 865
7 1514 866
855 2143 867
765 1990 868
779 2057 869
570 686 870
953 1744 871
646 830 872
3 1450 873
214 1445 874
1754 2043 875
1949 2004 876
547 1450 877
562 1654 878
686 1500 879
1104 1768 880
1468 1754 881
590 686 882
169 536 883
1158 1500 884
1558 2122 885
341 1630 886
765 942 887
3 1990 888
267 1785 889
103 552 890
952 1776 891
310 397 892
707 1594 893
403 1556 894
1162 1990 895
51 1865 896
224 656 897
1594 2037 898
147 802 899
1400 1754 900
868 2007 901
14 1029 902
341 810 903
924 1380 904
1607 1744 905
100 1716 906
343 1894 907
100 1513 908
201 1690 909
570 1040 910
284 310 911
753 1803 912
841 1952 913
365 1482 914
67 1887 915
909 1168 916
3 547 917
951 2052 918
409 1991 919
64 1505 920
100 942 921
1162 1785 922
417 557 923
1513 2057 924
629 1931 925
1064 1535 926
169 1227 927
1400 1468 928
113 1528 929
267 1716 930
831 2143 931
1104 1312 932
1718 1729 933
0 654 934
958 1729 935
1064 1490 936
91 559 937
1468 1866 938
654 1937 939
98 306 940
953 1823 941
354 1625 942
300 1806 943
392 537 944
98 256 945
629 1724 946
687 1430 947
98 522 948
235 1309 949
46 1432 950
765 1716 951
765 1450 952
1607 1823 953
71 879 954
46 1104 955
529 2051 956
635 687 957
3 1444 958
20 855 959
953 1190 960
168 1538 961
952 1193 962
1281 1620 963
224 1531 964
267 547 965
417 959 966
529 1386 967
110 1097 968
101 388 969
267 1637 970
1744 1866 971
47 976 972
235 635 973
1528 1702 974
337 1371 975
529 1716 976
1162 1887 977
1400 2043 978
808 1490 979
877 959 980
838 1145 981
445 2006 982
411 562 983
614 1579 984
9 1656 985
687 1823 986
952 1772 987
1469 1949 988
4 1968 989
529 1785 990
986 1727 991
145 1968 992
411 557 993
1135 1236 994
1972 2015 995
646 937 996
951 1432 997
204 558 998
1444 1887 999
3 1716 1000
1510 1880 1001
663 1326 1002
267 1229 1003
765 2051 1004
14 1057 1005
1005 1225 1006
411 738 1007
1075 1865 1008
144 1104 1009
1858 1859 1010
322 1378 1011
1269 1469 1012
67 1785 1013
1637 2057 1014
245 2023 1015
1785 2057 1016
780 1931 1017
1368 1906 1018
46 2052 1019
547 1444 1020
953 1400 1021
942 1887 1022
91 1484 1023
798 1445 1024
9 552 1025
261 1368 1026
1620 1958 1027
1718 1724 1028
1097 1752 1029
1724 1753 1030
888 1318 1031
300 1776 1032
951 1040 1033
2 14 1034
341 2015 1035
1040 1104 1036
753 1247 1037
296 671 1038
440 468 1039
674 1594 1040
1247 1803 1041
335 1968 1042
953 1607 1043
1727 2062 1044
14 1268 1045
830 1977 1046
725 855 1047
779 1386 1048
820 1640 1049
326 637 1050
765 1513 1051
1785 1887 1052
687 1309 1053
245 2076 1054
224 1636 1055
9 557 1056
86 1513 1057
328 1919 1058
347 553 1059
686 1768 1060
958 1931 1061
1400 1744 1062
67 547 1063
261 1906 1064
1293 1688 1065
953 959 1066
559 719 1067
1535 1723 1068
1754 1866 1069
18 623 1070
1312 1445 1071
120 654 1072
265 1410 1073
655 1942 1074
67 1637 1075
86 942 1076
341 1397 1077
1162 1444 1078
108 335 1079
255 831 1080
255 1729 1081
1430 2114 1082
1490 1723 1083
1538 2143 1084
590 1040 1085
3 1887 1086
20 831 1087
657 1387 1088
1444 1990 1089
417 552 1090
1744 1754 1091
49 558 1092
259 1333 1093
742 1013 1094
113 783 1095
267 1513 1096
654 1269 1097
949 1207 1098
204 559 1099
1190 2043 1100
1006 1880 1101
1990 2051 1102
558 719 1103
1887 2051 1104
547 1990 1105
701 1042 1106
341 1284 1107
417 953 1108
108 140 1109
1162 1450 1110
126 692 1111
631 1199 1112
557 1602 1113
113 590 1114
529 547 1115
0 1269 1116
937 1977 1117
14 973 1118
207 1721 1119
557 1273 1120
765 1637 1121
536 1227 1122
1887 1990 1123
827 1445 1124
765 1229 1125
516 813 1126
0 2004 1127
235 1400 1128
497 1430 1129
529 779 1130
108 365 1131
582 2069 1132
20 1931 1133
635 1400 1134
1330 1947 1135
687 1500 1136
255 855 1137
113 532 1138
1716 2057 1139
552 1076 1140
1729 1753 1141
300 1772 1142
46 951 1143
300 1193 1144
417 2043 1145
942 2057 1146
1309 1468 1147
581 1838 1148
1596 1912 1149
1404 1838 1150
1637 1887 1151
1723 2009 1152
113 1856 1153
194 259 1154
67 1716 1155
335 365 1156
1450 1887 1157
958 1753 1158
687 783 1159
783 1500 1160
249 790 1161
547 1716 1162
145 859 1163
687 1158 1164
1450 1990 1165
779 1887 1166
255 780 1167
552 557 1168
657 1834 1169
660 2091 1170
686 1702 1171
654 2123 1172
1309 1400 1173
130 1882 1174
296 514 1175
490 1463 1176
1398 1514 1177
116 365 1178
856 1397 1179
168 1097 1180
1162 2051 1181
855 958 1182
224 1998 1183
1559 1728 1184
1823 1866 1185
953 2043 1186
2 1029 1187
1244 1525 1188
1272 1439 1189
978 1829 1190
1949 2123 1191
230 1005 1192
547 1386 1193
110 1718 1194
779 1162 1195
529 942 1196
3 2057 1197
110 1729 1198
1229 1785 1199
1309 1607 1200
838 1633 1201
888 1981 1202
558 559 1203
1444 1450 1204
20 780 1205
224 557 1206
1514 1539 1207
764 1791 1208
654 2084 1209
875 2006 1210
407 673 1211
1445 1721 1212
245 400 1213
1754 1823 1214
360 1430 1215
365 859 1216
561 1389 1217
1500 1702 1218
827 1702 1219
20 1097 1220
348 531 1221
3 1637 1222
430 559 1223
907 1430 1224
1450 1637 1225
2068 2091 1226
779 1229 1227
780 1718 1228
686 783 1229
101 663 1230
1400 1823 1231
1513 1887 1232
899 1824 1233
1744 2059 1234
98 2105 1235
1716 1887 1236
468 623 1237
400 943 1238
547 2051 1239
20 1724 1240
654 1949 1241
24 1651 1242
1219 2065 1243
837 1912 1244
326 1487 1245
1223 1858 1246
440 584 1247
190 1768 1248
4 859 1249
255 1931 1250
657 1277 1251
831 1538 1252
299 1057 1253
547 1785 1254
687 827 1255
335 859 1256
1006 1510 1257
20 1729 1258
60 225 1259
98 577 1260
942 1513 1261
657 891 1262
942 1162 1263
1468 2059 1264
1535 2009 1265
570 1104 1266
958 1097 1267
67 942 1268
53 461 1269
9 1825 1270
97 1953 1271
457 2037 1272
235 1866 1273
1304 2099 1274
563 1972 1275
831 1753 1276
725 1931 1277
743 1768 1278
657 704 1279
194 1333 1280
1309 2043 1281
113 1335 1282
855 1718 1283
319 746 1284
725 1729 1285
1637 1990 1286
249 497 1287
1469 2004 1288
337 1921 1289
822 2081 1290
503 951 1291
779 942 1292
847 2030 1293
855 1538 1294
1548 1646 1295
779 1990 1296
1330 1405 1297
553 828 1298
1386 1450 1299
1637 2051 1300
28 557 1301
163 557 1302
322 813 1303
375 1863 1304
120 1937 1305
692 952 1306
263 953 1307
108 1768 1308
341 360 1309
942 1386 1310
50 1493 1311
952 1978 1312
1193 1772 1313
783 1528 1314
547 1637 1315
557 1884 1316
808 2026 1317
365 634 1318
514 1264 1319
1531 1976 1320
779 1450 1321
1754 2059 1322
910 959 1323
1538 1724 1324
1557 1937 1325
1309 1744 1326
121 1323 1327
1937 2084 1328
557 856 1329
108 480 1330
529 1513 1331
1193 1806 1332
1386 1444 1333
725 1724 1334
3 942 1335
300 692 1336
1444 1637 1337
341 497 1338
249 360 1339
1444 2051 1340
952 1923 1341
1145 1605 1342
1469 2123 1343
20 168 1344
100 1229 1345
1104 1856 1346
255 1724 1347
341 790 1348
942 1716 1349
1192 1371 1350
1233 1817 1351
17 1016 1352
1162 1513 1353
827 1104 1354
1186 1912 1355
356 952 1356
1565 2037 1357
547 1229 1358
547 779 1359
529 1229 1360
710 1793 1361
1162 1386 1362
360 497 1363
859 1117 1364
1565 1594 1365
790 810 1366
1190 1754 1367
67 779 1368
1768 1988 1369
3 2051 1370
958 1724 1371
1386 1990 1372
113 1467 1373
113 1702 1374
4 1117 1375
687 1528 1376
831 1718 1377
341 2114 1378
1309 1866 1379
166 1318 1380
388 1326 1381
635 1754 1382
1593 1752 1383
335 1482 1384
468 2058 1385
990 1912 1386
1490 2009 1387
36 50 1388
388 689 1389
1785 1990 1390
835 1720 1391
959 1619 1392
386 1302 1393
942 2051 1394
656 1636 1395
67 1513 1396
590 1432 1397
1193 1776 1398
1162 1716 1399
686 951 1400
1235 1263 1401
1405 1947 1402
1450 2051 1403
973 1057 1404
570 827 1405
1162 1637 1406
547 942 1407
942 1450 1408
186 623 1409
46 590 1410
953 1754 1411
4 145 1412
952 1945 1413
116 335 1414
507 2065 1415
108 145 1416
1514 1731 1417
477 952 1418
123 490 1419
440 623 1420
1386 2057 1421
145 1482 1422
1259 1890 1423
120 2004 1424
784 1514 1425
798 1104 1426
1158 1702 1427
28 552 1428
629 1729 1429
399 1857 1430
790 1430 1431
108 1968 1432
654 1469 1433
871 1608 1434
1191 1329 1435
647 1752 1436
856 2114 1437
831 958 1438
300 356 1439
695 1646 1440
417 1754 1441
140 859 1442
780 1753 1443
221 952 1444
411 1769 1445
9 1076 1446
204 953 1447
689 1135 1448
110 1931 1449
224 1128 1450
82 1422 1451
1064 2009 1452
278 1895 1453
335 634 1454
144 1856 1455
365 1968 1456
454 1021 1457
24 326 1458
4 108 1459
267 942 1460
23 2142 1461
783 827 1462
23 398 1463
1444 1785 1464
323 1924 1465
347 1836 1466
4 140 1467
859 1968 1468
1776 1806 1469
235 953 1470
1208 1663 1471
1513 1990 1472
856 2117 1473
1163 1992 1474
745 1183 1475
952 1970 1476
953 1273 1477
1277 1387 1478
347 828 1479
1104 1500 1480
518 790 1481
855 1753 1482
1823 2059 1483
547 1903 1484
942 1990 1485
335 1117 1486
1369 1910 1487
33 609 1488
166 1981 1489
497 810 1490
1679 2092 1491
1380 1584 1492
958 1752 1493
91 719 1494
2030 2092 1495
779 1716 1496
824 1920 1497
1104 1528 1498
151 1187 1499
590 2052 1500
1772 1806 1501
1772 1776 1502
627 1306 1503
131 1672 1504
712 831 1505
1603 1768 1506
530 1133 1507
1076 1078 1508
1059 1378 1509
856 1976 1510
687 2059 1511
1148 1828 1512
1605 1633 1513
1887 1903 1514
125 641 1515
0 120 1516
168 725 1517
629 1593 1518
635 2059 1519
1387 1834 1520
654 1970 1521
888 1512 1522
1518 2096 1523
417 1309 1524
1467 1768 1525
140 1117 1526
1518 2093 1527
300 1923 1528
634 859 1529
891 1387 1530
49 701 1531
168 255 1532
1412 2072 1533
365 1117 1534
300 1945 1535
570 1768 1536
1557 1949 1537
19 1189 1538
300 1978 1539
1309 1823 1540
1360 1982 1541
780 1538 1542
235 687 1543
1752 2143 1544
163 552 1545
1021 1932 1546
687 810 1547
255 2143 1548
1718 1931 1549
365 688 1550
497 790 1551
1593 1931 1552
145 1117 1553
1386 1887 1554
635 1866 1555
952 1172 1556
1450 1785 1557
1389 1801 1558
557 1078 1559
568 952 1560
502 2030 1561
100 1903 1562
1229 1990 1563
49 1035 1564
168 958 1565
329 1033 1566
910 1190 1567
973 1802 1568
144 532 1569
725 831 1570
1236 1326 1571
910 953 1572
249 687 1573
168 2143 1574
121 1913 1575
609 973 1576
942 1785 1577
1277 1834 1578
221 300 1579
725 1097 1580
151 1211 1581
1371 1762 1582
1235 1455 1583
110 958 1584
205 1707 1585
614 1174 1586
1193 1923 1587
657 1314 1588
692 1772 1589
177 1469 1590
541 2065 1591
1776 1978 1592
1513 1785 1593
1123 2057 1594
973 1268 1595
695 1548 1596
145 634 1597
164 1762 1598
300 477 1599
480 859 1600
2093 2096 1601
552 743 1602
942 1229 1603
1117 1968 1604
4 480 1605
663 1236 1606
126 2074 1607
1273 2043 1608
365 2035 1609
1716 1785 1610
755 1725 1611
1107 1577 1612
1193 1978 1613
1482 1968 1614
86 1903 1615
1818 1940 1616
47 1838 1617
140 145 1618
497 687 1619
454 1932 1620
1215 2037 1621
255 1752 1622
296 2059 1623
942 1444 1624
1389 1519 1625
326 1594 1626
689 1236 1627
457 1215 1628
1386 1716 1629
67 1386 1630
360 810 1631
335 688 1632
797 1651 1633
263 743 1634
1260 1992 1635
63 1306 1636
529 1903 1637
1229 2057 1638
1597 2046 1639
559 953 1640
190 687 1641
758 817 1642
1450 1716 1643
190 224 1644
635 1309 1645
1190 1400 1646
634 1117 1647
126 654 1648
145 1768 1649
248 1080 1650
663 689 1651
235 1128 1652
763 1768 1653
657 1879 1654
982 2142 1655
20 1752 1656
634 1968 1657
9 468 1658
707 898 1659
891 1834 1660
1318 1512 1661
943 2023 1662
64 1731 1663
88 687 1664
527 2092 1665
1172 1776 1666
235 2059 1667
300 568 1668
300 1970 1669
263 1190 1670
42 1287 1671
519 654 1672
859 1768 1673
1104 1158 1674
1229 1450 1675
1830 1909 1676
356 692 1677
457 1594 1678
687 1702 1679
1117 1482 1680
63 775 1681
953 1889 1682
712 1931 1683
9 2108 1684
144 1467 1685
590 951 1686
505 1318 1687
704 1387 1688
356 1776 1689
911 1768 1690
1263 1455 1691
1387 1896 1692
190 2082 1693
24 1986 1694
23 1390 1695
89 1875 1696
108 1482 1697
906 1193 1698
1349 1935 1699
4 1482 1700
582 1027 1701
781 1955 1702
1500 1856 1703
1193 1970 1704
582 1367 1705
108 2018 1706
831 1593 1707
356 1772 1708
687 1866 1709
671 999 1710
490 566 1711
715 717 1712
86 1507 1713
335 2035 1714
490 1603 1715
1879 1927 1716
925 1135 1717
1450 1513 1718
1505 1731 1719
1027 1089 1720
1259 1363 1721
1513 1637 1722
1716 1990 1723
521 953 1724
120 2123 1725
1062 1347 1726
917 1786 1727
120 1949 1728
440 973 1729
1945 1970 1730
18 440 1731
561 1801 1732
1439 1712 1733
569 2043 1734
838 1234 1735
1903 2057 1736
704 1277 1737
532 1768 1738
1768 1896 1739
874 1687 1740
590 1104 1741
1027 1367 1742
714 1794 1743
877 2043 1744
20 2143 1745
108 859 1746
491 2030 1747
300 1172 1748
430 1105 1749
120 1269 1750
126 808 1751
891 1277 1752
561 1519 1753
779 2051 1754
319 1768 1755
647 1931 1756
365 1988 1757
847 1020 1758
1309 2059 1759
452 847 1760
557 2109 1761
942 1903 1762
783 1158 1763
440 1667 1764
116 1968 1765
1772 1970 1766
808 1535 1767
191 952 1768
325 547 1769
808 1123 1770
356 1806 1771
856 907 1772
1776 1923 1773
1162 1229 1774
859 1482 1775
1229 1716 1776
203 557 1777
123 906 1778
190 656 1779
532 827 1780
490 776 1781
552 856 1782
168 648 1783
783 1104 1784
468 973 1785
191 1193 1786
570 1528 1787
255 1753 1788
18 973 1789
629 647 1790
490 1700 1791
954 982 1792
2084 2123 1793
1089 1367 1794
225 457 1795
687 834 1796
1193 1205 1797
432 603 1798
3 1513 1799
552 877 1800
888 1272 1801
1198 1335 1802
1229 1887 1803
60 457 1804
400 1620 1805
1444 1716 1806
1318 1390 1807
704 1834 1808
779 1637 1809
190 1247 1810
14 299 1811
430 1484 1812
657 1872 1813
1346 1723 1814
1386 1637 1815
688 1968 1816
270 2030 1817
827 1856 1818
120 1469 1819
166 1512 1820
1649 1828 1821
1776 1970 1822
4 1768 1823
692 1193 1824
626 1922 1825
1251 1389 1826
267 1507 1827
145 2018 1828
494 982 1829
798 1312 1830
1389 1734 1831
9 1078 1832
356 1978 1833
704 891 1834
1785 2051 1835
567 874 1836
692 1776 1837
623 1842 1838
1251 1519 1839
663 925 1840
640 2104 1841
953 2059 1842
1400 1866 1843
468 1842 1844
953 1309 1845
1538 1931 1846
417 1190 1847
398 1318 1848
827 1467 1849
1519 1734 1850
973 2058 1851
532 1467 1852
460 973 1853
66 1694 1854
440 1842 1855
648 780 1856
166 505 1857
335 1988 1858
63 1377 1859
912 1518 1860
1617 1935 1861
102 372 1862
4 634 1863
505 888 1864
145 688 1865
1190 1309 1866
191 300 1867
417 763 1868
1330 1612 1869
391 1794 1870
417 1884 1871
627 858 1872
557 877 1873
570 1158 1874
856 1531 1875
1565 2044 1876
108 634 1877
783 1702 1878
396 796 1879
573 1192 1880
1806 1970 1881
67 1903 1882
687 790 1883
582 1491 1884
145 480 1885
859 2035 1886
9 1967 1887
578 1112 1888
688 1117 1889
692 1978 1890
609 915 1891
48 1192 1892
1594 2044 1893
76 190 1894
468 2013 1895
891 1879 1896
1842 2058 1897
954 1259 1898
920 1572 1899
292 1036 1900
552 2109 1901
567 1687 1902
561 1251 1903
144 1768 1904
480 1117 1905
550 1287 1906
1834 1879 1907
8 2021 1908
117 952 1909
688 859 1910
1277 1896 1911
63 627 1912
1387 1879 1913
203 1400 1914
277 388 1915
1659 1694 1916
299 973 1917
1123 1490 1918
725 1752 1919
204 2037 1920
519 2004 1921
1387 1872 1922
561 1734 1923
1557 2004 1924
691 1850 1925
582 1089 1926
712 2143 1927
438 530 1928
1637 1785 1929
263 1619 1930
4 1988 1931
1915 2047 1932
129 953 1933
712 855 1934
117 300 1935
299 323 1936
491 1896 1937
835 1520 1938
100 1123 1939
1318 1981 1940
512 1545 1941
23 944 1942
263 417 1943
417 856 1944
740 1014 1945
1970 1978 1946
1206 1794 1947
570 1500 1948
1513 2051 1949
953 1866 1950
714 2027 1951
1968 2035 1952
116 145 1953
20 1538 1954
1776 1945 1955
961 1293 1956
1518 2010 1957
365 807 1958
692 1923 1959
225 1215 1960
780 919 1961
1878 1961 1962
910 1754 1963
190 819 1964
399 856 1965
14 1802 1966
203 552 1967
20 725 1968
65 714 1969
66 491 1970
1834 1896 1971
942 1637 1972
190 917 1973
609 2087 1974
657 1896 1975
9 1900 1976
190 1743 1977
1277 1872 1978
374 703 1979
682 973 1980
521 1889 1981
1637 1716 1982
1192 2016 1983
123 1463 1984
140 1988 1985
262 501 1986
552 1078 1987
692 1970 1988
768 1406 1989
1431 1836 1990
28 103 1991
43 623 1992
132 1999 1993
120 2084 1994
1104 1702 1995
1500 1768 1996
116 859 1997
190 1786 1998
714 1694 1999
73 1518 2000
1702 1856 2001
374 1376 2002
648 1931 2003
1104 1467 2004
1400 2059 2005
568 1772 2006
52 2069 2007
103 1076 2008
513 1640 2009
116 1482 2010
1277 1879 2011
60 1215 2012
1620 2076 2013
876 1890 2014
103 1078 2015
1205 2030 2016
1983 2030 2017
1100 1150 2018
502 847 2019
2027 2032 2020
1834 1872 2021
477 1945 2022
262 826 2023
486 2084 2024
703 1376 2025
856 1857 2026
1407 1920 2027
1469 1557 2028
356 1945 2029
1637 1654 2030
14 56 2031
46 570 2032
568 1806 2033
1193 1945 2034
4 688 2035
47 1347 2036
76 819 2037
417 877 2038
1205 1970 2039
167 1451 2040
270 527 2041
67 1229 2042
106 2143 2043
1229 1637 2044
1251 1801 2045
204 585 2046
191 356 2047
1528 1856 2048
325 942 2049
704 1879 2050
0 1557 2051
832 1530 2052
1968 1988 2053
1753 1931 2054
859 1988 2055
1694 2027 2056
37 424 2057
822 1545 2058
356 477 2059
360 790 2060
221 1193 2061
636 1014 2062
191 1978 2063
325 1776 2064
107 1371 2065
221 692 2066
319 759 2067
1243 1768 2068
704 1896 2069
1293 1771 2070
1531 1884 2071
146 719 2072
565 1318 2073
657 1927 2074
146 559 2075
607 1014 2076
89 344 2077
1490 2056 2078
905 1661 2079
1162 1507 2080
43 2087 2081
912 2093 2082
535 2030 2083
765 1903 2084
692 1205 2085
891 1872 2086
186 915 2087
319 1425 2088
743 1619 2089
1295 1565 2090
651 856 2091
1242 2037 2092
1355 1818 2093
319 1179 2094
906 1463 2095
186 1268 2096
431 2057 2097
356 1970 2098
765 1507 2099
118 262 2100
444 1025 2101
159 664 2102
391 1694 2103
856 2109 2104
110 919 2105
1200 1565 2106
952 1205 2107
66 1571 2108
123 566 2109
591 1920 2110
1557 2123 2111
1079 1116 2112
477 1978 2113
891 1896 2114
1387 1927 2115
232 722 2116
190 1112 2117
335 807 2118
347 979 2119
760 973 2120
779 1513 2121
956 1986 2122
1240 1480 2123
4 116 2124
191 1970 2125
1386 2051 2126
117 568 2127
159 1529 2128
1734 1801 2129
490 1335 2130
953 1822 2131
1023 1598 2132
527 2030 2133
0 177 2134
477 1970 2135
589 953 2136
943 1620 2137
1716 2051 2138
512 1549 2139
547 1507 2140
973 1975 2141
1395 1890 2142
1822 2043 2143
417 743 2144
1106 1268 2145
43 186 2146
191 692 2147
65 2049 2148
1439 1836 2149
2010 2093 2150
1891 2025 2151
262 1697 2152
291 516 2153
529 1123 2154
1064 1346 2155
255 958 2156
505 1512 2157
204 1082 2158
959 1019 2159
4 807 2160
502 1772 2161
1117 1988 2162
566 906 2163
1268 1924 2164
191 1772 2165
1818 2079 2166
1109 1996 2167
954 1890 2168
815 1594 2169
1875 1977 2170
477 1806 2171
973 1842 2172
226 679 2173
769 832 2174
85 618 2175
440 1057 2176
66 391 2177
808 2056 2178
1923 1970 2179
123 1603 2180
223 1949 2181
586 1185 2182
50 1818 2183
114 847 2184
356 1205 2185
23 1272 2186
858 1460 2187
203 1078 2188
501 826 2189
653 1041 2190
1806 1978 2191
257 1676 2192
429 1569 2193
1324 1689 2194
140 2035 2195
440 2031 2196
491 1879 2197
391 1206 2198
501 1697 2199
732 1192 2200
629 1718 2201
108 116 2202
832 2058 2203
468 584 2204
86 325 2205
570 783 2206
140 634 2207
891 1927 2208
683 920 2209
98 1189 2210
807 859 2211
654 1557 2212
569 953 2213
1834 1927 2214
2057 2060 2215
826 1697 2216
4 687 2217
186 609 2218
270 2092 2219
609 1235 2220
924 1221 2221
469 1297 2222
1485 1939 2223
1545 2081 2224
1768 2035 2225
4 2035 2226
320 1793 2227
1779 1911 2228
380 1993 2229
299 1268 2230
1507 1887 2231
569 1822 2232
186 851 2233
634 1482 2234
910 2043 2235
957 2001 2236
88 1743 2237
108 688 2238
982 1890 2239
46 1164 2240
634 688 2241
1945 1978 2242
63 858 2243
1117 2018 2244
73 2093 2245
145 1988 2246
145 2035 2247
512 822 2248
683 1610 2249
67 1507 2250
221 1772 2251
648 855 2252
3 1507 2253
480 1988 2254
502 1205 2255
1444 1507 2256
529 1507 2257
750 1920 2258
203 417 2259
417 1078 2260
145 807 2261
1205 1945 2262
126 1934 2263
1872 1879 2264
451 478 2265
33 186 2266
551 643 2267
769 1975 2268
877 953 2269
196 315 2270
1694 2032 2271
334 1943 2272
1479 1818 2273
116 1117 2274
190 578 2275
743 783 2276
851 1107 2277
490 906 2278
967 998 2279
356 1923 2280
623 1530 2281
623 2087 2282
1117 2035 2283
1273 2018 2284
1314 1879 2285
117 1806 2286
1637 1903 2287
325 1978 2288
704 1872 2289
477 692 2290
86 1458 2291
1277 1927 2292
190 1636 2293
480 2035 2294
527 1679 2295
936 1682 2296
1507 1990 2297
982 1712 2298
126 502 2299
704 1927 2300
1158 1856 2301
129 635 2302
226 1561 2303
558 756 2304
1158 1467 2305
1162 1903 2306
191 1776 2307
769 1106 2308
28 202 2309
1092 1412 2310
1875 1914 2311
117 1172 2312
106 255 2313
1139 1582 2314
1273 1400 2315
532 1158 2316
688 1482 2317
120 1557 2318
1245 1670 2319
923 1885 2320
1205 1772 2321
1314 1927 2322
1491 2069 2323
1367 2069 2324
265 1081 2325
502 952 2326
114 527 2327
525 1381 2328
552 1822 2329
627 1712 2330
856 1078 2331
883 1992 2332
1027 2069 2333
140 1482 2334
1768 1856 2335
117 356 2336
858 1712 2337
1242 1594 2338
114 926 2339
118 501 2340
267 325 2341
417 1619 2342
1656 2108 2343
1743 1768 2344
1106 1924 2345
1205 1978 2346
18 851 2347
332 1966 2348
1268 1975 2349
265 630 2350
223 1469 2351
1504 1567 2352
810 1285 2353
825 1612 2354
998 1044 2355
33 2087 2356
906 1700 2357
203 1076 2358
356 1172 2359
776 1853 2360
1447 1460 2361
1450 1903 2362
118 826 2363
1170 1931 2364
491 1387 2365
1092 2072 2366
565 888 2367
300 1205 2368
566 1463 2369
689 1326 2370
117 477 2371
807 1968 2372
18 186 2373
1403 2124 2374
996 1090 2375
1062 1594 2376
65 66 2377
491 1703 2378
158 1520 2379
634 2018 2380
9 136 2381
757 2033 2382
1010 1941 2383
480 634 2384
1507 1637 2385
763 1884 2386
714 2032 2387
1234 1605 2388
491 1277 2389
502 1806 2390
1204 2108 2391
1089 2069 2392
1507 2051 2393
168 1170 2394
249 1285 2395
591 824 2396
1768 1837 2397
440 2058 2398
783 1856 2399
232 898 2400
687 1740 2401
1107 1897 2402
325 529 2403
338 1797 2404
460 1057 2405
281 1761 2406
440 1268 2407
1679 2030 2408
998 1585 2409
203 2109 2410
783 1467 2411
23 1484 2412
126 1159 2413
2107 2141 2414
568 1193 2415
1041 1492 2416
1314 1387 2417
117 1772 2418
86 431 2419
1482 2035 2420
491 891 2421
491 1834 2422
527 1970 2423
672 1833 2424
1528 1768 2425
942 1507 2426
431 1458 2427
490 1750 2428
1612 2047 2429
627 1377 2430
1044 1506 2431
204 1343 2432
461 1916 2433
161 468 2434
832 973 2435
985 1694 2436
1513 1716 2437
1035 1178 2438
323 440 2439
800 1332 2440
169 703 2441
462 619 2442
1090 1778 2443
288 1941 2444
568 1776 2445
722 1347 2446
1482 1988 2447
274 582 2448
490 1579 2449
1273 1822 2450
662 833 2451
1584 1731 2452
547 1676 2453
440 682 2454
502 692 2455
1444 1903 2456
18 43 2457
827 1768 2458
1004 1887 2459
1195 1941 2460
1273 2109 2461
159 1652 2462
1172 1772 2463
1330 1915 2464
1794 1819 2465
117 1776 2466
512 2081 2467
502 1923 2468
108 1988 2469
824 1407 2470
1386 2060 2471
1172 1806 2472
65 391 2473
552 2069 2474
783 1768 2475
1386 1513 2476
425 1564 2477
824 1476 2478
551 1462 2479
566 1603 2480
66 1440 2481
388 925 2482
942 1458 2483
62 662 2484
159 1043 2485
380 803 2486
477 502 2487
494 954 2488
1008 1696 2489
1314 1834 2490
1530 1842 2491
491 704 2492
1702 2035 2493
47 1062 2494
264 1150 2495
634 1988 2496
39 1875 2497
569 1400 2498
440 1530 2499
1400 1822 2500
919 1724 2501
118 1697 2502
495 596 2503
405 1821 2504
623 851 2505
529 1458 2506
126 2056 2507
1983 2092 2508
270 1679 2509
1692 1946 2510
43 1842 2511
1306 1377 2512
553 1747 2513
89 520 2514
300 502 2515
996 1778 2516
1229 2060 2517
1545 2094 2518
824 998 2519
356 568 2520
502 1193 2521
824 967 2522
1772 1945 2523
1245 2126 2524
568 1172 2525
66 1794 2526
491 1571 2527
168 919 2528
468 589 2529
1572 1610 2530
79 953 2531
181 1470 2532
224 2109 2533
520 1875 2534
527 1983 2535
630 1041 2536
783 1463 2537
967 1044 2538
415 1992 2539
1277 1314 2540
953 1984 2541
568 1923 2542
918 1307 2543
3 2060 2544
664 1043 2545
391 1440 2546
1799 1941 2547
158 835 2548
319 828 2549
858 982 2550
341 1285 2551
1517 1779 2552
14 1592 2553
241 2138 2554
746 1179 2555
1903 1990 2556
1609 1671 2557
458 846 2558
1822 2055 2559
221 1806 2560
1078 1273 2561
891 1314 2562
485 1696 2563
527 1978 2564
730 1564 2565
452 2030 2566
191 568 2567
288 1195 2568
1545 2031 2569
100 2060 2570
491 1927 2571
1205 1806 2572
480 1482 2573
1659 2027 2574
53 1239 2575
664 1529 2576
1084 2025 2577
123 1700 2578
502 1776 2579
1229 2051 2580
1349 1617 2581
1786 1912 2582
92 609 2583
1458 2051 2584
182 1807 2585
906 1603 2586
539 2087 2587
1768 2094 2588
1872 1927 2589
439 1567 2590
956 1565 2591
1172 1205 2592
23 1712 2593
146 2103 2594
1463 1700 2595
1872 1896 2596
1093 1408 2597
1239 1916 2598
1172 1193 2599
915 2087 2600
920 1610 2601
1450 1507 2602
1805 2027 2603
277 1131 2604
490 830 2605
849 1942 2606
906 1750 2607
2031 2094 2608
589 1530 2609
440 1693 2610
942 967 2611
589 1842 2612
588 773 2613
1867 2030 2614
202 557 2615
1512 1981 2616
52 582 2617
267 1458 2618
609 1530 2619
379 489 2620
750 824 2621
226 1153 2622
1531 1998 2623
554 2057 2624
306 2105 2625
221 568 2626
477 568 2627
623 2034 2628
682 2058 2629
33 1132 2630
1724 1963 2631
542 1203 2632
953 1641 2633
998 1506 2634
1158 1768 2635
490 1875 2636
609 1263 2637
623 921 2638
1160 1696 2639
772 1150 2640
1205 1776 2641
65 1694 2642
103 703 2643
219 1460 2644
532 783 2645
1785 1903 2646
123 1750 2647
33 915 2648
1094 2107 2649
186 468 2650
1206 1819 2651
117 221 2652
468 1073 2653
1212 1460 2654
53 1916 2655
312 1508 2656
1467 1500 2657
62 1731 2658
502 1945 2659
136 2058 2660
266 1269 2661
692 2074 2662
847 1205 2663
204 2013 2664
729 1631 2665
942 998 2666
237 557 2667
1571 2030 2668
63 1023 2669
283 589 2670
356 527 2671
569 2055 2672
532 1528 2673
775 1023 2674
108 2035 2675
630 1096 2676
736 1342 2677
221 1205 2678
894 1692 2679
1931 1963 2680
596 2107 2681
725 919 2682
1309 1703 2683
1694 1805 2684
552 1784 2685
765 2060 2686
502 568 2687
1339 1712 2688
468 1419 2689
18 444 2690
555 1689 2691
688 2035 2692
856 1128 2693
499 1294 2694
1229 1513 2695
344 378 2696
568 1205 2697
2031 2081 2698
415 1163 2699
325 1990 2700
466 1594 2701
1328 1694 2702
858 1306 2703
482 982 2704
925 1236 2705
1332 1459 2706
1694 1794 2707
569 1273 2708
221 502 2709
490 579 2710
832 1268 2711
223 1269 2712
1806 1945 2713
190 854 2714
191 502 2715
1879 1896 2716
700 1997 2717
1008 2137 2718
116 2035 2719
575 806 2720
91 1261 2721
388 475 2722
568 1970 2723
52 1027 2724
634 2035 2725
704 1314 2726
1506 1585 2727
191 477 2728
609 1455 2729
894 1946 2730
1503 1928 2731
67 1458 2732
178 1092 2733
83 1853 2734
1133 1588 2735
1200 1594 2736
202 552 2737
1044 1585 2738
112 1757 2739
150 1555 2740
554 1458 2741
688 2018 2742
237 1430 2743
440 609 2744
1178 1231 2745
505 1981 2746
1520 1720 2747
88 190 2748
609 1132 2749
270 1983 2750
468 1030 2751
763 801 2752
832 1975 2753
474 1694 2754
63 1755 2755
1505 1509 2756
117 1205 2757
431 1637 2758
822 2031 2759
967 1585 2760
203 1884 2761
431 529 2762
477 1205 2763
142 1600 2764
1694 1709 2765
1467 1856 2766
28 1078 2767
417 2109 2768
527 847 2769
993 1096 2770
634 807 2771
191 527 2772
416 1779 2773
2043 2055 2774
44 149 2775
325 1450 2776
391 2049 2777
557 939 2778
953 2055 2779
1314 1896 2780
779 2060 2781
65 1206 2782
1575 1939 2783
664 1652 2784
391 1819 2785
267 431 2786
325 1444 2787
527 1776 2788
324 1836 2789
494 661 2790
231 785 2791
264 1100 2792
270 1020 2793
1010 1799 2794
485 1804 2795
1988 2035 2796
103 1120 2797
461 1239 2798
1200 2037 2799
140 688 2800
431 942 2801
847 1945 2802
969 1494 2803
76 2082 2804
269 1096 2805
1046 1966 2806
3 1903 2807
502 1172 2808
566 1700 2809
832 1842 2810
191 1923 2811
444 468 2812
1702 1768 2813
309 795 2814
705 1276 2815
623 1030 2816
2010 2096 2817
226 1067 2818
444 2058 2819
1603 1700 2820
1746 2009 2821
921 2058 2822
1440 1794 2823
295 1812 2824
330 872 2825
1753 1963 2826
52 1367 2827
237 2109 2828
257 759 2829
468 760 2830
688 1988 2831
191 847 2832
1887 2060 2833
1523 1594 2834
166 589 2835
468 713 2836
1020 2092 2837
743 763 2838
912 2096 2839
800 1459 2840
775 1598 2841
683 1572 2842
1517 1911 2843
1689 1923 2844
847 1193 2845
190 1003 2846
308 716 2847
985 1805 2848
311 2085 2849
1832 1853 2850
967 1506 2851
552 669 2852
491 1872 2853
117 502 2854
468 989 2855
1694 1847 2856
1757 2085 2857
52 1089 2858
917 1912 2859
1507 1716 2860
601 1924 2861
226 1896 2862
417 801 2863
495 2107 2864
1440 2049 2865
1647 1920 2866
191 1945 2867
491 963 2868
532 1482 2869
274 744 2870
835 1843 2871
1485 1575 2872
1322 1326 2873
1790 1940 2874
1478 1615 2875
468 1149 2876
877 910 2877
1743 1774 2878
67 431 2879
116 634 2880
687 1224 2881
1205 1923 2882
1458 1637 2883
815 2037 2884
163 763 2885
440 2087 2886
1754 2112 2887
1094 2141 2888
252 281 2889
1458 1990 2890
1714 1859 2891
28 1076 2892
325 1637 2893
824 898 2894
1696 1804 2895
1413 1460 2896
1696 2137 2897
28 1462 2898
697 1940 2899
1727 2098 2900
19 577 2901
86 554 2902
491 933 2903
1908 2013 2904
323 1265 2905
431 1990 2906
163 203 2907
43 468 2908
114 2092 2909
1527 1993 2910
189 303 2911
692 847 2912
1785 2060 2913
1314 1872 2914
1580 1647 2915
832 2087 2916
1148 1781 2917
81 1133 2918
163 1884 2919
89 1885 2920
757 2085 2921
939 1900 2922
1091 1473 2923
1657 1887 2924
566 1750 2925
16 552 2926
1253 1884 2927
1276 1622 2928
117 1978 2929
186 969 2930
142 1452 2931
159 2034 2932
440 832 2933
589 1151 2934
1222 1818 2935
705 1622 2936
1172 1923 2937
191 1205 2938
654 1713 2939
714 985 2940
1555 2121 2941
1463 1743 2942
716 2028 2943
2003 2030 2944
468 1693 2945
373 1993 2946
490 520 2947
1160 2137 2948
1193 1678 2949
142 733 2950
1444 1458 2951
1656 1825 2952
1295 2044 2953
18 1111 2954
557 981 2955
264 772 2956
547 1458 2957
116 688 2958
391 1103 2959
679 1153 2960
750 1676 2961
1896 1927 2962
1163 1260 2963
1709 2027 2964
1273 2055 2965
759 1129 2966
1059 1939 2967
1463 1750 2968
653 1492 2969
687 854 2970
325 431 2971
1538 1963 2972
186 713 2973
474 714 2974
1046 1375 2975
1668 2058 2976
502 1978 2977
453 1782 2978
532 1702 2979
325 1507 2980
898 1441 2981
722 1062 2982
490 2050 2983
679 1067 2984
480 688 2985
92 1530 2986
490 1278 2987
586 1615 2988
280 2058 2989
801 1884 2990
1261 2107 2991
1204 1825 2992
1110 2004 2993
495 1261 2994
1464 1689 2995
2034 2058 2996
1594 1903 2997
414 1466 2998
925 1326 2999
1458 1507 3000
602 1812 3001
757 1572 3002
28 203 3003
822 2094 3004
65 1794 3005
416 1517 3006
985 1659 3007
135 1102 3008
527 926 3009
1679 1983 3010
174 319 3011
309 1805 3012
356 502 3013
116 1988 3014
349 1887 3015
669 1531 3016
1716 1903 3017
277 1768 3018
77 1920 3019
431 2051 3020
845 1460 3021
59 1440 3022
440 1350 3023
441 1460 3024
1022 1580 3025
783 1743 3026
257 1424 3027
103 202 3028
757 1757 3029
771 1794 3030
873 1884 3031
1301 1580 3032
367 991 3033
468 609 3034
481 1460 3035
824 1647 3036
452 2092 3037
1460 1667 3038
67 325 3039
527 1205 3040
286 610 3041
65 1334 3042
184 453 3043
714 1659 3044
363 705 3045
477 527 3046
552 981 3047
190 1224 3048
819 1845 3049
557 790 3050
2081 2094 3051
221 1923 3052
1347 1594 3053
896 1266 3054
112 2085 3055
23 482 3056
1117 2082 3057
1206 1694 3058
39 1914 3059
474 1440 3060
1867 2092 3061
661 1623 3062
586 1478 3063
847 1772 3064
1309 2112 3065
344 1875 3066
517 589 3067
468 915 3068
807 2035 3069
1372 2087 3070
1206 2049 3071
824 1441 3072
431 554 3073
676 2030 3074
886 1649 3075
825 1683 3076
859 2082 3077
115 408 3078
1400 2055 3079
1524 1692 3080
790 1285 3081
1043 2034 3082
1206 1440 3083
190 897 3084
270 1867 3085
461 1497 3086
502 1970 3087
223 2123 3088
494 1553 3089
1513 1903 3090
688 807 3091
779 1903 3092
1440 1694 3093
539 1372 3094
190 1474 3095
714 1440 3096
759 1424 3097
1694 1870 3098
23 615 3099
391 2027 3100
431 1444 3101
1318 2097 3102
759 1530 3103
824 1395 3104
583 946 3105
1794 2049 3106
485 2137 3107
168 1963 3108
252 1761 3109
856 1998 3110
554 1637 3111
87 847 3112
532 1856 3113
584 679 3114
552 1740 3115
65 1440 3116
565 1512 3117
775 1581 3118
623 1121 3119
1600 1935 3120
159 1530 3121
582 2103 3122
992 1887 3123
316 1676 3124
363 1276 3125
136 708 3126
1355 1479 3127
65 1103 3128
914 1587 3129
452 1983 3130
1261 1542 3131
77 824 3132
714 1805 3133
883 1260 3134
483 1046 3135
579 906 3136
161 1842 3137
323 1416 3138
258 775 3139
728 1900 3140
233 1034 3141
325 1458 3142
775 1255 3143
1720 1843 3144
414 690 3145
692 1678 3146
73 912 3147
126 1088 3148
321 662 3149
474 2027 3150
101 925 3151
2033 2085 3152
163 1078 3153
440 1668 3154
404 2133 3155
502 1689 3156
9 16 3157
589 1543 3158
1171 1532 3159
41 2143 3160
116 807 3161
1239 2057 3162
422 1768 3163
697 1818 3164
27 588 3165
190 1845 3166
985 2027 3167
1576 2030 3168
1123 2056 3169
1678 1978 3170
1359 1926 3171
31 2105 3172
1757 2033 3173
117 847 3174
431 547 3175
309 1328 3176
494 2020 3177
120 191 3178
1524 1946 3179
418 1948 3180
651 1884 3181
1243 1603 3182
527 1923 3183
527 1172 3184
477 847 3185
309 1709 3186
732 1012 3187
77 750 3188
1572 2033 3189
87 2092 3190
1530 1975 3191
123 1243 3192
929 2011 3193
1106 1530 3194
170 357 3195
902 1604 3196
389 1536 3197
1303 1768 3198
1426 1916 3199
92 915 3200
483 1966 3201
795 1694 3202
1008 1160 3203
1162 2060 3204
52 552 3205
283 1693 3206
1903 2051 3207
589 628 3208
679 1561 3209
728 939 3210
283 440 3211
266 1949 3212
18 176 3213
527 1020 3214
62 321 3215
468 1111 3216
824 1086 3217
589 888 3218
683 2083 3219
964 1980 3220
819 2082 3221
491 1142 3222
495 1502 3223
977 1842 3224
73 2010 3225
295 602 3226
812 1043 3227
808 2095 3228
52 1076 3229
847 952 3230
1076 1784 3231
610 2085 3232
554 1507 3233
490 1977 3234
1238 1425 3235
80 1442 3236
267 554 3237
1008 1524 3238
16 1076 3239
759 1779 3240
918 1768 3241
751 2043 3242
969 2034 3243
356 1678 3244
683 1657 3245
683 1722 3246
604 1041 3247
1129 1779 3248
751 1400 3249
67 554 3250
649 1193 3251
223 1557 3252
443 586 3253
664 2034 3254
894 1524 3255
1020 1679 3256
391 985 3257
942 1506 3258
136 969 3259
485 1008 3260
1529 1530 3261
332 1046 3262
1185 1615 3263
490 2107 3264
190 834 3265
391 1659 3266
190 1784 3267
1610 1657 3268
77 1676 3269
714 1929 3270
72 824 3271
1867 1983 3272
610 2113 3273
86 257 3274
1794 2027 3275
257 267 3276
651 2082 3277
847 1978 3278
270 676 3279
1189 1767 3280
662 1077 3281
16 440 3282
552 1069 3283
985 1201 3284
584 1543 3285
812 1529 3286
272 388 3287
929 2018 3288
345 2088 3289
523 877 3290
789 1887 3291
676 2092 3292
697 1222 3293
363 1622 3294
1537 1966 3295
114 666 3296
468 2034 3297
688 2082 3298
495 2111 3299
9 1414 3300
942 1285 3301
43 280 3302
349 440 3303
474 1659 3304
494 1395 3305
961 1648 3306
1020 2030 3307
1096 1545 3308
1713 1970 3309
510 1011 3310
963 1676 3311
356 847 3312
662 1348 3313
1495 2037 3314
56 1268 3315
1587 1818 3316
187 795 3317
431 1507 3318
942 1044 3319
664 1530 3320
689 925 3321
1334 1794 3322
1700 1750 3323
76 1845 3324
190 1854 3325
474 1103 3326
589 1262 3327
1239 1426 3328
431 1450 3329
771 1206 3330
566 1243 3331
226 2024 3332
314 1760 3333
855 2136 3334
324 457 3335
985 1206 3336
1060 1779 3337
882 1708 3338
394 705 3339
417 1784 3340
176 1842 3341
1450 1458 3342
176 1043 3343
148 1520 3344
589 1693 3345
178 1412 3346
170 1335 3347
321 961 3348
1757 2113 3349
187 1328 3350
31 1421 3351
495 1252 3352
390 1442 3353
99 1757 3354
833 1077 3355
893 1884 3356
192 1594 3357
557 1784 3358
368 490 3359
661 1395 3360
416 434 3361
652 780 3362
187 1805 3363
1103 1440 3364
1160 1860 3365
1424 1676 3366
1103 1694 3367
1893 1959 3368
493 1460 3369
66 1819 3370
391 823 3371
183 743 3372
114 1020 3373
257 1990 3374
554 1444 3375
847 1923 3376
114 1983 3377
325 554 3378
468 1364 3379
382 2088 3380
714 1709 3381
568 847 3382
808 1774 3383
1121 2058 3384
4 2086 3385
819 1003 3386
1121 1268 3387
100 185 3388
1334 1694 3389
112 2033 3390
1268 2058 3391
135 741 3392
491 2011 3393
555 1324 3394
546 729 3395
80 390 3396
332 1537 3397
5 1026 3398
741 752 3399
939 1160 3400
136 605 3401
62 1348 3402
394 1276 3403
851 1842 3404
985 2032 3405
1359 1775 3406
1529 1652 3407
847 1806 3408
775 1755 3409
116 140 3410
1576 2092 3411
1366 2033 3412
490 1526 3413
257 529 3414
687 1321 3415
616 1568 3416
847 1970 3417
973 1668 3418
1067 1153 3419
18 1030 3420
43 851 3421
1366 1757 3422
1129 1424 3423
349 1842 3424
423 1920 3425
65 985 3426
114 270 3427
474 985 3428
1286 1610 3429
283 468 3430
2033 2113 3431
547 1424 3432
300 847 3433
93 788 3434
198 319 3435
1043 1529 3436
1940 2079 3437
1513 2060 3438
491 1667 3439
610 1568 3440
1078 1494 3441
1222 1940 3442
494 556 3443
29 908 3444
1456 1951 3445
159 176 3446
325 2051 3447
589 1981 3448
737 1853 3449
989 1842 3450
623 1372 3451
597 705 3452
1372 2058 3453
1637 1664 3454
1774 2056 3455
446 1460 3456
53 1787 3457
281 352 3458
554 2051 3459
18 280 3460
1078 2109 3461
1201 1694 3462
628 1486 3463
1328 1659 3464
1546 2030 3465
1261 1575 3466
1171 1995 3467
1603 1750 3468
1424 1990 3469
1209 1934 3470
187 309 3471
609 1668 3472
88 2082 3473
381 1462 3474
1185 1478 3475
135 752 3476
1530 1924 3477
610 616 3478
1790 2079 3479
554 1990 3480
270 1576 3481
962 2037 3482
1565 1984 3483
1678 1970 3484
1694 2049 3485
178 2072 3486
649 1978 3487
69 847 3488
1678 1772 3489
324 515 3490
76 1003 3491
145 2082 3492
1659 2032 3493
66 1373 3494
76 897 3495
985 2049 3496
906 1243 3497
468 1372 3498
363 394 3499
583 1460 3500
985 1334 3501
1497 1916 3502
112 757 3503
1975 2058 3504
76 1784 3505
468 1182 3506
584 590 3507
652 1012 3508
72 1486 3509
634 2082 3510
757 2113 3511
440 921 3512
65 1659 3513
546 1631 3514
0 2008 3515
819 897 3516
170 1925 3517
708 969 3518
1153 1561 3519
502 1570 3520
1937 2119 3521
1716 2060 3522
295 1557 3523
1111 2058 3524
989 1364 3525
925 1652 3526
1222 2079 3527
1935 2040 3528
78 628 3529
126 535 3530
1553 1623 3531
1923 1945 3532
87 356 3533
221 847 3534
391 1334 3535
483 1375 3536
191 1678 3537
1201 2027 3538
824 983 3539
227 1790 3540
311 1757 3541
983 1920 3542
108 2082 3543
743 1076 3544
1356 1389 3545
906 1313 3546
906 2050 3547
1046 1907 3548
952 1678 3549
847 926 3550
1076 1494 3551
87 270 3552
159 812 3553
778 788 3554
914 1045 3555
1268 1416 3556
1067 1561 3557
763 873 3558
319 1214 3559
1032 1230 3560
610 1757 3561
103 2069 3562
1375 1966 3563
56 1182 3564
78 1486 3565
416 442 3566
847 1776 3567
76 854 3568
1226 2083 3569
1117 1708 3570
206 1951 3571
89 1914 3572
847 1172 3573
116 480 3574
246 440 3575
771 1819 3576
759 1060 3577
387 974 3578
53 1426 3579
547 554 3580
547 759 3581
669 1884 3582
1460 1540 3583
114 863 3584
823 1694 3585
1678 1806 3586
431 1716 3587
1218 2137 3588
1804 2137 3589
1887 2036 3590
1355 1940 3591
579 1463 3592
1440 1819 3593
319 339 3594
404 832 3595
1366 2085 3596
114 1679 3597
345 1877 3598
546 2018 3599
1568 2085 3600
1659 1805 3601
649 1983 3602
1086 1395 3603
1100 1126 3604
1486 2112 3605
417 1667 3606
584 1046 3607
1206 2027 3608
266 980 3609
423 824 3610
1463 1904 3611
1479 1940 3612
1020 1983 3613
926 2128 3614
190 1298 3615
608 628 3616
799 1708 3617
418 592 3618
714 1201 3619
99 2085 3620
554 942 3621
1659 1709 3622
139 1373 3623
88 834 3624
651 1128 3625
172 1460 3626
161 1149 3627
1676 2118 3628
500 1012 3629
638 1749 3630
286 1757 3631
1123 1774 3632
114 2022 3633
370 1230 3634
484 592 3635
610 1366 3636
294 2018 3637
114 2030 3638
942 1585 3639
87 114 3640
258 1598 3641
592 1948 3642
28 1120 3643
311 757 3644
1103 2049 3645
1565 1964 3646
771 2032 3647
40 1072 3648
474 1805 3649
897 2082 3650
72 628 3651
2022 2030 3652
683 1173 3653
394 1622 3654
1372 1842 3655
1694 1929 3656
1576 1983 3657
1476 1676 3658
350 1653 3659
1694 1819 3660
679 2024 3661
623 977 3662
72 898 3663
1255 1650 3664
286 2085 3665
1467 1536 3666
1250 1935 3667
1377 1755 3668
892 1963 3669
529 554 3670
349 832 3671
1474 2082 3672
549 561 3673
623 682 3674
1278 1512 3675
834 2082 3676
197 1041 3677
257 1637 3678
257 1129 3679
1313 1750 3680
714 1103 3681
921 1529 3682
2069 2103 3683
1133 1396 3684
345 382 3685
176 664 3686
1364 1842 3687
76 689 3688
94 1821 3689
311 1366 3690
431 1123 3691
1076 1740 3692
440 1372 3693
257 1458 3694
289 628 3695
490 528 3696
2027 2049 3697
87 2030 3698
1103 2027 3699
763 1988 3700
1423 1768 3701
300 1678 3702
527 649 3703
812 1530 3704
1039 1768 3705
690 1466 3706
1003 2082 3707
135 1409 3708
66 139 3709
511 1875 3710
664 812 3711
791 1012 3712
1572 2113 3713
1460 1589 3714
1205 1678 3715
227 1940 3716
202 1160 3717
1386 1903 3718
86 1664 3719
1471 1884 3720
148 271 3721
211 676 3722
750 983 3723
257 1450 3724
568 1678 3725
795 1328 3726
1842 1975 3727
112 1366 3728
863 2092 3729
1334 2049 3730
183 2069 3731
1229 1903 3732
25 904 3733
824 1627 3734
859 2086 3735
1370 2137 3736
535 2041 3737
1024 2020 3738
725 1963 3739
985 1103 3740
99 311 3741
1201 1805 3742
187 1709 3743
1324 1464 3744
227 697 3745
1055 1650 3746
1458 1716 3747
193 628 3748
1230 1783 3749
1149 1842 3750
737 1832 3751
1494 1529 3752
866 1902 3753
1482 2086 3754
1334 2032 3755
1078 1784 3756
714 771 3757
1353 1934 3758
2085 2113 3759
267 1664 3760
1151 1262 3761
801 873 3762
190 1957 3763
624 1717 3764
1476 1920 3765
560 1461 3766
741 1102 3767
819 854 3768
1243 1266 3769
120 253 3770
812 2034 3771
529 1884 3772
882 1884 3773
1529 2034 3774
187 464 3775
311 2033 3776
1570 1772 3777
440 1686 3778
190 2002 3779
352 1761 3780
819 1854 3781
103 228 3782
112 2113 3783
309 835 3784
1402 1489 3785
632 866 3786
87 1679 3787
88 819 3788
954 1755 3789
490 767 3790
318 2092 3791
498 1676 3792
708 1908 3793
752 1102 3794
1412 1739 3795
720 2020 3796
59 2049 3797
136 1668 3798
446 493 3799
1713 1772 3800
332 1375 3801
63 1581 3802
309 884 3803
662 1765 3804
270 2022 3805
464 1201 3806
708 851 3807
535 1867 3808
1023 1255 3809
1035 2107 3810
714 1328 3811
1117 2086 3812
2092 2128 3813
325 703 3814
92 440 3815
2022 2092 3816
677 2085 3817
1328 1805 3818
289 586 3819
417 1551 3820
972 1489 3821
1070 1920 3822
74 534 3823
443 1185 3824
112 610 3825
76 1474 3826
202 1462 3827
915 1973 3828
1345 2085 3829
76 88 3830
270 318 3831
819 1474 3832
1179 1517 3833
412 856 3834
1328 1709 3835
474 1334 3836
1129 1517 3837
435 583 3838
139 226 3839
676 1983 3840
309 1963 3841
257 547 3842
529 1664 3843
99 757 3844
1479 2079 3845
1524 2137 3846
985 1870 3847
946 1460 3848
757 1366 3849
87 947 3850
1008 1804 3851
112 311 3852
435 946 3853
1675 1916 3854
666 2092 3855
123 579 3856
872 2031 3857
615 1940 3858
985 1440 3859
1494 1708 3860
257 1444 3861
684 915 3862
1571 1667 3863
535 676 3864
461 1426 3865
163 801 3866
751 1273 3867
902 931 3868
1008 1218 3869
59 65 3870
714 1847 3871
1067 2024 3872
1679 1867 3873
187 714 3874
985 1819 3875
623 713 3876
1064 1881 3877
78 1735 3878
689 819 3879
805 1011 3880
87 1626 3881
120 1719 3882
558 690 3883
65 1819 3884
474 1709 3885
1255 1598 3886
1103 1794 3887
1440 1659 3888
477 1678 3889
697 2079 3890
302 1476 3891
176 1529 3892
1812 1813 3893
21 824 3894
710 1239 3895
921 2034 3896
1568 2033 3897
474 1201 3898
882 1117 3899
680 1708 3900
896 1243 3901
1355 2079 3902
99 2033 3903
185 1785 3904
763 893 3905
795 1805 3906
1805 2032 3907
579 1750 3908
277 1856 3909
2018 2082 3910
616 2085 3911
1847 1929 3912
1345 2033 3913
1784 2069 3914
221 1678 3915
18 921 3916
1266 1812 3917
316 440 3918
811 1681 3919
423 1256 3920
190 1435 3921
1805 1870 3922
180 628 3923
676 2003 3924
1205 1934 3925
191 1576 3926
172 493 3927
270 1546 3928
677 757 3929
203 1571 3930
597 1622 3931
726 1497 3932
1440 2027 3933
1845 2082 3934
795 1709 3935
1920 1962 3936
452 2003 3937
280 605 3938
1206 1334 3939
677 2033 3940
123 1313 3941
560 1009 3942
2035 2086 3943
863 926 3944
954 1581 3945
589 977 3946
616 1757 3947
122 714 3948
705 711 3949
727 1779 3950
759 1980 3951
1568 2113 3952
87 1983 3953
1486 1735 3954
349 444 3955
1292 1295 3956
309 464 3957
921 1494 3958
452 1020 3959
1819 2049 3960
211 2003 3961
1206 1659 3962
1243 1700 3963
77 1914 3964
219 1212 3965
599 1708 3966
2018 2055 3967
763 1253 3968
897 1003 3969
974 1060 3970
474 1989 3971
1366 1703 3972
1366 1392 3973
819 1224 3974
854 1845 3975
286 1568 3976
809 1159 3977
677 1572 3978
896 1912 3979
1546 1983 3980
1929 2027 3981
114 1576 3982
1599 1623 3983
176 2034 3984
786 1768 3985
1709 1805 3986
605 1494 3987
579 1603 3988
65 2027 3989
89 511 3990
103 1071 3991
529 1298 3992
963 2118 3993
280 1111 3994
535 2085 3995
597 1276 3996
1983 2022 3997
289 1185 3998
1334 1847 3999
510 620 4000
502 1209 4001
676 1546 4002
62 833 4003
884 1821 4004
1003 2018 4005
1659 1847 4006
554 1450 4007
623 1667 4008
1819 2027 4009
864 1832 4010
464 474 4011
628 1735 4012
1535 1881 4013
1784 2082 4014
859 1232 4015
969 1124 4016
87 1020 4017
1392 1757 4018
1064 1352 4019
639 1694 4020
582 1784 4021
1655 2018 4022
854 2082 4023
897 1474 4024
87 2022 4025
829 1821 4026
96 1056 4027
1774 1963 4028
547 1129 4029
1056 1720 4030
1345 2003 4031
468 921 4032
1375 1907 4033
954 1623 4034
1739 2072 4035
1024 1598 4036
94 405 4037
316 963 4038
981 1076 4039
1234 1338 4040
99 112 4041
594 1652 4042
446 1003 4043
1298 1743 4044
289 1483 4045
895 1373 4046
1750 1816 4047
311 1345 4048
474 1328 4049
1345 1366 4050
103 498 4051
517 1530 4052
114 318 4053
833 1765 4054
1544 2092 4055
535 2003 4056
32 2092 4057
464 1805 4058
502 1678 4059
187 2032 4060
1153 2024 4061
1334 2027 4062
76 1854 4063
1020 2022 4064
297 332 4065
1258 1694 4066
1684 1963 4067
1008 1370 4068
1709 1870 4069
714 1870 4070
1077 1765 4071
1345 1757 4072
1689 2012 4073
1117 1232 4074
114 452 4075
452 676 4076
349 417 4077
615 1790 4078
1603 1904 4079
1090 1472 4080
377 2096 4081
680 882 4082
858 927 4083
408 545 4084
1424 1458 4085
763 1471 4086
819 834 4087
286 1366 4088
1957 2082 4089
1375 1896 4090
2003 2041 4091
307 948 4092
29 1750 4093
114 1544 4094
1313 1603 4095
812 1652 4096
926 2022 4097
847 1678 4098
136 440 4099
172 446 4100
280 440 4101
819 1784 4102
863 1679 4103
128 1676 4104
1200 1242 4105
219 481 4106
2030 2041 4107
155 714 4108
938 2018 4109
1344 2034 4110
437 1676 4111
76 688 4112
969 1875 4113
985 1929 4114
99 286 4115
757 1568 4116
926 2092 4117
65 771 4118
365 2086 4119
1476 1779 4120
187 1201 4121
1351 1988 4122
566 579 4123
933 2011 4124
474 1870 4125
677 2003 4126
793 1373 4127
926 1020 4128
1908 2034 4129
1161 1308 4130
669 1856 4131
492 1460 4132
711 1276 4133
983 1676 4134
1854 2082 4135
498 1160 4136
650 824 4137
1366 2113 4138
99 2113 4139
136 427 4140
535 1366 4141
677 1757 4142
1003 1474 4143
491 977 4144
1085 1161 4145
1499 1779 4146
318 1983 4147
270 1544 4148
873 1253 4149
1624 1694 4150
452 1867 4151
992 1004 4152
599 799 4153
128 1476 4154
257 431 4155
823 985 4156
1181 1463 4157
193 1486 4158
906 1181 4159
1570 1806 4160
103 1573 4161
1313 1463 4162
285 418 4163
776 1062 4164
604 1337 4165
762 2040 4166
1001 1041 4167
1678 1923 4168
954 1739 4169
104 1694 4170
1175 1652 4171
105 1832 4172
163 873 4173
1372 1530 4174
1043 1530 4175
1576 1679 4176
676 1679 4177
280 1842 4178
1046 1896 4179
711 1622 4180
66 1907 4181
464 1709 4182
123 1904 4183
213 2058 4184
178 811 4185
1117 1784 4186
282 628 4187
605 1234 4188
586 1913 4189
1784 2002 4190
498 963 4191
1201 1659 4192
283 977 4193
1160 2118 4194
74 1804 4195
1714 1969 4196
185 1213 4197
76 834 4198
363 928 4199
69 2092 4200
679 1482 4201
616 757 4202
795 1870 4203
1392 2085 4204
634 2086 4205
921 1842 4206
1623 2029 4207
929 1341 4208
190 1965 4209
213 623 4210
1103 1870 4211
302 1676 4212
786 1856 4213
754 2030 4214
490 511 4215
1575 2107 4216
76 2018 4217
128 1708 4218
604 1283 4219
282 1486 4220
882 1494 4221
1243 1750 4222
74 1696 4223
1983 2041 4224
926 1983 4225
863 1020 4226
535 677 4227
981 1078 4228
1004 2036 4229
1626 2092 4230
605 2088 4231
57 2082 4232
286 2113 4233
1124 1652 4234
270 666 4235
112 677 4236
311 2113 4237
666 863 4238
180 1486 4239
311 1392 4240
628 1051 4241
1067 1896 4242
114 2128 4243
1003 1845 4244
270 863 4245
324 1964 4246
1181 1750 4247
1463 2050 4248
1659 2049 4249
452 1546 4250
566 1313 4251
571 1533 4252
1218 1804 4253
286 616 4254
128 799 4255
267 789 4256
318 1679 4257
1334 1659 4258
737 1253 4259
76 1224 4260
219 1447 4261
845 1447 4262
771 985 4263
771 1440 4264
666 1679 4265
452 2041 4266
969 1344 4267
1328 1870 4268
1201 1709 4269
892 1684 4270
597 928 4271
1614 1795 4272
59 1206 4273
677 1366 4274
1149 1364 4275
1182 1842 4276
1507 1903 4277
226 994 4278
464 1249 4279
1076 2134 4280
1679 2022 4281
74 1494 4282
985 1847 4283
1159 2030 4284
309 1271 4285
1073 1971 4286
547 789 4287
1099 1314 4288
1282 1954 4289
187 474 4290
226 493 4291
76 1957 4292
554 1664 4293
688 2086 4294
87 926 4295
273 1222 4296
1544 2030 4297
152 1366 4298
441 1212 4299
819 1957 4300
566 1904 4301
1392 2113 4302
1652 2045 4303
1825 1967 4304
496 1676 4305
452 2022 4306
99 1366 4307
579 2050 4308
1354 1703 4309
1438 1842 4310
597 1877 4311
1659 1870 4312
1271 1703 4313
592 638 4314
316 498 4315
1761 1839 4316
88 2002 4317
616 2033 4318
1709 2032 4319
474 2032 4320
287 895 4321
270 926 4322
906 1904 4323
1685 1988 4324
789 1513 4325
122 2027 4326
683 1340 4327
136 246 4328
847 1099 4329
863 1544 4330
153 2030 4331
281 1486 4332
737 864 4333
128 882 4334
345 509 4335
1914 2082 4336
28 1701 4337
579 1700 4338
227 1222 4339
414 962 4340
794 2057 4341
1341 2011 4342
309 1286 4343
920 2113 4344
1790 2000 4345
928 1622 4346
963 1708 4347
1583 2027 4348
1581 1755 4349
128 599 4350
309 1720 4351
92 1132 4352
1020 1546 4353
436 690 4354
795 1258 4355
1066 1160 4356
1258 1805 4357
123 1181 4358
616 2113 4359
161 1364 4360
1078 2134 4361
1001 1399 4362
475 925 4363
815 1964 4364
1328 2032 4365
12 1676 4366
285 1948 4367
1444 1664 4368
1903 2060 4369
1222 1486 4370
1392 2033 4371
419 1757 4372
579 1313 4373
926 2030 4374
1659 1929 4375
92 1182 4376
217 1792 4377
845 862 4378
1814 1871 4379
311 616 4380
1060 1129 4381
223 1173 4382
29 1243 4383
926 1544 4384
534 1494 4385
1020 1867 4386
1076 1668 4387
1103 1659 4388
1561 2024 4389
1988 2086 4390
741 2089 4391
1101 1779 4392
1719 1983 4393
349 789 4394
1173 1722 4395
1689 1759 4396
286 311 4397
1007 1805 4398
498 1573 4399
174 1424 4400
464 714 4401
862 1460 4402
87 754 4403
474 795 4404
309 1989 4405
750 1795 4406
1780 2060 4407
112 1196 4408
481 845 4409
705 928 4410
1102 1581 4411
1258 1328 4412
59 2027 4413
897 1957 4414
1458 1664 4415
1316 1916 4416
88 1224 4417
311 677 4418
363 711 4419
676 2041 4420
969 1111 4421
270 947 4422
459 775 4423
136 2005 4424
382 969 4425
464 1328 4426
114 1626 4427
498 1871 4428
38 286 4429
799 882 4430
925 1175 4431
676 2022 4432
162 969 4433
185 789 4434
84 1784 4435
490 1816 4436
594 1175 4437
789 1507 4438
1544 1679 4439
1571 1896 4440
281 1350 4441
666 926 4442
928 1276 4443
88 854 4444
152 2113 4445
446 819 4446
759 2080 4447
1723 1881 4448
582 818 4449
123 2050 4450
929 1681 4451
854 1003 4452
1222 2000 4453
2030 2128 4454
834 1224 4455
498 2118 4456
1679 2128 4457
662 1533 4458
252 1839 4459
795 1007 4460
440 2005 4461
69 270 4462
281 1839 4463
153 1983 4464
280 468 4465
1940 2000 4466
714 795 4467
1099 1879 4468
1870 2027 4469
211 1983 4470
1295 1964 4471
116 2086 4472
535 1345 4473
594 925 4474
191 1719 4475
677 2113 4476
1546 1679 4477
163 651 4478
227 2079 4479
963 1948 4480
1167 2030 4481
1324 1923 4482
318 926 4483
683 1826 4484
243 527 4485
1440 1583 4486
187 1249 4487
210 1120 4488
464 2027 4489
47 2116 4490
92 136 4491
676 1020 4492
1118 1818 4493
493 1745 4494
484 1476 4495
1414 2108 4496
128 615 4497
1298 1458 4498
316 1871 4499
54 592 4500
465 1703 4501
1103 2032 4502
88 1854 4503
1051 1639 4504
2030 2048 4505
1603 2050 4506
1474 1957 4507
203 272 4508
639 714 4509
616 1366 4510
345 1494 4511
535 1703 4512
311 610 4513
677 920 4514
394 928 4515
535 2113 4516
1003 1784 4517
639 2049 4518
484 1948 4519
135 1581 4520
751 1822 4521
850 1366 4522
1501 1884 4523
1154 1193 4524
239 1530 4525
1313 1700 4526
203 1280 4527
622 1341 4528
104 1847 4529
1546 2041 4530
1458 2071 4531
1867 2003 4532
246 1668 4533
311 535 4534
1392 1703 4535
1103 1258 4536
679 994 4537
1103 1847 4538
1201 2032 4539
1676 2078 4540
863 2128 4541
1007 1328 4542
187 1007 4543
187 1258 4544
163 1471 4545
325 548 4546
270 1176 4547
926 1679 4548
482 1048 4549
1689 1918 4550
405 829 4551
104 1929 4552
897 1784 4553
1181 1603 4554
59 1103 4555
535 1271 4556
1253 1471 4557
161 1121 4558
405 884 4559
1007 1103 4560
43 921 4561
66 1777 4562
302 484 4563
88 1845 4564
163 893 4565
1242 1964 4566
1481 1739 4567
757 1392 4568
128 302 4569
819 1965 4570
1659 1819 4571
622 1028 4572
286 1392 4573
1258 1709 4574
1544 1983 4575
1181 1313 4576
318 1020 4577
1099 1927 4578
1676 1814 4579
188 1790 4580
1098 2140 4581
1351 1685 4582
1820 2092 4583
99 1095 4584
183 1069 4585
771 2049 4586
819 2002 4587
1626 1983 4588
1003 1957 4589
1732 2092 4590
57 975 4591
942 1137 4592
1345 2123 4593
270 699 4594
994 1067 4595
275 2092 4596
304 1639 4597
771 2027 4598
963 2038 4599
1486 1881 4600
649 1546 4601
1249 1805 4602
795 1201 4603
246 713 4604
1054 1160 4605
566 1181 4606
1929 2032 4607
211 452 4608
1703 2113 4609
117 564 4610
502 1226 4611
597 711 4612
1546 1867 4613
981 1414 4614
1344 1494 4615
708 1494 4616
1383 2092 4617
1474 1784 4618
1699 1739 4619
921 1043 4620
1616 2027 4621
394 711 4622
963 1871 4623
1873 2058 4624
481 1413 4625
612 929 4626
1119 2107 4627
257 1855 4628
111 2027 4629
751 819 4630
112 1392 4631
649 1867 4632
92 601 4633
211 2030 4634
1007 1870 4635
104 2027 4636
834 2002 4637
718 1019 4638
159 921 4639
649 1719 4640
1334 1870 4641
737 873 4642
95 103 4643
1182 1668 4644
765 1260 4645
929 1434 4646
628 821 4647
763 1837 4648
1513 1664 4649
948 2011 4650
474 1888 4651
280 650 4652
535 1392 4653
1888 2027 4654
76 2002 4655
1098 1595 4656
1196 1757 4657
199 1929 4658
600 714 4659
882 1476 4660
357 1925 4661
649 1576 4662
1820 2030 4663
595 929 4664
76 1965 4665
1102 1409 4666
527 947 4667
854 1224 4668
217 770 4669
246 1571 4670
191 1759 4671
1258 1870 4672
1354 1366 4673
1700 1904 4674
509 711 4675
139 1561 4676
74 316 4677
789 1213 4678
38 1366 4679
316 1494 4680
363 1177 4681
211 2092 4682
1196 1703 4683
697 2000 4684
1354 2113 4685
1557 1703 4686
597 1217 4687
1007 1709 4688
1494 2088 4689
309 892 4690
566 2050 4691
928 1177 4692
32 1546 4693
632 1147 4694
1345 1392 4695
847 947 4696
195 281 4697
985 1007 4698
666 1544 4699
1750 2050 4700
608 621 4701
112 152 4702
163 1253 4703
1121 1667 4704
440 1938 4705
1847 2027 4706
1881 2009 4707
1177 1276 4708
38 2113 4709
1321 1884 4710
1095 2085 4711
171 977 4712
2022 2041 4713
226 410 4714
676 1867 4715
770 1792 4716
834 1854 4717
316 1814 4718
1576 2003 4719
829 884 4720
467 2051 4721
639 1103 4722
713 1668 4723
535 884 4724
729 1384 4725
818 1676 4726
427 605 4727
705 1177 4728
1345 2113 4729
615 1476 4730
1125 2079 4731
494 1578 4732
873 1471 4733
921 1344 4734
1 1867 4735
1 2003 4736
1095 2113 4737
452 1477 4738
134 929 4739
76 1298 4740
801 1837 4741
801 893 4742
1184 1486 4743
850 2113 4744
664 921 4745
1583 1929 4746
212 2011 4747
183 950 4748
658 1703 4749
881 1507 4750
1020 1544 4751
1805 1989 4752
1 452 4753
892 1645 4754
1200 1763 4755
498 1814 4756
579 1181 4757
639 1659 4758
677 1703 4759
38 757 4760
1243 1313 4761
221 1705 4762
1714 1892 4763
639 2027 4764
711 928 4765
639 985 4766
771 1659 4767
1177 1622 4768
153 270 4769
1384 1631 4770
1461 2092 4771
1280 1856 4772
32 527 4773
279 1051 4774
464 2032 4775
963 1573 4776
834 1845 4777
1258 1659 4778
834 854 4779
152 2085 4780
1209 1826 4781
1814 2118 4782
67 467 4783
246 2005 4784
1052 1925 4785
199 1847 4786
134 1460 4787
569 751 4788
155 1583 4789
2048 2092 4790
32 1679 4791
1162 1262 4792
1576 1867 4793
649 681 4794
1201 1258 4795
651 1471 4796
893 1253 4797
1220 2003 4798
1173 1366 4799
676 1477 4800
699 1983 4801
1181 1700 4802
1071 1120 4803
112 850 4804
645 1384 4805
1073 1122 4806
213 1842 4807
264 842 4808
694 1821 4809
1280 2109 4810
1476 1708 4811
1007 1659 4812
903 1478 4813
76 751 4814
771 1103 4815
1023 1581 4816
498 1396 4817
714 1611 4818
1222 1644 4819
211 1020 4820
1411 1940 4821
114 1732 4822
751 2082 4823
105 726 4824
1626 2030 4825
155 474 4826
819 1298 4827
316 1948 4828
153 1867 4829
213 1121 4830
1243 1904 4831
1818 2100 4832
464 1870 4833
1007 1258 4834
99 677 4835
1700 2050 4836
87 318 4837
257 665 4838
325 1664 4839
714 1888 4840
873 893 4841
994 1561 4842
751 1784 4843
854 897 4844
1019 1669 4845
882 1751 4846
1249 1709 4847
270 1820 4848
1 676 4849
754 1020 4850
1290 2110 4851
1414 1967 4852
9 1529 4853
881 1437 4854
152 1757 4855
897 1845 4856
188 2000 4857
1676 1871 4858
925 2045 4859
446 2082 4860
112 1354 4861
639 1334 4862
122 2032 4863
211 270 4864
1366 1635 4865
634 1232 4866
452 1626 4867
464 795 4868
854 1854 4869
258 1581 4870
340 1321 4871
446 751 4872
977 1571 4873
1054 2118 4874
1095 1703 4875
104 1583 4876
1477 2030 4877
103 1053 4878
234 2085 4879
280 1344 4880
1222 1384 4881
58 779 4882
474 639 4883
947 1154 4884
1695 1983 4885
358 1677 4886
428 459 4887
191 1695 4888
628 1534 4889
931 2129 4890
1020 1576 4891
318 1544 4892
1066 2134 4893
498 1242 4894
527 681 4895
928 1274 4896
1344 1842 4897
2078 2118 4898
208 892 4899
349 1530 4900
921 1121 4901
1176 2030 4902
1486 1925 4903
325 1852 4904
650 2034 4905
677 1392 4906
1249 1328 4907
1590 1884 4908
947 1689 4909
1054 1066 4910
141 892 4911
474 1624 4912
597 1177 4913
211 1546 4914
676 699 4915
757 1635 4916
1383 2030 4917
247 608 4918
535 829 4919
628 997 4920
1668 2005 4921
176 1810 4922
92 1938 4923
963 1814 4924
1258 2027 4925
593 881 4926
751 1003 4927
662 1581 4928
234 1757 4929
57 1784 4930
1965 2082 4931
87 1336 4932
317 418 4933
1313 2050 4934
694 829 4935
1867 2041 4936
1626 1679 4937
153 452 4938
829 1554 4939
554 2071 4940
678 2011 4941
92 1668 4942
994 1153 4943
1065 1200 4944
694 884 4945
84 422 4946
1321 1740 4947
892 1738 4948
84 911 4949
1095 1345 4950
880 1237 4951
325 1448 4952
1664 1666 4953
38 677 4954
105 1316 4955
440 2088 4956
811 1581 4957
1709 1989 4958
448 1486 4959
1007 2027 4960
985 1624 4961
69 1679 4962
897 1965 4963
1583 1847 4964
1181 1243 4965
1624 1659 4966
155 600 4967
1845 1854 4968
1624 1929 4969
1354 1757 4970
353 502 4971
509 928 4972
311 1196 4973
705 1152 4974
1847 2032 4975
854 1784 4976
427 1668 4977
383 2094 4978
1069 1426 4979
111 1847 4980
988 1821 4981
452 699 4982
1108 1628 4983
1854 2002 4984
104 1659 4985
1224 1854 4986
1784 1957 4987
187 1989 4988
155 2115 4989
1704 2030 4990
183 1426 4991
270 1704 4992
1474 1845 4993
87 1394 4994
84 766 4995
1018 1929 4996
1201 1249 4997
1 2041 4998
535 1196 4999
1062 1964 5000
465 2032 5001
92 2005 5002
309 1099 5003
1298 2082 5004
313 2085 5005
1102 1296 5006
942 2071 5007
1196 2113 5008
270 2048 5009
134 1434 5010
161 782 5011
1253 1420 5012
1054 1860 5013
1591 1978 5014
1196 1366 5015
651 1253 5016
468 1344 5017
639 1583 5018
965 1821 5019
273 645 5020
1576 2041 5021
1704 2003 5022
218 597 5023
273 1706 5024
795 1249 5025
1224 2002 5026
1679 1732 5027
699 2030 5028
309 1433 5029
32 676 5030
1635 2003 5031
1222 2100 5032
1845 2002 5033
281 1411 5034
211 2041 5035
1784 1845 5036
763 1590 5037
1626 2041 5038
6 714 5039
1003 1965 5040
1 1576 5041
394 1177 5042
467 1507 5043
114 2048 5044
152 311 5045
422 911 5046
111 1611 5047
155 1888 5048
1428 1498 5049
1354 2085 5050
795 1989 5051
345 1274 5052
854 1474 5053
1052 1486 5054
152 1392 5055
995 2107 5056
666 1020 5057
632 1862 5058
1583 1624 5059
1704 2092 5060
210 1071 5061
1146 1964 5062
2118 2137 5063
754 947 5064
1888 2115 5065
1118 1125 5066
1474 1965 5067
1635 2113 5068
658 1366 5069
969 2045 5070
1019 1053 5071
873 1590 5072
317 476 5073
192 1274 5074
772 842 5075
962 1676 5076
1635 1757 5077
1152 1276 5078
1476 2100 5079
714 2064 5080
1018 2027 5081
122 1583 5082
431 473 5083
275 1679 5084
699 1679 5085
782 1842 5086
850 1757 5087
464 1989 5088
325 1632 5089
273 2130 5090
790 1784 5091
1201 1328 5092
220 1816 5093
547 2071 5094
435 1296 5095
1750 1904 5096
818 2118 5097
535 1645 5098
1224 1845 5099
356 1764 5100
363 1152 5101
122 1659 5102
1122 2101 5103
1611 1805 5104
1181 2050 5105
311 1095 5106
1328 1989 5107
1196 1345 5108
273 1944 5109
220 1391 5110
502 1000 5111
1477 2041 5112
877 2002 5113
325 1031 5114
594 2045 5115
651 873 5116
699 1020 5117
1616 1659 5118
795 2032 5119
69 1867 5120
1384 1706 5121
850 2085 5122
1486 1868 5123
1103 1624 5124
1486 1534 5125
1516 1925 5126
676 1576 5127
1113 1964 5128
782 1157 5129
1679 2048 5130
32 1867 5131
766 911 5132
152 535 5133
1849 2092 5134
554 2134 5135
1507 2071 5136
1626 1867 5137
1152 1622 5138
345 2078 5139
428 1581 5140
1624 2027 5141
1066 2118 5142
178 1578 5143
1496 2027 5144
1571 2011 5145
104 2032 5146
111 2032 5147
318 2022 5148
709 1705 5149
714 2115 5150
376 1434 5151
884 1554 5152
987 1888 5153
1576 1759 5154
962 2039 5155
963 1886 5156
1258 1624 5157
1494 1862 5158
84 842 5159
699 2041 5160
1679 1820 5161
211 1704 5162
389 1938 5163
873 1420 5164
1624 1847 5165
203 1319 5166
394 1152 5167
428 1560 5168
997 1486 5169
137 1426 5170
699 2022 5171
873 1165 5172
884 1576 5173
1350 1676 5174
983 2118 5175
694 1554 5176
1576 1626 5177
1983 2048 5178
751 2055 5179
1546 1732 5180
963 2078 5181
122 1847 5182
267 2071 5183
509 1177 5184
535 850 5185
1845 1957 5186
1578 1755 5187
1175 2045 5188
854 2002 5189
152 1345 5190
1152 1274 5191
1050 1790 5192
452 1197 5193
547 1669 5194
1664 2071 5195
714 1624 5196
1571 1848 5197
155 2032 5198
1868 1925 5199
1319 1856 5200
1870 2032 5201
316 1200 5202
880 1837 5203
667 1583 5204
713 2005 5205
714 1258 5206
853 1871 5207
1099 2042 5208
1205 1660 5209
1624 2032 5210
1196 1392 5211
111 1870 5212
270 932 5213
357 1391 5214
650 1344 5215
1616 1709 5216
509 1152 5217
1065 1242 5218
1624 1888 5219
87 1154 5220
464 1258 5221
1350 2118 5222
639 2032 5223
911 1144 5224
642 892 5225
482 1050 5226
419 1635 5227
309 1428 5228
420 962 5229
718 1669 5230
847 1705 5231
268 857 5232
666 2128 5233
228 1573 5234
639 1258 5235
878 1099 5236
1704 2041 5237
1957 1965 5238
737 1590 5239
1616 2032 5240
493 1434 5241
452 2048 5242
782 2058 5243
336 1870 5244
1185 1391 5245
739 1888 5246
246 1938 5247
714 1007 5248
1054 2134 5249
1083 1434 5250
1167 1679 5251
175 1154 5252
471 947 5253
854 1965 5254
1476 2078 5255
459 1560 5256
535 616 5257
597 814 5258
711 1177 5259
1845 1965 5260
32 901 5261
916 2032 5262
452 1695 5263
893 1471 5264
884 1345 5265
1578 1623 5266
273 857 5267
928 2078 5268
1560 1755 5269
1979 2125 5270
639 1007 5271
243 1867 5272
814 1873 5273
842 911 5274
1317 1546 5275
852 1446 5276
639 1624 5277
861 1706 5278
1274 2132 5279
1103 1496 5280
1777 1819 5281
464 1007 5282
1 243 5283
854 1957 5284
1477 1867 5285
1 1477 5286
1391 1816 5287
1706 1790 5288
1965 2002 5289
111 1007 5290
884 1196 5291
234 1345 5292
754 1978 5293
529 2071 5294
1384 1644 5295
1704 1983 5296
548 1345 5297
84 1665 5298
220 1099 5299
1573 1871 5300
1477 2022 5301
73 1361 5302
751 854 5303
962 2078 5304
1052 1899 5305
1637 2071 5306
1679 1704 5307
714 1496 5308
268 1956 5309
714 1271 5310
4 1298 5311
309 878 5312
535 1315 5313
431 836 5314
1154 1678 5315
211 1679 5316
1611 2032 5317
69 1576 5318
950 1069 5319
1345 1354 5320
122 1888 5321
1678 1759 5322
1180 2032 5323
359 2032 5324
739 2032 5325
1237 1837 5326
1443 1796 5327
676 1704 5328
69 153 5329
878 1989 5330
963 1350 5331
1546 1704 5332
676 1732 5333
1583 2032 5334
834 1965 5335
213 921 5336
1321 1784 5337
449 842 5338
878 2042 5339
1068 1979 5340
854 1298 5341
1298 1988 5342
154 1566 5343
698 1963 5344
1069 1071 5345
1560 1581 5346
1938 2005 5347
1345 1635 5348
1706 2130 5349
69 1546 5350
1184 1899 5351
1271 1645 5352
711 2078 5353
243 2041 5354
714 987 5355
718 1053 5356
676 901 5357
309 698 5358
1477 1576 5359
1871 2053 5360
1048 1050 5361
1616 1870 5362
1313 1904 5363
694 1196 5364
721 1616 5365
962 1054 5366
751 1845 5367
739 987 5368
853 1814 5369
234 1095 5370
474 1271 5371
122 739 5372
38 850 5373
1052 1184 5374
1020 1704 5375
1053 1669 5376
600 2032 5377
1177 2116 5378
1496 2115 5379
1732 2022 5380
383 1350 5381
862 1513 5382
452 1732 5383
699 1626 5384
535 694 5385
1578 1681 5386
2051 2071 5387
963 1274 5388
658 1196 5389
699 1867 5390
1496 1888 5391
1546 2048 5392
1574 2078 5393
928 1152 5394
676 2048 5395
246 869 5396
188 1050 5397
452 1704 5398
843 1345 5399
903 995 5400
1019 1181 5401
1435 1550 5402
966 1660 5403
615 1350 5404
1695 2022 5405
465 1196 5406
1018 2032 5407
1328 1616 5408
579 1904 5409
1444 2071 5410
1820 1867 5411
911 1665 5412
1095 1392 5413
930 2090 5414
1704 2022 5415
452 901 5416
1152 2078 5417
2041 2048 5418
1253 1590 5419
676 1820 5420
1196 1362 5421
850 1345 5422
1420 1471 5423
1181 1904 5424
69 2022 5425
1141 1521 5426
122 987 5427
134 1540 5428
1990 2071 5429
2022 2048 5430
243 2022 5431
538 1851 5432
699 1576 5433
227 1644 5434
1481 1578 5435
690 1350 5436
408 1138 5437
739 1496 5438
1660 1678 5439
718 1181 5440
484 2100 5441
884 1826 5442
175 995 5443
787 1644 5444
1184 1925 5445
1867 2048 5446
163 1590 5447
1196 1271 5448
1626 1732 5449
862 1903 5450
1788 2017 5451
1888 2032 5452
1352 1903 5453
1496 1847 5454
105 1453 5455
211 1820 5456
698 925 5457
1496 1624 5458
1344 1804 5459
642 1989 5460
1280 1319 5461
1841 2032 5462
243 1477 5463
1334 1624 5464
69 1732 5465
892 1194 5466
122 1496 5467
857 2100 5468
153 1477 5469
1477 2092 5470
836 1384 5471
1477 1695 5472
1037 1840 5473
1271 2032 5474
988 1362 5475
122 1841 5476
1561 1777 5477
134 1571 5478
104 1624 5479
1049 1940 5480
1868 2017 5481
766 1144 5482
901 1626 5483
244 995 5484
766 1665 5485
1578 1699 5486
38 1392 5487
1613 1644 5488
452 1820 5489
739 1271 5490
1184 1868 5491
997 1886 5492
1049 1118 5493
122 1271 5494
1214 1590 5495
154 1361 5496
316 1350 5497
422 1665 5498
1069 1385 5499
1102 1758 5500
1626 2048 5501
534 1350 5502
69 699 5503
962 1350 5504
1392 1635 5505
1420 1590 5506
1944 2130 5507
511 1275 5508
1319 1453 5509
1167 2048 5510
1391 2080 5511
1477 2048 5512
1732 1867 5513
1071 1385 5514
1695 2041 5515
1038 1361 5516
859 1303 5517
1904 2050 5518
1471 1590 5519
751 1965 5520
770 1298 5521
931 1453 5522
1350 1476 5523
1576 2048 5524
1345 1826 5525
795 1616 5526
814 1831 5527
726 1280 5528
1576 1820 5529
1008 1289 5530
1576 1704 5531
1303 1988 5532
1388 1840 5533
1704 1867 5534
1007 2032 5535
1732 1820 5536
723 1049 5537
1275 1435 5538
754 1678 5539
1020 2048 5540
1181 1669 5541
751 897 5542
153 2048 5543
1232 1303 5544
1303 1482 5545
2032 2115 5546
1621 2090 5547
771 1624 5548
677 850 5549
1435 1876 5550
535 1362 5551
821 1184 5552
699 1477 5553
1362 1904 5554
1586 2063 5555
1450 2071 5556
1303 2035 5557
1184 1534 5558
844 1184 5559
1350 2038 5560
128 1350 5561
950 1385 5562
699 2048 5563
1289 1524 5564
711 1152 5565
994 1777 5566
1065 1573 5567
1115 1216 5568
1784 1965 5569
699 1167 5570
1732 2048 5571
116 1303 5572
1350 1892 5573
1350 1948 5574
658 1392 5575
1350 2039 5576
302 1350 5577
496 1350 5578
1152 1177 5579
1870 1881 5580
318 2048 5581
698 1989 5582
751 1474 5583
698 1805 5584
1477 1679 5585
1590 1674 5586
418 1350 5587
1015 1678 5588
116 1357 5589
1018 1624 5590
1540 1589 5591
437 1350 5592
847 960 5593
1428 1989 5594
893 1590 5595
1246 1586 5596
1710 1758 5597
995 1868 5598
842 1144 5599
1144 1665 5600
1271 1315 5601
1007 1616 5602
1216 1730 5603
1258 2032 5604
1465 1903 5605
1177 1350 5606
1770 1876 5607
1854 1965 5608
2005 2061 5609
1271 2027 5610
1379 1578 5611
1956 2130 5612
751 1957 5613
882 1350 5614
987 2032 5615
1184 2017 5616
317 1357 5617
1496 2032 5618
1576 1732 5619
666 2048 5620
698 795 5621
1704 2048 5622
1224 1965 5623
1138 1621 5624
1275 1357 5625
1393 1876 5626
699 1695 5627
997 1534 5628
1138 1811 5629
782 921 5630
1350 2116 5631
1704 1732 5632
651 1590 5633
1391 1815 5634
843 1194 5635
698 1709 5636
818 2090 5637
1065 1814 5638
688 1303 5639
963 1152 5640
1049 2100 5641
1053 1181 5642
1477 1704 5643
1820 2048 5644
1007 1881 5645
814 2042 5646
1777 1936 5647
694 1345 5648
965 1345 5649
994 1837 5650
1210 1777 5651
1414 1530 5652
698 1328 5653
699 901 5654
1271 1496 5655
966 1194 5656
1303 1357 5657
1350 1751 5658
1210 1936 5659
1280 1862 5660
1385 1426 5661
1357 1844 5662
1560 1765 5663
1274 1964 5664
1303 2086 5665
995 1184 5666
1152 1350 5667
1194 1864 5668
1361 1673 5669
1586 1673 5670
836 1513 5671
1289 1344 5672
1385 1571 5673
1453 1578 5674
699 1732 5675
1138 1357 5676
1049 1644 5677
1050 1839 5678
1258 1881 5679
1054 1350 5680
1777 2014 5681
160 1401 5682
1365 1401 5683
971 1637 5684
1350 1708 5685
1298 1303 5686
1357 2019 5687
921 1289 5688
1362 1576 5689
650 1289 5690
1288 1289 5691
754 1194 5692
1194 1826 5693
1114 1673 5694
1102 1673 5695
799 1350 5696
1350 2078 5697
1289 2045 5698
1673 1710 5699
971 1777 5700
1194 1936 5701
