1432 2052 1
1284 1397 2
1397 2114 3
1284 2114 4
1403 1630 5
1602 1972 6
924 1454 7
1309 1754 8
924 2007 9
1976 2117 10
300 952 11
1454 2007 12
1403 2117 13
1284 2117 14
1454 1942 15
1630 2117 16
1403 1972 17
1403 1602 18
1630 1972 19
1972 2117 20
518 1403 21
1659 1694 22
1602 2117 23
518 1630 24
1602 1630 25
342 1429 26
1284 1976 27
1403 1976 28
1397 2117 29
1630 1976 30
1972 1976 31
1942 2007 32
581 1404 33
686 1104 34
119 121 35
924 1942 36
1284 1403 37
1397 1976 38
356 952 39
300 356 40
140 480 41
2114 2117 42
1602 1976 43
113 1104 44
113 686 45
335 1968 46
335 365 47
140 335 48
1284 1972 49
1976 2114 50
1284 1630 51
1679 2092 52
144 1500 53
335 480 54
65 2049 55
1284 2015 56
952 1193 57
503 1040 58
2015 2114 59
714 2027 60
985 1694 61
1397 1403 62
144 1528 63
1241 1429 64
952 1772 65
1281 1958 66
1468 1744 67
300 1193 68
123 566 69
687 1768 70
1397 2015 71
1130 1429 72
547 1990 73
267 547 74
440 468 75
547 1637 76
1468 1823 77
86 1637 78
1403 2114 79
300 1772 80
566 906 81
1397 1630 82
351 581 83
952 1970 84
1694 2027 85
581 1267 86
1500 1528 87
86 547 88
300 1776 89
356 1776 90
952 1776 91
529 547 92
635 1468 93
1284 1602 94
827 1158 95
123 906 96
86 1990 97
144 1702 98
581 1987 99
480 1968 100
1744 1823 101
300 1970 102
140 1968 103
365 1968 104
566 1700 105
1281 1555 106
1555 1958 107
1630 2114 108
906 1700 109
1397 1972 110
855 1931 111
1429 2135 112
547 1450 113
1637 1990 114
86 267 115
140 365 116
503 1432 117
365 480 118
503 2052 119
503 590 120
952 1978 121
1267 1404 122
635 1744 123
1229 1386 124
123 1700 125
300 1978 126
391 1206 127
267 1637 128
529 1637 129
86 1450 130
1404 1987 131
581 1629 132
587 2135 133
1528 1702 134
2027 2032 135
342 1130 136
67 547 137
356 1772 138
351 1404 139
566 1603 140
86 1716 141
67 86 142
1972 2114 143
686 1432 144
1450 1990 145
518 1284 146
952 1806 147
714 2032 148
747 1281 149
267 1990 150
855 1097 151
341 1430 152
547 2051 153
1659 2027 154
831 855 155
581 673 156
300 1806 157
86 1444 158
144 827 159
86 529 160
113 1432 161
123 1603 162
518 1972 163
391 2049 164
566 1463 165
518 2117 166
1450 1637 167
747 1555 168
267 529 169
529 1990 170
518 1602 171
1334 2049 172
1500 1702 173
3 86 174
906 1750 175
1269 1949 176
1284 1430 177
1312 2052 178
635 1823 179
587 1241 180
1454 1514 181
123 1463 182
356 1970 183
3 1386 184
400 1281 185
270 2092 186
590 1040 187
245 1281 188
270 1679 189
144 1158 190
827 1500 191
3 1229 192
771 1206 193
952 1205 194
1312 1432 195
547 1716 196
686 1040 197
1206 1794 198
267 1450 199
86 1386 200
341 1972 201
840 1325 202
341 518 203
1130 2135 204
75 1429 205
687 953 206
1463 1700 207
3 1716 208
1716 2057 209
1772 1970 210
1193 1776 211
46 1040 212
300 1205 213
1404 1629 214
906 1463 215
906 1603 216
985 1659 217
1130 1241 218
1716 1990 219
518 1397 220
1325 1680 221
391 1794 222
1603 1700 223
67 1716 224
113 687 225
120 654 226
529 1450 227
1397 1430 228
1397 1602 229
10 1417 230
686 2052 231
747 1958 232
76 819 233
86 2051 234
440 1350 235
675 2052 236
1193 1772 237
1430 1972 238
1400 2043 239
245 1958 240
518 1976 241
342 1241 242
1158 1500 243
1776 1970 244
224 2117 245
518 2114 246
985 1103 247
1637 1716 248
3 547 249
356 1978 250
1776 1978 251
840 1680 252
1325 1654 253
100 2057 254
714 1694 255
1206 1819 256
547 1444 257
67 1637 258
116 365 259
421 934 260
1206 2049 261
1444 1990 262
1637 2051 263
10 1742 264
356 477 265
67 267 266
100 547 267
827 1528 268
1040 1432 269
1990 2051 270
547 1386 271
67 2051 272
953 1400 273
934 1800 274
1772 1776 275
341 1602 276
421 2054 277
951 1040 278
46 1432 279
46 2052 280
235 1607 281
589 953 282
0 1269 283
67 1990 284
468 1842 285
1104 1432 286
351 673 287
1241 2135 288
1970 1978 289
1417 1742 290
1444 1450 291
300 1678 292
1193 1970 293
1270 1654 294
3 67 295
191 300 296
673 1404 297
1158 1528 298
654 1269 299
67 1450 300
1430 1602 301
1444 1637 302
400 1958 303
1097 1729 304
1800 2054 305
1450 1716 306
1716 2051 307
86 100 308
65 1440 309
267 1444 310
224 1602 311
552 557 312
235 1468 313
113 1768 314
1386 1716 315
109 1403 316
191 952 317
190 2082 318
168 831 319
267 1716 320
547 1903 321
1040 2052 322
675 1432 323
860 1358 324
1602 2114 325
3 1990 326
518 1430 327
356 1806 328
245 747 329
1444 1716 330
865 1429 331
207 1312 332
267 2051 333
1281 2023 334
1193 1978 335
1386 1990 336
67 1444 337
1903 2057 338
2015 2117 339
86 2057 340
1756 1766 341
617 696 342
61 1241 343
224 1972 344
547 1887 345
109 1972 346
235 1744 347
61 75 348
855 2143 349
100 1716 350
109 1284 351
1450 2051 352
934 2054 353
952 1678 354
547 1162 355
780 855 356
224 1630 357
46 503 358
65 1334 359
579 2050 360
235 1754 361
1269 1937 362
1430 2114 363
113 1040 364
221 952 365
503 686 366
952 1945 367
75 342 368
687 1104 369
67 529 370
86 1229 371
224 1976 372
335 688 373
686 827 374
0 654 375
61 2135 376
477 952 377
771 1794 378
113 2052 379
566 1904 380
1281 2076 381
1716 1903 382
86 1903 383
67 100 384
67 1386 385
831 1724 386
100 1990 387
342 2135 388
365 634 389
86 1162 390
207 2052 391
468 623 392
674 1680 393
300 568 394
907 1972 395
1162 1716 396
1320 1741 397
2030 2092 398
117 300 399
529 2051 400
617 1547 401
860 2066 402
1400 1754 403
1757 2085 404
1162 2057 405
660 2068 406
1229 1716 407
61 1130 408
65 1206 409
840 1654 410
341 1284 411
300 477 412
1400 1468 413
117 356 414
221 300 415
1430 2117 416
75 1130 417
547 765 418
779 2057 419
568 952 420
673 1629 421
907 1602 422
1637 1887 423
1469 1557 424
959 1190 425
547 1229 426
1468 1866 427
109 1630 428
300 1945 429
935 1748 430
1990 2057 431
617 870 432
3 267 433
400 1555 434
1976 2015 435
335 634 436
3 1450 437
547 779 438
1400 1744 439
365 688 440
547 1507 441
300 692 442
707 1270 443
1744 1866 444
207 675 445
2051 2057 446
1700 1904 447
855 1729 448
100 1903 449
1386 2057 450
35 2075 451
696 870 452
288 1195 453
996 1778 454
1514 2007 455
65 391 456
1403 2015 457
1440 2049 458
1772 1806 459
117 952 460
1958 2023 461
86 779 462
341 2117 463
692 952 464
67 2057 465
913 1654 466
1945 1970 467
123 1904 468
529 1444 469
117 1172 470
249 810 471
113 827 472
646 937 473
714 1659 474
674 840 475
116 335 476
1162 1637 477
100 267 478
686 1500 479
1104 1768 480
3 2057 481
547 1785 482
686 1158 483
935 1382 484
1235 1263 485
109 1602 486
913 1680 487
1463 1904 488
840 976 489
3 1637 490
398 1390 491
906 1904 492
1104 2052 493
221 1772 494
235 635 495
3 1444 496
100 1450 497
840 913 498
1444 2051 499
235 1309 500
502 1806 501
952 1923 502
529 1716 503
1358 2066 504
635 1400 505
654 1970 506
568 1806 507
924 1514 508
820 1606 509
870 1547 510
816 2139 511
1386 1637 512
871 1756 513
634 688 514
100 1637 515
1386 1450 516
1450 2057 517
235 1823 518
779 1716 519
1400 1823 520
503 951 521
168 855 522
1103 1694 523
1454 1505 524
1162 1990 525
3 2051 526
1193 1923 527
113 207 528
145 365 529
1193 1806 530
391 1334 531
3 1903 532
341 1630 533
168 1724 534
686 1528 535
1229 1990 536
207 1432 537
1468 1607 538
685 1188 539
1017 1305 540
865 2135 541
86 1785 542
267 1386 543
100 2051 544
145 335 545
200 2131 546
440 623 547
86 765 548
480 634 549
1694 2049 550
67 779 551
663 1135 552
140 634 553
356 1945 554
1190 2043 555
865 1130 556
391 1819 557
341 1397 558
1444 2057 559
61 342 560
391 1694 561
1097 1718 562
300 1923 563
985 2027 564
86 1887 565
144 686 566
9 468 567
108 365 568
108 335 569
576 816 570
20 855 571
654 1937 572
985 1206 573
1958 2076 574
267 1887 575
310 392 576
391 1103 577
440 1842 578
417 1400 579
924 1505 580
1403 1430 581
871 1766 582
1309 1400 583
1716 1785 584
1386 2051 585
1637 2057 586
100 529 587
952 1172 588
1386 1444 589
117 221 590
1510 1880 591
1637 1903 592
341 1976 593
1162 1903 594
1887 2057 595
67 1903 596
341 1403 597
1823 1866 598
1903 1990 599
1806 1970 600
67 1162 601
922 1270 602
1450 1903 603
1785 1990 604
1785 2057 605
341 2114 606
779 1229 607
1269 1469 608
254 1305 609
1206 1334 610
1468 1754 611
1630 2015 612
1654 1680 613
191 1970 614
590 686 615
771 1103 616
502 1205 617
1887 1990 618
1430 1630 619
67 1229 620
996 1090 621
1514 1942 622
779 1386 623
356 1172 624
15 1756 625
1754 1866 626
1040 1104 627
1555 2023 628
688 1968 629
654 2004 630
65 1794 631
827 1702 632
7 924 633
707 1654 634
587 865 635
779 1903 636
1162 1450 637
765 2057 638
1773 1809 639
984 1662 640
1064 1723 641
1368 1906 642
0 1469 643
20 1097 644
261 1906 645
1430 1976 646
356 1678 647
1334 1694 648
1444 1903 649
254 1017 650
300 1172 651
4 480 652
46 951 653
267 1162 654
46 590 655
100 1444 656
15 1766 657
356 568 658
4 687 659
1513 1637 660
3 100 661
86 1513 662
335 859 663
1229 2057 664
780 1097 665
783 827 666
1776 1806 667
191 356 668
502 1923 669
1716 1887 670
61 1429 671
779 1637 672
356 1205 673
780 2143 674
75 587 675
221 1193 676
590 2052 677
634 859 678
417 953 679
634 1117 680
1417 1950 681
491 1703 682
1662 1808 683
566 1750 684
856 1397 685
1103 2049 686
123 1750 687
300 502 688
984 1808 689
144 532 690
1386 1903 691
356 1923 692
529 2057 693
985 1334 694
109 2117 695
856 1602 696
463 774 697
831 1931 698
113 1158 699
1454 1584 700
1513 2057 701
590 1432 702
686 1768 703
390 1442 704
67 1785 705
1903 2051 706
200 366 707
570 1528 708
76 2082 709
529 1386 710
477 1970 711
46 686 712
123 490 713
518 2015 714
783 1158 715
1033 1756 716
1090 1778 717
1742 1950 718
502 952 719
579 1313 720
3 529 721
100 1887 722
267 2057 723
590 951 724
779 1990 725
1603 1904 726
30 75 727
1033 1766 728
1309 1468 729
64 1505 730
261 1368 731
687 1400 732
871 1033 733
634 1968 734
1162 2051 735
3 779 736
108 480 737
674 1654 738
765 1716 739
30 1241 740
771 985 741
623 2058 742
568 1772 743
67 765 744
117 477 745
635 2059 746
100 1162 747
1193 1945 748
686 1702 749
1172 1776 750
765 1903 751
943 1281 752
688 859 753
1158 1702 754
587 1130 755
686 1312 756
1064 2026 757
490 566 758
477 1945 759
113 590 760
1744 2059 761
108 140 762
468 2058 763
80 1442 764
100 779 765
570 1500 766
1607 1744 767
1887 2051 768
4 140 769
856 2114 770
480 688 771
1505 2007 772
491 2030 773
207 798 774
3 1162 775
144 783 776
267 1229 777
1679 2030 778
140 688 779
635 1866 780
1468 2059 781
144 1856 782
1637 1785 783
109 1976 784
566 579 785
865 1241 786
765 1990 787
1229 1450 788
80 390 789
1694 2032 790
1263 1455 791
1794 1819 792
532 1467 793
4 145 794
270 2030 795
674 1325 796
943 1958 797
1229 1637 798
145 634 799
169 1227 800
860 1999 801
1445 2052 802
566 2050 803
356 692 804
1229 1785 805
953 1754 806
67 1887 807
779 2051 808
477 1978 809
779 1450 810
1678 1970 811
1313 2050 812
568 1923 813
976 1680 814
4 634 815
502 847 816
1450 1887 817
342 865 818
335 1117 819
1103 1624 820
838 1605 821
1172 1772 822
1193 1205 823
159 664 824
704 1834 825
10 1950 826
100 1785 827
366 2131 828
765 1637 829
267 1785 830
221 568 831
673 1267 832
267 779 833
1162 1444 834
100 1386 835
335 1988 836
529 1903 837
1270 1680 838
831 1097 839
951 1432 840
123 579 841
529 1887 842
417 959 843
747 2023 844
1328 1709 845
1923 1970 846
673 1987 847
1205 1772 848
351 1267 849
1584 2007 850
400 747 851
1016 1188 852
1432 1445 853
223 1469 854
686 951 855
1440 1794 856
840 1270 857
207 1445 858
856 1972 859
1469 1949 860
1785 1903 861
1309 1866 862
100 765 863
124 1140 864
765 1450 865
635 1754 866
1785 2051 867
365 859 868
771 1819 869
570 1040 870
191 1772 871
855 1752 872
1010 1799 873
1937 1949 874
15 871 875
120 191 876
942 1637 877
547 942 878
65 1103 879
1450 1785 880
108 1968 881
654 1949 882
1709 1805 883
267 765 884
943 1555 885
1349 1617 886
1887 1903 887
576 2139 888
579 1700 889
365 1988 890
959 2043 891
121 1436 892
503 1104 893
1700 2050 894
145 1968 895
365 1117 896
783 1528 897
1555 2076 898
468 589 899
688 1117 900
2027 2049 901
249 1430 902
692 1772 903
65 771 904
147 802 905
502 2030 906
1277 1834 907
365 1482 908
606 774 909
922 1680 910
1103 1794 911
1535 1723 912
417 552 913
906 2050 914
747 2076 915
1345 1757 916
958 1729 917
532 1528 918
827 1856 919
123 2050 920
985 2049 921
1729 2143 922
1754 2043 923
140 859 924
976 1325 925
214 675 926
3 1785 927
783 1500 928
900 1985 929
1235 1455 930
75 2135 931
235 1866 932
490 1700 933
1999 2066 934
391 1440 935
1267 1629 936
1500 1856 937
502 1772 938
529 942 939
685 1016 940
1513 1903 941
959 1754 942
1206 1440 943
1700 1750 944
117 1806 945
529 1229 946
4 859 947
4 688 948
337 935 949
660 2091 950
674 913 951
704 1387 952
859 1117 953
1607 1823 954
757 2033 955
3 765 956
76 190 957
190 687 958
375 1863 959
1386 1785 960
374 1376 961
1513 1716 962
113 783 963
765 2051 964
1063 2062 965
113 1500 966
235 1400 967
76 854 968
100 1229 969
191 1978 970
779 1162 971
951 2052 972
127 970 973
351 1987 974
1358 1999 975
891 1834 976
623 1842 977
1823 2059 978
417 557 979
1513 1990 980
1387 1834 981
1659 2032 982
847 2092 983
177 1469 984
704 1277 985
955 2127 986
255 855 987
913 976 988
207 214 989
7 2007 990
1103 2027 991
1776 1945 992
249 518 993
67 1507 994
194 1333 995
529 1162 996
191 1776 997
779 1887 998
1629 1987 999
819 854 1000
922 1325 1001
529 779 1002
1309 1744 1003
165 613 1004
568 1172 1005
1205 1776 1006
1229 1903 1007
2023 2076 1008
480 859 1009
1190 1754 1010
267 1513 1011
116 1968 1012
855 1724 1013
59 1440 1014
117 1772 1015
288 1941 1016
1277 1387 1017
351 1629 1018
1678 1978 1019
1528 1856 1020
1006 1880 1021
1193 1678 1022
1244 1525 1023
1715 1874 1024
191 1193 1025
1013 1905 1026
840 922 1027
1744 1754 1028
1010 1941 1029
51 1075 1030
1195 1941 1031
61 587 1032
259 1333 1033
1430 2015 1034
1776 1923 1035
674 1270 1036
1444 1887 1037
906 1313 1038
120 1269 1039
1205 1970 1040
1162 1785 1041
7 1454 1042
117 1776 1043
922 1654 1044
190 1768 1045
1270 1325 1046
579 906 1047
838 1145 1048
249 341 1049
1507 2051 1050
113 503 1051
644 1688 1052
123 1243 1053
194 259 1054
224 856 1055
856 1403 1056
325 547 1057
529 765 1058
663 1326 1059
1229 2051 1060
566 1243 1061
1469 1937 1062
117 568 1063
384 660 1064
3 1887 1065
704 891 1066
1243 1603 1067
2068 2091 1068
692 1923 1069
765 1444 1070
1607 1866 1071
113 144 1072
140 1117 1073
783 1856 1074
856 1630 1075
644 1846 1076
779 1785 1077
1345 2085 1078
1449 2026 1079
328 1919 1080
675 1445 1081
490 906 1082
1513 2051 1083
1158 1856 1084
1443 1796 1085
245 2023 1086
532 1702 1087
1386 1887 1088
86 1507 1089
55 1552 1090
692 1776 1091
1135 1326 1092
1309 2043 1093
1834 1872 1094
765 1162 1095
771 1440 1096
1162 1887 1097
1806 1978 1098
1104 1312 1099
1659 2049 1100
1794 2049 1101
75 865 1102
384 1134 1103
1444 1785 1104
707 1680 1105
859 1968 1106
4 1988 1107
39 1914 1108
838 1633 1109
1312 1445 1110
1785 1887 1111
1972 2015 1112
305 580 1113
113 1528 1114
267 1507 1115
100 1513 1116
341 687 1117
888 1318 1118
121 1933 1119
518 810 1120
1162 1386 1121
765 1229 1122
7 1942 1123
1937 2123 1124
255 2143 1125
1162 1513 1126
417 2043 1127
1754 1823 1128
441 1212 1129
1143 1658 1130
163 557 1131
480 1117 1132
361 749 1133
490 1603 1134
121 1169 1135
566 1313 1136
1064 2009 1137
1507 1990 1138
245 400 1139
959 1400 1140
1205 1978 1141
4 1117 1142
67 1513 1143
891 1387 1144
1678 1772 1145
240 1061 1146
529 1785 1147
35 115 1148
113 1856 1149
707 1325 1150
891 1277 1151
729 1631 1152
47 581 1153
250 1331 1154
670 1798 1155
65 1694 1156
976 1654 1157
440 2058 1158
391 1659 1159
1145 1633 1160
986 1063 1161
1002 1541 1162
855 958 1163
702 1773 1164
108 634 1165
707 840 1166
75 395 1167
1828 1863 1168
0 120 1169
655 2007 1170
505 888 1171
1723 2009 1172
116 634 1173
538 1851 1174
704 1872 1175
1429 2077 1176
692 1678 1177
1949 2123 1178
116 1482 1179
582 2069 1180
986 2062 1181
1097 1931 1182
628 1486 1183
115 2075 1184
4 365 1185
490 1463 1186
1507 1637 1187
454 1021 1188
384 2068 1189
675 686 1190
1309 1823 1191
1006 1510 1192
1064 1535 1193
1366 1757 1194
407 581 1195
221 1806 1196
1162 1229 1197
1387 1872 1198
1444 1507 1199
1535 2026 1200
1063 1727 1201
590 1104 1202
1172 1806 1203
113 1312 1204
123 1313 1205
395 1563 1206
1490 2026 1207
97 1953 1208
906 1243 1209
1450 1513 1210
417 856 1211
1463 1750 1212
635 1309 1213
108 145 1214
216 1835 1215
572 1320 1216
1277 1872 1217
75 1563 1218
399 1857 1219
64 1454 1220
891 1872 1221
1334 1847 1222
121 734 1223
356 502 1224
888 1512 1225
1945 1978 1226
1450 1507 1227
140 1988 1228
1968 1988 1229
119 735 1230
480 1988 1231
248 1080 1232
191 692 1233
707 922 1234
1103 1659 1235
771 2049 1236
820 2065 1237
906 1193 1238
207 1104 1239
1607 1754 1240
450 1974 1241
1064 1488 1242
385 777 1243
761 839 1244
1181 1750 1245
20 2143 1246
536 1227 1247
1772 1945 1248
941 1562 1249
765 1785 1250
568 1776 1251
4 335 1252
1440 1694 1253
407 673 1254
598 1457 1255
1064 1449 1256
119 1427 1257
687 1744 1258
481 1413 1259
30 1429 1260
659 1905 1261
479 1698 1262
295 602 1263
687 1430 1264
942 1990 1265
4 1768 1266
0 177 1267
1620 1958 1268
270 847 1269
145 688 1270
906 1181 1271
120 1937 1272
1313 1750 1273
325 1978 1274
407 1404 1275
859 1988 1276
1206 1694 1277
169 536 1278
692 1970 1279
226 1561 1280
1334 1794 1281
1021 1932 1282
1624 1694 1283
570 686 1284
4 2035 1285
1281 1620 1286
1718 1729 1287
562 1017 1288
568 1678 1289
1891 2025 1290
20 831 1291
707 976 1292
563 1972 1293
1204 1656 1294
1248 1418 1295
116 145 1296
121 1427 1297
254 562 1298
543 1930 1299
635 687 1300
654 1469 1301
1172 1193 1302
953 1309 1303
959 1309 1304
110 1097 1305
552 856 1306
1602 2015 1307
64 1514 1308
687 1500 1309
1229 1887 1310
688 1988 1311
639 2049 1312
687 1528 1313
245 2076 1314
765 779 1315
463 1410 1316
1190 1309 1317
64 924 1318
166 505 1319
203 1078 1320
477 1806 1321
1457 2102 1322
219 1460 1323
1158 1432 1324
557 1273 1325
151 1187 1326
798 2052 1327
144 687 1328
687 827 1329
337 1748 1330
335 807 1331
455 885 1332
887 1381 1333
46 1104 1334
90 1827 1335
1087 1415 1336
108 688 1337
121 1601 1338
527 2092 1339
795 1328 1340
702 1809 1341
1603 1750 1342
1768 1988 1343
831 2143 1344
1007 1258 1345
325 1776 1346
388 1135 1347
203 552 1348
1469 2004 1349
130 1882 1350
687 1823 1351
342 2077 1352
687 1468 1353
924 1539 1354
221 692 1355
1332 1459 1356
1488 2026 1357
1678 1806 1358
216 1155 1359
631 1199 1360
1351 1685 1361
403 941 1362
1313 1700 1363
221 1678 1364
768 1406 1365
657 1834 1366
937 1977 1367
1799 1941 1368
119 1169 1369
686 1445 1370
910 1190 1371
214 798 1372
1513 1887 1373
50 1711 1374
391 985 1375
1440 1819 1376
1513 1785 1377
635 953 1378
1723 2026 1379
1830 1909 1380
771 1624 1381
49 802 1382
1752 1931 1383
311 2085 1384
166 1318 1385
1309 1607 1386
1328 1805 1387
1540 1589 1388
240 797 1389
675 1312 1390
562 1305 1391
1535 2009 1392
765 1386 1393
1117 1968 1394
1145 1605 1395
120 2004 1396
502 1776 1397
182 1807 1398
660 1134 1399
491 1896 1400
1279 1415 1401
1360 1982 1402
841 1952 1403
1702 1856 1404
490 1750 1405
557 856 1406
686 783 1407
1454 1539 1408
654 2123 1409
1097 1724 1410
65 1819 1411
724 1711 1412
1205 1945 1413
529 1513 1414
1168 1741 1415
431 1458 1416
579 1463 1417
1594 1903 1418
121 735 1419
780 831 1420
117 1978 1421
191 1678 1422
393 1515 1423
572 1168 1424
151 1211 1425
978 1829 1426
1074 1741 1427
335 1482 1428
160 1401 1429
623 1530 1430
114 926 1431
532 1768 1432
356 527 1433
639 1334 1434
765 1887 1435
657 704 1436
1507 1716 1437
267 942 1438
1243 1700 1439
924 1398 1440
568 1970 1441
634 1988 1442
230 1005 1443
119 1933 1444
203 2109 1445
47 1404 1446
375 1828 1447
810 1430 1448
985 1440 1449
454 1932 1450
114 2092 1451
190 224 1452
783 1104 1453
1134 2068 1454
86 942 1455
639 1103 1456
1172 1923 1457
1559 1728 1458
319 1768 1459
1108 1628 1460
1605 1633 1461
1444 1458 1462
820 1640 1463
913 1270 1464
1103 1440 1465
491 963 1466
687 1158 1467
1768 1896 1468
119 1327 1469
121 1327 1470
942 1450 1471
1398 1454 1472
477 568 1473
568 1193 1474
827 1104 1475
856 2117 1476
1104 1500 1477
110 855 1478
657 891 1479
1084 2025 1480
557 2109 1481
1304 2099 1482
52 2069 1483
119 734 1484
687 854 1485
474 985 1486
502 1193 1487
49 147 1488
910 1754 1489
3 1513 1490
1334 1659 1491
1606 2065 1492
266 1269 1493
190 819 1494
1724 1729 1495
797 1061 1496
958 1752 1497
238 506 1498
1365 1401 1499
65 714 1500
400 943 1501
463 606 1502
753 1803 1503
191 568 1504
856 1976 1505
163 552 1506
1842 2058 1507
953 2043 1508
0 2004 1509
953 1468 1510
221 1923 1511
242 1898 1512
113 1702 1513
502 692 1514
203 1400 1515
847 2030 1516
341 810 1517
714 985 1518
986 1727 1519
440 1530 1520
687 1754 1521
1005 1225 1522
4 116 1523
117 1205 1524
121 236 1525
452 676 1526
311 1392 1527
1087 1279 1528
1334 2027 1529
2 1029 1530
1507 1903 1531
98 256 1532
119 1436 1533
1937 2004 1534
639 1694 1535
191 502 1536
953 1744 1537
985 1624 1538
39 1875 1539
831 1752 1540
70 121 1541
403 1562 1542
1727 2062 1543
116 688 1544
203 557 1545
695 1646 1546
579 1603 1547
907 2117 1548
464 1201 1549
687 1702 1550
388 663 1551
1768 1856 1552
50 724 1553
1754 2059 1554
249 360 1555
1251 1519 1556
1463 2050 1557
145 859 1558
692 1978 1559
145 1482 1560
1709 1870 1561
985 1870 1562
1806 1945 1563
728 1900 1564
144 1467 1565
657 1277 1566
1519 1734 1567
474 714 1568
117 502 1569
91 558 1570
322 1378 1571
1104 1856 1572
1949 2004 1573
89 1875 1574
581 1838 1575
1931 2143 1576
119 1601 1577
1386 2060 1578
1548 1646 1579
1505 1514 1580
552 743 1581
830 1977 1582
1219 2065 1583
1449 1535 1584
657 1872 1585
800 1332 1586
634 1482 1587
1538 2143 1588
20 168 1589
724 2075 1590
360 1430 1591
35 724 1592
527 1978 1593
529 1507 1594
798 1432 1595
527 1776 1596
688 2035 1597
1624 1847 1598
1773 1874 1599
255 831 1600
662 1348 1601
783 1702 1602
1449 1723 1603
224 557 1604
707 913 1605
120 2123 1606
116 480 1607
470 924 1608
337 1382 1609
953 1823 1610
1584 1942 1611
474 1694 1612
502 1945 1613
943 1620 1614
98 306 1615
1229 1513 1616
797 1198 1617
452 1867 1618
113 1445 1619
342 1733 1620
1983 2030 1621
86 1458 1622
552 1273 1623
1258 1694 1624
1404 1838 1625
2009 2026 1626
65 985 1627
941 1556 1628
46 570 1629
65 1659 1630
166 888 1631
985 1819 1632
1449 2009 1633
179 1257 1634
47 351 1635
226 1067 1636
1389 1801 1637
4 1968 1638
240 1198 1639
425 1564 1640
1447 1460 1641
953 1607 1642
4 108 1643
108 1988 1644
481 1460 1645
1190 1400 1646
46 113 1647
1505 1731 1648
346 924 1649
907 1430 1650
255 958 1651
440 1667 1652
502 568 1653
235 2059 1654
569 2043 1655
119 236 1656
233 1034 1657
1229 2060 1658
535 2030 1659
561 1389 1660
519 654 1661
874 1687 1662
1366 2085 1663
1488 1535 1664
1556 1562 1665
1413 1460 1666
855 1718 1667
144 1104 1668
657 1387 1669
1458 1990 1670
779 1513 1671
1328 1694 1672
1117 1988 1673
555 1689 1674
687 783 1675
249 497 1676
527 847 1677
1061 1198 1678
547 1458 1679
623 2087 1680
417 763 1681
795 1694 1682
1104 1445 1683
60 225 1684
270 1983 1685
491 1879 1686
784 1454 1687
1104 1528 1688
356 847 1689
838 1234 1690
1679 1867 1691
159 1529 1692
477 692 1693
172 493 1694
43 623 1695
86 431 1696
341 2015 1697
1201 1694 1698
187 1328 1699
145 480 1700
474 1103 1701
1809 1874 1702
191 1945 1703
1694 1709 1704
579 1750 1705
800 1459 1706
1389 1519 1707
7 470 1708
86 325 1709
1191 1329 1710
1245 2126 1711
209 816 1712
976 1270 1713
1309 2059 1714
348 531 1715
1366 1392 1716
1603 2050 1717
1983 2092 1718
120 1949 1719
121 1913 1720
675 798 1721
1449 1488 1722
219 1212 1723
491 1387 1724
1103 1870 1725
1597 2046 1726
4 1482 1727
91 430 1728
1490 1535 1729
646 830 1730
570 1768 1731
646 1977 1732
64 2007 1733
867 1279 1734
203 1076 1735
1205 1806 1736
1277 1896 1737
491 1834 1738
654 2084 1739
1104 1158 1740
1257 1291 1741
714 1103 1742
90 386 1743
819 2082 1744
133 1202 1745
262 826 1746
1539 2007 1747
145 1117 1748
714 1794 1749
1694 1805 1750
70 119 1751
783 1768 1752
1819 2049 1753
400 1620 1754
1098 2140 1755
1624 2027 1756
567 874 1757
1469 2123 1758
59 1103 1759
62 1348 1760
67 942 1761
1345 1392 1762
527 1679 1763
1074 1320 1764
1091 1473 1765
1679 1983 1766
51 736 1767
140 145 1768
1923 1945 1769
267 325 1770
325 1990 1771
101 388 1772
856 2109 1773
325 1458 1774
480 2035 1775
360 810 1776
695 1548 1777
1037 1840 1778
262 1697 1779
527 2030 1780
724 879 1781
249 790 1782
847 1205 1783
634 2035 1784
120 1469 1785
502 1970 1786
168 1097 1787
949 1207 1788
491 1927 1789
1206 1659 1790
848 913 1791
833 1077 1792
1440 1659 1793
1103 1847 1794
743 1768 1795
392 2006 1796
570 1104 1797
417 1754 1798
113 951 1799
1557 1949 1800
807 1968 1801
1205 1678 1802
3 2060 1803
1637 1654 1804
563 1491 1805
1205 1923 1806
1208 1663 1807
417 743 1808
98 2105 1809
746 1179 1810
203 417 1811
765 1513 1812
403 1556 1813
905 1661 1814
7 1514 1815
477 1678 1816
867 1087 1817
262 501 1818
910 959 1819
1750 1904 1820
431 1444 1821
386 1827 1822
1064 1490 1823
179 1291 1824
191 1923 1825
223 1557 1826
270 527 1827
1490 1723 1828
1757 2113 1829
365 2035 1830
1867 2092 1831
1398 2007 1832
712 2143 1833
1130 1733 1834
1458 1507 1835
63 627 1836
326 959 1837
322 813 1838
522 1480 1839
586 1185 1840
730 1564 1841
942 1716 1842
1716 2060 1843
490 579 1844
1388 1840 1845
214 2052 1846
346 1454 1847
360 497 1848
209 702 1849
958 1097 1850
1092 1412 1851
1392 1757 1852
527 1970 1853
1245 1670 1854
87 356 1855
1067 1561 1856
116 140 1857
67 325 1858
656 1636 1859
470 1942 1860
256 1480 1861
1500 1768 1862
1467 1500 1863
1584 1731 1864
1450 1458 1865
47 673 1866
1405 1947 1867
98 1480 1868
101 1135 1869
819 1845 1870
1077 1765 1871
1449 1490 1872
1460 1540 1873
440 973 1874
251 456 1875
510 1011 1876
145 2035 1877
1313 1463 1878
1387 1896 1879
1505 1942 1880
114 527 1881
942 1887 1882
224 1998 1883
798 1312 1884
780 1718 1885
675 1104 1886
225 1215 1887
34 924 1888
795 1258 1889
278 1895 1890
224 656 1891
219 1447 1892
1488 2009 1893
1734 1801 1894
168 1729 1895
431 2057 1896
826 1697 1897
338 1797 1898
1694 1847 1899
532 783 1900
1649 1828 1901
47 1267 1902
561 1801 1903
942 2051 1904
1694 1794 1905
795 1007 1906
1350 1676 1907
1688 1846 1908
1917 2073 1909
1642 1737 1910
663 689 1911
1212 1460 1912
687 1866 1913
491 1277 1914
518 790 1915
1251 1801 1916
1488 1723 1917
116 1117 1918
226 1153 1919
191 477 1920
1161 1308 1921
101 663 1922
1272 1439 1923
1678 1923 1924
1715 1773 1925
0 1557 1926
47 1987 1927
267 1458 1928
209 576 1929
306 2105 1930
190 854 1931
692 1193 1932
867 1415 1933
1386 1513 1934
1490 2009 1935
159 1043 1936
1098 1595 1937
187 1201 1938
790 1430 1939
1988 2035 1940
985 1805 1941
1251 1389 1942
9 552 1943
51 1300 1944
145 1988 1945
1389 1734 1946
163 763 1947
60 1215 1948
547 554 1949
1689 1923 1950
1488 1490 1951
497 810 1952
561 1519 1953
168 1931 1954
1334 2032 1955
347 553 1956
441 1460 1957
1020 1679 1958
579 1904 1959
470 2007 1960
116 859 1961
217 1792 1962
158 1520 1963
557 1602 1964
110 1718 1965
736 1075 1966
1085 1161 1967
1076 1078 1968
129 635 1969
206 1951 1970
462 619 1971
491 891 1972
147 558 1973
76 1845 1974
687 1309 1975
1201 1805 1976
654 1557 1977
190 1784 1978
1201 1709 1979
1313 1603 1980
9 557 1981
1380 1942 1982
1309 1703 1983
255 1729 1984
19 98 1985
20 1752 1986
1204 1825 1987
1403 2124 1988
187 1709 1989
491 1872 1990
1458 1716 1991
1638 1960 1992
1216 1730 1993
1805 1870 1994
464 1709 1995
1656 1825 1996
868 924 1997
168 780 1998
222 1736 1999
431 547 2000
464 1328 2001
431 1716 2002
391 2027 2003
64 1942 2004
76 1003 2005
464 795 2006
510 620 2007
118 262 2008
554 1458 2009
675 1721 2010
688 1482 2011
144 1768 2012
497 790 2013
474 2027 2014
497 1430 2015
391 823 2016
223 1949 2017
430 1484 2018
1694 1870 2019
1561 2024 2020
346 2007 2021
570 783 2022
191 847 2023
235 953 2024
1514 1584 2025
1392 2085 2026
219 481 2027
689 1135 2028
1834 1896 2029
583 946 2030
659 1013 2031
341 360 2032
691 1850 2033
1557 1937 2034
191 1205 2035
337 1371 2036
1243 1750 2037
1273 2043 2038
985 1201 2039
529 1458 2040
859 1768 2041
491 704 2042
460 1057 2043
499 1294 2044
1067 1153 2045
108 2018 2046
255 1752 2047
532 827 2048
1557 2004 2049
1904 2050 2050
854 1845 2051
1398 1942 2052
1482 1968 2053
502 1678 2054
868 1942 2055
1478 1615 2056
1507 1887 2057
3 1507 2058
108 1482 2059
1115 1216 2060
513 1640 2061
676 1867 2062
1020 2092 2063
1429 1733 2064
1570 1772 2065
358 1677 2066
1768 2035 2067
341 790 2068
1531 1976 2069
1270 1594 2070
102 372 2071
346 1942 2072
89 344 2073
1205 2030 2074
431 1990 2075
501 1697 2076
567 1687 2077
519 2004 2078
792 1643 2079
113 532 2080
325 1450 2081
640 2104 2082
30 1563 2083
191 527 2084
502 1978 2085
532 1158 2086
639 1624 2087
2057 2060 2088
1328 1870 2089
256 522 2090
491 933 2091
1594 2037 2092
1638 1950 2093
1168 1320 2094
28 203 2095
108 859 2096
67 1458 2097
790 810 2098
1440 2027 2099
20 1538 2100
34 1454 2101
505 1512 2102
325 1444 2103
1097 1752 2104
1624 1659 2105
805 1011 2106
1075 1300 2107
491 1571 2108
1318 1981 2109
634 807 2110
1007 1659 2111
285 418 2112
1458 1637 2113
1878 1961 2114
110 831 2115
263 959 2116
76 688 2117
743 959 2118
561 1251 2119
953 959 2120
1162 1507 2121
501 826 2122
172 1460 2123
797 1651 2124
1867 1983 2125
1460 1667 2126
541 2065 2127
18 623 2128
91 204 2129
145 1768 2130
113 570 2131
181 1470 2132
887 1480 2133
663 925 2134
110 1931 2135
1400 1866 2136
507 2065 2137
626 1922 2138
859 2035 2139
1528 1768 2140
114 1020 2141
140 2035 2142
166 1512 2143
1181 1313 2144
1576 1867 2145
187 795 2146
561 1734 2147
856 907 2148
20 780 2149
347 1836 2150
431 1450 2151
558 606 2152
98 577 2153
985 1929 2154
1460 1589 2155
552 2109 2156
396 796 2157
780 1538 2158
325 2051 2159
477 502 2160
204 953 2161
125 641 2162
131 1672 2163
609 915 2164
24 326 2165
666 863 2166
1075 1865 2167
1346 1723 2168
1879 1927 2169
910 2043 2170
1539 1942 2171
755 1725 2172
1104 1702 2173
431 1507 2174
1273 1400 2175
1290 2110 2176
623 851 2177
1153 2024 2178
335 2035 2179
847 1678 2180
51 1865 2181
589 1842 2182
1003 1474 2183
1158 1768 2184
115 724 2185
547 1676 2186
859 2082 2187
1715 1809 2188
1872 1896 2189
217 770 2190
1729 1931 2191
1117 2035 2192
452 1983 2193
452 2030 2194
388 925 2195
337 1921 2196
554 2051 2197
1458 2051 2198
942 1386 2199
409 1991 2200
715 717 2201
753 1247 2202
693 804 2203
312 1508 2204
940 1320 2205
925 1135 2206
578 1112 2207
1359 1926 2208
401 402 2209
570 827 2210
106 2143 2211
552 1076 2212
20 1729 2213
100 2060 2214
783 1467 2215
1822 2043 2216
781 1955 2217
106 255 2218
871 1608 2219
196 315 2220
714 771 2221
819 1003 2222
1153 1561 2223
877 959 2224
207 1721 2225
108 116 2226
692 1205 2227
662 833 2228
113 675 2229
360 790 2230
474 1870 2231
568 1205 2232
847 1806 2233
221 502 2234
704 1896 2235
1867 2030 2236
86 554 2237
897 1003 2238
554 2057 2239
1276 1622 2240
98 522 2241
943 2023 2242
1530 1842 2243
477 527 2244
1330 1947 2245
570 1158 2246
736 1300 2247
855 1538 2248
1345 1366 2249
388 1236 2250
118 826 2251
827 1768 2252
953 1190 2253
1181 1463 2254
47 1629 2255
942 1444 2256
1243 1904 2257
557 1078 2258
0 2008 2259
104 1847 2260
648 780 2261
221 1205 2262
688 2082 2263
779 2060 2264
1243 1768 2265
827 1467 2266
263 417 2267
452 2092 2268
532 1856 2269
953 1866 2270
1092 2072 2271
958 1931 2272
116 2035 2273
1750 2050 2274
159 2034 2275
34 2007 2276
344 378 2277
172 446 2278
325 554 2279
589 1543 2280
263 1190 2281
284 310 2282
831 958 2283
835 1520 2284
845 1460 2285
664 1529 2286
116 1988 2287
209 1773 2288
552 2069 2289
1313 1904 2290
1518 2093 2291
110 1729 2292
623 921 2293
1090 1472 2294
1456 1951 2295
1215 2037 2296
325 431 2297
505 1318 2298
1400 2059 2299
989 1364 2300
224 1636 2301
888 1981 2302
214 1445 2303
566 1181 2304
311 1366 2305
868 1454 2306
1104 1467 2307
1330 1405 2308
1398 1514 2309
1233 1817 2310
257 431 2311
627 1306 2312
705 1276 2313
704 1314 2314
325 529 2315
725 855 2316
121 1323 2317
623 1372 2318
845 1447 2319
2085 2113 2320
168 255 2321
88 687 2322
1027 1367 2323
1702 1768 2324
114 2022 2325
775 1023 2326
145 807 2327
417 1190 2328
474 1659 2329
1135 1236 2330
554 1637 2331
4 807 2332
8 2021 2333
784 1942 2334
831 1538 2335
158 835 2336
310 2073 2337
847 1923 2338
187 464 2339
187 1805 2340
205 1707 2341
1027 2069 2342
625 945 2343
66 491 2344
1504 1567 2345
662 1765 2346
1230 1783 2347
112 2033 2348
120 2084 2349
267 431 2350
868 2007 2351
521 1889 2352
1318 1512 2353
9 1825 2354
1148 1828 2355
1027 1089 2356
1724 1931 2357
24 1651 2358
255 1753 2359
256 887 2360
431 1637 2361
1369 1741 2362
9 1204 2363
565 888 2364
693 1475 2365
1412 2072 2366
1467 1768 2367
891 1879 2368
1258 1659 2369
114 1679 2370
891 1896 2371
982 2142 2372
314 1760 2373
968 1374 2374
325 1637 2375
480 1482 2376
1008 2137 2377
452 847 2378
265 1410 2379
602 1812 2380
1158 1467 2381
527 1983 2382
812 1043 2383
1314 1834 2384
1089 1367 2385
1656 2108 2386
163 203 2387
329 1033 2388
1254 1869 2389
104 1929 2390
1603 1768 2391
1576 2092 2392
91 1484 2393
1117 1482 2394
639 1659 2395
495 596 2396
474 1440 2397
939 1900 2398
33 915 2399
235 687 2400
370 1230 2401
440 832 2402
159 812 2403
164 1762 2404
559 719 2405
831 1718 2406
392 537 2407
65 2027 2408
924 1380 2409
1482 2035 2410
1258 1328 2411
1204 2108 2412
1349 1935 2413
1464 1689 2414
9 1656 2415
1784 2082 2416
34 1942 2417
1903 2060 2418
223 2123 2419
539 2087 2420
23 2142 2421
343 1894 2422
417 1667 2423
167 1451 2424
701 1042 2425
1576 1679 2426
3 942 2427
1593 1752 2428
557 1784 2429
705 1622 2430
82 1422 2431
110 168 2432
118 1697 2433
474 1805 2434
502 1172 2435
942 2057 2436
20 1724 2437
486 2084 2438
634 2082 2439
108 1768 2440
150 1555 2441
634 2018 2442
1206 2027 2443
104 1694 2444
1062 1347 2445
1709 2027 2446
569 1400 2447
852 1446 2448
2084 2123 2449
824 1920 2450
1514 1731 2451
112 1757 2452
468 973 2453
546 729 2454
1007 1328 2455
1570 1806 2456
103 552 2457
624 1717 2458
431 529 2459
505 1981 2460
118 501 2461
1713 1772 2462
67 431 2463
186 623 2464
994 1561 2465
1659 1709 2466
103 557 2467
554 1507 2468
1192 1371 2469
1529 2034 2470
562 1654 2471
771 1659 2472
688 807 2473
877 2043 2474
235 1128 2475
157 433 2476
527 1923 2477
557 1076 2478
663 1236 2479
1359 1775 2480
1380 1454 2481
14 1029 2482
60 457 2483
365 807 2484
431 554 2485
1059 1378 2486
1117 2082 2487
1334 1624 2488
1277 1314 2489
1282 1954 2490
1367 2069 2491
349 440 2492
429 1569 2493
120 1557 2494
490 2050 2495
565 1318 2496
159 176 2497
209 2139 2498
942 1229 2499
458 846 2500
1620 2076 2501
112 757 2502
1089 2069 2503
765 1507 2504
689 1236 2505
1467 1856 2506
20 1931 2507
264 1150 2508
452 2022 2509
1055 1650 2510
1110 2004 2511
321 662 2512
1185 1615 2513
270 1867 2514
310 397 2515
392 748 2516
2 14 2517
1117 2018 2518
224 2109 2519
232 722 2520
86 257 2521
168 2143 2522
1236 1326 2523
858 1460 2524
527 1205 2525
1172 1205 2526
1181 1603 2527
865 1156 2528
123 1181 2529
341 497 2530
62 662 2531
1387 1879 2532
688 2018 2533
847 1193 2534
49 701 2535
714 1805 2536
114 270 2537
1201 2027 2538
714 1929 2539
1247 1803 2540
388 689 2541
457 2037 2542
1514 1539 2543
1003 2082 2544
1151 1262 2545
439 1567 2546
1032 1230 2547
1380 1584 2548
263 743 2549
1609 1671 2550
985 1847 2551
623 2034 2552
1847 1929 2553
417 1309 2554
583 1460 2555
468 989 2556
1328 1659 2557
23 982 2558
1968 2035 2559
474 1709 2560
311 1345 2561
542 1203 2562
1345 2003 2563
589 628 2564
59 2049 2565
267 554 2566
855 1753 2567
572 1741 2568
388 1326 2569
1583 1624 2570
554 1990 2571
770 1792 2572
798 1445 2573
1659 1847 2574
1064 1346 2575
469 1297 2576
527 1172 2577
19 577 2578
68 1511 2579
257 1458 2580
676 2092 2581
1702 2035 2582
113 1467 2583
897 1474 2584
464 1805 2585
1277 1879 2586
110 958 2587
417 2109 2588
629 1729 2589
687 2059 2590
780 1931 2591
664 1043 2592
1440 1583 2593
308 716 2594
1201 1659 2595
1624 1929 2596
414 1466 2597
1181 1904 2598
2033 2085 2599
1565 1594 2600
827 1445 2601
1007 1870 2602
1617 1935 2603
1979 2125 2604
129 953 2605
704 1879 2606
914 1045 2607
1181 1700 2608
67 554 2609
91 559 2610
942 1903 2611
586 1615 2612
431 2051 2613
835 1720 2614
516 813 2615
1659 1805 2616
477 1205 2617
657 1314 2618
1400 1822 2619
104 1583 2620
126 2074 2621
463 558 2622
639 985 2623
847 1772 2624
27 588 2625
1314 1872 2626
683 1610 2627
558 1484 2628
676 2022 2629
311 1757 2630
1234 1605 2631
1944 2130 2632
588 773 2633
823 985 2634
37 424 2635
204 559 2636
1872 1879 2637
676 1679 2638
117 847 2639
52 582 2640
292 1036 2641
350 1653 2642
784 1514 2643
452 2041 2644
558 719 2645
168 1538 2646
714 1440 2647
59 1206 2648
891 1314 2649
14 1802 2650
2022 2092 2651
2093 2096 2652
1785 2060 2653
89 520 2654
159 1652 2655
112 2085 2656
255 1931 2657
775 1598 2658
835 1843 2659
912 1518 2660
569 1822 2661
1834 1879 2662
687 834 2663
1068 1979 2664
1392 2113 2665
859 1482 2666
555 1324 2667
929 2011 2668
910 953 2669
380 1993 2670
186 468 2671
43 2087 2672
255 780 2673
225 457 2674
982 1712 2675
418 1948 2676
676 2030 2677
257 1990 2678
209 1809 2679
1583 1929 2680
1314 1387 2681
100 942 2682
110 1724 2683
394 705 2684
1371 1762 2685
140 1482 2686
1518 2096 2687
1652 2045 2688
75 2067 2689
440 609 2690
256 1381 2691
779 942 2692
589 1151 2693
655 1942 2694
468 921 2695
451 478 2696
546 1631 2697
28 557 2698
92 609 2699
42 1287 2700
1387 1927 2701
831 1753 2702
652 780 2703
712 855 2704
255 1724 2705
1381 1480 2706
257 547 2707
924 1221 2708
334 1943 2709
457 1594 2710
257 1637 2711
1334 1870 2712
1689 2012 2713
494 982 2714
52 1027 2715
87 114 2716
854 2082 2717
654 1713 2718
132 1999 2719
1477 2041 2720
1185 1478 2721
1310 1563 2722
1555 2121 2723
87 926 2724
201 1690 2725
731 804 2726
1557 2123 2727
942 1162 2728
722 1347 2729
48 1192 2730
59 65 2731
1531 1998 2732
1757 2033 2733
891 1927 2734
28 103 2735
940 1741 2736
161 468 2737
697 1222 2738
440 584 2739
1571 2030 2740
552 1784 2741
847 1945 2742
1713 1970 2743
1720 1843 2744
1093 1408 2745
557 877 2746
649 1193 2747
725 1729 2748
1694 1819 2749
52 1367 2750
517 589 2751
609 2087 2752
807 859 2753
286 610 2754
520 1875 2755
114 452 2756
43 468 2757
446 1460 2758
550 1287 2759
1107 1577 2760
1518 2010 2761
714 1624 2762
751 2043 2763
190 1845 2764
554 1444 2765
1003 1845 2766
226 2024 2767
687 1740 2768
116 807 2769
586 1478 2770
33 609 2771
18 440 2772
64 1731 2773
1679 2048 2774
232 976 2775
2018 2082 2776
380 803 2777
579 1181 2778
1752 2143 2779
430 1105 2780
1729 1753 2781
847 1776 2782
554 1450 2783
492 1460 2784
1255 1650 2785
417 1078 2786
886 1649 2787
263 1619 2788
270 1020 2789
704 1927 2790
163 893 2791
283 589 2792
417 1784 2793
440 2087 2794
146 719 2795
68 215 2796
1400 2055 2797
1688 1791 2798
664 812 2799
399 856 2800
912 2093 2801
959 1619 2802
1743 1768 2803
107 1371 2804
936 1682 2805
1694 1929 2806
1100 1150 2807
62 321 2808
224 907 2809
398 1318 2810
1258 1870 2811
1277 1927 2812
1482 1988 2813
108 2035 2814
319 746 2815
559 953 2816
1937 2084 2817
363 394 2818
1228 1846 2819
20 725 2820
92 440 2821
126 502 2822
2043 2055 2823
266 980 2824
488 1311 2825
232 707 2826
135 1102 2827
468 2013 2828
565 1512 2829
1908 2013 2830
529 1884 2831
714 1709 2832
379 489 2833
363 705 2834
374 703 2835
610 2085 2836
823 1694 2837
135 1409 2838
23 1272 2839
933 2011 2840
394 1276 2841
490 830 2842
1983 2022 2843
863 1544 2844
527 926 2845
833 1765 2846
311 2113 2847
1273 1822 2848
1318 1390 2849
812 1529 2850
609 1235 2851
1293 1771 2852
1324 1464 2853
707 1594 2854
114 1983 2855
440 921 2856
877 910 2857
1929 2027 2858
485 1696 2859
101 925 2860
367 991 2861
679 1153 2862
481 845 2863
692 2074 2864
295 1812 2865
316 440 2866
854 1003 2867
231 785 2868
452 1546 2869
490 1977 2870
1565 2037 2871
226 994 2872
468 1030 2873
1402 1489 2874
657 1879 2875
2010 2093 2876
457 1215 2877
440 1693 2878
1181 2050 2879
76 1784 2880
468 760 2881
815 1594 2882
575 806 2883
573 1192 2884
203 1571 2885
319 1425 2886
992 1004 2887
28 552 2888
664 2034 2889
1805 2027 2890
241 2138 2891
257 267 2892
1696 1804 2893
139 1373 2894
9 1900 2895
257 1444 2896
87 2022 2897
440 2031 2898
689 1326 2899
535 1867 2900
307 948 2901
1689 1918 2902
138 173 2903
257 1450 2904
582 1491 2905
166 1981 2906
856 1078 2907
812 2034 2908
11 30 2909
714 1201 2910
270 1576 2911
687 790 2912
1004 2036 2913
771 2032 2914
490 2107 2915
676 1546 2916
23 944 2917
494 661 2918
716 2028 2919
281 1761 2920
923 1885 2921
972 1489 2922
224 1128 2923
24 1986 2924
354 1625 2925
281 352 2926
1915 2047 2927
1718 1931 2928
533 1058 2929
1067 2024 2930
679 1067 2931
87 947 2932
190 1003 2933
569 2055 2934
66 391 2935
569 953 2936
662 1077 2937
961 1648 2938
1546 2041 2939
552 877 2940
186 609 2941
440 682 2942
1109 1996 2943
831 1593 2944
985 2032 2945
1192 2016 2946
30 384 2947
1201 1328 2948
443 1185 2949
783 1463 2950
1003 1957 2951
1879 1896 2952
795 1709 2953
953 2059 2954
134 1460 2955
485 1804 2956
558 559 2957
1659 1870 2958
1845 1965 2959
191 1576 2960
430 559 2961
468 1693 2962
765 942 2963
582 1027 2964
623 1121 2965
925 1236 2966
925 1652 2967
417 877 2968
252 1761 2969
326 637 2970
1324 1689 2971
1887 2060 2972
553 828 2973
226 679 2974
47 1838 2975
325 1507 2976
1474 1957 2977
341 1285 2978
994 1067 2979
163 1884 2980
142 1600 2981
443 586 2982
5 1026 2983
920 1572 2984
925 1175 2985
52 1089 2986
1825 1967 2987
712 831 2988
91 719 2989
1503 1928 2990
114 1576 2991
569 1273 2992
858 982 2993
925 2045 2994
63 775 2995
365 2086 2996
610 1757 2997
883 1992 2998
108 2082 2999
1834 1927 3000
283 1693 3001
562 804 3002
17 1016 3003
1007 1103 3004
9 2108 3005
863 2128 3006
257 1424 3007
491 2011 3008
176 664 3009
629 1718 3010
692 847 3011
98 1189 3012
347 828 3013
1872 1927 3014
1020 2022 3015
1940 2079 3016
103 2069 3017
468 1073 3018
490 1526 3019
639 714 3020
1875 1914 3021
104 1624 3022
323 440 3023
1845 2082 3024
474 1334 3025
609 1132 3026
1896 1927 3027
44 149 3028
764 1791 3029
126 654 3030
953 1273 3031
558 756 3032
1280 1856 3033
223 1269 3034
1445 1721 3035
204 558 3036
589 888 3037
703 1376 3038
1355 1479 3039
1870 2027 3040
134 1540 3041
535 1271 3042
203 1319 3043
257 529 3044
666 1544 3045
847 1970 3046
99 2033 3047
363 1276 3048
1064 1881 3049
168 958 3050
535 676 3051
888 1272 3052
677 2085 3053
725 1931 3054
763 893 3055
444 468 3056
684 915 3057
1103 2032 3058
557 790 3059
1520 1720 3060
591 824 3061
677 757 3062
899 1824 3063
1293 1688 3064
1594 1680 3065
203 1884 3066
679 2024 3067
795 1870 3068
725 1097 3069
103 1076 3070
87 847 3071
237 557 3072
415 1992 3073
270 2022 3074
389 1536 3075
163 1078 3076
1094 2141 3077
856 1128 3078
493 1460 3079
639 1583 3080
394 1152 3081
765 2060 3082
714 1847 3083
725 1752 3084
1366 2113 3085
897 1957 3086
1103 1258 3087
1154 1193 3088
1505 1509 3089
1750 1816 3090
529 554 3091
1178 1231 3092
530 1133 3093
494 556 3094
946 1460 3095
1345 2123 3096
1659 1929 3097
352 1761 3098
763 1884 3099
648 855 3100
1162 2060 3101
145 2082 3102
187 1249 3103
1610 1657 3104
468 1149 3105
584 590 3106
490 520 3107
1858 1859 3108
1583 1847 3109
582 1367 3110
502 1689 3111
877 953 3112
926 2022 3113
19 1189 3114
249 1285 3115
847 1020 3116
894 1946 3117
1754 2112 3118
2048 2092 3119
224 1531 3120
31 2105 3121
36 50 3122
957 2001 3123
1431 1836 3124
1439 1836 3125
114 666 3126
474 1624 3127
982 1890 3128
1181 1243 3129
1867 2041 3130
942 1785 3131
1107 1897 3132
490 767 3133
497 687 3134
616 2033 3135
683 1657 3136
474 1328 3137
557 981 3138
1200 2037 3139
363 1152 3140
743 783 3141
795 1201 3142
699 2022 3143
300 847 3144
942 1513 3145
622 1028 3146
9 1967 3147
725 831 3148
176 2034 3149
589 1530 3150
591 1920 3151
432 603 3152
535 2041 3153
798 1104 3154
199 1847 3155
237 1430 3156
856 1531 3157
76 897 3158
47 1347 3159
529 1298 3160
145 2018 3161
771 2027 3162
1784 2069 3163
1196 1703 3164
199 1929 3165
50 879 3166
728 939 3167
184 453 3168
428 1560 3169
464 1258 3170
898 1441 3171
743 1619 3172
1692 1946 3173
1124 1652 3174
677 1392 3175
751 1003 3176
1117 1784 3177
368 490 3178
1794 2027 3179
76 88 3180
985 1007 3181
347 979 3182
1818 2079 3183
76 1474 3184
453 1782 3185
1594 2044 3186
1223 1858 3187
49 558 3188
622 1341 3189
1258 1709 3190
266 1949 3191
714 1328 3192
237 2109 3193
1351 1988 3194
87 1679 3195
490 528 3196
674 1594 3197
889 1741 3198
1341 2011 3199
203 1280 3200
1309 2112 3201
72 628 3202
535 1345 3203
672 1833 3204
204 430 3205
452 2003 3206
856 1857 3207
1007 1709 3208
53 1239 3209
1908 2034 3210
961 1293 3211
148 271 3212
659 867 3213
88 2082 3214
438 530 3215
1008 1696 3216
136 2058 3217
445 2006 3218
658 1703 3219
1171 1532 3220
925 1326 3221
778 788 3222
790 1285 3223
249 687 3224
909 1168 3225
33 1132 3226
629 1724 3227
318 1544 3228
582 1089 3229
609 1263 3230
1372 2087 3231
280 440 3232
539 1372 3233
9 1076 3234
87 1020 3235
676 2041 3236
780 1753 3237
53 461 3238
66 1794 3239
163 1471 3240
552 1078 3241
594 925 3242
609 1455 3243
614 1174 3244
1020 2030 3245
1250 1935 3246
1171 1995 3247
1538 1931 3248
23 398 3249
76 834 3250
295 1557 3251
440 1057 3252
87 1626 3253
29 1750 3254
1345 2033 3255
1127 1901 3256
176 1529 3257
344 1875 3258
1790 2079 3259
1148 1781 3260
363 1622 3261
1330 1915 3262
1679 2022 3263
325 942 3264
495 1502 3265
627 858 3266
825 1612 3267
926 2128 3268
87 2092 3269
263 953 3270
411 840 3271
875 2006 3272
1485 1939 3273
491 1667 3274
683 920 3275
1512 1981 3276
832 1530 3277
112 311 3278
221 1705 3279
1345 2113 3280
1546 1867 3281
417 1884 3282
1320 1733 3283
1994 2106 3284
287 895 3285
309 1328 3286
676 1983 3287
699 2041 3288
722 1062 3289
647 1752 3290
1123 2057 3291
998 1585 3292
1286 1610 3293
1659 1819 3294
915 2087 3295
1600 1935 3296
444 1025 3297
114 847 3298
616 757 3299
394 1622 3300
687 810 3301
742 1013 3302
1407 1920 3303
468 1364 3304
114 863 3305
1117 2086 3306
280 468 3307
146 2103 3308
468 584 3309
679 1561 3310
1568 2033 3311
73 1518 3312
168 725 3313
757 2085 3314
807 2035 3315
1572 1610 3316
623 1030 3317
1935 2040 3318
103 1078 3319
168 648 3320
662 1533 3321
1273 2055 3322
1314 1896 3323
915 1973 3324
664 1652 3325
88 834 3326
148 1520 3327
1306 1377 3328
321 961 3329
651 856 3330
1243 1313 3331
103 1120 3332
594 1175 3333
1558 2122 3334
112 1392 3335
552 981 3336
926 1544 3337
1576 1983 3338
1141 1521 3339
43 1842 3340
495 2111 3341
104 1659 3342
677 1572 3343
958 1724 3344
187 309 3345
699 1679 3346
1612 2047 3347
1471 1884 3348
99 112 3349
1668 2058 3350
468 713 3351
1339 1712 3352
1616 1870 3353
657 1927 3354
683 1572 3355
77 750 3356
52 552 3357
270 676 3358
535 1366 3359
2022 2041 3360
134 929 3361
1261 1542 3362
66 1373 3363
376 1434 3364
88 1224 3365
553 1747 3366
998 1506 3367
466 1594 3368
111 2027 3369
326 1487 3370
1224 1854 3371
894 1692 3372
1083 1434 3373
1491 2069 3374
49 1035 3375
612 929 3376
547 759 3377
428 459 3378
47 976 3379
417 801 3380
474 1201 3381
929 1341 3382
59 2027 3383
649 1978 3384
214 1625 3385
786 1768 3386
1175 1652 3387
554 2071 3388
832 1842 3389
847 952 3390
1818 1940 3391
63 858 3392
623 1667 3393
1201 1258 3394
808 1490 3395
96 1056 3396
657 1896 3397
1513 2060 3398
285 1948 3399
452 699 3400
16 552 3401
286 616 3402
93 788 3403
186 851 3404
309 795 3405
942 1507 3406
146 559 3407
1676 2118 3408
741 752 3409
834 1224 3410
43 851 3411
973 2058 3412
388 475 3413
688 2086 3414
440 1372 3415
666 2128 3416
490 1335 3417
893 1884 3418
270 699 3419
296 1264 3420
611 940 3421
1538 1724 3422
596 2107 3423
557 1884 3424
687 1224 3425
745 1183 3426
666 2092 3427
953 1822 3428
994 1153 3429
775 1255 3430
23 1390 3431
502 1570 3432
1523 1594 3433
221 847 3434
825 1683 3435
535 2113 3436
683 1722 3437
757 1757 3438
63 1755 3439
1035 1178 3440
159 1530 3441
468 915 3442
203 272 3443
495 1252 3444
1718 1724 3445
1280 1319 3446
627 1377 3447
258 775 3448
62 1731 3449
189 303 3450
283 468 3451
286 1757 3452
1018 1929 3453
152 1345 3454
468 2034 3455
126 692 3456
1163 1992 3457
527 1020 3458
33 186 3459
1696 2137 3460
1392 1703 3461
63 1377 3462
155 714 3463
111 1007 3464
115 408 3465
136 440 3466
1847 2027 3467
594 2045 3468
491 1142 3469
810 1285 3470
953 1889 3471
76 2018 3472
43 186 3473
112 2113 3474
1154 1678 3475
1624 2032 3476
623 977 3477
845 862 3478
610 1568 3479
1023 1598 3480
1780 2060 3481
73 2093 3482
204 585 3483
527 649 3484
1392 2033 3485
1200 1594 3486
1724 1753 3487
639 1007 3488
309 1805 3489
973 1842 3490
700 1997 3491
998 1044 3492
252 281 3493
725 1724 3494
490 776 3495
103 228 3496
120 253 3497
649 681 3498
707 898 3499
482 1048 3500
594 1652 3501
819 897 3502
87 318 3503
595 929 3504
911 1768 3505
1073 1122 3506
639 2027 3507
311 616 3508
763 1768 3509
62 833 3510
65 66 3511
1583 2027 3512
1727 2098 3513
1790 2000 3514
152 2085 3515
286 2085 3516
170 357 3517
609 973 3518
859 2086 3519
632 866 3520
546 2018 3521
738 1270 3522
309 1709 3523
1258 2027 3524
2003 2041 3525
415 1163 3526
264 1100 3527
9 1078 3528
88 1854 3529
332 1966 3530
757 2113 3531
1258 1624 3532
929 2018 3533
50 1493 3534
99 311 3535
677 1366 3536
689 925 3537
751 1400 3538
762 2040 3539
921 1842 3540
494 1553 3541
912 2096 3542
1007 2027 3543
490 1579 3544
1175 2045 3545
732 1192 3546
866 1902 3547
627 1712 3548
187 1007 3549
319 828 3550
112 1366 3551
1062 1594 3552
634 2086 3553
286 311 3554
560 1009 3555
547 789 3556
1347 1594 3557
679 994 3558
280 2058 3559
459 775 3560
1330 1612 3561
265 463 3562
812 1652 3563
76 1965 3564
257 1676 3565
273 2130 3566
494 1395 3567
1561 1777 3568
264 772 3569
582 2103 3570
464 1007 3571
921 1529 3572
914 1587 3573
1079 1116 3574
1572 2033 3575
91 1261 3576
535 2085 3577
18 176 3578
851 1107 3579
1086 1395 3580
1616 2027 3581
16 440 3582
527 947 3583
847 1978 3584
1201 1249 3585
187 1258 3586
490 1278 3587
1023 1255 3588
1746 2009 3589
1366 2033 3590
714 1870 3591
92 1530 3592
99 1757 3593
589 977 3594
268 1956 3595
535 1196 3596
547 1424 3597
294 2018 3598
967 1506 3599
63 1306 3600
273 1944 3601
475 925 3602
535 677 3603
600 714 3604
929 1434 3605
89 1885 3606
819 1784 3607
862 1460 3608
1260 1992 3609
18 43 3610
834 2082 3611
1273 2018 3612
440 1668 3613
1173 1722 3614
521 953 3615
629 1593 3616
819 834 3617
417 1551 3618
863 926 3619
958 1753 3620
289 1185 3621
793 1373 3622
1529 1652 3623
87 2030 3624
63 1023 3625
1166 1741 3626
1685 1988 3627
678 2011 3628
1198 1335 3629
120 1719 3630
511 1875 3631
638 1749 3632
1328 1616 3633
568 847 3634
1170 1931 3635
1983 2041 3636
601 1924 3637
750 1920 3638
211 676 3639
100 1123 3640
212 2011 3641
571 1533 3642
832 973 3643
834 1854 3644
856 1998 3645
1344 2034 3646
763 1471 3647
1535 1881 3648
1709 2032 3649
283 440 3650
535 1392 3651
794 2057 3652
66 1819 3653
204 1082 3654
474 639 3655
2034 2058 3656
309 1271 3657
697 2079 3658
33 2087 3659
926 2092 3660
2010 2096 3661
525 1381 3662
142 1452 3663
252 1839 3664
281 1486 3665
732 1012 3666
38 677 3667
468 1419 3668
176 1842 3669
616 1568 3670
963 1871 3671
387 974 3672
1616 1709 3673
188 1790 3674
815 2037 3675
1303 1768 3676
114 2030 3677
190 1965 3678
647 1931 3679
712 1931 3680
88 819 3681
190 656 3682
1366 1703 3683
819 1474 3684
1479 2079 3685
2030 2048 3686
89 511 3687
168 1170 3688
832 2058 3689
824 1407 3690
1356 1389 3691
1529 1530 3692
414 690 3693
99 2085 3694
99 757 3695
464 1870 3696
87 270 3697
609 1530 3698
1249 1709 3699
71 879 3700
1753 1931 3701
651 1884 3702
152 1757 3703
204 2037 3704
289 628 3705
2022 2030 3706
1714 1859 3707
311 2033 3708
1439 1712 3709
14 299 3710
610 616 3711
1988 2086 3712
446 493 3713
46 1164 3714
760 973 3715
490 1816 3716
523 877 3717
128 1476 3718
166 589 3719
291 516 3720
411 976 3721
440 1268 3722
1255 1598 3723
687 1321 3724
468 609 3725
435 583 3726
920 1610 3727
139 1561 3728
623 682 3729
967 1585 3730
1314 1879 3731
1768 2094 3732
176 1043 3733
584 1543 3734
493 1745 3735
895 1373 3736
29 908 3737
468 1344 3738
669 1884 3739
1218 2137 3740
204 1343 3741
1238 1425 3742
1732 2092 3743
174 319 3744
485 2137 3745
967 1044 3746
1078 2109 3747
1117 1232 3748
270 666 3749
1242 2037 3750
318 926 3751
1064 1352 3752
551 643 3753
639 1258 3754
464 1249 3755
710 1793 3756
14 1057 3757
529 1123 3758
858 1306 3759
973 1268 3760
682 2058 3761
795 1805 3762
962 2037 3763
552 1822 3764
417 1619 3765
676 1576 3766
112 610 3767
178 1092 3768
66 1440 3769
226 1896 3770
142 733 3771
757 1572 3772
938 2018 3773
1249 1805 3774
490 1875 3775
1355 2079 3776
349 444 3777
614 1579 3778
1369 1910 3779
9 136 3780
953 2055 3781
1200 1565 3782
589 1262 3783
139 226 3784
1059 1939 3785
1078 1273 3786
858 1712 3787
623 713 3788
884 1345 3789
942 1458 3790
14 56 3791
948 2011 3792
23 482 3793
134 1434 3794
161 1149 3795
666 926 3796
296 514 3797
850 1345 3798
1486 1881 3799
494 2020 3800
435 946 3801
116 2086 3802
662 1581 3803
1003 2018 3804
87 1983 3805
14 1592 3806
66 1694 3807
589 1693 3808
411 557 3809
1819 2027 3810
1956 2130 3811
962 2039 3812
2107 2141 3813
1814 1871 3814
186 915 3815
464 474 3816
1937 2119 3817
66 139 3818
495 1261 3819
1222 2079 3820
560 1461 3821
808 1123 3822
1003 1965 3823
1259 1363 3824
1465 1903 3825
1149 1364 3826
1043 1529 3827
330 872 3828
332 1537 3829
4 2086 3830
274 582 3831
926 1020 3832
610 1366 3833
1258 1805 3834
1557 1703 3835
2030 2041 3836
52 1076 3837
963 1676 3838
311 1196 3839
664 1530 3840
277 388 3841
490 511 3842
808 2026 3843
812 1530 3844
349 417 3845
1122 2101 3846
1278 1512 3847
634 1232 3848
190 1224 3849
1355 1818 3850
629 647 3851
953 1984 3852
1568 2085 3853
25 904 3854
459 1560 3855
43 280 3856
226 410 3857
161 1364 3858
1723 1881 3859
159 921 3860
849 1942 3861
357 1391 3862
23 1712 3863
666 1679 3864
270 926 3865
38 757 3866
1593 1931 3867
855 2136 3868
1018 1624 3869
1591 1978 3870
1424 1990 3871
1531 1884 3872
185 1213 3873
104 2027 3874
311 757 3875
1319 1856 3876
629 1931 3877
76 1957 3878
135 752 3879
552 1740 3880
495 2107 3881
554 942 3882
676 2003 3883
705 711 3884
772 1150 3885
801 1884 3886
468 1111 3887
859 1232 3888
992 1887 3889
1875 1977 3890
92 915 3891
311 610 3892
954 1890 3893
28 202 3894
32 527 3895
273 1706 3896
1100 1126 3897
23 615 3898
349 1887 3899
776 1853 3900
112 1196 3901
824 1086 3902
682 973 3903
111 1870 3904
114 1626 3905
963 1350 3906
280 1842 3907
847 1172 3908
1280 2109 3909
76 2002 3910
1007 1805 3911
535 2003 3912
582 1784 3913
547 1669 3914
751 2082 3915
114 2048 3916
1479 1818 3917
1395 1890 3918
1044 1506 3919
1812 1813 3920
76 1854 3921
103 1071 3922
677 2113 3923
73 912 3924
187 474 3925
14 973 3926
311 535 3927
1372 1530 3928
651 1128 3929
1706 2130 3930
1965 2082 3931
74 1696 3932
1020 1983 3933
751 819 3934
1056 1720 3935
1537 1966 3936
477 847 3937
40 1072 3938
699 1867 3939
776 1062 3940
1474 2082 3941
88 190 3942
1314 1927 3943
897 2082 3944
786 1856 3945
73 2010 3946
227 1790 3947
323 1416 3948
198 319 3949
1929 2032 3950
468 1372 3951
1094 2107 3952
1867 2003 3953
1196 1392 3954
750 983 3955
2069 2103 3956
270 2048 3957
1527 1993 3958
461 1239 3959
1133 1588 3960
190 1854 3961
527 681 3962
155 600 3963
1324 1923 3964
31 1421 3965
286 1568 3966
319 1179 3967
382 2088 3968
592 1948 3969
863 2092 3970
152 1392 3971
649 1546 3972
78 1735 3973
763 1988 3974
318 2092 3975
126 535 3976
969 2034 3977
72 1486 3978
1372 2058 3979
211 2003 3980
474 795 3981
549 561 3982
1546 1704 3983
18 851 3984
676 699 3985
47 1062 3986
1616 1659 3987
1196 1345 3988
356 1764 3989
926 1679 3990
494 1578 3991
440 1686 3992
1544 2092 3993
1218 1804 3994
754 2030 3995
824 1476 3996
1524 1692 3997
38 286 3998
311 677 3999
1201 2032 4000
77 824 4001
232 898 4002
2022 2048 4003
683 1340 4004
1506 1585 4005
170 1335 4006
431 1123 4007
824 998 4008
187 714 4009
440 1938 4010
1624 1888 4011
110 919 4012
163 651 4013
178 1412 4014
88 854 4015
917 1786 4016
1328 2032 4017
834 854 4018
1073 1971 4019
1571 1896 4020
69 2092 4021
676 1477 4022
440 2005 4023
289 586 4024
850 2085 4025
967 998 4026
274 744 4027
14 1268 4028
326 1594 4029
697 2000 4030
1160 2118 4031
324 1836 4032
1240 1480 4033
419 1757 4034
824 898 4035
953 1641 4036
973 1975 4037
418 592 4038
1322 1326 4039
1546 1983 4040
894 1524 4041
1152 1622 4042
1822 2055 4043
795 1249 4044
1485 1575 4045
743 763 4046
699 1983 4047
1298 1458 4048
87 754 4049
775 1581 4050
780 919 4051
808 1535 4052
1273 2109 4053
1678 1759 4054
176 1810 4055
270 318 4056
864 1832 4057
1383 2030 4058
532 1482 4059
41 2143 4060
1102 1409 4061
190 1636 4062
1354 1703 4063
1185 1391 4064
323 1265 4065
763 801 4066
1424 1458 4067
32 2092 4068
88 1845 4069
648 1931 4070
669 1531 4071
280 1111 4072
1152 1276 4073
452 1626 4074
246 440 4075
319 339 4076
824 1441 4077
99 286 4078
190 897 4079
43 921 4080
136 1668 4081
751 1273 4082
1103 1496 4083
76 1224 4084
683 1173 4085
1587 1818 4086
204 2013 4087
677 2003 4088
1467 1536 4089
28 1462 4090
286 1366 4091
325 703 4092
757 1568 4093
775 1755 4094
66 1571 4095
134 1571 4096
117 564 4097
1655 2018 4098
277 1768 4099
1804 2137 4100
191 1719 4101
135 741 4102
1881 2009 4103
111 1847 4104
677 2033 4105
954 982 4106
956 1986 4107
316 963 4108
349 1842 4109
452 2048 4110
464 714 4111
213 623 4112
18 186 4113
320 1793 4114
191 1759 4115
1679 1732 4116
557 939 4117
1222 1486 4118
1458 2071 4119
808 2095 4120
309 464 4121
661 1623 4122
446 1003 4123
973 1802 4124
705 1152 4125
169 703 4126
18 973 4127
50 1818 4128
697 1818 4129
876 1890 4130
969 1124 4131
1160 2137 4132
711 1622 4133
2003 2030 4134
452 1477 4135
114 2128 4136
444 2058 4137
468 1182 4138
1015 1678 4139
81 1133 4140
163 1253 4141
202 557 4142
850 1757 4143
190 1474 4144
491 977 4145
861 1706 4146
1298 2082 4147
180 628 4148
190 917 4149
1043 2034 4150
1887 2036 4151
977 1842 4152
1383 2092 4153
1706 1790 4154
1271 1703 4155
1318 2097 4156
1805 2032 4157
824 967 4158
609 1668 4159
373 1993 4160
460 973 4161
714 1007 4162
757 1366 4163
1768 1837 4164
210 1120 4165
272 388 4166
1571 1667 4167
9 1529 4168
484 592 4169
649 1983 4170
1761 1839 4171
1524 1946 4172
1854 2082 4173
88 2002 4174
190 1786 4175
1076 1494 4176
1565 1964 4177
227 1222 4178
309 1286 4179
1160 1696 4180
1003 1784 4181
605 2088 4182
394 711 4183
1008 1218 4184
597 705 4185
126 1088 4186
1957 2082 4187
822 2081 4188
423 824 4189
309 835 4190
500 1012 4191
758 817 4192
87 1336 4193
386 1302 4194
1249 1328 4195
211 452 4196
465 1703 4197
77 1920 4198
296 2059 4199
126 1159 4200
819 1965 4201
1095 2085 4202
1832 1853 4203
1189 1767 4204
1553 1623 4205
190 578 4206
791 1012 4207
114 1732 4208
1121 2058 4209
511 1275 4210
23 1484 4211
79 953 4212
649 1719 4213
76 1298 4214
103 498 4215
1546 1679 4216
192 1594 4217
963 1814 4218
498 1573 4219
652 1012 4220
435 1296 4221
608 621 4222
2035 2086 4223
664 921 4224
847 926 4225
1095 1703 4226
1345 1354 4227
485 1008 4228
832 1975 4229
1234 1338 4230
1546 1732 4231
714 795 4232
1 243 4233
1095 1345 4234
414 962 4235
202 552 4236
2092 2128 4237
597 1276 4238
814 1873 4239
1004 1887 4240
112 677 4241
1370 2137 4242
211 2041 4243
89 1914 4244
190 1957 4245
926 2030 4246
270 1544 4247
847 1099 4248
474 2032 4249
921 2034 4250
92 136 4251
608 628 4252
1242 1964 4253
1689 1759 4254
227 2079 4255
929 1681 4256
714 1611 4257
1196 2113 4258
234 2085 4259
1018 2027 4260
72 824 4261
736 1342 4262
757 1392 4263
883 1260 4264
669 1856 4265
126 1934 4266
954 1259 4267
277 1131 4268
78 628 4269
246 2005 4270
498 963 4271
834 2002 4272
183 2069 4273
113 1335 4274
316 1676 4275
1111 2058 4276
551 1462 4277
853 1871 4278
1777 1819 4279
1044 1585 4280
452 1732 4281
1176 2030 4282
85 618 4283
616 2085 4284
1779 1911 4285
1163 1260 4286
552 1069 4287
963 1948 4288
211 1546 4289
1414 2108 4290
190 834 4291
690 1466 4292
1261 2107 4293
1790 1940 4294
1007 1616 4295
84 766 4296
411 738 4297
363 711 4298
482 982 4299
246 1668 4300
1076 1784 4301
1626 2092 4302
168 919 4303
789 1213 4304
1239 2057 4305
2033 2113 4306
357 1925 4307
411 1769 4308
650 1344 4309
919 1724 4310
649 1867 4311
452 1020 4312
494 954 4313
834 1845 4314
1546 2030 4315
29 1243 4316
708 1908 4317
963 2038 4318
683 2083 4319
1372 1842 4320
1576 2030 4321
498 1676 4322
152 311 4323
1020 1867 4324
313 2085 4325
947 1154 4326
1704 2041 4327
1253 1884 4328
1479 1940 4329
903 1478 4330
711 1276 4331
408 545 4332
136 969 4333
1024 2020 4334
863 1679 4335
111 1611 4336
1414 1967 4337
163 801 4338
801 893 4339
136 605 4340
1571 2011 4341
1732 1867 4342
289 1483 4343
819 2002 4344
220 1816 4345
881 1437 4346
275 2092 4347
819 1957 4348
18 444 4349
677 1757 4350
1893 1959 4351
87 1394 4352
234 1757 4353
605 1234 4354
155 1583 4355
183 1069 4356
548 1345 4357
1160 1860 4358
21 824 4359
1668 2005 4360
1123 1490 4361
973 1668 4362
819 1854 4363
1355 1940 4364
714 1258 4365
1477 2022 4366
1888 2027 4367
1078 1784 4368
32 1546 4369
1626 1867 4370
697 1940 4371
535 1703 4372
837 1186 4373
677 1703 4374
1854 2002 4375
114 318 4376
1259 1890 4377
163 873 4378
302 1476 4379
1565 2044 4380
1544 2030 4381
381 1462 4382
280 1344 4383
227 697 4384
751 1822 4385
926 1983 4386
122 714 4387
282 628 4388
427 605 4389
1125 2079 4390
616 1757 4391
667 1583 4392
304 1639 4393
431 942 4394
1486 2112 4395
1242 1594 4396
547 1129 4397
1043 1530 4398
1482 2086 4399
270 1546 4400
1626 2041 4401
281 1839 4402
639 2032 4403
1067 1896 4404
190 1112 4405
405 1821 4406
114 1544 4407
422 1768 4408
155 1888 4409
187 1989 4410
226 493 4411
1391 1815 4412
1391 1816 4413
9 16 4414
247 608 4415
1054 1160 4416
191 1695 4417
789 1887 4418
309 1720 4419
1847 2032 4420
227 1940 4421
411 562 4422
789 1507 4423
1444 2071 4424
464 2027 4425
1139 1582 4426
729 1384 4427
1657 1887 4428
628 1051 4429
569 751 4430
126 808 4431
751 1845 4432
32 676 4433
152 1366 4434
811 1681 4435
959 1019 4436
514 1264 4437
589 1981 4438
963 1573 4439
535 1315 4440
404 2133 4441
956 1565 4442
1186 1596 4443
270 863 4444
599 799 4445
824 1627 4446
1496 1624 4447
535 884 4448
78 1486 4449
170 1925 4450
1008 1160 4451
1888 2115 4452
316 498 4453
1412 1739 4454
832 2087 4455
54 592 4456
178 2072 4457
257 1129 4458
1020 1546 4459
193 628 4460
597 1217 4461
699 1477 4462
324 457 4463
666 1020 4464
1222 1940 4465
155 474 4466
740 1014 4467
743 1076 4468
600 2032 4469
676 2048 4470
1253 1471 4471
699 1626 4472
234 1345 4473
1495 2037 4474
597 1622 4475
502 1000 4476
819 1298 4477
819 1224 4478
854 897 4479
446 751 4480
446 2082 4481
186 713 4482
593 881 4483
1266 1812 4484
1384 1631 4485
1496 1888 4486
423 1920 4487
58 779 4488
1544 1679 4489
336 1870 4490
661 1395 4491
783 1743 4492
1222 1818 4493
377 2096 4494
708 969 4495
837 1596 4496
973 1057 4497
190 1247 4498
1051 1639 4499
136 427 4500
218 597 4501
267 789 4502
195 281 4503
824 1647 4504
969 1344 4505
161 1842 4506
1477 1867 4507
92 1668 4508
111 2032 4509
1261 1575 4510
928 1276 4511
18 921 4512
446 819 4513
720 2020 4514
1352 1903 4515
711 928 4516
837 990 4517
213 1121 4518
1 2003 4519
128 302 4520
676 1732 4521
319 1214 4522
1071 1120 4523
318 1679 4524
210 1071 4525
345 382 4526
299 1057 4527
990 1186 4528
220 1391 4529
1024 1598 4530
677 920 4531
808 2056 4532
38 1366 4533
969 2045 4534
636 1014 4535
349 789 4536
92 1132 4537
752 1102 4538
122 1583 4539
268 857 4540
676 1020 4541
277 1856 4542
750 824 4543
1496 1847 4544
1975 2058 4545
1560 1581 4546
699 2030 4547
947 1689 4548
607 1014 4549
751 854 4550
1660 1678 4551
258 1598 4552
509 711 4553
1226 2083 4554
597 711 4555
843 1345 4556
705 928 4557
32 1679 4558
1739 2072 4559
963 2118 4560
977 1571 4561
1102 1296 4562
814 1831 4563
128 599 4564
694 1345 4565
801 873 4566
1008 1804 4567
1119 2107 4568
76 689 4569
1106 1924 4570
84 422 4571
280 605 4572
1224 2002 4573
1870 1881 4574
863 1020 4575
190 2002 4576
725 919 4577
763 1253 4578
84 1665 4579
282 1486 4580
721 1616 4581
1078 1494 4582
257 1855 4583
1507 2071 4584
440 2088 4585
1052 1899 4586
4 1298 4587
18 1030 4588
323 1924 4589
854 1224 4590
1626 1983 4591
155 2115 4592
795 1616 4593
76 751 4594
1611 1805 4595
69 270 4596
897 1784 4597
1867 2048 4598
1461 2092 4599
296 671 4600
754 947 4601
136 708 4602
1703 2113 4603
1196 1757 4604
1353 1934 4605
1196 1366 4606
349 832 4607
1637 1664 4608
105 1832 4609
592 638 4610
754 1678 4611
112 152 4612
750 1676 4613
918 1768 4614
389 1938 4615
939 1160 4616
989 1842 4617
474 1989 4618
650 2034 4619
122 739 4620
862 1903 4621
921 2058 4622
1530 1975 4623
9 1414 4624
1035 2107 4625
286 2113 4626
1364 1842 4627
586 1913 4628
615 1790 4629
16 1076 4630
605 1494 4631
969 1494 4632
324 515 4633
99 677 4634
103 202 4635
86 1664 4636
1474 1784 4637
584 679 4638
416 442 4639
615 1350 4640
1095 1392 4641
38 850 4642
1023 1581 4643
1050 1790 4644
1990 2071 4645
1275 1435 4646
950 1069 4647
969 1875 4648
185 789 4649
1 1477 4650
122 2027 4651
854 1854 4652
1709 1989 4653
509 1152 4654
795 1989 4655
651 2082 4656
69 847 4657
412 856 4658
193 1486 4659
1513 1664 4660
38 1392 4661
854 1474 4662
28 1701 4663
918 1307 4664
790 1784 4665
759 1530 4666
105 726 4667
1444 1664 4668
190 1435 4669
990 1596 4670
213 2058 4671
1377 1755 4672
1423 1768 4673
493 1434 4674
190 1298 4675
1805 1989 4676
884 1821 4677
56 1182 4678
928 1622 4679
345 2088 4680
649 1576 4681
963 1886 4682
1476 1676 4683
1517 1911 4684
628 997 4685
824 1395 4686
246 1571 4687
714 1888 4688
1845 1854 4689
100 185 4690
1679 2128 4691
265 1081 4692
815 1964 4693
858 927 4694
709 1705 4695
1354 2085 4696
1699 1739 4697
1486 1925 4698
92 1182 4699
122 1847 4700
243 2041 4701
270 947 4702
1008 1524 4703
1524 2137 4704
325 1448 4705
1354 1757 4706
1938 2005 4707
1070 1920 4708
1920 1962 4709
99 1366 4710
316 1948 4711
1576 2041 4712
183 743 4713
484 1948 4714
1576 2003 4715
597 928 4716
1583 2032 4717
122 1659 4718
552 669 4719
1054 1860 4720
1222 1644 4721
257 665 4722
547 2071 4723
615 1940 4724
897 1845 4725
1123 2056 4726
394 928 4727
847 947 4728
1344 1842 4729
854 1784 4730
273 645 4731
809 1159 4732
1066 1160 4733
273 1222 4734
1784 2002 4735
281 1350 4736
363 928 4737
987 1888 4738
122 1888 4739
873 1884 4740
1486 1735 4741
1676 1814 4742
416 434 4743
1268 2058 4744
187 2032 4745
211 1020 4746
270 1176 4747
1298 1988 4748
467 2051 4749
651 1471 4750
1575 1939 4751
122 2032 4752
1870 2032 4753
423 1256 4754
628 1735 4755
32 1867 4756
954 1739 4757
1474 1845 4758
353 502 4759
437 1676 4760
2030 2128 4761
610 2113 4762
92 2005 4763
1732 2022 4764
994 1777 4765
309 1989 4766
1209 1934 4767
57 975 4768
498 1160 4769
1704 2092 4770
1243 1266 4771
318 1020 4772
854 1965 4773
428 1581 4774
726 1280 4775
1133 1396 4776
1345 1826 4777
517 1530 4778
1200 1242 4779
345 1877 4780
1494 1529 4781
299 973 4782
1046 1966 4783
95 103 4784
324 1964 4785
1845 2002 4786
851 1842 4787
2018 2055 4788
286 1392 4789
962 1676 4790
658 1196 4791
135 1581 4792
28 1120 4793
1076 1740 4794
280 650 4795
1575 2107 4796
211 1704 4797
299 323 4798
1714 1969 4799
340 1321 4800
1039 1768 4801
103 1573 4802
1438 1842 4803
1321 1740 4804
128 799 4805
234 1095 4806
880 1237 4807
69 1679 4808
632 1147 4809
2031 2081 4810
1481 1739 4811
211 1983 4812
464 1989 4813
1239 1426 4814
1 1867 4815
128 615 4816
814 2042 4817
558 690 4818
974 1060 4819
162 969 4820
928 1152 4821
72 898 4822
190 1743 4823
74 534 4824
739 1888 4825
47 2116 4826
884 1196 4827
122 1496 4828
483 1966 4829
1391 2080 4830
1501 1884 4831
180 1486 4832
223 1173 4833
872 2031 4834
962 1054 4835
69 1867 4836
297 332 4837
283 977 4838
1205 1934 4839
404 832 4840
983 1920 4841
309 1099 4842
18 280 4843
754 1978 4844
535 1645 4845
28 1078 4846
318 1983 4847
483 1046 4848
1052 1486 4849
349 1530 4850
854 1298 4851
964 1980 4852
1626 1679 4853
1076 1668 4854
1222 2000 4855
1676 1871 4856
1626 2030 4857
1635 1757 4858
382 969 4859
436 690 4860
1490 2056 4861
751 2055 4862
763 873 4863
1149 1842 4864
1719 1983 4865
128 1676 4866
325 1031 4867
896 1243 4868
188 2000 4869
789 1513 4870
1196 1271 4871
185 1785 4872
267 1664 4873
183 950 4874
316 1871 4875
1062 1964 4876
243 527 4877
1 452 4878
243 1867 4879
824 983 4880
83 1853 4881
1008 1370 4882
309 892 4883
1205 1660 4884
1496 2027 4885
1704 2003 4886
18 1111 4887
616 1366 4888
141 892 4889
854 2002 4890
325 1664 4891
782 1157 4892
1052 1925 4893
1020 1544 4894
1450 2071 4895
584 1046 4896
1106 1530 4897
718 1019 4898
1048 1050 4899
467 1507 4900
1616 2032 4901
431 473 4902
942 998 4903
103 703 4904
299 1268 4905
1184 1925 4906
1458 1664 4907
57 2082 4908
739 987 4909
653 1492 4910
502 1226 4911
1572 2113 4912
465 1196 4913
498 1871 4914
921 1121 4915
699 1576 4916
270 1704 4917
928 1177 4918
741 1102 4919
87 1154 4920
1222 1384 4921
474 1888 4922
77 1914 4923
484 1476 4924
319 759 4925
921 1043 4926
67 467 4927
1210 1777 4928
893 1471 4929
1546 2048 4930
873 1590 4931
1626 1732 4932
104 2032 4933
1476 2100 4934
1477 2030 4935
84 1784 4936
1018 2032 4937
1496 2115 4938
677 850 4939
554 1664 4940
1328 1989 4941
211 2092 4942
893 1253 4943
754 1020 4944
1845 1957 4945
155 2032 4946
1385 1571 4947
416 1517 4948
597 814 4949
92 1938 4950
325 1632 4951
325 1852 4952
1 676 4953
258 1581 4954
954 1623 4955
112 850 4956
279 1051 4957
683 1826 4958
850 1366 4959
420 962 4960
1983 2048 4961
498 2118 4962
1121 1667 4963
1424 1676 4964
228 1573 4965
921 1494 4966
971 1637 4967
69 1732 4968
408 1138 4969
689 819 4970
769 832 4971
822 2031 4972
28 1076 4973
766 1665 4974
1820 2030 4975
92 601 4976
275 1679 4977
281 1411 4978
1384 1706 4979
757 1635 4980
1614 1795 4981
1704 2030 4982
1576 1626 4983
714 2064 4984
77 1676 4985
311 1095 4986
471 947 4987
1426 1916 4988
1020 1576 4989
616 2113 4990
208 892 4991
1544 1983 4992
1560 1755 4993
267 2071 4994
942 967 4995
154 1566 4996
1210 1936 4997
152 535 4998
769 1106 4999
309 884 5000
175 1154 5001
309 1428 5002
1477 1704 5003
714 2115 5004
211 270 5005
1271 1315 5006
88 1743 5007
1914 2082 5008
496 1676 5009
126 2056 5010
535 850 5011
676 1704 5012
829 884 5013
325 548 5014
1046 1375 5015
535 829 5016
628 821 5017
1957 1965 5018
741 2089 5019
265 630 5020
854 1957 5021
2041 2048 5022
597 1877 5023
680 1708 5024
1054 2118 5025
153 270 5026
318 2022 5027
882 1884 5028
896 1266 5029
1581 1755 5030
535 616 5031
1679 1704 5032
74 1804 5033
1517 1779 5034
1599 1623 5035
239 1530 5036
53 1787 5037
1474 1965 5038
873 1253 5039
1820 2092 5040
94 1821 5041
416 1779 5042
529 1664 5043
63 1581 5044
273 857 5045
161 1121 5046
186 969 5047
782 2058 5048
84 911 5049
153 1867 5050
448 1486 5051
1295 1565 5052
1319 1453 5053
1345 1635 5054
484 2100 5055
615 1476 5056
302 1676 5057
316 1200 5058
512 2081 5059
679 1482 5060
759 2080 5061
461 1916 5062
512 1549 5063
658 1366 5064
1159 2030 5065
482 1050 5066
1571 1848 5067
892 1684 5068
2051 2071 5069
53 1916 5070
897 1965 5071
309 1433 5072
1129 1424 5073
1940 2000 5074
1565 1984 5075
202 1160 5076
452 1197 5077
112 1354 5078
1007 1881 5079
136 2005 5080
128 1708 5081
270 1820 5082
136 246 5083
582 818 5084
645 1384 5085
1578 1623 5086
694 1196 5087
1375 1966 5088
153 452 5089
1253 1420 5090
1268 1924 5091
604 1283 5092
1714 1892 5093
628 1534 5094
853 1814 5095
1463 1743 5096
1054 1066 5097
1167 2030 5098
174 1424 5099
718 1669 5100
1182 1668 5101
2118 2137 5102
1224 1845 5103
163 1590 5104
713 1668 5105
1623 2029 5106
213 1842 5107
452 1704 5108
1784 1957 5109
317 476 5110
699 1020 5111
965 1345 5112
711 1152 5113
769 1975 5114
981 1078 5115
464 2032 5116
942 1285 5117
604 1337 5118
1117 1708 5119
1106 1268 5120
1258 1881 5121
6 714 5122
795 2032 5123
921 1344 5124
1576 2048 5125
650 824 5126
1069 1385 5127
1411 1940 5128
726 1497 5129
963 2078 5130
1280 1862 5131
1420 1471 5132
122 1841 5133
1220 2003 5134
332 1046 5135
1303 2086 5136
981 1076 5137
1576 1732 5138
658 1392 5139
427 1668 5140
632 1862 5141
920 2113 5142
452 1695 5143
1392 1635 5144
1560 1765 5145
246 1938 5146
1354 1366 5147
535 694 5148
99 2113 5149
1814 2118 5150
1965 2002 5151
1611 2032 5152
509 928 5153
243 2022 5154
882 1708 5155
1 2041 5156
188 1050 5157
1842 1975 5158
66 1777 5159
1476 1920 5160
750 1795 5161
1637 2071 5162
1001 1399 5163
1129 1779 5164
694 884 5165
1069 1071 5166
680 882 5167
969 1111 5168
1704 1867 5169
246 713 5170
1177 1276 5171
405 884 5172
997 1486 5173
452 901 5174
818 1676 5175
257 759 5176
1379 1578 5177
699 2048 5178
317 418 5179
498 1242 5180
599 1708 5181
154 1361 5182
302 484 5183
963 1274 5184
1784 1845 5185
1873 2058 5186
94 405 5187
483 1375 5188
881 1507 5189
422 1665 5190
153 1983 5191
1362 1904 5192
1268 1416 5193
1590 1884 5194
105 1453 5195
529 2071 5196
862 1513 5197
161 782 5198
708 851 5199
1676 2078 5200
128 882 5201
419 1635 5202
1173 1366 5203
1344 1804 5204
178 1578 5205
873 1471 5206
671 1264 5207
710 1239 5208
202 1462 5209
1647 1920 5210
801 1837 5211
363 1177 5212
983 1676 5213
1295 2044 5214
892 1738 5215
1177 1622 5216
1545 2081 5217
345 509 5218
465 2032 5219
153 2030 5220
698 925 5221
105 1316 5222
882 1117 5223
1118 1125 5224
1578 1699 5225
834 1965 5226
122 987 5227
878 2042 5228
1102 1758 5229
53 1426 5230
770 1298 5231
739 1496 5232
1481 1578 5233
56 1268 5234
99 1095 5235
997 1886 5236
269 1096 5237
1066 2118 5238
1239 1916 5239
1118 1818 5240
1179 1517 5241
1321 1784 5242
1289 1344 5243
1019 1181 5244
1777 1936 5245
713 2005 5246
1162 1262 5247
1573 1871 5248
1777 2014 5249
270 932 5250
498 1396 5251
309 1963 5252
882 1751 5253
1476 1779 5254
74 316 5255
394 1177 5256
1152 1177 5257
512 822 5258
751 1784 5259
1477 1695 5260
422 911 5261
832 1268 5262
1146 1964 5263
383 2094 5264
963 1152 5265
763 1837 5266
498 1814 5267
2081 2094 5268
714 1496 5269
1350 1948 5270
1060 1779 5271
1704 1983 5272
502 1209 5273
1019 1669 5274
993 1096 5275
1253 1590 5276
737 1832 5277
877 2002 5278
2078 2118 5279
892 1963 5280
1101 1779 5281
38 2113 5282
694 1554 5283
332 1375 5284
1102 1581 5285
1635 2003 5286
1679 1820 5287
309 698 5288
811 1581 5289
1435 1876 5290
103 1053 5291
243 1477 5292
1295 1964 5293
1530 1924 5294
1576 1759 5295
69 699 5296
431 836 5297
901 1626 5298
1184 1486 5299
1321 1884 5300
630 1096 5301
799 1708 5302
962 2078 5303
1578 1681 5304
1871 2053 5305
1477 1576 5306
461 1426 5307
1182 1842 5308
1113 1964 5309
1375 1896 5310
309 878 5311
676 901 5312
153 1477 5313
186 1268 5314
1065 1242 5315
759 1129 5316
884 1554 5317
116 1357 5318
737 1853 5319
884 1576 5320
1841 2032 5321
651 1253 5322
739 2032 5323
766 911 5324
1184 1899 5325
1046 1896 5326
12 1676 5327
829 1554 5328
718 1181 5329
1818 2100 5330
57 1784 5331
1222 2100 5332
1820 1867 5333
178 811 5334
137 1426 5335
942 1506 5336
32 901 5337
954 1755 5338
1298 1743 5339
966 1660 5340
988 1821 5341
73 1361 5342
763 1590 5343
1849 2092 5344
1069 1426 5345
316 1814 5346
829 1821 5347
698 1709 5348
942 1044 5349
911 1665 5350
211 1679 5351
183 1426 5352
1052 1184 5353
759 1980 5354
699 1732 5355
666 2048 5356
1200 1763 5357
1486 1868 5358
1732 2048 5359
535 1362 5360
751 1965 5361
965 1821 5362
1435 1550 5363
705 1177 5364
782 1842 5365
1384 1644 5366
981 1414 5367
1477 2092 5368
69 1576 5369
316 1350 5370
128 1350 5371
950 1385 5372
1020 1704 5373
1868 1925 5374
822 2094 5375
971 1777 5376
69 1546 5377
1695 2022 5378
512 1545 5379
714 987 5380
345 2078 5381
171 977 5382
759 1424 5383
192 1274 5384
727 1779 5385
1065 1200 5386
1071 1385 5387
1471 1590 5388
1038 1361 5389
1129 1517 5390
737 864 5391
1888 2032 5392
211 2030 5393
1477 2048 5394
892 1645 5395
1066 2134 5396
1196 1362 5397
1350 1476 5398
1486 1534 5399
1499 1779 5400
345 1494 5401
962 1350 5402
699 901 5403
739 1271 5404
766 1144 5405
1568 2113 5406
1 1576 5407
1271 1645 5408
1366 1635 5409
1854 1965 5410
1732 1820 5411
822 1545 5412
1060 1129 5413
1626 2048 5414
405 829 5415
359 2032 5416
1181 1669 5417
1350 2116 5418
1144 1665 5419
597 1177 5420
911 1144 5421
1476 1708 5422
1664 1666 5423
1095 2113 5424
1317 1546 5425
711 2078 5426
1138 1357 5427
74 1494 5428
698 1805 5429
963 1708 5430
213 921 5431
772 842 5432
1180 2032 5433
1428 1498 5434
847 1705 5435
916 2032 5436
818 2118 5437
1350 2118 5438
808 1774 5439
2031 2094 5440
698 1328 5441
1786 1912 5442
1695 1983 5443
882 1476 5444
1516 1925 5445
1289 2045 5446
988 1362 5447
69 2022 5448
452 1820 5449
316 1494 5450
694 1821 5451
554 2134 5452
418 1350 5453
799 882 5454
994 1837 5455
1350 2038 5456
264 842 5457
534 1494 5458
857 2100 5459
1350 1708 5460
437 1350 5461
604 1041 5462
1099 2042 5463
1167 1679 5464
1578 1755 5465
983 2118 5466
995 2107 5467
2032 2115 5468
759 1060 5469
884 1826 5470
1007 2032 5471
1695 2041 5472
642 892 5473
676 1820 5474
787 1644 5475
1152 2078 5476
1494 2088 5477
928 2078 5478
66 1907 5479
725 1963 5480
873 893 5481
1350 2039 5482
737 1253 5483
942 1585 5484
1724 1963 5485
917 1912 5486
317 1357 5487
509 1177 5488
1704 2048 5489
227 1644 5490
714 1271 5491
1275 1357 5492
84 842 5493
474 1271 5494
873 1420 5495
1931 1963 5496
211 1820 5497
1046 1907 5498
690 1350 5499
903 995 5500
1420 1590 5501
842 911 5502
1020 2048 5503
698 795 5504
882 1350 5505
1303 1988 5506
496 1350 5507
69 153 5508
1123 1774 5509
1232 1303 5510
1613 1644 5511
699 1167 5512
718 1053 5513
1186 1912 5514
1054 2134 5515
168 1963 5516
1138 1811 5517
152 2113 5518
1344 1494 5519
859 1303 5520
1350 1751 5521
1574 2078 5522
534 1350 5523
302 1350 5524
837 1912 5525
1209 1826 5526
1274 1964 5527
1121 1268 5528
116 1303 5529
630 1041 5530
843 1194 5531
751 1474 5532
461 1497 5533
318 2048 5534
836 1384 5535
449 842 5536
821 1184 5537
1054 1350 5538
688 1303 5539
345 1274 5540
990 1912 5541
1258 2032 5542
921 1289 5543
383 1350 5544
928 1274 5545
1152 1274 5546
751 897 5547
931 1453 5548
711 1177 5549
1704 2022 5550
244 995 5551
708 1494 5552
1065 1573 5553
1497 1916 5554
1096 1545 5555
153 2048 5556
1710 1758 5557
694 829 5558
1099 1879 5559
1576 1704 5560
122 1271 5561
1576 1820 5562
1177 2116 5563
650 1289 5564
1271 2032 5565
1476 2078 5566
1774 2056 5567
878 1099 5568
197 1041 5569
1586 2063 5570
1784 1965 5571
1596 1912 5572
1184 1868 5573
1224 1965 5574
878 1989 5575
220 1099 5576
1001 1041 5577
1214 1590 5578
246 869 5579
1477 1679 5580
651 1590 5581
892 1194 5582
844 1184 5583
880 1837 5584
1289 1524 5585
1316 1916 5586
1246 1586 5587
893 1590 5588
1049 2100 5589
1361 1673 5590
1099 1927 5591
1303 1357 5592
1704 1732 5593
737 873 5594
175 995 5595
1268 1975 5596
751 1957 5597
1664 2071 5598
642 1989 5599
1354 2113 5600
651 873 5601
1102 1673 5602
1635 2113 5603
850 2113 5604
1545 2031 5605
930 2090 5606
1237 1837 5607
987 2032 5608
1301 1580 5609
1114 1673 5610
671 999 5611
699 1695 5612
997 1534 5613
1019 1053 5614
1868 2017 5615
698 1989 5616
942 2071 5617
723 1049 5618
1788 2017 5619
966 1194 5620
1303 2035 5621
1152 1350 5622
1496 2032 5623
1022 1580 5624
1538 1963 5625
1684 1963 5626
782 921 5627
847 960 5628
1053 1669 5629
1375 1907 5630
842 1144 5631
1041 1492 5632
1621 2090 5633
1428 1989 5634
1303 1482 5635
1357 1844 5636
1271 2027 5637
873 1165 5638
1053 1181 5639
1292 1295 5640
1820 2048 5641
931 2129 5642
942 1137 5643
995 1868 5644
2005 2061 5645
902 931 5646
1167 2048 5647
1580 1647 5648
653 1041 5649
1274 2132 5650
1385 1426 5651
1357 2019 5652
1545 2094 5653
1774 1963 5654
1675 1916 5655
1271 1496 5656
1586 1673 5657
799 1350 5658
1184 1534 5659
1184 2017 5660
737 1590 5661
954 1581 5662
902 1604 5663
1138 1621 5664
1050 1839 5665
1065 1814 5666
1453 1578 5667
1770 1876 5668
1350 1892 5669
1049 1118 5670
1049 1940 5671
1393 1876 5672
1099 1314 5673
1194 1864 5674
1288 1289 5675
1673 1710 5676
1362 1576 5677
1414 1530 5678
1008 1289 5679
818 2090 5680
1298 1303 5681
1590 1674 5682
1753 1963 5683
896 1912 5684
759 1779 5685
836 1513 5686
1494 1862 5687
765 1260 5688
1194 1826 5689
1350 2078 5690
1494 1708 5691
1177 1350 5692
1743 1774 5693
1049 1644 5694
1194 1936 5695
754 1194 5696
1076 2134 5697
882 1494 5698
1078 2134 5699
995 1184 5700
698 1963 5701
