337 935 1
1403 1630 2
1403 1602 3
1602 1972 4
1403 1976 5
1630 1972 6
1403 1972 7
1602 1630 8
1284 1403 9
1403 2117 10
337 1382 11
1284 1630 12
1284 1976 13
1630 1976 14
1630 2117 15
1284 1972 16
337 1748 17
109 1284 18
75 1429 19
1284 2117 20
109 1976 21
109 2117 22
1972 1976 23
342 1429 24
109 1972 25
1972 2117 26
1976 2117 27
109 1403 28
109 1602 29
935 1382 30
518 1403 31
518 1630 32
935 1748 33
1284 1602 34
224 1972 35
924 1454 36
341 1602 37
341 1972 38
1430 1972 39
224 1602 40
518 2117 41
518 1976 42
1241 1429 43
1602 2117 44
224 1976 45
1430 1602 46
1284 1397 47
1454 1942 48
224 2117 49
341 1403 50
518 1284 51
109 1630 52
30 75 53
119 121 54
1403 1430 55
1284 2114 56
1454 2007 57
341 1284 58
518 1602 59
341 1630 60
1241 2135 61
224 1630 62
1430 1976 63
1602 1976 64
341 518 65
341 2117 66
518 1972 67
1430 1630 68
924 1942 69
342 1241 70
1397 1976 71
341 1976 72
1397 2117 73
75 342 74
1430 2117 75
518 1430 76
1397 1630 77
1976 2114 78
61 1241 79
1942 2007 80
390 1442 81
1397 2114 82
1630 2114 83
61 75 84
924 2007 85
1284 1430 86
1130 1429 87
1397 1403 88
1432 2052 89
2114 2117 90
518 1397 91
1397 1972 92
30 1241 93
660 2068 94
30 1429 95
502 847 96
1403 2114 97
342 1130 98
1130 1241 99
75 1563 100
75 1130 101
1976 2015 102
518 2114 103
1972 2114 104
587 1241 105
1429 2135 106
2015 2117 107
75 2135 108
61 1429 109
341 1397 110
117 847 111
686 1432 112
221 847 113
1397 1602 114
1403 2015 115
1602 2015 116
1454 1514 117
1972 2015 118
342 2135 119
80 1442 120
341 1430 121
1284 2015 122
300 847 123
847 1776 124
207 675 125
1397 1430 126
384 660 127
384 1134 128
80 390 129
341 2114 130
1630 2015 131
518 2015 132
1602 2114 133
207 1445 134
675 1445 135
686 2052 136
1002 1541 137
675 1432 138
907 1972 139
61 342 140
341 2015 141
847 952 142
1130 2135 143
675 2052 144
660 1134 145
581 1404 146
907 1602 147
75 587 148
1430 2114 149
249 518 150
61 2135 151
527 847 152
300 1776 153
1514 1942 154
856 1630 155
865 1241 156
1430 2015 157
341 497 158
856 1976 159
30 1563 160
214 675 161
356 847 162
900 1985 163
224 856 164
1397 2015 165
856 2117 166
207 1312 167
568 847 168
587 2135 169
924 1514 170
2015 2114 171
856 1403 172
847 1772 173
518 810 174
856 1972 175
113 686 176
207 214 177
1514 2007 178
856 1602 179
1312 1432 180
847 1205 181
502 1776 182
117 1776 183
61 1130 184
113 1432 185
207 798 186
270 847 187
847 1806 188
686 827 189
1104 1432 190
587 1130 191
7 924 192
249 341 193
952 1776 194
907 2117 195
46 1432 196
1134 2068 197
113 1104 198
113 827 199
191 847 200
827 1104 201
144 686 202
384 2068 203
1269 1949 204
503 1432 205
847 1172 206
1776 1806 207
300 952 208
1104 2052 209
75 865 210
117 300 211
865 1429 212
1269 1937 213
351 581 214
955 2127 215
865 2135 216
113 144 217
477 847 218
1312 2052 219
356 1776 220
856 1397 221
46 686 222
113 783 223
117 502 224
120 654 225
686 783 226
827 1158 227
847 1945 228
581 673 229
871 1756 230
113 2052 231
341 810 232
46 2052 233
214 1445 234
1555 1958 235
686 1104 236
692 847 237
51 1075 238
675 1104 239
300 356 240
570 686 241
581 1629 242
654 1937 243
847 1193 244
15 871 245
1429 1733 246
300 1806 247
1281 1555 248
341 687 249
856 2114 250
75 395 251
144 783 252
1454 1584 253
144 1104 254
660 2091 255
1312 1445 256
7 1454 257
1104 1445 258
1281 1958 259
214 2052 260
675 686 261
1432 1445 262
113 570 263
51 736 264
561 1389 265
207 2052 266
342 865 267
0 1469 268
798 2052 269
518 790 270
503 2052 271
351 1629 272
871 1766 273
570 827 274
224 907 275
351 1404 276
865 1130 277
300 502 278
783 1104 279
686 1528 280
7 2007 281
214 798 282
46 1104 283
144 1528 284
687 1430 285
113 503 286
570 1104 287
503 1040 288
654 1269 289
1087 1415 290
337 1921 291
144 1500 292
675 1312 293
686 1040 294
686 1158 295
847 2092 296
747 1555 297
1404 1629 298
207 1104 299
221 300 300
1158 1432 301
0 1269 302
1104 1158 303
675 798 304
798 1432 305
1279 1415 306
245 1958 307
1445 2052 308
0 654 309
144 827 310
1454 1505 311
497 1430 312
847 1923 313
375 1828 314
342 1733 315
503 1104 316
46 113 317
61 587 318
686 1500 319
207 1432 320
673 1404 321
1937 2004 322
117 356 323
581 1267 324
924 1505 325
1937 1949 326
692 1776 327
341 360 328
356 477 329
113 1158 330
356 952 331
1269 1469 332
113 687 333
570 1528 334
113 1856 335
590 686 336
747 2023 337
400 1555 338
400 747 339
400 1281 340
1555 2023 341
570 1040 342
736 1075 343
1828 1863 344
827 1445 345
249 1430 346
590 1040 347
552 557 348
144 1158 349
840 1325 350
847 2030 351
117 568 352
341 1285 353
952 1806 354
747 1281 355
503 686 356
1104 1768 357
1104 1856 358
673 1629 359
1320 1741 360
113 207 361
468 623 362
686 1445 363
224 1531 364
356 1806 365
1104 1312 366
747 1958 367
1772 1776 368
707 1270 369
570 783 370
1776 1945 371
117 221 372
391 1206 373
391 2049 374
907 1430 375
65 2049 376
221 502 377
1505 2007 378
400 1958 379
783 827 380
341 790 381
356 502 382
502 1806 383
2068 2091 384
113 1445 385
1040 1432 386
245 1281 387
1087 1279 388
783 1500 389
351 673 390
1281 2023 391
502 1772 392
783 1528 393
1440 2049 394
1958 2023 395
840 1654 396
581 1987 397
810 1430 398
951 1432 399
127 970 400
570 1500 401
117 952 402
337 1371 403
654 1949 404
395 1563 405
570 1158 406
1040 2052 407
1193 1776 408
1505 1942 409
144 687 410
547 942 411
86 942 412
300 1945 413
1270 1654 414
654 2004 415
783 1158 416
942 1450 417
1584 2007 418
245 747 419
1104 1528 420
191 502 421
114 847 422
1267 1404 423
1500 1528 424
113 532 425
856 907 426
502 568 427
64 1454 428
440 623 429
113 1500 430
113 675 431
360 1430 432
300 1193 433
503 590 434
120 1937 435
1206 1440 436
502 952 437
86 1450 438
0 2004 439
502 1193 440
502 692 441
117 477 442
568 1776 443
747 2076 444
840 913 445
144 1702 446
1040 1104 447
590 1104 448
827 1528 449
391 1694 450
1104 1500 451
1937 2123 452
113 1528 453
827 1856 454
165 613 455
1531 1976 456
1206 1794 457
117 1806 458
687 1500 459
1949 2004 460
191 300 461
113 1768 462
221 952 463
840 1270 464
267 1450 465
1469 1557 466
532 827 467
1404 1987 468
191 1776 469
470 924 470
144 1856 471
840 1680 472
7 1942 473
686 1702 474
300 1772 475
934 2054 476
0 120 477
86 267 478
65 1206 479
951 1040 480
847 1970 481
686 1768 482
440 468 483
1454 1539 484
1206 2049 485
113 1040 486
1584 1942 487
144 532 488
356 527 489
1349 1935 490
687 1528 491
1469 1937 492
687 1744 493
867 1415 494
1168 1741 495
827 1500 496
951 2052 497
1281 2076 498
1325 1654 499
46 570 500
686 951 501
867 1087 502
2023 2076 503
221 568 504
1172 1776 505
968 1374 506
1380 1454 507
790 1430 508
943 1555 509
530 1133 510
675 1721 511
34 1454 512
375 1863 513
871 1033 514
267 942 515
356 568 516
1654 1680 517
707 840 518
300 692 519
1662 1808 520
64 2007 521
249 687 522
1555 2076 523
64 924 524
1325 1680 525
1158 1528 526
300 477 527
1469 1949 528
1949 2123 529
827 1467 530
1958 2076 531
502 1945 532
391 1334 533
783 1856 534
169 1227 535
391 1440 536
117 1772 537
798 1445 538
1617 1935 539
356 1772 540
783 1768 541
67 86 542
250 1331 543
391 1794 544
570 1768 545
46 503 546
687 1468 547
221 1205 548
113 1312 549
771 1206 550
547 1450 551
952 1193 552
120 1269 553
67 942 554
673 1267 555
867 1279 556
191 527 557
18 440 558
736 1300 559
924 1539 560
477 502 561
346 1454 562
707 1654 563
64 1514 564
783 1702 565
245 2023 566
51 1300 567
868 1454 568
1398 1454 569
1500 1856 570
113 590 571
470 2007 572
86 2057 573
587 865 574
654 1469 575
300 568 576
1500 1768 577
169 536 578
984 1662 579
502 1205 580
527 1776 581
1158 1500 582
1514 1584 583
1694 2027 584
46 1040 585
847 926 586
1334 2049 587
86 547 588
1528 1702 589
67 267 590
674 1654 591
113 951 592
673 1987 593
65 391 594
1365 1401 595
687 1104 596
502 1923 597
351 1267 598
840 976 599
835 1520 600
952 1945 601
984 1808 602
191 356 603
1629 1987 604
117 1205 605
356 692 606
1694 2049 607
34 924 608
924 1398 609
67 1450 610
502 1172 611
1251 1389 612
7 1514 613
952 1772 614
1270 1325 615
140 365 616
943 1958 617
267 547 618
847 1020 619
1205 1776 620
1417 1950 621
1158 1856 622
1539 1942 623
3 86 624
1450 1637 625
942 1637 626
120 2004 627
391 2027 628
798 1104 629
1500 1702 630
221 1806 631
686 1312 632
1505 1514 633
221 1772 634
1104 1467 635
65 1334 636
1539 2007 637
2027 2049 638
356 1205 639
943 1281 640
1130 1733 641
346 924 642
1103 2049 643
827 1702 644
477 527 645
1309 1754 646
687 1754 647
34 2007 648
529 942 649
635 687 650
561 1251 651
847 1678 652
868 924 653
1193 1806 654
113 1702 655
300 1923 656
1806 1945 657
1389 1519 658
117 1172 659
972 1489 660
856 1531 661
1450 2057 662
346 2007 663
687 1823 664
191 952 665
477 952 666
245 400 667
1389 1734 668
1267 1629 669
391 985 670
913 976 671
1206 2027 672
942 2051 673
144 1768 674
356 1945 675
1994 2106 676
335 365 677
1742 1950 678
687 1158 679
561 1519 680
1794 2049 681
440 973 682
780 855 683
300 1978 684
572 1320 685
267 1637 686
1776 1923 687
942 1990 688
86 1990 689
527 926 690
868 2007 691
1104 1702 692
300 1172 693
623 851 694
191 477 695
1075 1300 696
1402 1489 697
120 1469 698
590 1432 699
477 1945 700
249 810 701
976 1325 702
985 1694 703
100 267 704
270 527 705
561 1734 706
1528 1768 707
847 1978 708
568 1806 709
687 827 710
687 1309 711
663 1135 712
64 1942 713
1310 1563 714
351 1987 715
438 530 716
1206 1694 717
1776 1970 718
1398 1942 719
1469 2004 720
1772 1806 721
356 1978 722
1528 1856 723
140 335 724
300 1205 725
86 100 726
1389 1801 727
86 2051 728
86 1637 729
267 2051 730
582 2069 731
1450 1990 732
87 847 733
561 1801 734
674 840 735
1768 1856 736
10 1950 737
532 1528 738
692 952 739
922 1325 740
3 267 741
590 2052 742
1440 1694 743
2031 2094 744
707 1680 745
996 1778 746
1398 2007 747
391 1103 748
913 1680 749
267 1990 750
707 1325 751
67 1637 752
120 1949 753
1450 2051 754
67 547 755
532 783 756
822 2094 757
1514 1731 758
470 1942 759
996 1090 760
1168 1320 761
191 692 762
100 942 763
160 1401 764
245 2076 765
356 1172 766
67 100 767
1620 1958 768
557 1076 769
47 581 770
67 2051 771
86 779 772
1440 1794 773
3 942 774
674 1325 775
562 1017 776
891 1387 777
113 1467 778
407 581 779
65 1103 780
1158 1467 781
779 942 782
840 922 783
65 1694 784
65 1440 785
421 2054 786
86 529 787
267 2057 788
547 1990 789
687 783 790
985 2049 791
221 1193 792
827 1768 793
1195 1941 794
300 1970 795
66 1694 796
1270 1680 797
532 1158 798
1776 1978 799
502 2030 800
547 1637 801
1380 1942 802
64 1505 803
100 1450 804
267 1444 805
49 802 806
224 1998 807
1440 2027 808
674 1270 809
780 831 810
3 1450 811
86 1444 812
1206 1334 813
1756 1766 814
1017 1305 815
707 976 816
922 1270 817
1158 1702 818
1417 1742 819
683 1610 820
568 952 821
976 1654 822
1937 2084 823
259 1333 824
1281 1620 825
288 1941 826
942 1444 827
46 590 828
151 1211 829
536 1227 830
67 1990 831
1444 1450 832
529 1450 833
10 1417 834
235 687 835
765 942 836
891 1834 837
924 1380 838
1514 1539 839
590 951 840
1103 1694 841
186 623 842
714 1694 843
477 1806 844
19 98 845
527 1205 846
547 2051 847
46 951 848
407 1404 849
256 1480 850
191 568 851
942 1386 852
838 1145 853
1334 2027 854
365 480 855
1010 1941 856
1490 2026 857
985 1206 858
1388 1840 859
1445 1721 860
18 623 861
267 779 862
477 568 863
1158 1768 864
30 384 865
532 1768 866
654 1970 867
922 1680 868
771 1794 869
400 943 870
952 1978 871
683 1572 872
1334 1694 873
3 547 874
468 2058 875
267 529 876
468 589 877
1572 1610 878
221 692 879
1371 1762 880
783 1467 881
922 1654 882
942 1887 883
144 1467 884
692 1772 885
194 1333 886
527 1983 887
440 1530 888
952 1172 889
65 985 890
913 1654 891
254 1017 892
790 810 893
687 1768 894
552 1076 895
194 259 896
1702 1856 897
11 30 898
421 934 899
976 1680 900
356 1923 901
1469 2123 902
822 2031 903
249 790 904
1398 1514 905
891 1879 906
120 191 907
1545 2094 908
1637 1990 909
249 497 910
254 562 911
838 1605 912
913 1270 913
86 1716 914
1387 1834 915
527 2092 916
1467 1856 917
568 1772 918
68 1511 919
209 1773 920
417 557 921
67 1444 922
952 1205 923
3 67 924
10 1742 925
365 1968 926
388 1135 927
497 687 928
67 2057 929
1772 1945 930
1334 1794 931
86 765 932
98 256 933
100 547 934
855 1752 935
687 1702 936
654 2084 937
356 1970 938
86 1386 939
267 1716 940
563 1972 941
1637 2051 942
140 145 943
687 953 944
1429 2077 945
81 1133 946
65 1794 947
254 1305 948
687 810 949
831 1097 950
440 1668 951
714 2027 952
855 1729 953
798 1312 954
1773 1809 955
822 2081 956
985 1440 957
985 1334 958
191 1205 959
440 2087 960
685 1016 961
440 609 962
1519 1734 963
1016 1188 964
529 2057 965
86 1162 966
704 891 967
784 1454 968
342 2077 969
240 1061 970
267 1386 971
335 480 972
683 920 973
325 942 974
779 1450 975
1800 2054 976
223 1469 977
942 1716 978
126 692 979
267 765 980
568 1193 981
1309 1468 982
100 2057 983
151 1187 984
2081 2094 985
391 1659 986
267 1162 987
186 851 988
1450 1716 989
34 1942 990
224 656 991
831 855 992
1734 1801 993
100 529 994
952 1923 995
207 1721 996
502 1978 997
1205 1806 998
2051 2057 999
98 1480 1000
568 1205 1001
1090 1778 1002
1799 1941 1003
1349 1617 1004
100 1637 1005
568 1172 1006
1251 1519 1007
674 913 1008
452 847 1009
704 1387 1010
47 1404 1011
388 663 1012
797 1061 1013
942 2057 1014
49 147 1015
59 2049 1016
191 1772 1017
400 1620 1018
346 1942 1019
365 634 1020
692 1205 1021
1449 2026 1022
67 529 1023
190 224 1024
976 1270 1025
527 1978 1026
654 2123 1027
120 2123 1028
562 1305 1029
1277 1387 1030
1990 2057 1031
1037 1840 1032
1206 1819 1033
1830 1909 1034
65 2027 1035
855 1097 1036
117 1978 1037
1103 2027 1038
552 1784 1039
707 922 1040
68 215 1041
491 1896 1042
140 634 1043
868 1942 1044
942 1785 1045
140 1968 1046
15 1756 1047
547 1386 1048
617 870 1049
1468 1744 1050
547 1162 1051
240 797 1052
502 1970 1053
547 765 1054
674 1680 1055
771 2049 1056
1172 1205 1057
1637 1887 1058
1193 1945 1059
1193 1923 1060
1444 1637 1061
267 1887 1062
942 1507 1063
547 1716 1064
891 1277 1065
477 692 1066
191 1978 1067
47 351 1068
985 2027 1069
1659 2049 1070
1945 1970 1071
1251 1801 1072
532 1702 1073
692 1923 1074
203 557 1075
943 2023 1076
547 1887 1077
1172 1806 1078
934 1800 1079
529 1637 1080
1205 1772 1081
335 1968 1082
179 1257 1083
1193 1772 1084
1990 2051 1085
59 1206 1086
108 365 1087
86 1785 1088
771 1440 1089
527 1020 1090
952 1970 1091
1103 1440 1092
267 1785 1093
116 365 1094
657 891 1095
3 100 1096
133 1202 1097
547 1444 1098
572 1741 1099
67 779 1100
527 1172 1101
835 1720 1102
704 1834 1103
191 1193 1104
468 1842 1105
707 913 1106
692 1970 1107
107 1371 1108
1387 1879 1109
1277 1834 1110
477 1205 1111
179 1291 1112
657 1387 1113
1520 1720 1114
86 1229 1115
0 177 1116
1468 1754 1117
1806 1978 1118
512 822 1119
503 951 1120
1694 1794 1121
1386 1450 1122
831 1752 1123
145 365 1124
249 360 1125
1806 1970 1126
942 1229 1127
360 497 1128
491 891 1129
43 623 1130
527 1679 1131
557 1078 1132
235 1309 1133
822 1545 1134
67 1716 1135
529 1990 1136
1637 2057 1137
86 1887 1138
3 529 1139
108 140 1140
43 468 1141
891 1927 1142
1257 1291 1143
1309 1744 1144
477 1978 1145
1444 1990 1146
529 2051 1147
130 1882 1148
557 1784 1149
209 1809 1150
687 1866 1151
1467 1500 1152
335 634 1153
1444 2057 1154
145 480 1155
942 1162 1156
100 2051 1157
267 1229 1158
657 1879 1159
91 558 1160
158 1520 1161
1450 1785 1162
687 790 1163
1172 1772 1164
1450 1887 1165
67 765 1166
126 808 1167
497 810 1168
692 1193 1169
1145 1633 1170
65 771 1171
920 1572 1172
1097 1729 1173
0 1557 1174
347 553 1175
256 1381 1176
568 1923 1177
847 1099 1178
1444 2051 1179
267 1507 1180
838 1633 1181
224 1636 1182
65 714 1183
780 1097 1184
1834 1879 1185
140 480 1186
529 547 1187
100 1444 1188
108 335 1189
1620 2076 1190
65 66 1191
463 774 1192
623 2087 1193
532 1856 1194
1193 1205 1195
4 140 1196
67 1162 1197
3 1637 1198
527 649 1199
1637 1716 1200
100 1990 1201
704 1879 1202
1468 1823 1203
43 851 1204
685 1188 1205
808 1123 1206
1097 1718 1207
1162 1450 1208
3 1990 1209
3 1444 1210
943 1620 1211
635 1468 1212
203 1078 1213
491 704 1214
1206 1659 1215
1440 1659 1216
1488 2026 1217
242 1898 1218
116 140 1219
557 856 1220
1277 1879 1221
1879 1927 1222
1659 1694 1223
533 1058 1224
59 1440 1225
161 468 1226
224 557 1227
103 557 1228
477 1970 1229
657 1834 1230
145 335 1231
784 1942 1232
765 1450 1233
860 1999 1234
1744 1754 1235
3 2051 1236
114 527 1237
491 1387 1238
779 2057 1239
191 1970 1240
1135 1326 1241
1794 1819 1242
891 1314 1243
67 1386 1244
67 1507 1245
1172 1193 1246
704 1277 1247
1145 1605 1248
66 1440 1249
3 1386 1250
527 1970 1251
1659 2027 1252
771 985 1253
1192 1371 1254
1467 1768 1255
98 522 1256
856 1857 1257
374 703 1258
1314 1879 1259
1718 1729 1260
145 634 1261
209 702 1262
399 856 1263
3 2057 1264
3 779 1265
126 502 1266
407 673 1267
1387 1927 1268
1205 1945 1269
547 779 1270
1193 1978 1271
891 1872 1272
532 1467 1273
221 1923 1274
7 470 1275
1557 1949 1276
468 1364 1277
1229 1450 1278
635 1309 1279
654 1557 1280
771 2027 1281
100 1785 1282
256 887 1283
1545 2031 1284
2031 2081 1285
177 1469 1286
1103 1794 1287
1380 1584 1288
557 1602 1289
635 1744 1290
942 1458 1291
59 65 1292
702 1773 1293
942 967 1294
1887 2051 1295
527 1923 1296
1716 2051 1297
3 1716 1298
440 2058 1299
824 898 1300
985 1103 1301
1314 1387 1302
529 1386 1303
582 1027 1304
164 1762 1305
417 552 1306
86 1507 1307
1744 1823 1308
1033 1756 1309
47 1629 1310
116 335 1311
305 580 1312
1923 1945 1313
191 1945 1314
3 1785 1315
100 1716 1316
360 810 1317
1716 1990 1318
100 779 1319
468 973 1320
1535 2026 1321
1314 1834 1322
687 1400 1323
855 1724 1324
1702 1768 1325
480 634 1326
581 1838 1327
1450 1507 1328
440 1938 1329
1716 2057 1330
91 430 1331
529 1162 1332
123 490 1333
203 1076 1334
623 2058 1335
1557 1937 1336
1794 2027 1337
771 1103 1338
1490 1535 1339
90 1827 1340
65 1659 1341
522 1480 1342
920 1610 1343
985 1659 1344
1368 1906 1345
391 1819 1346
1387 1872 1347
108 480 1348
120 2084 1349
360 790 1350
497 790 1351
92 440 1352
158 835 1353
547 1785 1354
663 1326 1355
527 2030 1356
1507 2051 1357
1694 2032 1358
4 365 1359
779 2051 1360
120 1557 1361
67 1887 1362
529 1444 1363
325 547 1364
1033 1766 1365
15 1766 1366
547 1229 1367
18 43 1368
261 1906 1369
388 689 1370
1309 1823 1371
1387 1896 1372
860 1358 1373
1468 1866 1374
66 391 1375
1444 1716 1376
572 1168 1377
191 1923 1378
1724 1729 1379
67 1785 1380
140 1117 1381
2027 2032 1382
779 1637 1383
1064 2026 1384
1772 1970 1385
123 1750 1386
1133 1588 1387
1694 1929 1388
623 1842 1389
209 816 1390
47 1267 1391
261 1368 1392
808 1490 1393
1557 2004 1394
490 1750 1395
617 1547 1396
714 985 1397
4 480 1398
20 855 1399
529 765 1400
1773 1874 1401
101 1135 1402
147 558 1403
870 1547 1404
891 1896 1405
1444 1887 1406
635 1754 1407
1162 1637 1408
108 145 1409
216 1835 1410
529 1785 1411
780 2143 1412
100 1887 1413
140 859 1414
568 1970 1415
1754 1823 1416
480 1968 1417
4 145 1418
1277 1927 1419
657 1927 1420
1872 1879 1421
847 947 1422
52 582 1423
59 2027 1424
942 1506 1425
1505 1731 1426
1314 1927 1427
529 1887 1428
1334 1659 1429
100 765 1430
116 145 1431
657 1277 1432
168 780 1433
64 1731 1434
529 1716 1435
1999 2066 1436
940 1320 1437
657 704 1438
4 335 1439
1449 1490 1440
47 673 1441
765 1637 1442
1518 2096 1443
91 1484 1444
765 2057 1445
831 2143 1446
116 480 1447
440 2031 1448
3 1229 1449
1605 1633 1450
1945 1978 1451
1545 2081 1452
657 1314 1453
365 1117 1454
88 190 1455
634 1968 1456
704 1927 1457
714 1440 1458
860 2066 1459
1507 1637 1460
70 119 1461
547 1507 1462
51 1865 1463
714 771 1464
223 1949 1465
431 942 1466
780 1931 1467
855 2143 1468
1834 1872 1469
1162 1990 1470
529 779 1471
216 1155 1472
687 2059 1473
1834 1927 1474
1254 1869 1475
1404 1838 1476
491 1834 1477
209 576 1478
283 440 1479
200 366 1480
203 552 1481
235 1744 1482
256 522 1483
942 1044 1484
743 1768 1485
1162 2057 1486
235 1468 1487
491 1277 1488
63 775 1489
1819 2049 1490
98 2105 1491
502 1678 1492
763 1768 1493
692 1978 1494
1277 1314 1495
942 998 1496
1193 1970 1497
440 1693 1498
440 1057 1499
73 1518 1500
123 566 1501
235 1754 1502
249 1285 1503
468 1149 1504
831 1931 1505
1074 1320 1506
1358 1999 1507
702 1809 1508
100 1162 1509
1468 1607 1510
779 1990 1511
1834 1896 1512
1061 1198 1513
1887 1990 1514
103 552 1515
1744 1866 1516
779 1785 1517
1768 2094 1518
780 1718 1519
186 468 1520
365 1482 1521
224 1128 1522
123 906 1523
140 1482 1524
552 1078 1525
1386 1637 1526
1785 2051 1527
1358 2066 1528
1729 2143 1529
912 1518 1530
405 1821 1531
1005 1225 1532
1887 2057 1533
1729 1931 1534
77 824 1535
1809 1874 1536
104 2027 1537
1162 2051 1538
255 855 1539
942 1513 1540
1513 1637 1541
108 634 1542
1386 1990 1543
440 1842 1544
69 847 1545
704 1872 1546
1097 1724 1547
887 1480 1548
20 831 1549
49 558 1550
855 1718 1551
223 1269 1552
393 1515 1553
704 1896 1554
714 2032 1555
942 1903 1556
214 1625 1557
440 584 1558
1200 2037 1559
3 1162 1560
335 1117 1561
1386 2057 1562
1694 1847 1563
283 589 1564
765 1990 1565
365 688 1566
765 2051 1567
140 688 1568
784 1514 1569
1386 1444 1570
1785 1990 1571
1205 2030 1572
104 1694 1573
1518 2093 1574
101 663 1575
491 1879 1576
1205 1978 1577
67 1229 1578
1444 1785 1579
704 1314 1580
714 1794 1581
635 1823 1582
547 1676 1583
779 1716 1584
1277 1872 1585
1046 1966 1586
1785 2057 1587
267 325 1588
1723 2026 1589
1752 1931 1590
1929 2027 1591
50 724 1592
1386 2051 1593
168 855 1594
123 1463 1595
90 386 1596
1097 1752 1597
1518 2010 1598
86 325 1599
765 1444 1600
100 1386 1601
283 468 1602
325 1450 1603
714 1659 1604
779 1887 1605
491 2030 1606
114 270 1607
1440 1819 1608
855 1931 1609
163 557 1610
70 121 1611
388 1326 1612
512 2081 1613
655 2007 1614
1064 1490 1615
288 1195 1616
1076 1078 1617
126 654 1618
634 1117 1619
108 1968 1620
582 1089 1621
3 765 1622
689 1135 1623
1637 1785 1624
18 851 1625
967 1044 1626
388 925 1627
529 1229 1628
888 1318 1629
967 1506 1630
235 1607 1631
856 1998 1632
824 1920 1633
47 1987 1634
119 1933 1635
91 204 1636
101 388 1637
335 688 1638
145 1968 1639
270 2030 1640
696 870 1641
810 1285 1642
20 780 1643
1074 1741 1644
967 998 1645
617 696 1646
714 1103 1647
1400 1468 1648
255 1729 1649
388 1236 1650
623 1121 1651
838 1234 1652
240 1198 1653
190 819 1654
267 1458 1655
386 1827 1656
547 1458 1657
855 958 1658
771 1819 1659
808 2026 1660
431 1637 1661
687 1740 1662
831 1718 1663
1872 1927 1664
417 959 1665
1064 1535 1666
2009 2026 1667
200 2131 1668
495 2107 1669
366 2131 1670
663 689 1671
831 1724 1672
1103 1659 1673
2084 2123 1674
110 1097 1675
589 1842 1676
687 1321 1677
1879 1896 1678
1715 1773 1679
440 2005 1680
808 2056 1681
1205 1923 1682
86 1513 1683
335 859 1684
1450 1513 1685
1450 1458 1686
230 1005 1687
1075 1865 1688
52 2069 1689
219 1460 1690
554 942 1691
558 606 1692
1309 1607 1693
1823 1866 1694
59 1103 1695
491 1571 1696
1400 1744 1697
86 1458 1698
121 1933 1699
431 547 1700
1172 1923 1701
1314 1872 1702
403 1562 1703
116 634 1704
409 1991 1705
512 1545 1706
779 1162 1707
906 1750 1708
1107 1577 1709
257 1450 1710
1229 1990 1711
314 1760 1712
126 2056 1713
519 654 1714
1488 1490 1715
110 1718 1716
657 1872 1717
552 1273 1718
209 2139 1719
431 1450 1720
110 831 1721
468 915 1722
257 547 1723
114 926 1724
1229 1637 1725
1334 1847 1726
267 1513 1727
88 819 1728
403 941 1729
66 491 1730
1386 1716 1731
1607 1754 1732
121 1436 1733
86 431 1734
835 1843 1735
1162 1444 1736
1607 1744 1737
9 557 1738
136 440 1739
480 859 1740
1277 1896 1741
1205 1970 1742
121 1169 1743
474 1694 1744
480 1117 1745
20 1097 1746
491 1872 1747
1970 1978 1748
145 1117 1749
1785 1887 1750
529 1458 1751
634 859 1752
1064 1723 1753
440 832 1754
266 1269 1755
43 186 1756
4 108 1757
267 431 1758
398 1390 1759
48 1192 1760
63 1306 1761
1531 1998 1762
116 1968 1763
270 2092 1764
440 1372 1765
121 734 1766
1117 1968 1767
1716 1785 1768
119 735 1769
119 1327 1770
1923 1970 1771
76 2082 1772
4 1968 1773
235 1823 1774
771 1659 1775
783 1463 1776
20 1752 1777
1135 1236 1778
365 859 1779
557 2109 1780
159 664 1781
145 688 1782
649 1983 1783
750 1676 1784
1097 1931 1785
888 1512 1786
1490 1723 1787
941 1562 1788
1584 1731 1789
63 627 1790
65 1819 1791
190 854 1792
4 634 1793
529 1123 1794
582 1367 1795
474 985 1796
967 1585 1797
3 1887 1798
145 2018 1799
255 1752 1800
490 566 1801
1556 1562 1802
203 417 1803
76 88 1804
121 1601 1805
201 1690 1806
76 190 1807
86 257 1808
103 2069 1809
114 2092 1810
480 1482 1811
123 1243 1812
1557 2123 1813
546 1631 1814
779 1386 1815
88 687 1816
119 1436 1817
1716 1887 1818
1720 1843 1819
335 1482 1820
1507 1990 1821
552 856 1822
797 1198 1823
837 1186 1824
403 1556 1825
634 688 1826
1229 2057 1827
119 734 1828
3 1507 1829
60 457 1830
66 1794 1831
257 267 1832
941 1556 1833
455 885 1834
1513 2057 1835
2093 2096 1836
203 2109 1837
463 1410 1838
998 1044 1839
119 1601 1840
915 2087 1841
121 1427 1842
145 859 1843
457 2037 1844
1507 1887 1845
529 1507 1846
505 888 1847
779 1229 1848
67 325 1849
121 1327 1850
689 1236 1851
1600 1935 1852
635 953 1853
33 2087 1854
635 1866 1855
73 2093 1856
557 1273 1857
347 828 1858
1386 1785 1859
837 990 1860
1607 1823 1861
72 824 1862
417 856 1863
959 1754 1864
168 1729 1865
662 833 1866
480 688 1867
452 676 1868
707 898 1869
765 1716 1870
88 2082 1871
166 1318 1872
1064 1449 1873
566 906 1874
1229 2051 1875
300 1678 1876
115 724 1877
683 1173 1878
35 724 1879
729 1631 1880
1229 1386 1881
1649 1828 1882
23 398 1883
255 780 1884
43 2087 1885
765 1785 1886
1162 1716 1887
1449 1535 1888
1449 1488 1889
468 584 1890
635 1400 1891
998 1506 1892
281 1761 1893
495 1261 1894
743 959 1895
91 559 1896
365 807 1897
323 440 1898
1679 2092 1899
609 915 1900
940 1741 1901
203 1280 1902
147 802 1903
491 1927 1904
121 236 1905
168 1097 1906
235 635 1907
1162 1785 1908
28 552 1909
121 735 1910
623 921 1911
35 115 1912
255 831 1913
837 1596 1914
780 1538 1915
958 1097 1916
566 1750 1917
1229 1716 1918
1076 1784 1919
582 1784 1920
18 186 1921
985 1929 1922
204 558 1923
490 906 1924
110 855 1925
859 1117 1926
589 888 1927
831 958 1928
52 1027 1929
688 1968 1930
985 1847 1931
1381 1480 1932
856 1078 1933
246 440 1934
2030 2092 1935
906 1463 1936
119 1427 1937
440 682 1938
1458 1990 1939
1715 1809 1940
159 1529 1941
552 743 1942
1490 2009 1943
1872 1896 1944
63 1377 1945
724 879 1946
743 783 1947
86 1903 1948
145 1482 1949
1819 2027 1950
1931 2143 1951
425 1564 1952
1403 2124 1953
103 1076 1954
119 236 1955
385 777 1956
707 1594 1957
73 2010 1958
628 1486 1959
110 1729 1960
76 819 1961
775 1023 1962
87 270 1963
1450 1903 1964
634 807 1965
1458 1637 1966
558 1484 1967
33 915 1968
606 774 1969
724 2075 1970
753 1803 1971
452 1983 1972
1107 1897 1973
232 707 1974
1400 1823 1975
168 831 1976
325 1776 1977
925 1135 1978
1507 1716 1979
1718 1931 1980
89 1875 1981
566 1463 1982
1896 1927 1983
325 2051 1984
4 1117 1985
463 558 1986
490 1603 1987
559 719 1988
1270 1594 1989
558 559 1990
589 1530 1991
998 1585 1992
1444 1507 1993
663 925 1994
399 1857 1995
4 116 1996
73 912 1997
52 552 1998
98 306 1999
663 1236 2000
20 1729 2001
1694 1819 2002
417 1754 2003
457 1215 2004
1594 2037 2005
123 1603 2006
502 1689 2007
1463 1750 2008
856 2109 2009
108 2018 2010
186 915 2011
683 1722 2012
725 855 2013
431 2057 2014
623 1530 2015
190 1298 2016
257 1990 2017
1318 1512 2018
452 1867 2019
1280 1856 2020
1718 1724 2021
100 1513 2022
270 1679 2023
86 554 2024
757 2033 2025
67 1458 2026
859 1968 2027
468 1182 2028
693 1475 2029
1583 2027 2030
116 1482 2031
1046 1375 2032
2010 2093 2033
116 1117 2034
657 1896 2035
1063 1727 2036
703 1376 2037
845 1460 2038
25 904 2039
942 1585 2040
66 1571 2041
1044 1506 2042
100 1229 2043
547 554 2044
887 1381 2045
474 2027 2046
1603 1768 2047
23 1390 2048
1094 2107 2049
1458 2051 2050
191 1678 2051
1236 1326 2052
49 1035 2053
1937 2119 2054
431 529 2055
586 1185 2056
765 779 2057
163 203 2058
325 1637 2059
223 1557 2060
505 1318 2061
43 1842 2062
110 1724 2063
463 606 2064
634 1482 2065
912 2093 2066
1513 2051 2067
98 577 2068
554 1450 2069
1724 1931 2070
481 1460 2071
546 729 2072
851 1107 2073
191 1576 2074
1204 1656 2075
190 834 2076
356 1678 2077
884 1821 2078
255 2143 2079
440 1350 2080
958 1752 2081
1488 1535 2082
203 1571 2083
761 839 2084
159 176 2085
765 1162 2086
1010 1799 2087
1148 1828 2088
750 1920 2089
190 1845 2090
529 1513 2091
953 1744 2092
1064 1488 2093
953 1468 2094
765 1887 2095
819 2082 2096
108 116 2097
985 1819 2098
108 688 2099
119 1169 2100
1186 1596 2101
60 1215 2102
1400 1754 2103
190 687 2104
430 559 2105
1243 1750 2106
91 719 2107
1784 2069 2108
1784 2082 2109
634 2018 2110
1535 1723 2111
1027 2069 2112
1143 1658 2113
1162 1386 2114
166 589 2115
145 807 2116
223 2123 2117
335 807 2118
121 1913 2119
270 926 2120
990 1186 2121
332 1046 2122
655 1942 2123
270 1020 2124
431 1990 2125
1064 2009 2126
1123 2057 2127
468 989 2128
257 1676 2129
597 705 2130
847 1705 2131
483 1046 2132
1309 1400 2133
750 824 2134
166 888 2135
856 1128 2136
328 1919 2137
958 1729 2138
309 835 2139
1162 1887 2140
286 2085 2141
557 790 2142
28 557 2143
651 856 2144
365 1988 2145
1513 1990 2146
1594 1680 2147
566 1243 2148
1891 2025 2149
440 1268 2150
745 1183 2151
790 1285 2152
1234 1605 2153
251 456 2154
1375 1966 2155
28 103 2156
116 859 2157
986 1063 2158
1334 2032 2159
1320 1733 2160
1229 1785 2161
1624 2027 2162
225 457 2163
1847 2027 2164
468 1693 2165
688 1117 2166
417 743 2167
1715 1874 2168
1103 1624 2169
1624 1694 2170
28 203 2171
623 1030 2172
4 807 2173
490 1463 2174
33 186 2175
190 656 2176
204 559 2177
529 1903 2178
417 1078 2179
714 1929 2180
1637 1903 2181
754 2030 2182
1020 1983 2183
265 463 2184
674 1594 2185
75 2067 2186
87 2092 2187
325 1990 2188
1103 1847 2189
1752 2143 2190
1201 2027 2191
101 925 2192
468 921 2193
115 2075 2194
576 816 2195
468 609 2196
477 1678 2197
819 854 2198
2107 2141 2199
906 1243 2200
100 1123 2201
226 679 2202
417 763 2203
558 719 2204
4 688 2205
854 2082 2206
270 1983 2207
582 1491 2208
783 1743 2209
837 1912 2210
87 114 2211
265 1410 2212
23 982 2213
1020 2092 2214
474 1440 2215
335 1988 2216
1506 1585 2217
237 1430 2218
224 2109 2219
552 2109 2220
926 1020 2221
953 1309 2222
725 831 2223
753 1247 2224
468 1372 2225
985 1624 2226
1935 2040 2227
66 1819 2228
990 1596 2229
688 859 2230
1247 1803 2231
730 1564 2232
67 1513 2233
4 1482 2234
226 1561 2235
257 1637 2236
267 554 2237
263 743 2238
1215 2037 2239
986 1727 2240
277 1768 2241
1162 1507 2242
554 1637 2243
9 552 2244
1133 1396 2245
204 430 2246
116 688 2247
765 1507 2248
411 840 2249
1250 1935 2250
483 1966 2251
67 431 2252
35 2075 2253
1659 2032 2254
20 2143 2255
1818 2079 2256
952 1678 2257
114 1679 2258
1727 2062 2259
4 859 2260
62 662 2261
98 1189 2262
104 1847 2263
417 1309 2264
431 2051 2265
1607 1866 2266
1610 1657 2267
765 1386 2268
1201 1694 2269
1314 1896 2270
440 921 2271
1659 1929 2272
325 529 2273
108 1482 2274
255 1724 2275
311 2085 2276
557 1884 2277
354 1625 2278
140 1988 2279
221 1678 2280
446 1460 2281
490 1700 2282
123 1700 2283
1678 1806 2284
2010 2096 2285
145 1988 2286
20 1724 2287
52 1089 2288
77 1676 2289
692 1678 2290
610 2085 2291
1063 2062 2292
911 1768 2293
1200 1594 2294
257 529 2295
1192 2016 2296
33 609 2297
55 1552 2298
225 1215 2299
319 1768 2300
1440 1583 2301
1482 1968 2302
1510 1880 2303
1983 2092 2304
662 1765 2305
664 1529 2306
687 834 2307
634 1988 2308
912 2096 2309
1513 1887 2310
1123 1490 2311
87 754 2312
985 2032 2313
332 1966 2314
816 2139 2315
689 1326 2316
529 1298 2317
113 1335 2318
1123 2056 2319
547 1903 2320
573 1192 2321
562 1654 2322
87 947 2323
110 958 2324
1444 1458 2325
66 139 2326
452 2030 2327
1463 1700 2328
1261 2107 2329
87 356 2330
178 1092 2331
1468 2059 2332
114 2030 2333
589 1151 2334
1903 2057 2335
490 579 2336
648 780 2337
732 1192 2338
771 1624 2339
190 897 2340
263 959 2341
557 877 2342
474 1334 2343
1386 1887 2344
136 969 2345
391 823 2346
255 958 2347
1094 2141 2348
108 859 2349
1754 1866 2350
1757 2085 2351
374 1376 2352
2057 2060 2353
692 2074 2354
1243 1768 2355
452 2092 2356
623 2034 2357
1089 2069 2358
112 1757 2359
237 2109 2360
52 1367 2361
87 1020 2362
1103 2032 2363
116 807 2364
168 2143 2365
238 506 2366
553 828 2367
1535 2009 2368
112 2085 2369
1529 1530 2370
1098 2140 2371
2033 2085 2372
166 505 2373
724 1711 2374
126 2074 2375
823 1694 2376
474 714 2377
775 1255 2378
953 1823 2379
1596 1912 2380
1309 2112 2381
444 468 2382
771 2032 2383
325 1444 2384
589 977 2385
1491 2069 2386
88 1743 2387
121 1323 2388
440 1667 2389
725 1097 2390
168 1724 2391
502 1226 2392
566 1603 2393
589 1262 2394
623 1667 2395
3 2060 2396
266 1949 2397
140 2035 2398
63 1023 2399
67 1903 2400
1027 1089 2401
1242 2037 2402
498 1676 2403
623 1372 2404
629 1931 2405
1447 1460 2406
627 1306 2407
552 2069 2408
1754 2043 2409
190 1743 2410
452 1020 2411
32 527 2412
104 1659 2413
190 1784 2414
529 554 2415
23 1712 2416
168 1931 2417
1162 1229 2418
986 2062 2419
1875 1914 2420
1983 2030 2421
77 750 2422
20 168 2423
176 664 2424
627 858 2425
629 1729 2426
683 1657 2427
985 1201 2428
1162 1513 2429
99 2085 2430
480 1988 2431
693 804 2432
126 1159 2433
568 1678 2434
659 1013 2435
775 1598 2436
422 1768 2437
527 681 2438
589 1693 2439
1845 2082 2440
1744 2059 2441
76 834 2442
1694 1870 2443
20 1931 2444
1186 1912 2445
1229 1887 2446
519 2004 2447
959 1309 2448
958 1724 2449
609 2087 2450
649 1978 2451
1449 1723 2452
765 1229 2453
257 1444 2454
855 1538 2455
1309 1866 2456
831 1538 2457
1538 2143 2458
1723 2009 2459
123 1181 2460
1006 1880 2461
163 552 2462
807 859 2463
60 225 2464
270 947 2465
88 854 2466
926 2092 2467
1903 1990 2468
203 1884 2469
834 2082 2470
973 1057 2471
780 1753 2472
159 812 2473
186 609 2474
88 834 2475
953 1754 2476
687 1224 2477
1449 2009 2478
576 2139 2479
819 1784 2480
924 1221 2481
20 725 2482
808 1535 2483
491 2011 2484
232 976 2485
502 1570 2486
495 596 2487
1364 1842 2488
639 2049 2489
562 804 2490
63 858 2491
108 1988 2492
237 557 2493
677 1572 2494
1638 1950 2495
1513 1785 2496
906 1603 2497
4 687 2498
1100 1150 2499
452 1546 2500
3 1513 2501
190 2082 2502
990 1912 2503
103 1078 2504
689 925 2505
1003 1784 2506
263 417 2507
1023 1598 2508
100 1903 2509
363 394 2510
1768 1896 2511
483 1375 2512
349 440 2513
1603 1750 2514
1205 1678 2515
1887 1903 2516
1768 1988 2517
468 1073 2518
1968 1988 2519
430 1484 2520
417 2109 2521
417 1784 2522
270 1546 2523
925 1236 2524
257 431 2525
332 1375 2526
687 854 2527
906 1181 2528
1444 1903 2529
468 1111 2530
1117 2018 2531
1334 1624 2532
1366 2033 2533
959 1619 2534
959 1190 2535
1044 1585 2536
14 973 2537
925 1652 2538
474 1659 2539
1181 1750 2540
417 1190 2541
123 579 2542
736 1342 2543
819 1298 2544
100 2060 2545
310 2073 2546
589 953 2547
19 1189 2548
906 1193 2549
235 1866 2550
370 1230 2551
1020 1679 2552
1078 1784 2553
1286 1610 2554
468 2034 2555
468 713 2556
4 1768 2557
87 2030 2558
683 2083 2559
87 926 2560
859 1768 2561
52 1076 2562
688 2018 2563
819 834 2564
635 2059 2565
1659 1819 2566
824 967 2567
1842 2058 2568
9 468 2569
1713 1970 2570
779 2060 2571
66 1373 2572
87 1679 2573
819 1845 2574
1513 1716 2575
4 1988 2576
286 1757 2577
962 2037 2578
1659 1847 2579
1367 2069 2580
417 2043 2581
897 1784 2582
116 1988 2583
589 628 2584
431 1444 2585
714 1847 2586
325 1507 2587
823 985 2588
906 1700 2589
688 1482 2590
792 1643 2591
159 1043 2592
491 1703 2593
190 1474 2594
169 703 2595
926 2030 2596
9 1204 2597
757 2085 2598
1255 1650 2599
1571 1896 2600
411 976 2601
486 2084 2602
103 1120 2603
411 562 2604
554 2051 2605
688 807 2606
163 1078 2607
527 947 2608
1823 2059 2609
161 1842 2610
145 1768 2611
255 1931 2612
1570 1772 2613
1117 1482 2614
99 1757 2615
779 1513 2616
1867 1983 2617
1193 1678 2618
114 1983 2619
583 1460 2620
112 2033 2621
679 1561 2622
695 1646 2623
1488 1723 2624
138 173 2625
808 1774 2626
161 1364 2627
1571 2030 2628
807 1968 2629
97 1953 2630
76 1784 2631
126 1088 2632
104 2032 2633
347 1836 2634
222 1736 2635
1757 2033 2636
159 2034 2637
554 2057 2638
1181 1463 2639
676 1983 2640
365 2035 2641
1078 1273 2642
757 1757 2643
554 1990 2644
1020 2030 2645
468 1030 2646
754 1020 2647
926 1983 2648
1032 1230 2649
202 552 2650
629 1718 2651
1013 1905 2652
985 1870 2653
1488 2009 2654
270 676 2655
89 344 2656
688 1988 2657
859 1988 2658
929 2011 2659
76 854 2660
649 1193 2661
1754 2112 2662
148 1520 2663
1360 1982 2664
847 960 2665
1805 2027 2666
16 440 2667
286 610 2668
676 1867 2669
1474 2082 2670
1694 1805 2671
316 1676 2672
833 1765 2673
973 1842 2674
1490 2056 2675
676 1020 2676
831 1593 2677
897 2082 2678
589 1543 2679
1027 1367 2680
676 2092 2681
942 1285 2682
1458 1716 2683
114 1020 2684
126 535 2685
1190 1754 2686
103 1071 2687
1200 1242 2688
1372 2087 2689
166 1512 2690
310 392 2691
363 705 2692
92 915 2693
110 1931 2694
311 2033 2695
725 1729 2696
112 757 2697
664 812 2698
1867 2092 2699
1546 1983 2700
18 921 2701
213 623 2702
248 1080 2703
176 1043 2704
325 1978 2705
547 1424 2706
176 2034 2707
743 1619 2708
833 1077 2709
505 1512 2710
1023 1255 2711
142 1600 2712
1046 1907 2713
1679 1983 2714
9 1656 2715
1700 1750 2716
67 554 2717
714 1624 2718
1098 1595 2719
270 1867 2720
490 1875 2721
1474 1784 2722
829 1821 2723
264 1150 2724
662 1077 2725
1548 1646 2726
1679 2030 2727
431 1716 2728
1694 1709 2729
1330 1947 2730
88 1845 2731
851 1842 2732
1768 2035 2733
1006 1510 2734
511 1875 2735
535 2030 2736
1530 1842 2737
1117 1988 2738
176 1529 2739
676 1546 2740
1173 1722 2741
126 1934 2742
656 1636 2743
417 953 2744
859 1482 2745
405 884 2746
1330 1405 2747
712 2143 2748
1940 2079 2749
1272 1439 2750
725 1724 2751
958 1931 2752
1676 2118 2753
474 1103 2754
1212 1460 2755
676 2030 2756
110 168 2757
973 2058 2758
623 977 2759
203 1400 2760
1887 2060 2761
417 1400 2762
714 1201 2763
1201 1659 2764
579 906 2765
49 701 2766
204 2037 2767
566 1181 2768
929 2018 2769
625 945 2770
89 511 2771
270 2022 2772
566 1700 2773
235 1400 2774
1021 1932 2775
2033 2113 2776
202 557 2777
50 1711 2778
108 1768 2779
431 1458 2780
480 2035 2781
579 1750 2782
824 998 2783
1870 2027 2784
145 2035 2785
9 136 2786
394 705 2787
72 628 2788
1583 1929 2789
76 1298 2790
120 1719 2791
953 1400 2792
1593 1752 2793
812 1529 2794
765 1513 2795
1273 2043 2796
252 281 2797
1903 2051 2798
563 1491 2799
258 775 2800
468 2013 2801
586 1615 2802
1716 2060 2803
417 1884 2804
161 1149 2805
1318 1390 2806
989 1364 2807
159 1530 2808
1431 1836 2809
50 879 2810
552 877 2811
627 1377 2812
953 1607 2813
1309 2043 2814
257 1424 2815
1702 2035 2816
344 1875 2817
610 1568 2818
91 1261 2819
398 1318 2820
405 829 2821
0 2008 2822
232 898 2823
677 920 2824
824 1647 2825
1743 1768 2826
77 1920 2827
14 1057 2828
76 1224 2829
623 713 2830
1366 2085 2831
2022 2092 2832
255 1753 2833
959 1400 2834
309 1328 2835
468 760 2836
714 1805 2837
725 1752 2838
639 1694 2839
1235 1263 2840
1149 1364 2841
490 1977 2842
1248 1418 2843
454 1021 2844
136 1668 2845
819 1224 2846
264 1100 2847
683 1826 2848
712 831 2849
664 1043 2850
712 855 2851
898 1441 2852
1537 1966 2853
1847 1929 2854
1565 2037 2855
1729 1753 2856
1077 1765 2857
166 1981 2858
664 1530 2859
37 424 2860
89 520 2861
1929 2032 2862
3 1903 2863
94 1821 2864
659 1905 2865
1785 2060 2866
120 253 2867
190 917 2868
679 1067 2869
695 1548 2870
1818 1940 2871
335 2035 2872
510 1011 2873
949 1207 2874
631 1199 2875
1121 2058 2876
849 1942 2877
490 511 2878
1572 2033 2879
647 1752 2880
829 884 2881
566 579 2882
1867 2030 2883
14 299 2884
1386 2060 2885
9 1076 2886
1230 1783 2887
104 1583 2888
104 1929 2889
543 1930 2890
1709 2027 2891
1768 1837 2892
554 1444 2893
112 311 2894
795 1694 2895
1917 2073 2896
190 578 2897
831 1753 2898
136 427 2899
1318 1981 2900
1078 2109 2901
925 1326 2902
89 1914 2903
226 1896 2904
310 397 2905
886 1649 2906
1546 1679 2907
33 1132 2908
1280 2109 2909
629 1724 2910
1020 1546 2911
148 271 2912
649 681 2913
18 280 2914
639 1334 2915
183 950 2916
609 1235 2917
99 112 2918
1392 2085 2919
535 1345 2920
18 973 2921
1229 2060 2922
1191 1329 2923
114 2022 2924
32 2092 2925
1345 2085 2926
2018 2082 2927
226 1067 2928
440 1686 2929
926 1679 2930
1084 2025 2931
20 1538 2932
361 749 2933
596 2107 2934
652 1012 2935
1255 1598 2936
1405 1947 2937
1597 2046 2938
552 1740 2939
1716 1903 2940
565 888 2941
168 725 2942
824 1441 2943
797 1651 2944
87 2022 2945
280 440 2946
309 1720 2947
1089 1367 2948
325 554 2949
490 830 2950
1035 1178 2951
565 1318 2952
172 1460 2953
135 741 2954
942 2071 2955
92 609 2956
452 2041 2957
763 1884 2958
1570 1806 2959
725 1931 2960
347 979 2961
921 1121 2962
1375 1907 2963
1439 1712 2964
634 2082 2965
654 1713 2966
502 1209 2967
417 801 2968
150 1555 2969
112 1366 2970
1003 2082 2971
639 985 2972
190 1636 2973
714 1328 2974
86 1664 2975
47 1838 2976
136 605 2977
203 1319 2978
221 1705 2979
452 2003 2980
311 1392 2981
1531 1884 2982
23 1272 2983
786 1768 2984
1400 2043 2985
289 586 2986
1200 1565 2987
1678 1772 2988
646 1977 2989
627 1712 2990
743 1076 2991
1071 1120 2992
16 552 2993
47 976 2994
1181 1243 2995
168 958 2996
159 1652 2997
168 255 2998
311 1757 2999
855 1753 3000
597 711 3001
18 1111 3002
491 1667 3003
94 405 3004
648 855 3005
676 1679 3006
751 2082 3007
854 1298 3008
311 757 3009
454 1932 3010
281 1486 3011
1538 1724 3012
2085 2113 3013
106 2143 3014
1505 1509 3015
510 620 3016
1178 1231 3017
87 1983 3018
959 2043 3019
1678 1978 3020
926 2128 3021
1413 1460 3022
153 270 3023
649 1867 3024
1190 1309 3025
775 1581 3026
267 789 3027
43 280 3028
153 452 3029
871 1608 3030
1568 2033 3031
4 2035 3032
1555 2121 3033
884 1345 3034
1117 2082 3035
1123 1774 3036
1139 1582 3037
1593 1931 3038
87 1626 3039
103 202 3040
1400 1866 3041
1424 1676 3042
136 2058 3043
191 1719 3044
9 1078 3045
1235 1455 3046
19 577 3047
649 1546 3048
1309 2059 3049
284 310 3050
1222 1818 3051
688 2082 3052
1324 1689 3053
235 1128 3054
263 1619 3055
277 388 3056
929 1341 3057
977 1842 3058
926 2022 3059
1345 2123 3060
554 1507 3061
634 2035 3062
594 925 3063
858 1306 3064
9 1825 3065
1356 1389 3066
136 708 3067
679 1153 3068
1020 1867 3069
1482 1988 3070
652 780 3071
159 921 3072
417 1619 3073
1328 1694 3074
183 1069 3075
1719 1983 3076
1678 1923 3077
267 1664 3078
491 977 3079
183 1426 3080
609 973 3081
765 1903 3082
888 1981 3083
76 1854 3084
1424 1990 3085
1559 1728 3086
270 318 3087
639 2027 3088
539 2087 3089
579 1463 3090
124 1140 3091
190 1224 3092
780 919 3093
1713 1772 3094
779 1903 3095
910 1754 3096
1538 1931 3097
1345 1366 3098
468 1419 3099
1679 1867 3100
1309 1703 3101
1656 2108 3102
1689 1923 3103
332 1537 3104
1583 2032 3105
490 1816 3106
1298 2082 3107
1513 1903 3108
958 1753 3109
1099 1879 3110
2022 2030 3111
597 1276 3112
705 711 3113
824 1407 3114
1571 1667 3115
1656 1825 3116
142 1452 3117
72 1486 3118
535 1366 3119
1149 1842 3120
1243 1603 3121
153 1983 3122
190 1768 3123
858 1460 3124
1603 1700 3125
142 733 3126
953 2043 3127
1624 1847 3128
122 2032 3129
401 402 3130
923 1885 3131
187 309 3132
592 1948 3133
670 1798 3134
1546 2041 3135
257 1458 3136
1583 1847 3137
520 1875 3138
163 763 3139
168 1538 3140
28 1076 3141
204 2013 3142
1148 1781 3143
76 1845 3144
1458 1507 3145
431 1123 3146
732 1012 3147
325 431 3148
1204 2108 3149
854 1784 3150
1065 1200 3151
586 1478 3152
1196 1345 3153
1233 1817 3154
146 559 3155
1637 1664 3156
877 959 3157
99 311 3158
452 1626 3159
490 2050 3160
1004 1887 3161
664 2034 3162
116 2035 3163
848 913 3164
1035 2107 3165
28 202 3166
112 610 3167
1064 1881 3168
1092 1412 3169
286 311 3170
582 2103 3171
610 1366 3172
694 1821 3173
1043 1529 3174
227 697 3175
190 1003 3176
1785 1903 3177
1204 1825 3178
1546 1867 3179
549 561 3180
684 915 3181
1568 2085 3182
647 1931 3183
474 1328 3184
493 1460 3185
1273 2018 3186
280 468 3187
863 926 3188
697 1222 3189
1439 1836 3190
701 1042 3191
72 898 3192
1263 1455 3193
1754 2059 3194
82 1422 3195
1624 1929 3196
1162 1903 3197
1624 1659 3198
1243 1700 3199
683 1340 3200
646 937 3201
552 1069 3202
43 921 3203
32 1546 3204
62 833 3205
512 1549 3206
1273 2109 3207
23 2142 3208
295 1812 3209
597 1622 3210
610 1757 3211
18 176 3212
99 757 3213
714 1709 3214
108 2035 3215
616 757 3216
1258 1694 3217
88 1224 3218
187 714 3219
1784 1845 3220
495 1502 3221
689 819 3222
111 2027 3223
1790 2079 3224
1110 2004 3225
441 1460 3226
921 1529 3227
1392 1757 3228
306 2105 3229
428 1560 3230
762 2040 3231
791 1012 3232
554 1458 3233
854 1845 3234
1847 2032 3235
1386 1513 3236
69 270 3237
263 1190 3238
418 1948 3239
609 1132 3240
1226 2083 3241
23 482 3242
139 1561 3243
688 2035 3244
1018 2027 3245
114 452 3246
235 953 3247
589 1981 3248
929 1434 3249
28 1462 3250
32 676 3251
417 877 3252
1043 2034 3253
183 743 3254
1313 1750 3255
431 554 3256
697 1818 3257
243 527 3258
257 1129 3259
529 1664 3260
863 2092 3261
757 1366 3262
1023 1581 3263
1968 2035 3264
139 226 3265
557 981 3266
211 452 3267
178 1412 3268
278 1895 3269
309 1709 3270
639 1103 3271
1334 1870 3272
190 2002 3273
915 1973 3274
743 763 3275
1229 1513 3276
122 2027 3277
946 1460 3278
1090 1472 3279
1154 1193 3280
591 824 3281
1055 1650 3282
500 1012 3283
1162 2060 3284
53 1426 3285
318 926 3286
495 2111 3287
937 1977 3288
953 1273 3289
190 1854 3290
490 520 3291
99 2033 3292
295 602 3293
491 933 3294
921 1842 3295
311 1366 3296
430 1105 3297
286 1366 3298
616 2033 3299
1064 1346 3300
2 14 3301
610 2113 3302
1575 2107 3303
84 1784 3304
190 1786 3305
953 959 3306
423 824 3307
1298 1458 3308
46 1164 3309
318 2092 3310
535 1196 3311
547 789 3312
14 1029 3313
629 1593 3314
1067 1561 3315
694 884 3316
819 1854 3317
1103 1870 3318
163 1884 3319
920 2113 3320
63 1755 3321
691 1850 3322
132 1999 3323
227 1940 3324
122 714 3325
227 1790 3326
309 795 3327
412 856 3328
646 830 3329
1784 1957 3330
459 1560 3331
17 1016 3332
884 1196 3333
812 1530 3334
1805 2032 3335
1637 1654 3336
1117 2035 3337
329 1033 3338
23 944 3339
1529 2034 3340
666 926 3341
187 1328 3342
281 1839 3343
1273 1400 3344
187 2032 3345
517 589 3346
286 2113 3347
32 1679 3348
226 1153 3349
411 557 3350
1983 2022 3351
190 1965 3352
679 2024 3353
963 1676 3354
552 1822 3355
1306 1377 3356
186 713 3357
311 2113 3358
292 1036 3359
235 2059 3360
609 1263 3361
1679 2022 3362
112 1392 3363
834 854 3364
92 1530 3365
712 1931 3366
299 973 3367
302 1676 3368
819 897 3369
664 1652 3370
697 1940 3371
824 983 3372
985 1805 3373
1507 1903 3374
535 2041 3375
819 1003 3376
757 2113 3377
1369 1741 3378
1482 2035 3379
888 1272 3380
281 352 3381
474 1201 3382
829 1554 3383
76 897 3384
146 719 3385
1659 1709 3386
921 2034 3387
1185 1615 3388
664 921 3389
859 2035 3390
1983 2041 3391
1572 2113 3392
112 2113 3393
1366 1757 3394
309 1805 3395
505 1981 3396
579 1603 3397
567 1687 3398
1298 1743 3399
490 1335 3400
906 1313 3401
110 919 3402
2030 2041 3403
532 1482 3404
1319 1856 3405
191 1759 3406
629 647 3407
859 2082 3408
76 1474 3409
772 1150 3410
1181 1603 3411
204 585 3412
286 1568 3413
498 1242 3414
1190 2043 3415
452 699 3416
155 714 3417
535 2113 3418
1626 2092 3419
579 1181 3420
738 1270 3421
874 1687 3422
535 1867 3423
1386 1903 3424
181 1470 3425
805 1011 3426
153 1867 3427
227 1222 3428
858 1712 3429
983 1676 3430
190 1247 3431
569 1273 3432
1182 1842 3433
39 1875 3434
99 286 3435
1659 1805 3436
1108 1628 3437
812 1043 3438
153 2030 3439
1099 1927 3440
87 318 3441
1659 1870 3442
1676 1814 3443
223 1173 3444
789 1887 3445
1273 1822 3446
567 874 3447
610 616 3448
114 318 3449
909 1168 3450
57 1784 3451
325 1458 3452
985 1007 3453
616 2085 3454
1784 2002 3455
535 676 3456
651 1884 3457
1201 2032 3458
277 1856 3459
925 1175 3460
705 1622 3461
558 756 3462
669 1856 3463
565 1512 3464
1642 1737 3465
431 1507 3466
451 478 3467
841 1952 3468
443 586 3469
1529 1652 3470
1076 1740 3471
1988 2035 3472
757 1572 3473
63 1581 3474
270 863 3475
1065 1242 3476
190 1112 3477
210 1120 3478
39 1914 3479
815 2037 3480
311 1345 3481
428 459 3482
495 1252 3483
491 963 3484
99 1366 3485
899 1824 3486
152 2085 3487
38 286 3488
1345 1757 3489
432 603 3490
459 775 3491
1372 1842 3492
1276 1622 3493
755 1725 3494
145 2082 3495
919 1724 3496
597 928 3497
1724 1753 3498
1328 2032 3499
47 1347 3500
498 2118 3501
1858 1859 3502
547 2071 3503
1638 1960 3504
1366 2113 3505
808 2095 3506
677 2033 3507
87 1154 3508
106 255 3509
594 1652 3510
1626 1983 3511
694 829 3512
1565 1594 3513
309 1989 3514
926 1544 3515
358 1677 3516
1345 2033 3517
104 1624 3518
1092 2072 3519
309 892 3520
1245 1670 3521
191 1695 3522
1504 1567 3523
123 1313 3524
295 1557 3525
765 2060 3526
1111 2058 3527
535 2003 3528
1476 1676 3529
676 2003 3530
896 1266 3531
103 703 3532
211 676 3533
731 804 3534
316 440 3535
1486 1925 3536
918 1768 3537
782 1842 3538
750 983 3539
824 1395 3540
1444 1664 3541
264 772 3542
462 619 3543
989 1842 3544
1460 1667 3545
669 1884 3546
1450 2071 3547
69 2092 3548
28 1120 3549
114 1626 3550
460 1057 3551
190 1957 3552
579 1700 3553
318 1020 3554
1095 2085 3555
136 2005 3556
953 1190 3557
416 1517 3558
884 1554 3559
1757 2113 3560
1790 2000 3561
62 1731 3562
1321 1784 3563
1647 1920 3564
99 2113 3565
103 228 3566
289 1185 3567
89 1885 3568
786 1856 3569
88 1854 3570
1280 1319 3571
1121 1667 3572
552 981 3573
388 475 3574
103 498 3575
128 799 3576
579 1313 3577
662 1348 3578
1512 1981 3579
1544 2030 3580
92 1132 3581
155 2032 3582
1321 1884 3583
1159 2030 3584
751 819 3585
812 1652 3586
830 1977 3587
1832 1853 3588
363 711 3589
583 946 3590
76 689 3591
1626 2030 3592
2069 2103 3593
18 444 3594
616 1568 3595
1046 1896 3596
973 1668 3597
982 1712 3598
1056 1720 3599
1196 1366 3600
588 773 3601
623 682 3602
309 884 3603
659 867 3604
1039 1768 3605
128 1676 3606
417 1667 3607
435 583 3608
1392 2033 3609
18 1030 3610
555 1689 3611
1091 1473 3612
910 959 3613
1822 2043 3614
1392 2113 3615
312 1508 3616
854 1224 3617
862 1460 3618
76 1003 3619
353 502 3620
461 1426 3621
452 1477 3622
318 1983 3623
32 1867 3624
1096 1545 3625
1400 2059 3626
1345 2003 3627
187 464 3628
139 1373 3629
896 1243 3630
714 1870 3631
187 795 3632
649 1719 3633
1790 1940 3634
729 1384 3635
28 1078 3636
14 1802 3637
187 474 3638
1043 1530 3639
2030 2128 3640
117 564 3641
1222 1940 3642
993 1096 3643
168 919 3644
474 1989 3645
114 2128 3646
1346 1723 3647
925 2045 3648
1245 2126 3649
609 1455 3650
812 2034 3651
1583 1624 3652
267 2071 3653
694 1554 3654
1678 1970 3655
498 1160 3656
135 752 3657
334 1943 3658
834 1845 3659
414 690 3660
781 1955 3661
819 1474 3662
114 666 3663
669 1531 3664
676 2041 3665
705 1276 3666
176 1842 3667
365 2086 3668
677 2085 3669
38 677 3670
547 1129 3671
1535 1881 3672
1753 1931 3673
824 1086 3674
1223 1858 3675
227 2079 3676
705 928 3677
1345 2113 3678
187 1201 3679
2092 2128 3680
1229 1903 3681
1854 2082 3682
1242 1594 3683
921 2058 3684
311 610 3685
775 1755 3686
316 498 3687
1313 1463 3688
1412 2072 3689
863 1020 3690
648 1931 3691
1198 1335 3692
1205 1934 3693
14 56 3694
1127 1901 3695
444 2058 3696
708 851 3697
1345 1392 3698
31 2105 3699
269 1096 3700
491 1142 3701
754 947 3702
850 2085 3703
108 2082 3704
790 1784 3705
326 959 3706
78 628 3707
1185 1478 3708
591 1920 3709
286 616 3710
1341 2011 3711
1517 1779 3712
807 2035 3713
129 635 3714
502 1000 3715
311 1196 3716
1495 2037 3717
699 1679 3718
178 2072 3719
348 531 3720
2003 2030 3721
1190 1400 3722
741 752 3723
1384 1631 3724
1692 1946 3725
394 711 3726
490 2107 3727
662 1533 3728
758 817 3729
226 2024 3730
535 2085 3731
1513 2060 3732
1007 2027 3733
325 703 3734
1366 1392 3735
639 1659 3736
1099 1314 3737
666 2092 3738
457 1594 3739
982 2142 3740
283 1693 3741
977 1571 3742
66 1777 3743
1076 2134 3744
1181 1313 3745
226 994 3746
1616 2027 3747
535 677 3748
24 1651 3749
917 1786 3750
356 1764 3751
547 759 3752
211 2030 3753
53 1239 3754
187 1709 3755
92 136 3756
123 2050 3757
299 1057 3758
1867 2003 3759
428 1581 3760
1965 2082 3761
93 788 3762
69 1867 3763
1676 1871 3764
66 1907 3765
1153 1561 3766
309 1286 3767
1668 2058 3768
1020 2022 3769
2 1029 3770
1915 2047 3771
136 246 3772
280 2058 3773
309 464 3774
921 1043 3775
969 1875 3776
418 592 3777
452 1695 3778
76 688 3779
270 699 3780
274 582 3781
889 1741 3782
1517 1911 3783
751 1784 3784
1328 1659 3785
1743 1774 3786
1709 2032 3787
4 2086 3788
114 863 3789
602 1812 3790
1196 1392 3791
1261 1542 3792
88 2002 3793
439 1567 3794
614 1174 3795
865 1156 3796
1324 1923 3797
981 1076 3798
183 2069 3799
1166 1741 3800
1345 1826 3801
584 590 3802
53 461 3803
525 1381 3804
1867 2041 3805
157 433 3806
639 714 3807
27 588 3808
263 953 3809
270 1544 3810
474 795 3811
9 16 3812
112 1196 3813
917 1912 3814
1119 2107 3815
1330 1612 3816
1372 2058 3817
1576 2092 3818
134 929 3819
538 1851 3820
569 2043 3821
950 1069 3822
1774 2056 3823
1478 1615 3824
170 1925 3825
676 1576 3826
697 2079 3827
1463 2050 3828
186 969 3829
326 1594 3830
1957 2082 3831
1196 2113 3832
2003 2041 3833
535 1392 3834
584 1543 3835
754 1194 3836
1008 1696 3837
277 1131 3838
211 270 3839
795 1201 3840
854 897 3841
1160 1696 3842
382 2088 3843
482 982 3844
474 1870 3845
539 1372 3846
973 1802 3847
273 1706 3848
1407 1920 3849
210 1071 3850
795 1328 3851
464 474 3852
929 1681 3853
1240 1480 3854
474 1805 3855
535 884 3856
474 1709 3857
1129 1779 3858
111 2032 3859
877 2043 3860
1626 1867 3861
363 1276 3862
363 1622 3863
423 1920 3864
634 2086 3865
1008 1160 3866
1626 1679 3867
586 1913 3868
854 1003 3869
190 1435 3870
252 1761 3871
1253 1884 3872
345 2088 3873
626 1922 3874
863 1679 3875
1181 1700 3876
1375 1896 3877
265 1081 3878
318 1679 3879
824 1476 3880
1328 1870 3881
392 537 3882
213 1842 3883
1479 2079 3884
319 1179 3885
1546 2030 3886
273 2130 3887
1018 1929 3888
452 2048 3889
452 901 3890
757 1568 3891
599 799 3892
1875 1977 3893
490 1579 3894
711 928 3895
677 2113 3896
1784 1965 3897
187 1805 3898
1624 2032 3899
125 641 3900
464 1201 3901
616 1757 3902
36 50 3903
392 748 3904
96 1056 3905
161 1121 3906
852 1446 3907
1007 1103 3908
1069 1426 3909
552 669 3910
760 973 3911
319 746 3912
914 1045 3913
858 982 3914
566 1313 3915
1151 1262 3916
414 1466 3917
595 929 3918
1076 1494 3919
1786 1912 3920
1273 2055 3921
992 1887 3922
460 973 3923
973 1268 3924
211 1020 3925
1351 1988 3926
258 1581 3927
309 1271 3928
344 378 3929
1 452 3930
553 1747 3931
168 648 3932
386 1302 3933
906 2050 3934
394 1622 3935
699 1983 3936
1196 1757 3937
289 628 3938
1330 1915 3939
894 1946 3940
1222 2079 3941
450 1974 3942
1581 1755 3943
76 2018 3944
1544 2092 3945
877 953 3946
1463 1904 3947
273 1944 3948
266 980 3949
429 1569 3950
535 1271 3951
942 1137 3952
1234 1338 3953
1239 1426 3954
1321 1740 3955
206 1951 3956
834 1224 3957
258 1598 3958
9 1967 3959
1103 1258 3960
1460 1540 3961
1129 1424 3962
894 1692 3963
92 1668 3964
1261 1575 3965
204 1082 3966
270 666 3967
640 2104 3968
1117 2086 3969
614 1579 3970
1695 1983 3971
62 1348 3972
672 1833 3973
1576 1867 3974
1095 1345 3975
1443 1796 3976
962 1676 3977
452 2022 3978
349 1842 3979
910 2043 3980
396 796 3981
234 2085 3982
161 782 3983
1471 1884 3984
443 1185 3985
529 2071 3986
204 1343 3987
211 1983 3988
778 788 3989
1423 1768 3990
152 1757 3991
1561 2024 3992
114 1544 3993
152 1345 3994
1990 2071 3995
981 1078 3996
1067 1896 3997
57 2082 3998
1182 1668 3999
1201 1328 4000
651 1128 4001
316 1200 4002
499 1294 4003
69 1679 4004
311 535 4005
452 1732 4006
4 1298 4007
936 1682 4008
394 1276 4009
789 1507 4010
1779 1911 4011
1160 2118 4012
311 677 4013
38 757 4014
1175 1652 4015
1303 1768 4016
1637 2071 4017
1385 1571 4018
1750 1816 4019
363 928 4020
128 599 4021
2034 2058 4022
535 1703 4023
76 1965 4024
1216 1730 4025
219 1212 4026
498 1814 4027
1007 1659 4028
1160 2137 4029
1467 1536 4030
213 1121 4031
1076 1668 4032
464 1328 4033
285 418 4034
319 828 4035
584 679 4036
714 1888 4037
350 1653 4038
287 895 4039
1709 1870 4040
280 1111 4041
609 1530 4042
914 1587 4043
1170 1931 4044
446 819 4045
535 829 4046
819 1965 4047
1355 1940 4048
69 1546 4049
103 1573 4050
2043 2055 4051
612 929 4052
854 1854 4053
128 302 4054
1069 1385 4055
850 1345 4056
23 1484 4057
128 615 4058
818 1676 4059
1479 1940 4060
363 1152 4061
394 928 4062
905 1661 4063
1020 1544 4064
1171 1532 4065
1069 1071 4066
1805 1870 4067
679 994 4068
1750 2050 4069
983 1920 4070
793 1373 4071
1464 1689 4072
464 714 4073
246 1571 4074
676 699 4075
832 1842 4076
801 1884 4077
1544 1983 4078
1328 1709 4079
1339 1712 4080
928 1622 4081
474 2032 4082
859 2086 4083
571 1533 4084
394 1152 4085
321 662 4086
458 846 4087
21 824 4088
711 1622 4089
211 2092 4090
1372 1530 4091
682 973 4092
714 1611 4093
649 1576 4094
182 1807 4095
953 1866 4096
1878 1961 4097
1243 1313 4098
757 1392 4099
435 946 4100
1258 2027 4101
555 1324 4102
1018 2032 4103
461 1239 4104
1258 1659 4105
469 1297 4106
1696 1804 4107
76 2002 4108
546 2018 4109
1355 1818 4110
873 1884 4111
1444 2071 4112
100 185 4113
557 939 4114
272 388 4115
1153 2024 4116
872 2031 4117
1456 1951 4118
479 1698 4119
697 2000 4120
1196 1703 4121
1777 1819 4122
392 2006 4123
308 716 4124
1201 1709 4125
163 651 4126
285 1948 4127
850 1757 4128
1079 1116 4129
1463 1743 4130
219 1447 4131
699 2041 4132
324 457 4133
219 481 4134
1560 1581 4135
694 1345 4136
1129 1517 4137
1696 2137 4138
8 2021 4139
31 1421 4140
632 866 4141
741 1102 4142
608 628 4143
609 1668 4144
969 2034 4145
1167 2030 4146
815 1594 4147
1460 1589 4148
1209 1934 4149
763 1988 4150
453 1782 4151
739 2032 4152
1093 1408 4153
468 1344 4154
751 1845 4155
131 1672 4156
551 1462 4157
9 2108 4158
1561 1777 4159
584 1046 4160
1141 1521 4161
446 2082 4162
605 1234 4163
751 1003 4164
76 1957 4165
1208 1663 4166
174 319 4167
311 616 4168
307 948 4169
485 1696 4170
1163 1992 4171
1695 2041 4172
29 1750 4173
176 1810 4174
578 1112 4175
699 1020 4176
92 1182 4177
953 1822 4178
622 1028 4179
799 1708 4180
1068 1979 4181
152 1366 4182
750 1795 4183
1940 2000 4184
14 1268 4185
383 2094 4186
963 2118 4187
2022 2041 4188
1298 1988 4189
1979 2125 4190
509 711 4191
71 879 4192
824 1627 4193
1424 1458 4194
1612 2047 4195
199 1929 4196
211 1546 4197
1576 1983 4198
16 1076 4199
630 1096 4200
651 2082 4201
910 1190 4202
128 1708 4203
832 1530 4204
5 1026 4205
1679 2128 4206
29 1243 4207
782 921 4208
199 1847 4209
211 2041 4210
611 940 4211
825 1612 4212
1008 2137 4213
122 1659 4214
204 953 4215
859 1232 4216
1067 2024 4217
1571 2011 4218
1377 1755 4219
444 1025 4220
566 2050 4221
1239 2057 4222
490 1526 4223
1115 1216 4224
2051 2071 4225
716 2028 4226
690 1466 4227
213 2058 4228
1117 1784 4229
1243 1266 4230
9 1900 4231
446 493 4232
789 1513 4233
203 272 4234
895 1373 4235
893 1884 4236
1117 1232 4237
666 1020 4238
475 925 4239
1 676 4240
286 1392 4241
345 382 4242
714 795 4243
768 1406 4244
1458 1664 4245
188 1790 4246
1117 1708 4247
325 1664 4248
168 1170 4249
529 1884 4250
854 1474 4251
170 1335 4252
666 1679 4253
184 453 4254
76 751 4255
714 1271 4256
1171 1995 4257
1020 1576 4258
494 982 4259
1723 1881 4260
294 2018 4261
411 738 4262
688 2086 4263
711 1276 4264
1201 1805 4265
85 618 4266
1322 1326 4267
1007 1328 4268
763 801 4269
957 2001 4270
1479 1818 4271
1626 2041 4272
1706 2130 4273
496 1676 4274
855 2136 4275
311 1095 4276
437 1676 4277
551 643 4278
211 2003 4279
485 1804 4280
634 1232 4281
866 1902 4282
368 490 4283
498 1573 4284
1727 2098 4285
1685 1988 4286
213 921 4287
1301 1580 4288
705 1152 4289
715 717 4290
938 2018 4291
1353 1934 4292
187 1249 4293
1313 1603 4294
170 357 4295
1557 1703 4296
464 2027 4297
467 2051 4298
1571 1848 4299
1887 2036 4300
23 615 4301
243 1867 4302
725 919 4303
67 467 4304
877 910 4305
42 1287 4306
1482 2086 4307
676 1477 4308
994 1561 4309
677 757 4310
50 1818 4311
740 1014 4312
1888 2027 4313
770 1792 4314
326 637 4315
1580 1647 4316
280 1842 4317
884 1826 4318
352 1761 4319
411 1769 4320
1652 2045 4321
62 321 4322
782 2058 4323
152 2113 4324
467 1507 4325
628 1735 4326
196 315 4327
950 1385 4328
338 1797 4329
1196 1271 4330
116 2086 4331
677 2003 4332
1603 2050 4333
172 493 4334
417 1551 4335
1067 1153 4336
1222 2000 4337
167 1451 4338
1355 2079 4339
326 1487 4340
795 1870 4341
1944 2130 4342
676 2048 4343
1222 1384 4344
1271 2032 4345
819 2002 4346
832 973 4347
490 528 4348
811 1681 4349
1 1867 4350
340 1321 4351
754 1678 4352
316 1948 4353
1176 2030 4354
1457 2102 4355
416 1779 4356
965 1821 4357
616 2113 4358
638 1749 4359
751 854 4360
232 722 4361
1106 1530 4362
1988 2086 4363
795 1709 4364
825 1683 4365
795 1249 4366
892 1194 4367
414 962 4368
615 1940 4369
41 2143 4370
1095 1703 4371
1350 1676 4372
1507 2071 4373
1355 1479 4374
1668 2005 4375
1655 2018 4376
622 1341 4377
1820 2030 4378
598 1457 4379
699 1867 4380
616 1366 4381
579 2050 4382
605 2088 4383
128 882 4384
2030 2048 4385
87 1394 4386
484 592 4387
995 2107 4388
14 1592 4389
416 442 4390
112 152 4391
490 776 4392
270 1176 4393
751 1273 4394
128 1476 4395
134 1460 4396
152 535 4397
1209 1826 4398
1271 1703 4399
1881 2009 4400
270 1704 4401
324 1836 4402
490 767 4403
639 1583 4404
763 1471 4405
283 977 4406
357 1925 4407
9 1529 4408
1242 1964 4409
682 2058 4410
708 969 4411
69 153 4412
677 1757 4413
1689 1759 4414
112 677 4415
427 605 4416
1544 1679 4417
246 1668 4418
1222 1644 4419
569 1822 4420
12 1676 4421
381 1462 4422
1109 1996 4423
1903 2060 4424
699 2030 4425
928 1276 4426
1503 1928 4427
24 326 4428
1003 1845 4429
1086 1395 4430
1154 1678 4431
24 1986 4432
217 1792 4433
699 1695 4434
492 1460 4435
1194 1826 4436
636 1014 4437
309 1099 4438
906 1904 4439
509 928 4440
47 1062 4441
632 1862 4442
134 1571 4443
481 1413 4444
1700 2050 4445
1324 1464 4446
776 1853 4447
464 2032 4448
484 1948 4449
1071 1385 4450
969 1494 4451
1328 1805 4452
135 1102 4453
864 1832 4454
44 149 4455
135 1581 4456
1400 1822 4457
795 1007 4458
1124 1652 4459
1278 1512 4460
1100 1126 4461
297 332 4462
1022 1580 4463
1078 1494 4464
95 103 4465
897 1845 4466
978 1829 4467
558 690 4468
632 1147 4469
1366 1703 4470
809 1159 4471
270 1820 4472
474 1624 4473
947 1689 4474
490 1278 4475
1438 1842 4476
99 1095 4477
666 863 4478
325 548 4479
599 1708 4480
1695 2022 4481
343 1894 4482
714 1007 4483
189 303 4484
318 2022 4485
751 897 4486
592 638 4487
1426 1916 4488
933 2011 4489
1350 2118 4490
850 2113 4491
1594 2044 4492
187 1007 4493
737 1832 4494
257 759 4495
1714 1859 4496
1820 2092 4497
92 2005 4498
112 850 4499
1304 2099 4500
416 434 4501
819 1957 4502
948 2011 4503
50 1493 4504
550 1287 4505
217 770 4506
464 1709 4507
1344 2034 4508
651 1471 4509
1222 1486 4510
115 408 4511
202 1462 4512
77 1914 4513
114 1576 4514
535 694 4515
1200 1763 4516
882 1117 4517
896 1912 4518
1004 2036 4519
1354 1366 4520
2018 2055 4521
1591 1978 4522
600 714 4523
464 1249 4524
569 1400 4525
231 785 4526
605 1494 4527
281 1350 4528
465 2032 4529
1616 1659 4530
74 1696 4531
440 2088 4532
714 2115 4533
494 1395 4534
1189 1767 4535
116 1357 4536
87 1336 4537
1359 1775 4538
947 1154 4539
92 1938 4540
535 850 4541
834 1854 4542
535 1645 4543
1485 1575 4544
1842 1975 4545
474 639 4546
834 2002 4547
1354 2085 4548
482 1048 4549
415 1992 4550
511 1275 4551
1524 1692 4552
389 1536 4553
1412 1739 4554
1249 1328 4555
1558 2122 4556
639 2032 4557
1825 1967 4558
737 1853 4559
1354 1703 4560
1814 2118 4561
78 1486 4562
186 1268 4563
1530 1924 4564
742 1013 4565
639 1624 4566
628 997 4567
9 1414 4568
180 628 4569
881 1507 4570
1576 1679 4571
1704 2092 4572
102 372 4573
1732 2092 4574
1318 2097 4575
1313 1700 4576
123 1904 4577
265 630 4578
963 1948 4579
38 1366 4580
485 2137 4581
56 1182 4582
498 1396 4583
863 2128 4584
488 1311 4585
1486 2112 4586
1908 2013 4587
754 1978 4588
1704 2030 4589
1513 1664 4590
1888 2032 4591
666 1544 4592
1576 1759 4593
726 1280 4594
233 1034 4595
349 444 4596
795 2032 4597
676 2022 4598
1003 2018 4599
1244 1525 4600
318 1544 4601
694 1196 4602
882 1708 4603
921 1344 4604
1575 1939 4605
1280 1862 4606
1383 2030 4607
1173 1366 4608
257 1855 4609
1070 1920 4610
843 1194 4611
1709 1805 4612
195 281 4613
1121 1268 4614
152 311 4615
1812 1813 4616
1181 2050 4617
517 1530 4618
1095 2113 4619
559 953 4620
56 1268 4621
377 2096 4622
1201 1249 4623
666 2128 4624
1804 2137 4625
1524 1946 4626
1746 2009 4627
174 1424 4628
1345 1354 4629
992 1004 4630
1152 1622 4631
962 1350 4632
850 1366 4633
234 1757 4634
700 1997 4635
446 751 4636
464 1805 4637
832 2087 4638
289 1483 4639
1568 2113 4640
172 446 4641
302 1476 4642
163 801 4643
280 650 4644
1822 2055 4645
1400 2055 4646
1354 2113 4647
845 1447 4648
257 665 4649
676 901 4650
624 1717 4651
763 1253 4652
212 2011 4653
832 2058 4654
1218 2137 4655
607 1014 4656
575 806 4657
569 2055 4658
1560 1765 4659
380 803 4660
367 991 4661
273 1222 4662
1576 2030 4663
1614 1795 4664
1008 1804 4665
1611 2032 4666
1657 1887 4667
1616 2032 4668
554 1664 4669
299 323 4670
423 1256 4671
1078 2134 4672
185 789 4673
316 1814 4674
1458 2071 4675
1704 1983 4676
345 1877 4677
714 1496 4678
481 845 4679
1476 1920 4680
594 1175 4681
1359 1926 4682
608 621 4683
319 1425 4684
1983 2048 4685
1351 1685 4686
234 1345 4687
274 744 4688
323 1265 4689
322 1378 4690
699 2022 4691
1060 1129 4692
1050 1790 4693
485 1008 4694
226 493 4695
1385 1426 4696
38 850 4697
185 1785 4698
894 1524 4699
875 2006 4700
220 1391 4701
309 878 4702
211 1679 4703
135 1409 4704
382 969 4705
714 1258 4706
1750 1904 4707
464 1870 4708
863 1544 4709
220 1816 4710
569 953 4711
763 1837 4712
1477 1867 4713
1485 1939 4714
2118 2137 4715
1258 1328 4716
548 1345 4717
445 2006 4718
969 1111 4719
163 1471 4720
759 1779 4721
281 1411 4722
883 1992 4723
542 1203 4724
953 2059 4725
246 2005 4726
1565 1964 4727
1867 2048 4728
146 2103 4729
1709 1989 4730
1546 1732 4731
1184 1486 4732
1383 2092 4733
973 1975 4734
676 1732 4735
677 1703 4736
751 2043 4737
187 1989 4738
910 953 4739
291 516 4740
722 1347 4741
1102 1581 4742
1020 1704 4743
187 1258 4744
1914 2082 4745
319 759 4746
658 1703 4747
69 1732 4748
464 1989 4749
795 1258 4750
746 1179 4751
2035 2086 4752
155 1583 4753
677 1366 4754
794 2057 4755
319 339 4756
597 1217 4757
193 628 4758
465 1703 4759
1703 2113 4760
118 262 4761
1920 1962 4762
464 795 4763
28 1701 4764
198 319 4765
1007 1709 4766
178 811 4767
330 872 4768
1260 1992 4769
1603 1904 4770
1761 1839 4771
264 842 4772
415 1163 4773
1052 1925 4774
1546 1704 4775
270 932 4776
427 1668 4777
751 1474 4778
1474 1845 4779
498 963 4780
32 901 4781
380 1993 4782
243 2041 4783
275 2092 4784
615 1790 4785
861 1706 4786
273 645 4787
845 862 4788
628 1051 4789
799 882 4790
1328 1989 4791
597 1177 4792
759 1424 4793
379 489 4794
994 1067 4795
38 2113 4796
53 1916 4797
304 1639 4798
600 2032 4799
523 877 4800
441 1212 4801
465 1196 4802
1249 1709 4803
1689 2012 4804
1051 1639 4805
969 1124 4806
1868 1925 4807
282 628 4808
461 1916 4809
795 1805 4810
897 1474 4811
309 1428 4812
1018 1624 4813
1224 1845 4814
1560 1755 4815
939 1900 4816
1392 1703 4817
1496 2027 4818
1494 2088 4819
246 1938 4820
309 1433 4821
956 1986 4822
345 509 4823
1354 1757 4824
714 987 4825
83 1853 4826
118 501 4827
323 1416 4828
1739 2072 4829
58 779 4830
323 1924 4831
679 1482 4832
1477 1695 4833
854 1965 4834
1065 1814 4835
1530 1975 4836
1590 1884 4837
2032 2115 4838
516 813 4839
1332 1459 4840
1384 1706 4841
1908 2034 4842
40 1072 4843
280 605 4844
1266 1812 4845
795 1989 4846
1704 2003 4847
111 1847 4848
699 1626 4849
313 2085 4850
247 608 4851
800 1332 4852
858 927 4853
74 1804 4854
317 418 4855
1313 2050 4856
881 1437 4857
1587 1818 4858
547 1669 4859
1845 2002 4860
105 1832 4861
302 484 4862
962 2039 4863
69 699 4864
498 1871 4865
566 1904 4866
112 1354 4867
280 1344 4868
554 2071 4869
1780 2060 4870
1008 1218 4871
1576 2003 4872
1594 1903 4873
218 597 4874
325 1448 4875
763 873 4876
928 1274 4877
982 1890 4878
1893 1959 4879
1486 1735 4880
73 1361 4881
713 1668 4882
78 1735 4883
966 1194 4884
594 2045 4885
997 1486 4886
1073 1971 4887
1249 1805 4888
1282 1954 4889
877 2002 4890
644 1846 4891
680 1708 4892
188 2000 4893
678 2011 4894
1194 1864 4895
316 963 4896
324 515 4897
324 1964 4898
114 1732 4899
1678 1759 4900
1290 2110 4901
854 2002 4902
1805 1989 4903
843 1345 4904
1370 2137 4905
1167 1679 4906
1020 2048 4907
1059 1378 4908
1461 2092 4909
435 1296 4910
953 2055 4911
452 1704 4912
535 616 4913
118 1697 4914
1689 1918 4915
129 953 4916
262 501 4917
988 1821 4918
241 2138 4919
322 813 4920
789 1213 4921
54 592 4922
1060 1779 4923
710 1793 4924
597 814 4925
211 1704 4926
389 1938 4927
628 1534 4928
252 1839 4929
270 1576 4930
1271 2027 4931
965 1345 4932
192 1274 4933
1679 1820 4934
349 1887 4935
763 893 4936
349 832 4937
1298 1303 4938
1956 2130 4939
582 818 4940
645 1384 4941
1295 1964 4942
1706 1790 4943
419 1757 4944
651 1253 4945
1152 1276 4946
74 316 4947
560 1461 4948
772 842 4949
667 1583 4950
349 789 4951
1201 1258 4952
1239 1916 4953
969 1344 4954
1054 1160 4955
1258 1709 4956
299 1268 4957
118 826 4958
484 1476 4959
1275 1357 4960
431 473 4961
711 1152 4962
759 1129 4963
103 1053 4964
178 1578 4965
325 1852 4966
1854 2002 4967
1095 1392 4968
1499 1779 4969
446 1003 4970
884 1576 4971
569 751 4972
1501 1884 4973
234 1095 4974
722 1062 4975
834 1965 4976
1179 1517 4977
1205 1660 4978
705 1177 4979
501 1697 4980
741 2089 4981
2048 2092 4982
345 1274 4983
420 962 4984
69 1576 4985
452 1820 4986
155 474 4987
1007 1805 4988
800 1459 4989
69 2022 4990
751 1822 4991
1965 2002 4992
262 1697 4993
962 1054 4994
903 1478 4995
1679 1704 4996
1224 1854 4997
1477 2041 4998
99 677 4999
373 1993 5000
262 826 5001
1975 2058 5002
349 1530 5003
1938 2005 5004
205 1707 5005
969 2045 5006
1101 1779 5007
709 1705 5008
662 1581 5009
152 1392 5010
593 881 5011
1008 1524 5012
1845 1854 5013
1224 2002 5014
876 1890 5015
1106 1924 5016
111 1870 5017
1477 2030 5018
345 1494 5019
1218 1804 5020
1476 1779 5021
309 1963 5022
452 1197 5023
1163 1260 5024
296 2059 5025
320 1793 5026
1369 1910 5027
1 2003 5028
6 714 5029
1527 1993 5030
1700 1904 5031
1524 2137 5032
279 1051 5033
175 1154 5034
1052 1486 5035
1184 1925 5036
1 2041 5037
111 1007 5038
154 1566 5039
270 2048 5040
727 1779 5041
710 1239 5042
854 1957 5043
1258 1870 5044
1714 1969 5045
1177 1622 5046
1486 1868 5047
227 1644 5048
826 1697 5049
122 739 5050
818 2118 5051
1814 1871 5052
1152 1274 5053
661 1395 5054
29 908 5055
1175 2045 5056
501 826 5057
325 1632 5058
493 1745 5059
1391 1816 5060
509 1152 5061
1259 1890 5062
983 2118 5063
1476 1708 5064
987 2032 5065
1064 1352 5066
404 2133 5067
1295 1565 5068
137 1426 5069
84 842 5070
628 821 5071
1565 2044 5072
1486 1881 5073
1496 2032 5074
1576 2041 5075
317 1357 5076
436 690 5077
325 1031 5078
728 939 5079
1317 1546 5080
1704 2041 5081
1062 1347 5082
1024 1598 5083
650 824 5084
1516 1925 5085
897 1003 5086
1008 1370 5087
376 1434 5088
535 1315 5089
1268 1924 5090
482 1050 5091
1523 1594 5092
956 1565 5093
1007 1870 5094
1319 1453 5095
122 1847 5096
1870 2032 5097
316 1871 5098
422 911 5099
650 2034 5100
1384 1644 5101
752 1102 5102
162 969 5103
309 698 5104
963 1814 5105
408 545 5106
728 1900 5107
597 1877 5108
1054 2118 5109
188 1050 5110
994 1153 5111
928 1152 5112
1546 2048 5113
226 410 5114
677 1392 5115
883 1260 5116
801 1837 5117
2041 2048 5118
892 1645 5119
1732 1867 5120
1347 1594 5121
994 1777 5122
53 1787 5123
466 1594 5124
155 1888 5125
163 893 5126
751 2055 5127
853 1814 5128
1576 1626 5129
815 1964 5130
1103 1496 5131
171 977 5132
714 2064 5133
769 832 5134
1841 2032 5135
737 864 5136
1274 2132 5137
1714 1892 5138
363 1177 5139
1125 2079 5140
521 1889 5141
1083 1434 5142
122 1583 5143
1344 1842 5144
111 1611 5145
1268 2058 5146
763 1590 5147
38 1392 5148
1138 1357 5149
1271 1645 5150
1160 1860 5151
268 1956 5152
1102 1409 5153
1253 1471 5154
1258 1624 5155
842 911 5156
296 1264 5157
939 1160 5158
560 1009 5159
1395 1890 5160
676 1704 5161
1177 1276 5162
1258 1805 5163
680 882 5164
193 1486 5165
953 1889 5166
208 892 5167
228 1573 5168
1611 1805 5169
1845 1957 5170
1059 1939 5171
1243 1904 5172
708 1908 5173
387 974 5174
175 995 5175
163 1253 5176
494 661 5177
782 1157 5178
1845 1965 5179
601 1924 5180
892 1684 5181
84 422 5182
141 892 5183
1345 1635 5184
317 476 5185
770 1298 5186
1007 1258 5187
1679 1732 5188
105 726 5189
211 1820 5190
1102 1296 5191
1820 1867 5192
155 600 5193
1196 1362 5194
521 953 5195
185 1213 5196
394 1177 5197
880 1237 5198
275 1679 5199
639 1007 5200
1303 1357 5201
153 1477 5202
84 911 5203
658 1196 5204
963 1573 5205
1328 1616 5206
1565 1984 5207
1 243 5208
690 1350 5209
882 1884 5210
464 1007 5211
639 1258 5212
1113 1964 5213
1180 2032 5214
699 901 5215
47 2116 5216
708 1494 5217
801 873 5218
1162 1262 5219
153 2048 5220
1704 1867 5221
862 1903 5222
273 857 5223
776 1062 5224
878 1099 5225
1003 1474 5226
1486 1534 5227
630 1041 5228
1688 1846 5229
92 601 5230
180 1486 5231
615 1476 5232
422 1665 5233
711 1177 5234
246 713 5235
1237 1837 5236
202 1160 5237
1357 2019 5238
1676 2078 5239
155 2115 5240
1181 1904 5241
1849 2092 5242
651 873 5243
892 1963 5244
759 1530 5245
916 2032 5246
1228 1846 5247
105 1453 5248
1073 1122 5249
832 1975 5250
282 1486 5251
897 1957 5252
928 1177 5253
74 534 5254
751 1957 5255
1146 1964 5256
880 1837 5257
1048 1050 5258
1474 1957 5259
1411 1940 5260
57 975 5261
644 1688 5262
853 1871 5263
243 1477 5264
897 1965 5265
651 1590 5266
244 995 5267
1616 1709 5268
461 1497 5269
676 1820 5270
239 1530 5271
1873 2058 5272
163 873 5273
995 1868 5274
154 1361 5275
220 1099 5276
903 995 5277
1957 1965 5278
1471 1590 5279
882 1476 5280
811 1581 5281
535 1362 5282
1474 1965 5283
1194 1936 5284
726 1497 5285
953 1984 5286
1275 1435 5287
349 417 5288
471 947 5289
474 1888 5290
431 836 5291
509 1177 5292
84 766 5293
302 1350 5294
615 1350 5295
1181 1669 5296
1679 2048 5297
1704 2022 5298
1357 1844 5299
134 1434 5300
918 1307 5301
1066 1160 5302
1476 2100 5303
892 1738 5304
1118 1818 5305
1 1477 5306
1106 1268 5307
1238 1425 5308
766 911 5309
1626 1732 5310
862 1513 5311
963 1708 5312
74 1494 5313
954 982 5314
114 2048 5315
243 2022 5316
757 1635 5317
359 2032 5318
1494 1529 5319
1578 1681 5320
974 1060 5321
1904 2050 5322
971 1637 5323
316 1350 5324
1274 1964 5325
911 1144 5326
128 1350 5327
192 1594 5328
1019 1181 5329
579 1904 5330
911 1665 5331
84 1665 5332
2078 2118 5333
1066 2118 5334
474 1271 5335
163 1590 5336
1635 1757 5337
963 1350 5338
764 1791 5339
604 1337 5340
464 1258 5341
484 2100 5342
296 514 5343
873 1471 5344
751 1965 5345
959 1019 5346
739 1271 5347
787 1644 5348
604 1283 5349
1003 1965 5350
713 2005 5351
1854 1965 5352
1222 2100 5353
1477 2092 5354
1053 1181 5355
448 1486 5356
554 2134 5357
711 2078 5358
737 1253 5359
642 892 5360
901 1626 5361
1609 1671 5362
357 1391 5363
963 1871 5364
1732 2022 5365
404 832 5366
408 1138 5367
1220 2003 5368
893 1471 5369
1038 1361 5370
1350 1948 5371
1414 2108 5372
1688 1791 5373
658 1366 5374
1253 1590 5375
1635 2003 5376
1626 2048 5377
1122 2101 5378
1616 1870 5379
1732 1820 5380
801 893 5381
1052 1899 5382
1271 1315 5383
1624 1888 5384
650 1344 5385
1660 1678 5386
449 842 5387
1295 2044 5388
954 1890 5389
766 1665 5390
1497 1916 5391
1538 1963 5392
1185 1391 5393
1259 1363 5394
1870 1881 5395
514 1264 5396
873 1590 5397
859 1303 5398
1054 1860 5399
246 869 5400
699 1167 5401
1704 1732 5402
699 1576 5403
493 1434 5404
699 1732 5405
739 987 5406
795 1616 5407
902 1604 5408
1054 1350 5409
296 671 5410
1613 1644 5411
842 1144 5412
1818 2100 5413
1268 1416 5414
963 2038 5415
832 1268 5416
494 954 5417
814 1873 5418
699 2048 5419
122 1271 5420
1414 1967 5421
105 1316 5422
1065 1573 5423
1888 2115 5424
336 1870 5425
878 1989 5426
671 1264 5427
1777 1936 5428
820 2065 5429
737 873 5430
122 1888 5431
995 1184 5432
345 2078 5433
383 1350 5434
1868 2017 5435
168 1963 5436
1774 1963 5437
116 1303 5438
1420 1471 5439
718 1181 5440
319 1214 5441
699 1477 5442
1496 1847 5443
725 1963 5444
1052 1184 5445
928 2078 5446
1606 2065 5447
268 857 5448
1303 1482 5449
882 1751 5450
1481 1739 5451
759 1060 5452
814 1831 5453
1699 1739 5454
122 987 5455
873 1253 5456
1167 2048 5457
1477 2022 5458
316 1494 5459
921 1289 5460
962 2078 5461
987 1888 5462
1024 2020 5463
79 953 5464
739 1888 5465
1344 1494 5466
688 1303 5467
1144 1665 5468
737 1590 5469
1576 2048 5470
1435 1550 5471
966 1660 5472
769 1106 5473
1224 1965 5474
1303 1988 5475
1007 2032 5476
1477 2048 5477
1494 1862 5478
1664 2071 5479
1219 2065 5480
1788 2017 5481
604 1041 5482
1753 1963 5483
1871 2053 5484
893 1253 5485
1350 1476 5486
1453 1578 5487
963 1274 5488
1099 2042 5489
1350 2039 5490
494 556 5491
1420 1590 5492
134 1540 5493
1253 1420 5494
1664 1666 5495
1184 1868 5496
1366 1635 5497
1054 1066 5498
1704 2048 5499
494 1553 5500
496 1350 5501
1344 1804 5502
534 1494 5503
419 1635 5504
1 1576 5505
1724 1963 5506
1066 2134 5507
122 1496 5508
437 1350 5509
507 2065 5510
1102 1758 5511
857 2100 5512
318 2048 5513
1350 2038 5514
1428 1498 5515
1496 1888 5516
931 1453 5517
1210 1777 5518
721 1616 5519
534 1350 5520
677 850 5521
930 2090 5522
954 1755 5523
1062 1964 5524
1003 1957 5525
836 1384 5526
963 1886 5527
122 1841 5528
418 1350 5529
902 931 5530
739 1496 5531
988 1362 5532
1152 2078 5533
1184 1899 5534
1316 1916 5535
541 2065 5536
1313 1904 5537
653 1492 5538
1350 2116 5539
1732 2048 5540
642 1989 5541
893 1590 5542
720 2020 5543
1138 1811 5544
494 2020 5545
197 1041 5546
1118 1125 5547
1578 1755 5548
1481 1578 5549
1576 1820 5550
698 925 5551
1152 1177 5552
1007 1616 5553
873 1420 5554
954 1739 5555
1352 1903 5556
1435 1876 5557
1477 1704 5558
1477 1679 5559
1576 1704 5560
1362 1576 5561
799 1350 5562
1477 1576 5563
658 1392 5564
766 1144 5565
1232 1303 5566
494 1578 5567
1820 2048 5568
963 1152 5569
1007 1881 5570
1494 1708 5571
1496 2115 5572
1777 2014 5573
2022 2048 5574
1001 1399 5575
814 2042 5576
1293 1771 5577
1578 1699 5578
1041 1492 5579
653 1041 5580
661 1623 5581
1049 1940 5582
1258 2032 5583
1496 1624 5584
1268 1975 5585
1635 2113 5586
953 1641 5587
1001 1041 5588
666 2048 5589
718 1019 5590
1350 1892 5591
650 1289 5592
698 1709 5593
820 1606 5594
954 1259 5595
1303 2035 5596
1428 1989 5597
971 1777 5598
1392 1635 5599
961 1648 5600
1015 1678 5601
321 961 5602
769 1975 5603
1271 1496 5604
1465 1903 5605
997 1886 5606
844 1184 5607
1573 1871 5608
751 1400 5609
1553 1623 5610
698 1328 5611
873 893 5612
1049 2100 5613
1621 2090 5614
1303 2086 5615
1258 1881 5616
1350 1751 5617
1540 1589 5618
1586 2063 5619
1289 1524 5620
1054 2134 5621
1576 1732 5622
1675 1916 5623
1931 1963 5624
698 1805 5625
1184 2017 5626
878 2042 5627
1350 1708 5628
1019 1669 5629
1684 1963 5630
1062 1594 5631
2005 2061 5632
1361 1673 5633
1710 1758 5634
698 795 5635
1289 1344 5636
1246 1586 5637
513 1640 5638
698 1963 5639
759 2080 5640
698 1989 5641
921 1494 5642
1599 1623 5643
718 1669 5644
981 1414 5645
1177 1350 5646
1623 2029 5647
954 1623 5648
997 1534 5649
1210 1936 5650
1379 1578 5651
1292 1295 5652
1008 1289 5653
1391 2080 5654
1114 1673 5655
718 1053 5656
1050 1839 5657
1184 1534 5658
882 1494 5659
1586 1673 5660
994 1837 5661
818 2090 5662
954 1581 5663
1391 1815 5664
671 999 5665
963 2078 5666
873 1165 5667
1049 1644 5668
1288 1289 5669
882 1350 5670
931 2129 5671
1138 1621 5672
723 1049 5673
1590 1674 5674
820 1640 5675
1578 1623 5676
1019 1053 5677
964 1980 5678
1293 1688 5679
1152 1350 5680
1053 1669 5681
1476 2078 5682
836 1513 5683
1177 2116 5684
1393 1876 5685
1770 1876 5686
1049 1118 5687
961 1293 5688
1214 1590 5689
821 1184 5690
1350 2078 5691
1362 1904 5692
759 1980 5693
1574 2078 5694
765 1260 5695
1085 1161 5696
1102 1673 5697
1414 1530 5698
1161 1308 5699
1673 1710 5700
1289 2045 5701
