687 1768 1
687 953 2
1432 2052 3
440 468 4
1403 1630 5
714 2027 6
300 952 7
635 953 8
924 1454 9
86 547 10
67 547 11
267 547 12
113 687 13
529 547 14
635 687 15
67 267 16
518 1630 17
67 86 18
140 480 19
953 1468 20
1454 2007 21
86 267 22
204 953 23
924 2007 24
67 529 25
190 687 26
547 1637 27
86 529 28
714 1694 29
267 529 30
518 1403 31
952 1806 32
86 100 33
1694 2027 34
300 1806 35
529 1637 36
3 86 37
86 1637 38
100 267 39
953 1744 40
67 100 41
847 2092 42
100 529 43
687 1468 44
391 1206 45
547 1450 46
547 765 47
503 2052 48
67 1637 49
3 267 50
3 547 51
100 547 52
356 952 53
953 1823 54
300 1772 55
552 557 56
953 1607 57
300 1193 58
267 1637 59
65 2049 60
300 356 61
3 100 62
503 686 63
547 1444 64
547 1990 65
566 906 66
144 686 67
952 1772 68
1312 2052 69
267 765 70
1269 1937 71
529 765 72
1397 2114 73
529 1450 74
1454 1942 75
1659 2027 76
840 1680 77
86 1450 78
120 654 79
3 67 80
67 765 81
267 1450 82
1309 1754 83
529 1444 84
687 1744 85
924 1942 86
67 1450 87
3 529 88
86 765 89
123 906 90
503 1432 91
714 1659 92
952 1193 93
86 1444 94
159 664 95
547 1162 96
985 1103 97
1403 1972 98
1284 1397 99
86 1386 100
440 609 101
190 1768 102
3 1386 103
113 207 104
417 557 105
67 1444 106
267 1444 107
1334 2049 108
144 687 109
300 1776 110
771 1206 111
840 976 112
191 952 113
686 827 114
686 1104 115
1679 2092 116
2027 2032 117
144 532 118
113 590 119
1284 2114 120
270 847 121
3 765 122
191 300 123
270 2092 124
88 687 125
952 1776 126
440 1350 127
1269 1949 128
952 1205 129
86 1162 130
356 1205 131
502 952 132
267 1162 133
1842 2058 134
1206 1794 135
391 2049 136
300 1970 137
714 2032 138
1403 1602 139
529 942 140
267 1990 141
356 1772 142
1602 1972 143
86 1990 144
113 1040 145
1312 1432 146
341 1972 147
1450 1637 148
86 1229 149
140 335 150
502 2030 151
1772 1806 152
100 765 153
503 1104 154
67 1162 155
529 1162 156
952 1970 157
952 1978 158
267 1386 159
86 1716 160
100 1450 161
356 1806 162
687 1823 163
123 566 164
235 635 165
300 1205 166
502 1772 167
581 1404 168
1942 2007 169
1400 1468 170
144 1768 171
547 2051 172
1630 1972 173
440 1668 174
547 1716 175
906 1700 176
67 1990 177
351 581 178
235 1309 179
502 847 180
1193 1205 181
686 1040 182
3 1229 183
529 1386 184
43 468 185
300 502 186
300 1978 187
547 1386 188
67 1386 189
566 1700 190
547 942 191
235 1468 192
267 1716 193
100 1386 194
270 1679 195
686 1432 196
3 779 197
224 1630 198
100 1637 199
1193 1772 200
67 942 201
335 480 202
113 1768 203
75 1429 204
113 686 205
341 1430 206
1430 1972 207
1444 1637 208
529 1990 209
547 1887 210
635 1468 211
1193 1806 212
1206 1440 213
86 1887 214
686 2052 215
391 1103 216
1602 1630 217
86 779 218
100 1162 219
547 1676 220
440 2087 221
952 1678 222
468 2058 223
3 1450 224
417 552 225
46 686 226
114 527 227
502 1776 228
3 1162 229
1530 1842 230
300 1945 231
86 942 232
113 1104 233
391 1794 234
590 686 235
3 1637 236
1937 1949 237
86 1513 238
2027 2049 239
1284 1403 240
1637 1990 241
953 1190 242
1637 1887 243
113 2052 244
113 1432 245
765 1637 246
1281 1555 247
159 1530 248
1205 1772 249
356 568 250
953 2043 251
300 568 252
568 952 253
529 1716 254
952 1945 255
280 468 256
529 1513 257
341 1602 258
67 1716 259
140 365 260
145 634 261
221 952 262
356 477 263
3 1716 264
267 1513 265
840 1325 266
356 1776 267
1205 1978 268
191 1772 269
300 1678 270
529 1887 271
267 2057 272
159 1529 273
635 1400 274
623 1530 275
224 1972 276
123 1700 277
100 1229 278
100 779 279
1241 1429 280
221 300 281
529 2057 282
267 1887 283
765 1450 284
1772 1776 285
765 1386 286
1444 1450 287
4 140 288
1400 1744 289
267 1229 290
502 1193 291
827 1158 292
686 1158 293
86 2057 294
116 145 295
1440 2049 296
190 2082 297
300 1923 298
765 1229 299
4 480 300
65 1334 301
67 1229 302
351 1404 303
391 2027 304
116 335 305
191 1193 306
1514 1942 307
46 503 308
1694 2032 309
140 634 310
267 942 311
1281 1958 312
635 1744 313
952 1923 314
116 365 315
587 1241 316
356 692 317
686 1500 318
832 1530 319
547 1229 320
3 1444 321
570 1040 322
65 391 323
249 687 324
391 1694 325
468 1842 326
1469 1937 327
1193 1978 328
140 859 329
529 1229 330
1206 2049 331
1229 1386 332
1334 2027 333
1430 1602 334
9 468 335
207 675 336
365 480 337
687 1500 338
953 1400 339
529 2051 340
67 1887 341
325 1978 342
187 714 343
502 1806 344
1309 1468 345
100 1444 346
191 356 347
1440 2027 348
532 1768 349
675 686 350
1103 2049 351
100 1716 352
123 1750 353
391 1334 354
1193 1970 355
1555 1958 356
4 335 357
568 1772 358
1776 1806 359
67 2057 360
67 1513 361
267 2051 362
145 335 363
47 351 364
224 1602 365
952 1172 366
1468 1744 367
61 1241 368
140 145 369
780 855 370
186 609 371
1659 1694 372
86 2051 373
623 2087 374
100 1990 375
235 1744 376
300 1172 377
191 1776 378
365 634 379
477 952 380
249 518 381
335 634 382
654 1937 383
581 673 384
86 1785 385
113 144 386
207 1104 387
351 673 388
280 440 389
300 477 390
840 913 391
1806 1970 392
145 480 393
1630 1976 394
1162 1450 395
1403 1976 396
1945 1970 397
59 1440 398
664 1529 399
855 1752 400
20 855 401
65 1440 402
67 2051 403
144 1500 404
480 859 405
3 1990 406
480 634 407
65 1206 408
203 557 409
747 1555 410
1193 1776 411
67 1785 412
579 906 413
145 365 414
1630 2117 415
906 1750 416
1104 1432 417
144 783 418
590 1040 419
623 2058 420
1468 1607 421
163 203 422
3 1785 423
4 145 424
942 1637 425
765 1162 426
2015 2114 427
686 1768 428
1284 2117 429
319 1768 430
1386 1450 431
654 2004 432
1104 2052 433
100 1785 434
1284 1976 435
1454 1514 436
267 779 437
1403 2117 438
101 388 439
356 502 440
1529 1530 441
765 779 442
581 1267 443
1450 1990 444
847 2030 445
43 1842 446
267 1785 447
391 1659 448
1468 1754 449
351 1267 450
714 771 451
356 1978 452
235 1754 453
906 1603 454
1757 2085 455
145 688 456
144 827 457
186 623 458
664 1530 459
924 1514 460
0 654 461
341 1976 462
654 1269 463
779 1386 464
1366 1757 465
1386 1716 466
1162 1637 467
117 300 468
906 1243 469
341 518 470
1267 1404 471
1284 1630 472
1637 1716 473
566 1750 474
654 1970 475
831 855 476
587 2135 477
771 1794 478
609 973 479
120 1937 480
838 1605 481
468 623 482
1397 1403 483
191 1978 484
687 1528 485
779 1229 486
1776 1978 487
566 1463 488
687 834 489
7 924 490
144 1158 491
191 1970 492
440 623 493
547 1785 494
249 1430 495
46 1040 496
490 579 497
566 1603 498
186 468 499
529 1785 500
1162 1386 501
855 1729 502
976 1680 503
341 1403 504
518 1972 505
1193 1923 506
1386 1444 507
609 2087 508
1206 1819 509
1284 1430 510
906 1463 511
4 365 512
503 590 513
704 1387 514
1444 1990 515
1162 1229 516
1990 2057 517
1772 1970 518
1193 1678 519
1500 1768 520
855 1931 521
67 779 522
140 688 523
704 891 524
76 2082 525
140 1117 526
913 976 527
325 547 528
335 859 529
714 1103 530
765 1716 531
117 952 532
59 2027 533
518 1430 534
1040 1104 535
388 689 536
145 859 537
924 1505 538
985 1440 539
518 1602 540
1450 2057 541
400 1555 542
570 1500 543
985 1694 544
780 1097 545
117 1172 546
46 590 547
249 341 548
686 1312 549
779 1162 550
1267 1629 551
191 568 552
1403 1430 553
221 1193 554
942 1450 555
75 1130 556
140 1968 557
635 1309 558
502 568 559
1659 2032 560
1397 2015 561
1937 2004 562
609 1530 563
144 1528 564
480 1968 565
687 1104 566
581 1629 567
76 190 568
114 2092 569
356 1172 570
14 1029 571
1309 1607 572
144 1467 573
207 1312 574
1490 2026 575
43 2087 576
1444 1887 577
440 2058 578
18 623 579
547 779 580
765 1990 581
1450 1716 582
634 859 583
707 840 584
747 1281 585
1193 1945 586
221 1772 587
341 2117 588
190 819 589
20 831 590
976 1325 591
985 1206 592
1205 1776 593
765 1444 594
1325 1680 595
356 1923 596
1454 1505 597
100 1513 598
590 1104 599
692 952 600
942 1444 601
1229 1450 602
704 1277 603
765 1785 604
300 692 605
66 1694 606
1284 1972 607
1637 2051 608
341 1630 609
1064 2026 610
891 1387 611
906 2050 612
335 688 613
203 1400 614
582 2069 615
123 579 616
1284 1602 617
43 623 618
1469 1949 619
100 942 620
342 1429 621
707 976 622
108 1768 623
417 763 624
1557 1937 625
221 568 626
325 1776 627
714 1794 628
1450 1887 629
75 342 630
1309 1744 631
203 1078 632
116 140 633
117 1772 634
117 221 635
635 1754 636
686 1528 637
1637 2057 638
1130 1241 639
2 14 640
113 503 641
675 1432 642
953 959 643
1400 1823 644
1430 1976 645
1513 1637 646
235 1823 647
325 529 648
704 1834 649
953 1309 650
1366 2085 651
1430 2117 652
18 440 653
1450 1513 654
570 1768 655
116 480 656
108 145 657
245 1281 658
779 1450 659
356 1970 660
1629 1987 661
400 1281 662
61 75 663
503 1040 664
529 1903 665
1103 2027 666
557 1884 667
675 2052 668
119 121 669
235 953 670
100 1887 671
771 1440 672
819 2082 673
92 609 674
123 1463 675
163 557 676
1277 1387 677
440 1530 678
1064 1490 679
391 985 680
342 1241 681
30 1241 682
108 140 683
502 1923 684
61 2135 685
245 747 686
635 1823 687
529 779 688
123 490 689
570 1528 690
1887 2057 691
480 688 692
557 856 693
831 1752 694
1103 1694 695
480 2035 696
1404 1629 697
1776 1945 698
66 491 699
116 634 700
145 1117 701
204 558 702
959 1190 703
47 1267 704
66 391 705
1284 2015 706
891 1277 707
123 1603 708
477 1978 709
518 1284 710
108 335 711
116 859 712
1468 1823 713
1972 2117 714
527 1776 715
663 1135 716
924 1539 717
100 2051 718
86 1903 719
1097 1729 720
4 116 721
4 634 722
568 1172 723
765 942 724
191 477 725
743 1768 726
1429 2135 727
1528 1768 728
1678 1772 729
117 1806 730
924 1398 731
1386 1990 732
280 2058 733
270 2030 734
7 1454 735
470 924 736
1205 1970 737
527 1978 738
891 1834 739
1334 2032 740
692 1772 741
113 951 742
673 1404 743
66 1440 744
235 1607 745
417 959 746
547 1507 747
1206 2027 748
360 1430 749
1386 1785 750
159 1652 751
417 1309 752
1162 1716 753
675 1312 754
86 325 755
204 430 756
221 1806 757
568 1193 758
1387 1834 759
502 1172 760
529 1507 761
780 2143 762
953 1273 763
1229 1716 764
120 191 765
221 1678 766
1972 1976 767
144 1104 768
113 532 769
480 1117 770
1603 1700 771
191 1205 772
840 1654 773
356 1678 774
1454 1539 775
116 688 776
1386 1637 777
1444 1716 778
566 579 779
654 1469 780
342 1130 781
356 527 782
1607 1754 783
356 1945 784
468 589 785
634 688 786
214 675 787
490 1750 788
568 1678 789
707 1270 790
1514 2007 791
566 1243 792
686 951 793
838 1234 794
86 1507 795
4 687 796
20 780 797
832 2058 798
3 942 799
502 1205 800
391 1440 801
1887 1990 802
1162 1444 803
1744 1823 804
1104 1312 805
1716 1990 806
527 1205 807
440 1842 808
725 855 809
840 1270 810
1469 2004 811
1976 2015 812
1277 1834 813
566 1904 814
568 1806 815
87 2092 816
108 634 817
267 1507 818
906 1313 819
108 480 820
468 609 821
191 692 822
1776 1970 823
687 1158 824
388 663 825
589 953 826
1334 1847 827
1404 1987 828
1505 2007 829
1172 1772 830
207 2052 831
224 2117 832
417 1884 833
1162 1990 834
831 1931 835
1398 1454 836
547 1903 837
114 1679 838
65 985 839
557 1602 840
76 819 841
126 502 842
144 1702 843
113 570 844
440 973 845
116 1482 846
140 2035 847
3 1507 848
46 1432 849
365 859 850
59 1103 851
906 1904 852
477 502 853
771 985 854
2015 2117 855
688 859 856
108 116 857
67 1903 858
855 1097 859
747 1958 860
2051 2057 861
1444 2051 862
1729 2143 863
1806 1978 864
1923 1970 865
480 1482 866
117 1776 867
224 1976 868
351 1987 869
570 1104 870
942 1162 871
824 1920 872
840 922 873
1263 1455 874
335 365 875
491 891 876
1594 2037 877
1744 1754 878
673 1267 879
3 1513 880
463 774 881
527 1020 882
959 1309 883
140 1482 884
1206 1694 885
807 859 886
527 926 887
959 1754 888
557 1784 889
1430 1630 890
1450 2051 891
7 1942 892
114 270 893
20 1931 894
779 1716 895
1444 2057 896
491 963 897
765 1513 898
145 1482 899
245 400 900
687 1702 901
780 831 902
477 1970 903
581 1987 904
109 1630 905
221 502 906
634 807 907
203 417 908
673 1629 909
67 1507 910
1818 2079 911
1539 2007 912
1602 2117 913
2030 2092 914
114 847 915
1463 1700 916
235 1400 917
623 1842 918
249 810 919
477 1678 920
1172 1193 921
1607 1744 922
191 527 923
1235 1455 924
67 325 925
783 1104 926
53 461 927
203 1076 928
1430 2015 929
109 1403 930
365 688 931
686 1445 932
1694 2049 933
558 1484 934
417 1400 935
341 1284 936
714 1201 937
1064 1881 938
765 2051 939
877 953 940
1206 1334 941
1440 1794 942
1970 1978 943
3 2051 944
1172 1806 945
113 1500 946
707 1654 947
1602 1976 948
654 1557 949
1990 2051 950
1229 1637 951
92 1530 952
4 688 953
391 1819 954
335 1117 955
108 365 956
497 1430 957
1172 1776 958
342 2077 959
707 1594 960
245 1958 961
46 2052 962
490 566 963
1603 1750 964
1270 1654 965
1162 1785 966
976 1654 967
1716 1785 968
168 855 969
1398 2007 970
558 606 971
985 1334 972
136 2058 973
568 1776 974
687 1400 975
491 1896 976
771 1103 977
779 1637 978
529 1458 979
913 1680 980
1397 2117 981
123 2050 982
87 1679 983
123 1243 984
532 1528 985
1469 1557 986
779 1785 987
502 1978 988
687 1309 989
675 1104 990
687 827 991
714 1929 992
859 1768 993
953 1754 994
714 1440 995
906 1193 996
4 859 997
123 1904 998
100 2057 999
470 2007 1000
468 973 1001
226 1561 1002
417 743 1003
609 1668 1004
634 1482 1005
704 1872 1006
1064 1723 1007
1983 2030 1008
221 692 1009
1450 1785 1010
1490 1535 1011
1205 1678 1012
518 810 1013
1929 2027 1014
92 440 1015
686 1702 1016
856 1972 1017
707 1680 1018
725 831 1019
1229 1990 1020
59 1206 1021
400 747 1022
267 325 1023
973 2058 1024
1403 2114 1025
117 356 1026
1772 1945 1027
267 1458 1028
490 2050 1029
474 1440 1030
568 1205 1031
1269 1469 1032
207 1432 1033
1235 1263 1034
113 827 1035
384 660 1036
65 771 1037
1887 2051 1038
1757 2113 1039
1937 2123 1040
388 1135 1041
891 1872 1042
1700 1904 1043
440 832 1044
1064 1535 1045
1450 1507 1046
7 2007 1047
1397 1976 1048
109 1284 1049
311 2085 1050
161 468 1051
43 186 1052
86 1458 1053
203 1571 1054
582 1027 1055
1557 2004 1056
1397 1630 1057
1700 1750 1058
104 2027 1059
976 1270 1060
1162 1513 1061
783 827 1062
832 2087 1063
1972 2015 1064
123 1313 1065
163 552 1066
474 1103 1067
1229 1785 1068
924 1380 1069
221 1205 1070
400 1958 1071
692 1193 1072
114 2022 1073
532 783 1074
491 1277 1075
4 108 1076
634 1117 1077
1387 1872 1078
674 1654 1079
985 2049 1080
1945 1978 1081
856 1602 1082
491 2030 1083
47 581 1084
159 1043 1085
325 1450 1086
907 1972 1087
552 743 1088
634 1968 1089
1776 1923 1090
341 687 1091
187 2032 1092
686 783 1093
417 1754 1094
687 783 1095
687 810 1096
1309 1823 1097
116 1117 1098
365 1482 1099
692 1776 1100
1976 2117 1101
110 1729 1102
1268 2058 1103
1313 1750 1104
203 552 1105
457 2037 1106
566 2050 1107
942 1990 1108
59 65 1109
117 477 1110
664 1652 1111
855 1724 1112
570 686 1113
547 1458 1114
907 1602 1115
117 1205 1116
958 1729 1117
112 1757 1118
1513 1990 1119
191 1923 1120
557 2109 1121
771 2049 1122
855 958 1123
1555 2023 1124
942 1716 1125
1397 1430 1126
942 1887 1127
491 704 1128
110 855 1129
1678 1978 1130
116 1968 1131
1469 2123 1132
1429 1733 1133
1754 1823 1134
1309 2043 1135
579 1750 1136
117 568 1137
1281 2023 1138
688 1482 1139
1172 1205 1140
1270 1680 1141
2114 2117 1142
224 1531 1143
4 1117 1144
147 558 1145
687 1430 1146
0 1469 1147
4 1968 1148
527 1970 1149
623 921 1150
579 1700 1151
666 2092 1152
1104 1445 1153
582 1089 1154
552 856 1155
1594 1680 1156
623 2034 1157
865 1429 1158
1449 2026 1159
1607 1823 1160
1716 1887 1161
847 1172 1162
973 1668 1163
1557 1949 1164
113 1528 1165
1678 1970 1166
1215 2037 1167
1571 2030 1168
64 1505 1169
311 1366 1170
1440 1694 1171
176 1842 1172
1205 2030 1173
1277 1872 1174
1380 1454 1175
1679 2030 1176
168 725 1177
859 1117 1178
1309 1866 1179
654 1949 1180
109 1972 1181
120 1949 1182
783 1158 1183
831 1097 1184
1678 1806 1185
1059 1378 1186
0 2004 1187
1794 1819 1188
1429 2077 1189
3 1887 1190
407 581 1191
190 854 1192
2022 2092 1193
1949 2004 1194
18 921 1195
117 502 1196
168 831 1197
1983 2092 1198
570 783 1199
1834 1872 1200
440 682 1201
765 2057 1202
136 440 1203
335 1482 1204
779 1990 1205
1754 1866 1206
468 1149 1207
1976 2114 1208
75 587 1209
122 2027 1210
221 847 1211
856 1976 1212
67 1458 1213
113 783 1214
1716 2057 1215
113 675 1216
765 1887 1217
47 1987 1218
566 1313 1219
1162 2051 1220
281 1486 1221
922 1680 1222
1003 2082 1223
47 1629 1224
207 1445 1225
444 468 1226
547 759 1227
1519 1734 1228
417 2043 1229
477 568 1230
951 1040 1231
868 1942 1232
19 98 1233
1440 1659 1234
388 1236 1235
1500 1528 1236
1637 1903 1237
270 666 1238
1349 1935 1239
88 190 1240
589 628 1241
1444 1785 1242
654 1713 1243
765 1507 1244
973 1268 1245
1603 1904 1246
47 673 1247
477 527 1248
286 610 1249
267 554 1250
856 2117 1251
1444 1507 1252
65 714 1253
518 1976 1254
692 1205 1255
113 1445 1256
245 2023 1257
959 1400 1258
725 1729 1259
942 2057 1260
518 1397 1261
587 865 1262
4 1768 1263
856 1403 1264
87 270 1265
109 1602 1266
65 1103 1267
771 2027 1268
417 856 1269
527 2030 1270
688 807 1271
951 1432 1272
474 985 1273
1702 1768 1274
985 1659 1275
859 1482 1276
87 847 1277
609 915 1278
1334 1694 1279
692 1678 1280
1490 1723 1281
145 807 1282
1463 1750 1283
335 1968 1284
341 2015 1285
570 827 1286
1716 2051 1287
1103 1659 1288
1270 1594 1289
221 1923 1290
1130 1429 1291
1700 2050 1292
1513 2051 1293
532 1702 1294
582 1367 1295
91 204 1296
0 120 1297
953 1822 1298
46 1104 1299
783 1500 1300
808 1490 1301
1277 1896 1302
4 1482 1303
65 1794 1304
532 1467 1305
1162 1887 1306
87 356 1307
452 676 1308
65 1659 1309
771 1819 1310
30 75 1311
532 827 1312
1432 1445 1313
1206 1659 1314
518 2117 1315
59 2049 1316
1229 1513 1317
365 807 1318
365 1117 1319
491 1387 1320
1768 1896 1321
502 1689 1322
771 2032 1323
249 790 1324
673 1987 1325
697 1818 1326
1400 2043 1327
747 2023 1328
1794 2027 1329
854 2082 1330
1754 2043 1331
203 1884 1332
1349 1617 1333
664 1043 1334
552 1076 1335
1756 1766 1336
503 951 1337
827 1500 1338
692 1978 1339
4 807 1340
1785 1990 1341
502 692 1342
325 1990 1343
1637 1785 1344
309 892 1345
311 1757 1346
86 554 1347
351 1629 1348
490 906 1349
163 763 1350
985 1870 1351
30 1429 1352
547 554 1353
224 856 1354
249 360 1355
325 1444 1356
417 1784 1357
108 688 1358
120 1469 1359
942 2051 1360
959 2043 1361
1158 1500 1362
1243 1700 1363
257 547 1364
417 1190 1365
654 2123 1366
117 1978 1367
128 1676 1368
589 888 1369
609 1235 1370
166 589 1371
942 1386 1372
1397 1602 1373
114 1020 1374
168 1538 1375
1205 1806 1376
1513 1716 1377
1162 1507 1378
552 1784 1379
859 1968 1380
145 1968 1381
590 951 1382
666 1679 1383
65 1694 1384
1368 1906 1385
325 1507 1386
1234 1605 1387
1040 2052 1388
444 2058 1389
568 1970 1390
587 1130 1391
270 1983 1392
1087 1415 1393
1243 1750 1394
1734 1801 1395
23 982 1396
1458 1637 1397
341 360 1398
1201 2027 1399
557 1273 1400
1386 1513 1401
407 1404 1402
477 1806 1403
1392 1757 1404
1449 1490 1405
67 554 1406
9 1204 1407
477 847 1408
263 959 1409
1103 2032 1410
688 2082 1411
688 1117 1412
1602 2015 1413
1168 1741 1414
43 280 1415
1243 1603 1416
833 1765 1417
86 431 1418
98 306 1419
1768 1988 1420
280 1842 1421
1463 1904 1422
491 1834 1423
98 256 1424
529 1298 1425
795 1007 1426
159 2034 1427
1535 1723 1428
61 1429 1429
1507 1990 1430
310 392 1431
65 2027 1432
203 2109 1433
519 654 1434
597 705 1435
675 798 1436
120 1269 1437
682 973 1438
1806 1945 1439
191 1678 1440
1507 1716 1441
1617 1935 1442
502 1678 1443
1679 2022 1444
122 714 1445
249 497 1446
20 1729 1447
1172 1923 1448
108 859 1449
66 1794 1450
769 832 1451
1386 2060 1452
1397 1972 1453
98 2105 1454
942 1513 1455
14 299 1456
490 1875 1457
609 1263 1458
140 1988 1459
674 1594 1460
847 1772 1461
112 1196 1462
110 831 1463
692 1970 1464
1162 2057 1465
145 1768 1466
477 1945 1467
590 2052 1468
1513 1887 1469
589 1530 1470
784 1454 1471
1659 2049 1472
660 2068 1473
2085 2113 1474
1103 1624 1475
1768 2035 1476
311 1392 1477
468 760 1478
1444 1458 1479
38 286 1480
1190 2043 1481
1794 2049 1482
2033 2085 1483
224 907 1484
207 214 1485
112 2085 1486
113 1312 1487
579 1603 1488
910 959 1489
1417 1742 1490
1679 1983 1491
232 976 1492
440 1057 1493
491 1872 1494
663 689 1495
129 953 1496
1309 1400 1497
440 1268 1498
1064 1449 1499
114 666 1500
783 1528 1501
325 431 1502
527 1172 1503
20 168 1504
627 1712 1505
1535 2026 1506
10 1417 1507
104 2032 1508
1949 2123 1509
3 2057 1510
1467 1500 1511
1654 1680 1512
76 834 1513
116 807 1514
145 2035 1515
552 1273 1516
780 1538 1517
87 1020 1518
856 1397 1519
66 1571 1520
76 897 1521
1350 1676 1522
783 1768 1523
34 1942 1524
468 2034 1525
535 1366 1526
527 1923 1527
591 824 1528
1565 2037 1529
568 1923 1530
1204 1656 1531
1529 2034 1532
747 2076 1533
779 1513 1534
838 1145 1535
1818 1940 1536
1104 1768 1537
687 1740 1538
1241 2135 1539
1834 1896 1540
76 688 1541
1400 1754 1542
283 589 1543
831 958 1544
20 725 1545
464 1201 1546
831 1724 1547
1513 1785 1548
190 224 1549
1103 1794 1550
1440 1819 1551
1602 2114 1552
112 757 1553
190 1784 1554
985 1929 1555
145 1988 1556
502 1945 1557
1040 1432 1558
865 1130 1559
61 342 1560
1723 2026 1561
557 877 1562
110 1724 1563
477 1205 1564
1257 1291 1565
470 1942 1566
262 1697 1567
1450 1458 1568
675 1445 1569
1117 1784 1570
1279 1415 1571
1507 1637 1572
191 502 1573
1528 1702 1574
1689 1923 1575
1104 1500 1576
318 2092 1577
187 1201 1578
1958 2023 1579
1454 1584 1580
2 1029 1581
951 2052 1582
187 464 1583
1488 2026 1584
18 280 1585
810 1430 1586
64 1454 1587
655 2007 1588
468 915 1589
714 1328 1590
255 855 1591
688 1968 1592
168 1931 1593
270 2022 1594
431 547 1595
1130 2135 1596
187 474 1597
877 959 1598
46 951 1599
831 1538 1600
2023 2076 1601
417 953 1602
510 1011 1603
10 1742 1604
18 43 1605
1724 1931 1606
1571 1896 1607
224 1128 1608
49 147 1609
33 609 1610
187 1328 1611
480 1988 1612
9 1076 1613
692 1923 1614
463 1410 1615
1450 1903 1616
1694 1929 1617
0 1557 1618
53 1426 1619
113 1158 1620
468 1344 1621
985 1624 1622
579 1463 1623
1729 1931 1624
207 798 1625
859 1988 1626
431 529 1627
47 1404 1628
335 807 1629
704 1896 1630
113 1856 1631
120 2004 1632
257 529 1633
579 1313 1634
1158 1432 1635
1392 2085 1636
1445 2052 1637
557 1076 1638
827 1528 1639
116 2035 1640
263 417 1641
554 1637 1642
168 780 1643
460 1057 1644
335 2035 1645
651 856 1646
240 797 1647
33 2087 1648
64 1942 1649
114 2030 1650
341 810 1651
14 56 1652
568 847 1653
985 1847 1654
1033 1756 1655
227 1790 1656
4 1988 1657
20 1097 1658
126 654 1659
1386 2051 1660
1500 1702 1661
256 1480 1662
190 1003 1663
1229 2057 1664
985 1805 1665
261 1368 1666
457 1594 1667
468 1364 1668
985 1007 1669
1281 2076 1670
757 2085 1671
1513 2057 1672
1158 1528 1673
1757 2033 1674
1387 1896 1675
325 1458 1676
325 1637 1677
868 924 1678
100 1903 1679
847 1193 1680
1222 1486 1681
46 113 1682
92 136 1683
725 1752 1684
70 121 1685
1325 1654 1686
1458 1990 1687
1117 2018 1688
474 1694 1689
224 1998 1690
1334 1794 1691
187 795 1692
634 2035 1693
1662 1808 1694
267 431 1695
1624 2027 1696
1790 2079 1697
1659 1929 1698
61 1130 1699
1507 2051 1700
76 88 1701
688 1988 1702
1332 1459 1703
116 1988 1704
7 1514 1705
113 1702 1706
255 831 1707
590 1432 1708
52 582 1709
1158 1768 1710
365 2035 1711
346 1942 1712
261 1906 1713
1366 1392 1714
14 1057 1715
52 2069 1716
863 2092 1717
120 1557 1718
390 1442 1719
502 1970 1720
136 2005 1721
384 2068 1722
689 1135 1723
112 2113 1724
529 554 1725
891 1896 1726
1097 1718 1727
18 973 1728
20 1752 1729
255 1729 1730
270 318 1731
757 2033 1732
490 1603 1733
743 959 1734
311 1196 1735
112 610 1736
66 1373 1737
18 444 1738
1345 1757 1739
28 557 1740
707 1325 1741
1668 2058 1742
99 2033 1743
1251 1519 1744
674 840 1745
1117 1482 1746
1313 1700 1747
751 1003 1748
1033 1766 1749
1718 1729 1750
341 1397 1751
98 1480 1752
91 558 1753
996 1778 1754
72 628 1755
757 1757 1756
1530 1924 1757
1694 1847 1758
1761 1839 1759
1972 2114 1760
103 1076 1761
314 1760 1762
108 1968 1763
347 1836 1764
812 1529 1765
859 2035 1766
490 1700 1767
1557 2123 1768
677 2085 1769
88 834 1770
257 1637 1771
114 1983 1772
705 711 1773
609 1132 1774
88 2082 1775
535 2085 1776
1087 1279 1777
1723 2009 1778
64 2007 1779
1143 1658 1780
527 1983 1781
989 1364 1782
3 2060 1783
984 1808 1784
1678 1923 1785
1887 1903 1786
1630 2114 1787
0 1269 1788
75 1563 1789
1104 1528 1790
1261 2107 1791
224 557 1792
1027 1089 1793
200 366 1794
1488 1490 1795
335 1988 1796
226 1153 1797
203 1280 1798
392 2006 1799
527 2092 1800
108 1482 1801
346 924 1802
1785 1887 1803
161 1842 1804
468 1372 1805
623 1121 1806
14 1268 1807
64 924 1808
687 1754 1809
431 1444 1810
897 2082 1811
1535 1881 1812
591 1920 1813
688 2035 1814
194 259 1815
1724 1729 1816
1117 1968 1817
87 1983 1818
39 1914 1819
707 913 1820
913 1654 1821
63 627 1822
76 1474 1823
1430 2114 1824
831 1718 1825
121 1169 1826
1449 1535 1827
1847 2027 1828
1094 2107 1829
1366 2113 1830
609 1455 1831
1104 1856 1832
1694 1794 1833
1444 1903 1834
855 1718 1835
1659 1847 1836
101 663 1837
674 913 1838
1380 1942 1839
1752 1931 1840
855 1538 1841
1529 1652 1842
1309 1703 1843
868 2007 1844
634 2082 1845
689 1236 1846
255 1931 1847
9 1656 1848
464 474 1849
1181 1750 1850
490 1463 1851
779 2051 1852
1205 1945 1853
72 824 1854
92 2005 1855
1154 1193 1856
468 921 1857
1020 2022 1858
687 1866 1859
1064 1488 1860
300 847 1861
468 1111 1862
1768 1856 1863
1386 2057 1864
570 1158 1865
9 1825 1866
1251 1801 1867
130 1882 1868
670 1798 1869
110 168 1870
270 527 1871
190 1224 1872
1205 1923 1873
819 897 1874
9 16 1875
800 1332 1876
1276 1622 1877
1467 1768 1878
474 714 1879
582 1784 1880
759 1530 1881
33 186 1882
634 1988 1883
66 139 1884
847 952 1885
627 858 1886
262 826 1887
589 1151 1888
1929 2032 1889
28 552 1890
151 1187 1891
440 2005 1892
552 2109 1893
623 851 1894
859 2082 1895
1117 2082 1896
76 1224 1897
855 2143 1898
136 246 1899
322 1378 1900
1555 2076 1901
1458 1507 1902
67 431 1903
187 1709 1904
16 440 1905
15 871 1906
76 1003 1907
99 112 1908
233 1034 1909
159 176 1910
973 1057 1911
783 1467 1912
943 1555 1913
87 1626 1914
263 743 1915
46 570 1916
1630 2015 1917
4 2035 1918
826 1697 1919
1785 2051 1920
1903 2057 1921
286 1757 1922
1474 2082 1923
145 2018 1924
554 1450 1925
743 1619 1926
518 2015 1927
121 1933 1928
474 795 1929
610 2085 1930
144 1856 1931
1027 2069 1932
847 1806 1933
28 203 1934
685 1188 1935
431 1450 1936
743 783 1937
75 395 1938
75 2135 1939
114 863 1940
461 1426 1941
108 2018 1942
91 1484 1943
1243 1904 1944
557 1078 1945
98 522 1946
664 2034 1947
868 1454 1948
1229 2051 1949
55 1552 1950
200 2131 1951
452 1867 1952
827 1768 1953
771 1659 1954
783 1463 1955
676 1546 1956
763 1768 1957
1417 1950 1958
1785 2057 1959
847 1776 1960
871 1756 1961
101 925 1962
1270 1325 1963
649 1193 1964
1309 2059 1965
1229 2060 1966
1412 2072 1967
1008 2137 1968
683 1173 1969
257 267 1970
929 2018 1971
824 1407 1972
860 2066 1973
1106 1924 1974
226 679 1975
712 855 1976
1345 2085 1977
1565 1594 1978
819 834 1979
856 1630 1980
943 1281 1981
687 854 1982
108 1988 1983
1089 2069 1984
62 662 1985
223 1949 1986
801 1884 1987
440 584 1988
1600 1935 1989
417 877 1990
240 1061 1991
790 810 1992
819 1003 1993
86 257 1994
35 115 1995
257 1450 1996
780 1931 1997
1392 2033 1998
816 2139 1999
906 1181 2000
104 1847 2001
423 1920 2002
468 989 2003
286 2085 2004
601 1924 2005
532 1158 2006
714 1709 2007
795 1258 2008
856 1078 2009
1020 1983 2010
798 2052 2011
1903 1990 2012
1111 2058 2013
1754 2059 2014
539 2087 2015
501 1697 2016
342 2135 2017
819 1224 2018
346 2007 2019
497 790 2020
1879 1896 2021
103 1078 2022
63 1377 2023
112 2033 2024
319 746 2025
922 1325 2026
1935 2040 2027
1867 2092 2028
20 1724 2029
262 501 2030
263 953 2031
341 790 2032
807 2035 2033
1583 1624 2034
674 1325 2035
860 1358 2036
921 2058 2037
1103 1847 2038
49 701 2039
305 580 2040
942 1229 2041
535 2030 2042
1324 1689 2043
255 780 2044
1313 1603 2045
687 2059 2046
692 847 2047
832 1268 2048
1872 1896 2049
1603 2050 2050
1830 1909 2051
9 557 2052
224 656 2053
346 1454 2054
468 1693 2055
76 854 2056
1008 1696 2057
76 1298 2058
800 1459 2059
190 834 2060
318 1020 2061
819 1845 2062
1584 2007 2063
363 705 2064
274 582 2065
485 2137 2066
1488 1535 2067
1603 1768 2068
958 1752 2069
596 2107 2070
685 1016 2071
790 1430 2072
491 1879 2073
757 2113 2074
856 2114 2075
910 2043 2076
610 2113 2077
114 452 2078
942 1785 2079
49 802 2080
714 1847 2081
682 2058 2082
89 1875 2083
166 505 2084
847 1205 2085
984 1662 2086
863 1020 2087
1201 2032 2088
431 1507 2089
827 1104 2090
1718 1724 2091
394 705 2092
554 1444 2093
2034 2058 2094
1372 1530 2095
179 1257 2096
634 2018 2097
610 1366 2098
1121 2058 2099
555 1689 2100
1486 1881 2101
190 1435 2102
714 1805 2103
953 1889 2104
63 1023 2105
342 865 2106
798 1432 2107
797 1061 2108
1306 1377 2109
63 775 2110
847 1020 2111
763 801 2112
985 2027 2113
341 497 2114
649 1978 2115
1182 1668 2116
323 440 2117
126 535 2118
780 1718 2119
179 1291 2120
812 1530 2121
1696 2137 2122
158 835 2123
80 390 2124
521 953 2125
65 1819 2126
897 1003 2127
1858 1859 2128
763 1884 2129
1273 2043 2130
365 1988 2131
714 1870 2132
1367 2069 2133
677 1366 2134
109 2117 2135
1426 1916 2136
1626 2092 2137
39 1875 2138
166 888 2139
9 1900 2140
360 790 2141
754 1020 2142
2033 2113 2143
49 558 2144
1403 2015 2145
114 1626 2146
246 2005 2147
1313 1463 2148
847 1945 2149
831 2143 2150
1389 1801 2151
897 1784 2152
190 897 2153
1507 1887 2154
779 1887 2155
851 1842 2156
953 1866 2157
468 713 2158
639 2049 2159
34 924 2160
109 1976 2161
186 851 2162
1089 1367 2163
863 1679 2164
704 1879 2165
527 1679 2166
871 1033 2167
704 1314 2168
1184 1486 2169
1486 1925 2170
121 1436 2171
206 1951 2172
725 1724 2173
827 1467 2174
554 1990 2175
1983 2022 2176
1482 2035 2177
257 1990 2178
461 1916 2179
1583 2027 2180
893 1884 2181
1538 1724 2182
697 1940 2183
763 1988 2184
101 1135 2185
209 1773 2186
1606 2065 2187
1007 1258 2188
34 1454 2189
182 1807 2190
468 584 2191
1158 1702 2192
552 877 2193
168 1729 2194
1723 1881 2195
910 953 2196
112 1366 2197
474 1870 2198
651 2082 2199
18 1111 2200
191 1576 2201
779 2057 2202
973 1842 2203
270 863 2204
440 1372 2205
1624 1847 2206
1958 2076 2207
527 847 2208
1482 1988 2209
783 1856 2210
1145 1605 2211
66 1819 2212
325 2051 2213
1647 1920 2214
72 1486 2215
4 1298 2216
158 1520 2217
474 2027 2218
535 676 2219
695 1646 2220
216 1835 2221
15 1756 2222
807 1968 2223
581 1838 2224
891 1879 2225
119 1436 2226
356 847 2227
491 1571 2228
765 1903 2229
856 2109 2230
1222 1818 2231
246 440 2232
1576 1867 2233
61 587 2234
552 1078 2235
1742 1950 2236
14 973 2237
768 1406 2238
1784 2082 2239
431 1458 2240
1867 2030 2241
888 1512 2242
1135 1326 2243
70 119 2244
1243 1768 2245
827 1445 2246
365 1968 2247
827 1702 2248
1570 1772 2249
245 2076 2250
763 893 2251
1027 1367 2252
1457 2102 2253
283 468 2254
1463 2050 2255
440 921 2256
1002 1541 2257
114 1576 2258
163 893 2259
569 953 2260
832 1842 2261
1867 1983 2262
337 935 2263
663 1326 2264
797 1198 2265
468 2013 2266
834 2082 2267
464 1328 2268
88 819 2269
1819 2049 2270
1923 1945 2271
76 1784 2272
579 1904 2273
201 1690 2274
1204 2108 2275
9 1078 2276
19 1189 2277
477 692 2278
561 1801 2279
28 103 2280
1679 1867 2281
47 976 2282
139 226 2283
431 1637 2284
819 854 2285
133 1202 2286
1464 1689 2287
1104 1467 2288
1449 1488 2289
1800 2054 2290
847 1678 2291
1103 1440 2292
1345 1366 2293
349 417 2294
421 2054 2295
819 1474 2296
1386 1887 2297
1424 1676 2298
1750 1816 2299
274 744 2300
955 2127 2301
452 1546 2302
80 1442 2303
751 897 2304
121 1601 2305
490 2107 2306
1458 2051 2307
194 1333 2308
1021 1932 2309
1637 1654 2310
657 704 2311
783 1702 2312
1243 1313 2313
1145 1633 2314
1314 1387 2315
1458 1716 2316
1768 1837 2317
1103 1870 2318
699 1679 2319
122 2032 2320
191 1945 2321
286 1366 2322
1334 1659 2323
421 934 2324
538 1851 2325
1127 1901 2326
431 1990 2327
569 1400 2328
610 616 2329
714 1624 2330
589 1693 2331
1094 2141 2332
1160 2137 2333
697 2000 2334
1251 1389 2335
87 2030 2336
112 1392 2337
237 1430 2338
959 1619 2339
103 2069 2340
1175 1652 2341
349 440 2342
518 2114 2343
104 1694 2344
119 735 2345
1366 2033 2346
64 1514 2347
491 1927 2348
87 318 2349
1190 1309 2350
323 1416 2351
623 682 2352
103 557 2353
190 1854 2354
527 649 2355
714 985 2356
190 1474 2357
299 973 2358
417 801 2359
430 1484 2360
651 1128 2361
1229 1887 2362
190 1298 2363
913 1270 2364
877 2043 2365
1538 2143 2366
1253 1884 2367
118 1697 2368
1117 2035 2369
34 2007 2370
1048 1050 2371
400 943 2372
1392 2113 2373
1104 1158 2374
676 1867 2375
103 1120 2376
338 1797 2377
795 1249 2378
165 613 2379
309 835 2380
1161 1308 2381
239 1530 2382
1064 2009 2383
792 1643 2384
501 826 2385
934 2054 2386
1277 1879 2387
440 1938 2388
280 1111 2389
135 1409 2390
652 780 2391
311 1345 2392
705 1276 2393
1020 2030 2394
838 1633 2395
907 2117 2396
1314 1834 2397
926 1020 2398
697 2079 2399
863 1544 2400
15 1766 2401
882 1117 2402
631 1199 2403
283 440 2404
388 925 2405
499 1294 2406
1587 1818 2407
454 1932 2408
1709 2027 2409
10 1950 2410
187 1989 2411
497 810 2412
491 1703 2413
627 1306 2414
529 1884 2415
1201 1694 2416
152 2085 2417
511 1875 2418
594 1652 2419
316 440 2420
468 1073 2421
535 1867 2422
1546 1679 2423
238 506 2424
1642 1737 2425
1656 2108 2426
490 1335 2427
651 1884 2428
986 1063 2429
725 1931 2430
1181 1313 2431
87 754 2432
1713 1772 2433
87 926 2434
1117 1988 2435
431 1716 2436
542 1203 2437
887 1381 2438
235 687 2439
316 1676 2440
1607 1866 2441
547 1424 2442
1085 1161 2443
891 1314 2444
126 692 2445
1904 2050 2446
110 1931 2447
579 1181 2448
76 1845 2449
187 1007 2450
91 430 2451
561 1251 2452
31 2105 2453
674 1270 2454
28 1462 2455
391 823 2456
854 1845 2457
117 847 2458
49 1035 2459
1160 1696 2460
118 262 2461
598 1457 2462
97 1953 2463
318 1983 2464
309 1328 2465
1476 1676 2466
1360 1982 2467
168 958 2468
122 1659 2469
103 552 2470
474 1328 2471
704 1927 2472
888 1318 2473
417 2109 2474
99 1757 2475
867 1087 2476
30 1563 2477
187 1805 2478
209 576 2479
270 1020 2480
76 1854 2481
474 2032 2482
38 677 2483
224 2109 2484
597 711 2485
319 1425 2486
454 1021 2487
628 997 2488
847 1923 2489
934 1800 2490
214 2052 2491
1018 1929 2492
1050 1790 2493
366 2131 2494
1003 1474 2495
1505 1942 2496
1559 1728 2497
257 1444 2498
964 1980 2499
1389 1519 2500
440 1667 2501
1531 1976 2502
176 664 2503
53 1916 2504
554 1458 2505
925 1236 2506
628 821 2507
775 1023 2508
7 470 2509
666 926 2510
1190 1754 2511
98 577 2512
256 522 2513
325 554 2514
474 1334 2515
775 1598 2516
1196 1392 2517
1449 1723 2518
1016 1188 2519
1328 2032 2520
1805 2027 2521
1548 1646 2522
119 1601 2523
88 1224 2524
657 1277 2525
196 315 2526
259 1333 2527
136 1668 2528
576 816 2529
76 689 2530
832 973 2531
63 1755 2532
582 818 2533
90 1827 2534
1626 2030 2535
119 1169 2536
854 1003 2537
1456 1951 2538
942 1903 2539
121 1427 2540
52 1027 2541
76 2018 2542
1354 2113 2543
1008 1160 2544
252 1761 2545
657 1387 2546
1013 1905 2547
151 1211 2548
1896 1927 2549
615 1790 2550
2022 2030 2551
695 1548 2552
751 2082 2553
579 2050 2554
629 1729 2555
1878 1961 2556
762 2040 2557
114 2128 2558
121 1327 2559
474 1659 2560
209 702 2561
977 1842 2562
688 2018 2563
82 1422 2564
160 1401 2565
270 1867 2566
360 810 2567
1268 1924 2568
29 1750 2569
306 2105 2570
819 1854 2571
1277 1314 2572
121 735 2573
1903 2051 2574
1370 2137 2575
589 1543 2576
1191 1329 2577
119 1933 2578
181 1470 2579
474 1805 2580
77 1920 2581
771 1624 2582
517 589 2583
683 2083 2584
1313 1904 2585
505 888 2586
56 1268 2587
761 839 2588
1043 1530 2589
32 1546 2590
138 173 2591
474 1709 2592
440 1693 2593
942 1507 2594
464 795 2595
554 2051 2596
639 714 2597
232 707 2598
63 858 2599
1398 1942 2600
91 559 2601
1372 2087 2602
65 66 2603
462 619 2604
625 945 2605
935 1382 2606
1750 1904 2607
396 796 2608
1158 1467 2609
674 1680 2610
1718 1931 2611
882 1884 2612
905 1661 2613
1020 2092 2614
1097 1752 2615
775 1755 2616
1979 2125 2617
190 656 2618
186 915 2619
847 926 2620
953 2059 2621
1098 1595 2622
1404 1838 2623
1689 1759 2624
488 1311 2625
1626 1679 2626
640 2104 2627
1124 1652 2628
176 2034 2629
705 1622 2630
255 1752 2631
1440 1583 2632
118 826 2633
485 1008 2634
1387 1879 2635
227 1940 2636
616 2033 2637
1538 1931 2638
1098 2140 2639
848 913 2640
943 1958 2641
230 1005 2642
677 1392 2643
1190 1400 2644
32 676 2645
193 1486 2646
1716 2060 2647
1482 1968 2648
224 1636 2649
985 2032 2650
1381 1480 2651
1535 2009 2652
281 1761 2653
659 1905 2654
318 1679 2655
186 1268 2656
662 833 2657
2003 2030 2658
69 2092 2659
166 1512 2660
663 925 2661
76 1957 2662
77 824 2663
350 1653 2664
779 942 2665
953 2055 2666
425 1564 2667
918 1768 2668
1870 2027 2669
286 1392 2670
326 959 2671
108 2035 2672
452 1020 2673
985 1201 2674
1968 2035 2675
250 1331 2676
214 798 2677
348 531 2678
136 708 2679
1298 2082 2680
278 1895 2681
495 2107 2682
119 1327 2683
561 1519 2684
835 1520 2685
121 734 2686
1915 2047 2687
341 2114 2688
1477 2041 2689
9 552 2690
1003 1845 2691
1834 1879 2692
522 1480 2693
871 1766 2694
1389 1734 2695
714 1271 2696
1117 1708 2697
1490 2009 2698
561 1389 2699
808 1535 2700
1162 1903 2701
131 1672 2702
152 2113 2703
451 478 2704
312 1508 2705
1479 2079 2706
468 1030 2707
1222 2079 2708
1694 1709 2709
683 1722 2710
1405 1947 2711
801 873 2712
455 885 2713
566 1181 2714
1320 1741 2715
33 915 2716
870 1547 2717
1400 1822 2718
286 311 2719
20 2143 2720
52 1089 2721
712 831 2722
854 897 2723
417 1078 2724
701 1042 2725
1196 1366 2726
1037 1840 2727
750 824 2728
819 1784 2729
610 1757 2730
256 887 2731
891 1927 2732
589 1842 2733
856 1531 2734
639 1103 2735
616 1568 2736
226 1896 2737
163 1884 2738
1204 1825 2739
110 1097 2740
494 982 2741
1345 2033 2742
222 1736 2743
388 1326 2744
854 1224 2745
1121 1268 2746
9 1414 2747
87 114 2748
328 1919 2749
689 819 2750
1474 1784 2751
361 749 2752
516 813 2753
193 628 2754
404 2133 2755
543 1930 2756
763 873 2757
98 1189 2758
1468 1866 2759
112 311 2760
1713 1970 2761
63 1306 2762
166 1318 2763
191 1759 2764
78 1486 2765
270 699 2766
1277 1927 2767
1345 1392 2768
649 1983 2769
113 1467 2770
654 2084 2771
226 1067 2772
552 1822 2773
907 1430 2774
1694 1805 2775
2107 2141 2776
92 1182 2777
1488 1723 2778
393 1515 2779
985 1819 2780
1358 2066 2781
1020 1546 2782
135 1102 2783
474 1989 2784
757 1366 2785
1539 1942 2786
152 1366 2787
676 2022 2788
751 1474 2789
1020 1867 2790
1744 1866 2791
1068 1979 2792
1196 1757 2793
150 1555 2794
1365 1401 2795
119 1427 2796
52 552 2797
639 2027 2798
834 854 2799
867 1279 2800
257 1676 2801
3 1903 2802
121 236 2803
127 970 2804
623 977 2805
677 1757 2806
615 1940 2807
187 1249 2808
1008 1370 2809
324 1836 2810
1624 2032 2811
561 1734 2812
518 790 2813
1200 1594 2814
628 1486 2815
942 1458 2816
1937 2084 2817
375 1863 2818
4 2086 2819
223 1269 2820
124 1140 2821
1020 1576 2822
120 2123 2823
452 2041 2824
79 953 2825
559 953 2826
99 757 2827
1168 1320 2828
529 1123 2829
458 846 2830
666 1020 2831
1104 1702 2832
943 2023 2833
860 1999 2834
1154 1678 2835
1917 2073 2836
325 942 2837
450 1974 2838
1513 1903 2839
19 577 2840
204 559 2841
209 816 2842
309 795 2843
1988 2035 2844
104 1929 2845
352 1761 2846
176 1529 2847
751 2043 2848
168 1097 2849
563 1972 2850
18 186 2851
1555 2121 2852
199 1929 2853
1006 1510 2854
1576 1983 2855
115 2075 2856
180 1486 2857
639 1334 2858
783 1743 2859
1584 1942 2860
743 763 2861
479 1698 2862
953 1984 2863
1355 2079 2864
254 562 2865
1957 2082 2866
128 882 2867
835 1843 2868
311 2033 2869
1273 2018 2870
1052 1486 2871
997 1486 2872
1314 1872 2873
1402 1489 2874
819 1298 2875
1344 1842 2876
1372 2058 2877
384 1134 2878
226 994 2879
1097 1931 2880
1638 1950 2881
398 1390 2882
114 926 2883
164 1762 2884
1443 1796 2885
1593 1752 2886
464 1007 2887
527 947 2888
69 847 2889
498 1573 2890
431 554 2891
53 1239 2892
873 1884 2893
1605 1633 2894
23 1272 2895
135 741 2896
180 628 2897
99 311 2898
669 1884 2899
337 1382 2900
1638 1960 2901
99 286 2902
139 1373 2903
219 481 2904
676 2041 2905
190 578 2906
831 1753 2907
865 2135 2908
309 1963 2909
1790 1940 2910
1842 1975 2911
1626 1983 2912
1 1477 2913
1530 1975 2914
126 1934 2915
1571 2011 2916
265 1410 2917
75 865 2918
241 2138 2919
9 136 2920
209 1809 2921
858 1460 2922
536 1227 2923
69 270 2924
1546 2030 2925
623 1030 2926
1253 1471 2927
363 711 2928
363 1152 2929
1355 1940 2930
163 801 2931
411 840 2932
1078 2109 2933
237 557 2934
865 1241 2935
123 1181 2936
648 780 2937
795 1694 2938
576 2139 2939
614 1579 2940
1716 1903 2941
1490 2056 2942
805 1011 2943
1872 1879 2944
394 1152 2945
1656 1825 2946
380 803 2947
1822 2043 2948
1355 1818 2949
1845 2082 2950
1750 2050 2951
2003 2041 2952
142 1600 2953
286 2113 2954
1063 2062 2955
750 1920 2956
808 1123 2957
28 1120 2958
32 2092 2959
1624 1929 2960
986 2062 2961
1968 1988 2962
657 1834 2963
847 1978 2964
887 1480 2965
18 851 2966
264 772 2967
490 830 2968
679 1067 2969
1260 1992 2970
270 1546 2971
66 1777 2972
497 687 2973
925 1652 2974
62 1348 2975
565 1318 2976
240 1198 2977
128 302 2978
1468 2059 2979
716 2028 2980
786 1768 2981
1239 1426 2982
972 1489 2983
1233 1817 2984
1720 1843 2985
360 497 2986
1149 1842 2987
1597 2046 2988
84 766 2989
282 628 2990
867 1415 2991
529 1664 2992
750 1676 2993
676 1020 2994
1388 1840 2995
20 1538 2996
103 1071 2997
588 773 2998
2057 2060 2999
1369 1910 3000
535 2113 3001
592 638 3002
628 1534 3003
1310 1563 3004
431 2051 3005
1558 2122 3006
1181 1243 3007
252 281 3008
1503 1928 3009
926 1983 3010
982 1712 3011
464 1258 3012
289 628 3013
1238 1425 3014
69 1867 3015
490 520 3016
23 1712 3017
104 1583 3018
309 1709 3019
119 734 3020
926 2030 3021
978 1829 3022
44 149 3023
119 236 3024
715 717 3025
103 202 3026
647 1752 3027
924 1221 3028
1486 1534 3029
763 1837 3030
89 1914 3031
1091 1473 3032
666 863 3033
88 1743 3034
216 1155 3035
687 1224 3036
1702 2035 3037
1471 1884 3038
1108 1628 3039
575 806 3040
1272 1439 3041
163 873 3042
897 1474 3043
1514 1731 3044
190 1845 3045
937 1977 3046
635 1866 3047
1616 2027 3048
1387 1927 3049
16 1076 3050
148 1520 3051
1248 1418 3052
337 1748 3053
1372 1842 3054
411 976 3055
657 891 3056
1709 1870 3057
30 384 3058
1244 1525 3059
911 1768 3060
126 808 3061
163 651 3062
465 1196 3063
827 1856 3064
893 1253 3065
1020 1679 3066
925 1175 3067
190 1957 3068
1245 2126 3069
1937 2119 3070
255 1724 3071
780 1753 3072
525 1381 3073
1201 1709 3074
1875 1914 3075
1201 1659 3076
464 1249 3077
502 1226 3078
1273 1400 3079
1546 2041 3080
311 2113 3081
31 1421 3082
88 1845 3083
1773 1809 3084
1510 1880 3085
463 558 3086
753 1803 3087
1659 1709 3088
468 1182 3089
1313 2050 3090
103 228 3091
689 925 3092
9 2108 3093
92 915 3094
211 676 3095
936 1682 3096
1790 2000 3097
288 1195 3098
935 1748 3099
1067 1561 3100
1346 1723 3101
481 1460 3102
1439 1712 3103
490 528 3104
60 457 3105
1620 1958 3106
1744 2059 3107
18 176 3108
1196 1271 3109
558 719 3110
490 511 3111
850 2085 3112
572 1320 3113
1240 1480 3114
795 1989 3115
14 1802 3116
452 1983 3117
957 2001 3118
341 1285 3119
219 1460 3120
923 1885 3121
1061 1198 3122
116 2086 3123
1196 2113 3124
1546 1983 3125
2022 2041 3126
925 1135 3127
1249 1709 3128
589 1981 3129
255 2143 3130
679 1561 3131
99 2085 3132
103 498 3133
187 309 3134
567 874 3135
104 1659 3136
249 1285 3137
251 456 3138
431 2057 3139
254 1305 3140
730 1564 3141
856 907 3142
900 1985 3143
854 1474 3144
68 1511 3145
110 958 3146
996 1090 3147
1743 1768 3148
1334 1870 3149
655 1942 3150
235 1866 3151
1281 1620 3152
52 1367 3153
1328 1709 3154
277 388 3155
608 628 3156
1594 1903 3157
1520 1720 3158
153 270 3159
1570 1806 3160
696 870 3161
1017 1305 3162
363 394 3163
1887 2060 3164
1369 1741 3165
429 1569 3166
1328 1870 3167
1223 1858 3168
35 724 3169
597 1276 3170
757 1392 3171
1500 1856 3172
12 1676 3173
520 1875 3174
9 1967 3175
505 1512 3176
491 933 3177
25 904 3178
558 559 3179
190 917 3180
368 490 3181
27 588 3182
676 1477 3183
114 2048 3184
973 1975 3185
1624 1694 3186
282 1486 3187
1546 1867 3188
110 1718 3189
699 2022 3190
474 1201 3191
837 990 3192
711 1276 3193
1364 1842 3194
1609 1671 3195
1724 1753 3196
155 1888 3197
118 501 3198
465 2032 3199
248 1080 3200
1208 1663 3201
252 1839 3202
204 2037 3203
289 586 3204
452 2030 3205
1226 2083 3206
1356 1389 3207
108 2082 3208
589 977 3209
461 1239 3210
1334 1624 3211
88 1854 3212
132 1999 3213
572 1741 3214
798 1104 3215
308 716 3216
75 2067 3217
77 1676 3218
43 921 3219
11 30 3220
1729 1753 3221
235 2059 3222
318 1544 3223
1123 1490 3224
85 618 3225
958 1724 3226
1975 2058 3227
379 489 3228
115 724 3229
513 1640 3230
1024 1598 3231
1676 1871 3232
700 1997 3233
1354 1757 3234
1768 2094 3235
1414 1530 3236
1298 1458 3237
1070 1920 3238
113 1335 3239
635 2059 3240
403 1562 3241
824 1441 3242
683 920 3243
292 1036 3244
1148 1781 3245
128 615 3246
409 1991 3247
1097 1724 3248
797 1651 3249
9 1529 3250
535 677 3251
187 1258 3252
926 2128 3253
863 926 3254
824 898 3255
569 2043 3256
627 1377 3257
1006 1880 3258
211 452 3259
398 1318 3260
705 1152 3261
530 1133 3262
558 756 3263
1093 1408 3264
92 1668 3265
1055 1650 3266
64 1731 3267
2018 2082 3268
766 1144 3269
299 1268 3270
639 1583 3271
535 1196 3272
463 606 3273
112 152 3274
385 777 3275
1556 1562 3276
1234 1338 3277
92 1132 3278
188 1790 3279
1834 1927 3280
311 677 3281
649 1719 3282
820 1640 3283
1095 2085 3284
466 1594 3285
1249 1328 3286
1250 1935 3287
32 1867 3288
819 1957 3289
283 1693 3290
547 789 3291
711 1622 3292
899 1824 3293
88 854 3294
17 1016 3295
1678 1759 3296
929 2011 3297
1181 1700 3298
50 1818 3299
883 1992 3300
1568 2085 3301
225 1215 3302
837 1186 3303
1819 2027 3304
191 847 3305
589 1262 3306
657 1896 3307
1318 1390 3308
148 271 3309
852 1446 3310
834 1224 3311
186 713 3312
270 926 3313
1339 1712 3314
505 1318 3315
922 1270 3316
1254 1869 3317
1366 1703 3318
658 1703 3319
1407 1920 3320
2009 2026 3321
921 1842 3322
594 925 3323
1330 1612 3324
1565 1964 3325
775 1255 3326
1198 1335 3327
491 1142 3328
89 520 3329
662 1765 3330
1007 1103 3331
163 1471 3332
168 255 3333
343 1894 3334
87 947 3335
1056 1720 3336
69 1576 3337
648 855 3338
1575 2107 3339
1514 1584 3340
873 1253 3341
257 1424 3342
100 2060 3343
1043 2034 3344
1438 1842 3345
707 922 3346
121 1323 3347
763 1471 3348
1504 1567 3349
914 1587 3350
941 1562 3351
1163 1992 3352
412 856 3353
676 1983 3354
858 1712 3355
676 1576 3356
691 1850 3357
128 799 3358
597 928 3359
112 677 3360
129 635 3361
495 1261 3362
1659 1805 3363
1668 2005 3364
264 1150 3365
687 790 3366
873 1590 3367
1090 1778 3368
490 1526 3369
1064 1346 3370
1676 1814 3371
1872 1927 3372
469 1297 3373
1847 2032 3374
535 1345 3375
430 559 3376
554 942 3377
1153 1561 3378
84 842 3379
926 2092 3380
99 2113 3381
1358 1999 3382
693 1475 3383
1994 2106 3384
169 1227 3385
1196 1703 3386
1576 2092 3387
1805 1870 3388
751 1845 3389
1133 1588 3390
152 1757 3391
329 1033 3392
289 1185 3393
707 898 3394
514 1264 3395
1075 1300 3396
28 1076 3397
1253 1420 3398
1178 1231 3399
403 941 3400
610 1568 3401
856 1128 3402
1216 1730 3403
617 1547 3404
1095 1703 3405
1931 2143 3406
1330 1947 3407
983 1920 3408
380 1993 3409
1920 1962 3410
977 1571 3411
989 1842 3412
562 1017 3413
243 1867 3414
374 703 3415
1823 1866 3416
606 774 3417
439 1567 3418
1328 1694 3419
309 1286 3420
322 813 3421
729 1631 3422
93 788 3423
639 1694 3424
1005 1225 3425
1007 2027 3426
47 1838 3427
349 1530 3428
145 2082 3429
204 1343 3430
765 2060 3431
311 757 3432
535 1271 3433
438 530 3434
754 2030 3435
1245 1670 3436
1870 2032 3437
51 1075 3438
211 1020 3439
1153 2024 3440
1703 2113 3441
452 2048 3442
432 603 3443
1330 1915 3444
176 1810 3445
1832 1853 3446
155 714 3447
1076 1784 3448
1079 1116 3449
1119 2107 3450
337 1921 3451
37 424 3452
189 303 3453
1715 1874 3454
159 921 3455
286 1568 3456
563 1491 3457
615 1476 3458
798 1312 3459
50 724 3460
68 215 3461
825 1612 3462
155 1583 3463
702 1773 3464
16 552 3465
639 985 3466
751 819 3467
490 1977 3468
152 1392 3469
344 378 3470
1304 2099 3471
139 1561 3472
223 2123 3473
684 915 3474
855 1753 3475
1181 1463 3476
1092 1412 3477
782 2058 3478
1576 1626 3479
169 536 3480
316 1948 3481
1479 1818 3482
235 1128 3483
815 1594 3484
820 1606 3485
1268 1975 3486
1694 1870 3487
47 1347 3488
1523 1594 3489
1106 1268 3490
211 2003 3491
626 1922 3492
663 1236 3493
89 1885 3494
23 2142 3495
1940 2079 3496
1355 1479 3497
440 1686 3498
582 2103 3499
1354 1366 3500
358 1677 3501
203 272 3502
468 1419 3503
865 1156 3504
120 2084 3505
922 1654 3506
1847 1929 3507
1501 1884 3508
1576 1679 3509
623 713 3510
1531 1884 3511
1330 1405 3512
509 711 3513
713 1668 3514
491 977 3515
958 1753 3516
243 1477 3517
1424 1990 3518
586 1185 3519
953 1641 3520
1201 1805 3521
190 1786 3522
452 2003 3523
147 802 3524
1229 1903 3525
60 1215 3526
689 1326 3527
779 2060 3528
334 1943 3529
1403 2124 3530
1591 1978 3531
157 433 3532
92 1938 3533
778 788 3534
1505 1731 3535
347 553 3536
858 982 3537
1752 2143 3538
247 608 3539
1018 2027 3540
214 1445 3541
962 2037 3542
949 1207 3543
1999 2066 3544
738 1270 3545
1115 1216 3546
784 1942 3547
1173 1722 3548
1732 2092 3549
874 1687 3550
277 1768 3551
1505 1514 3552
1181 1603 3553
342 1733 3554
1158 1856 3555
1709 2032 3556
535 1392 3557
702 1809 3558
1077 1765 3559
812 2034 3560
99 1366 3561
318 926 3562
1200 1565 3563
1003 1784 3564
676 2003 3565
994 1561 3566
407 673 3567
1350 1708 3568
254 1017 3569
102 372 3570
597 814 3571
551 643 3572
854 1854 3573
28 202 3574
309 884 3575
69 1679 3576
111 2032 3577
963 1676 3578
1200 2037 3579
1449 2009 3580
676 2048 3581
401 402 3582
256 1381 3583
597 1622 3584
1488 2009 3585
280 650 3586
660 1134 3587
448 1486 3588
227 2079 3589
491 2011 3590
754 947 3591
943 1620 3592
1626 2041 3593
311 1095 3594
375 1828 3595
1160 1860 3596
51 1300 3597
664 812 3598
62 833 3599
367 991 3600
1295 1964 3601
33 1132 3602
105 1832 3603
311 535 3604
623 1372 3605
1312 1445 3606
267 1664 3607
309 1989 3608
349 1842 3609
191 1719 3610
725 1097 3611
713 2005 3612
24 1651 3613
452 2022 3614
639 1659 3615
204 2013 3616
801 893 3617
1196 1345 3618
1612 2047 3619
1130 1733 3620
103 1573 3621
246 1668 3622
1107 1577 3623
285 418 3624
651 1471 3625
23 944 3626
87 2022 3627
760 973 3628
400 1620 3629
910 1754 3630
1345 2113 3631
850 1366 3632
532 1482 3633
1205 1934 3634
859 2086 3635
35 2075 3636
57 2082 3637
683 1610 3638
1298 1988 3639
32 527 3640
388 475 3641
416 1779 3642
615 1350 3643
629 1724 3644
246 713 3645
111 2027 3646
958 1931 3647
21 824 3648
103 1053 3649
973 1802 3650
464 1870 3651
990 1186 3652
679 994 3653
912 1518 3654
204 585 3655
91 719 3656
866 1902 3657
921 1121 3658
177 1469 3659
8 2021 3660
309 1805 3661
100 1123 3662
849 1942 3663
634 2086 3664
1400 2059 3665
23 482 3666
174 319 3667
751 1273 3668
2035 2086 3669
1583 1847 3670
834 1845 3671
519 2004 3672
677 757 3673
781 1955 3674
594 1175 3675
234 2085 3676
440 2031 3677
1392 1703 3678
850 2113 3679
1828 1863 3680
958 1097 3681
1007 1709 3682
78 628 3683
624 1717 3684
60 225 3685
886 1649 3686
1106 1530 3687
460 973 3688
510 620 3689
191 1695 3690
84 1784 3691
374 1376 3692
1805 2032 3693
714 2115 3694
225 457 3695
1809 1874 3696
204 1082 3697
1010 1799 3698
190 1743 3699
1581 1755 3700
1689 2012 3701
485 1804 3702
1727 2062 3703
1486 1735 3704
111 1847 3705
1476 1920 3706
168 2143 3707
213 2058 3708
464 714 3709
495 596 3710
309 1720 3711
832 1975 3712
73 1518 3713
1784 2002 3714
453 1782 3715
1015 1678 3716
1400 2055 3717
263 1190 3718
394 928 3719
646 937 3720
1138 1811 3721
51 736 3722
909 1168 3723
32 1679 3724
915 2087 3725
968 1374 3726
415 1992 3727
452 1626 3728
1823 2059 3729
915 1973 3730
43 851 3731
1166 1741 3732
1626 1867 3733
264 1100 3734
676 699 3735
120 253 3736
1007 1870 3737
135 1581 3738
1074 1741 3739
114 318 3740
666 1544 3741
495 1252 3742
617 696 3743
205 1707 3744
1753 1931 3745
403 1556 3746
1035 1178 3747
107 1371 3748
299 323 3749
560 1009 3750
1527 1993 3751
824 983 3752
614 1174 3753
1255 1650 3754
227 697 3755
572 1168 3756
1328 1805 3757
623 1667 3758
257 1458 3759
411 557 3760
1008 1524 3761
86 1664 3762
833 1077 3763
1003 1957 3764
847 1970 3765
745 1183 3766
1076 1740 3767
1149 1364 3768
1854 2082 3769
323 1265 3770
23 398 3771
142 733 3772
226 2024 3773
190 2002 3774
562 1305 3775
1825 1967 3776
38 1366 3777
135 752 3778
854 1298 3779
502 1570 3780
1505 1509 3781
1785 1903 3782
755 1725 3783
820 2065 3784
1122 2101 3785
824 1627 3786
1316 1916 3787
810 1285 3788
679 2024 3789
1938 2005 3790
758 817 3791
122 739 3792
495 1502 3793
649 1576 3794
363 928 3795
270 1576 3796
808 2026 3797
818 1676 3798
286 616 3799
465 1703 3800
657 1872 3801
2005 2061 3802
354 1625 3803
841 1952 3804
1151 1262 3805
1812 1813 3806
474 1888 3807
883 1260 3808
1020 1544 3809
1290 2110 3810
1400 1866 3811
751 1957 3812
1524 2137 3813
532 1856 3814
608 621 3815
947 1154 3816
1107 1897 3817
14 1592 3818
1624 1888 3819
1135 1236 3820
687 1321 3821
1386 1903 3822
134 1571 3823
710 1793 3824
474 1624 3825
683 1657 3826
1109 1996 3827
607 1014 3828
1572 2113 3829
417 1619 3830
1528 1856 3831
399 1857 3832
672 1833 3833
163 1253 3834
192 1594 3835
675 1721 3836
782 1842 3837
146 719 3838
153 1983 3839
1624 1659 3840
267 789 3841
679 1153 3842
569 751 3843
926 1679 3844
1359 1775 3845
395 1563 3846
1 243 3847
780 919 3848
831 1593 3849
646 830 3850
1282 1954 3851
741 752 3852
1063 1727 3853
96 1056 3854
1192 1371 3855
1482 2086 3856
326 1594 3857
1286 1610 3858
337 1371 3859
741 1102 3860
742 1013 3861
659 1013 3862
1249 1805 3863
1398 1514 3864
1271 1703 3865
211 1983 3866
671 1264 3867
851 1107 3868
184 453 3869
464 2027 3870
1129 1424 3871
449 842 3872
554 2057 3873
871 1608 3874
1584 1731 3875
159 812 3876
1616 1659 3877
1258 2027 3878
161 1149 3879
121 1913 3880
825 1683 3881
1092 2072 3882
616 1757 3883
198 319 3884
356 1764 3885
167 1451 3886
490 767 3887
592 1948 3888
693 804 3889
23 1484 3890
1201 1328 3891
941 1556 3892
680 882 3893
569 1273 3894
743 1076 3895
1354 2085 3896
296 514 3897
296 1264 3898
824 967 3899
897 1845 3900
495 2111 3901
638 1749 3902
1271 2027 3903
1881 2009 3904
168 1724 3905
703 1376 3906
1280 2109 3907
963 1573 3908
1583 1929 3909
115 408 3910
211 1546 3911
50 1493 3912
213 623 3913
1023 1581 3914
344 1875 3915
521 1889 3916
714 795 3917
1003 2018 3918
246 1938 3919
313 2085 3920
888 1981 3921
77 750 3922
168 648 3923
464 1709 3924
1152 1276 3925
775 1581 3926
242 1898 3927
105 1453 3928
309 464 3929
505 1981 3930
1 676 3931
1875 1977 3932
0 2008 3933
114 1732 3934
795 1201 3935
1078 1784 3936
1309 2112 3937
1652 2045 3938
854 1784 3939
1224 1854 3940
417 1551 3941
1544 2092 3942
255 958 3943
784 1514 3944
1518 2093 3945
837 1596 3946
227 1222 3947
1431 1836 3948
190 1247 3949
125 641 3950
1320 1733 3951
81 1133 3952
94 1821 3953
557 790 3954
732 1192 3955
1424 1458 3956
47 1062 3957
842 1144 3958
29 1243 3959
677 2033 3960
84 911 3961
110 919 3962
91 1261 3963
302 1676 3964
582 1491 3965
639 1624 3966
1192 2016 3967
142 1452 3968
1614 1795 3969
136 427 3970
562 1654 3971
405 1821 3972
523 877 3973
724 2075 3974
824 998 3975
188 2000 3976
1380 1584 3977
938 2018 3978
893 1471 3979
772 1150 3980
921 2034 3981
994 1067 3982
257 759 3983
553 828 3984
724 1711 3985
657 1314 3986
209 2139 3987
443 586 3988
578 1112 3989
1008 1218 3990
1 1867 3991
394 711 3992
683 1572 3993
554 1507 3994
1576 2030 3995
1171 1532 3996
319 1214 3997
1784 1957 3998
223 1469 3999
751 854 4000
925 2045 4001
28 1078 4002
664 921 4003
1359 1926 4004
766 1665 4005
1090 1472 4006
264 842 4007
89 344 4008
779 1903 4009
1328 1659 4010
246 869 4011
296 671 4012
921 1529 4013
289 1483 4014
555 1324 4015
1 2003 4016
859 1232 4017
940 1320 4018
617 870 4019
1714 1859 4020
1715 1773 4021
223 1173 4022
502 1209 4023
103 703 4024
444 1025 4025
387 974 4026
714 1007 4027
319 828 4028
1196 1362 4029
559 719 4030
1715 1809 4031
1 452 4032
1879 1927 4033
88 2002 4034
1773 1874 4035
24 1986 4036
294 2018 4037
699 1983 4038
100 185 4039
855 2136 4040
1694 1819 4041
754 1978 4042
1479 1940 4043
152 1345 4044
616 757 4045
1594 2044 4046
798 1445 4047
739 2032 4048
939 1160 4049
1770 1876 4050
1940 2000 4051
296 2059 4052
1460 1667 4053
494 556 4054
243 527 4055
658 1196 4056
571 1533 4057
714 1611 4058
791 1012 4059
459 775 4060
759 1980 4061
1148 1828 4062
567 1687 4063
676 2030 4064
1171 1995 4065
847 1099 4066
1496 1888 4067
808 2095 4068
1785 2060 4069
392 537 4070
1371 1762 4071
126 1088 4072
697 1222 4073
728 1900 4074
1435 1550 4075
1709 1805 4076
649 1867 4077
892 1963 4078
602 1812 4079
882 1350 4080
1255 1598 4081
763 1253 4082
1236 1326 4083
940 1741 4084
48 1192 4085
1103 1496 4086
1983 2041 4087
485 1696 4088
1324 1464 4089
632 866 4090
652 1012 4091
1676 2118 4092
611 940 4093
128 1708 4094
270 1544 4095
73 912 4096
134 929 4097
202 552 4098
319 339 4099
246 1571 4100
560 1461 4101
257 431 4102
258 1581 4103
649 681 4104
1507 1903 4105
104 1624 4106
1820 2092 4107
153 452 4108
284 310 4109
795 1328 4110
237 2109 4111
441 1460 4112
1035 2107 4113
1253 1590 4114
731 804 4115
750 1795 4116
1524 1692 4117
677 2113 4118
46 1164 4119
535 850 4120
1445 1721 4121
428 1560 4122
89 511 4123
38 2113 4124
875 2006 4125
1280 1856 4126
889 1741 4127
418 592 4128
815 2037 4129
834 1854 4130
1486 2112 4131
824 1086 4132
1345 2123 4133
152 535 4134
636 1014 4135
190 1636 4136
452 1477 4137
1561 1777 4138
481 845 4139
1268 1416 4140
84 422 4141
736 1300 4142
1095 2113 4143
1062 1594 4144
1411 1940 4145
616 2085 4146
175 1154 4147
231 785 4148
1239 1916 4149
153 2030 4150
1271 2032 4151
736 1342 4152
888 1272 4153
565 888 4154
1621 2090 4155
202 557 4156
279 1051 4157
858 1306 4158
415 1163 4159
1518 2010 4160
736 1075 4161
56 1182 4162
1303 1768 4163
1514 1539 4164
195 281 4165
1659 1870 4166
23 615 4167
897 1957 4168
1051 1639 4169
146 2103 4170
1318 1512 4171
54 592 4172
490 1816 4173
423 824 4174
772 842 4175
535 1703 4176
1524 1946 4177
1134 2068 4178
1486 1868 4179
1074 1320 4180
52 1076 4181
153 1867 4182
1727 2098 4183
178 1092 4184
47 2116 4185
549 561 4186
2043 2055 4187
416 442 4188
203 1319 4189
106 255 4190
112 1354 4191
1218 2137 4192
161 1364 4193
1544 1983 4194
1557 1703 4195
370 1230 4196
399 856 4197
894 1524 4198
122 1271 4199
1576 1759 4200
389 1536 4201
1242 2037 4202
166 1981 4203
258 775 4204
1517 1911 4205
490 1278 4206
1162 2060 4207
1258 1694 4208
1537 1966 4209
307 948 4210
491 1667 4211
1867 2003 4212
898 1441 4213
584 590 4214
1184 1925 4215
1222 1940 4216
1076 1668 4217
105 726 4218
1474 1845 4219
299 1057 4220
659 867 4221
417 1667 4222
1084 2025 4223
112 850 4224
431 942 4225
789 1887 4226
291 516 4227
751 1784 4228
1561 2024 4229
134 1460 4230
287 895 4231
660 2091 4232
207 1721 4233
1439 1836 4234
541 2065 4235
347 979 4236
270 1176 4237
76 751 4238
1467 1856 4239
498 1676 4240
1893 1959 4241
1568 2033 4242
1655 2018 4243
823 985 4244
176 1043 4245
842 911 4246
983 1676 4247
1163 1260 4248
795 1870 4249
1784 2069 4250
452 699 4251
799 882 4252
1020 2048 4253
1495 2037 4254
1590 1884 4255
29 908 4256
446 751 4257
863 2128 4258
910 1190 4259
814 1831 4260
304 1639 4261
243 2041 4262
281 352 4263
326 637 4264
896 1243 4265
873 1165 4266
347 828 4267
1513 2060 4268
997 1534 4269
1891 2025 4270
1888 2027 4271
928 1152 4272
995 2107 4273
546 2018 4274
850 1757 4275
1301 1580 4276
1328 1989 4277
383 1350 4278
824 1476 4279
679 1482 4280
998 1044 4281
612 929 4282
23 1390 4283
320 1793 4284
699 1626 4285
422 1768 4286
323 1924 4287
629 1931 4288
1377 1755 4289
1474 1957 4290
967 1044 4291
1242 1594 4292
793 1373 4293
1219 2065 4294
219 1447 4295
746 1179 4296
884 1821 4297
1620 2076 4298
392 748 4299
1133 1396 4300
272 388 4301
87 1336 4302
1544 2030 4303
309 1271 4304
310 397 4305
535 2041 4306
969 2034 4307
295 1812 4308
597 1177 4309
482 982 4310
1784 1845 4311
281 1839 4312
316 1871 4313
710 1239 4314
213 1842 4315
1185 1391 4316
769 1106 4317
1571 1667 4318
373 1993 4319
754 1678 4320
1435 1876 4321
517 1530 4322
808 2056 4323
1032 1230 4324
381 1462 4325
394 1177 4326
114 1544 4327
1714 1969 4328
1383 2092 4329
903 1478 4330
562 804 4331
234 1757 4332
349 444 4333
1461 2092 4334
265 1081 4335
394 1276 4336
1182 1842 4337
1820 2030 4338
1059 1939 4339
36 50 4340
1261 1575 4341
1050 1839 4342
1719 1983 4343
2092 2128 4344
428 1581 4345
644 1846 4346
680 1708 4347
1696 1804 4348
1273 2109 4349
111 1007 4350
437 1676 4351
552 1740 4352
486 2084 4353
1383 2030 4354
1485 1939 4355
688 2086 4356
929 1434 4357
1176 2030 4358
73 2010 4359
221 1705 4360
801 1837 4361
1007 1659 4362
1491 2069 4363
1007 1328 4364
1073 1122 4365
155 474 4366
404 832 4367
170 357 4368
884 1576 4369
986 1727 4370
553 1747 4371
63 1581 4372
183 743 4373
190 1112 4374
914 1045 4375
1177 1622 4376
1818 2100 4377
759 1424 4378
445 2006 4379
302 1476 4380
750 983 4381
50 1711 4382
552 2069 4383
257 1855 4384
482 1048 4385
1477 1576 4386
280 605 4387
490 1579 4388
2068 2091 4389
507 2065 4390
1314 1896 4391
1222 2000 4392
912 2093 4393
1181 2050 4394
1754 2112 4395
551 1462 4396
1420 1471 4397
76 2002 4398
90 386 4399
219 1212 4400
414 1466 4401
349 832 4402
1060 1779 4403
257 1129 4404
712 2143 4405
474 639 4406
782 1157 4407
864 1832 4408
1100 1150 4409
178 1412 4410
639 2032 4411
188 1050 4412
430 1105 4413
1777 1819 4414
106 2143 4415
1008 1804 4416
95 103 4417
446 819 4418
319 1179 4419
1908 2013 4420
441 1212 4421
683 1826 4422
1350 2118 4423
1477 1867 4424
1512 1981 4425
712 1931 4426
939 1900 4427
51 1865 4428
316 1814 4429
1123 2057 4430
416 434 4431
753 1247 4432
199 1847 4433
363 1276 4434
295 1557 4435
569 2055 4436
1565 2044 4437
2084 2123 4438
423 1256 4439
1659 1819 4440
500 1012 4441
1709 1989 4442
724 879 4443
1117 2086 4444
137 1426 4445
873 1420 4446
930 2090 4447
629 1718 4448
882 1476 4449
757 1572 4450
990 1596 4451
1353 1934 4452
648 1931 4453
1239 2057 4454
728 939 4455
84 1665 4456
1230 1783 4457
1344 2034 4458
117 564 4459
120 1719 4460
1152 1622 4461
128 1476 4462
484 592 4463
942 967 4464
53 1787 4465
443 1185 4466
1167 2030 4467
38 850 4468
666 2128 4469
275 2092 4470
600 714 4471
799 1708 4472
942 998 4473
634 1232 4474
266 980 4475
1903 2060 4476
1023 1255 4477
1467 1536 4478
1518 2096 4479
363 1177 4480
956 1986 4481
854 1957 4482
1393 1876 4483
766 911 4484
1022 1580 4485
74 316 4486
895 1373 4487
270 1820 4488
1531 1998 4489
170 1335 4490
2093 2096 4491
461 1497 4492
38 757 4493
0 177 4494
255 1753 4495
1073 1971 4496
214 1625 4497
740 1014 4498
190 1965 4499
386 1827 4500
213 921 4501
211 2041 4502
573 1192 4503
552 669 4504
967 998 4505
628 1735 4506
311 610 4507
411 738 4508
814 1873 4509
824 1647 4510
896 1266 4511
1517 1779 4512
263 1619 4513
1023 1598 4514
18 1030 4515
161 782 4516
550 1287 4517
765 1260 4518
671 999 4519
1173 1366 4520
727 1779 4521
751 1822 4522
533 1058 4523
1572 1610 4524
547 1669 4525
911 1144 4526
597 1217 4527
1649 1828 4528
628 1051 4529
764 1791 4530
894 1946 4531
714 987 4532
737 1253 4533
1125 2079 4534
62 1731 4535
692 2074 4536
1201 1258 4537
72 898 4538
1101 1779 4539
281 1350 4540
71 879 4541
414 962 4542
1779 1911 4543
2030 2041 4544
1692 1946 4545
73 2093 4546
1138 1621 4547
790 1285 4548
1189 1767 4549
1261 1542 4550
1181 1904 4551
186 969 4552
357 1391 4553
1295 1565 4554
498 1160 4555
2010 2093 4556
1067 1153 4557
1100 1126 4558
1485 1575 4559
535 884 4560
629 1593 4561
183 2069 4562
547 1129 4563
265 463 4564
605 1234 4565
316 1200 4566
535 2003 4567
819 1965 4568
1496 1624 4569
884 1196 4570
1095 1392 4571
1152 1177 4572
270 947 4573
365 2086 4574
2018 2055 4575
873 893 4576
1616 2032 4577
2069 2103 4578
324 1964 4579
1205 1660 4580
74 1696 4581
482 1050 4582
1007 1805 4583
1117 1232 4584
1583 2032 4585
963 1708 4586
509 928 4587
1295 2044 4588
1799 1941 4589
1867 2041 4590
824 1395 4591
982 1890 4592
595 929 4593
1018 1624 4594
1247 1803 4595
223 1557 4596
1689 1918 4597
28 1701 4598
812 1652 4599
911 1665 4600
644 1688 4601
217 1792 4602
459 1560 4603
795 1709 4604
815 1964 4605
726 1497 4606
877 910 4607
212 2011 4608
622 1341 4609
1075 1865 4610
78 1735 4611
168 919 4612
622 1028 4613
557 939 4614
856 1857 4615
552 1069 4616
58 779 4617
1186 1596 4618
926 2022 4619
1688 1846 4620
1123 2056 4621
1702 1856 4622
1139 1582 4623
1804 2137 4624
1144 1665 4625
324 515 4626
92 601 4627
394 1622 4628
650 2034 4629
1010 1941 4630
1318 1981 4631
57 975 4632
1003 1965 4633
105 1316 4634
1347 1594 4635
363 1622 4636
845 1460 4637
586 1478 4638
218 597 4639
349 1887 4640
405 884 4641
1 1576 4642
616 2113 4643
42 1287 4644
557 981 4645
1118 1818 4646
440 2088 4647
155 2032 4648
311 616 4649
657 1927 4650
677 1572 4651
737 873 4652
873 1471 4653
962 1676 4654
926 1544 4655
1350 2038 4656
1458 2071 4657
998 1506 4658
1258 1659 4659
1496 2027 4660
431 1123 4661
569 1822 4662
669 1531 4663
408 1138 4664
99 1095 4665
657 1879 4666
882 1751 4667
1637 1664 4668
789 1513 4669
340 1321 4670
1478 1615 4671
211 2092 4672
318 2022 4673
558 690 4674
141 892 4675
1278 1512 4676
1024 2020 4677
295 602 4678
493 1460 4679
650 824 4680
474 1271 4681
428 459 4682
1571 1848 4683
122 987 4684
1078 1273 4685
1103 1258 4686
1546 2048 4687
325 703 4688
1273 1822 4689
1610 1657 4690
427 1668 4691
812 1043 4692
496 1676 4693
629 647 4694
94 405 4695
1177 1276 4696
41 2143 4697
676 2092 4698
2030 2128 4699
502 1000 4700
811 1681 4701
920 2113 4702
1018 2032 4703
1069 1426 4704
50 879 4705
1888 2115 4706
422 1665 4707
769 1975 4708
823 1694 4709
834 2002 4710
1983 2048 4711
1699 1739 4712
257 665 4713
1110 2004 4714
353 502 4715
597 1877 4716
1391 2080 4717
880 1237 4718
178 2072 4719
1676 2078 4720
830 1977 4721
658 1366 4722
739 1271 4723
845 1447 4724
1447 1460 4725
288 1941 4726
987 1888 4727
452 2092 4728
646 1977 4729
83 1853 4730
126 2074 4731
992 1887 4732
1159 2030 4733
270 676 4734
411 1769 4735
732 1012 4736
856 1998 4737
921 1043 4738
988 1362 4739
794 2057 4740
226 410 4741
1593 1931 4742
69 699 4743
705 928 4744
1141 1521 4745
819 2002 4746
40 1072 4747
126 2056 4748
1572 2033 4749
947 1689 4750
5 1026 4751
1266 1812 4752
1513 1664 4753
452 1695 4754
647 1931 4755
220 1391 4756
967 1506 4757
285 1948 4758
498 1814 4759
782 921 4760
1184 1534 4761
136 605 4762
678 2011 4763
1560 1765 4764
471 947 4765
632 1147 4766
386 1302 4767
416 1517 4768
1195 1941 4769
87 1394 4770
714 1888 4771
1324 1923 4772
1420 1590 4773
1314 1927 4774
720 2020 4775
1463 1743 4776
1201 1249 4777
920 1572 4778
858 927 4779
928 1177 4780
183 1426 4781
332 1537 4782
211 270 4783
956 1565 4784
1067 1896 4785
1350 1751 4786
917 1786 4787
1086 1395 4788
163 1078 4789
535 829 4790
1746 2009 4791
656 1636 4792
690 1466 4793
546 729 4794
408 545 4795
711 928 4796
988 1821 4797
616 1366 4798
795 2032 4799
1314 1879 4800
1845 1957 4801
116 1357 4802
1444 1664 4803
490 776 4804
894 1692 4805
1580 1647 4806
1481 1739 4807
411 562 4808
493 1745 4809
539 1372 4810
845 862 4811
457 1215 4812
1243 1266 4813
739 1888 4814
1185 1615 4815
178 1578 4816
153 1477 4817
669 1856 4818
69 153 4819
1476 2100 4820
605 2088 4821
776 1853 4822
162 969 4823
963 1814 4824
1391 1815 4825
178 811 4826
998 1585 4827
954 982 4828
419 1757 4829
446 2082 4830
925 1326 4831
969 2045 4832
422 911 4833
709 1705 4834
1739 2072 4835
316 498 4836
683 1340 4837
226 493 4838
330 872 4839
452 847 4840
808 1774 4841
1476 1708 4842
1704 2003 4843
1064 1352 4844
649 1546 4845
586 1615 4846
126 1159 4847
1476 1779 4848
464 1805 4849
310 2073 4850
234 1095 4851
1321 1884 4852
172 493 4853
76 1965 4854
152 311 4855
705 1177 4856
969 1875 4857
959 1019 4858
1275 1435 4859
725 919 4860
1095 1345 4861
464 2032 4862
1845 2002 4863
974 1060 4864
546 1631 4865
651 1253 4866
168 1170 4867
211 1704 4868
1209 1934 4869
210 1120 4870
389 1938 4871
498 1396 4872
1185 1478 4873
232 898 4874
316 1350 4875
994 1153 4876
232 722 4877
1868 1925 4878
77 1914 4879
1575 1939 4880
146 559 4881
966 1660 4882
1319 1453 4883
642 892 4884
699 2041 4885
1616 1709 4886
667 1583 4887
1350 2039 4888
1870 1881 4889
2030 2048 4890
258 1598 4891
210 1071 4892
316 963 4893
809 1159 4894
1007 1881 4895
170 1925 4896
431 473 4897
349 789 4898
1887 2036 4899
420 962 4900
1710 1758 4901
1071 1120 4902
464 1989 4903
326 1487 4904
1298 1743 4905
892 1738 4906
994 1777 4907
1496 2115 4908
1544 1679 4909
266 1269 4910
1660 1678 4911
929 1341 4912
481 1413 4913
496 1350 4914
172 446 4915
62 321 4916
446 1460 4917
309 878 4918
714 1258 4919
1695 1983 4920
726 1280 4921
892 1684 4922
325 1664 4923
699 1020 4924
494 1578 4925
882 1708 4926
24 326 4927
283 977 4928
599 1708 4929
1345 2003 4930
1780 2060 4931
2022 2048 4932
265 630 4933
737 864 4934
997 1886 4935
586 1913 4936
737 1853 4937
1321 1740 4938
122 1583 4939
1679 2128 4940
737 1590 4941
122 1847 4942
318 2048 4943
818 2090 4944
995 1184 4945
963 2038 4946
1412 1739 4947
759 1060 4948
1237 1837 4949
912 2096 4950
1616 1870 4951
325 1852 4952
814 2042 4953
892 1194 4954
818 2118 4955
948 2011 4956
1822 2055 4957
268 1956 4958
763 1590 4959
1679 1732 4960
699 1867 4961
1258 1709 4962
1688 1791 4963
336 1870 4964
494 1395 4965
751 2055 4966
1873 2058 4967
967 1585 4968
128 599 4969
1076 1078 4970
1540 1589 4971
211 2030 4972
220 1816 4973
319 759 4974
494 2020 4975
963 1350 4976
302 484 4977
1854 2002 4978
565 1512 4979
317 476 4980
919 1724 4981
1052 1184 4982
1167 1679 4983
1914 2082 4984
452 1197 4985
929 1681 4986
584 1543 4987
1258 1870 4988
185 1785 4989
111 1870 4990
1423 1768 4991
1039 1768 4992
1350 2116 4993
1123 1774 4994
309 1433 4995
1706 1790 4996
1611 1805 4997
1965 2082 4998
1066 1160 4999
171 977 5000
789 1507 5001
1007 1616 5002
881 1437 5003
1499 1779 5004
835 1720 5005
893 1590 5006
1695 2022 5007
2032 2115 5008
57 1784 5009
662 1533 5010
484 1948 5011
1586 2063 5012
552 981 5013
1576 2041 5014
281 1411 5015
427 605 5016
1867 2048 5017
1054 1860 5018
2118 2137 5019
163 1590 5020
1044 1506 5021
1704 2030 5022
662 1077 5023
69 1546 5024
1162 1262 5025
273 1706 5026
676 1679 5027
969 1124 5028
280 1344 5029
1354 1703 5030
1043 1529 5031
1458 1664 5032
1007 2032 5033
1246 1586 5034
494 1553 5035
963 1948 5036
325 1031 5037
1428 1498 5038
1067 2024 5039
161 1121 5040
174 1424 5041
511 1275 5042
275 1679 5043
847 947 5044
1413 1460 5045
1258 1328 5046
1160 2118 5047
376 1434 5048
1351 1685 5049
202 1160 5050
1590 1674 5051
155 600 5052
770 1792 5053
1626 2048 5054
1318 2097 5055
1460 1589 5056
1714 1892 5057
111 1611 5058
741 2089 5059
122 1888 5060
208 892 5061
594 2045 5062
658 1392 5063
1341 2011 5064
1908 2034 5065
1228 1846 5066
527 681 5067
677 2003 5068
325 1448 5069
418 1948 5070
1477 2030 5071
494 661 5072
185 789 5073
1170 1931 5074
217 770 5075
721 1616 5076
1362 1904 5077
884 1554 5078
475 925 5079
1675 1916 5080
382 2088 5081
266 1949 5082
529 2071 5083
880 1837 5084
494 954 5085
966 1194 5086
982 2142 5087
708 969 5088
1385 1571 5089
1506 1585 5090
1679 1820 5091
878 1989 5092
711 1152 5093
134 1434 5094
547 2071 5095
739 987 5096
1560 1755 5097
676 1820 5098
708 851 5099
994 1837 5100
1477 2048 5101
677 920 5102
821 1184 5103
632 1862 5104
969 1111 5105
498 1871 5106
1273 2055 5107
6 714 5108
1052 1899 5109
1743 1774 5110
2041 2048 5111
1497 1916 5112
676 901 5113
136 969 5114
714 2064 5115
1209 1826 5116
1292 1295 5117
446 1003 5118
854 1965 5119
309 1099 5120
920 1610 5121
325 548 5122
1004 1887 5123
452 901 5124
1477 1695 5125
639 1007 5126
169 703 5127
737 1832 5128
1175 2045 5129
357 1925 5130
1121 1667 5131
1805 1989 5132
677 1703 5133
1004 2036 5134
921 1344 5135
1471 1590 5136
662 1348 5137
666 2048 5138
493 1434 5139
2010 2096 5140
325 1632 5141
759 2080 5142
795 1805 5143
1224 1845 5144
498 1242 5145
699 1477 5146
653 1492 5147
711 2078 5148
69 1732 5149
963 1886 5150
1242 1964 5151
87 1154 5152
172 1460 5153
739 1496 5154
1965 2002 5155
554 1664 5156
273 1222 5157
1560 1581 5158
38 1392 5159
1576 2003 5160
1453 1578 5161
122 1841 5162
896 1912 5163
484 1476 5164
584 679 5165
1685 1988 5166
228 1573 5167
535 616 5168
892 1645 5169
213 1121 5170
1083 1434 5171
1350 1476 5172
1704 2092 5173
1 2041 5174
1414 2108 5175
645 1384 5176
153 2048 5177
1222 1384 5178
185 1213 5179
1578 1681 5180
414 690 5181
834 1965 5182
1820 1867 5183
918 1307 5184
714 1496 5185
234 1345 5186
437 1350 5187
1481 1578 5188
535 1362 5189
699 2030 5190
593 881 5191
942 1044 5192
1351 1988 5193
759 1129 5194
862 1460 5195
983 2118 5196
850 1345 5197
1545 2081 5198
1391 1816 5199
484 2100 5200
811 1581 5201
277 1131 5202
878 2042 5203
1626 1732 5204
67 467 5205
446 493 5206
1460 1540 5207
1568 2113 5208
492 1460 5209
933 2011 5210
754 1194 5211
1350 1892 5212
154 1566 5213
267 2071 5214
1328 1616 5215
1129 1517 5216
1052 1925 5217
377 2096 5218
1957 1965 5219
1179 1517 5220
928 1276 5221
1375 1896 5222
1066 2118 5223
1845 1854 5224
884 1826 5225
1774 2056 5226
418 1350 5227
1322 1326 5228
1578 1699 5229
962 1054 5230
324 457 5231
1258 1805 5232
243 2022 5233
854 2002 5234
1345 1826 5235
1546 1732 5236
155 2115 5237
676 1704 5238
270 1704 5239
1704 2041 5240
99 677 5241
483 1966 5242
1118 1125 5243
1321 1784 5244
1611 2032 5245
66 1907 5246
861 1706 5247
1152 1350 5248
1578 1755 5249
662 1581 5250
1496 1847 5251
452 1732 5252
1099 1879 5253
128 1350 5254
134 1540 5255
317 418 5256
971 1637 5257
535 694 5258
600 2032 5259
1623 2029 5260
1988 2086 5261
1317 1546 5262
309 1428 5263
1258 1881 5264
963 1871 5265
1565 1984 5266
509 1177 5267
1224 2002 5268
1599 1623 5269
583 946 5270
1384 1706 5271
992 1004 5272
981 1076 5273
1177 1350 5274
332 1966 5275
829 884 5276
452 1820 5277
789 1213 5278
954 1739 5279
244 995 5280
1546 1704 5281
928 1622 5282
981 1078 5283
554 2071 5284
1099 1927 5285
321 662 5286
1350 1948 5287
1574 2078 5288
405 829 5289
435 583 5290
1841 2032 5291
901 1626 5292
269 1096 5293
1001 1399 5294
1049 1940 5295
436 690 5296
903 995 5297
1222 2100 5298
1673 1710 5299
302 1350 5300
512 1545 5301
1044 1585 5302
1679 1704 5303
1214 1590 5304
1395 1890 5305
954 1755 5306
1218 1804 5307
651 873 5308
202 1462 5309
1212 1460 5310
1774 1963 5311
1820 2048 5312
1184 1899 5313
1146 1964 5314
211 1679 5315
1259 1363 5316
1184 1868 5317
1474 1965 5318
829 1554 5319
1113 1964 5320
605 1494 5321
676 1732 5322
650 1344 5323
1152 2078 5324
1414 1967 5325
699 1167 5326
1280 1862 5327
1384 1631 5328
969 1344 5329
498 963 5330
987 2032 5331
1444 2071 5332
942 1506 5333
1476 2078 5334
512 1549 5335
844 1184 5336
1657 1887 5337
431 836 5338
535 1645 5339
1845 1965 5340
722 1347 5341
718 1019 5342
962 1350 5343
881 1507 5344
1888 2032 5345
270 932 5346
661 1623 5347
995 1868 5348
1345 1354 5349
1507 2071 5350
32 901 5351
795 1616 5352
822 2081 5353
962 2078 5354
829 1821 5355
452 1704 5356
729 1384 5357
599 799 5358
630 1096 5359
708 1908 5360
1303 2086 5361
1704 1983 5362
175 995 5363
74 1804 5364
1280 1319 5365
509 1152 5366
699 1576 5367
897 1965 5368
1020 1704 5369
1129 1779 5370
345 1877 5371
639 1258 5372
993 1096 5373
1167 2048 5374
1177 2116 5375
1516 1925 5376
790 1784 5377
1046 1896 5378
694 1196 5379
718 1181 5380
725 1963 5381
928 2078 5382
1788 2017 5383
752 1102 5384
963 2118 5385
535 1315 5386
878 1099 5387
1054 1160 5388
1102 1409 5389
1553 1623 5390
1576 2048 5391
642 1989 5392
297 332 5393
273 857 5394
1637 2071 5395
268 857 5396
1102 1581 5397
1232 1303 5398
1732 2022 5399
69 2022 5400
876 1890 5401
382 969 5402
694 884 5403
1319 1856 5404
1065 1242 5405
1706 2130 5406
962 2039 5407
211 1820 5408
467 1507 5409
843 1194 5410
548 1345 5411
699 901 5412
122 1496 5413
1732 1820 5414
1849 2092 5415
1494 1708 5416
383 2094 5417
965 1821 5418
1450 2071 5419
1576 1820 5420
498 2118 5421
1635 1757 5422
277 1856 5423
1220 2003 5424
554 2134 5425
73 1361 5426
273 2130 5427
877 2002 5428
928 1274 5429
1477 1704 5430
1259 1890 5431
1060 1129 5432
1635 2003 5433
467 2051 5434
661 1395 5435
273 645 5436
512 2081 5437
2031 2081 5438
902 931 5439
1210 1936 5440
483 1375 5441
534 1350 5442
1704 2048 5443
1065 1200 5444
1990 2071 5445
1019 1181 5446
822 1545 5447
359 2032 5448
902 1604 5449
1664 1666 5450
1271 1496 5451
1385 1426 5452
435 946 5453
751 1965 5454
1194 1864 5455
1538 1963 5456
917 1912 5457
1046 1966 5458
74 534 5459
1054 1066 5460
1038 1361 5461
1102 1673 5462
512 822 5463
584 1046 5464
862 1903 5465
857 2100 5466
1375 1966 5467
316 1494 5468
604 1337 5469
699 2048 5470
916 2032 5471
1814 1871 5472
862 1513 5473
1019 1669 5474
954 1890 5475
1138 1357 5476
1871 2053 5477
273 1944 5478
757 1568 5479
604 1283 5480
154 1361 5481
483 1046 5482
787 1644 5483
884 1345 5484
1200 1242 5485
1362 1576 5486
116 1303 5487
1777 2014 5488
698 925 5489
2048 2092 5490
847 1705 5491
722 1062 5492
882 1494 5493
872 2031 5494
1366 1635 5495
534 1494 5496
435 1296 5497
1181 1669 5498
1573 1871 5499
1704 2022 5500
1345 1635 5501
1684 1963 5502
1753 1963 5503
270 2048 5504
1786 1912 5505
694 1821 5506
183 950 5507
1200 1763 5508
1352 1903 5509
694 1554 5510
954 1623 5511
1096 1545 5512
776 1062 5513
837 1912 5514
2078 2118 5515
1695 2041 5516
220 1099 5517
419 1635 5518
1586 1673 5519
1944 2130 5520
1732 2048 5521
1152 1274 5522
1854 1965 5523
192 1274 5524
961 1648 5525
1344 1804 5526
718 1669 5527
770 1298 5528
1062 1964 5529
836 1384 5530
1293 1771 5531
990 1912 5532
822 2031 5533
630 1041 5534
332 1375 5535
843 1345 5536
1054 2118 5537
1180 2032 5538
583 1460 5539
1114 1673 5540
1049 1644 5541
1303 2035 5542
942 1285 5543
197 1041 5544
969 1494 5545
1868 2017 5546
1194 1826 5547
1271 1645 5548
1293 1688 5549
183 1069 5550
345 2088 5551
1076 2134 5552
1065 1573 5553
1613 1644 5554
1049 2100 5555
1303 1482 5556
1102 1758 5557
1545 2031 5558
345 382 5559
1186 1912 5560
1578 1623 5561
1019 1053 5562
1099 2042 5563
604 1041 5564
718 1053 5565
1071 1385 5566
1046 1375 5567
345 2078 5568
950 1069 5569
1069 1071 5570
1053 1181 5571
698 1989 5572
1596 1912 5573
321 961 5574
1275 1357 5575
1704 1867 5576
942 1585 5577
1008 1289 5578
1494 2088 5579
332 1046 5580
1258 2032 5581
309 698 5582
711 1177 5583
2031 2094 5584
708 1494 5585
1210 1777 5586
1732 1867 5587
1956 2130 5588
345 509 5589
859 1303 5590
1679 2048 5591
1384 1644 5592
2081 2094 5593
1289 1524 5594
1041 1492 5595
74 1494 5596
694 829 5597
1379 1578 5598
1001 1041 5599
345 1274 5600
168 1963 5601
853 1814 5602
786 1856 5603
1289 1344 5604
698 1805 5605
931 2129 5606
1576 1704 5607
2051 2071 5608
1496 2032 5609
1184 2017 5610
1224 1965 5611
1494 1529 5612
227 1644 5613
1664 2071 5614
1303 1357 5615
1635 2113 5616
981 1414 5617
1271 1315 5618
1065 1814 5619
1102 1296 5620
853 1871 5621
1069 1385 5622
1258 1624 5623
751 1400 5624
1049 1118 5625
1784 1965 5626
847 960 5627
931 1453 5628
946 1460 5629
1465 1903 5630
1076 1494 5631
1053 1669 5632
1428 1989 5633
965 1345 5634
1066 2134 5635
1194 1936 5636
1375 1907 5637
699 1695 5638
653 1041 5639
950 1385 5640
961 1293 5641
677 850 5642
954 1259 5643
317 1357 5644
651 1590 5645
723 1049 5646
942 2071 5647
1099 1314 5648
1704 1732 5649
1288 1289 5650
1392 1635 5651
1545 2094 5652
688 1303 5653
822 2094 5654
942 1137 5655
963 2078 5656
1222 1644 5657
1062 1347 5658
1274 2132 5659
1357 2019 5660
1777 1936 5661
1357 1844 5662
1477 2022 5663
1046 1907 5664
1814 2118 5665
694 1345 5666
1477 2092 5667
954 1581 5668
698 1709 5669
1303 1988 5670
345 1494 5671
757 1635 5672
698 1963 5673
971 1777 5674
698 795 5675
1298 1303 5676
759 1779 5677
1477 1679 5678
799 1350 5679
1078 2134 5680
1576 1732 5681
1274 1964 5682
1494 1862 5683
836 1513 5684
1289 2045 5685
1054 2134 5686
963 1152 5687
690 1350 5688
698 1328 5689
1361 1673 5690
1344 1494 5691
699 1732 5692
963 1274 5693
650 1289 5694
921 1289 5695
1931 1963 5696
921 1494 5697
1054 1350 5698
1724 1963 5699
1350 2078 5700
1078 1494 5701
