92 1027 1
560 1027 2
1027 1491 3
1027 1753 4
59 1027 5
898 1027 6
428 1027 7
149 1027 8
48 368 9
853 1027 10
59 560 11
681 1027 12
48 260 13
1108 1713 14
1027 1329 15
325 1027 16
1027 1297 17
560 898 18
1027 1562 19
92 898 20
214 1027 21
1027 1472 22
48 1398 23
48 1776 24
911 1027 25
557 1472 26
59 898 27
528 1027 28
342 1753 29
864 1753 30
1027 1549 31
48 1396 32
843 1408 33
864 1027 34
1027 1837 35
80 1027 36
1027 1555 37
304 1753 38
1027 1255 39
792 1027 40
1027 1862 41
1652 1753 42
48 713 43
1027 1729 44
1027 1830 45
368 1396 46
648 1027 47
48 908 48
860 1027 49
119 1027 50
59 92 51
260 316 52
260 1494 53
637 830 54
304 342 55
48 1234 56
119 1805 57
637 1753 58
48 1640 59
403 1027 60
779 1027 61
830 962 62
1027 1868 63
260 1396 64
830 1753 65
1027 1133 66
637 962 67
260 1234 68
962 1753 69
968 1027 70
1234 1396 71
368 1398 72
1398 1640 73
150 1027 74
1027 1819 75
368 908 76
368 1234 77
1088 1713 78
214 1624 79
149 1472 80
557 1253 81
308 636 82
342 830 83
260 1398 84
240 1027 85
577 1027 86
260 908 87
316 368 88
946 1027 89
585 620 90
846 1027 91
947 1027 92
958 1027 93
1027 1132 94
142 308 95
106 159 96
768 1753 97
334 636 98
842 1777 99
458 1027 100
620 648 101
830 864 102
368 1494 103
149 428 104
1027 1866 105
60 628 106
439 1027 107
749 751 108
751 842 109
1027 1157 110
1398 1491 111
308 1137 112
87 311 113
752 1860 114
1491 1640 115
368 1640 116
214 428 117
1027 1485 118
1504 1860 119
522 752 120
199 756 121
342 637 122
630 752 123
48 1271 124
1027 1769 125
690 1723 126
630 1860 127
797 1027 128
654 1713 129
1396 1398 130
574 1713 131
304 637 132
308 334 133
395 522 134
843 1183 135
1027 1226 136
1283 1753 137
1528 1713 138
585 648 139
311 756 140
198 308 141
801 1027 142
522 630 143
1027 1625 144
354 1805 145
752 1120 146
48 1491 147
1493 1707 148
867 1027 149
1027 1209 150
714 888 151
267 1805 152
630 1120 153
368 1271 154
311 1155 155
628 729 156
389 1027 157
761 1027 158
1027 1799 159
778 1027 160
48 1552 161
1682 1723 162
1120 1860 163
198 1137 164
304 1652 165
752 1504 166
1525 1776 167
1027 1033 168
900 1027 169
342 1652 170
304 962 171
62 428 172
341 1027 173
1713 1761 174
342 962 175
1027 1076 176
199 311 177
267 354 178
522 1504 179
714 1753 180
1027 1608 181
1396 1640 182
910 1027 183
304 830 184
637 864 185
1027 1292 186
395 630 187
342 864 188
557 669 189
969 1027 190
334 1651 191
1027 1148 192
1027 1285 193
522 1860 194
522 1120 195
1343 1713 196
68 585 197
1230 1713 198
908 1494 199
1109 1723 200
630 1504 201
1027 1338 202
1027 1683 203
395 752 204
917 1298 205
636 1651 206
12 1753 207
214 475 208
1234 1398 209
1596 1723 210
260 1640 211
766 1027 212
1027 1227 213
203 1192 214
132 311 215
1626 1713 216
305 308 217
395 1798 218
57 1805 219
260 1271 220
1027 1662 221
1120 1504 222
395 1504 223
557 1506 224
40 1753 225
46 1453 226
359 1713 227
1231 1713 228
57 475 229
311 827 230
560 1344 231
129 1753 232
1155 1298 233
615 1624 234
475 792 235
898 1697 236
620 906 237
757 1723 238
1723 1857 239
203 1030 240
395 1120 241
1192 1718 242
1325 1723 243
77 1027 244
87 1155 245
203 716 246
1776 1817 247
308 1651 248
1612 1713 249
739 804 250
1713 1889 251
60 729 252
464 1805 253
403 428 254
804 1493 255
1551 1723 256
59 1278 257
254 308 258
59 80 259
267 464 260
308 1540 261
1234 1491 262
475 1472 263
751 1777 264
877 1723 265
1108 1528 266
92 214 267
908 1640 268
80 560 269
147 842 270
311 1298 271
142 636 272
739 1749 273
311 917 274
1723 1864 275
557 1474 276
647 1753 277
830 1652 278
1511 1805 279
92 585 280
997 1723 281
60 1611 282
636 1067 283
267 1678 284
507 810 285
560 1700 286
585 906 287
695 1027 288
1234 1552 289
94 756 290
217 1707 291
804 1707 292
92 1113 293
425 435 294
836 1713 295
217 1493 296
752 1798 297
864 962 298
1297 1398 299
254 305 300
560 794 301
329 751 302
473 589 303
908 1398 304
425 1639 305
507 1108 306
574 1108 307
628 1611 308
1205 1753 309
354 1678 310
159 335 311
428 772 312
171 665 313
522 1798 314
1678 1805 315
888 1753 316
214 277 317
464 1678 318
681 1329 319
119 354 320
304 864 321
158 398 322
630 1798 323
48 316 324
59 576 325
325 1804 326
962 1205 327
1134 1576 328
765 882 329
756 1298 330
171 468 331
203 767 332
637 1205 333
203 1312 334
929 1713 335
435 1337 336
455 819 337
305 1137 338
732 1723 339
1624 1842 340
435 1639 341
648 1529 342
1578 1723 343
147 749 344
804 1614 345
62 149 346
92 1729 347
254 1137 348
628 1353 349
739 1493 350
1088 1108 351
888 962 352
64 628 353
791 1752 354
763 882 355
311 1655 356
171 1521 357
766 1491 358
203 1718 359
311 1158 360
68 830 361
560 1633 362
706 842 363
642 1026 364
1052 1782 365
1316 1826 366
1223 1723 367
87 756 368
158 898 369
560 655 370
502 662 371
87 199 372
248 557 373
94 199 374
739 1707 375
300 525 376
560 850 377
928 1713 378
354 464 379
620 1466 380
106 325 381
325 1538 382
819 1382 383
119 482 384
311 1567 385
254 1540 386
308 581 387
395 1860 388
739 1614 389
756 1155 390
898 1625 391
1504 1798 392
68 648 393
475 1822 394
258 1453 395
990 1776 396
620 913 397
226 1491 398
319 329 399
1396 1491 400
1707 1749 401
198 1540 402
311 881 403
147 329 404
574 1230 405
628 747 406
681 1255 407
399 804 408
560 1625 409
628 1409 410
59 794 411
199 1155 412
425 1337 413
311 1285 414
615 1507 415
59 1625 416
319 842 417
106 841 418
725 1826 419
1253 1506 420
284 1570 421
1245 1337 422
208 1753 423
1088 1528 424
199 917 425
560 1278 426
869 1713 427
1108 1230 428
1038 1337 429
980 1337 430
560 1697 431
962 1652 432
1027 1047 433
198 254 434
1337 1639 435
525 1422 436
1319 1580 437
62 214 438
368 1552 439
259 749 440
810 1108 441
1408 1555 442
1493 1749 443
388 1354 444
1798 1860 445
706 749 446
316 1398 447
1183 1408 448
1493 1614 449
110 682 450
311 1469 451
560 1314 452
660 1115 453
321 1112 454
1374 1876 455
560 577 456
906 1529 457
334 581 458
629 854 459
217 739 460
1120 1798 461
68 811 462
142 334 463
581 1651 464
1485 1753 465
69 674 466
149 1753 467
898 1357 468
52 498 469
171 807 470
259 842 471
147 1777 472
319 749 473
811 830 474
110 268 475
254 636 476
368 1776 477
475 486 478
714 768 479
864 1652 480
338 1713 481
345 1752 482
45 1183 483
64 1064 484
203 1460 485
475 937 486
810 1088 487
1102 1832 488
475 1173 489
455 1665 490
482 991 491
681 1830 492
648 1466 493
842 1200 494
106 721 495
725 1316 496
756 917 497
842 1594 498
259 329 499
57 1624 500
106 1384 501
323 423 502
898 1729 503
139 662 504
59 1697 505
263 898 506
507 1088 507
329 1200 508
456 982 509
713 1549 510
60 1353 511
308 1067 512
329 1594 513
898 1754 514
1137 1388 515
203 1160 516
139 502 517
425 1038 518
637 1652 519
878 1723 520
1131 1573 521
428 1624 522
345 1128 523
1491 1552 524
403 830 525
665 788 526
119 1469 527
176 730 528
476 681 529
59 655 530
198 305 531
343 1713 532
674 1065 533
677 853 534
118 1753 535
166 1824 536
893 1822 537
460 1524 538
749 1200 539
763 765 540
989 1387 541
1297 1494 542
608 1412 543
175 1873 544
151 305 545
907 1253 546
48 1494 547
162 398 548
397 1707 549
551 819 550
857 1776 551
73 1061 552
334 1067 553
399 1707 554
749 1594 555
1491 1498 556
268 682 557
1271 1396 558
170 421 559
507 1761 560
1285 1776 561
106 722 562
1669 1858 563
893 1191 564
354 1511 565
468 747 566
6 1822 567
311 1625 568
877 1551 569
351 1753 570
214 714 571
275 1832 572
203 1584 573
973 1669 574
1058 1600 575
397 1493 576
198 581 577
61 300 578
719 1723 579
68 1529 580
1128 1694 581
79 615 582
620 1074 583
893 1788 584
911 1549 585
325 1020 586
242 560 587
388 1269 588
908 1552 589
985 1775 590
1614 1707 591
571 765 592
571 763 593
158 1842 594
1624 1753 595
217 1614 596
518 1725 597
1640 1837 598
226 1640 599
1042 1556 600
1661 1834 601
713 1569 602
624 1723 603
180 523 604
653 1723 605
1115 1391 606
1446 1713 607
147 751 608
1385 1713 609
1083 1556 610
6 681 611
44 106 612
331 568 613
1158 1285 614
1207 1524 615
484 1422 616
754 907 617
1191 1788 618
435 980 619
1396 1552 620
1639 1833 621
158 560 622
754 1253 623
142 1651 624
1325 1682 625
455 1402 626
1277 1332 627
94 1133 628
316 1297 629
990 1817 630
990 1525 631
983 1207 632
176 497 633
6 893 634
217 804 635
92 409 636
754 1506 637
790 1055 638
669 708 639
892 1713 640
1088 1761 641
12 129 642
167 301 643
1321 1794 644
44 1191 645
654 1230 646
1491 1500 647
929 1108 648
927 1551 649
320 428 650
278 1472 651
319 1777 652
5 1534 653
325 678 654
1396 1494 655
325 833 656
44 716 657
242 898 658
245 898 659
59 850 660
700 806 661
73 701 662
560 589 663
763 987 664
996 1834 665
581 636 666
64 1876 667
159 1599 668
214 494 669
568 1416 670
500 629 671
800 819 672
560 855 673
568 1429 674
1456 1811 675
939 1007 676
766 1776 677
1395 1753 678
214 403 679
674 1243 680
690 1857 681
1069 1070 682
1139 1766 683
52 1070 684
898 1703 685
1122 1524 686
403 1278 687
1000 1773 688
419 1135 689
1168 1661 690
151 1388 691
311 1344 692
517 1016 693
1351 1473 694
357 1858 695
729 1353 696
1285 1491 697
6 1782 698
714 1614 699
308 621 700
1038 1728 701
45 290 702
901 1274 703
1255 1329 704
16 614 705
1178 1334 706
833 1804 707
1409 1611 708
973 1653 709
1645 1723 710
386 1245 711
475 1075 712
819 1819 713
355 1624 714
789 939 715
803 1776 716
1118 1754 717
768 911 718
119 1567 719
92 1805 720
635 1408 721
571 987 722
1534 1622 723
259 1777 724
1448 1669 725
325 1695 726
1694 1752 727
819 1576 728
1578 1682 729
45 1056 730
284 843 731
853 1837 732
1518 1529 733
1614 1749 734
162 1842 735
335 1030 736
665 1279 737
114 1775 738
149 1058 739
342 1205 740
628 1526 741
998 1180 742
898 1002 743
162 819 744
792 859 745
476 1329 746
463 983 747
857 1817 748
1119 1533 749
1594 1777 750
687 716 751
59 1621 752
991 1136 753
1030 1460 754
519 1311 755
1026 1807 756
26 792 757
40 129 758
248 524 759
767 1416 760
1319 1553 761
1195 1584 762
498 1070 763
245 560 764
397 804 765
227 308 766
332 1119 767
768 1096 768
1472 1727 769
819 1020 770
179 311 771
331 767 772
556 1304 773
585 1635 774
980 1728 775
1753 1850 776
359 1612 777
388 1341 778
507 1008 779
288 1137 780
690 1109 781
171 1323 782
482 860 783
781 1210 784
260 1552 785
750 1135 786
183 1349 787
600 1766 788
906 1466 789
747 1520 790
768 888 791
677 857 792
853 1319 793
617 1061 794
74 628 795
1337 1833 796
812 934 797
186 1474 798
386 1309 799
548 853 800
943 1648 801
618 1283 802
149 681 803
992 1653 804
1015 1173 805
1056 1555 806
325 1152 807
305 1540 808
76 1369 809
417 449 810
978 1417 811
347 576 812
1500 1640 813
599 1224 814
246 1346 815
178 1180 816
898 1691 817
1010 1713 818
205 1701 819
459 620 820
1111 1718 821
784 1472 822
135 1073 823
348 895 824
92 863 825
937 1173 826
1042 1083 827
284 1183 828
382 1686 829
323 594 830
590 1838 831
1600 1823 832
174 989 833
236 325 834
323 846 835
897 1408 836
249 1851 837
1200 1777 838
1408 1484 839
888 911 840
723 1573 841
398 681 842
843 1846 843
72 275 844
288 308 845
730 1054 846
424 541 847
528 1529 848
602 1386 849
607 1801 850
140 895 851
1108 1889 852
765 987 853
149 1819 854
830 1205 855
943 1649 856
198 1651 857
1364 1659 858
440 1519 859
1245 1325 860
165 715 861
159 221 862
853 857 863
311 779 864
145 1283 865
1498 1640 866
1548 1569 867
199 1071 868
137 797 869
405 1350 870
985 1483 871
995 1102 872
694 1717 873
460 1333 874
90 1369 875
681 1562 876
726 1302 877
26 137 878
435 1728 879
1271 1297 880
1639 1728 881
792 1869 882
43 314 883
44 1192 884
61 135 885
996 1168 886
395 885 887
585 1466 888
854 1779 889
137 213 890
620 894 891
57 541 892
1088 1343 893
399 1749 894
203 1693 895
214 772 896
92 935 897
604 1773 898
132 1655 899
311 1705 900
723 1883 901
911 1569 902
440 1546 903
171 1187 904
430 584 905
557 1041 906
732 1109 907
425 980 908
714 1096 909
1183 1570 910
1161 1555 911
642 1796 912
716 947 913
740 1386 914
947 1291 915
1515 1659 916
765 1535 917
311 1601 918
62 1801 919
81 955 920
231 1477 921
309 792 922
864 1205 923
1779 1872 924
92 755 925
620 1263 926
302 1004 927
471 1214 928
226 1255 929
6 638 930
432 1198 931
509 838 932
1086 1559 933
1079 1182 934
843 1642 935
483 1349 936
208 1023 937
214 1365 938
1009 1084 939
1064 1102 940
1408 1846 941
1176 1624 942
1231 1528 943
654 1108 944
87 94 945
325 1463 946
592 1516 947
1408 1642 948
448 1573 949
753 1369 950
1275 1600 951
684 707 952
1126 1546 953
637 837 954
1669 1739 955
761 1235 956
1140 1408 957
9 1516 958
116 772 959
791 1520 960
1805 1828 961
25 967 962
1269 1354 963
721 722 964
1507 1624 965
1229 1417 966
290 1056 967
528 1147 968
841 1384 969
206 338 970
106 175 971
6 495 972
473 1700 973
574 1626 974
1003 1336 975
119 1705 976
893 1112 977
280 1734 978
120 1389 979
325 1240 980
765 988 981
275 1874 982
529 1592 983
1103 1408 984
843 897 985
1056 1183 986
437 1566 987
982 1480 988
587 1673 989
712 1386 990
1275 1823 991
1108 1231 992
1625 1697 993
2 792 994
162 938 995
172 1011 996
318 1573 997
888 1614 998
1240 1246 999
1389 1390 1000
165 494 1001
216 400 1002
1374 1598 1003
43 1740 1004
132 827 1005
666 792 1006
751 1266 1007
1398 1552 1008
38 1279 1009
242 1842 1010
3 27 1011
43 1308 1012
493 868 1013
583 1629 1014
827 1655 1015
1201 1507 1016
314 1443 1017
1014 1647 1018
1275 1664 1019
64 763 1020
420 1723 1021
270 792 1022
1238 1425 1023
75 1185 1024
584 958 1025
25 1494 1026
258 1709 1027
145 1753 1028
372 1050 1029
675 702 1030
159 807 1031
555 1874 1032
695 1544 1033
1255 1491 1034
149 792 1035
843 1103 1036
500 1885 1037
689 1670 1038
1456 1852 1039
714 1624 1040
83 1844 1041
706 1777 1042
94 1298 1043
148 1845 1044
46 602 1045
491 798 1046
842 1624 1047
1122 1333 1048
729 1855 1049
896 1762 1050
296 325 1051
660 1391 1052
362 1796 1053
1195 1503 1054
874 1732 1055
223 1071 1056
567 708 1057
130 988 1058
239 311 1059
214 244 1060
1123 1580 1061
1519 1546 1062
64 1382 1063
384 411 1064
114 985 1065
55 1472 1066
435 1833 1067
874 1090 1068
590 1684 1069
203 1831 1070
354 1677 1071
497 730 1072
1465 1881 1073
436 686 1074
421 458 1075
592 1334 1076
560 1562 1077
620 1744 1078
1630 1886 1079
22 311 1080
237 1278 1081
455 1809 1082
675 802 1083
893 1052 1084
1661 1708 1085
1344 1700 1086
1151 1816 1087
177 842 1088
336 1717 1089
1299 1354 1090
89 971 1091
1297 1365 1092
11 838 1093
1074 1466 1094
1663 1810 1095
428 938 1096
349 1542 1097
604 1624 1098
715 1125 1099
444 1572 1100
633 1503 1101
437 1239 1102
1064 1598 1103
350 1810 1104
557 708 1105
675 1427 1106
423 657 1107
1382 1608 1108
174 1387 1109
50 428 1110
804 1749 1111
1475 1723 1112
535 1324 1113
591 1107 1114
450 1193 1115
615 1174 1116
792 1875 1117
1783 1784 1118
926 1377 1119
1098 1417 1120
78 939 1121
356 806 1122
274 1447 1123
560 1624 1124
476 1610 1125
1131 1382 1126
641 1883 1127
996 1708 1128
654 1889 1129
799 1397 1130
1579 1814 1131
684 1123 1132
51 270 1133
356 503 1134
440 1126 1135
526 1175 1136
218 1493 1137
240 830 1138
531 1323 1139
46 1733 1140
408 1079 1141
367 528 1142
664 720 1143
1078 1803 1144
44 1584 1145
428 1529 1146
1324 1498 1147
121 561 1148
134 363 1149
790 905 1150
351 647 1151
843 1570 1152
25 529 1153
173 1657 1154
279 1046 1155
777 793 1156
513 1695 1157
211 634 1158
504 1781 1159
1553 1650 1160
915 1573 1161
615 1044 1162
1770 1843 1163
518 911 1164
240 449 1165
492 1832 1166
747 1831 1167
98 1037 1168
170 219 1169
500 1779 1170
149 1297 1171
707 1123 1172
192 1776 1173
1668 1771 1174
526 1293 1175
946 1624 1176
186 490 1177
226 681 1178
1321 1851 1179
1367 1788 1180
1635 1729 1181
316 1552 1182
234 799 1183
213 1236 1184
988 1816 1185
1018 1712 1186
1449 1545 1187
436 1261 1188
688 1360 1189
762 1363 1190
105 1581 1191
203 1191 1192
679 810 1193
355 615 1194
130 1816 1195
78 886 1196
484 892 1197
865 1243 1198
455 551 1199
1562 1788 1200
89 1362 1201
186 1793 1202
635 843 1203
1136 1469 1204
749 1399 1205
557 828 1206
59 1624 1207
706 751 1208
1538 1809 1209
1602 1778 1210
53 54 1211
758 1486 1212
94 853 1213
477 1624 1214
880 1624 1215
184 527 1216
6 486 1217
96 295 1218
810 1761 1219
455 834 1220
251 811 1221
905 1055 1222
159 1142 1223
32 1589 1224
388 853 1225
576 1590 1226
724 1863 1227
842 1165 1228
397 1749 1229
144 1462 1230
409 1164 1231
594 1557 1232
8 1660 1233
1029 1124 1234
1161 1286 1235
1266 1777 1236
355 1201 1237
578 1406 1238
628 1430 1239
1303 1770 1240
372 1312 1241
515 1248 1242
37 64 1243
912 1003 1244
197 1883 1245
497 1054 1246
1312 1502 1247
295 1268 1248
1522 1531 1249
255 565 1250
59 1562 1251
298 572 1252
3 957 1253
870 1331 1254
1111 1116 1255
1560 1640 1256
967 1592 1257
1306 1529 1258
1375 1665 1259
1093 1101 1260
508 1492 1261
862 868 1262
390 1622 1263
476 588 1264
1251 1464 1265
609 1561 1266
650 713 1267
144 1352 1268
946 966 1269
333 720 1270
1794 1851 1271
1073 1735 1272
492 1177 1273
842 1399 1274
70 201 1275
307 761 1276
104 1653 1277
491 1279 1278
486 1624 1279
1258 1751 1280
613 963 1281
767 1116 1282
117 1379 1283
186 814 1284
1467 1600 1285
85 1359 1286
311 710 1287
335 1116 1288
125 1513 1289
1085 1617 1290
171 1382 1291
146 302 1292
485 1176 1293
519 680 1294
186 489 1295
863 1635 1296
1215 1853 1297
1341 1354 1298
106 747 1299
119 1024 1300
497 1092 1301
1111 1456 1302
325 1499 1303
700 1789 1304
107 1063 1305
311 603 1306
1075 1112 1307
439 774 1308
679 1108 1309
735 1330 1310
39 1102 1311
436 656 1312
825 1449 1313
14 311 1314
309 945 1315
604 1071 1316
1116 1718 1317
111 1189 1318
1106 1332 1319
877 997 1320
887 1616 1321
173 1529 1322
406 1194 1323
1251 1830 1324
399 739 1325
280 685 1326
136 354 1327
556 1068 1328
121 698 1329
278 311 1330
639 1068 1331
893 1351 1332
679 1088 1333
892 1343 1334
970 1183 1335
265 610 1336
1205 1652 1337
819 1131 1338
159 1478 1339
379 807 1340
1019 1394 1341
560 818 1342
817 1073 1343
445 1680 1344
485 813 1345
560 786 1346
801 1730 1347
757 1578 1348
1199 1546 1349
1277 1589 1350
542 1450 1351
785 1306 1352
784 1624 1353
853 968 1354
1185 1495 1355
747 1521 1356
654 1761 1357
475 1419 1358
423 446 1359
546 798 1360
713 837 1361
232 441 1362
325 381 1363
360 1338 1364
183 1444 1365
1147 1588 1366
1438 1708 1367
245 428 1368
413 979 1369
468 533 1370
481 1101 1371
91 615 1372
842 1266 1373
212 1880 1374
46 1741 1375
1632 1634 1376
214 769 1377
34 517 1378
35 485 1379
1368 1472 1380
1161 1408 1381
461 1851 1382
274 1815 1383
1251 1631 1384
329 706 1385
464 1710 1386
376 1264 1387
6 1052 1388
493 1313 1389
682 1613 1390
6 64 1391
78 853 1392
232 1361 1393
1325 1405 1394
555 1391 1395
432 994 1396
591 1767 1397
1176 1587 1398
17 705 1399
419 682 1400
149 1434 1401
404 842 1402
651 1150 1403
1625 1691 1404
80 681 1405
614 1567 1406
669 1277 1407
567 1332 1408
376 505 1409
921 1202 1410
539 944 1411
1292 1297 1412
321 840 1413
323 580 1414
252 411 1415
292 306 1416
474 736 1417
599 1623 1418
442 483 1419
1191 1367 1420
297 1747 1421
39 275 1422
136 735 1423
274 893 1424
39 1202 1425
557 1084 1426
1156 1821 1427
186 1453 1428
1147 1314 1429
977 1472 1430
90 753 1431
403 1624 1432
788 1119 1433
584 946 1434
723 1795 1435
968 991 1436
380 978 1437
1116 1192 1438
597 992 1439
1423 1539 1440
893 1447 1441
1275 1467 1442
203 1178 1443
1440 1624 1444
258 510 1445
1216 1439 1446
787 1171 1447
862 1313 1448
606 842 1449
608 979 1450
585 913 1451
339 564 1452
552 1022 1453
659 1381 1454
323 616 1455
156 1033 1456
28 613 1457
1031 1562 1458
1583 1772 1459
1285 1837 1460
617 1168 1461
638 1726 1462
160 201 1463
737 1644 1464
768 1283 1465
312 365 1466
723 1073 1467
63 1167 1468
631 1382 1469
1260 1726 1470
1610 1812 1471
576 1081 1472
112 952 1473
837 1842 1474
516 1144 1475
953 1720 1476
716 1436 1477
193 1591 1478
538 1692 1479
558 1187 1480
1278 1305 1481
145 618 1482
335 1111 1483
691 1529 1484
540 1091 1485
594 889 1486
346 1605 1487
410 1607 1488
1437 1555 1489
59 852 1490
1472 1529 1491
601 1281 1492
1012 1832 1493
1264 1666 1494
593 975 1495
747 1342 1496
803 1525 1497
482 1136 1498
591 1222 1499
422 1546 1500
810 1213 1501
84 1119 1502
617 1834 1503
171 364 1504
616 846 1505
620 1786 1506
677 1817 1507
73 313 1508
311 1392 1509
682 750 1510
226 1329 1511
1185 1311 1512
382 1529 1513
318 1795 1514
556 1172 1515
15 1235 1516
543 1394 1517
360 761 1518
258 816 1519
381 517 1520
680 1185 1521
592 784 1522
925 1514 1523
1183 1555 1524
486 1382 1525
1600 1706 1526
1505 1514 1527
76 90 1528
757 1682 1529
21 1763 1530
792 1624 1531
102 159 1532
677 1133 1533
1297 1847 1534
151 1137 1535
843 1681 1536
949 1289 1537
391 1656 1538
873 1185 1539
631 1449 1540
291 1202 1541
433 538 1542
579 1554 1543
1206 1687 1544
1595 1738 1545
911 1725 1546
912 1844 1547
733 1301 1548
5 1668 1549
838 1265 1550
10 1406 1551
275 487 1552
33 1587 1553
387 627 1554
235 1112 1555
383 826 1556
588 1812 1557
633 1442 1558
46 740 1559
976 1242 1560
189 258 1561
200 1035 1562
1654 1671 1563
1123 1193 1564
64 241 1565
468 764 1566
1123 1423 1567
797 1617 1568
1382 1654 1569
321 835 1570
330 1574 1571
298 668 1572
1466 1529 1573
1062 1114 1574
26 1347 1575
373 1474 1576
604 1334 1577
186 407 1578
224 277 1579
891 1618 1580
1185 1742 1581
476 1812 1582
501 1679 1583
1096 1614 1584
1329 1562 1585
1348 1750 1586
799 952 1587
1130 1568 1588
30 1374 1589
843 916 1590
1163 1881 1591
612 657 1592
1573 1795 1593
673 693 1594
185 1112 1595
353 1219 1596
317 349 1597
161 1234 1598
294 1121 1599
494 1249 1600
615 784 1601
101 1808 1602
213 396 1603
1108 1343 1604
648 1756 1605
534 1689 1606
1407 1487 1607
155 1501 1608
742 1198 1609
470 1208 1610
807 1676 1611
1191 1224 1612
311 1560 1613
90 127 1614
505 1264 1615
325 1095 1616
1329 1550 1617
171 586 1618
283 370 1619
544 1565 1620
1189 1670 1621
1375 1561 1622
497 1457 1623
1058 1203 1624
1086 1595 1625
26 1236 1626
46 153 1627
844 882 1628
771 1327 1629
215 766 1630
769 1837 1631
1442 1599 1632
1013 1307 1633
820 827 1634
622 1716 1635
1529 1753 1636
37 167 1637
1463 1537 1638
403 1302 1639
1393 1426 1640
888 1096 1641
329 1266 1642
671 746 1643
74 1353 1644
840 1112 1645
1648 1649 1646
903 1888 1647
506 1549 1648
1691 1697 1649
620 1507 1650
107 1681 1651
248 555 1652
1297 1823 1653
6 443 1654
34 519 1655
179 881 1656
1376 1393 1657
1121 1743 1658
335 1254 1659
792 1075 1660
262 1615 1661
1535 1693 1662
747 1142 1663
782 1646 1664
272 367 1665
1353 1526 1666
1053 1094 1667
623 875 1668
1203 1600 1669
911 1601 1670
809 1328 1671
278 879 1672
551 968 1673
1116 1312 1674
1513 1735 1675
47 1170 1676
275 942 1677
709 1807 1678
20 190 1679
1059 1519 1680
69 557 1681
846 889 1682
1596 1864 1683
323 446 1684
1156 1890 1685
178 883 1686
1304 1446 1687
311 837 1688
1382 1641 1689
1458 1571 1690
1161 1445 1691
187 814 1692
1425 1724 1693
352 1133 1694
202 1237 1695
46 712 1696
146 1329 1697
163 310 1698
277 511 1699
164 1876 1700
843 1870 1701
1529 1877 1702
1583 1830 1703
964 1481 1704
538 1798 1705
1211 1532 1706
256 1020 1707
920 1328 1708
1372 1425 1709
102 747 1710
682 784 1711
287 728 1712
494 1125 1713
323 889 1714
505 1666 1715
864 1370 1716
582 1762 1717
779 1157 1718
568 1254 1719
892 1848 1720
547 800 1721
996 1061 1722
1049 1538 1723
757 1551 1724
19 843 1725
107 860 1726
1441 1865 1727
79 1636 1728
397 399 1729
699 981 1730
1153 1423 1731
367 1686 1732
689 1806 1733
1630 1727 1734
438 1765 1735
770 1727 1736
812 1609 1737
1541 1797 1738
79 194 1739
1132 1322 1740
1169 1234 1741
361 1599 1742
376 1666 1743
258 512 1744
605 1112 1745
323 612 1746
711 1335 1747
6 904 1748
302 1778 1749
325 455 1750
495 1600 1751
884 960 1752
38 491 1753
122 1529 1754
959 1185 1755
1654 1836 1756
146 476 1757
4 703 1758
766 985 1759
1220 1455 1760
302 1244 1761
228 302 1762
404 749 1763
676 696 1764
796 1517 1765
908 1297 1766
1482 1596 1767
34 1257 1768
260 1262 1769
747 1478 1770
1057 1595 1771
191 1476 1772
749 1266 1773
1286 1555 1774
423 594 1775
609 938 1776
1121 1414 1777
244 528 1778
105 366 1779
366 1509 1780
822 1036 1781
551 935 1782
935 1132 1783
769 1521 1784
66 1704 1785
843 1218 1786
31 1883 1787
84 788 1788
168 1519 1789
152 1800 1790
261 1380 1791
1136 1439 1792
1475 1830 1793
92 1614 1794
843 1140 1795
477 956 1796
56 143 1797
538 1759 1798
1061 1661 1799
186 512 1800
1105 1567 1801
13 1138 1802
533 1521 1803
612 846 1804
927 1717 1805
157 311 1806
1339 1688 1807
1445 1555 1808
135 1883 1809
548 677 1810
385 1094 1811
1695 1696 1812
532 539 1813
1058 1467 1814
207 1471 1815
670 1748 1816
665 1654 1817
453 877 1818
1517 1780 1819
393 1082 1820
797 1089 1821
66 918 1822
506 1400 1823
1695 1809 1824
277 1317 1825
792 1347 1826
1121 1424 1827
7 257 1828
823 920 1829
1513 1859 1830
204 1837 1831
853 1285 1832
79 467 1833
398 800 1834
935 1140 1835
325 800 1836
39 184 1837
1080 1465 1838
1290 1418 1839
1375 1471 1840
1212 1658 1841
1217 1465 1842
940 956 1843
67 1178 1844
1343 1379 1845
131 775 1846
137 750 1847
414 1048 1848
713 1066 1849
195 1792 1850
876 1620 1851
242 1221 1852
291 1513 1853
766 853 1854
853 1097 1855
683 1315 1856
446 616 1857
800 1842 1858
238 871 1859
625 1112 1860
781 861 1861
1286 1445 1862
401 496 1863
777 1255 1864
282 1587 1865
1162 1541 1866
250 1032 1867
323 1557 1868
448 915 1869
843 1628 1870
871 1495 1871
661 1871 1872
15 360 1873
26 1011 1874
566 1490 1875
1340 1596 1876
741 1868 1877
943 1503 1878
864 1785 1879
231 1790 1880
1061 1768 1881
88 1187 1882
1111 1160 1883
1371 1403 1884
480 554 1885
79 231 1886
227 254 1887
451 1025 1888
773 829 1889
858 1435 1890
149 515 1891
1378 1383 1892
242 855 1893
106 171 1894
457 856 1895
356 483 1896
651 1292 1897
902 1402 1898
456 582 1899
1292 1583 1900
222 728 1901
271 1166 1902
1764 1868 1903
188 1295 1904
277 1621 1905
494 847 1906
239 316 1907
251 403 1908
805 1415 1909
1548 1549 1910
402 777 1911
1503 1599 1912
701 1174 1913
1675 1791 1914
128 999 1915
452 1117 1916
1160 1503 1917
1714 1731 1918
1410 1849 1919
1736 1746 1920
277 1145 1921
415 834 1922
187 816 1923
853 1305 1924
914 1727 1925
585 1774 1926
506 1614 1927
860 991 1928
881 1775 1929
950 1582 1930
495 1664 1931
731 1077 1932
861 1466 1933
1058 1823 1934
8 320 1935
1228 1719 1936
551 1225 1937
302 1510 1938
488 1541 1939
1017 1809 1940
247 1575 1941
358 765 1942
1549 1569 1943
1467 1664 1944
109 1183 1945
321 993 1946
321 499 1947
401 817 1948
256 513 1949
757 927 1950
862 1585 1951
599 1726 1952
744 1868 1953
864 1820 1954
1398 1500 1955
1783 1842 1956
538 1219 1957
638 1104 1958
320 1099 1959
1121 1564 1960
666 1660 1961
1280 1420 1962
218 804 1963
1154 1806 1964
326 1603 1965
427 893 1966
469 1197 1967
750 1236 1968
1183 1437 1969
430 958 1970
258 407 1971
635 784 1972
747 1382 1973
174 1379 1974
26 550 1975
1435 1471 1976
109 1555 1977
594 846 1978
1149 1573 1979
734 1273 1980
933 1064 1981
582 1288 1982
78 1525 1983
100 455 1984
589 1700 1985
961 1143 1986
1614 1635 1987
1465 1856 1988
1275 1706 1989
908 1847 1990
26 86 1991
166 395 1992
203 1788 1993
363 938 1994
626 1184 1995
1140 1529 1996
133 1468 1997
135 318 1998
1272 1746 1999
409 1266 2000
392 986 2001
399 1614 2002
862 1322 2003
1085 1715 2004
180 275 2005
482 1402 2006
678 1402 2007
855 1842 2008
1105 1469 2009
149 1033 2010
1665 1862 2011
682 1135 2012
716 1291 2013
1782 1822 2014
323 657 2015
381 1624 2016
99 1051 2017
476 1004 2018
638 1479 2019
1252 1402 2020
429 1021 2021
616 1116 2022
697 1203 2023
704 1757 2024
36 1825 2025
119 1721 2026
681 1788 2027
293 716 2028
911 1627 2029
366 1488 2030
1113 1729 2031
1357 1633 2032
22 881 2033
244 1882 2034
911 1548 2035
187 813 2036
1189 1806 2037
333 1121 2038
529 1121 2039
1617 1769 2040
269 1819 2041
515 1702 2042
311 792 2043
783 846 2044
1060 1072 2045
49 190 2046
1088 1760 2047
575 833 2048
580 657 2049
681 786 2050
902 905 2051
935 970 2052
17 275 2053
196 366 2054
723 1318 2055
583 681 2056
1203 1706 2057
83 912 2058
149 1131 2059
1181 1745 2060
190 1300 2061
723 974 2062
1402 1538 2063
1580 1650 2064
1326 1868 2065
1667 1868 2066
716 1190 2067
244 1829 2068
1347 1769 2069
834 1538 2070
225 1255 2071
66 780 2072
238 930 2073
1169 1297 2074
238 1358 2075
1428 1550 2076
582 1480 2077
687 689 2078
834 1020 2079
1471 1593 2080
303 1267 2081
649 1057 2082
1178 1862 2083
576 1700 2084
1159 1580 2085
1274 1696 2086
760 1600 2087
588 681 2088
708 1332 2089
1027 1400 2090
1621 1842 2091
238 1043 2092
608 786 2093
621 1137 2094
750 1722 2095
970 1555 2096
1600 1664 2097
233 1868 2098
25 1334 2099
323 1028 2100
1412 1508 2101
1421 1884 2102
281 1401 2103
923 1489 2104
1382 1499 2105
1788 1822 2106
363 912 2107
632 1051 2108
1060 1063 2109
149 1562 2110
398 938 2111
477 849 2112
692 1471 2113
1329 1629 2114
575 834 2115
681 1550 2116
520 704 2117
1085 1868 2118
1105 1436 2119
521 1051 2120
815 1094 2121
1095 1562 2122
304 1839 2123
1060 1681 2124
687 1342 2125
126 1334 2126
1614 1882 2127
1058 1275 2128
1223 1614 2129
866 1423 2130
681 1610 2131
403 1411 2132
1047 1408 2133
582 643 2134
592 1862 2135
848 1186 2136
1319 1423 2137
256 482 2138
302 1757 2139
687 1310 2140
1004 1778 2141
269 455 2142
650 1398 2143
1058 1664 2144
657 846 2145
1017 1696 2146
161 1396 2147
800 1629 2148
325 652 2149
573 1049 2150
713 1241 2151
849 1432 2152
1047 1819 2153
1452 1471 2154
115 923 2155
159 1310 2156
1188 1609 2157
1297 1350 2158
302 1421 2159
160 1844 2160
263 1697 2161
1428 1812 2162
815 1053 2163
947 1503 2164
207 1352 2165
747 947 2166
1085 1174 2167
1228 1586 2168
948 1228 2169
78 246 2170
834 1131 2171
351 1686 2172
747 1294 2173
687 769 2174
1186 1512 2175
493 1322 2176
713 1136 2177
539 1356 2178
851 1511 2179
1178 1282 2180
1499 1665 2181
713 935 2182
1284 1538 2183
1552 1847 2184
661 1608 2185
957 1400 2186
792 1240 2187
1727 1827 2188
801 975 2189
1329 1812 2190
1463 1819 2191
745 1609 2192
237 1842 2193
1400 1408 2194
738 1563 2195
1398 1847 2196
582 1433 2197
692 1352 2198
727 1356 2199
58 1580 2200
860 1614 2201
695 1329 2202
881 968 2203
26 1089 2204
113 1822 2205
1209 1614 2206
687 947 2207
1024 1828 2208
1131 1671 2209
559 1614 2210
1352 1496 2211
146 681 2212
708 1277 2213
972 1511 2214
704 1004 2215
1352 1435 2216
1247 1861 2217
1051 1138 2218
1131 1836 2219
1034 1111 2220
1178 1690 2221
1228 1499 2222
198 621 2223
713 1597 2224
1360 1423 2225
1058 1827 2226
649 919 2227
1001 1664 2228
1376 1511 2229
1058 1110 2230
672 1174 2231
482 1047 2232
1174 1619 2233
1704 1828 2234
1352 1672 2235
788 1799 2236
1609 1702 2237
150 482 2238
1837 1856 2239
1116 1474 2240
682 1472 2241
1196 1352 2242
569 1355 2243
1352 1404 2244
1365 1392 2245
918 1828 2246
646 1508 2247
1755 1813 2248
1105 1705 2249
661 663 2250
780 1828 2251
1121 1141 2252
535 1511 2253
681 1428 2254
244 1841 2255
784 792 2256
717 1129 2257
327 1352 2258
453 1508 2259
947 1300 2260
35 1587 2261
1032 1452 2262
302 520 2263
1334 1809 2264
1373 1699 2265
78 521 2266
244 549 2267
1152 1352 2268
244 640 2269
784 1367 2270
1034 1116 2271
635 1507 2272
1004 1884 2273
1822 1868 2274
849 940 2275
1259 1609 2276
687 1191 2277
718 1105 2278
1291 1799 2279
1508 1654 2280
667 1461 2281
687 1867 2282
1040 1352 2283
1297 1755 2284
687 1256 2285
746 1116 2286
1297 1392 2287
1477 1511 2288
325 1300 2289
1132 1828 2290
513 1862 2291
551 1047 2292
570 1039 2293
1087 1116 2294
1609 1868 2295
738 1876 2296
1529 1862 2297
747 1310 2298
1300 1425 2299
1352 1670 2300
1431 1463 2301
1674 1711 2302
1366 1400 2303
1232 1511 2304
815 954 2305
1799 1840 2306
920 1219 2307
1272 1787 2308
149 1828 2309
1039 1514 2310
1529 1608 2311
317 1075 2312
687 1320 2313
44 745 2314
1116 1868 2315
743 1608 2316
902 1413 2317
931 1116 2318
932 940 2319
594 1614 2320
736 1039 2321
821 860 2322
1340 1475 2323
718 1062 2324
644 1132 2325
444 1322 2326
923 1577 2327
1095 1114 2328
649 687 2329
923 1511 2330
1861 1879 2331
471 1039 2332
941 1862 2333
1664 1706 2334
993 1075 2335
853 1799 2336
1259 1470 2337
1116 1572 2338
954 1186 2339
832 947 2340
747 1300 2341
1255 1799 2342
1400 1451 2343
1352 1490 2344
1051 1745 2345
899 902 2346
1267 1300 2347
687 1300 2348
160 1580 2349
1356 1465 2350
1608 1685 2351
951 1862 2352
1475 1853 2353
923 1696 2354
1604 1608 2355
1250 1300 2356
815 1186 2357
1154 1300 2358
1499 1654 2359
687 808 2360
1060 1216 2361
1179 1822 2362
1259 1654 2363
716 1259 2364
900 1300 2365
611 1862 2366
1105 1114 2367
1334 1828 2368
1400 1643 2369
652 1490 2370
625 1075 2371
965 1614 2372
594 612 2373
1049 1862 2374
1392 1530 2375
626 1259 2376
1396 1847 2377
569 776 2378
687 1259 2379
1005 1862 2380
815 1875 2381
872 1300 2382
933 1508 2383
1276 1862 2384
1039 1141 2385
784 1103 2386
1296 1862 2387
681 695 2388
1329 1829 2389
902 1702 2390
569 1780 2391
837 1392 2392
1006 1828 2393
1058 1706 2394
716 1799 2395
1530 1755 2396
902 1049 2397
1392 1847 2398
1259 1382 2399
1538 1758 2400
1662 1828 2401
635 1484 2402
1543 1862 2403
592 1518 2404
635 1236 2405
687 738 2406
1095 1157 2407
738 1696 2408
909 1862 2409
1116 1641 2410
1608 1866 2411
1004 1757 2412
951 1518 2413
687 1322 2414
1518 1685 2415
831 1828 2416
575 1352 2417
924 1452 2418
1047 1133 2419
1095 1100 2420
948 1356 2421
1452 1459 2422
948 1039 2423
1116 1246 2424
1233 1400 2425
649 1300 2426
837 1755 2427
1300 1818 2428
1047 1609 2429
1105 1878 2430
619 1799 2431
626 792 2432
645 1862 2433
1259 1547 2434
1039 1586 2435
1296 1518 2436
1475 1547 2437
1392 1398 2438
1608 1878 2439
930 1039 2440
661 1095 2441
658 1755 2442
933 1799 2443
849 956 2444
862 1300 2445
1553 1580 2446
853 1047 2447
1105 1471 2448
611 1518 2449
687 1436 2450
1215 1475 2451
1254 1508 2452
1228 1828 2453
658 1392 2454
1005 1518 2455
1154 1352 2456
1039 1043 2457
1518 1802 2458
1758 1862 2459
1116 1503 2460
569 1868 2461
842 1828 2462
1398 1755 2463
738 1131 2464
747 1861 2465
1047 1837 2466
1116 1508 2467
1518 1758 2468
652 1452 2469
909 1518 2470
1049 1518 2471
1300 1436 2472
1400 1614 2473
1300 1322 2474
649 1259 2475
687 1499 2476
687 1799 2477
1538 1828 2478
1452 1828 2479
1580 1828 2480
747 1654 2481
1828 1868 2482
792 1822 2483
1352 1452 2484
747 1131 2485
1116 1862 2486
792 1300 2487
687 1508 2488
1131 1259 2489
792 1131 2490
1259 1300 2491
