384 411 1
630 1120 2
1120 1860 3
630 752 4
295 1268 5
308 636 6
1504 1860 7
522 630 8
395 752 9
308 1137 10
522 752 11
730 1054 12
1120 1504 13
395 630 14
198 1137 15
308 581 16
395 522 17
752 1860 18
334 636 19
752 1120 20
752 1504 21
308 1651 22
522 1504 23
395 1120 24
636 1651 25
176 730 26
522 1120 27
308 334 28
308 1540 29
630 1860 30
254 1540 31
198 581 32
630 1504 33
254 1137 34
397 1493 35
704 1757 36
752 1798 37
395 1504 38
334 1651 39
522 1798 40
522 1860 41
198 308 42
254 308 43
308 621 44
96 295 45
305 1540 46
305 1137 47
581 636 48
90 1369 49
395 1860 50
304 962 51
254 305 52
1504 1798 53
1798 1860 54
1120 1798 55
1528 1713 56
1128 1694 57
90 753 58
1632 1634 59
1639 1728 60
120 1389 61
395 1798 62
525 1422 63
989 1387 64
507 1761 65
81 955 66
356 806 67
574 1108 68
425 435 69
817 1073 70
435 1639 71
497 1054 72
308 1067 73
995 1102 74
628 1611 75
1108 1713 76
437 1566 77
198 1651 78
218 804 79
436 1261 80
300 525 81
342 637 82
254 636 83
577 1027 84
1108 1528 85
1602 1778 86
1515 1659 87
1088 1761 88
183 1349 89
432 1198 90
435 1337 91
48 368 92
142 308 93
267 1678 94
630 1798 95
198 621 96
475 937 97
1409 1611 98
80 1027 99
636 1067 100
305 308 101
1713 1889 102
198 1540 103
227 254 104
45 1056 105
258 512 106
304 637 107
1073 1735 108
218 1493 109
926 1377 110
1078 1803 111
1652 1753 112
60 628 113
258 816 114
302 1778 115
507 1008 116
397 804 117
198 254 118
763 987 119
484 1422 120
1639 1833 121
288 1137 122
61 300 123
581 1651 124
765 987 125
778 1027 126
508 1492 127
151 1137 128
507 1088 129
302 1757 130
621 1137 131
252 411 132
990 1776 133
723 1573 134
518 1725 135
435 1728 136
1038 1728 137
140 895 138
255 565 139
311 827 140
142 636 141
1038 1337 142
1027 1148 143
1283 1753 144
1343 1713 145
739 804 146
949 1289 147
958 1027 148
1108 1889 149
435 1833 150
345 1128 151
574 1713 152
48 1396 153
637 1205 154
763 765 155
519 1311 156
520 704 157
1493 1749 158
724 1863 159
150 1027 160
993 1075 161
1231 1528 162
342 962 163
915 1573 164
251 811 165
304 342 166
342 864 167
929 1108 168
425 1639 169
165 715 170
436 686 171
950 1582 172
456 982 173
502 662 174
132 827 175
142 1651 176
171 1187 177
334 581 178
178 1180 179
302 1421 180
1525 1776 181
208 1023 182
804 1707 183
799 952 184
1027 1837 185
1106 1332 186
1612 1713 187
129 1753 188
60 1611 189
334 1067 190
1102 1832 191
198 305 192
258 1453 193
347 576 194
723 974 195
810 1108 196
1713 1761 197
61 135 198
248 555 199
571 763 200
45 290 201
425 1337 202
304 830 203
810 1088 204
1060 1063 205
268 682 206
399 804 207
1137 1388 208
1337 1639 209
135 1073 210
571 765 211
585 906 212
888 962 213
89 971 214
302 1004 215
356 483 216
448 1573 217
620 1074 218
458 1027 219
321 840 220
723 1073 221
1385 1713 222
368 1776 223
484 892 224
830 1652 225
60 729 226
60 1353 227
216 400 228
258 1709 229
437 1239 230
1088 1108 231
170 219 232
723 1795 233
76 1369 234
907 1253 235
1088 1713 236
497 1457 237
1027 1769 238
654 1713 239
754 1253 240
1027 1227 241
325 1020 242
1421 1884 243
679 1108 244
729 1353 245
679 1088 246
1493 1707 247
142 334 248
189 258 249
810 1761 250
258 407 251
1027 1683 252
602 1386 253
700 806 254
497 1092 255
811 830 256
436 656 257
660 1391 258
867 1027 259
390 1622 260
555 1391 261
132 1655 262
830 962 263
973 1653 264
314 1443 265
1185 1311 266
333 720 267
497 730 268
1060 1216 269
1168 1661 270
1364 1659 271
40 1753 272
318 1795 273
996 1834 274
1231 1713 275
424 541 276
174 989 277
757 1723 278
803 1776 279
475 1075 280
342 830 281
348 895 282
456 582 283
1230 1713 284
1573 1795 285
1277 1332 286
560 1027 287
800 819 288
258 510 289
830 864 290
53 54 291
498 1070 292
628 1353 293
928 1713 294
962 1205 295
1027 1157 296
68 830 297
6 495 298
1088 1343 299
302 1510 300
349 1542 301
576 1590 302
763 882 303
149 428 304
637 962 305
830 1205 306
45 1183 307
425 1038 308
1513 1735 309
448 915 310
174 1379 311
12 1753 312
1027 1866 313
911 1027 314
1027 1285 315
1205 1753 316
1456 1811 317
25 967 318
996 1168 319
585 620 320
819 1020 321
368 1234 322
708 1332 323
227 308 324
183 1444 325
998 1180 326
149 1027 327
799 1397 328
804 1493 329
846 1027 330
860 1027 331
1018 1712 332
641 1883 333
1027 1209 334
170 421 335
397 1707 336
754 907 337
973 1669 338
294 1121 339
1108 1230 340
121 561 341
620 894 342
732 1723 343
345 1752 344
333 1121 345
739 1493 346
17 275 347
571 987 348
1162 1541 349
628 729 350
284 1570 351
228 302 352
368 1396 353
978 1417 354
1088 1528 355
87 311 356
637 864 357
304 1652 358
40 129 359
25 529 360
180 275 361
980 1337 362
1682 1723 363
76 90 364
735 1330 365
341 1027 366
110 268 367
765 1535 368
962 1652 369
145 1753 370
321 1112 371
330 1574 372
419 1135 373
804 1749 374
917 1298 375
1669 1858 376
359 1713 377
217 804 378
767 1416 379
682 1135 380
234 799 381
302 520 382
1351 1473 383
260 1234 384
178 883 385
311 1655 386
664 720 387
946 1027 388
274 1815 389
660 1115 390
1234 1396 391
1108 1343 392
1661 1834 393
704 1004 394
968 1027 395
1269 1354 396
481 1101 397
1004 1884 398
779 1027 399
969 1027 400
5 1534 401
321 993 402
1088 1760 403
409 1164 404
368 1552 405
388 1341 406
1534 1622 407
105 1581 408
397 1749 409
1027 1485 410
171 1323 411
376 505 412
576 1081 413
1108 1231 414
1027 1753 415
290 1056 416
325 1027 417
176 497 418
440 1546 419
560 1562 420
464 1678 421
354 464 422
342 1753 423
151 305 424
149 1753 425
1027 1292 426
729 1855 427
768 1753 428
151 1388 429
417 449 430
1668 1771 431
217 1707 432
568 1416 433
869 1713 434
1115 1391 435
1578 1682 436
1445 1555 437
440 1519 438
820 827 439
1723 1857 440
132 311 441
507 1108 442
171 468 443
1027 1047 444
1052 1782 445
342 1652 446
1161 1555 447
354 1678 448
996 1061 449
10 1406 450
114 985 451
419 682 452
1027 1562 453
1485 1753 454
104 1653 455
171 807 456
311 1155 457
325 1804 458
528 1027 459
1027 1549 460
213 396 461
980 1728 462
739 1707 463
599 1726 464
654 1108 465
679 810 466
723 1883 467
1374 1598 468
343 1713 469
836 1713 470
217 1493 471
302 1244 472
475 1173 473
578 1406 474
638 1726 475
1174 1619 476
507 810 477
483 1349 478
368 1494 479
52 498 480
288 308 481
52 1070 482
841 1384 483
280 685 484
439 1027 485
892 1713 486
1109 1723 487
491 798 488
567 1332 489
765 882 490
585 1466 491
317 349 492
574 1230 493
1341 1354 494
1661 1708 495
87 199 496
892 1848 497
106 1384 498
768 888 499
893 1447 500
877 1723 501
25 1334 502
620 1744 503
488 1541 504
714 888 505
733 1301 506
840 1112 507
5 1668 508
274 1447 509
766 1027 510
624 1723 511
1223 1723 512
57 475 513
118 1753 514
321 499 515
114 1775 516
582 1288 517
119 1027 518
1147 1588 519
1437 1555 520
893 1052 521
1306 1529 522
1004 1757 523
1183 1570 524
1624 1842 525
311 1298 526
284 1183 527
670 1748 528
46 1741 529
304 1753 530
383 826 531
1027 1662 532
1456 1852 533
16 614 534
275 942 535
620 1466 536
421 458 537
673 693 538
1776 1817 539
1861 1879 540
57 541 541
876 1620 542
278 311 543
399 1749 544
500 629 545
678 1402 546
48 1776 547
1396 1640 548
637 830 549
558 1187 550
620 913 551
739 1749 552
1019 1394 553
304 1839 554
356 503 555
359 1612 556
475 1822 557
864 962 558
112 952 559
321 835 560
325 1240 561
376 1264 562
1286 1555 563
742 1198 564
827 1655 565
105 366 566
1551 1723 567
48 260 568
166 395 569
768 1096 570
864 1753 571
1027 1729 572
435 980 573
584 958 574
39 1102 575
386 1245 576
505 1264 577
1285 1776 578
585 913 579
714 1624 580
625 1075 581
1027 1862 582
864 1820 583
1121 1424 584
357 1858 585
1395 1753 586
893 1351 587
607 1801 588
260 1494 589
192 1776 590
389 1027 591
475 1472 592
753 1369 593
1441 1865 594
519 680 595
582 643 596
617 1168 597
1027 1133 598
819 1382 599
654 1230 600
675 1427 601
714 1753 602
1500 1640 603
135 318 604
585 648 605
1121 1564 606
1264 1666 607
139 662 608
399 1707 609
982 1480 610
275 1874 611
430 584 612
49 190 613
206 338 614
756 917 615
914 1727 616
171 364 617
1014 1647 618
351 1753 619
39 275 620
654 1761 621
427 893 622
1624 1753 623
28 613 624
1277 1589 625
1079 1182 626
274 893 627
63 1167 628
888 1096 629
72 275 630
106 159 631
311 1705 632
1378 1383 633
425 980 634
810 1213 635
214 475 636
325 455 637
476 1329 638
1060 1072 639
781 1210 640
1446 1713 641
1645 1723 642
139 502 643
311 1601 644
910 1027 645
145 618 646
186 512 647
560 1344 648
34 519 649
318 1573 650
162 819 651
403 428 652
311 1567 653
985 1483 654
1058 1600 655
1121 1743 656
77 1027 657
87 94 658
59 560 659
48 1552 660
408 1079 661
199 1155 662
311 881 663
1027 1226 664
311 917 665
205 1701 666
358 765 667
325 381 668
864 1205 669
797 1027 670
222 728 671
568 1429 672
179 311 673
382 1529 674
214 1624 675
208 1753 676
976 1242 677
46 712 678
92 1027 679
616 1116 680
388 1354 681
43 314 682
275 1832 683
576 1700 684
864 1027 685
166 1824 686
881 1775 687
723 1318 688
1093 1101 689
145 1283 690
90 127 691
757 1578 692
1027 1255 693
473 589 694
87 1155 695
854 1779 696
1229 1417 697
46 602 698
560 1278 699
647 1753 700
475 1419 701
149 1819 702
642 1026 703
1234 1552 704
403 1027 705
593 975 706
1064 1598 707
409 1266 708
825 1449 709
1245 1325 710
1147 1314 711
296 325 712
494 1249 713
805 1415 714
1596 1723 715
46 1453 716
366 1509 717
555 1874 718
1247 1861 719
107 1063 720
1026 1807 721
6 893 722
1396 1552 723
617 1834 724
906 1529 725
83 912 726
121 698 727
495 1600 728
35 485 729
267 464 730
1064 1102 731
31 1883 732
680 1185 733
1121 1414 734
495 1664 735
1337 1833 736
962 1753 737
338 1713 738
376 1666 739
557 1253 740
1541 1797 741
106 721 742
843 1408 743
1195 1584 744
1782 1822 745
284 843 746
260 1396 747
864 1370 748
1275 1600 749
440 1126 750
1027 1338 751
6 638 752
888 1753 753
983 1207 754
1185 1495 755
653 1723 756
476 1812 757
203 767 758
714 768 759
1513 1859 760
1389 1390 761
468 764 762
791 1752 763
297 1747 764
415 834 765
557 669 766
311 756 767
756 1155 768
6 1782 769
1458 1571 770
368 1271 771
267 354 772
1122 1333 773
1498 1640 774
316 368 775
608 1412 776
1163 1881 777
1010 1713 778
996 1708 779
89 1362 780
311 779 781
517 1016 782
136 735 783
897 1408 784
929 1713 785
203 1312 786
280 1734 787
1015 1173 788
59 1027 789
900 1027 790
1027 1132 791
529 1121 792
674 1243 793
311 603 794
37 167 795
830 1753 796
1325 1682 797
1578 1723 798
287 728 799
985 1775 800
1212 1658 801
1075 1112 802
87 756 803
214 244 804
485 813 805
674 1065 806
807 1676 807
844 882 808
1299 1354 809
1155 1298 810
468 533 811
726 1302 812
1004 1778 813
597 992 814
1626 1713 815
57 1624 816
275 487 817
1111 1456 818
690 1109 819
959 1185 820
147 749 821
750 1135 822
546 798 823
560 1700 824
165 494 825
106 841 826
613 963 827
1253 1506 828
203 1718 829
669 1277 830
455 1809 831
217 739 832
531 1323 833
113 1822 834
94 199 835
325 678 836
539 1356 837
631 1449 838
1156 1821 839
64 628 840
1304 1446 841
351 647 842
819 1819 843
373 1474 844
196 366 845
620 648 846
6 1052 847
246 1346 848
428 1027 849
1529 1753 850
125 1513 851
700 1789 852
380 978 853
1140 1529 854
604 1624 855
620 1263 856
1511 1805 857
648 1529 858
46 1733 859
1465 1881 860
298 668 861
323 423 862
1121 1141 863
1466 1529 864
109 1555 865
366 1488 866
22 881 867
267 1805 868
1027 1076 869
158 560 870
1438 1708 871
732 1109 872
682 1613 873
1126 1546 874
1303 1770 875
500 1885 876
1316 1826 877
422 1546 878
1199 1546 879
628 1409 880
1185 1742 881
79 231 882
171 665 883
59 898 884
843 1570 885
260 1640 886
1753 1850 887
1191 1788 888
272 367 889
307 761 890
403 1411 891
94 756 892
937 1173 893
967 1592 894
1348 1750 895
781 861 896
119 1805 897
695 1027 898
625 1112 899
135 1883 900
48 908 901
1707 1749 902
48 1494 903
638 1104 904
1027 1472 905
492 1832 906
584 946 907
14 311 908
47 1170 909
470 1208 910
865 1243 911
1324 1498 912
457 856 913
342 1205 914
442 483 915
19 843 916
529 1592 917
48 316 918
617 1061 919
3 957 920
486 1624 921
260 1552 922
871 1495 923
1149 1573 924
277 1317 925
765 988 926
654 1889 927
906 1466 928
1178 1282 929
766 1776 930
245 898 931
992 1653 932
1183 1555 933
539 944 934
62 149 935
159 807 936
56 143 937
67 1178 938
538 1759 939
199 756 940
708 1277 941
1205 1652 942
494 847 943
600 1766 944
83 1844 945
187 816 946
48 1398 947
1207 1524 948
173 1529 949
248 524 950
428 772 951
325 833 952
604 1773 953
560 850 954
46 740 955
432 994 956
1234 1491 957
399 739 958
1156 1890 959
1353 1526 960
1012 1832 961
133 1468 962
367 528 963
557 1041 964
1245 1337 965
73 313 966
725 1316 967
179 881 968
304 864 969
1260 1726 970
953 1720 971
68 811 972
637 1753 973
690 1723 974
761 1027 975
12 129 976
171 586 977
240 1027 978
585 1774 979
323 580 980
638 1479 981
44 716 982
75 1185 983
997 1723 984
39 184 985
149 1472 986
1669 1739 987
80 560 988
747 1521 989
1770 1843 990
199 311 991
48 1640 992
242 1842 993
898 1027 994
582 1762 995
785 1306 996
62 214 997
585 1635 998
1027 1819 999
1192 1718 1000
1560 1640 1001
57 1805 1002
464 1710 1003
683 1315 1004
947 1027 1005
248 557 1006
368 1640 1007
864 1652 1008
893 1788 1009
146 302 1010
395 885 1011
199 917 1012
331 767 1013
528 1147 1014
1139 1766 1015
239 311 1016
556 1068 1017
672 1174 1018
1131 1573 1019
1238 1425 1020
551 819 1021
64 1064 1022
68 648 1023
423 657 1024
648 1027 1025
386 1309 1026
430 958 1027
1788 1822 1028
203 1192 1029
428 1529 1030
325 1463 1031
401 817 1032
620 906 1033
185 1112 1034
372 1312 1035
538 1798 1036
988 1816 1037
706 749 1038
119 482 1039
1027 1868 1040
560 589 1041
184 527 1042
1266 1777 1043
1465 1856 1044
526 1175 1045
1408 1846 1046
94 1298 1047
231 1790 1048
857 1776 1049
1529 1877 1050
73 701 1051
1056 1555 1052
893 1822 1053
843 916 1054
1442 1599 1055
59 1562 1056
756 1298 1057
880 1624 1058
1448 1669 1059
1594 1777 1060
477 1624 1061
560 655 1062
1056 1183 1063
1252 1402 1064
354 1805 1065
149 1058 1066
368 908 1067
397 399 1068
1491 1552 1069
35 1587 1070
236 325 1071
891 1618 1072
1027 1297 1073
1027 1400 1074
331 568 1075
557 708 1076
946 966 1077
757 1682 1078
629 854 1079
251 403 1080
754 1506 1081
1234 1398 1082
1579 1814 1083
513 1695 1084
819 1576 1085
163 310 1086
863 1635 1087
362 1796 1088
1061 1661 1089
492 1177 1090
1325 1405 1091
32 1589 1092
48 1234 1093
1013 1307 1094
122 1529 1095
1396 1494 1096
107 1681 1097
460 1333 1098
491 1279 1099
325 1152 1100
92 898 1101
618 1283 1102
1030 1460 1103
203 716 1104
403 830 1105
770 1727 1106
59 1624 1107
642 1796 1108
751 1777 1109
1408 1555 1110
109 1183 1111
148 1845 1112
311 1560 1113
187 813 1114
464 1805 1115
842 1624 1116
459 620 1117
518 911 1118
873 1185 1119
637 1652 1120
727 1356 1121
134 363 1122
1325 1723 1123
33 1587 1124
1058 1467 1125
689 1806 1126
186 814 1127
428 1624 1128
892 1343 1129
311 1469 1130
535 1324 1131
843 897 1132
1374 1876 1133
552 1022 1134
1723 1864 1135
158 398 1136
242 560 1137
1161 1408 1138
1535 1693 1139
214 428 1140
500 1779 1141
538 1692 1142
669 708 1143
557 1474 1144
25 1494 1145
482 1402 1146
560 855 1147
468 747 1148
51 270 1149
1027 1625 1150
174 1387 1151
509 838 1152
843 1846 1153
74 1353 1154
260 316 1155
149 1297 1156
68 585 1157
291 1513 1158
1179 1822 1159
1519 1546 1160
130 988 1161
238 871 1162
429 1021 1163
749 1266 1164
59 1278 1165
291 1202 1166
1663 1810 1167
197 1883 1168
161 1234 1169
1356 1465 1170
1408 1484 1171
171 1521 1172
908 1552 1173
319 329 1174
6 443 1175
761 1235 1176
861 1466 1177
1297 1494 1178
912 1003 1179
38 1279 1180
311 837 1181
298 572 1182
323 1028 1183
401 496 1184
240 449 1185
59 92 1186
232 1361 1187
355 1624 1188
887 1616 1189
1119 1533 1190
1367 1788 1191
149 1434 1192
193 1591 1193
494 1125 1194
532 539 1195
896 1762 1196
92 1805 1197
79 1636 1198
106 722 1199
137 213 1200
1027 1555 1201
73 1061 1202
475 486 1203
325 1499 1204
834 1020 1205
1111 1116 1206
323 1557 1207
3 27 1208
402 777 1209
92 585 1210
159 1599 1211
1635 1729 1212
433 538 1213
853 857 1214
203 1191 1215
528 1529 1216
635 843 1217
1217 1465 1218
149 1131 1219
1003 1336 1220
413 979 1221
1614 1749 1222
501 1679 1223
277 511 1224
893 1191 1225
119 1567 1226
311 1285 1227
768 1283 1228
843 1218 1229
69 674 1230
410 1607 1231
843 1642 1232
843 1681 1233
119 354 1234
582 1433 1235
1271 1396 1236
136 354 1237
22 311 1238
1562 1788 1239
853 1027 1240
801 1027 1241
1334 1809 1242
311 1344 1243
485 1176 1244
157 311 1245
235 1112 1246
715 1125 1247
1176 1624 1248
1240 1246 1249
213 1236 1250
244 528 1251
1491 1640 1252
37 64 1253
269 1819 1254
8 1660 1255
214 403 1256
325 1695 1257
64 763 1258
1116 1192 1259
311 792 1260
319 1777 1261
325 800 1262
186 489 1263
575 834 1264
591 1222 1265
260 908 1266
590 1838 1267
1027 1033 1268
1027 1491 1269
238 1358 1270
351 1686 1271
1727 1827 1272
110 682 1273
1074 1466 1274
898 1357 1275
800 1842 1276
1083 1556 1277
44 1191 1278
388 1269 1279
1408 1642 1280
46 153 1281
648 1466 1282
681 1027 1283
278 879 1284
557 1506 1285
970 1555 1286
1096 1614 1287
240 830 1288
1061 1768 1289
147 751 1290
615 1624 1291
423 446 1292
1017 1809 1293
1220 1455 1294
671 746 1295
171 1382 1296
888 911 1297
34 517 1298
147 1777 1299
838 1265 1300
604 1071 1301
898 1697 1302
1027 1329 1303
557 1472 1304
1183 1408 1305
749 1594 1306
38 491 1307
768 911 1308
6 1822 1309
158 1842 1310
574 1626 1311
261 1380 1312
908 1640 1313
791 1520 1314
346 1605 1315
245 560 1316
908 1494 1317
242 898 1318
147 329 1319
323 446 1320
864 1785 1321
1491 1498 1322
214 494 1323
689 1670 1324
749 751 1325
79 194 1326
106 171 1327
80 681 1328
237 1842 1329
666 1660 1330
1047 1837 1331
277 1621 1332
455 551 1333
1382 1641 1334
675 802 1335
1297 1823 1336
1694 1752 1337
455 819 1338
911 1601 1339
801 1730 1340
223 1071 1341
1610 1812 1342
399 1614 1343
180 523 1344
203 1030 1345
1393 1426 1346
605 1112 1347
74 628 1348
1678 1805 1349
801 975 1350
361 1599 1351
1130 1568 1352
98 1037 1353
444 1572 1354
55 1472 1355
543 1394 1356
476 1004 1357
92 863 1358
582 1480 1359
381 517 1360
1507 1624 1361
354 1677 1362
751 1266 1363
505 1666 1364
843 1183 1365
1111 1718 1366
567 708 1367
688 1360 1368
560 898 1369
245 428 1370
893 1112 1371
420 1723 1372
455 1402 1373
681 1562 1374
1203 1600 1375
843 1628 1376
277 1145 1377
44 106 1378
721 722 1379
493 868 1380
903 1888 1381
898 1625 1382
682 750 1383
1178 1690 1384
78 939 1385
1714 1731 1386
265 610 1387
323 612 1388
560 1633 1389
719 1723 1390
691 1529 1391
862 1322 1392
898 1691 1393
6 904 1394
423 594 1395
612 846 1396
106 175 1397
158 898 1398
1122 1524 1399
898 1754 1400
203 1460 1401
92 214 1402
311 1158 1403
534 1689 1404
317 1075 1405
631 1382 1406
119 1024 1407
214 769 1408
614 1567 1409
379 807 1410
26 137 1411
628 747 1412
604 1334 1413
1161 1286 1414
260 1262 1415
203 1693 1416
911 1725 1417
101 1808 1418
107 860 1419
623 875 1420
476 588 1421
714 1096 1422
716 1436 1423
948 1356 1424
1211 1532 1425
20 190 1426
149 1033 1427
68 1529 1428
372 1050 1429
311 710 1430
278 1472 1431
224 277 1432
589 1700 1433
665 1279 1434
368 1398 1435
620 1786 1436
556 1304 1437
460 1524 1438
615 1174 1439
789 939 1440
214 772 1441
260 1271 1442
59 1697 1443
329 706 1444
7 257 1445
30 1374 1446
39 1202 1447
149 1562 1448
259 749 1449
215 766 1450
701 1174 1451
1189 1806 1452
137 797 1453
1191 1224 1454
1292 1297 1455
455 834 1456
681 1329 1457
1027 1830 1458
482 860 1459
762 1363 1460
190 1300 1461
783 846 1462
1344 1700 1463
247 1575 1464
92 755 1465
137 750 1466
238 930 1467
639 1068 1468
1614 1707 1469
44 1192 1470
79 467 1471
167 301 1472
628 1430 1473
1042 1083 1474
78 1525 1475
445 1680 1476
1410 1849 1477
1285 1491 1478
1300 1436 1479
325 1538 1480
476 1610 1481
877 1551 1482
1339 1688 1483
560 1314 1484
628 1526 1485
792 1347 1486
1058 1827 1487
186 407 1488
1396 1491 1489
270 792 1490
620 1507 1491
281 1401 1492
203 1788 1493
878 1723 1494
211 634 1495
516 1144 1496
579 1554 1497
92 1113 1498
560 577 1499
898 1703 1500
88 1187 1501
601 1281 1502
846 889 1503
48 1491 1504
403 1302 1505
78 246 1506
186 1453 1507
325 1095 1508
1343 1379 1509
1600 1664 1510
94 1133 1511
363 912 1512
403 1624 1513
475 792 1514
323 846 1515
1400 1408 1516
855 1842 1517
535 1511 1518
323 616 1519
690 1857 1520
149 515 1521
1116 1718 1522
767 1116 1523
1069 1070 1524
1085 1174 1525
428 938 1526
750 1722 1527
1200 1777 1528
1472 1727 1529
260 1398 1530
367 1686 1531
186 1793 1532
590 1684 1533
1113 1729 1534
388 853 1535
9 1516 1536
591 1107 1537
651 1150 1538
1779 1872 1539
159 1142 1540
946 1624 1541
168 1519 1542
259 1777 1543
560 794 1544
970 1183 1545
463 983 1546
874 1090 1547
990 1525 1548
199 1071 1549
119 1721 1550
1368 1472 1551
473 1700 1552
1060 1681 1553
238 1043 1554
633 1442 1555
682 1472 1556
542 1450 1557
323 657 1558
119 1705 1559
709 1807 1560
1467 1600 1561
48 1271 1562
784 1624 1563
269 455 1564
309 945 1565
316 1552 1566
214 714 1567
360 1338 1568
119 1469 1569
226 1640 1570
843 1103 1571
1695 1809 1572
560 1625 1573
438 1765 1574
64 241 1575
323 889 1576
1736 1746 1577
44 745 1578
149 792 1579
616 846 1580
884 960 1581
1034 1116 1582
1059 1519 1583
1630 1727 1584
1140 1408 1585
319 749 1586
391 1656 1587
608 979 1588
1440 1624 1589
92 1729 1590
858 1435 1591
874 1732 1592
758 1486 1593
853 1837 1594
1080 1465 1595
162 1842 1596
1493 1614 1597
217 1614 1598
921 1202 1599
116 772 1600
1360 1423 1601
453 877 1602
244 640 1603
1297 1392 1604
1630 1886 1605
59 80 1606
444 1322 1607
1029 1124 1608
599 1224 1609
1538 1809 1610
350 1810 1611
191 1476 1612
474 736 1613
749 1399 1614
716 947 1615
860 1614 1616
282 1587 1617
1027 1608 1618
649 1057 1619
393 1082 1620
588 1812 1621
771 1327 1622
100 455 1623
329 751 1624
591 1767 1625
231 1477 1626
352 1133 1627
540 1091 1628
155 1501 1629
747 1300 1630
1272 1787 1631
159 221 1632
203 1584 1633
59 576 1634
476 681 1635
226 1255 1636
739 1614 1637
62 428 1638
1103 1408 1639
1371 1403 1640
283 370 1641
749 1200 1642
102 159 1643
106 747 1644
162 398 1645
777 793 1646
843 1140 1647
1396 1398 1648
312 365 1649
1176 1587 1650
1183 1437 1651
766 1491 1652
214 277 1653
1042 1556 1654
1382 1654 1655
15 360 1656
50 428 1657
159 335 1658
1691 1697 1659
583 681 1660
131 775 1661
692 1471 1662
1614 1635 1663
740 1386 1664
1300 1322 1665
226 1491 1666
747 1142 1667
186 490 1668
323 594 1669
187 814 1670
214 1027 1671
800 1629 1672
1398 1640 1673
6 681 1674
1321 1851 1675
711 1335 1676
6 486 1677
1178 1334 1678
159 1310 1679
665 788 1680
1216 1439 1681
706 751 1682
792 1624 1683
186 1474 1684
1116 1641 1685
1621 1842 1686
15 1235 1687
1191 1367 1688
130 1816 1689
560 1624 1690
1319 1580 1691
712 1386 1692
747 1520 1693
482 1047 1694
309 792 1695
332 1119 1696
834 1131 1697
1047 1408 1698
360 761 1699
568 1254 1700
927 1551 1701
188 1295 1702
1449 1545 1703
159 1478 1704
538 1219 1705
1321 1794 1706
11 838 1707
382 1686 1708
214 1365 1709
1031 1562 1710
862 868 1711
1118 1754 1712
648 1756 1713
381 1624 1714
587 1673 1715
1428 1550 1716
335 1030 1717
1058 1664 1718
651 1292 1719
311 1625 1720
594 846 1721
526 1293 1722
225 1255 1723
557 1084 1724
403 1278 1725
560 786 1726
599 1623 1727
78 886 1728
675 702 1729
769 1837 1730
1161 1445 1731
62 1801 1732
239 316 1733
990 1817 1734
1047 1819 1735
486 1382 1736
804 1614 1737
1169 1297 1738
446 616 1739
837 1842 1740
387 627 1741
406 1194 1742
1518 1529 1743
175 1873 1744
293 716 1745
455 1665 1746
792 1822 1747
1134 1576 1748
635 1408 1749
1428 1812 1750
1319 1553 1751
69 557 1752
149 1828 1753
111 1189 1754
717 1129 1755
398 800 1756
819 1131 1757
766 985 1758
757 1551 1759
329 1594 1760
493 1322 1761
26 792 1762
43 1740 1763
747 1342 1764
1783 1842 1765
898 1729 1766
902 1402 1767
203 1178 1768
242 1221 1769
560 1697 1770
1158 1285 1771
79 615 1772
335 1116 1773
1491 1500 1774
560 818 1775
329 1266 1776
681 786 1777
1189 1670 1778
1376 1393 1779
547 800 1780
1357 1633 1781
677 1817 1782
912 1844 1783
1312 1502 1784
106 325 1785
659 1381 1786
1153 1423 1787
316 1297 1788
725 1826 1789
857 1817 1790
1151 1816 1791
843 1870 1792
1027 1799 1793
592 1334 1794
1372 1425 1795
152 1800 1796
557 828 1797
862 1313 1798
439 774 1799
877 997 1800
92 409 1801
898 1002 1802
259 329 1803
746 1116 1804
773 829 1805
1271 1297 1806
784 1472 1807
716 1190 1808
147 842 1809
1131 1382 1810
1625 1697 1811
480 554 1812
144 1462 1813
1250 1300 1814
716 1291 1815
866 1423 1816
256 513 1817
59 1625 1818
792 1027 1819
150 482 1820
822 1036 1821
1398 1491 1822
1398 1552 1823
84 1119 1824
244 1841 1825
271 1166 1826
908 1297 1827
1522 1531 1828
316 1398 1829
1131 1671 1830
1472 1529 1831
769 1521 1832
263 1697 1833
70 201 1834
244 549 1835
311 1392 1836
1098 1417 1837
911 1549 1838
226 681 1839
226 1329 1840
957 1400 1841
1085 1715 1842
259 842 1843
335 1111 1844
1116 1474 1845
1640 1837 1846
747 1478 1847
792 859 1848
34 1257 1849
1297 1398 1850
1529 1608 1851
1423 1539 1852
788 1119 1853
551 1225 1854
933 1064 1855
1123 1193 1856
1425 1724 1857
477 956 1858
594 612 1859
842 1777 1860
1201 1507 1861
787 1171 1862
1000 1773 1863
64 1382 1864
237 1278 1865
6 64 1866
687 769 1867
687 1191 1868
1255 1491 1869
232 441 1870
279 1046 1871
747 1861 1872
354 1511 1873
1329 1550 1874
44 1584 1875
200 1035 1876
580 657 1877
149 681 1878
734 1273 1879
657 846 1880
681 1788 1881
1286 1445 1882
1375 1665 1883
320 1099 1884
493 1313 1885
1116 1312 1886
43 1308 1887
66 918 1888
1297 1847 1889
1272 1746 1890
1278 1305 1891
706 1777 1892
1223 1614 1893
203 1831 1894
256 1020 1895
244 1882 1896
256 482 1897
94 853 1898
126 1334 1899
477 849 1900
548 853 1901
677 1133 1902
1111 1160 1903
320 428 1904
1292 1583 1905
1275 1664 1906
977 1472 1907
161 1396 1908
59 850 1909
862 1300 1910
665 1654 1911
1285 1837 1912
797 1089 1913
1329 1562 1914
363 938 1915
1057 1595 1916
1600 1706 1917
930 1039 1918
1297 1350 1919
900 1300 1920
681 1550 1921
59 1621 1922
782 1646 1923
1058 1706 1924
1058 1823 1925
1382 1608 1926
21 1763 1927
59 655 1928
911 1569 1929
681 1428 1930
1209 1614 1931
1039 1141 1932
1228 1719 1933
263 898 1934
1648 1649 1935
750 1236 1936
504 1781 1937
777 1255 1938
173 1657 1939
908 1398 1940
59 794 1941
556 1172 1942
17 705 1943
262 1615 1944
757 927 1945
888 1614 1946
533 1521 1947
1053 1094 1948
1329 1812 1949
48 713 1950
325 1300 1951
939 1007 1952
1400 1451 1953
1169 1234 1954
242 855 1955
747 1831 1956
405 1350 1957
1614 1882 1958
325 652 1959
747 1294 1960
766 853 1961
162 938 1962
250 1032 1963
676 696 1964
203 1160 1965
872 1300 1966
146 476 1967
792 1075 1968
687 716 1969
797 1617 1970
911 1548 1971
1334 1828 1972
117 1379 1973
677 853 1974
1837 1856 1975
1275 1467 1976
681 1610 1977
8 320 1978
1233 1400 1979
128 999 1980
1482 1596 1981
146 1329 1982
404 749 1983
207 1471 1984
1105 1469 1985
747 1310 1986
92 1614 1987
834 1538 1988
1300 1818 1989
78 853 1990
353 1219 1991
575 833 1992
66 1704 1993
339 564 1994
853 1319 1995
1116 1572 1996
1435 1471 1997
681 1255 1998
1034 1111 1999
608 786 2000
731 1077 2001
482 991 2002
551 1047 2003
1280 1420 2004
1552 1847 2005
64 1876 2006
714 1614 2007
1375 1561 2008
156 1033 2009
588 681 2010
911 1627 2011
4 703 2012
592 1516 2013
687 1310 2014
747 1382 2015
908 1847 2016
1181 1745 2017
681 1830 2018
860 991 2019
1822 1868 2020
667 1461 2021
84 788 2022
1058 1203 2023
1087 1116 2024
948 1228 2025
609 1561 2026
1131 1836 2027
862 1585 2028
1116 1246 2029
666 792 2030
803 1525 2031
931 1116 2032
1805 1828 2033
699 981 2034
790 905 2035
1058 1110 2036
790 1055 2037
355 1201 2038
469 1197 2039
1382 1499 2040
1538 1828 2041
26 1011 2042
706 842 2043
1251 1830 2044
146 681 2045
792 1131 2046
792 1240 2047
1329 1829 2048
1366 1400 2049
1596 1864 2050
1154 1806 2051
1471 1593 2052
292 306 2053
2 792 2054
451 1025 2055
632 1051 2056
961 1143 2057
1548 1569 2058
853 1047 2059
1376 1511 2060
26 1236 2061
355 615 2062
751 842 2063
1548 1549 2064
1132 1322 2065
821 860 2066
398 681 2067
849 1432 2068
1085 1617 2069
26 1347 2070
202 1237 2071
649 1300 2072
779 1157 2073
1251 1464 2074
707 1123 2075
1675 1791 2076
677 857 2077
1654 1671 2078
594 1557 2079
244 1829 2080
99 1051 2081
1047 1609 2082
1695 1696 2083
1009 1084 2084
204 1837 2085
471 1039 2086
1123 1423 2087
1402 1538 2088
452 1117 2089
26 550 2090
385 1094 2091
736 1039 2092
583 1629 2093
1047 1133 2094
1400 1643 2095
249 1851 2096
1297 1755 2097
506 1400 2098
559 1614 2099
1255 1329 2100
1503 1599 2101
635 1236 2102
329 1200 2103
548 677 2104
1654 1836 2105
948 1039 2106
78 521 2107
91 615 2108
615 1507 2109
833 1804 2110
1583 1830 2111
1398 1500 2112
85 1359 2113
326 1603 2114
1154 1300 2115
1123 1580 2116
144 1352 2117
398 938 2118
943 1648 2119
1290 1418 2120
335 1254 2121
1319 1423 2122
164 1876 2123
853 1305 2124
319 842 2125
687 1300 2126
870 1331 2127
1529 1862 2128
303 1267 2129
212 1880 2130
612 657 2131
1206 1687 2132
1228 1586 2133
1467 1664 2134
102 747 2135
849 940 2136
853 1097 2137
1095 1562 2138
1116 1868 2139
195 1792 2140
737 1644 2141
1024 1828 2142
13 1138 2143
745 1609 2144
1251 1631 2145
26 1089 2146
615 1044 2147
1300 1425 2148
471 1214 2149
695 1544 2150
1600 1823 2151
943 1649 2152
59 852 2153
972 1511 2154
849 956 2155
521 1051 2156
853 1285 2157
551 935 2158
1794 1851 2159
544 1565 2160
1105 1705 2161
36 1825 2162
792 1875 2163
392 986 2164
1463 1819 2165
792 1869 2166
1340 1596 2167
615 784 2168
1001 1664 2169
1105 1567 2170
716 1799 2171
784 792 2172
747 947 2173
1664 1706 2174
747 1131 2175
58 1580 2176
594 889 2177
649 919 2178
940 956 2179
626 792 2180
920 1219 2181
1475 1723 2182
207 1352 2183
1347 1769 2184
1375 1471 2185
947 1291 2186
1136 1469 2187
1595 1738 2188
649 687 2189
26 86 2190
687 1322 2191
506 1614 2192
1039 1586 2193
1329 1629 2194
172 1011 2195
1058 1275 2196
1195 1503 2197
160 201 2198
414 1048 2199
842 1266 2200
842 1594 2201
637 837 2202
1392 1398 2203
551 968 2204
918 1828 2205
947 1300 2206
760 1600 2207
1051 1138 2208
881 968 2209
66 780 2210
954 1186 2211
738 1131 2212
1297 1365 2213
1412 1508 2214
482 1136 2215
1039 1043 2216
747 1654 2217
1452 1471 2218
1583 1772 2219
160 1844 2220
1085 1868 2221
687 1436 2222
1580 1828 2223
968 991 2224
1267 1300 2225
1396 1847 2226
842 1200 2227
1407 1487 2228
927 1717 2229
635 1507 2230
965 1614 2231
404 842 2232
461 1851 2233
606 842 2234
1704 1828 2235
450 1193 2236
1609 1868 2237
92 935 2238
649 1259 2239
902 1049 2240
1463 1537 2241
1477 1511 2242
570 1039 2243
1475 1830 2244
1178 1862 2245
1116 1508 2246
842 1828 2247
1275 1823 2248
506 1549 2249
1284 1538 2250
738 1876 2251
1186 1512 2252
1086 1595 2253
815 1875 2254
1508 1654 2255
923 1511 2256
1159 1580 2257
687 1508 2258
687 1799 2259
899 902 2260
905 1055 2261
1499 1665 2262
848 1186 2263
1259 1382 2264
515 1248 2265
177 842 2266
1188 1609 2267
566 1490 2268
684 1123 2269
1352 1404 2270
780 1828 2271
815 1094 2272
633 1503 2273
837 1392 2274
1228 1499 2275
327 1352 2276
635 784 2277
1553 1580 2278
1665 1862 2279
692 1352 2280
1352 1435 2281
697 1203 2282
1160 1503 2283
812 934 2284
823 920 2285
453 1508 2286
842 1165 2287
515 1702 2288
336 1717 2289
716 1259 2290
837 1755 2291
575 1352 2292
1132 1828 2293
1228 1828 2294
1365 1392 2295
160 1580 2296
687 1342 2297
902 905 2298
935 1132 2299
1580 1650 2300
935 970 2301
1608 1685 2302
1116 1862 2303
661 1608 2304
1215 1853 2305
233 1868 2306
738 1563 2307
741 1868 2308
947 1503 2309
1032 1452 2310
687 1259 2311
902 1413 2312
513 1862 2313
687 689 2314
1352 1672 2315
592 1862 2316
1662 1828 2317
1291 1799 2318
650 1398 2319
1017 1696 2320
1040 1352 2321
1232 1511 2322
681 695 2323
1340 1475 2324
815 1053 2325
1259 1609 2326
1505 1514 2327
687 738 2328
815 954 2329
1275 1706 2330
115 923 2331
1006 1828 2332
1062 1114 2333
744 1868 2334
592 1518 2335
1764 1868 2336
713 1569 2337
1051 1745 2338
1755 1813 2339
1625 1691 2340
573 1049 2341
1136 1439 2342
851 1511 2343
1326 1868 2344
646 1508 2345
718 1105 2346
743 1608 2347
1352 1496 2348
1398 1847 2349
1604 1608 2350
842 1399 2351
622 1716 2352
923 1489 2353
687 947 2354
687 1867 2355
569 1780 2356
684 707 2357
1608 1878 2358
609 938 2359
924 1452 2360
1549 1569 2361
695 1329 2362
1431 1463 2363
1392 1530 2364
1400 1614 2365
991 1136 2366
652 1452 2367
923 1696 2368
853 968 2369
792 1300 2370
964 1481 2371
815 1186 2372
831 1828 2373
569 776 2374
594 1614 2375
644 1132 2376
635 1484 2377
1259 1300 2378
832 947 2379
932 940 2380
1617 1769 2381
1203 1706 2382
784 1367 2383
920 1328 2384
1373 1699 2385
1039 1514 2386
1553 1650 2387
1799 1840 2388
1538 1758 2389
935 1140 2390
1608 1866 2391
658 1755 2392
1049 1538 2393
1095 1114 2394
1667 1868 2395
1392 1847 2396
592 784 2397
1152 1352 2398
687 1320 2399
682 784 2400
1398 1755 2401
1254 1508 2402
1095 1157 2403
1116 1503 2404
1259 1547 2405
713 1136 2406
1086 1559 2407
1105 1471 2408
1196 1352 2409
902 1702 2410
694 1717 2411
1255 1799 2412
1131 1259 2413
1499 1654 2414
626 1184 2415
1352 1670 2416
738 1696 2417
713 1549 2418
687 1499 2419
1783 1784 2420
1049 1518 2421
569 1868 2422
687 1256 2423
809 1328 2424
1674 1711 2425
1352 1452 2426
1828 1868 2427
943 1503 2428
1105 1436 2429
1258 1751 2430
812 1609 2431
1452 1828 2432
853 1799 2433
718 1062 2434
658 1392 2435
713 1066 2436
1452 1459 2437
933 1508 2438
1154 1352 2439
1259 1654 2440
901 1274 2441
1475 1853 2442
925 1514 2443
1530 1755 2444
569 1355 2445
933 1799 2446
923 1577 2447
1105 1114 2448
1215 1475 2449
1609 1702 2450
788 1799 2451
1352 1490 2452
619 1799 2453
796 1517 2454
650 713 2455
652 1490 2456
1518 1685 2457
1543 1862 2458
784 1103 2459
1274 1696 2460
1049 1862 2461
1095 1100 2462
713 837 2463
661 1095 2464
687 808 2465
1105 1878 2466
1259 1470 2467
611 1518 2468
661 1871 2469
1475 1547 2470
1518 1758 2471
626 1259 2472
713 935 2473
1517 1780 2474
1296 1518 2475
951 1862 2476
713 1597 2477
951 1518 2478
1005 1862 2479
1296 1862 2480
713 1241 2481
1758 1862 2482
1518 1802 2483
1276 1862 2484
645 1862 2485
909 1518 2486
611 1862 2487
661 663 2488
941 1862 2489
1005 1518 2490
909 1862 2491
