508 1492 1
438 1765 2
1441 1865 3
52 1070 4
876 1620 5
926 1377 6
1130 1568 7
445 1680 8
1675 1791 9
383 826 10
724 1863 11
395 630 12
52 498 13
390 1622 14
1211 1532 15
395 752 16
630 1120 17
395 1120 18
436 686 19
630 752 20
949 1289 21
391 1656 22
1504 1860 23
287 728 24
395 522 25
752 1860 26
436 1261 27
395 1504 28
522 752 29
752 1504 30
1534 1622 31
498 1070 32
568 1416 33
752 1120 34
395 1860 35
568 1429 36
1019 1394 37
630 1860 38
101 1808 39
60 1353 40
752 1798 41
522 630 42
522 1504 43
395 1798 44
522 1798 45
700 1789 46
5 1534 47
1504 1798 48
436 656 49
516 1144 50
1798 1860 51
1120 1860 52
804 1493 53
1013 1307 54
522 1120 55
700 806 56
804 1707 57
630 1504 58
308 1540 59
1069 1070 60
1458 1571 61
397 804 62
522 1860 63
73 701 64
271 1166 65
874 1090 66
81 955 67
642 1026 68
356 483 69
874 1732 70
1120 1504 71
729 1353 72
330 1574 73
401 817 74
628 1353 75
739 1493 76
60 729 77
817 1073 78
435 1639 79
739 804 80
630 1798 81
222 728 82
1283 1753 83
295 1268 84
362 1796 85
1120 1798 86
501 1679 87
188 1295 88
60 1611 89
73 313 90
1513 1735 91
205 1701 92
183 1349 93
218 1493 94
356 806 95
1353 1526 96
135 1073 97
356 503 98
739 1707 99
331 568 100
440 1519 101
145 1283 102
217 804 103
48 368 104
90 753 105
90 1369 106
898 1697 107
1409 1611 108
518 1725 109
571 763 110
601 1281 111
709 1807 112
751 1777 113
53 54 114
254 308 115
110 268 116
519 1311 117
47 1170 118
1027 1227 119
384 411 120
7 257 121
198 254 122
308 621 123
76 1369 124
440 1126 125
48 260 126
753 1369 127
430 584 128
198 308 129
254 1137 130
254 1540 131
577 1027 132
21 1763 133
76 90 134
178 883 135
998 1180 136
147 751 137
308 581 138
234 799 139
1493 1707 140
283 370 141
867 1027 142
442 483 143
60 628 144
425 435 145
675 702 146
183 1444 147
308 334 148
675 1427 149
910 1027 150
675 802 151
5 1668 152
254 305 153
731 1077 154
761 1027 155
1185 1311 156
958 1027 157
334 636 158
543 1394 159
670 1748 160
778 1027 161
1027 1729 162
584 958 163
166 395 164
308 1651 165
397 1493 166
767 1416 167
440 1546 168
1027 1485 169
1156 1821 170
1156 1890 171
1513 1859 172
217 1493 173
799 1397 174
96 295 175
726 1302 176
1707 1749 177
435 1833 178
519 680 179
80 1027 180
546 798 181
729 1855 182
74 1353 183
227 308 184
397 1707 185
690 1109 186
254 636 187
217 1707 188
1073 1735 189
147 749 190
252 411 191
166 1824 192
125 1513 193
77 1027 194
397 1749 195
142 334 196
749 751 197
1691 1697 198
1027 1683 199
92 1113 200
422 1546 201
996 1168 202
90 127 203
642 1796 204
300 525 205
198 1137 206
395 885 207
151 1137 208
308 636 209
145 618 210
399 804 211
507 810 212
120 1389 213
1493 1749 214
70 201 215
121 698 216
341 1027 217
142 1651 218
135 1883 219
1027 1226 220
227 254 221
342 830 222
732 1109 223
1108 1528 224
399 1707 225
804 1749 226
48 1396 227
387 627 228
763 987 229
1174 1619 230
1519 1546 231
1168 1661 232
995 1102 233
734 1273 234
1199 1546 235
1026 1807 236
680 1185 237
706 749 238
898 1625 239
785 1306 240
1456 1852 241
639 1068 242
89 971 243
217 739 244
491 798 245
1625 1697 246
321 499 247
706 751 248
1030 1460 249
1378 1383 250
1467 1600 251
83 1844 252
331 767 253
40 129 254
288 308 255
571 765 256
401 496 257
1341 1354 258
48 1552 259
261 1380 260
1027 1866 261
1253 1506 262
1456 1811 263
321 835 264
571 987 265
674 1065 266
61 300 267
1269 1354 268
12 129 269
608 1412 270
1212 1658 271
1027 1148 272
1348 1750 273
292 306 274
178 1180 275
275 942 276
507 1761 277
304 830 278
48 1640 279
133 1468 280
782 1646 281
830 1652 282
568 1254 283
73 1061 284
830 864 285
483 1349 286
830 962 287
1661 1708 288
48 1234 289
34 519 290
38 491 291
87 199 292
304 342 293
1126 1546 294
1661 1834 295
142 308 296
749 1399 297
996 1708 298
1321 1794 299
305 1137 300
425 1038 301
425 1639 302
730 1054 303
397 399 304
1027 1157 305
129 1753 306
147 329 307
170 219 308
89 1362 309
590 1838 310
628 1409 311
48 1494 312
176 730 313
218 804 314
435 980 315
308 1137 316
348 895 317
765 987 318
898 1729 319
329 751 320
560 850 321
131 775 322
664 720 323
1299 1354 324
334 1651 325
1061 1768 326
368 1552 327
38 1279 328
121 561 329
969 1027 330
1600 1664 331
147 1777 332
321 840 333
1027 1076 334
1027 1769 335
1389 1390 336
389 1027 337
406 1194 338
1275 1600 339
305 1540 340
749 1594 341
763 882 342
198 1540 343
263 1697 344
413 979 345
1668 1771 346
268 682 347
560 1625 348
288 1137 349
92 898 350
345 1128 351
732 1723 352
92 1729 353
150 1027 354
321 993 355
399 1749 356
12 1753 357
203 1191 358
497 1054 359
1195 1584 360
186 1793 361
723 1795 362
1003 1336 363
1027 1625 364
176 497 365
423 446 366
497 730 367
674 1243 368
1594 1777 369
342 637 370
865 1243 371
1088 1761 372
305 308 373
1275 1467 374
203 1460 375
641 1883 376
749 1200 377
92 1027 378
723 1318 379
1027 1338 380
556 1172 381
870 1331 382
964 1481 383
75 1185 384
621 1137 385
608 979 386
319 749 387
437 1239 388
799 952 389
1088 1108 390
435 1337 391
1027 1562 392
538 1798 393
618 1283 394
771 1327 395
996 1834 396
105 1581 397
458 1027 398
628 1611 399
368 1234 400
739 1749 401
361 1599 402
636 1651 403
87 756 404
622 1716 405
1600 1706 406
48 1398 407
399 739 408
1027 1285 409
898 1357 410
1723 1857 411
184 527 412
660 1115 413
345 1752 414
538 1692 415
888 1096 416
1108 1713 417
308 1067 418
765 882 419
628 1526 420
617 1061 421
749 1266 422
1027 1209 423
304 637 424
59 92 425
304 962 426
628 729 427
791 1520 428
435 1728 429
525 1422 430
368 1396 431
433 538 432
163 310 433
574 1108 434
590 1684 435
1128 1694 436
187 814 437
403 1027 438
1137 1388 439
1442 1599 440
59 898 441
1266 1777 442
751 1266 443
946 966 444
1247 1861 445
323 889 446
617 1168 447
48 908 448
342 864 449
898 1754 450
419 1135 451
690 1857 452
581 636 453
1625 1691 454
354 1678 455
323 446 456
1367 1788 457
186 407 458
484 1422 459
898 1703 460
258 816 461
929 1713 462
258 512 463
314 1443 464
323 612 465
342 962 466
898 1691 467
354 464 468
560 577 469
617 1834 470
1113 1729 471
31 1883 472
139 662 473
419 682 474
36 1825 475
593 975 476
735 1330 477
844 882 478
63 1167 479
80 560 480
430 958 481
584 946 482
959 1185 483
690 1723 484
1059 1519 485
1185 1495 486
267 1678 487
197 1883 488
637 864 489
811 830 490
1109 1723 491
158 898 492
1343 1713 493
529 1592 494
140 895 495
334 581 496
723 974 497
1027 1132 498
339 564 499
1639 1833 500
437 1566 501
871 1495 502
142 636 503
1465 1881 504
68 830 505
198 621 506
672 1174 507
59 1697 508
558 1187 509
151 1388 510
929 1108 511
484 892 512
1108 1230 513
917 1298 514
810 1088 515
333 720 516
83 912 517
44 1191 518
538 1759 519
1648 1649 520
48 1491 521
170 421 522
637 1205 523
74 628 524
325 1027 525
1491 1640 526
768 888 527
884 960 528
1027 1292 529
198 581 530
637 1753 531
145 1753 532
199 1155 533
186 512 534
495 1600 535
768 1753 536
311 603 537
1038 1337 538
203 1693 539
343 1713 540
766 1027 541
873 1185 542
637 830 543
997 1723 544
1861 1879 545
48 1776 546
560 898 547
574 1713 548
245 560 549
349 1542 550
654 1713 551
518 911 552
168 1519 553
186 814 554
768 1096 555
1528 1713 556
706 1777 557
651 1150 558
1321 1851 559
463 983 560
136 735 561
319 329 562
633 1442 563
1038 1728 564
581 1651 565
654 1108 566
199 756 567
754 907 568
110 682 569
198 305 570
628 1430 571
186 489 572
203 1788 573
1639 1728 574
263 898 575
323 1028 576
329 1266 577
132 1655 578
198 1651 579
392 986 580
763 765 581
1185 1742 582
203 1831 583
342 1652 584
810 1108 585
534 1689 586
560 589 587
768 1283 588
414 1048 589
996 1061 590
464 1678 591
1357 1633 592
425 1337 593
877 997 594
290 1056 595
468 533 596
908 1494 597
556 1068 598
245 898 599
673 693 600
311 1655 601
304 1652 602
946 1027 603
260 1398 604
560 1697 605
1438 1708 606
507 1088 607
43 314 608
791 1752 609
1088 1528 610
1275 1706 611
1337 1639 612
319 1777 613
636 1067 614
591 1222 615
679 810 616
754 1506 617
61 135 618
39 275 619
132 827 620
1231 1528 621
1234 1396 622
1652 1753 623
92 1805 624
260 1262 625
529 1121 626
647 1753 627
538 1219 628
318 1795 629
754 1253 630
556 1304 631
17 275 632
259 1777 633
560 655 634
560 1027 635
311 1155 636
323 657 637
497 1457 638
180 275 639
1205 1652 640
297 1747 641
1610 1812 642
203 767 643
560 794 644
373 1474 645
368 908 646
476 1812 647
1061 1661 648
368 1776 649
87 1155 650
1230 1713 651
40 1753 652
158 560 653
810 1761 654
186 1453 655
323 423 656
351 647 657
714 768 658
967 1592 659
139 502 660
329 706 661
366 1488 662
379 807 663
480 554 664
1027 1662 665
311 756 666
368 1494 667
962 1205 668
1485 1753 669
294 1121 670
750 1135 671
48 316 672
258 510 673
654 1230 674
404 749 675
560 1344 676
597 992 677
3 27 678
274 1447 679
476 1610 680
1027 1472 681
39 1102 682
260 1494 683
1027 1255 684
1108 1889 685
1275 1664 686
497 1092 687
259 749 688
962 1753 689
1770 1843 690
151 305 691
298 668 692
368 1640 693
968 1027 694
246 1346 695
830 1205 696
425 980 697
439 1027 698
1203 1706 699
723 1883 700
92 214 701
329 1594 702
864 962 703
491 1279 704
186 490 705
892 1848 706
990 1525 707
1339 1688 708
1205 1753 709
557 669 710
588 1812 711
105 366 712
914 1727 713
258 407 714
579 1554 715
1467 1664 716
132 311 717
1200 1777 718
825 1449 719
978 1417 720
1396 1491 721
309 945 722
801 1027 723
864 1027 724
864 1753 725
557 1253 726
723 1073 727
44 1584 728
1115 1391 729
260 1396 730
298 572 731
578 1406 732
695 1544 733
311 1567 734
807 1676 735
911 1725 736
1694 1752 737
507 1108 738
87 311 739
102 159 740
830 1753 741
1713 1761 742
1783 1784 743
739 1614 744
804 1614 745
495 1664 746
888 911 747
900 1027 748
403 428 749
242 1221 750
323 580 751
1155 1298 752
199 311 753
304 864 754
1027 1830 755
35 485 756
912 1003 757
1203 1600 758
1083 1556 759
267 1805 760
1428 1812 761
189 258 762
388 1341 763
1010 1713 764
1280 1420 765
34 1257 766
476 588 767
1108 1231 768
267 464 769
1303 1770 770
1682 1723 771
756 1155 772
608 786 773
92 1614 774
1001 1664 775
48 1271 776
186 1474 777
864 1820 778
242 855 779
1713 1889 780
92 863 781
1573 1795 782
695 1027 783
429 1021 784
260 1234 785
323 1557 786
323 616 787
464 1710 788
267 354 789
607 1801 790
25 967 791
1027 1753 792
620 913 793
1027 1491 794
39 184 795
358 765 796
928 1713 797
45 290 798
59 1625 799
14 311 800
983 1207 801
448 1573 802
842 1777 803
1385 1713 804
92 585 805
179 311 806
134 363 807
660 1391 808
907 1253 809
1396 1494 810
45 1056 811
260 316 812
591 1767 813
1080 1465 814
1395 1753 815
714 888 816
1396 1640 817
980 1728 818
1163 1881 819
1234 1491 820
789 939 821
317 349 822
409 1164 823
92 409 824
492 1177 825
779 1027 826
898 1027 827
768 911 828
321 1112 829
1630 1886 830
911 1027 831
118 1753 832
539 944 833
777 793 834
92 755 835
368 1271 836
898 1002 837
59 560 838
171 1187 839
532 539 840
612 657 841
311 827 842
653 1723 843
1529 1753 844
284 1570 845
751 842 846
1178 1282 847
1121 1564 848
187 813 849
801 975 850
1122 1333 851
323 594 852
203 1584 853
620 1744 854
1217 1465 855
560 1700 856
502 662 857
701 1174 858
10 1406 859
260 1552 860
199 917 861
351 1753 862
762 1363 863
72 275 864
989 1387 865
446 616 866
893 1447 867
79 467 868
576 1590 869
1078 1803 870
311 1625 871
1042 1556 872
1052 1782 873
820 827 874
669 708 875
171 468 876
623 875 877
260 1640 878
423 657 879
620 1263 880
354 1677 881
359 1713 882
485 813 883
637 962 884
88 1187 885
827 1655 886
196 366 887
1776 1817 888
574 1230 889
697 1203 890
594 612 891
962 1652 892
79 1636 893
620 894 894
1056 1183 895
259 329 896
388 1354 897
1231 1713 898
203 1030 899
135 318 900
342 1205 901
464 1805 902
9 1516 903
892 1713 904
311 917 905
711 1335 906
203 1312 907
528 1027 908
576 1081 909
3 957 910
1191 1788 911
304 1753 912
334 1067 913
682 1613 914
654 1761 915
682 1135 916
187 816 917
912 1844 918
448 915 919
1009 1084 920
159 1142 921
591 1107 922
171 364 923
420 1723 924
654 1889 925
159 1599 926
366 1509 927
1088 1713 928
864 1205 929
421 458 930
258 1709 931
388 1269 932
557 1506 933
947 1027 934
304 1839 935
1337 1833 936
1753 1850 937
517 1016 938
1098 1417 939
329 1200 940
1096 1614 941
94 199 942
1161 1555 943
1223 1723 944
1229 1417 945
908 1640 946
1027 1799 947
157 311 948
106 841 949
342 1753 950
679 1108 951
843 1408 952
59 80 953
278 879 954
756 1298 955
335 1030 956
208 1753 957
351 1686 958
1192 1718 959
750 1722 960
990 1776 961
260 908 962
325 1463 963
990 1817 964
1624 1753 965
372 1312 966
863 1635 967
1612 1713 968
939 1007 969
158 398 970
444 1572 971
760 1600 972
311 1705 973
278 311 974
239 311 975
311 1158 976
1312 1502 977
78 939 978
8 320 979
311 1601 980
43 1740 981
231 1790 982
291 1513 983
1042 1083 984
109 1183 985
240 1027 986
681 1329 987
1027 1400 988
69 674 989
25 529 990
59 1027 991
1058 1203 992
1306 1529 993
1583 1772 994
877 1723 995
475 1075 996
620 1074 997
950 1582 998
526 1175 999
79 231 1000
236 325 1001
34 517 1002
551 935 1003
212 1880 1004
160 201 1005
567 1332 1006
1449 1545 1007
323 846 1008
393 1082 1009
402 777 1010
44 716 1011
45 1183 1012
864 1370 1013
311 1469 1014
1027 1862 1015
79 194 1016
1220 1455 1017
1525 1776 1018
409 1266 1019
79 615 1020
320 1099 1021
615 1174 1022
756 917 1023
893 1351 1024
311 779 1025
588 681 1026
727 1356 1027
128 999 1028
1058 1467 1029
403 830 1030
319 842 1031
790 1055 1032
317 1075 1033
915 1573 1034
976 1242 1035
846 889 1036
993 1075 1037
560 818 1038
1491 1500 1039
719 1723 1040
1292 1583 1041
481 1101 1042
1578 1723 1043
104 1653 1044
119 354 1045
119 1027 1046
372 1050 1047
1664 1706 1048
119 482 1049
470 1208 1050
801 1730 1051
26 1347 1052
1398 1491 1053
706 842 1054
1500 1640 1055
427 893 1056
1491 1552 1057
64 628 1058
893 1052 1059
1088 1760 1060
67 1178 1061
249 1851 1062
318 1573 1063
1183 1570 1064
1578 1682 1065
1178 1690 1066
1635 1729 1067
284 1183 1068
1408 1642 1069
836 1713 1070
160 1844 1071
1398 1640 1072
208 1023 1073
841 1384 1074
347 576 1075
147 842 1076
117 1379 1077
1027 1555 1078
56 143 1079
311 1298 1080
1529 1877 1081
25 1494 1082
44 106 1083
482 1136 1084
679 1088 1085
980 1337 1086
242 898 1087
723 1573 1088
68 585 1089
1396 1398 1090
8 1660 1091
681 1027 1092
275 487 1093
860 1027 1094
973 1669 1095
1093 1101 1096
316 368 1097
842 1266 1098
624 1723 1099
1325 1682 1100
311 710 1101
193 1591 1102
613 963 1103
790 905 1104
1522 1531 1105
226 1491 1106
585 620 1107
810 1213 1108
1396 1552 1109
1058 1110 1110
354 1805 1111
560 786 1112
612 846 1113
237 1278 1114
258 1453 1115
460 1333 1116
1614 1707 1117
797 1027 1118
80 681 1119
242 560 1120
1195 1503 1121
1408 1846 1122
428 1027 1123
380 978 1124
423 594 1125
747 1520 1126
1027 1837 1127
159 1478 1128
1678 1805 1129
737 1644 1130
316 1398 1131
740 1386 1132
403 1411 1133
428 772 1134
453 877 1135
676 696 1136
1255 1491 1137
214 428 1138
557 1041 1139
1102 1832 1140
1621 1842 1141
842 1624 1142
1058 1706 1143
296 325 1144
576 1700 1145
325 678 1146
1515 1659 1147
602 1386 1148
1183 1555 1149
248 555 1150
637 1652 1151
528 1529 1152
681 1788 1153
87 94 1154
1669 1858 1155
1027 1549 1156
171 1323 1157
631 1449 1158
16 614 1159
560 1633 1160
620 906 1161
46 740 1162
1491 1498 1163
681 695 1164
107 1681 1165
159 221 1166
574 1626 1167
1669 1739 1168
17 705 1169
1106 1332 1170
46 602 1171
1252 1402 1172
1121 1414 1173
152 1800 1174
473 589 1175
620 1786 1176
78 886 1177
4 703 1178
59 850 1179
783 846 1180
43 1308 1181
57 475 1182
59 794 1183
92 935 1184
1207 1524 1185
28 613 1186
116 772 1187
398 800 1188
757 1723 1189
262 1615 1190
158 1842 1191
551 1225 1192
651 1292 1193
714 1753 1194
1245 1325 1195
557 828 1196
1058 1664 1197
325 455 1198
363 938 1199
585 906 1200
1027 1297 1201
1234 1552 1202
669 1277 1203
803 1776 1204
864 1652 1205
333 1121 1206
192 1776 1207
1277 1332 1208
560 1278 1209
893 1788 1210
888 962 1211
911 1549 1212
251 811 1213
78 1525 1214
274 893 1215
174 1387 1216
461 1851 1217
1600 1823 1218
560 855 1219
1027 1047 1220
272 367 1221
492 1832 1222
398 938 1223
202 1237 1224
765 1535 1225
232 1361 1226
714 1096 1227
162 398 1228
368 1398 1229
526 1293 1230
921 1202 1231
174 1379 1232
355 615 1233
843 1183 1234
242 1842 1235
94 756 1236
382 1686 1237
547 800 1238
311 1344 1239
1614 1749 1240
59 1278 1241
1583 1830 1242
359 1612 1243
1446 1713 1244
312 365 1245
1058 1600 1246
274 1815 1247
1191 1224 1248
171 586 1249
1058 1275 1250
146 476 1251
68 811 1252
203 1160 1253
507 1008 1254
1027 1329 1255
857 1817 1256
217 1614 1257
57 1624 1258
1108 1343 1259
122 1529 1260
843 1846 1261
1285 1491 1262
46 1741 1263
821 860 1264
424 541 1265
475 937 1266
1645 1723 1267
482 991 1268
325 1804 1269
1149 1573 1270
1064 1102 1271
214 244 1272
557 1084 1273
162 938 1274
869 1713 1275
721 722 1276
599 1224 1277
1364 1659 1278
30 1374 1279
59 655 1280
712 1386 1281
1431 1463 1282
877 1551 1283
106 722 1284
403 1302 1285
1351 1473 1286
91 615 1287
119 1805 1288
280 1734 1289
1630 1727 1290
548 853 1291
111 1189 1292
1140 1408 1293
311 881 1294
469 1197 1295
214 714 1296
887 1616 1297
1075 1112 1298
943 1649 1299
46 712 1300
542 1450 1301
840 1112 1302
203 1178 1303
594 889 1304
159 807 1305
1408 1555 1306
899 902 1307
843 916 1308
878 1723 1309
46 1733 1310
842 1399 1311
1614 1635 1312
311 1560 1313
1794 1851 1314
94 853 1315
1493 1614 1316
1121 1743 1317
493 868 1318
888 1753 1319
307 761 1320
475 1472 1321
625 1075 1322
1344 1700 1323
1562 1788 1324
857 1776 1325
897 1408 1326
1191 1367 1327
1632 1634 1328
1788 1822 1329
1463 1537 1330
1626 1713 1331
94 1298 1332
531 1323 1333
587 1673 1334
585 913 1335
1285 1776 1336
846 1027 1337
338 1713 1338
803 1525 1339
1498 1640 1340
39 1202 1341
403 1624 1342
388 853 1343
476 1329 1344
864 1785 1345
476 681 1346
167 301 1347
382 1529 1348
911 1601 1349
1304 1446 1350
51 270 1351
355 1624 1352
665 788 1353
399 1614 1354
459 620 1355
992 1653 1356
973 1653 1357
683 1315 1358
678 1402 1359
911 1548 1360
1121 1424 1361
360 1338 1362
1151 1816 1363
1234 1398 1364
1463 1819 1365
681 786 1366
1027 1133 1367
428 938 1368
628 747 1369
767 1116 1370
842 1594 1371
1783 1842 1372
557 708 1373
106 1384 1374
325 833 1375
355 1201 1376
580 657 1377
1277 1589 1378
35 1587 1379
161 1396 1380
112 952 1381
594 846 1382
136 354 1383
893 1191 1384
638 1104 1385
902 1702 1386
172 1011 1387
620 1507 1388
482 1402 1389
214 475 1390
106 721 1391
325 1020 1392
557 1474 1393
902 1413 1394
1183 1408 1395
180 523 1396
403 1278 1397
620 1466 1398
1374 1598 1399
62 214 1400
275 1832 1401
353 1219 1402
665 1279 1403
908 1398 1404
69 557 1405
428 1529 1406
892 1343 1407
248 524 1408
325 1152 1409
149 1027 1410
26 1011 1411
247 1575 1412
311 837 1413
84 788 1414
214 772 1415
475 486 1416
149 1472 1417
161 1234 1418
1448 1669 1419
57 541 1420
59 576 1421
367 1686 1422
482 860 1423
888 1614 1424
244 549 1425
22 311 1426
165 715 1427
277 1145 1428
59 852 1429
149 1058 1430
320 428 1431
843 1218 1432
259 842 1433
552 1022 1434
1058 1823 1435
460 1524 1436
1064 1598 1437
1122 1524 1438
557 1472 1439
657 846 1440
475 1822 1441
159 335 1442
107 860 1443
256 482 1444
1161 1408 1445
682 750 1446
1027 1033 1447
594 1557 1448
708 1332 1449
792 1347 1450
506 1549 1451
681 1428 1452
544 1565 1453
214 1027 1454
284 843 1455
843 1628 1456
1551 1723 1457
106 159 1458
625 1112 1459
1140 1529 1460
398 681 1461
25 1334 1462
106 171 1463
226 681 1464
386 1245 1465
1286 1555 1466
903 1888 1467
943 1648 1468
1371 1403 1469
583 681 1470
920 1219 1471
203 1718 1472
439 774 1473
156 1033 1474
46 1453 1475
1056 1555 1476
1535 1693 1477
911 1627 1478
708 1277 1479
733 1301 1480
853 1837 1481
855 1842 1482
766 1491 1483
493 1313 1484
699 981 1485
119 1469 1486
1027 1868 1487
455 551 1488
64 763 1489
604 1624 1490
906 1529 1491
78 521 1492
677 1817 1493
757 1578 1494
1012 1832 1495
757 1682 1496
761 1235 1497
405 1350 1498
567 708 1499
1275 1823 1500
19 843 1501
137 750 1502
1118 1754 1503
1136 1469 1504
33 1587 1505
130 988 1506
1178 1334 1507
100 455 1508
325 381 1509
937 1173 1510
248 557 1511
251 403 1512
280 685 1513
360 761 1514
473 1700 1515
560 1562 1516
1162 1541 1517
232 441 1518
335 1254 1519
589 1700 1520
50 428 1521
1356 1465 1522
59 1624 1523
1440 1624 1524
792 1624 1525
250 1032 1526
335 1111 1527
935 970 1528
1292 1297 1529
415 834 1530
853 1319 1531
1029 1124 1532
26 550 1533
770 1727 1534
386 1309 1535
410 1607 1536
600 1766 1537
800 1842 1538
946 1624 1539
1027 1819 1540
615 1044 1541
174 989 1542
609 1561 1543
1325 1723 1544
146 681 1545
1723 1864 1546
363 912 1547
1596 1723 1548
277 511 1549
311 792 1550
78 246 1551
880 1624 1552
456 982 1553
585 1466 1554
119 1024 1555
1325 1405 1556
1176 1587 1557
715 1125 1558
853 857 1559
55 1472 1560
171 1521 1561
311 1392 1562
677 857 1563
149 1819 1564
1408 1484 1565
165 494 1566
1503 1599 1567
1782 1822 1568
843 897 1569
1437 1555 1570
26 86 1571
177 842 1572
784 1624 1573
747 1521 1574
94 1133 1575
214 1624 1576
485 1176 1577
203 716 1578
893 1822 1579
109 1555 1580
1161 1286 1581
269 1819 1582
681 1610 1583
539 1356 1584
203 1192 1585
1316 1826 1586
238 871 1587
309 792 1588
468 764 1589
245 428 1590
819 1020 1591
1103 1408 1592
842 1200 1593
15 1235 1594
599 1726 1595
171 665 1596
843 1570 1597
1324 1498 1598
560 1624 1599
681 1550 1600
417 449 1601
46 153 1602
1343 1379 1603
213 1236 1604
1548 1549 1605
311 1285 1606
615 1624 1607
214 403 1608
977 1472 1609
688 1360 1610
213 396 1611
970 1183 1612
1278 1305 1613
1410 1849 1614
282 1587 1615
1088 1343 1616
171 807 1617
592 784 1618
275 1874 1619
1445 1555 1620
1714 1731 1621
843 1681 1622
893 1112 1623
1018 1712 1624
237 1842 1625
291 1202 1626
15 360 1627
1183 1437 1628
260 1271 1629
905 1055 1630
982 1480 1631
452 1117 1632
691 1529 1633
1255 1329 1634
226 1640 1635
149 681 1636
765 988 1637
560 1314 1638
725 1826 1639
325 800 1640
592 1516 1641
681 1562 1642
214 494 1643
935 1140 1644
1139 1766 1645
1727 1827 1646
240 830 1647
482 1047 1648
62 428 1649
1374 1876 1650
48 713 1651
717 1129 1652
164 1876 1653
281 1401 1654
648 1027 1655
725 1316 1656
747 1478 1657
681 1830 1658
62 149 1659
44 1192 1660
488 1541 1661
779 1157 1662
1111 1456 1663
714 1624 1664
1329 1562 1665
1398 1552 1666
1260 1726 1667
988 1816 1668
638 1479 1669
119 1705 1670
62 1801 1671
681 1255 1672
214 1365 1673
474 736 1674
1398 1500 1675
277 1621 1676
84 1119 1677
853 1097 1678
214 277 1679
609 938 1680
843 1642 1681
244 1841 1682
616 846 1683
1119 1533 1684
6 495 1685
1264 1666 1686
119 1721 1687
853 1027 1688
26 792 1689
671 746 1690
114 1775 1691
615 1507 1692
1245 1337 1693
494 847 1694
822 1036 1695
902 905 1696
57 1805 1697
475 792 1698
1000 1773 1699
1085 1174 1700
455 1402 1701
583 1629 1702
911 1569 1703
381 517 1704
599 1623 1705
149 1297 1706
1407 1487 1707
555 1391 1708
842 1165 1709
1297 1494 1710
66 780 1711
476 1004 1712
59 1562 1713
171 1382 1714
444 1322 1715
714 1614 1716
149 1562 1717
902 1402 1718
216 400 1719
107 1063 1720
381 1624 1721
244 1882 1722
450 1193 1723
1428 1550 1724
26 137 1725
486 1382 1726
800 1629 1727
113 1822 1728
32 1589 1729
896 1762 1730
404 842 1731
843 1870 1732
239 316 1733
316 1297 1734
551 819 1735
256 513 1736
638 1726 1737
687 1191 1738
44 745 1739
179 881 1740
486 1624 1741
149 1753 1742
1329 1812 1743
1466 1529 1744
614 1567 1745
148 1845 1746
228 302 1747
191 1476 1748
819 1819 1749
843 1140 1750
908 1297 1751
1238 1425 1752
64 1064 1753
98 1037 1754
226 1255 1755
428 1624 1756
585 1774 1757
1271 1396 1758
1179 1822 1759
1161 1445 1760
325 1095 1761
1695 1809 1762
265 610 1763
1085 1715 1764
1541 1797 1765
137 797 1766
935 1132 1767
1031 1562 1768
1472 1529 1769
149 792 1770
1058 1827 1771
471 1214 1772
1209 1614 1773
1368 1472 1774
860 991 1775
6 904 1776
130 1816 1777
244 640 1778
800 819 1779
1465 1856 1780
244 528 1781
991 1136 1782
1079 1182 1783
6 638 1784
906 1466 1785
6 893 1786
494 1249 1787
559 1614 1788
455 819 1789
1017 1809 1790
1421 1884 1791
102 747 1792
106 747 1793
149 1033 1794
326 1603 1795
475 1173 1796
773 829 1797
149 428 1798
332 1119 1799
766 1776 1800
848 1186 1801
1319 1580 1802
908 1552 1803
1805 1828 1804
302 1778 1805
747 1342 1806
126 1334 1807
206 338 1808
575 834 1809
494 1125 1810
513 1695 1811
1123 1193 1812
146 302 1813
838 1265 1814
695 1329 1815
1074 1466 1816
1085 1617 1817
59 1621 1818
704 1757 1819
1507 1624 1820
1560 1640 1821
788 1119 1822
1319 1553 1823
605 1112 1824
606 842 1825
149 1434 1826
6 1052 1827
137 213 1828
302 1244 1829
302 1421 1830
68 1529 1831
255 565 1832
860 1614 1833
144 1462 1834
1186 1512 1835
747 1310 1836
682 1472 1837
325 1240 1838
1176 1624 1839
162 819 1840
468 747 1841
159 1310 1842
834 1020 1843
149 1828 1844
861 1466 1845
1111 1718 1846
506 1614 1847
231 1477 1848
1158 1285 1849
2 792 1850
22 881 1851
357 1858 1852
707 1123 1853
64 241 1854
1640 1837 1855
604 1334 1856
1053 1094 1857
277 1317 1858
173 1529 1859
475 1419 1860
66 918 1861
862 868 1862
146 1329 1863
1297 1398 1864
1624 1842 1865
747 1861 1866
269 455 1867
1548 1569 1868
927 1551 1869
805 1415 1870
1297 1365 1871
747 1831 1872
792 1869 1873
1375 1561 1874
346 1605 1875
302 1510 1876
11 838 1877
114 985 1878
1286 1445 1879
1027 1608 1880
150 482 1881
224 277 1882
214 769 1883
716 1291 1884
1297 1350 1885
66 1704 1886
278 1472 1887
493 1322 1888
1015 1173 1889
1132 1322 1890
1147 1588 1891
757 1551 1892
784 1472 1893
279 1046 1894
585 648 1895
970 1555 1896
1472 1727 1897
26 1089 1898
162 1842 1899
457 856 1900
648 1529 1901
316 1552 1902
225 1255 1903
637 837 1904
26 1236 1905
677 853 1906
119 1567 1907
792 859 1908
555 1874 1909
766 853 1910
615 784 1911
1121 1141 1912
1271 1297 1913
853 1305 1914
533 1521 1915
633 1503 1916
758 1486 1917
302 1757 1918
548 677 1919
965 1614 1920
1201 1507 1921
106 325 1922
644 1132 1923
684 707 1924
635 843 1925
1047 1408 1926
270 792 1927
985 1483 1928
455 834 1929
954 1186 1930
408 1079 1931
1400 1408 1932
1034 1111 1933
1329 1550 1934
325 1695 1935
862 1313 1936
6 443 1937
238 1358 1938
747 1142 1939
504 1781 1940
1060 1681 1941
631 1382 1942
64 1876 1943
235 1112 1944
781 861 1945
199 1071 1946
293 716 1947
302 1004 1948
509 838 1949
592 1334 1950
747 1294 1951
843 1103 1952
325 1538 1953
106 175 1954
1375 1665 1955
1518 1529 1956
535 1324 1957
367 528 1958
6 1782 1959
520 704 1960
792 1027 1961
1160 1503 1962
684 1123 1963
585 1635 1964
769 1521 1965
666 792 1966
477 1624 1967
1136 1439 1968
1334 1809 1969
792 1075 1970
677 1133 1971
819 1382 1972
1602 1778 1973
215 766 1974
1529 1862 1975
616 1116 1976
85 1359 1977
155 1501 1978
325 1499 1979
635 1408 1980
659 1381 1981
1251 1830 1982
862 1585 1983
1131 1573 1984
833 1804 1985
750 1236 1986
1297 1823 1987
1837 1856 1988
853 1285 1989
1169 1234 1990
1111 1160 1991
226 1329 1992
302 520 1993
957 1400 1994
1060 1063 1995
506 1400 1996
6 681 1997
185 1112 1998
687 769 1999
455 1809 2000
1549 1569 2001
1178 1862 2002
68 648 2003
244 1829 2004
692 1471 2005
1614 1882 2006
256 1020 2007
854 1779 2008
604 1773 2009
837 1842 2010
240 449 2011
777 1255 2012
551 1047 2013
37 64 2014
20 190 2015
961 1143 2016
1223 1614 2017
1425 1724 2018
1189 1806 2019
1779 1872 2020
325 1300 2021
1169 1297 2022
500 1779 2023
37 167 2024
1511 1805 2025
1400 1614 2026
551 968 2027
204 1837 2028
784 1367 2029
1060 1072 2030
1319 1423 2031
500 629 2032
797 1089 2033
923 1489 2034
665 1654 2035
78 853 2036
1206 1687 2037
1372 1425 2038
834 1131 2039
842 1828 2040
6 1822 2041
376 1666 2042
933 1064 2043
540 1091 2044
1116 1192 2045
49 190 2046
792 1875 2047
175 1873 2048
1004 1884 2049
149 1131 2050
757 927 2051
1285 1837 2052
505 1666 2053
716 1436 2054
862 1322 2055
687 716 2056
769 1837 2057
716 1799 2058
1365 1392 2059
1382 1654 2060
528 1147 2061
575 833 2062
1329 1629 2063
200 1035 2064
505 1264 2065
716 1259 2066
747 947 2067
985 1775 2068
781 1210 2069
881 1775 2070
207 1471 2071
352 1133 2072
823 920 2073
1259 1382 2074
650 1398 2075
325 652 2076
1471 1593 2077
716 1190 2078
195 1792 2079
1297 1847 2080
1116 1312 2081
784 792 2082
1334 1828 2083
947 1291 2084
385 1094 2085
376 1264 2086
1004 1778 2087
354 1511 2088
746 1116 2089
812 934 2090
233 1868 2091
666 1660 2092
1147 1314 2093
787 1171 2094
173 1657 2095
149 515 2096
1216 1439 2097
1255 1799 2098
716 947 2099
620 648 2100
927 1717 2101
1189 1670 2102
582 1762 2103
432 994 2104
1047 1133 2105
115 923 2106
335 1116 2107
1131 1836 2108
1382 1641 2109
687 1310 2110
853 968 2111
1105 1705 2112
832 947 2113
376 505 2114
968 991 2115
1251 1631 2116
1290 1418 2117
1360 1423 2118
453 1508 2119
1131 1382 2120
704 1004 2121
1499 1665 2122
923 1577 2123
1538 1809 2124
456 582 2125
853 1047 2126
1047 1837 2127
1347 1769 2128
766 985 2129
1181 1745 2130
1326 1868 2131
687 1342 2132
902 1049 2133
943 1503 2134
1482 1596 2135
682 784 2136
513 1862 2137
858 1435 2138
1297 1392 2139
649 919 2140
780 1828 2141
687 1322 2142
792 1822 2143
521 1051 2144
797 1617 2145
891 1618 2146
948 1356 2147
1654 1671 2148
1396 1847 2149
455 1665 2150
713 935 2151
432 1198 2152
451 1025 2153
1822 1868 2154
788 1799 2155
1085 1868 2156
629 854 2157
819 1576 2158
1116 1572 2159
223 1071 2160
6 64 2161
1435 1471 2162
1034 1116 2163
1131 1671 2164
1392 1398 2165
1105 1469 2166
582 643 2167
834 1538 2168
500 1885 2169
747 1382 2170
1047 1819 2171
211 634 2172
515 1702 2173
947 1503 2174
1300 1322 2175
1382 1499 2176
144 1352 2177
1116 1718 2178
1024 1828 2179
1764 1868 2180
1382 1608 2181
1704 1828 2182
1123 1580 2183
1412 1508 2184
303 1267 2185
742 1198 2186
1116 1508 2187
849 1432 2188
920 1328 2189
741 1868 2190
190 1300 2191
792 1240 2192
1251 1464 2193
336 1717 2194
160 1580 2195
1400 1643 2196
796 1517 2197
853 1799 2198
1400 1451 2199
1667 1868 2200
238 1043 2201
918 1828 2202
515 1248 2203
689 1670 2204
1116 1641 2205
646 1508 2206
1291 1799 2207
1240 1246 2208
1654 1836 2209
1116 1474 2210
931 1116 2211
1352 1404 2212
582 1480 2213
582 1288 2214
744 1868 2215
1297 1755 2216
1366 1400 2217
238 930 2218
1392 1847 2219
1123 1423 2220
1508 1654 2221
471 1039 2222
1233 1400 2223
575 1352 2224
648 1466 2225
745 1609 2226
815 1053 2227
1152 1352 2228
738 1876 2229
1087 1116 2230
1228 1719 2231
64 1382 2232
661 1871 2233
477 956 2234
1402 1538 2235
1475 1723 2236
819 1131 2237
972 1511 2238
687 1508 2239
687 1799 2240
784 1103 2241
689 1806 2242
1105 1567 2243
1393 1426 2244
1047 1609 2245
1300 1436 2246
1376 1393 2247
831 1828 2248
1475 1830 2249
13 1138 2250
1398 1847 2251
207 1352 2252
1352 1496 2253
1499 1654 2254
900 1300 2255
1188 1609 2256
812 1609 2257
1596 1864 2258
649 1300 2259
1215 1853 2260
687 1867 2261
747 1131 2262
327 1352 2263
908 1847 2264
1663 1810 2265
635 1507 2266
649 687 2267
535 1511 2268
6 486 2269
1095 1157 2270
1662 1828 2271
687 1499 2272
1254 1508 2273
815 1186 2274
1529 1608 2275
661 1095 2276
350 1810 2277
1340 1596 2278
1552 1847 2279
649 1259 2280
1228 1586 2281
1608 1866 2282
566 1490 2283
1329 1829 2284
1352 1672 2285
687 1256 2286
1665 1862 2287
477 849 2288
1609 1868 2289
1267 1300 2290
635 1484 2291
1272 1787 2292
582 1433 2293
1006 1828 2294
1392 1530 2295
1553 1580 2296
58 1580 2297
1376 1511 2298
1004 1757 2299
1828 1868 2300
1250 1300 2301
692 1352 2302
866 1423 2303
872 1300 2304
619 1799 2305
947 1300 2306
658 1392 2307
99 1051 2308
649 1057 2309
881 968 2310
1116 1246 2311
687 1320 2312
694 1717 2313
1272 1746 2314
792 1300 2315
851 1511 2316
1259 1654 2317
1423 1539 2318
687 1259 2319
635 1236 2320
837 1392 2321
1060 1216 2322
1259 1609 2323
661 663 2324
1352 1435 2325
713 1136 2326
940 956 2327
738 1131 2328
604 1071 2329
953 1720 2330
661 1608 2331
1300 1818 2332
687 947 2333
626 1184 2334
594 1614 2335
1105 1471 2336
1580 1650 2337
687 808 2338
1051 1138 2339
1538 1828 2340
1580 1828 2341
1228 1499 2342
1153 1423 2343
1352 1452 2344
667 1461 2345
1040 1352 2346
1154 1806 2347
809 1328 2348
738 1563 2349
837 1755 2350
1258 1751 2351
1259 1300 2352
1617 1769 2353
1095 1562 2354
1111 1116 2355
1215 1475 2356
815 1094 2357
1553 1650 2358
648 1756 2359
658 1755 2360
1154 1352 2361
1595 1738 2362
1375 1471 2363
1154 1300 2364
747 1654 2365
1579 1814 2366
687 689 2367
815 1875 2368
1051 1745 2369
1132 1828 2370
1014 1647 2371
1159 1580 2372
1196 1352 2373
932 940 2374
1674 1711 2375
862 1300 2376
1609 1702 2377
1799 1840 2378
815 954 2379
569 1780 2380
1232 1511 2381
632 1051 2382
849 940 2383
1398 1755 2384
1695 1696 2385
718 1062 2386
933 1508 2387
948 1039 2388
1300 1425 2389
635 784 2390
948 1228 2391
736 1039 2392
626 1259 2393
1134 1576 2394
1284 1538 2395
687 1436 2396
849 956 2397
1517 1780 2398
1373 1699 2399
1755 1813 2400
1057 1595 2401
592 1862 2402
1062 1114 2403
626 792 2404
569 1355 2405
1608 1685 2406
1352 1490 2407
1736 1746 2408
713 837 2409
1131 1259 2410
1049 1538 2411
1505 1514 2412
1340 1475 2413
1530 1755 2414
569 776 2415
1017 1696 2416
1477 1511 2417
738 1696 2418
923 1511 2419
1604 1608 2420
747 1300 2421
933 1799 2422
687 738 2423
718 1105 2424
1086 1559 2425
1352 1670 2426
1608 1878 2427
650 713 2428
569 1868 2429
1105 1436 2430
1116 1868 2431
1452 1471 2432
1095 1100 2433
901 1274 2434
925 1514 2435
930 1039 2436
1475 1547 2437
923 1696 2438
573 1049 2439
592 1518 2440
1475 1853 2441
1039 1586 2442
713 1549 2443
1116 1862 2444
1259 1470 2445
687 1300 2446
652 1490 2447
570 1039 2448
713 1569 2449
1086 1595 2450
1039 1141 2451
1105 1114 2452
1452 1459 2453
652 1452 2454
941 1862 2455
1095 1114 2456
1105 1878 2457
1116 1503 2458
1039 1043 2459
1228 1828 2460
1039 1514 2461
924 1452 2462
1518 1685 2463
1032 1452 2464
1259 1547 2465
713 1241 2466
743 1608 2467
1452 1828 2468
1276 1862 2469
1274 1696 2470
713 1066 2471
1538 1758 2472
1543 1862 2473
611 1862 2474
1049 1862 2475
1518 1758 2476
1758 1862 2477
792 1131 2478
645 1862 2479
1049 1518 2480
1296 1862 2481
1005 1518 2482
951 1518 2483
713 1597 2484
909 1518 2485
909 1862 2486
951 1862 2487
611 1518 2488
1296 1518 2489
1005 1862 2490
1518 1802 2491
