395 630 1
334 636 2
395 522 3
395 1120 4
522 630 5
636 1651 6
254 1137 7
198 1651 8
1027 1549 9
630 752 10
766 1027 11
198 254 12
395 752 13
630 1120 14
254 305 15
395 1504 16
522 1798 17
308 581 18
522 752 19
342 962 20
730 1054 21
630 1860 22
1504 1860 23
342 637 24
395 1860 25
752 1860 26
600 1766 27
308 636 28
198 581 29
308 1137 30
497 1457 31
637 962 32
308 1540 33
522 1860 34
630 1798 35
522 1504 36
1504 1798 37
581 636 38
1120 1860 39
630 1504 40
752 1504 41
497 730 42
752 1798 43
142 636 44
176 730 45
308 621 46
522 1120 47
198 305 48
142 308 49
1798 1860 50
305 1137 51
308 334 52
254 1540 53
752 1120 54
1652 1753 55
254 308 56
1108 1713 57
308 1651 58
1283 1753 59
1528 1713 60
962 1652 61
830 864 62
1120 1798 63
342 1753 64
911 1027 65
962 1205 66
305 308 67
1027 1819 68
304 962 69
860 1027 70
1396 1640 71
636 1067 72
198 1540 73
80 1027 74
497 1092 75
574 1713 76
497 1054 77
654 1713 78
888 962 79
1230 1713 80
304 637 81
198 308 82
48 368 83
254 636 84
1027 1753 85
267 354 86
768 1753 87
288 308 88
395 1798 89
864 1753 90
1120 1504 91
305 1540 92
637 1652 93
176 497 94
354 1678 95
1139 1766 96
267 1678 97
43 314 98
165 715 99
432 1198 100
560 898 101
590 1838 102
464 1805 103
599 1726 104
1612 1713 105
1713 1761 106
574 1230 107
48 1640 108
308 1067 109
267 1805 110
80 560 111
714 888 112
647 1753 113
1088 1528 114
227 308 115
695 1027 116
739 804 117
560 655 118
1343 1713 119
607 1801 120
142 334 121
359 1713 122
351 1753 123
1231 1713 124
1626 1713 125
1199 1546 126
1713 1889 127
198 1137 128
637 1205 129
145 1283 130
314 1443 131
571 765 132
560 1344 133
59 560 134
142 1651 135
898 1697 136
140 895 137
714 768 138
830 962 139
898 1027 140
304 1753 141
1515 1659 142
368 1396 143
654 1230 144
48 260 145
151 305 146
342 1205 147
260 1640 148
560 850 149
277 511 150
1147 1314 151
618 1283 152
40 1753 153
244 1882 154
288 1137 155
560 1027 156
1500 1640 157
765 987 158
581 1651 159
715 1125 160
864 962 161
574 1108 162
714 1753 163
962 1753 164
560 1697 165
1519 1546 166
198 621 167
368 1640 168
621 1137 169
277 1621 170
48 1396 171
958 1027 172
151 1388 173
739 1493 174
1678 1805 175
888 1096 176
464 1678 177
571 987 178
590 1684 179
560 1625 180
768 888 181
129 1753 182
1491 1640 183
227 254 184
267 464 185
425 1337 186
217 1707 187
980 1337 188
435 1337 189
12 1753 190
804 1707 191
342 864 192
1491 1500 193
60 628 194
348 895 195
435 1639 196
43 1740 197
275 1832 198
1205 1753 199
59 1027 200
560 1314 201
150 1027 202
576 1590 203
560 1700 204
1364 1659 205
62 1801 206
151 1137 207
494 847 208
439 1027 209
742 1198 210
244 1829 211
1137 1388 212
1147 1588 213
473 589 214
484 1422 215
354 464 216
422 1546 217
846 1027 218
679 1108 219
260 316 220
908 1494 221
1027 1485 222
525 1422 223
59 80 224
208 1023 225
978 1417 226
1337 1639 227
494 1249 228
560 589 229
165 494 230
304 864 231
864 1027 232
425 435 233
440 1546 234
1126 1546 235
576 1081 236
1206 1687 237
59 898 238
354 1805 239
584 958 240
208 1753 241
577 1027 242
763 987 243
929 1713 244
1108 1230 245
33 1587 246
80 681 247
464 1710 248
928 1713 249
245 898 250
277 1145 251
674 1065 252
804 1749 253
1385 1713 254
804 1493 255
57 1805 256
739 1707 257
739 1749 258
214 772 259
425 1038 260
1493 1749 261
417 449 262
325 1027 263
277 1317 264
347 576 265
1108 1231 266
1108 1528 267
1511 1805 268
440 1126 269
765 882 270
494 1125 271
811 830 272
768 1283 273
1491 1498 274
507 1108 275
458 1027 276
1027 1866 277
584 946 278
158 560 279
338 1713 280
92 214 281
217 1614 282
244 549 283
300 525 284
316 368 285
628 1611 286
1485 1753 287
726 1302 288
1108 1889 289
87 311 290
571 763 291
92 898 292
334 581 293
681 1027 294
679 810 295
1498 1640 296
1525 1776 297
79 194 298
869 1713 299
695 1544 300
397 1707 301
560 855 302
681 1329 303
304 830 304
430 584 305
518 1725 306
765 1535 307
440 1519 308
507 810 309
535 1324 310
637 830 311
892 1713 312
217 1493 313
628 729 314
244 1841 315
368 1494 316
888 1753 317
681 695 318
69 674 319
384 411 320
1038 1337 321
492 1832 322
1458 1571 323
1088 1713 324
149 428 325
1205 1652 326
1477 1511 327
272 367 328
637 1753 329
766 1491 330
864 1820 331
424 541 332
674 1243 333
59 655 334
354 1511 335
757 1723 336
1624 1753 337
149 1027 338
810 1108 339
252 411 340
334 1651 341
1027 1329 342
62 149 343
560 794 344
714 1096 345
311 1155 346
397 1493 347
1059 1519 348
145 1753 349
245 560 350
1027 1662 351
203 767 352
898 1357 353
59 92 354
64 628 355
354 1677 356
334 1067 357
119 354 358
395 885 359
939 1007 360
432 994 361
343 1713 362
359 1612 363
654 1108 364
166 1824 365
342 830 366
990 1776 367
1102 1832 368
224 277 369
864 1370 370
473 1700 371
492 1177 372
735 1330 373
137 797 374
39 275 375
382 1686 376
149 1753 377
888 911 378
1027 1226 379
260 1494 380
1012 1832 381
1337 1833 382
1707 1749 383
158 898 384
976 1242 385
456 982 386
900 1027 387
528 1147 388
535 1511 389
1245 1337 390
214 277 391
1260 1726 392
311 1344 393
1621 1842 394
789 939 395
203 1312 396
240 1027 397
399 739 398
560 1633 399
368 1271 400
1229 1417 401
1324 1498 402
217 739 403
206 338 404
929 1108 405
582 1762 406
830 1205 407
244 640 408
528 1027 409
654 1889 410
284 1183 411
118 1753 412
62 214 413
1395 1753 414
475 1173 415
45 1183 416
1027 1209 417
864 1652 418
1027 1255 419
1529 1753 420
240 449 421
1551 1723 422
1776 1817 423
898 1625 424
1027 1285 425
203 1192 426
106 1384 427
149 1819 428
92 1027 429
46 712 430
260 1271 431
1632 1634 432
1027 1830 433
399 1707 434
199 756 435
507 1761 436
620 906 437
791 1752 438
476 1812 439
628 1526 440
1027 1292 441
1329 1829 442
120 1389 443
980 1728 444
1027 1132 445
216 400 446
149 1058 447
57 475 448
60 729 449
1118 1754 450
864 1785 451
628 1353 452
560 1562 453
168 1519 454
1535 1693 455
555 1391 456
810 1088 457
853 1027 458
46 740 459
435 1833 460
763 765 461
761 1027 462
1010 1713 463
778 1027 464
910 1027 465
1640 1837 466
1389 1390 467
1396 1494 468
1669 1858 469
260 1396 470
898 1754 471
59 1625 472
147 749 473
1639 1728 474
1446 1713 475
1027 1799 476
90 753 477
995 1102 478
1027 1148 479
59 1697 480
1093 1101 481
90 1369 482
865 1243 483
803 1776 484
1192 1718 485
1639 1833 486
1625 1697 487
507 1088 488
1231 1528 489
351 647 490
695 1329 491
425 1639 492
79 231 493
106 721 494
836 1713 495
1234 1491 496
518 911 497
226 681 498
258 512 499
304 342 500
136 735 501
1353 1526 502
399 1749 503
1183 1570 504
830 1652 505
148 1845 506
214 475 507
582 1288 508
46 1453 509
664 720 510
1344 1700 511
171 468 512
792 1027 513
864 1205 514
1027 1338 515
203 1718 516
403 1027 517
481 1101 518
214 769 519
810 1761 520
114 985 521
282 1587 522
637 864 523
367 528 524
500 1779 525
244 528 526
83 1844 527
35 485 528
358 765 529
763 882 530
435 980 531
43 1308 532
311 1601 533
258 1453 534
403 1624 535
628 1409 536
893 1052 537
214 714 538
712 1386 539
810 1213 540
226 1491 541
380 978 542
1027 1400 543
79 467 544
78 939 545
311 1625 546
183 1349 547
179 311 548
226 1640 549
203 1460 550
1027 1297 551
40 129 552
199 1155 553
59 1621 554
500 629 555
1027 1625 556
48 1552 557
242 855 558
1376 1511 559
428 1027 560
1027 1837 561
57 541 562
612 846 563
1329 1550 564
6 1052 565
946 1027 566
982 1480 567
576 1700 568
1098 1417 569
756 917 570
167 301 571
61 300 572
399 804 573
574 1626 574
898 1703 575
12 129 576
660 1391 577
77 1027 578
435 1728 579
1234 1552 580
79 1636 581
214 428 582
1465 1856 583
59 794 584
345 1752 585
830 1753 586
166 395 587
1465 1881 588
180 275 589
560 577 590
740 1386 591
1088 1108 592
368 1776 593
898 1691 594
1027 1227 595
171 1187 596
751 1777 597
240 830 598
485 1176 599
59 850 600
1682 1723 601
74 628 602
797 1617 603
214 244 604
1753 1850 605
214 1027 606
1357 1633 607
843 1408 608
311 1298 609
428 772 610
765 988 611
843 1183 612
660 1115 613
753 1369 614
1200 1777 615
560 1278 616
706 749 617
106 841 618
94 756 619
339 564 620
170 421 621
215 766 622
1014 1647 623
1027 1491 624
199 917 625
898 1002 626
145 618 627
654 1761 628
1038 1728 629
226 1329 630
560 1624 631
203 1693 632
841 1384 633
1376 1393 634
106 159 635
972 1511 636
116 772 637
274 893 638
476 1329 639
1158 1285 640
1115 1391 641
170 219 642
367 1686 643
867 1027 644
1088 1761 645
136 354 646
17 275 647
368 1552 648
476 681 649
275 942 650
421 458 651
476 1610 652
304 1839 653
48 316 654
214 494 655
355 1624 656
1217 1465 657
46 602 658
1027 1729 659
106 722 660
74 1353 661
92 863 662
48 1776 663
59 1562 664
1176 1587 665
1088 1760 666
45 1056 667
428 1529 668
475 937 669
397 1749 670
896 1762 671
969 1027 672
60 1611 673
242 560 674
756 1155 675
119 1805 676
1669 1739 677
146 681 678
769 1521 679
39 1102 680
203 716 681
342 1652 682
629 854 683
1027 1555 684
171 1323 685
1491 1552 686
973 1669 687
76 90 688
284 843 689
180 523 690
911 1725 691
94 199 692
175 1873 693
498 1070 694
998 1180 695
231 1477 696
749 751 697
1027 1033 698
911 1601 699
1594 1777 700
146 1329 701
988 1816 702
538 1798 703
582 643 704
1064 1102 705
318 1795 706
568 1429 707
797 1027 708
1027 1683 709
1396 1491 710
1176 1624 711
732 1723 712
1448 1669 713
149 1472 714
638 1726 715
950 1582 716
275 487 717
769 1837 718
17 705 719
226 1255 720
260 908 721
911 1548 722
1027 1157 723
60 1353 724
251 811 725
723 1883 726
21 1763 727
62 428 728
456 582 729
484 892 730
156 1033 731
628 1430 732
76 1369 733
333 720 734
725 1826 735
729 1353 736
582 1480 737
35 1587 738
341 1027 739
388 1341 740
1596 1723 741
844 882 742
87 756 743
159 807 744
589 1700 745
766 985 746
851 1511 747
323 846 748
1325 1723 749
64 1064 750
87 1155 751
171 1521 752
92 1805 753
304 1652 754
599 1224 755
92 1113 756
892 1343 757
1614 1882 758
106 175 759
146 476 760
48 1491 761
1255 1329 762
624 1723 763
476 588 764
255 565 765
1329 1629 766
1030 1460 767
158 1842 768
87 199 769
258 407 770
641 1883 771
1027 1769 772
388 1354 773
556 1304 774
912 1844 775
557 1253 776
174 1379 777
389 1027 778
792 1624 779
1329 1812 780
768 1096 781
714 1624 782
880 1624 783
1027 1562 784
37 167 785
1108 1343 786
1251 1631 787
1374 1598 788
1409 1611 789
379 807 790
242 898 791
427 893 792
617 1168 793
368 908 794
557 1474 795
436 686 796
725 1316 797
1316 1826 798
470 1208 799
83 912 800
1264 1666 801
72 275 802
171 807 803
1440 1624 804
178 1180 805
323 612 806
679 1088 807
1723 1864 808
1251 1464 809
781 1210 810
721 722 811
582 1433 812
149 1434 813
162 1842 814
557 1506 815
588 681 816
1185 1311 817
366 1509 818
602 1386 819
1630 1886 820
768 911 821
260 1552 822
1083 1556 823
1396 1552 824
214 1365 825
68 1529 826
475 1419 827
90 127 828
892 1848 829
263 898 830
767 1416 831
681 1428 832
1269 1354 833
1573 1795 834
119 1469 835
258 510 836
319 1777 837
388 1269 838
997 1723 839
599 1623 840
857 1776 841
1174 1619 842
1723 1857 843
311 837 844
366 1488 845
44 1192 846
1015 1173 847
911 1627 848
1027 1076 849
6 1782 850
1080 1465 851
48 1494 852
345 1128 853
360 761 854
1128 1694 855
386 1245 856
585 906 857
620 1466 858
64 1876 859
248 557 860
356 483 861
78 1525 862
171 665 863
857 1817 864
1299 1354 865
121 698 866
460 1333 867
843 916 868
311 917 869
376 1264 870
1691 1697 871
1122 1333 872
1306 1529 873
34 517 874
504 1781 875
526 1175 876
604 1773 877
259 1777 878
878 1723 879
855 1842 880
1445 1555 881
92 755 882
75 1185 883
260 1234 884
756 1298 885
594 612 886
843 1570 887
401 817 888
425 980 889
854 1779 890
908 1552 891
729 1855 892
1185 1742 893
162 819 894
246 1346 895
749 1200 896
311 1158 897
52 1070 898
985 1483 899
912 1003 900
1155 1298 901
212 1880 902
670 1748 903
1645 1723 904
248 555 905
39 184 906
893 1351 907
403 830 908
843 1218 909
436 1261 910
22 311 911
846 889 912
1088 1343 913
568 1416 914
1304 1446 915
1058 1600 916
672 1174 917
275 1874 918
528 1529 919
485 813 920
642 1026 921
402 777 922
64 241 923
321 1112 924
1058 1827 925
197 1883 926
203 1030 927
382 1529 928
505 1264 929
19 843 930
44 1191 931
843 1628 932
946 966 933
1398 1640 934
591 1107 935
817 1073 936
615 1624 937
843 1642 938
318 1573 939
1541 1797 940
307 761 941
189 258 942
959 1185 943
137 213 944
483 1349 945
149 515 946
295 1268 947
92 585 948
397 399 949
877 1723 950
311 827 951
507 1008 952
1351 1473 953
329 1266 954
357 1858 955
893 1447 956
1325 1682 957
258 1709 958
558 1187 959
863 1635 960
1042 1556 961
1341 1354 962
1058 1664 963
368 1234 964
825 1449 965
160 1844 966
843 897 967
231 1790 968
147 751 969
797 1089 970
258 816 971
316 1552 972
843 1870 973
331 767 974
368 1398 975
557 669 976
1131 1382 977
1168 1661 978
1245 1325 979
331 568 980
560 818 981
1285 1491 982
284 1570 983
973 1653 984
59 1278 985
52 498 986
203 1160 987
801 1027 988
363 912 989
245 428 990
199 1071 991
843 1846 992
807 1676 993
259 749 994
1003 1336 995
149 681 996
311 603 997
1661 1834 998
320 428 999
585 1635 1000
1000 1773 1001
61 135 1002
119 1027 1003
681 1550 1004
1321 1794 1005
121 561 1006
237 1842 1007
1600 1664 1008
6 638 1009
1042 1083 1010
178 883 1011
89 971 1012
329 1594 1013
1398 1491 1014
719 1723 1015
893 1788 1016
290 1056 1017
37 64 1018
408 1079 1019
583 681 1020
59 1624 1021
555 1874 1022
937 1173 1023
3 27 1024
762 1363 1025
578 1406 1026
1162 1541 1027
1694 1752 1028
460 1524 1029
873 1185 1030
149 1297 1031
842 1624 1032
329 751 1033
1770 1843 1034
819 1576 1035
184 527 1036
531 1323 1037
92 409 1038
401 496 1039
591 1222 1040
1027 1472 1041
617 1834 1042
690 1723 1043
1614 1707 1044
46 1733 1045
588 1812 1046
594 846 1047
274 1447 1048
397 804 1049
420 1723 1050
911 1569 1051
16 614 1052
280 1734 1053
1449 1545 1054
319 329 1055
323 423 1056
1783 1842 1057
409 1164 1058
1163 1881 1059
1058 1203 1060
1548 1569 1061
1096 1614 1062
351 1686 1063
1624 1842 1064
46 153 1065
409 1266 1066
1123 1193 1067
1191 1224 1068
754 907 1069
908 1640 1070
218 804 1071
323 616 1072
906 1529 1073
502 662 1074
777 793 1075
323 446 1076
183 1444 1077
73 701 1078
653 1723 1079
119 1721 1080
195 1792 1081
31 1883 1082
346 1605 1083
1018 1712 1084
1534 1622 1085
39 1202 1086
376 1666 1087
529 1592 1088
690 1109 1089
81 955 1090
1079 1182 1091
526 1293 1092
992 1653 1093
218 1493 1094
1610 1812 1095
724 1863 1096
25 1494 1097
648 1027 1098
1779 1872 1099
557 1041 1100
132 1655 1101
149 1033 1102
203 1831 1103
1116 1718 1104
439 774 1105
430 958 1106
448 1573 1107
749 1594 1108
819 1020 1109
311 1655 1110
132 311 1111
64 763 1112
105 366 1113
517 1016 1114
386 1309 1115
1027 1133 1116
34 519 1117
767 1116 1118
376 505 1119
10 1406 1120
186 512 1121
455 819 1122
1325 1405 1123
147 329 1124
147 842 1125
436 656 1126
915 1573 1127
681 1255 1128
146 302 1129
468 533 1130
843 1103 1131
1085 1617 1132
159 1599 1133
990 1525 1134
263 1697 1135
475 792 1136
791 1520 1137
6 893 1138
1056 1555 1139
1103 1408 1140
475 486 1141
926 1377 1142
217 804 1143
259 329 1144
557 1084 1145
597 992 1146
996 1834 1147
1161 1555 1148
5 1534 1149
1069 1070 1150
139 662 1151
381 517 1152
893 1112 1153
1507 1624 1154
757 1578 1155
533 1521 1156
1625 1691 1157
616 846 1158
391 1656 1159
556 1172 1160
617 1061 1161
996 1168 1162
278 311 1163
1393 1426 1164
274 1815 1165
874 1090 1166
840 1112 1167
475 1822 1168
620 1744 1169
46 1741 1170
109 1183 1171
329 1200 1172
874 1732 1173
1578 1723 1174
917 1298 1175
104 1653 1176
135 318 1177
1134 1576 1178
800 1629 1179
323 889 1180
1064 1598 1181
1303 1770 1182
723 1573 1183
187 816 1184
604 1071 1185
1185 1495 1186
311 1285 1187
500 1885 1188
1382 1641 1189
476 1004 1190
350 1810 1191
88 1187 1192
1027 1862 1193
387 627 1194
754 1506 1195
803 1525 1196
14 311 1197
174 989 1198
620 913 1199
871 1495 1200
1292 1297 1201
59 576 1202
248 524 1203
311 1705 1204
681 1610 1205
505 1666 1206
45 290 1207
94 1298 1208
223 1071 1209
119 1024 1210
638 1104 1211
48 1271 1212
281 1401 1213
556 1068 1214
620 1074 1215
1183 1408 1216
1278 1305 1217
187 813 1218
475 1075 1219
1522 1531 1220
6 64 1221
1727 1827 1222
615 1044 1223
260 1398 1224
1207 1524 1225
1663 1810 1226
171 364 1227
1286 1555 1228
591 1767 1229
1668 1771 1230
114 1775 1231
242 1842 1232
983 1207 1233
1343 1379 1234
171 586 1235
1493 1614 1236
519 680 1237
381 1624 1238
1234 1398 1239
428 1624 1240
455 1665 1241
186 1474 1242
723 1795 1243
96 295 1244
325 1020 1245
390 1622 1246
947 1027 1247
1513 1859 1248
69 557 1249
186 407 1250
766 1776 1251
749 1266 1252
642 1796 1253
67 1178 1254
1109 1723 1255
89 1362 1256
751 1266 1257
552 1022 1258
800 1842 1259
6 495 1260
635 843 1261
1123 1423 1262
164 1876 1263
214 403 1264
1183 1437 1265
187 814 1266
319 749 1267
1578 1682 1268
638 1479 1269
119 1567 1270
442 483 1271
242 1221 1272
1285 1776 1273
291 1513 1274
766 853 1275
44 716 1276
985 1775 1277
117 1379 1278
468 764 1279
1026 1807 1280
139 502 1281
877 1551 1282
1266 1777 1283
1223 1723 1284
1297 1365 1285
539 1356 1286
1232 1511 1287
192 1776 1288
757 1682 1289
237 1278 1290
560 786 1291
779 1027 1292
59 852 1293
1271 1297 1294
968 1027 1295
5 1668 1296
78 246 1297
1475 1723 1298
723 974 1299
321 840 1300
544 1565 1301
311 710 1302
680 1185 1303
25 967 1304
311 756 1305
519 1311 1306
1292 1583 1307
287 728 1308
44 745 1309
132 827 1310
260 1262 1311
356 806 1312
706 751 1313
291 1202 1314
186 1453 1315
1122 1524 1316
78 886 1317
739 1614 1318
173 1529 1319
360 1338 1320
1056 1183 1321
1240 1246 1322
1493 1707 1323
106 747 1324
585 1774 1325
754 1253 1326
788 1119 1327
213 396 1328
311 1560 1329
785 1306 1330
1161 1445 1331
87 94 1332
25 1334 1333
539 944 1334
837 1842 1335
48 1398 1336
222 728 1337
280 685 1338
419 1135 1339
174 1387 1340
1027 1868 1341
770 1727 1342
1078 1803 1343
996 1708 1344
546 798 1345
225 1255 1346
403 428 1347
707 1123 1348
372 1050 1349
333 1121 1350
515 1248 1351
1661 1708 1352
827 1655 1353
1423 1539 1354
8 320 1355
73 1061 1356
160 201 1357
1374 1876 1358
1009 1084 1359
1513 1735 1360
1297 1398 1361
68 830 1362
214 1624 1363
907 1253 1364
44 106 1365
325 1804 1366
488 1541 1367
587 1673 1368
1251 1830 1369
604 1334 1370
1119 1533 1371
311 779 1372
1428 1812 1373
144 1462 1374
332 1119 1375
585 1466 1376
135 1883 1377
771 1327 1378
1630 1727 1379
130 1816 1380
1837 1856 1381
325 678 1382
199 311 1383
159 1478 1384
1255 1491 1385
392 986 1386
451 1025 1387
620 894 1388
1312 1502 1389
149 1562 1390
799 952 1391
356 503 1392
1116 1246 1393
1178 1282 1394
173 1657 1395
1027 1608 1396
1161 1408 1397
688 1360 1398
3 957 1399
70 201 1400
157 311 1401
1191 1367 1402
34 1257 1403
329 706 1404
249 1851 1405
700 806 1406
106 171 1407
631 1449 1408
946 1624 1409
970 1183 1410
1329 1562 1411
84 788 1412
676 696 1413
716 1436 1414
159 221 1415
399 1614 1416
557 708 1417
1437 1555 1418
321 499 1419
1161 1286 1420
804 1614 1421
1121 1743 1422
325 1240 1423
716 947 1424
1019 1394 1425
1253 1506 1426
133 1468 1427
105 1581 1428
130 988 1429
323 580 1430
477 1624 1431
820 827 1432
30 1374 1433
1121 1414 1434
1367 1788 1435
1116 1474 1436
1285 1837 1437
1360 1423 1438
1149 1573 1439
1467 1600 1440
716 1291 1441
908 1297 1442
196 366 1443
532 539 1444
989 1387 1445
135 1073 1446
1209 1614 1447
6 443 1448
906 1466 1449
461 1851 1450
732 1109 1451
777 1255 1452
616 1116 1453
1178 1334 1454
203 1178 1455
186 814 1456
191 1476 1457
463 983 1458
1116 1192 1459
149 1828 1460
1111 1718 1461
64 1382 1462
1297 1847 1463
163 310 1464
1398 1500 1465
681 1562 1466
1456 1852 1467
134 363 1468
452 1117 1469
628 747 1470
690 1857 1471
119 482 1472
1583 1772 1473
335 1116 1474
799 1397 1475
1058 1467 1476
79 615 1477
298 572 1478
838 1265 1479
311 881 1480
1121 1564 1481
706 1777 1482
805 1415 1483
9 1516 1484
125 1513 1485
147 1777 1486
529 1121 1487
1319 1553 1488
1111 1116 1489
235 1112 1490
459 620 1491
6 904 1492
239 311 1493
491 798 1494
48 713 1495
509 838 1496
1238 1425 1497
159 1142 1498
203 1788 1499
784 1624 1500
747 1831 1501
1348 1750 1502
311 1567 1503
158 398 1504
819 1382 1505
996 1061 1506
1548 1549 1507
1073 1735 1508
1153 1423 1509
1467 1664 1510
1560 1640 1511
362 1796 1512
761 1235 1513
298 668 1514
538 1692 1515
186 490 1516
84 1119 1517
122 1529 1518
205 1701 1519
1321 1851 1520
335 1030 1521
684 1123 1522
1169 1234 1523
44 1584 1524
866 1423 1525
893 1191 1526
91 615 1527
843 1140 1528
423 657 1529
543 1394 1530
57 1624 1531
109 1555 1532
665 788 1533
1027 1047 1534
714 1614 1535
747 1521 1536
604 1624 1537
1356 1465 1538
605 1112 1539
188 1295 1540
316 1398 1541
450 1193 1542
888 1614 1543
1635 1729 1544
38 491 1545
101 1808 1546
269 1819 1547
967 1592 1548
6 486 1549
316 1297 1550
457 856 1551
1061 1768 1552
1116 1312 1553
1271 1396 1554
1319 1423 1555
491 1279 1556
594 1557 1557
613 963 1558
709 1807 1559
898 1729 1560
876 1620 1561
250 1032 1562
102 159 1563
538 1759 1564
568 1254 1565
579 1554 1566
897 1408 1567
620 1263 1568
853 857 1569
1060 1072 1570
1234 1396 1571
162 398 1572
355 615 1573
383 826 1574
681 786 1575
908 1398 1576
262 1615 1577
631 1382 1578
293 716 1579
92 1614 1580
716 1190 1581
1456 1811 1582
171 1382 1583
1319 1580 1584
757 1551 1585
911 1549 1586
1195 1584 1587
203 1191 1588
1113 1729 1589
1438 1708 1590
211 634 1591
508 1492 1592
1031 1562 1593
684 707 1594
107 1063 1595
1074 1466 1596
323 594 1597
1116 1641 1598
1428 1550 1599
506 1614 1600
700 1789 1601
594 889 1602
410 1607 1603
1442 1599 1604
1156 1890 1605
557 828 1606
1075 1112 1607
1396 1398 1608
185 1112 1609
583 1629 1610
203 1584 1611
437 1566 1612
843 1681 1613
990 1817 1614
38 1279 1615
593 975 1616
294 1121 1617
701 1174 1618
15 360 1619
704 1757 1620
73 313 1621
155 1501 1622
311 1469 1623
681 1830 1624
172 1011 1625
325 800 1626
361 1599 1627
585 620 1628
448 915 1629
506 1549 1630
746 1116 1631
1408 1642 1632
1805 1828 1633
311 792 1634
1013 1307 1635
1583 1830 1636
48 908 1637
279 1046 1638
750 1135 1639
1052 1782 1640
1297 1823 1641
1503 1599 1642
1783 1784 1643
271 1166 1644
325 381 1645
85 1359 1646
302 1421 1647
1220 1455 1648
26 137 1649
475 1472 1650
1378 1383 1651
637 837 1652
706 842 1653
1121 1424 1654
750 1236 1655
50 428 1656
1178 1690 1657
923 1511 1658
1156 1821 1659
6 681 1660
186 1793 1661
292 306 1662
1529 1608 1663
914 1727 1664
92 1729 1665
1408 1484 1666
330 1574 1667
1058 1275 1668
186 489 1669
783 846 1670
534 1689 1671
1400 1614 1672
193 1591 1673
1058 1110 1674
297 1747 1675
493 1313 1676
423 594 1677
1191 1788 1678
110 268 1679
403 1411 1680
48 1234 1681
323 1557 1682
278 1472 1683
977 1472 1684
388 853 1685
302 520 1686
213 1236 1687
615 1507 1688
1368 1472 1689
639 1068 1690
406 1194 1691
750 1722 1692
757 927 1693
15 1235 1694
677 1817 1695
234 799 1696
28 613 1697
94 853 1698
437 1239 1699
161 1234 1700
651 1150 1701
112 952 1702
723 1073 1703
1400 1643 1704
372 1312 1705
100 455 1706
731 1077 1707
737 1644 1708
1614 1749 1709
1183 1555 1710
1714 1731 1711
542 1450 1712
781 861 1713
495 1664 1714
801 1730 1715
921 1202 1716
355 1201 1717
446 616 1718
758 1486 1719
1617 1769 1720
11 838 1721
102 747 1722
1562 1788 1723
325 833 1724
1382 1654 1725
137 750 1726
398 681 1727
723 1318 1728
1794 1851 1729
893 1822 1730
908 1847 1731
819 1819 1732
312 365 1733
842 1266 1734
837 1392 1735
1398 1552 1736
232 1361 1737
320 1099 1738
480 554 1739
677 857 1740
819 1131 1741
927 1551 1742
1648 1649 1743
1275 1467 1744
887 1616 1745
1211 1532 1746
78 521 1747
239 316 1748
66 918 1749
548 853 1750
25 529 1751
1408 1846 1752
486 1382 1753
493 868 1754
651 1292 1755
1297 1494 1756
232 441 1757
547 800 1758
1111 1160 1759
834 1020 1760
506 1400 1761
822 1036 1762
1286 1445 1763
1441 1865 1764
633 1442 1765
321 835 1766
749 1399 1767
106 325 1768
26 550 1769
311 1392 1770
403 1278 1771
323 1028 1772
352 1133 1773
1602 1778 1774
161 1396 1775
620 1786 1776
1339 1688 1777
516 1144 1778
1061 1661 1779
1060 1681 1780
1116 1572 1781
94 1133 1782
1085 1715 1783
659 1381 1784
1275 1664 1785
278 879 1786
1060 1063 1787
635 1408 1788
648 1529 1789
8 1660 1790
149 792 1791
862 1313 1792
575 834 1793
150 482 1794
687 769 1795
256 1020 1796
947 1291 1797
1169 1297 1798
691 1529 1799
860 1614 1800
200 1035 1801
622 1716 1802
1047 1819 1803
585 913 1804
1034 1116 1805
970 1555 1806
1203 1600 1807
1366 1400 1808
126 1334 1809
433 538 1810
1614 1635 1811
657 846 1812
877 997 1813
1223 1614 1814
1396 1847 1815
26 1236 1816
580 657 1817
903 1888 1818
78 853 1819
787 1171 1820
612 657 1821
1140 1529 1822
6 1822 1823
943 1648 1824
26 86 1825
98 1037 1826
325 1538 1827
415 834 1828
521 1051 1829
1297 1350 1830
1058 1706 1831
423 446 1832
413 979 1833
302 1778 1834
1529 1862 1835
615 1174 1836
711 1335 1837
1372 1425 1838
682 750 1839
812 934 1840
107 1681 1841
152 1800 1842
296 325 1843
559 1614 1844
1290 1418 1845
1466 1529 1846
1529 1877 1847
238 871 1848
1392 1847 1849
681 1788 1850
68 585 1851
747 1478 1852
673 693 1853
1057 1595 1854
943 1649 1855
1123 1580 1856
202 1237 1857
302 1510 1858
782 1646 1859
557 1472 1860
620 1507 1861
933 1064 1862
325 1152 1863
551 819 1864
63 1167 1865
469 1197 1866
699 981 1867
302 1004 1868
957 1400 1869
1087 1116 1870
325 1499 1871
625 1112 1872
614 1567 1873
302 1244 1874
1105 1469 1875
1106 1332 1876
53 54 1877
520 704 1878
1425 1724 1879
800 819 1880
1475 1830 1881
842 1200 1882
321 993 1883
747 1142 1884
32 1589 1885
236 325 1886
853 1285 1887
119 1705 1888
667 1461 1889
1121 1141 1890
1675 1791 1891
68 811 1892
323 657 1893
1130 1568 1894
747 1520 1895
538 1219 1896
56 143 1897
111 1189 1898
884 960 1899
268 682 1900
1255 1799 1901
4 703 1902
373 1474 1903
842 1594 1904
349 1542 1905
649 1057 1906
853 1319 1907
1280 1420 1908
486 1624 1909
842 1777 1910
66 780 1911
608 1412 1912
704 1004 1913
727 1356 1914
444 1572 1915
923 1489 1916
1408 1555 1917
66 1704 1918
325 1463 1919
468 747 1920
228 302 1921
269 455 1922
833 1804 1923
1549 1569 1924
325 1695 1925
1189 1670 1926
671 746 1927
548 677 1928
1233 1400 1929
261 1380 1930
404 749 1931
585 648 1932
1365 1392 1933
1201 1507 1934
335 1254 1935
419 682 1936
1410 1849 1937
862 868 1938
1001 1664 1939
1047 1837 1940
608 979 1941
259 842 1942
644 1132 1943
601 1281 1944
540 1091 1945
309 945 1946
745 1609 1947
1151 1816 1948
677 853 1949
858 1435 1950
1421 1884 1951
1189 1806 1952
7 257 1953
1499 1665 1954
482 1402 1955
55 1472 1956
317 349 1957
159 335 1958
1373 1699 1959
747 1342 1960
1131 1573 1961
682 1135 1962
204 1837 1963
1375 1665 1964
1058 1823 1965
1178 1862 1966
482 991 1967
592 1334 1968
317 1075 1969
575 833 1970
26 1011 1971
1352 1404 1972
773 829 1973
925 1514 1974
708 1277 1975
1160 1503 1976
471 1214 1977
713 1569 1978
1136 1469 1979
513 1695 1980
751 842 1981
1140 1408 1982
99 1051 1983
747 1310 1984
251 403 1985
405 1350 1986
453 877 1987
238 1358 1988
678 1402 1989
669 1277 1990
853 1305 1991
326 1603 1992
1004 1778 1993
319 842 1994
649 919 1995
1111 1456 1996
131 775 1997
870 1331 1998
734 1273 1999
1472 1529 2000
26 1089 2001
247 1575 2002
403 1302 2003
1400 1451 2004
632 1051 2005
853 1837 2006
303 1267 2007
493 1322 2008
1297 1755 2009
649 687 2010
687 1191 2011
1252 1402 2012
747 1294 2013
801 975 2014
592 1516 2015
940 956 2016
1085 1868 2017
149 1131 2018
393 1082 2019
1518 1529 2020
26 1347 2021
238 1043 2022
677 1133 2023
1004 1884 2024
1347 1769 2025
834 1131 2026
853 1097 2027
861 1466 2028
1032 1452 2029
665 1279 2030
1297 1392 2031
620 648 2032
708 1332 2033
687 1322 2034
1472 1727 2035
1086 1559 2036
1132 1828 2037
1258 1751 2038
144 1352 2039
862 1585 2040
635 1236 2041
1788 1822 2042
327 1352 2043
1195 1503 2044
927 1717 2045
455 551 2046
669 708 2047
1664 1706 2048
110 682 2049
283 370 2050
1275 1600 2051
501 1679 2052
363 938 2053
1060 1216 2054
115 923 2055
256 482 2056
256 513 2057
1196 1352 2058
689 1670 2059
931 1116 2060
1352 1672 2061
398 800 2062
760 1600 2063
862 1322 2064
665 1654 2065
1291 1799 2066
551 1225 2067
1053 1094 2068
717 1129 2069
923 1577 2070
902 1702 2071
920 1219 2072
961 1143 2073
68 648 2074
687 716 2075
943 1503 2076
1334 1809 2077
159 1310 2078
675 802 2079
36 1825 2080
128 999 2081
162 938 2082
1398 1847 2083
1505 1514 2084
689 1806 2085
1275 1823 2086
649 1300 2087
1024 1828 2088
238 930 2089
1152 1352 2090
515 1702 2091
615 784 2092
891 1618 2093
965 1614 2094
1277 1589 2095
474 736 2096
265 610 2097
608 786 2098
325 652 2099
477 956 2100
385 1094 2101
1600 1823 2102
428 938 2103
1662 1828 2104
666 1660 2105
682 1613 2106
107 860 2107
790 1055 2108
353 1219 2109
1352 1496 2110
302 1757 2111
792 1300 2112
675 1427 2113
1595 1738 2114
687 1342 2115
1382 1499 2116
1086 1595 2117
692 1352 2118
1131 1671 2119
683 1315 2120
780 1828 2121
1654 1836 2122
438 1765 2123
160 1580 2124
455 834 2125
947 1503 2126
592 784 2127
1375 1561 2128
792 1075 2129
325 1300 2130
51 270 2131
1215 1853 2132
834 1538 2133
1371 1403 2134
1105 1567 2135
1212 1658 2136
1085 1174 2137
325 1095 2138
633 1503 2139
482 1136 2140
1596 1864 2141
398 938 2142
901 1274 2143
92 935 2144
495 1600 2145
567 708 2146
1499 1654 2147
429 1021 2148
849 1432 2149
1131 1836 2150
335 1111 2151
1407 1487 2152
1259 1382 2153
13 1138 2154
513 1862 2155
784 1472 2156
924 1452 2157
325 455 2158
1179 1822 2159
482 860 2160
716 1259 2161
1452 1459 2162
716 1799 2163
738 1876 2164
1040 1352 2165
1463 1819 2166
991 1136 2167
1132 1322 2168
687 1499 2169
471 1039 2170
58 1580 2171
1051 1138 2172
1228 1828 2173
309 792 2174
713 837 2175
207 1471 2176
692 1471 2177
713 1549 2178
1475 1853 2179
747 1382 2180
1029 1124 2181
1116 1503 2182
47 1170 2183
796 1517 2184
1654 1671 2185
1159 1580 2186
648 1466 2187
675 702 2188
404 842 2189
1704 1828 2190
1482 1596 2191
821 860 2192
687 1310 2193
741 1868 2194
862 1300 2195
918 1828 2196
1352 1452 2197
1375 1471 2198
444 1322 2199
336 1717 2200
784 792 2201
635 1484 2202
1181 1745 2203
1340 1475 2204
1402 1538 2205
445 1680 2206
1435 1471 2207
177 842 2208
179 881 2209
1665 1862 2210
455 1402 2211
609 1561 2212
682 1472 2213
1667 1868 2214
790 905 2215
233 1868 2216
744 1868 2217
900 1300 2218
1095 1100 2219
661 1608 2220
1764 1868 2221
842 1165 2222
1799 1840 2223
1154 1806 2224
853 1799 2225
1695 1809 2226
270 792 2227
697 1203 2228
567 1332 2229
113 1822 2230
837 1755 2231
948 1356 2232
207 1352 2233
1247 1861 2234
1300 1322 2235
650 1398 2236
575 1352 2237
606 842 2238
1215 1475 2239
566 1490 2240
779 1157 2241
736 1039 2242
477 849 2243
569 1780 2244
1186 1512 2245
649 1259 2246
482 1047 2247
1188 1609 2248
1326 1868 2249
687 738 2250
784 1367 2251
792 1240 2252
993 1075 2253
22 881 2254
792 1347 2255
414 1048 2256
570 1039 2257
20 190 2258
1105 1705 2259
1116 1508 2260
831 1828 2261
881 1775 2262
1392 1398 2263
953 1720 2264
1062 1114 2265
635 784 2266
666 792 2267
968 991 2268
1131 1259 2269
1471 1593 2270
1039 1141 2271
1580 1650 2272
823 920 2273
1452 1828 2274
1228 1719 2275
1382 1608 2276
1609 1702 2277
784 1103 2278
848 1186 2279
842 1828 2280
619 1799 2281
1095 1157 2282
569 1868 2283
1463 1537 2284
1517 1780 2285
453 1508 2286
1552 1847 2287
455 1809 2288
1736 1746 2289
1095 1114 2290
1228 1586 2291
658 1392 2292
1017 1809 2293
1039 1514 2294
551 935 2295
747 1654 2296
930 1039 2297
935 970 2298
1352 1435 2299
1412 1508 2300
26 792 2301
815 1094 2302
792 859 2303
964 1481 2304
650 713 2305
902 905 2306
713 1136 2307
2 792 2308
792 1869 2309
646 1508 2310
792 1875 2311
905 1055 2312
1047 1609 2313
1334 1828 2314
1105 1436 2315
1116 1862 2316
842 1399 2317
792 1822 2318
849 940 2319
1272 1746 2320
1579 1814 2321
902 1402 2322
687 1436 2323
623 875 2324
1392 1530 2325
49 190 2326
1039 1586 2327
1228 1499 2328
1475 1547 2329
747 1131 2330
652 1452 2331
747 947 2332
1004 1757 2333
1553 1650 2334
1518 1802 2335
815 1186 2336
1518 1758 2337
551 1047 2338
1105 1471 2339
694 1717 2340
1051 1745 2341
933 1508 2342
1608 1866 2343
1861 1879 2344
551 968 2345
1267 1300 2346
1538 1809 2347
713 1066 2348
625 1075 2349
1005 1518 2350
1277 1332 2351
648 1756 2352
899 902 2353
1530 1755 2354
832 947 2355
1006 1828 2356
1518 1685 2357
1600 1706 2358
951 1518 2359
1580 1828 2360
1203 1706 2361
1431 1463 2362
687 689 2363
932 940 2364
1543 1862 2365
1275 1706 2366
1828 1868 2367
941 1862 2368
661 1095 2369
1340 1596 2370
609 938 2371
1276 1862 2372
1296 1518 2373
1352 1490 2374
1758 1862 2375
687 808 2376
713 935 2377
872 1300 2378
815 1053 2379
1782 1822 2380
687 1867 2381
1034 1111 2382
743 1608 2383
902 1049 2384
573 1049 2385
1608 1685 2386
1136 1439 2387
635 1507 2388
713 1597 2389
909 1518 2390
1553 1580 2391
661 1871 2392
1039 1043 2393
812 1609 2394
1695 1696 2395
860 991 2396
1538 1758 2397
1049 1862 2398
645 1862 2399
949 1289 2400
1216 1439 2401
1272 1787 2402
1508 1654 2403
661 663 2404
594 1614 2405
626 1259 2406
738 1563 2407
809 1328 2408
652 1490 2409
902 1413 2410
1352 1670 2411
1674 1711 2412
951 1862 2413
1047 1133 2414
738 1696 2415
853 1047 2416
933 1799 2417
935 1140 2418
1398 1755 2419
954 1186 2420
853 968 2421
1284 1538 2422
1005 1862 2423
1116 1868 2424
611 1518 2425
718 1062 2426
1254 1508 2427
1250 1300 2428
569 1355 2429
1095 1562 2430
687 1256 2431
733 1301 2432
920 1328 2433
1017 1696 2434
1538 1828 2435
569 776 2436
948 1228 2437
626 1184 2438
815 954 2439
948 1039 2440
792 1131 2441
849 956 2442
935 1132 2443
1047 1408 2444
658 1755 2445
747 1300 2446
1259 1470 2447
687 1320 2448
1822 1868 2449
1400 1408 2450
738 1131 2451
713 1241 2452
788 1799 2453
815 1875 2454
682 784 2455
592 1862 2456
923 1696 2457
1300 1818 2458
1604 1608 2459
1609 1868 2460
1755 1813 2461
947 1300 2462
1274 1696 2463
1300 1425 2464
747 1861 2465
1259 1609 2466
718 1105 2467
687 947 2468
909 1862 2469
1105 1114 2470
1259 1547 2471
190 1300 2472
626 792 2473
1049 1538 2474
592 1518 2475
1105 1878 2476
1300 1436 2477
1452 1471 2478
687 1799 2479
1259 1654 2480
611 1862 2481
687 1259 2482
1049 1518 2483
1154 1352 2484
1296 1862 2485
881 968 2486
1259 1300 2487
687 1508 2488
1608 1878 2489
687 1300 2490
1154 1300 2491
