1835 2448 1
1002 1008 2
1729 1732 3
2404 2451 4
844 845 5
1803 2456 6
2614 2615 7
1729 1731 8
1803 2614 9
1803 2615 10
136 1731 11
136 1729 12
2446 2618 13
1388 2661 14
1729 1733 15
1803 2371 16
1835 2618 17
2398 2659 18
1731 1732 19
1730 1732 20
838 839 21
136 1733 22
1729 1730 23
1732 1733 24
2089 2398 25
1732 1734 26
229 808 27
898 1064 28
2281 2451 29
1729 1734 30
460 515 31
136 1732 32
651 843 33
813 814 34
2404 2450 35
97 98 36
838 840 37
843 845 38
1730 1731 39
2403 2451 40
2617 2618 41
1803 2449 42
684 838 43
2281 2404 44
1803 2599 45
85 87 46
1731 1733 47
136 1730 48
843 844 49
86 87 50
748 841 51
1731 1734 52
1432 1764 53
1835 2446 54
2446 2617 55
87 1322 56
808 809 57
1803 2608 58
1388 2662 59
2403 2404 60
329 2371 61
86 1322 62
2371 2456 63
728 841 64
1803 2609 65
2313 2398 66
1084 2391 67
1253 1254 68
832 2391 69
1733 1734 70
85 1322 71
87 1331 72
808 898 73
589 1637 74
136 1734 75
222 733 76
86 1331 77
2389 2391 78
2402 2451 79
85 86 80
1584 2658 81
2402 2404 82
2449 2456 83
1835 2617 84
1862 2391 85
651 845 86
1322 1323 87
2281 2391 88
1730 1733 89
2446 2448 90
1387 1388 91
2371 2599 92
87 2246 93
651 844 94
2448 2618 95
479 820 96
383 1536 97
586 1536 98
820 833 99
442 1253 100
814 817 101
2608 2609 102
479 833 103
2456 2599 104
329 1803 105
1730 1734 106
2089 2313 107
460 1532 108
433 804 109
2089 2659 110
692 997 111
60 1392 112
86 2246 113
1423 1424 114
2402 2450 115
1422 1424 116
1717 1718 117
2313 2659 118
505 1338 119
2390 2391 120
1002 2634 121
2357 2451 122
808 1772 123
101 1803 124
808 1064 125
692 1006 126
1803 2383 127
2357 2404 128
2404 2452 129
1536 2350 130
684 840 131
2374 2375 132
1672 2226 133
460 487 134
756 827 135
2448 2617 136
728 842 137
1335 2351 138
505 1339 139
1242 1243 140
689 690 141
45 986 142
2281 2450 143
643 1571 144
650 651 145
1338 1339 146
830 1532 147
374 596 148
737 998 149
2401 2404 150
553 818 151
808 1313 152
837 1639 153
898 1197 154
15 98 155
26 837 156
981 982 157
2450 2451 158
1584 1585 159
684 1391 160
963 2699 161
2403 2450 162
1432 1433 163
506 1008 164
728 748 165
2357 2403 166
36 45 167
1803 2370 168
2371 2616 169
692 996 170
998 999 171
2281 2403 172
442 1254 173
486 2226 174
692 1005 175
2402 2403 176
5 26 177
87 1311 178
329 2456 179
684 839 180
643 1723 181
86 1311 182
525 733 183
2456 2616 184
1318 2357 185
2371 2383 186
329 2608 187
2281 2452 188
742 2392 189
816 821 190
821 1184 191
1025 1249 192
2451 2452 193
1803 2616 194
2281 2611 195
898 1484 196
2357 2450 197
44 45 198
993 994 199
26 1639 200
898 1467 201
1387 2662 202
1633 1634 203
981 983 204
1376 1377 205
176 822 206
823 984 207
820 908 208
827 1293 209
460 830 210
643 1721 211
642 643 212
334 1002 213
2370 2371 214
460 829 215
982 983 216
506 1002 217
642 1723 218
837 1252 219
1637 1725 220
334 1008 221
487 829 222
1721 1723 223
1631 1728 224
1721 1722 225
1002 2406 226
1803 1848 227
1719 1721 228
2399 2442 229
1764 1765 230
242 728 231
898 968 232
1422 1423 233
1727 1728 234
2371 2449 235
329 2615 236
747 748 237
2403 2452 238
26 158 239
2401 2402 240
329 2614 241
829 1532 242
994 995 243
1337 1339 244
643 1719 245
85 1331 246
642 1722 247
101 2371 248
1007 2385 249
642 1719 250
2357 2452 251
2402 2452 252
690 1726 253
2444 2445 254
614 1765 255
1637 1648 256
804 807 257
278 827 258
329 2609 259
642 1721 260
818 1006 261
2357 2402 262
2281 2402 263
643 1722 264
1296 1637 265
898 969 266
1862 2404 267
2401 2403 268
24 520 269
1862 2357 270
92 837 271
984 1337 272
643 1720 273
1648 1725 274
210 374 275
156 2097 276
341 401 277
45 79 278
644 1721 279
479 508 280
589 1648 281
1719 1723 282
1318 1388 283
994 1385 284
651 708 285
689 1726 286
2281 2401 287
532 981 288
1380 1381 289
2389 2390 290
2450 2452 291
821 1533 292
515 1532 293
679 1247 294
92 1252 295
2447 2448 296
2357 2401 297
233 690 298
829 830 299
984 1339 300
1719 1722 301
1720 1723 302
1318 1862 303
460 2408 304
515 829 305
2448 2571 306
608 1765 307
1254 2338 308
460 967 309
1862 2403 310
486 1672 311
1330 1331 312
2376 2377 313
643 644 314
818 821 315
644 1720 316
24 640 317
87 592 318
644 1719 319
176 954 320
505 521 321
589 1725 322
811 1375 323
176 454 324
1795 2226 325
818 819 326
1421 1422 327
573 1385 328
810 1637 329
994 1384 330
478 833 331
642 1724 332
748 1577 333
968 969 334
1381 1383 335
642 644 336
1036 1242 337
1105 1249 338
1720 1721 339
808 1314 340
1721 1724 341
134 181 342
644 1723 343
1318 1387 344
775 1429 345
515 2408 346
1720 1722 347
1722 1723 348
5 837 349
893 2374 350
1337 1338 351
101 2370 352
651 698 353
515 830 354
644 1722 355
1528 2281 356
984 1338 357
85 1311 358
643 1724 359
1007 2384 360
1084 2389 361
2443 2445 362
351 1376 363
832 2389 364
238 1392 365
525 1373 366
532 982 367
1803 2610 368
2448 2725 369
238 554 370
504 505 371
1245 1246 372
1764 2612 373
222 732 374
684 1489 375
2387 2388 376
199 1388 377
1025 1250 378
532 1584 379
712 2411 380
592 1637 381
651 2468 382
1634 1636 383
1727 2724 384
2226 2410 385
651 1337 386
433 807 387
775 1427 388
775 1430 389
1421 1424 390
198 955 391
15 1374 392
60 437 393
478 820 394
651 2467 395
2226 2705 396
532 983 397
542 2738 398
229 809 399
2281 2357 400
1421 1423 401
1765 2612 402
995 1384 403
542 1060 404
644 1724 405
955 990 406
1719 1720 407
643 2680 408
805 1244 409
651 1339 410
684 2182 411
743 822 412
423 2089 413
684 1757 414
2399 2407 415
826 1322 416
651 709 417
642 1720 418
1333 1335 419
2097 2372 420
646 1571 421
827 1581 422
998 1329 423
2384 2385 424
2392 2394 425
1862 2402 426
437 2744 427
690 980 428
14 60 429
199 1862 430
731 2417 431
290 1064 432
684 1756 433
993 1384 434
836 1242 435
1862 2451 436
614 1764 437
1719 1724 438
525 1653 439
775 1428 440
690 963 441
1723 1724 442
719 2405 443
911 1390 444
1253 1579 445
478 479 446
454 1573 447
242 483 448
651 746 449
718 2405 450
1528 1862 451
1025 1105 452
1717 2382 453
1054 2411 454
1803 2369 455
86 592 456
643 1590 457
460 2441 458
692 1315 459
242 482 460
351 1377 461
651 1735 462
1428 1429 463
454 743 464
659 684 465
1254 1892 466
659 1391 467
1824 2443 468
698 1339 469
1249 1250 470
744 822 471
101 1848 472
199 2097 473
1428 1430 474
532 1585 475
1631 1727 476
176 743 477
200 818 478
651 1338 479
1753 2388 480
651 2740 481
651 984 482
1036 1037 483
1848 2370 484
486 2705 485
608 614 486
743 744 487
1572 1881 488
487 2408 489
505 1200 490
775 1426 491
227 442 492
404 816 493
442 894 494
444 505 495
1253 1578 496
2281 2460 497
1184 1533 498
1309 1331 499
1526 2397 500
87 233 501
1753 2387 502
596 816 503
1427 1428 504
492 816 505
1060 2738 506
1672 2705 507
1722 1724 508
740 1432 509
227 1254 510
822 1573 511
996 997 512
341 1033 513
638 2409 514
1862 2611 515
1384 1385 516
204 827 517
487 515 518
5 1639 519
242 485 520
684 1755 521
2378 2379 522
999 1534 523
1119 2735 524
651 2515 525
101 2369 526
818 1342 527
2407 2442 528
2443 2444 529
454 822 530
644 1590 531
1119 2332 532
744 1573 533
14 238 534
818 827 535
1253 2578 536
1637 2453 537
453 955 538
698 984 539
198 453 540
437 1803 541
1045 1242 542
437 2589 543
1318 1319 544
85 233 545
1253 1298 546
1720 1724 547
454 744 548
676 1263 549
1254 2190 550
1426 1430 551
573 993 552
923 2735 553
712 1054 554
477 640 555
503 1025 556
81 448 557
2402 2460 558
692 2668 559
1381 1382 560
592 1311 561
474 1727 562
646 647 563
743 1573 564
923 1119 565
816 1376 566
1386 1761 567
134 180 568
1383 1535 569
1862 2450 570
832 1084 571
1183 1531 572
1392 2660 573
14 1392 574
2571 2725 575
737 2373 576
401 492 577
816 1184 578
893 2375 579
1084 2390 580
683 684 581
832 2390 582
1426 1428 583
698 1338 584
1183 1574 585
676 1575 586
744 1324 587
1862 2452 588
2671 2672 589
808 951 590
2447 2571 591
1769 1770 592
2399 2400 593
1633 1636 594
637 640 595
1254 1255 596
227 1253 597
2447 2725 598
614 2612 599
638 640 600
1309 1311 601
505 1160 602
477 520 603
520 637 604
676 1431 605
24 638 606
423 2398 607
647 1571 608
611 613 609
134 172 610
737 999 611
1803 2744 612
264 596 613
1005 1006 614
229 1312 615
456 1386 616
1060 1526 617
1369 2146 618
520 639 619
692 693 620
108 134 621
611 614 622
1324 1325 623
1824 2444 624
609 614 625
1254 2479 626
993 1385 627
492 1184 628
542 1526 629
589 810 630
505 685 631
1818 2734 632
15 1375 633
244 674 634
479 507 635
478 2377 636
661 1061 637
233 689 638
351 816 639
637 638 640
319 818 641
423 2313 642
815 1184 643
242 661 644
1313 1314 645
638 639 646
450 2140 647
698 1337 648
1119 2736 649
613 614 650
1756 1757 651
204 1342 652
507 508 653
199 2400 654
454 1711 655
810 1648 656
86 233 657
608 613 658
1526 2738 659
603 998 660
1147 1377 661
199 1318 662
1025 1737 663
238 742 664
408 474 665
2632 2704 666
129 998 667
131 182 668
477 638 669
1426 1429 670
437 2369 671
608 609 672
639 640 673
1054 2412 674
611 612 675
608 611 676
609 611 677
2400 2665 678
504 685 679
520 638 680
521 685 681
609 613 682
180 1752 683
478 2376 684
741 742 685
1718 2382 686
2588 2680 687
1369 2606 688
454 2580 689
1754 1756 690
815 816 691
423 2659 692
612 614 693
609 612 694
1316 1317 695
1037 1242 696
2276 2449 697
244 676 698
401 1033 699
607 614 700
2400 2442 701
814 2674 702
1298 1578 703
733 1653 704
914 2457 705
1175 1862 706
238 741 707
2373 2545 708
2167 2168 709
477 637 710
1635 1636 711
2 176 712
815 2732 713
1803 2679 714
496 1756 715
297 861 716
1426 1427 717
60 238 718
993 995 719
2675 2676 720
621 702 721
996 1315 722
447 448 723
228 229 724
1006 1768 725
2332 2735 726
573 995 727
1036 2585 728
2680 2700 729
199 2357 730
610 614 731
553 819 732
955 1645 733
610 611 734
1380 1382 735
954 2695 736
1028 1924 737
1175 1184 738
198 954 739
610 612 740
1100 1753 741
1044 1637 742
1333 1824 743
1025 2707 744
2352 2672 745
589 1296 746
199 1387 747
693 2668 748
828 2274 749
2357 2591 750
408 2724 751
53 1468 752
923 2551 753
2400 2666 754
176 443 755
136 137 756
504 1636 757
589 724 758
1862 2281 759
2 954 760
297 859 761
1563 2373 762
2352 2671 763
453 454 764
676 2685 765
1334 1335 766
1803 2678 767
308 638 768
592 1648 769
222 373 770
1803 2589 771
444 504 772
26 111 773
496 1755 774
496 1757 775
1374 1375 776
515 2441 777
238 663 778
1578 1579 779
676 1175 780
494 684 781
550 553 782
1648 2072 783
1862 2401 784
1803 2677 785
1848 2369 786
1531 1574 787
1631 1632 788
596 1175 789
440 894 790
264 1184 791
2097 2386 792
718 719 793
1253 1255 794
955 2552 795
2584 2585 796
505 1636 797
995 1385 798
684 1754 799
2735 2736 800
264 1755 801
655 658 802
1315 2668 803
869 1241 804
2400 2407 805
413 665 806
818 1581 807
454 867 808
740 1764 809
612 613 810
608 610 811
1160 1636 812
176 979 813
436 638 814
1427 1429 815
766 1106 816
242 484 817
265 627 818
408 1728 819
433 1244 820
744 1325 821
821 2613 822
374 989 823
478 507 824
520 640 825
1808 1809 826
2665 2666 827
1335 1824 828
1582 1758 829
431 1318 830
1036 2584 831
108 181 832
923 2736 833
2400 2684 834
134 135 835
609 610 836
466 669 837
911 1389 838
653 656 839
718 1316 840
1427 1430 841
2415 2416 842
233 1726 843
1773 2704 844
264 684 845
676 1640 846
2281 2591 847
2089 2716 848
610 613 849
596 676 850
638 691 851
1391 1756 852
1754 1755 853
498 1336 854
589 664 855
815 1533 856
592 1808 857
1105 1250 858
1369 2283 859
1380 1383 860
608 612 861
818 887 862
1175 2357 863
1100 2388 864
266 474 865
629 651 866
2680 2743 867
653 658 868
1534 2168 869
2705 2706 870
505 1646 871
693 1315 872
618 702 873
1000 1001 874
875 1818 875
481 655 876
655 656 877
954 2696 878
912 1808 879
442 1255 880
156 2386 881
919 1256 882
266 1727 883
712 1971 884
656 657 885
955 2695 886
1326 1328 887
492 1533 888
549 553 889
718 1317 890
2695 2696 891
460 1771 892
777 1850 893
1754 1757 894
679 680 895
608 2224 896
2369 2744 897
266 2724 898
495 596 899
596 1184 900
620 702 901
1044 2378 902
1382 1383 903
504 1160 904
592 1272 905
50 53 906
573 2663 907
573 1375 908
2101 2103 909
85 592 910
589 882 911
112 136 912
482 483 913
737 2545 914
626 627 915
1755 1757 916
229 441 917
1036 2587 918
676 887 919
529 1583 920
922 2415 921
2675 2702 922
2369 2370 923
1425 1768 924
598 1025 925
2081 2474 926
665 666 927
53 1201 928
447 2151 929
614 2224 930
265 625 931
504 521 932
815 821 933
921 1256 934
133 2593 935
227 1578 936
609 2224 937
204 818 938
1500 2378 939
2498 2544 940
1298 1579 941
733 1373 942
133 678 943
265 624 944
1369 2284 945
505 506 946
500 2641 947
374 735 948
692 1236 949
678 2593 950
1773 2632 951
413 666 952
496 684 953
737 1534 954
553 2690 955
589 1647 956
448 2151 957
638 677 958
1755 1756 959
1119 1787 960
1881 1959 961
2349 2350 962
343 1881 963
654 658 964
2101 2745 965
129 1329 966
497 498 967
200 1006 968
439 442 969
1375 2275 970
573 2664 971
2102 2709 972
1647 1648 973
676 978 974
2458 2675 975
1308 1311 976
373 733 977
500 1025 978
350 2363 979
640 691 980
2101 2708 981
1290 1775 982
1948 2593 983
732 733 984
656 705 985
2089 2091 986
156 2372 987
1862 2460 988
653 705 989
1006 1425 990
260 616 991
961 1242 992
2101 2709 993
435 638 994
914 1146 995
446 505 996
496 1754 997
504 547 998
176 2250 999
589 1044 1000
882 1648 1001
2474 2475 1002
564 2688 1003
1184 2732 1004
592 664 1005
676 2698 1006
1326 1327 1007
466 667 1008
429 466 1009
1119 2106 1010
133 2673 1011
506 521 1012
705 706 1013
503 2675 1014
607 609 1015
624 627 1016
1363 2274 1017
264 1175 1018
280 281 1019
607 611 1020
654 655 1021
667 668 1022
711 712 1023
343 1285 1024
592 1322 1025
453 2362 1026
656 658 1027
1848 2697 1028
244 1431 1029
622 1241 1030
401 404 1031
775 1670 1032
244 675 1033
1429 1430 1034
176 453 1035
618 620 1036
669 670 1037
1848 2733 1038
242 1580 1039
245 1095 1040
474 574 1041
730 731 1042
222 750 1043
2102 2745 1044
542 543 1045
1006 1767 1046
349 413 1047
620 621 1048
923 2332 1049
1385 2664 1050
2088 2089 1051
453 2420 1052
668 669 1053
1263 1375 1054
491 493 1055
1106 2472 1056
53 421 1057
542 2543 1058
1391 1755 1059
816 1377 1060
1321 1766 1061
592 810 1062
280 2573 1063
867 2580 1064
914 2592 1065
1289 1328 1066
637 639 1067
1036 2583 1068
520 677 1069
1574 2504 1070
1054 1170 1071
5 46 1072
474 555 1073
619 621 1074
676 1576 1075
460 488 1076
627 2162 1077
520 691 1078
308 358 1079
1315 2261 1080
487 488 1081
1289 1326 1082
199 431 1083
618 621 1084
2665 2684 1085
222 731 1086
633 634 1087
1175 2698 1088
471 472 1089
2103 2745 1090
2688 2705 1091
631 632 1092
408 1631 1093
859 861 1094
2352 2731 1095
281 2573 1096
592 1309 1097
638 703 1098
1421 1554 1099
413 2363 1100
474 499 1101
646 992 1102
504 1646 1103
554 742 1104
607 610 1105
520 693 1106
2103 2708 1107
474 475 1108
112 149 1109
494 1755 1110
1035 1036 1111
413 1751 1112
408 1727 1113
1636 1646 1114
1534 2167 1115
482 485 1116
496 1175 1117
1574 2588 1118
543 2397 1119
156 199 1120
691 692 1121
604 605 1122
816 1533 1123
955 2696 1124
2585 2587 1125
15 811 1126
619 620 1127
1381 2501 1128
1386 2701 1129
496 596 1130
227 229 1131
133 1948 1132
549 550 1133
2101 2102 1134
449 450 1135
483 485 1136
653 657 1137
1201 1321 1138
672 673 1139
199 2110 1140
1036 2586 1141
150 1321 1142
477 639 1143
1812 2415 1144
1028 1030 1145
2103 2709 1146
656 706 1147
729 731 1148
483 484 1149
995 2664 1150
1704 2089 1151
543 1526 1152
911 1282 1153
351 1147 1154
519 520 1155
1309 1330 1156
667 669 1157
444 521 1158
829 967 1159
914 2571 1160
589 592 1161
667 670 1162
492 1570 1163
2593 2673 1164
520 692 1165
549 551 1166
503 574 1167
622 834 1168
2688 2706 1169
618 619 1170
624 625 1171
657 658 1172
1767 1768 1173
625 627 1174
1428 1670 1175
266 1631 1176
404 1184 1177
1055 1175 1178
1201 1766 1179
1229 2357 1180
495 1175 1181
500 2675 1182
553 824 1183
653 655 1184
678 2673 1185
482 484 1186
503 2641 1187
1948 2673 1188
607 612 1189
45 70 1190
712 2566 1191
1812 2416 1192
596 2698 1193
481 812 1194
618 878 1195
678 1948 1196
1310 1311 1197
466 668 1198
613 2224 1199
543 886 1200
625 626 1201
337 374 1202
607 608 1203
685 687 1204
882 1647 1205
834 869 1206
199 1319 1207
654 705 1208
1533 2732 1209
2190 2479 1210
481 656 1211
440 442 1212
501 502 1213
1289 1327 1214
919 921 1215
1425 1767 1216
1381 2500 1217
624 626 1218
2513 2514 1219
596 2732 1220
742 2737 1221
499 501 1222
836 1037 1223
1025 1026 1224
1862 2591 1225
244 1652 1226
691 693 1227
700 1862 1228
657 705 1229
150 1201 1230
1381 2169 1231
1751 2363 1232
139 358 1233
439 894 1234
374 1758 1235
499 555 1236
676 1228 1237
481 705 1238
737 1563 1239
350 1751 1240
439 1655 1241
447 1796 1242
742 1378 1243
726 1316 1244
50 1468 1245
491 492 1246
503 681 1247
555 573 1248
592 724 1249
266 627 1250
592 2712 1251
996 2381 1252
429 669 1253
265 266 1254
596 1228 1255
710 712 1256
2467 2468 1257
474 503 1258
995 2663 1259
910 911 1260
993 2663 1261
229 359 1262
993 2664 1263
1381 2496 1264
1862 2358 1265
53 1006 1266
350 413 1267
494 495 1268
1229 2281 1269
724 1296 1270
547 818 1271
1119 2519 1272
639 691 1273
499 574 1274
592 1647 1275
640 677 1276
264 495 1277
204 1581 1278
1385 2663 1279
264 496 1280
460 940 1281
2457 2592 1282
2566 2643 1283
550 551 1284
596 1055 1285
659 706 1286
1327 1328 1287
374 1582 1288
869 1762 1289
1264 1375 1290
498 2455 1291
1381 2279 1292
640 1649 1293
632 707 1294
1389 1390 1295
622 869 1296
1824 1825 1297
244 887 1298
227 1255 1299
475 655 1300
834 1241 1301
2682 2683 1302
470 472 1303
374 722 1304
592 1308 1305
39 126 1306
1823 1825 1307
658 706 1308
1774 1775 1309
481 657 1310
672 1461 1311
474 2724 1312
150 165 1313
654 657 1314
675 676 1315
698 1657 1316
826 1500 1317
1160 1646 1318
404 1533 1319
552 553 1320
474 476 1321
18 53 1322
517 1582 1323
1263 1264 1324
520 704 1325
520 703 1326
1044 1296 1327
458 460 1328
708 709 1329
2110 2400 1330
1009 2741 1331
474 501 1332
503 2458 1333
638 1649 1334
474 500 1335
499 1375 1336
1033 2469 1337
1381 2061 1338
607 613 1339
280 1411 1340
505 857 1341
458 1771 1342
640 2692 1343
374 734 1344
621 670 1345
408 1632 1346
470 1086 1347
603 1329 1348
185 210 1349
456 504 1350
729 750 1351
1264 2462 1352
912 1809 1353
2173 2332 1354
1837 1838 1355
1175 1229 1356
1825 1828 1357
345 351 1358
670 702 1359
954 955 1360
967 1532 1361
165 1201 1362
638 704 1363
297 2255 1364
596 815 1365
859 2253 1366
5 111 1367
444 445 1368
618 877 1369
14 663 1370
2088 2091 1371
676 1652 1372
1572 1959 1373
1751 2272 1374
653 654 1375
705 971 1376
766 2472 1377
336 374 1378
513 515 1379
139 736 1380
481 706 1381
481 658 1382
222 1529 1383
494 1754 1384
816 2732 1385
656 971 1386
188 1339 1387
701 804 1388
2272 2363 1389
618 670 1390
373 731 1391
150 1766 1392
634 635 1393
674 675 1394
865 866 1395
658 705 1396
1381 2495 1397
2557 2681 1398
112 148 1399
179 1100 1400
1330 2368 1401
2272 2688 1402
592 1750 1403
638 2692 1404
640 704 1405
877 878 1406
564 2272 1407
401 2122 1408
869 1763 1409
685 686 1410
737 2482 1411
592 1044 1412
596 1533 1413
592 882 1414
374 721 1415
573 574 1416
165 1766 1417
674 676 1418
1036 1949 1419
1175 1318 1420
2081 2082 1421
572 573 1422
971 973 1423
408 438 1424
566 567 1425
493 1570 1426
654 656 1427
1825 1827 1428
1819 1821 1429
401 403 1430
892 894 1431
893 1713 1432
700 804 1433
2371 2714 1434
659 971 1435
861 2255 1436
996 1236 1437
373 732 1438
2571 2592 1439
2371 2715 1440
922 2416 1441
520 1649 1442
914 2718 1443
481 653 1444
496 1184 1445
1308 1309 1446
213 374 1447
229 1298 1448
640 703 1449
1829 2594 1450
165 1321 1451
624 2162 1452
401 2469 1453
503 1737 1454
564 2705 1455
227 725 1456
686 687 1457
861 2253 1458
607 2224 1459
629 631 1460
2097 2110 1461
1735 2413 1462
561 914 1463
484 485 1464
503 598 1465
401 881 1466
242 1238 1467
654 706 1468
778 1263 1469
2097 2501 1470
465 466 1471
408 563 1472
553 1638 1473
198 2696 1474
343 1284 1475
374 926 1476
447 701 1477
685 688 1478
430 680 1479
476 681 1480
2515 2740 1481
1825 1826 1482
373 750 1483
498 544 1484
1713 2304 1485
382 515 1486
2097 2279 1487
2332 2736 1488
501 503 1489
1260 1375 1490
266 438 1491
368 905 1492
1229 1862 1493
826 1271 1494
244 541 1495
718 720 1496
721 722 1497
2068 2144 1498
138 139 1499
574 681 1500
199 2372 1501
494 496 1502
554 663 1503
861 2254 1504
499 682 1505
696 1007 1506
655 659 1507
2097 2400 1508
1381 2499 1509
470 987 1510
135 178 1511
481 971 1512
555 681 1513
742 1379 1514
1175 2685 1515
742 852 1516
53 617 1517
198 2552 1518
476 499 1519
1290 1774 1520
531 532 1521
1823 1829 1522
38 1536 1523
229 996 1524
710 711 1525
222 2494 1526
498 2480 1527
429 670 1528
1309 1310 1529
1434 1881 1530
686 688 1531
718 726 1532
481 654 1533
495 496 1534
499 681 1535
662 663 1536
592 1296 1537
859 2255 1538
910 1390 1539
474 1375 1540
554 741 1541
723 724 1542
2504 2588 1543
500 501 1544
710 2566 1545
199 2386 1546
737 1230 1547
1024 1025 1548
603 604 1549
659 705 1550
564 2363 1551
1329 1830 1552
714 715 1553
695 696 1554
2564 2565 1555
226 714 1556
474 655 1557
499 502 1558
596 1810 1559
466 467 1560
1820 1821 1561
429 667 1562
112 137 1563
53 1736 1564
567 569 1565
266 624 1566
2169 2500 1567
429 668 1568
592 2072 1569
464 2454 1570
495 1184 1571
503 682 1572
433 2070 1573
1050 2359 1574
466 670 1575
1828 1829 1576
2557 2559 1577
1825 1829 1578
1021 1025 1579
266 626 1580
2061 2097 1581
222 746 1582
592 2264 1583
2097 2169 1584
476 555 1585
2272 2687 1586
53 533 1587
609 2191 1588
515 537 1589
625 2162 1590
1246 1307 1591
233 592 1592
498 1884 1593
1827 1828 1594
1823 1828 1595
1282 1390 1596
814 1362 1597
238 662 1598
266 625 1599
919 922 1600
341 1393 1601
737 738 1602
382 537 1603
112 2141 1604
18 1201 1605
404 2122 1606
572 574 1607
297 2254 1608
500 2702 1609
2363 2688 1610
205 1001 1611
225 226 1612
633 1630 1613
555 1375 1614
777 1870 1615
2081 2083 1616
1434 2418 1617
365 553 1618
629 2471 1619
742 889 1620
112 2393 1621
404 499 1622
668 670 1623
198 2695 1624
266 2162 1625
479 2488 1626
517 1758 1627
555 574 1628
1004 1006 1629
1292 2102 1630
112 114 1631
1381 2497 1632
264 1754 1633
972 973 1634
266 563 1635
468 1363 1636
859 2254 1637
176 2346 1638
654 659 1639
515 534 1640
210 989 1641
574 1375 1642
652 713 1643
14 554 1644
592 883 1645
1261 1375 1646
460 1760 1647
656 659 1648
630 632 1649
629 2476 1650
623 2395 1651
1762 1763 1652
1375 2355 1653
238 451 1654
1381 2498 1655
1018 2161 1656
1602 2689 1657
629 707 1658
492 499 1659
608 2191 1660
265 408 1661
264 1055 1662
514 515 1663
2097 2495 1664
53 1004 1665
620 670 1666
2061 2500 1667
2081 2084 1668
962 1311 1669
396 1285 1670
448 701 1671
439 440 1672
500 2676 1673
1052 2359 1674
1229 2591 1675
433 805 1676
571 573 1677
281 1411 1678
230 698 1679
2102 2103 1680
453 816 1681
2471 2476 1682
629 1735 1683
1823 1824 1684
404 491 1685
500 503 1686
834 2502 1687
2458 2641 1688
502 503 1689
313 553 1690
681 1375 1691
374 2465 1692
676 1038 1693
886 2481 1694
470 471 1695
681 682 1696
1228 2685 1697
503 555 1698
530 532 1699
564 2570 1700
176 590 1701
1292 2101 1702
653 659 1703
696 2384 1704
408 2503 1705
1308 1310 1706
1750 2264 1707
374 517 1708
592 1310 1709
603 605 1710
834 2488 1711
909 911 1712
1870 1871 1713
629 632 1714
1489 1755 1715
2279 2500 1716
696 2385 1717
746 2494 1718
1184 2179 1719
1391 1489 1720
2495 2500 1721
528 532 1722
1381 2097 1723
1850 1870 1724
397 460 1725
479 834 1726
1378 1379 1727
319 2682 1728
2279 2495 1729
596 818 1730
742 1158 1731
421 2208 1732
474 502 1733
564 2706 1734
1824 1826 1735
1827 1829 1736
1824 1827 1737
2495 2496 1738
358 736 1739
630 631 1740
2061 2279 1741
777 1869 1742
286 1064 1743
2495 2499 1744
1862 2280 1745
2061 2495 1746
479 607 1747
1245 1307 1748
446 521 1749
910 1282 1750
404 492 1751
528 529 1752
53 2693 1753
14 1058 1754
1735 2414 1755
2097 2498 1756
1016 1018 1757
343 1959 1758
742 974 1759
343 1572 1760
2556 2557 1761
338 505 1762
569 1009 1763
598 599 1764
515 1210 1765
605 606 1766
658 659 1767
2097 2500 1768
2169 2495 1769
515 851 1770
461 463 1771
499 500 1772
2061 2169 1773
564 1751 1774
392 574 1775
2169 2496 1776
630 1864 1777
674 1652 1778
1292 2103 1779
233 810 1780
971 972 1781
1170 2483 1782
500 502 1783
2169 2279 1784
2496 2500 1785
919 920 1786
1175 1228 1787
462 464 1788
1263 2275 1789
503 2702 1790
2061 2499 1791
2169 2499 1792
190 404 1793
1751 2570 1794
341 492 1795
1044 2379 1796
350 494 1797
2498 2500 1798
567 568 1799
373 729 1800
524 532 1801
561 562 1802
699 701 1803
507 834 1804
569 2577 1805
2169 2498 1806
431 893 1807
465 467 1808
2363 2687 1809
2272 2570 1810
2499 2500 1811
1870 1872 1812
2558 2559 1813
469 2274 1814
401 1320 1815
459 460 1816
476 574 1817
197 199 1818
826 2568 1819
2061 2501 1820
522 532 1821
1876 1877 1822
740 1433 1823
1174 1175 1824
1271 2568 1825
238 505 1826
922 1812 1827
1704 2091 1828
1210 1211 1829
2497 2500 1830
616 2739 1831
2498 2499 1832
522 524 1833
308 677 1834
529 532 1835
562 834 1836
1038 1175 1837
1169 2483 1838
527 532 1839
2513 2565 1840
503 2707 1841
1282 1389 1842
433 905 1843
1819 1820 1844
724 1044 1845
468 2274 1846
1260 1264 1847
1823 1827 1848
2173 2559 1849
198 990 1850
498 1196 1851
953 954 1852
264 428 1853
448 700 1854
860 1421 1855
1489 1756 1856
2496 2499 1857
630 698 1858
2061 2498 1859
2496 2498 1860
1529 2494 1861
2279 2496 1862
2500 2501 1863
266 2503 1864
657 659 1865
2497 2499 1866
2169 2497 1867
374 1479 1868
481 659 1869
1028 1029 1870
607 2191 1871
1038 1228 1872
2173 2556 1873
515 1211 1874
573 681 1875
2495 2501 1876
2061 2497 1877
2097 2496 1878
435 436 1879
2279 2498 1880
2496 2497 1881
503 2676 1882
885 886 1883
1375 2461 1884
700 701 1885
777 1871 1886
1264 2355 1887
1526 2543 1888
2495 2497 1889
342 343 1890
566 569 1891
2279 2497 1892
787 895 1893
925 1257 1894
176 464 1895
490 2350 1896
492 493 1897
2254 2255 1898
515 967 1899
1369 2145 1900
2498 2501 1901
496 1055 1902
522 530 1903
403 499 1904
729 730 1905
613 2321 1906
787 788 1907
2559 2681 1908
1850 1869 1909
336 1838 1910
1642 1643 1911
1704 2088 1912
433 753 1913
2279 2501 1914
2499 2501 1915
830 967 1916
1796 2151 1917
349 495 1918
569 1434 1919
893 894 1920
554 662 1921
1044 1271 1922
373 746 1923
2488 2502 1924
2363 2713 1925
222 729 1926
513 534 1927
525 531 1928
112 2493 1929
604 2669 1930
1264 2275 1931
1850 1871 1932
498 1883 1933
522 525 1934
524 530 1935
555 682 1936
2588 2743 1937
358 374 1938
592 641 1939
604 606 1940
1869 1871 1941
562 607 1942
522 531 1943
526 532 1944
920 1256 1945
1850 1872 1946
1228 2698 1947
698 1194 1948
524 525 1949
503 1375 1950
630 707 1951
714 745 1952
592 929 1953
2169 2501 1954
6 137 1955
499 503 1956
536 742 1957
1826 1827 1958
176 188 1959
527 531 1960
1263 2462 1961
951 1313 1962
561 2718 1963
2061 2496 1964
2097 2497 1965
811 1374 1966
826 2396 1967
910 1389 1968
392 573 1969
461 464 1970
564 2686 1971
2496 2501 1972
2279 2499 1973
787 2492 1974
2080 2081 1975
1500 2379 1976
592 696 1977
700 1979 1978
343 2590 1979
1823 1826 1980
129 1830 1981
1264 2461 1982
470 1130 1983
511 512 1984
522 528 1985
675 1652 1986
1104 1105 1987
2495 2498 1988
2272 2713 1989
616 2489 1990
319 2683 1991
623 835 1992
528 531 1993
894 1656 1994
895 2487 1995
1169 1170 1996
462 463 1997
530 531 1998
476 682 1999
523 532 2000
592 723 2001
129 603 2002
396 1284 2003
607 2488 2004
859 2717 2005
349 494 2006
526 531 2007
60 112 2008
2173 2681 2009
1533 2179 2010
562 2488 2011
550 1177 2012
698 1251 2013
343 396 2014
887 978 2015
43 48 2016
515 538 2017
2556 2681 2018
176 1806 2019
914 1049 2020
1616 2134 2021
925 1258 2022
698 1864 2023
2097 2499 2024
297 2717 2025
524 531 2026
527 530 2027
603 606 2028
1170 2558 2029
522 529 2030
787 2487 2031
1869 1870 2032
547 864 2033
524 529 2034
561 1146 2035
341 404 2036
408 928 2037
479 562 2038
503 1742 2039
525 530 2040
925 1259 2041
2556 2559 2042
537 851 2043
469 1363 2044
677 2692 2045
524 528 2046
350 495 2047
1270 1813 2048
238 452 2049
442 1655 2050
2280 2281 2051
565 1822 2052
742 890 2053
198 1645 2054
788 895 2055
616 2177 2056
1170 2559 2057
338 446 2058
2497 2498 2059
894 1815 2060
529 531 2061
603 2669 2062
344 352 2063
1037 1740 2064
510 511 2065
374 545 2066
308 804 2067
523 524 2068
529 530 2069
456 2701 2070
525 526 2071
1015 1018 2072
19 53 2073
2363 2565 2074
525 527 2075
560 561 2076
2173 2557 2077
5 121 2078
524 527 2079
1652 1863 2080
522 523 2081
891 892 2082
440 1656 2083
566 568 2084
1263 2355 2085
443 672 2086
726 1317 2087
675 887 2088
921 922 2089
1016 1019 2090
1704 2716 2091
2393 2493 2092
336 2465 2093
474 872 2094
914 1048 2095
574 682 2096
499 870 2097
204 1206 2098
524 526 2099
1188 1533 2100
442 1656 2101
481 2251 2102
250 252 2103
891 893 2104
635 1630 2105
766 2471 2106
895 2492 2107
859 860 2108
860 861 2109
1015 1016 2110
522 527 2111
523 527 2112
592 930 2113
592 2549 2114
694 695 2115
528 530 2116
522 526 2117
233 664 2118
1881 2418 2119
382 851 2120
523 530 2121
826 1268 2122
352 1658 2123
525 528 2124
357 358 2125
572 681 2126
461 462 2127
1264 2633 2128
746 1529 2129
1170 2484 2130
446 506 2131
19 50 2132
350 665 2133
2363 2570 2134
654 1028 2135
2487 2492 2136
523 525 2137
1530 2667 2138
494 1184 2139
19 421 2140
526 529 2141
1043 1044 2142
2663 2664 2143
404 1570 2144
439 1656 2145
523 531 2146
374 546 2147
266 928 2148
766 2470 2149
776 892 2150
930 1616 2151
1169 2484 2152
476 1375 2153
523 528 2154
1044 1168 2155
1830 1831 2156
349 665 2157
1261 1264 2158
2483 2484 2159
433 752 2160
776 894 2161
444 446 2162
319 942 2163
503 1023 2164
526 528 2165
542 1527 2166
776 893 2167
229 1297 2168
1736 2562 2169
1641 1875 2170
358 434 2171
336 337 2172
463 464 2173
2497 2501 2174
448 1796 2175
1050 1052 2176
336 2466 2177
527 529 2178
466 619 2179
912 1036 2180
1272 1273 2181
676 1863 2182
382 1270 2183
374 2466 2184
526 527 2185
1274 1275 2186
1869 1872 2187
474 871 2188
1018 2078 2189
1012 1016 2190
48 1822 2191
526 530 2192
409 988 2193
892 893 2194
523 526 2195
592 1821 2196
603 1299 2197
108 109 2198
527 528 2199
14 1059 2200
559 561 2201
656 1303 2202
1641 1877 2203
629 650 2204
592 1819 2205
618 880 2206
332 680 2207
53 2644 2208
392 681 2209
887 1652 2210
2353 2464 2211
2575 2576 2212
539 541 2213
776 1815 2214
861 2717 2215
1014 1018 2216
1257 1259 2217
1405 1406 2218
675 1863 2219
677 1649 2220
48 565 2221
826 1168 2222
1222 1873 2223
1176 1270 2224
559 2488 2225
920 921 2226
1875 1878 2227
238 338 2228
350 666 2229
816 2179 2230
1797 2711 2231
2255 2717 2232
718 1846 2233
914 915 2234
1044 1500 2235
561 2464 2236
547 888 2237
2678 2679 2238
703 704 2239
1865 1866 2240
892 1815 2241
382 538 2242
1184 1188 2243
2277 2465 2244
433 806 2245
374 952 2246
523 529 2247
550 1178 2248
2413 2414 2249
930 1273 2250
1044 2568 2251
1260 2275 2252
241 335 2253
737 1231 2254
226 1130 2255
826 2550 2256
1641 1878 2257
2463 2464 2258
515 1270 2259
560 562 2260
2146 2283 2261
344 1658 2262
1529 2667 2263
1018 1019 2264
633 635 2265
1815 1816 2266
914 1047 2267
2465 2466 2268
718 1845 2269
1052 1643 2270
2332 2557 2271
525 532 2272
1644 1652 2273
510 512 2274
618 876 2275
1260 1263 2276
1263 1575 2277
1797 2133 2278
337 2465 2279
788 2487 2280
1044 1502 2281
474 870 2282
2490 2491 2283
397 1032 2284
481 2322 2285
607 834 2286
235 2469 2287
176 1486 2288
1012 1018 2289
1500 2568 2290
561 2353 2291
503 870 2292
882 883 2293
2574 2576 2294
405 406 2295
433 518 2296
816 1188 2297
409 697 2298
478 2485 2299
1220 1811 2300
478 2425 2301
818 888 2302
568 569 2303
1139 1207 2304
1873 1874 2305
2332 2559 2306
358 1847 2307
894 1816 2308
932 933 2309
1300 1846 2310
891 894 2311
1139 2561 2312
852 974 2313
859 1436 2314
596 2105 2315
1271 1500 2316
226 430 2317
476 503 2318
592 2520 2319
930 1272 2320
1263 2461 2321
374 446 2322
1362 2674 2323
383 1018 2324
384 1018 2325
392 572 2326
633 949 2327
1051 1052 2328
1500 2567 2329
776 1816 2330
805 806 2331
199 1175 2332
517 518 2333
244 1190 2334
1188 2179 2335
373 730 2336
2574 2575 2337
1885 1886 2338
264 1651 2339
718 1300 2340
752 753 2341
914 1046 2342
1850 2116 2343
860 2253 2344
481 2278 2345
1175 1227 2346
457 459 2347
478 2486 2348
373 2494 2349
453 1187 2350
2332 2681 2351
892 1816 2352
826 2567 2353
1292 2708 2354
1797 2548 2355
656 2251 2356
2144 2459 2357
618 879 2358
1677 2575 2359
336 2277 2360
656 1302 2361
215 351 2362
1257 1258 2363
1271 2550 2364
1877 2108 2365
167 696 2366
592 1820 2367
1258 1259 2368
1948 2553 2369
404 493 2370
302 1438 2371
861 1436 2372
1276 1277 2373
1012 1019 2374
308 2409 2375
469 1334 2376
129 1831 2377
238 857 2378
337 2466 2379
592 962 2380
1050 1051 2381
1271 2567 2382
1055 1184 2383
1277 1545 2384
606 2669 2385
1304 1814 2386
776 891 2387
1015 1019 2388
2363 2564 2389
2146 2606 2390
2082 2083 2391
266 408 2392
1016 2078 2393
893 2070 2394
1677 2576 2395
64 165 2396
1287 1289 2397
2100 2103 2398
913 914 2399
893 1816 2400
496 2360 2401
559 560 2402
793 868 2403
450 907 2404
559 562 2405
619 879 2406
262 1220 2407
351 639 2408
701 1491 2409
1013 1018 2410
308 1494 2411
619 880 2412
914 916 2413
914 1347 2414
14 379 2415
383 384 2416
459 1882 2417
823 2726 2418
1222 2478 2419
296 596 2420
930 2134 2421
451 452 2422
309 374 2423
1300 1845 2424
1426 2149 2425
433 858 2426
835 2395 2427
1012 1015 2428
2473 2475 2429
36 70 2430
1641 2108 2431
1948 2554 2432
402 826 2433
752 858 2434
131 132 2435
1677 2574 2436
260 2739 2437
2173 2534 2438
185 850 2439
1703 2090 2440
1159 1948 2441
2473 2474 2442
592 826 2443
855 856 2444
1019 2161 2445
226 1348 2446
995 2648 2447
569 2104 2448
503 1024 2449
1044 2550 2450
252 939 2451
193 1066 2452
496 1549 2453
503 871 2454
1426 2150 2455
332 1248 2456
226 1304 2457
629 630 2458
971 1303 2459
308 338 2460
19 1201 2461
503 2252 2462
2470 2471 2463
2714 2715 2464
1044 2567 2465
406 2569 2466
1260 2355 2467
2677 2678 2468
619 876 2469
705 1303 2470
1514 2085 2471
705 1302 2472
889 890 2473
1530 1797 2474
238 340 2475
260 2489 2476
460 1032 2477
536 852 2478
308 1214 2479
891 1816 2480
129 177 2481
399 473 2482
264 938 2483
1013 1016 2484
548 1885 2485
368 518 2486
635 949 2487
1375 2331 2488
389 572 2489
1604 2689 2490
1948 2540 2491
823 863 2492
2275 2355 2493
826 1044 2494
1641 1876 2495
1958 1959 2496
733 1198 2497
753 858 2498
176 1807 2499
514 1212 2500
1047 1406 2501
213 338 2502
213 722 2503
1038 1039 2504
1019 2160 2505
446 645 2506
592 2160 2507
1003 2069 2508
226 715 2509
515 1212 2510
558 562 2511
129 184 2512
2283 2606 2513
752 905 2514
229 428 2515
2275 2461 2516
2489 2547 2517
243 244 2518
337 359 2519
659 2251 2520
503 872 2521
870 871 2522
860 1554 2523
818 2117 2524
2353 2463 2525
373 1083 2526
654 1362 2527
476 1370 2528
250 1222 2529
2567 2568 2530
907 1349 2531
352 2555 2532
308 340 2533
1292 2097 2534
2096 2102 2535
495 1055 2536
592 1019 2537
914 917 2538
476 1371 2539
690 759 2540
1641 2155 2541
892 2070 2542
1875 2107 2543
671 2085 2544
1222 1874 2545
387 681 2546
394 396 2547
561 2463 2548
690 760 2549
690 1508 2550
690 758 2551
176 1698 2552
204 1205 2553
541 1038 2554
1641 2156 2555
226 1814 2556
951 1314 2557
2155 2157 2558
1529 1797 2559
238 332 2560
406 2119 2561
995 2647 2562
1924 2560 2563
223 592 2564
806 1219 2565
1530 2548 2566
2550 2568 2567
1187 1188 2568
383 386 2569
1875 2109 2570
273 875 2571
887 1342 2572
1261 2275 2573
337 2277 2574
1288 1289 2575
1013 1019 2576
1173 1222 2577
227 428 2578
2155 2156 2579
374 927 2580
696 1295 2581
740 777 2582
1029 1030 2583
2080 2083 2584
2086 2090 2585
2505 2523 2586
559 834 2587
358 1280 2588
1260 2461 2589
1210 1212 2590
490 2349 2591
1277 1494 2592
758 874 2593
1207 2561 2594
2098 2103 2595
2677 2679 2596
443 1461 2597
308 971 2598
264 2646 2599
2100 2102 2600
19 109 2601
568 1074 2602
1342 1652 2603
500 598 2604
688 2166 2605
70 113 2606
891 1815 2607
1529 2548 2608
1602 1604 2609
445 446 2610
2097 2103 2611
432 433 2612
244 2113 2613
466 956 2614
1641 2157 2615
350 633 2616
403 492 2617
264 932 2618
352 2045 2619
349 350 2620
1018 2337 2621
2581 2582 2622
308 2309 2623
1876 2108 2624
226 884 2625
2287 2563 2626
481 1836 2627
742 975 2628
2363 2513 2629
431 2563 2630
1870 2116 2631
909 910 2632
431 2287 2633
1261 2355 2634
1280 1510 2635
2146 2284 2636
385 1018 2637
510 554 2638
1500 2550 2639
492 1056 2640
185 541 2641
1214 1277 2642
1872 2116 2643
297 1436 2644
696 2159 2645
350 414 2646
1211 1212 2647
2096 2103 2648
358 1207 2649
2156 2157 2650
860 1957 2651
1038 1040 2652
443 673 2653
2332 2556 2654
262 1811 2655
503 1021 2656
492 1522 2657
1202 1203 2658
432 806 2659
1774 1881 2660
592 1409 2661
1187 2179 2662
1529 2711 2663
190 401 2664
659 1010 2665
1608 1611 2666
308 1277 2667
414 854 2668
478 2478 2669
598 1024 2670
727 1533 2671
1875 2108 2672
405 2569 2673
302 861 2674
2085 2572 2675
1014 1019 2676
1012 1014 2677
774 778 2678
619 956 2679
1047 1405 2680
541 977 2681
914 1346 2682
114 115 2683
264 1868 2684
696 2158 2685
398 399 2686
1383 1659 2687
1845 1846 2688
263 264 2689
826 1043 2690
2083 2084 2691
892 2071 2692
698 1301 2693
51 53 2694
395 396 2695
490 1769 2696
1980 2533 2697
561 1435 2698
238 368 2699
1869 2116 2700
2080 2082 2701
387 573 2702
1261 2461 2703
1074 2104 2704
1196 2339 2705
481 1303 2706
806 2060 2707
1493 2252 2708
47 71 2709
525 529 2710
1229 2280 2711
1530 2711 2712
39 47 2713
1018 2077 2714
414 855 2715
373 1529 2716
1704 2087 2717
358 546 2718
341 403 2719
599 636 2720
548 1886 2721
568 2104 2722
337 1135 2723
432 2070 2724
571 2176 2725
806 2070 2726
47 130 2727
1187 1533 2728
758 800 2729
308 823 2730
2082 2084 2731
352 846 2732
652 1027 2733
503 1026 2734
243 1190 2735
383 385 2736
592 1043 2737
1184 1187 2738
2280 2358 2739
481 1302 2740
960 961 2741
308 767 2742
2254 2717 2743
1565 1641 2744
1268 2568 2745
12 112 2746
389 681 2747
592 2348 2748
936 939 2749
659 2278 2750
244 2115 2751
1175 2323 2752
2099 2103 2753
433 1219 2754
592 2347 2755
1426 1926 2756
101 102 2757
619 957 2758
350 635 2759
1222 2477 2760
193 1267 2761
198 1306 2762
518 752 2763
2080 2084 2764
2355 2461 2765
414 1050 2766
1361 1362 2767
481 2324 2768
1019 2078 2769
2098 2102 2770
411 971 2771
1240 1867 2772
227 1418 2773
352 847 2774
648 1050 2775
966 967 2776
1703 1704 2777
598 1021 2778
1513 2111 2779
419 446 2780
1047 1048 2781
358 1348 2782
392 571 2783
536 974 2784
922 1257 2785
356 373 2786
404 1056 2787
226 1701 2788
308 1276 2789
240 241 2790
412 1369 2791
816 1187 2792
752 2079 2793
1268 1271 2794
244 2114 2795
1526 1527 2796
431 1472 2797
599 2490 2798
599 2546 2799
194 1865 2800
481 2187 2801
953 955 2802
592 2161 2803
432 1219 2804
200 1859 2805
1533 2012 2806
253 1222 2807
433 2073 2808
459 1771 2809
1602 1605 2810
1068 1274 2811
250 939 2812
971 1302 2813
183 184 2814
870 872 2815
1012 2078 2816
674 1342 2817
335 1279 2818
1038 1041 2819
659 2324 2820
1012 1013 2821
388 443 2822
478 1533 2823
785 860 2824
1529 1530 2825
141 358 2826
824 1638 2827
920 1880 2828
2540 2554 2829
492 1057 2830
1881 2135 2831
305 2579 2832
466 957 2833
1704 2090 2834
641 1185 2835
1815 2382 2836
1185 1187 2837
2579 2603 2838
414 856 2839
500 1024 2840
414 1051 2841
988 1182 2842
1044 1499 2843
2099 2102 2844
515 1213 2845
1604 1702 2846
226 449 2847
966 970 2848
1703 2087 2849
39 130 2850
273 758 2851
352 1357 2852
883 930 2853
2087 2090 2854
75 503 2855
541 700 2856
848 849 2857
479 559 2858
1703 2086 2859
559 607 2860
1742 2458 2861
213 721 2862
240 335 2863
535 849 2864
1260 2462 2865
208 1513 2866
1513 2112 2867
1038 1042 2868
1047 1049 2869
1159 2554 2870
1605 2689 2871
1236 1238 2872
208 1514 2873
659 2432 2874
193 2138 2875
75 1025 2876
250 1173 2877
403 404 2878
1268 2567 2879
945 1038 2880
252 255 2881
500 1021 2882
1486 2250 2883
252 254 2884
1219 2070 2885
2086 2087 2886
442 1070 2887
1029 1361 2888
1048 1049 2889
498 1223 2890
2165 2166 2891
431 831 2892
358 1699 2893
1179 1180 2894
2113 2115 2895
405 797 2896
190 2122 2897
1096 1867 2898
117 210 2899
352 414 2900
1074 2095 2901
75 2352 2902
1046 1047 2903
492 1192 2904
2550 2567 2905
305 2603 2906
392 2176 2907
1260 1261 2908
2382 2637 2909
536 849 2910
871 872 2911
914 2524 2912
592 1214 2913
2114 2115 2914
39 71 2915
302 1151 2916
648 1052 2917
464 2346 2918
1530 2133 2919
340 971 2920
1513 1514 2921
1703 1705 2922
818 1566 2923
1807 2250 2924
31 896 2925
204 1204 2926
264 1904 2927
1292 2099 2928
214 682 2929
405 1551 2930
2283 2284 2931
2339 2525 2932
344 2555 2933
94 584 2934
518 905 2935
141 1699 2936
688 2165 2937
1024 1026 2938
352 395 2939
478 1222 2940
855 1053 2941
2540 2553 2942
498 1027 2943
893 2071 2944
344 414 2945
718 1409 2946
1046 1049 2947
1261 1263 2948
500 1026 2949
599 2491 2950
18 19 2951
592 695 2952
695 2159 2953
302 859 2954
72 305 2955
261 2489 2956
795 2263 2957
1348 1349 2958
129 183 2959
193 2137 2960
598 1023 2961
460 1466 2962
517 901 2963
215 639 2964
262 1587 2965
350 496 2966
659 1836 2967
1292 2096 2968
910 1286 2969
654 1030 2970
1004 2710 2971
671 1514 2972
916 1048 2973
629 698 2974
879 880 2975
368 758 2976
440 1188 2977
1409 2630 2978
2097 2100 2979
273 368 2980
302 2334 2981
223 233 2982
700 945 2983
1219 2074 2984
349 496 2985
797 1551 2986
208 2112 2987
1292 2098 2988
394 395 2989
629 1301 2990
440 1187 2991
414 648 2992
1044 1268 2993
905 2079 2994
1068 2148 2995
1292 2100 2996
1547 1548 2997
660 991 2998
777 778 2999
250 936 3000
349 414 3001
535 536 3002
226 2143 3003
916 1047 3004
915 1048 3005
433 2079 3006
758 1226 3007
806 2074 3008
1013 1014 3009
915 916 3010
252 262 3011
592 1168 3012
654 1029 3013
210 1473 3014
598 1026 3015
1704 1705 3016
2553 2554 3017
654 1361 3018
1514 2112 3019
1834 1835 3020
818 1569 3021
874 975 3022
770 1068 3023
2149 2150 3024
238 758 3025
458 459 3026
411 677 3027
442 1482 3028
695 1295 3029
2436 2437 3030
358 545 3031
1774 2135 3032
854 1053 3033
541 1039 3034
1514 2572 3035
499 1209 3036
1214 1494 3037
238 690 3038
1383 1660 3039
432 2074 3040
856 1053 3041
1774 2596 3042
414 1052 3043
1017 1019 3044
433 1217 3045
1043 1168 3046
252 1222 3047
12 35 3048
303 2579 3049
1029 1362 3050
252 1173 3051
1238 1580 3052
2113 2114 3053
264 645 3054
498 652 3055
188 1045 3056
659 1303 3057
1046 1048 3058
1158 1517 3059
652 1223 3060
75 598 3061
238 354 3062
185 977 3063
264 1559 3064
733 1199 3065
1881 2305 3066
344 847 3067
688 1364 3068
2097 2102 3069
252 936 3070
193 1065 3071
1021 1024 3072
253 939 3073
1704 2086 3074
264 2118 3075
659 1302 3076
1159 1517 3077
2107 2108 3078
273 338 3079
1514 2111 3080
498 1208 3081
569 1074 3082
2019 2339 3083
758 1224 3084
440 1184 3085
2485 2486 3086
233 962 3087
970 1063 3088
1881 2596 3089
876 879 3090
308 2285 3091
554 896 3092
1426 2597 3093
2173 2263 3094
352 417 3095
233 1214 3096
893 1815 3097
951 1183 3098
344 1357 3099
193 1067 3100
541 850 3101
559 825 3102
169 866 3103
1282 1283 3104
252 253 3105
2097 2099 3106
492 1707 3107
238 273 3108
1565 2157 3109
460 1112 3110
915 1046 3111
193 194 3112
344 395 3113
1550 1551 3114
329 2131 3115
915 1049 3116
1039 1040 3117
252 1220 3118
428 1298 3119
198 1307 3120
648 1051 3121
1526 1931 3122
2096 2097 3123
1184 2012 3124
854 855 3125
481 780 3126
726 1540 3127
349 416 3128
541 946 3129
916 1046 3130
433 2074 3131
1491 1493 3132
1230 1231 3133
1115 2533 3134
203 204 3135
1500 1502 3136
490 2272 3137
1262 1263 3138
1352 1485 3139
1529 2133 3140
2097 2098 3141
75 500 3142
344 2045 3143
782 1040 3144
388 393 3145
403 1056 3146
1856 1857 3147
2111 2112 3148
558 559 3149
876 880 3150
1096 1240 3151
185 944 3152
213 238 3153
1158 1159 3154
2070 2071 3155
659 2187 3156
727 1203 3157
778 924 3158
368 759 3159
225 1418 3160
806 2073 3161
915 1047 3162
541 1041 3163
1177 1178 3164
409 1564 3165
1306 1307 3166
224 592 3167
226 577 3168
518 904 3169
918 921 3170
916 1049 3171
541 1042 3172
727 1202 3173
1027 1223 3174
194 1866 3175
352 1355 3176
1184 1185 3177
1012 2077 3178
432 2073 3179
1058 1059 3180
1263 1505 3181
1263 1947 3182
125 2380 3183
1257 1365 3184
2108 2109 3185
758 1225 3186
2107 2109 3187
253 936 3188
442 1928 3189
554 977 3190
774 777 3191
188 1020 3192
344 846 3193
208 2111 3194
225 227 3195
432 1217 3196
1185 1186 3197
255 936 3198
157 373 3199
297 302 3200
831 1472 3201
1815 2637 3202
1040 1042 3203
868 2380 3204
303 2603 3205
1023 1026 3206
186 397 3207
404 576 3208
700 1038 3209
1527 2543 3210
652 1208 3211
1224 1225 3212
959 961 3213
1219 2073 3214
2382 2635 3215
185 945 3216
490 2363 3217
541 782 3218
861 1449 3219
2073 2074 3220
726 1195 3221
1352 2356 3222
38 1951 3223
1013 2077 3224
1039 1042 3225
849 852 3226
2096 2100 3227
758 759 3228
1159 2540 3229
699 700 3230
255 939 3231
896 977 3232
700 1040 3233
226 227 3234
255 1179 3235
372 1074 3236
1019 2077 3237
1159 2553 3238
2098 2100 3239
250 253 3240
1184 1189 3241
478 2307 3242
351 1011 3243
659 1366 3244
1065 1066 3245
1926 2150 3246
966 1506 3247
372 568 3248
2173 2262 3249
2127 2131 3250
945 1040 3251
305 2075 3252
696 873 3253
1066 1067 3254
1608 1610 3255
1100 2427 3256
414 1489 3257
2172 2263 3258
185 946 3259
389 392 3260
238 800 3261
6 140 3262
343 965 3263
273 759 3264
541 945 3265
238 759 3266
250 255 3267
392 2175 3268
1268 1500 3269
2096 2098 3270
455 456 3271
481 1920 3272
48 96 3273
945 1039 3274
956 957 3275
1881 2595 3276
329 414 3277
1281 1282 3278
71 122 3279
1224 1226 3280
755 1214 3281
1569 2117 3282
253 1173 3283
598 1492 3284
518 2079 3285
372 2104 3286
1774 2595 3287
2172 2173 3288
382 1213 3289
226 556 3290
433 1218 3291
696 1044 3292
1268 2550 3293
1220 1221 3294
195 200 3295
795 2172 3296
2171 2173 3297
714 2256 3298
478 2433 3299
797 2173 3300
253 1180 3301
700 1039 3302
541 944 3303
1260 1262 3304
2539 2540 3305
125 868 3306
308 660 3307
1068 1805 3308
429 696 3309
186 1773 3310
2034 2144 3311
400 404 3312
199 1485 3313
541 1040 3314
770 1699 3315
240 1278 3316
433 1789 3317
1039 1041 3318
1115 1980 3319
1587 1811 3320
382 1212 3321
141 770 3322
2099 2100 3323
1348 2336 3324
468 469 3325
1774 2305 3326
2139 2140 3327
2150 2597 3328
387 388 3329
404 1192 3330
503 1344 3331
1021 1026 3332
303 305 3333
818 1568 3334
1486 1807 3335
185 2424 3336
372 569 3337
2125 2131 3338
598 2694 3339
253 1179 3340
240 1279 3341
682 1935 3342
545 546 3343
1343 1344 3344
700 739 3345
1605 1702 3346
659 780 3347
1879 2137 3348
2131 2132 3349
262 1221 3350
329 2127 3351
859 1449 3352
352 1476 3353
696 1500 3354
432 1216 3355
1113 1115 3356
6 151 3357
1162 1269 3358
759 800 3359
1351 1352 3360
561 2245 3361
682 1934 3362
913 916 3363
404 1057 3364
362 1233 3365
1217 1219 3366
700 1491 3367
261 2547 3368
503 1343 3369
1287 1288 3370
2163 2536 3371
695 2158 3372
854 856 3373
2170 2173 3374
2339 2600 3375
129 1509 3376
260 261 3377
1487 1488 3378
849 868 3379
1417 1418 3380
1031 1345 3381
2160 2161 3382
639 1011 3383
414 1053 3384
223 224 3385
517 902 3386
324 935 3387
503 2694 3388
582 677 3389
75 1024 3390
75 1026 3391
324 934 3392
1186 1187 3393
795 2262 3394
1040 1041 3395
2129 2131 3396
24 931 3397
303 2075 3398
931 1783 3399
1566 1569 3400
2262 2263 3401
1216 1219 3402
362 1234 3403
1506 1507 3404
2601 2602 3405
1260 1947 3406
129 153 3407
1225 1226 3408
1198 1199 3409
349 1053 3410
773 1225 3411
975 1196 3412
432 1215 3413
1815 2473 3414
645 2646 3415
344 1355 3416
739 740 3417
503 1209 3418
428 1297 3419
758 773 3420
433 1216 3421
433 2542 3422
384 386 3423
773 1224 3424
782 945 3425
1400 1474 3426
2093 2094 3427
412 442 3428
1014 2077 3429
2098 2099 3430
358 1349 3431
1546 1548 3432
2477 2478 3433
478 2434 3434
1227 1228 3435
203 1204 3436
6 7 3437
215 1011 3438
392 2011 3439
659 2136 3440
404 1707 3441
213 835 3442
233 755 3443
1352 1353 3444
19 118 3445
2160 2348 3446
934 935 3447
967 970 3448
2125 2127 3449
1278 1279 3450
308 410 3451
561 2538 3452
387 572 3453
481 1919 3454
795 2173 3455
2096 2099 3456
224 233 3457
492 1700 3458
478 2477 3459
727 1184 3460
873 1044 3461
223 755 3462
331 334 3463
958 961 3464
1056 1057 3465
255 1180 3466
1184 1186 3467
329 2132 3468
1217 1218 3469
2135 2305 3470
794 1225 3471
199 2356 3472
561 2639 3473
308 582 3474
1610 1611 3475
1113 1114 3476
387 443 3477
100 101 3478
297 1449 3479
758 794 3480
2135 2596 3481
2135 2595 3482
344 417 3483
795 2170 3484
727 2120 3485
959 960 3486
1096 1239 3487
1815 2636 3488
1342 1596 3489
459 1474 3490
19 2208 3491
909 1286 3492
253 2536 3493
2127 2132 3494
494 816 3495
1237 1238 3496
373 1797 3497
2163 2164 3498
2125 2132 3499
442 1714 3500
38 94 3501
1220 1560 3502
1350 1485 3503
412 1478 3504
1350 1352 3505
440 816 3506
516 517 3507
773 1226 3508
443 1263 3509
2130 2131 3510
2171 2172 3511
478 559 3512
362 1232 3513
2129 2130 3514
323 324 3515
966 1507 3516
696 1268 3517
962 1214 3518
255 2163 3519
185 540 3520
2094 2095 3521
329 1053 3522
770 1805 3523
440 1185 3524
332 338 3525
414 1518 3526
223 1214 3527
329 2129 3528
910 2325 3529
397 1269 3530
440 1189 3531
700 1042 3532
1233 1236 3533
1215 1219 3534
1656 1714 3535
1302 2278 3536
794 1226 3537
39 122 3538
253 254 3539
404 1522 3540
1261 1947 3541
397 1162 3542
1928 2153 3543
372 374 3544
193 1512 3545
1601 1604 3546
1350 2356 3547
1524 1533 3548
199 1353 3549
823 899 3550
224 755 3551
2127 2129 3552
362 1237 3553
1235 1238 3554
1928 2619 3555
412 2145 3556
795 2171 3557
2019 2600 3558
224 1214 3559
412 1070 3560
823 900 3561
1350 1351 3562
727 1181 3563
1340 1341 3564
967 1506 3565
199 1351 3566
1100 2320 3567
323 326 3568
362 1235 3569
950 951 3570
882 930 3571
19 119 3572
319 2314 3573
914 1305 3574
253 2163 3575
397 1857 3576
700 1041 3577
916 917 3578
958 960 3579
324 326 3580
392 2174 3581
1235 1236 3582
344 1476 3583
2332 2537 3584
442 906 3585
740 1291 3586
198 1001 3587
12 103 3588
319 941 3589
915 917 3590
352 1475 3591
2174 2175 3592
1805 2148 3593
213 273 3594
930 1214 3595
1232 1237 3596
1926 2597 3597
468 1544 3598
945 1042 3599
696 1497 3600
794 1224 3601
1418 1419 3602
329 853 3603
490 1187 3604
1233 1238 3605
2127 2130 3606
1485 2356 3607
913 915 3608
1811 1936 3609
700 1292 3610
304 305 3611
253 255 3612
811 2092 3613
414 853 3614
1212 1213 3615
329 2130 3616
645 965 3617
659 2000 3618
2137 2138 3619
518 902 3620
1216 1218 3621
328 2631 3622
186 1817 3623
440 1533 3624
1034 1348 3625
329 2125 3626
2011 2175 3627
659 1742 3628
2473 2637 3629
1566 2117 3630
541 2622 3631
740 1292 3632
1979 2022 3633
1565 2156 3634
818 976 3635
945 1041 3636
358 1034 3637
362 2198 3638
1235 1237 3639
1041 1042 3640
366 368 3641
1979 1981 3642
75 1021 3643
795 1854 3644
273 332 3645
816 1186 3646
852 975 3647
2129 2132 3648
433 1215 3649
2126 2131 3650
76 78 3651
469 1544 3652
2125 2129 3653
250 2163 3654
278 1332 3655
352 1356 3656
899 900 3657
404 1700 3658
1044 1497 3659
2093 2095 3660
35 103 3661
1565 2155 3662
443 1260 3663
929 930 3664
403 1057 3665
459 940 3666
2128 2131 3667
1184 1469 3668
2123 2131 3669
362 1238 3670
1480 1482 3671
24 1650 3672
329 2128 3673
2213 2426 3674
255 2536 3675
1482 1656 3676
284 446 3677
481 1366 3678
326 934 3679
1928 2152 3680
397 1345 3681
392 1354 3682
1234 1238 3683
1928 2640 3684
296 861 3685
700 1291 3686
2382 2636 3687
201 204 3688
399 896 3689
1354 2175 3690
343 964 3691
431 892 3692
1236 1237 3693
1302 2324 3694
1216 1217 3695
1303 2251 3696
777 924 3697
1233 1237 3698
305 2518 3699
599 2439 3700
73 74 3701
770 2148 3702
1065 1067 3703
1438 2334 3704
373 1530 3705
496 761 3706
517 903 3707
1232 1233 3708
1233 1234 3709
1375 1517 3710
1342 1538 3711
362 1236 3712
1366 1835 3713
42 126 3714
213 332 3715
967 1507 3716
1233 1235 3717
1234 1237 3718
1232 1236 3719
2160 2347 3720
918 920 3721
2124 2131 3722
186 1269 3723
329 2123 3724
536 975 3725
1232 1234 3726
462 2033 3727
1232 1238 3728
66 68 3729
407 409 3730
2595 2596 3731
384 385 3732
2247 2248 3733
696 1501 3734
1833 1835 3735
1232 1235 3736
1234 1236 3737
261 615 3738
442 1478 3739
773 794 3740
937 1184 3741
541 2181 3742
385 386 3743
2126 2132 3744
19 120 3745
460 1111 3746
1499 1502 3747
303 304 3748
403 1522 3749
478 727 3750
727 862 3751
1302 1366 3752
255 2164 3753
1260 1505 3754
2382 2473 3755
944 945 3756
2635 2637 3757
410 411 3758
210 941 3759
2125 2126 3760
1811 2605 3761
303 2518 3762
397 1856 3763
572 1354 3764
853 854 3765
1067 2137 3766
2124 2125 3767
1215 1217 3768
2138 2723 3769
1997 2505 3770
1019 2337 3771
1215 1218 3772
2305 2596 3773
1522 1707 3774
518 903 3775
1302 1836 3776
343 645 3777
1209 1343 3778
1815 2635 3779
238 1508 3780
648 649 3781
758 1508 3782
1184 1470 3783
2127 2128 3784
1302 2251 3785
326 935 3786
2124 2127 3787
2126 2127 3788
127 153 3789
252 2670 3790
945 946 3791
199 1352 3792
561 2244 3793
913 917 3794
253 478 3795
459 1400 3796
1234 1235 3797
1481 1482 3798
922 2629 3799
920 2509 3800
2636 2637 3801
268 2581 3802
350 762 3803
1143 1184 3804
412 1656 3805
559 2053 3806
329 2126 3807
262 1557 3808
700 740 3809
1604 1605 3810
2034 2459 3811
789 790 3812
1349 2336 3813
412 1482 3814
540 541 3815
1354 1869 3816
490 816 3817
1215 1216 3818
559 2142 3819
2248 2249 3820
1366 2069 3821
381 548 3822
1070 1656 3823
648 2343 3824
2128 2132 3825
186 1162 3826
1486 1488 3827
518 901 3828
2123 2127 3829
2128 2130 3830
210 319 3831
1022 1026 3832
2124 2129 3833
937 1222 3834
853 855 3835
403 1192 3836
2130 2132 3837
2126 2130 3838
414 1520 3839
648 2342 3840
1143 1533 3841
2305 2595 3842
694 696 3843
2126 2129 3844
1026 2694 3845
397 1077 3846
253 2164 3847
387 389 3848
1832 1835 3849
2128 2129 3850
400 403 3851
2125 2130 3852
1557 1595 3853
73 75 3854
481 1973 3855
202 204 3856
478 1184 3857
541 1592 3858
850 943 3859
1302 1303 3860
334 716 3861
1117 2155 3862
186 1857 3863
811 1543 3864
77 78 3865
344 1356 3866
2125 2128 3867
920 2510 3868
264 964 3869
226 578 3870
387 393 3871
329 2124 3872
9 93 3873
1350 1353 3874
19 76 3875
2635 2636 3876
222 1358 3877
54 74 3878
1067 2138 3879
2126 2128 3880
541 943 3881
1470 1533 3882
344 1372 3883
478 816 3884
694 1295 3885
1482 1714 3886
481 1840 3887
1894 2439 3888
1742 2324 3889
334 717 3890
403 1707 3891
443 1261 3892
503 1492 3893
922 1365 3894
321 354 3895
1209 1344 3896
1499 1500 3897
1354 1870 3898
1691 1928 3899
254 2691 3900
490 1305 3901
974 975 3902
2124 2132 3903
1691 2640 3904
352 1372 3905
1117 2156 3906
559 2433 3907
1354 2116 3908
2473 2635 3909
72 74 3910
296 297 3911
414 1490 3912
490 2354 3913
1263 1504 3914
1928 2154 3915
2424 2522 3916
76 77 3917
410 492 3918
360 362 3919
1151 2334 3920
268 2582 3921
648 2341 3922
936 937 3923
2123 2132 3924
1100 1408 3925
541 2522 3926
1302 1742 3927
1891 2248 3928
308 2286 3929
1156 1611 3930
19 78 3931
185 943 3932
186 2076 3933
2344 2629 3934
387 392 3935
529 1365 3936
1601 1605 3937
414 415 3938
1044 1498 3939
213 952 3940
349 352 3941
2124 2130 3942
561 2023 3943
2123 2125 3944
2124 2126 3945
72 75 3946
199 1350 3947
1157 1786 3948
1417 1419 3949
2244 2245 3950
72 110 3951
918 2510 3952
958 959 3953
580 1979 3954
937 1533 3955
920 2178 3956
67 68 3957
185 2522 3958
296 859 3959
503 1493 3960
780 1302 3961
1354 2282 3962
408 409 3963
2123 2129 3964
481 1841 3965
816 1143 3966
909 2325 3967
2152 2153 3968
559 2434 3969
2266 2269 3970
440 1186 3971
74 75 3972
65 67 3973
415 1489 3974
759 1508 3975
100 102 3976
65 66 3977
250 318 3978
253 2477 3979
1286 2325 3980
1366 1368 3981
255 937 3982
397 2076 3983
412 2541 3984
254 255 3985
529 1257 3986
2334 2335 3987
1341 1342 3988
2473 2636 3989
49 154 3990
412 893 3991
1026 1492 3992
541 2621 3993
559 976 3994
976 2053 3995
302 1436 3996
795 797 3997
1032 1111 3998
196 198 3999
362 363 4000
1184 1524 4001
2161 2348 4002
1044 1501 4003
286 948 4004
404 410 4005
2285 2286 4006
260 1477 4007
1370 1371 4008
1358 1360 4009
1537 1538 4010
1117 2601 4011
1117 2602 4012
1400 1404 4013
233 2020 4014
1032 1112 4015
726 1558 4016
816 1524 4017
1267 2227 4018
1742 2187 4019
1302 2187 4020
220 222 4021
29 80 4022
261 1477 4023
2433 2434 4024
920 2512 4025
1070 1482 4026
2124 2128 4027
128 129 4028
599 1894 4029
1053 1520 4030
1186 1189 4031
1340 1342 4032
918 2509 4033
1517 2275 4034
2011 2282 4035
943 944 4036
2123 2128 4037
83 381 4038
2123 2130 4039
1263 2517 4040
253 2478 4041
65 69 4042
129 152 4043
266 407 4044
284 473 4045
516 518 4046
68 69 4047
127 129 4048
252 1221 4049
412 1714 4050
99 101 4051
2011 2174 4052
54 73 4053
358 770 4054
442 2627 4055
1070 1714 4056
109 118 4057
937 2477 4058
922 2344 4059
2228 2267 4060
407 408 4061
456 2361 4062
943 2424 4063
1151 2008 4064
628 1411 4065
66 67 4066
914 2030 4067
1708 1710 4068
65 68 4069
19 77 4070
66 69 4071
873 1500 4072
1070 1369 4073
541 2424 4074
2059 2142 4075
152 1509 4076
2123 2124 4077
1003 1366 4078
397 1031 4079
818 1567 4080
2266 2267 4081
253 2258 4082
2123 2126 4083
2193 2267 4084
2267 2269 4085
344 1475 4086
354 759 4087
1556 1557 4088
943 2522 4089
2152 2154 4090
1261 2521 4091
1659 1660 4092
2267 2268 4093
232 233 4094
1263 2521 4095
1157 1503 4096
478 937 4097
350 853 4098
760 1508 4099
39 123 4100
349 1518 4101
222 1360 4102
2327 2329 4103
362 364 4104
19 1511 4105
2332 2333 4106
1942 2270 4107
255 2259 4108
1849 1851 4109
308 411 4110
1366 1836 4111
360 1709 4112
1806 1807 4113
937 2258 4114
2266 2268 4115
67 69 4116
2526 2527 4117
273 1062 4118
372 373 4119
1482 1483 4120
349 853 4121
354 758 4122
1143 1187 4123
2509 2510 4124
2023 2639 4125
72 73 4126
372 1070 4127
1187 1470 4128
2258 2259 4129
64 1853 4130
2347 2348 4131
128 153 4132
109 119 4133
219 1358 4134
152 153 4135
459 1404 4136
360 1710 4137
951 1852 4138
258 260 4139
9 121 4140
2268 2269 4141
253 1294 4142
481 1742 4143
1709 1710 4144
246 249 4145
166 167 4146
344 349 4147
541 2058 4148
54 72 4149
1555 1557 4150
1261 1504 4151
262 1555 4152
2275 2331 4153
255 2258 4154
54 75 4155
1438 2008 4156
478 2012 4157
403 1700 4158
2329 2330 4159
1342 1539 4160
412 2539 4161
1117 1565 4162
340 368 4163
1525 1526 4164
313 362 4165
512 1465 4166
937 2260 4167
2333 2537 4168
1936 2605 4169
901 902 4170
937 2478 4171
365 1709 4172
1305 2030 4173
262 1556 4174
2228 2266 4175
1053 1518 4176
2265 2267 4177
253 2260 4178
255 1294 4179
1114 1115 4180
1260 1504 4181
1556 1595 4182
1070 1074 4183
490 2273 4184
529 922 4185
1034 1240 4186
253 937 4187
412 1715 4188
1034 1349 4189
2187 2324 4190
32 255 4191
360 1708 4192
286 803 4193
853 856 4194
263 1904 4195
349 1520 4196
222 1359 4197
1525 1527 4198
2259 2260 4199
219 222 4200
1354 2174 4201
196 200 4202
1032 1466 4203
559 2059 4204
1562 1563 4205
2053 2059 4206
233 2430 4207
248 951 4208
1354 2011 4209
816 2012 4210
1832 1834 4211
2193 2266 4212
2258 2260 4213
132 446 4214
218 1360 4215
964 1559 4216
19 116 4217
253 2259 4218
412 1368 4219
29 41 4220
213 309 4221
354 418 4222
373 374 4223
481 1842 4224
1267 2506 4225
2342 2343 4226
127 128 4227
313 1709 4228
2228 2269 4229
362 365 4230
1260 2521 4231
278 1553 4232
365 1710 4233
918 2512 4234
1366 1834 4235
2193 2269 4236
2341 2343 4237
2265 2268 4238
29 121 4239
412 1366 4240
443 1504 4241
1497 1500 4242
186 1856 4243
220 1360 4244
313 1710 4245
913 2524 4246
1537 1539 4247
937 2259 4248
2153 2154 4249
853 1053 4250
313 360 4251
415 853 4252
582 2286 4253
364 1710 4254
35 82 4255
1708 1709 4256
1480 1481 4257
217 222 4258
349 1372 4259
412 1480 4260
2265 2266 4261
2512 2526 4262
1833 1834 4263
219 220 4264
360 365 4265
258 261 4266
96 1515 4267
901 903 4268
2509 2512 4269
109 120 4270
2193 2268 4271
313 1708 4272
387 390 4273
951 1266 4274
412 1367 4275
218 222 4276
1156 1610 4277
33 35 4278
238 760 4279
816 1470 4280
1151 1438 4281
41 80 4282
780 1742 4283
1342 1537 4284
267 268 4285
1436 1449 4286
1151 2335 4287
219 1360 4288
1519 1844 4289
2228 2268 4290
365 1708 4291
580 2022 4292
364 1708 4293
716 717 4294
127 152 4295
761 2360 4296
1358 1359 4297
32 2326 4298
258 1477 4299
309 735 4300
412 1481 4301
1265 1266 4302
1920 1973 4303
2161 2347 4304
412 2540 4305
2265 2269 4306
873 1268 4307
1261 2517 4308
1567 1568 4309
481 1839 4310
494 1470 4311
218 219 4312
1184 1523 4313
95 96 4314
220 1358 4315
1538 1539 4316
248 249 4317
206 1193 4318
340 758 4319
2344 2345 4320
2647 2648 4321
360 364 4322
1438 2335 4323
220 1359 4324
286 947 4325
700 2531 4326
33 103 4327
759 760 4328
2273 2354 4329
334 1414 4330
364 1709 4331
403 410 4332
2193 2228 4333
2193 2265 4334
109 1511 4335
440 478 4336
696 1498 4337
1292 2529 4338
1366 1832 4339
64 115 4340
902 903 4341
1184 1471 4342
1359 1360 4343
1489 1490 4344
975 1544 4345
99 102 4346
19 124 4347
298 1149 4348
1486 1487 4349
255 2260 4350
964 2005 4351
247 249 4352
1149 1844 4353
2118 2344 4354
1480 1483 4355
49 155 4356
1366 1833 4357
1475 1476 4358
252 1923 4359
246 247 4360
255 2691 4361
516 902 4362
976 2059 4363
1261 1925 4364
694 1044 4365
922 2345 4366
118 119 4367
218 220 4368
221 2638 4369
218 1358 4370
1034 2428 4371
1555 1556 4372
194 1512 4373
302 853 4374
2341 2342 4375
1839 1841 4376
218 1359 4377
780 2324 4378
1941 2007 4379
2328 2329 4380
247 248 4381
2511 2512 4382
412 1483 4383
2228 2265 4384
412 1526 4385
1840 1841 4386
2327 2330 4387
9 61 4388
19 2028 4389
1292 2532 4390
516 901 4391
797 1854 4392
96 107 4393
397 2516 4394
231 233 4395
442 2038 4396
1481 1483 4397
1597 1941 4398
1981 2022 4399
259 260 4400
189 192 4401
219 1359 4402
128 152 4403
1117 2329 4404
853 1518 4405
922 2118 4406
2510 2512 4407
853 1490 4408
318 2257 4409
1117 2327 4410
266 409 4411
309 1479 4412
387 1260 4413
1622 2185 4414
191 1937 4415
1111 1112 4416
700 2529 4417
1839 1840 4418
1997 2506 4419
1500 1501 4420
364 365 4421
118 120 4422
411 582 4423
318 2147 4424
2328 2330 4425
2034 2035 4426
1227 2323 4427
758 760 4428
2035 2036 4429
24 25 4430
72 260 4431
253 2691 4432
313 364 4433
217 220 4434
1266 2607 4435
190 191 4436
298 1519 4437
780 2187 4438
503 1491 4439
440 727 4440
253 2423 4441
119 120 4442
854 860 4443
761 1549 4444
191 192 4445
443 2517 4446
1792 1796 4447
2327 2328 4448
1811 2184 4449
943 945 4450
61 93 4451
429 1268 4452
700 1716 4453
259 261 4454
313 365 4455
648 2340 4456
1034 2651 4457
2340 2341 4458
255 2423 4459
259 1477 4460
217 219 4461
1268 1497 4462
1561 1563 4463
1832 1833 4464
853 1520 4465
317 509 4466
429 1500 4467
1840 1842 4468
2136 2432 4469
1518 1519 4470
1919 1973 4471
308 2625 4472
82 103 4473
580 1981 4474
975 2730 4475
2023 2538 4476
853 1519 4477
278 1552 4478
1260 2517 4479
516 903 4480
33 82 4481
1260 1925 4482
2034 2036 4483
118 1511 4484
246 248 4485
873 1497 4486
1841 1842 4487
1527 1931 4488
198 200 4489
1111 1466 4490
1263 1925 4491
367 369 4492
964 1447 4493
168 169 4494
317 318 4495
189 190 4496
334 1516 4497
1294 2423 4498
1517 2331 4499
1940 1941 4500
61 121 4501
302 1023 4502
19 49 4503
120 1511 4504
1518 1520 4505
2340 2342 4506
440 1524 4507
119 1511 4508
217 218 4509
1001 2428 4510
415 1490 4511
302 1448 4512
2340 2343 4513
377 1411 4514
1706 2354 4515
1267 1997 4516
186 2516 4517
298 1844 4518
700 2528 4519
967 1759 4520
1292 2530 4521
424 425 4522
964 1496 4523
740 2529 4524
2036 2037 4525
72 1477 4526
313 363 4527
285 286 4528
1934 1935 4529
19 2507 4530
811 1804 4531
252 1560 4532
443 1925 4533
1447 1495 4534
1794 1796 4535
198 2336 4536
440 1143 4537
19 52 4538
1917 1921 4539
387 1263 4540
189 191 4541
72 258 4542
1839 1842 4543
72 259 4544
49 749 4545
966 1977 4546
1414 1516 4547
1292 2531 4548
2000 2432 4549
374 375 4550
429 694 4551
1552 1553 4552
478 1524 4553
854 1994 4554
1292 2528 4555
19 51 4556
318 509 4557
366 369 4558
412 2195 4559
700 2530 4560
313 361 4561
387 391 4562
429 1044 4563
700 2532 4564
72 261 4565
1034 2336 4566
1920 1921 4567
1001 1034 4568
816 1471 4569
873 1501 4570
2000 2136 4571
2512 2527 4572
1023 1053 4573
1023 1520 4574
155 749 4575
276 278 4576
198 1034 4577
906 1478 4578
947 948 4579
964 1495 4580
2336 2651 4581
440 1523 4582
1498 1502 4583
372 375 4584
740 1716 4585
371 374 4586
2028 2507 4587
694 1500 4588
1496 2005 4589
1941 2623 4590
1112 1466 4591
740 2528 4592
429 873 4593
308 2626 4594
2034 2037 4595
478 1471 4596
248 1266 4597
363 365 4598
296 1449 4599
387 1261 4600
296 302 4601
425 426 4602
258 259 4603
1117 2330 4604
1919 1921 4605
412 1527 4606
2035 2037 4607
51 52 4608
19 749 4609
478 1523 4610
363 364 4611
360 363 4612
1917 1920 4613
1565 1738 4614
190 192 4615
1498 1500 4616
2194 2228 4617
967 1977 4618
740 2532 4619
1495 1496 4620
424 426 4621
1268 1498 4622
2038 2627 4623
366 367 4624
1561 1562 4625
302 1449 4626
2118 2345 4627
853 1023 4628
1478 2627 4629
309 952 4630
557 1111 4631
740 2531 4632
296 1436 4633
350 761 4634
370 374 4635
167 168 4636
373 375 4637
377 2638 4638
440 1470 4639
440 1471 4640
390 391 4641
276 1552 4642
740 2530 4643
816 937 4644
1001 2336 4645
1498 1499 4646
1504 1925 4647
941 2314 4648
1117 2328 4649
1186 1469 4650
478 1470 4651
1292 1716 4652
1931 2111 4653
557 1112 4654
412 1525 4655
1023 1518 4656
873 1498 4657
1526 2111 4658
377 628 4659
19 155 4660
1268 1501 4661
1792 1794 4662
387 1504 4663
854 1993 4664
1156 1157 4665
1804 1843 4666
221 377 4667
1143 1186 4668
1597 2007 4669
694 1268 4670
427 1804 4671
296 853 4672
387 2517 4673
1919 1920 4674
22 25 4675
1182 1565 4676
309 927 4677
1478 2038 4678
429 1501 4679
1917 1919 4680
387 1925 4681
96 104 4682
231 2020 4683
1504 2517 4684
361 365 4685
70 104 4686
22 24 4687
372 377 4688
1448 1449 4689
1597 1940 4690
1186 1470 4691
1447 1496 4692
1497 1501 4693
1497 1498 4694
283 284 4695
727 1524 4696
468 975 4697
694 1498 4698
1600 2312 4699
1143 1470 4700
1478 1928 4701
2528 2529 4702
361 363 4703
937 2012 4704
2528 2532 4705
1993 1994 4706
1498 1501 4707
1716 2529 4708
309 423 4709
2531 2532 4710
23 25 4711
284 2121 4712
2529 2531 4713
1600 2508 4714
429 1497 4715
478 1143 4716
232 2020 4717
206 207 4718
1023 1519 4719
20 24 4720
1925 2517 4721
201 202 4722
308 2624 4723
411 2625 4724
2530 2531 4725
967 1945 4726
1716 2531 4727
1940 2007 4728
1143 1469 4729
727 1523 4730
2528 2531 4731
2529 2530 4732
469 975 4733
231 232 4734
694 873 4735
1186 1471 4736
2530 2532 4737
2529 2532 4738
727 1470 4739
2312 2508 4740
231 2430 4741
1182 1738 4742
1716 2528 4743
694 1497 4744
727 1143 4745
1408 2320 4746
1990 1991 4747
20 25 4748
694 1501 4749
1143 1471 4750
1523 1524 4751
1716 2532 4752
296 1448 4753
561 1055 4754
374 377 4755
350 352 4756
379 381 4757
29 61 4758
344 350 4759
1527 2111 4760
1899 1900 4761
1912 1913 4762
1408 2427 4763
1470 1523 4764
23 24 4765
1143 2012 4766
1597 2623 4767
1990 2535 4768
1469 1470 4769
1469 1471 4770
1471 1523 4771
1855 1900 4772
2320 2427 4773
967 1944 4774
206 1542 4775
411 2626 4776
727 1471 4777
1117 1738 4778
1143 1524 4779
1599 1600 4780
1716 2530 4781
424 427 4782
429 1498 4783
2528 2530 4784
761 762 4785
232 2430 4786
1470 2012 4787
1592 2621 4788
853 1449 4789
167 169 4790
207 1541 4791
1899 1912 4792
380 381 4793
1470 1524 4794
1598 1600 4795
206 1541 4796
1855 1899 4797
1117 1182 4798
1470 1471 4799
296 1023 4800
1143 1523 4801
374 376 4802
1023 1449 4803
1920 2178 4804
27 30 4805
1940 2623 4806
275 381 4807
2180 2312 4808
277 381 4809
1471 1524 4810
207 1542 4811
284 1617 4812
378 381 4813
411 2624 4814
274 2196 4815
1023 1448 4816
22 23 4817
425 427 4818
2196 2620 4819
2047 2049 4820
853 1448 4821
378 379 4822
373 377 4823
277 379 4824
370 373 4825
1600 2180 4826
378 380 4827
1919 2178 4828
1855 1912 4829
20 22 4830
2624 2625 4831
427 1712 4832
1541 1542 4833
1598 1599 4834
274 2620 4835
371 373 4836
379 380 4837
20 23 4838
309 311 4839
373 376 4840
375 377 4841
1944 1945 4842
275 380 4843
275 378 4844
277 378 4845
275 379 4846
1420 2642 4847
2625 2626 4848
427 1071 4849
309 422 4850
372 376 4851
426 427 4852
427 2703 4853
371 375 4854
277 380 4855
370 375 4856
370 377 4857
377 2703 4858
2050 2051 4859
275 277 4860
376 377 4861
2624 2626 4862
371 377 4863
376 2703 4864
375 376 4865
370 371 4866
376 427 4867
377 427 4868
371 376 4869
370 376 4870
