2313 2398 1
2398 2659 2
2313 2659 3
1803 2615 4
423 2659 5
651 845 6
1732 1734 7
1729 1734 8
728 842 9
1007 2384 10
460 967 11
515 830 12
838 839 13
515 967 14
651 844 15
1729 1731 16
460 830 17
2281 2404 18
2402 2404 19
2448 2618 20
515 1532 21
2281 2451 22
651 843 23
1729 1732 24
1729 1733 25
1803 2456 26
2404 2451 27
1732 1733 28
423 2398 29
242 728 30
1007 2385 31
2446 2618 32
329 1803 33
608 1765 34
423 2313 35
1733 1734 36
1835 2618 37
843 844 38
1803 2371 39
2281 2403 40
999 1534 41
1380 1383 42
2371 2456 43
136 1734 44
589 1637 45
829 967 46
2384 2385 47
2446 2617 48
1835 2446 49
1731 1732 50
1835 2448 51
629 1735 52
1862 2451 53
650 651 54
460 515 55
728 748 56
1729 1730 57
2370 2371 58
329 2371 59
832 2391 60
2357 2451 61
2448 2617 62
629 650 63
967 1532 64
329 2456 65
1253 1255 66
136 1729 67
651 1735 68
614 2612 69
692 1005 70
2402 2451 71
2402 2403 72
1730 1732 73
589 1296 74
838 840 75
1803 2614 76
460 1532 77
1388 2661 78
2281 2450 79
2617 2618 80
1731 1734 81
2402 2450 82
1765 2612 83
2404 2452 84
1731 1733 85
1803 2383 86
2389 2390 87
844 845 88
1422 1424 89
1862 2391 90
2446 2448 91
1803 2449 92
1795 2226 93
2390 2391 94
1388 2662 95
993 994 96
2371 2383 97
2281 2402 98
1105 1250 99
1803 2609 100
374 596 101
832 2390 102
227 1254 103
2281 2452 104
2371 2616 105
821 1533 106
2403 2451 107
832 1084 108
136 1731 109
696 2385 110
1254 1255 111
136 1733 112
696 1007 113
830 1532 114
515 829 115
829 830 116
505 1338 117
692 1006 118
2357 2452 119
737 1534 120
329 2615 121
136 1732 122
2614 2615 123
875 1818 124
227 1255 125
1730 1733 126
1764 1765 127
442 1254 128
460 487 129
1730 1731 130
2226 2410 131
2371 2599 132
1084 2389 133
1253 1254 134
1835 2617 135
2449 2456 136
1025 1250 137
1721 1723 138
2281 2611 139
2450 2451 140
911 1390 141
1249 1250 142
1534 2168 143
1637 1725 144
2389 2391 145
532 983 146
614 1764 147
982 983 148
1002 2634 149
684 839 150
2089 2313 151
210 989 152
832 2389 153
329 2608 154
553 818 155
660 991 156
614 1765 157
821 2613 158
1631 1728 159
101 1803 160
2374 2375 161
2401 2404 162
1730 1734 163
2089 2659 164
1044 1637 165
487 515 166
684 840 167
136 1730 168
1382 1383 169
2357 2404 170
1330 1331 171
829 1532 172
1084 2390 173
623 835 174
2402 2452 175
814 817 176
996 997 177
2357 2402 178
460 829 179
1309 1330 180
479 833 181
1381 1383 182
2403 2404 183
1084 2391 184
2089 2398 185
589 1725 186
815 821 187
1422 1423 188
2357 2450 189
643 1571 190
1862 2452 191
2450 2452 192
740 777 193
2399 2407 194
843 845 195
692 996 196
1105 1249 197
1721 1722 198
2357 2403 199
532 982 200
1383 1660 201
242 661 202
692 997 203
1803 2608 204
2404 2450 205
1432 1764 206
2400 2407 207
156 2386 208
1005 1006 209
1722 1723 210
2400 2442 211
1528 2281 212
868 2380 213
1296 1637 214
101 2371 215
1720 1723 216
1282 1389 217
1803 2599 218
2451 2452 219
1025 1249 220
1309 1331 221
383 1536 222
728 841 223
821 1184 224
1387 1388 225
1389 1390 226
651 698 227
1282 1390 228
2097 2372 229
14 238 230
1637 2453 231
2281 2357 232
433 807 233
1381 1382 234
1383 1535 235
85 1322 236
651 984 237
742 2392 238
1534 2167 239
1672 2226 240
433 804 241
993 1384 242
460 2408 243
470 987 244
589 1648 245
837 1639 246
1862 2402 247
2456 2599 248
623 2395 249
129 603 250
125 868 251
981 983 252
923 2551 253
1421 1424 254
487 2408 255
1002 1008 256
87 1331 257
15 98 258
596 816 259
981 982 260
1764 2612 261
1380 1381 262
1720 1722 263
2357 2591 264
423 2089 265
646 992 266
644 1722 267
1719 1721 268
910 1390 269
1803 1848 270
696 2384 271
1002 2406 272
1803 2616 273
1862 2404 274
1721 1724 275
341 401 276
199 2386 277
993 995 278
1254 2338 279
1423 1424 280
156 199 281
1383 1659 282
85 87 283
486 1672 284
1862 2401 285
2281 2391 286
589 724 287
1862 2611 288
487 829 289
835 2395 290
486 2226 291
1862 2403 292
1722 1724 293
2097 2386 294
199 1387 295
2281 2591 296
36 45 297
994 995 298
2498 2544 299
222 733 300
341 1033 301
629 651 302
2167 2168 303
1803 2370 304
2110 2400 305
1862 2450 306
2403 2452 307
1025 1737 308
2401 2402 309
642 1723 310
1648 1725 311
1104 1105 312
1318 2357 313
1387 2662 314
266 1631 315
811 1375 316
97 98 317
266 1727 318
532 981 319
911 1282 320
1374 1375 321
2401 2403 322
167 696 323
2281 2401 324
2357 2401 325
644 1721 326
827 1293 327
2403 2450 328
244 675 329
684 838 330
210 374 331
329 2614 332
505 1339 333
642 1722 334
442 1253 335
674 675 336
813 814 337
199 2372 338
816 1533 339
830 967 340
651 709 341
213 835 342
724 1296 343
1421 1423 344
893 2374 345
1421 1422 346
642 1721 347
1720 1721 348
1631 1727 349
460 2441 350
278 827 351
515 2408 352
756 827 353
1720 1724 354
643 1723 355
1735 2414 356
244 1431 357
1719 1722 358
553 1638 359
684 1756 360
793 868 361
1572 1959 362
2402 2460 363
1812 2415 364
1254 1892 365
1719 1724 366
156 2372 367
643 1722 368
684 1489 369
1253 1578 370
1253 1298 371
227 1253 372
1308 1309 373
448 701 374
506 1002 375
586 1536 376
692 1236 377
2371 2449 378
994 1384 379
740 1432 380
820 833 381
1848 2369 382
1309 1311 383
1054 1170 384
2448 2571 385
498 2455 386
1572 1881 387
266 2724 388
520 639 389
629 698 390
1318 1862 391
404 816 392
1659 1660 393
470 1086 394
2281 2460 395
2399 2400 396
532 1585 397
984 1337 398
1812 2416 399
684 1757 400
2448 2725 401
837 1252 402
1025 1105 403
1298 1578 404
1337 1338 405
86 592 406
486 2705 407
642 1719 408
532 1584 409
814 2674 410
955 990 411
437 1803 412
60 437 413
1803 2610 414
1881 1959 415
2399 2442 416
222 732 417
520 640 418
117 210 419
1719 1723 420
2608 2609 421
816 821 422
1391 1756 423
698 1339 424
1318 1387 425
199 2097 426
805 1244 427
644 1723 428
2447 2448 429
737 999 430
910 911 431
910 1282 432
996 1236 433
596 1533 434
592 1296 435
642 1720 436
724 1044 437
748 841 438
1318 1388 439
437 2744 440
569 1009 441
642 644 442
1309 1310 443
515 2441 444
651 1337 445
731 2417 446
1432 1433 447
775 1428 448
692 2668 449
1380 1382 450
14 60 451
199 1862 452
2371 2714 453
2456 2616 454
689 1726 455
816 1184 456
1528 1862 457
1862 2357 458
684 2182 459
994 1385 460
1803 2677 461
592 826 462
1735 2413 463
995 1385 464
14 663 465
210 941 466
815 816 467
810 1637 468
1824 2444 469
433 806 470
470 472 471
266 474 472
923 2735 473
1723 1724 474
26 837 475
81 448 476
1489 1756 477
808 1313 478
50 1468 479
1862 2281 480
1044 1296 481
1184 1533 482
698 1337 483
1384 1385 484
1754 1756 485
87 1311 486
520 637 487
92 837 488
15 1375 489
264 596 490
592 1637 491
775 1429 492
589 1044 493
477 520 494
1391 1489 495
1862 2591 496
692 1315 497
647 1571 498
651 746 499
409 988 500
2226 2705 501
404 1533 502
87 592 503
408 2724 504
608 614 505
834 869 506
698 984 507
869 1241 508
2283 2606 509
129 177 510
1803 2744 511
684 1391 512
2283 2284 513
433 1244 514
504 505 515
1183 1531 516
1298 1579 517
1037 1242 518
553 824 519
744 822 520
612 614 521
242 482 522
1330 2368 523
86 1311 524
589 1647 525
993 2664 526
573 995 527
622 1241 528
644 1720 529
607 609 530
1754 1757 531
1337 1339 532
984 1338 533
603 1329 534
596 815 535
740 1764 536
718 1316 537
554 741 538
15 1374 539
437 2589 540
456 2701 541
492 1533 542
497 498 543
1025 2707 544
242 1580 545
607 614 546
210 1473 547
642 1724 548
993 1385 549
911 1389 550
408 474 551
589 810 552
998 999 553
698 1301 554
125 2380 555
1631 1632 556
129 998 557
603 998 558
766 1106 559
644 1719 560
1719 1720 561
492 816 562
718 1317 563
408 1631 564
2400 2665 565
492 1184 566
1818 2734 567
85 1331 568
553 2690 569
108 181 570
1119 2332 571
643 1721 572
437 2369 573
1756 1757 574
1803 2369 575
815 1184 576
984 1339 577
1755 1756 578
607 613 579
1254 2479 580
460 488 581
675 676 582
996 1315 583
1862 2460 584
1378 1379 585
1533 2732 586
1672 2705 587
244 676 588
456 1386 589
1637 1648 590
1727 1728 591
199 2400 592
923 1119 593
1006 1768 594
456 2361 595
651 1338 596
2680 2743 597
1322 1323 598
827 1581 599
156 2097 600
651 708 601
1326 1328 602
553 819 603
642 643 604
1803 2678 605
2369 2744 606
923 2736 607
332 680 608
766 2472 609
2369 2370 610
616 2739 611
470 1130 612
744 1573 613
199 1388 614
5 837 615
498 1883 616
2735 2736 617
129 1329 618
633 1630 619
744 1324 620
1369 2283 621
2400 2666 622
609 614 623
743 1573 624
227 442 625
596 818 626
242 485 627
85 86 628
743 744 629
498 2480 630
815 1533 631
87 1322 632
616 2489 633
210 319 634
775 1430 635
672 1461 636
199 2357 637
643 1719 638
1489 1755 639
1803 2589 640
607 611 641
455 456 642
308 823 643
718 726 644
737 998 645
998 1329 646
1754 1755 647
308 638 648
1803 2679 649
14 1392 650
329 2609 651
684 1755 652
951 1313 653
995 1384 654
823 2726 655
2387 2388 656
610 614 657
1428 1429 658
85 1311 659
596 1184 660
1119 2736 661
487 488 662
136 137 663
1369 2606 664
1060 2738 665
684 1754 666
227 1578 667
554 663 668
1313 1314 669
1386 2701 670
408 1728 671
1584 1585 672
1727 2724 673
596 1055 674
1036 1242 675
86 1331 676
525 1653 677
638 639 678
910 1389 679
1036 1037 680
2407 2442 681
744 1325 682
775 1427 683
651 2740 684
204 827 685
589 882 686
505 1646 687
478 820 688
2588 2743 689
2680 2700 690
199 1318 691
643 1724 692
712 1054 693
922 1812 694
637 640 695
609 611 696
644 1724 697
646 1571 698
2371 2715 699
198 453 700
641 1185 701
646 647 702
1773 2704 703
607 610 704
454 743 705
2392 2394 706
14 554 707
1338 1339 708
808 951 709
1006 1767 710
2146 2283 711
2332 2735 712
1755 1757 713
199 1319 714
552 553 715
608 611 716
611 614 717
2588 2680 718
129 184 719
1773 2632 720
2101 2745 721
86 1322 722
242 483 723
1281 1282 724
941 2314 725
1334 1335 726
608 610 727
643 1720 728
629 631 729
86 87 730
456 504 731
630 707 732
818 827 733
672 673 734
341 1393 735
743 822 736
1824 2443 737
85 592 738
479 507 739
692 693 740
266 2162 741
954 955 742
596 676 743
616 2177 744
53 1468 745
92 1252 746
479 820 747
676 1431 748
718 1409 749
408 1727 750
675 1652 751
1229 2357 752
596 1228 753
199 2110 754
1391 1755 755
447 701 756
573 1385 757
624 625 758
2097 2110 759
748 1577 760
1054 2412 761
1958 1959 762
474 1727 763
596 2698 764
2671 2672 765
1531 1574 766
643 644 767
183 184 768
454 822 769
955 2696 770
629 1301 771
1308 1311 772
611 613 773
1254 2190 774
131 182 775
1282 1283 776
637 638 777
266 438 778
683 684 779
319 941 780
413 1751 781
638 640 782
101 2369 783
996 2381 784
610 612 785
1428 1430 786
134 180 787
609 610 788
351 1377 789
675 887 790
2332 2736 791
1582 1758 792
2585 2587 793
2678 2679 794
504 685 795
629 2471 796
1848 2733 797
651 1339 798
698 1338 799
639 640 800
954 2696 801
266 626 802
609 613 803
70 113 804
955 2695 805
505 1200 806
810 1648 807
517 1758 808
1848 2370 809
1574 2504 810
592 1308 811
45 70 812
622 869 813
955 1645 814
2677 2678 815
614 2224 816
24 931 817
1253 1579 818
1326 1327 819
2102 2745 820
814 1362 821
554 742 822
603 605 823
741 742 824
1106 2472 825
1427 1428 826
1335 1824 827
477 640 828
630 632 829
742 1379 830
953 955 831
639 691 832
1310 1311 833
264 1755 834
1308 1310 835
498 544 836
612 613 837
655 658 838
498 1336 839
893 2375 840
2413 2414 841
496 1754 842
1119 2735 843
630 631 844
634 635 845
112 136 846
629 2476 847
679 680 848
931 1783 849
2097 2400 850
470 471 851
589 664 852
603 604 853
592 1272 854
654 656 855
699 701 856
635 1630 857
260 616 858
629 707 859
820 908 860
1335 2351 861
1578 1579 862
2688 2705 863
520 638 864
629 632 865
319 2314 866
517 1582 867
39 130 868
1183 1574 869
2415 2416 870
133 2673 871
690 963 872
1333 1824 873
1369 2284 874
2146 2284 875
503 1025 876
1289 1326 877
2705 2706 878
573 2664 879
198 954 880
1316 1317 881
2632 2704 882
401 1033 883
1848 2697 884
444 504 885
573 993 886
1369 2146 887
1263 1375 888
1362 2674 889
661 1061 890
698 1864 891
529 1583 892
608 612 893
1315 2668 894
954 2695 895
608 613 896
836 1037 897
993 2663 898
603 606 899
607 612 900
408 1632 901
244 1652 902
505 1160 903
442 1255 904
655 656 905
1036 2587 906
1324 1325 907
2675 2702 908
242 484 909
1006 1425 910
408 438 911
613 614 912
822 1573 913
1036 2583 914
2400 2684 915
625 626 916
723 724 917
264 1175 918
1229 2591 919
823 984 920
479 508 921
596 1175 922
474 2724 923
596 2732 924
592 724 925
26 158 926
430 680 927
630 698 928
134 172 929
1289 1328 930
657 658 931
651 2467 932
401 881 933
815 2732 934
520 691 935
592 1322 936
607 2224 937
608 2224 938
404 1184 939
1035 1036 940
633 634 941
36 70 942
2443 2444 943
401 492 944
609 612 945
525 1373 946
592 1044 947
676 1175 948
747 748 949
2677 2679 950
474 475 951
408 2503 952
674 1652 953
1574 2588 954
525 733 955
265 625 956
2675 2676 957
198 955 958
653 656 959
922 2415 960
332 1248 961
334 1002 962
2363 2565 963
669 670 964
266 563 965
625 627 966
481 653 967
266 928 968
244 674 969
1584 2658 970
1753 2387 971
700 1491 972
2593 2673 973
460 940 974
573 1375 975
742 1378 976
466 670 977
265 408 978
742 890 979
1175 1184 980
401 1320 981
923 2332 982
496 596 983
2101 2708 984
374 517 985
624 626 986
1036 2586 987
656 705 988
2146 2606 989
2101 2102 990
505 1636 991
951 1314 992
413 665 993
610 611 994
816 2732 995
653 655 996
834 1241 997
2504 2588 998
492 493 999
429 466 1000
608 609 1001
477 638 1002
596 1810 1003
726 1317 1004
495 596 1005
887 1652 1006
654 657 1007
665 666 1008
2458 2675 1009
447 2151 1010
592 696 1011
227 725 1012
674 676 1013
676 887 1014
690 1726 1015
460 1771 1016
500 2702 1017
834 2502 1018
951 1183 1019
624 627 1020
700 1862 1021
60 1392 1022
481 655 1023
500 1025 1024
500 2675 1025
433 805 1026
343 396 1027
222 1529 1028
2363 2688 1029
133 678 1030
676 1652 1031
520 704 1032
1824 1826 1033
478 2376 1034
865 866 1035
621 702 1036
225 1418 1037
498 1884 1038
24 520 1039
624 2162 1040
604 605 1041
603 2669 1042
1253 2578 1043
408 928 1044
1427 1430 1045
676 1575 1046
439 1655 1047
129 1831 1048
186 1773 1049
448 2151 1050
718 2405 1051
607 608 1052
638 691 1053
506 1008 1054
676 2698 1055
1019 2161 1056
264 495 1057
1321 1766 1058
742 2737 1059
496 1755 1060
14 1058 1061
481 658 1062
729 731 1063
266 2503 1064
1333 1335 1065
1736 2562 1066
474 574 1067
651 2515 1068
466 669 1069
955 2552 1070
2688 2706 1071
474 503 1072
1329 1830 1073
2474 2475 1074
319 942 1075
1055 1175 1076
1536 2350 1077
519 520 1078
554 662 1079
504 547 1080
2714 2715 1081
626 627 1082
656 659 1083
474 872 1084
14 1059 1085
435 638 1086
549 553 1087
605 606 1088
676 1228 1089
610 613 1090
264 1055 1091
474 499 1092
629 630 1093
1824 1827 1094
264 1184 1095
341 404 1096
447 448 1097
625 2162 1098
266 408 1099
264 684 1100
995 2663 1101
350 2363 1102
478 479 1103
654 658 1104
654 705 1105
775 1670 1106
573 2663 1107
653 654 1108
413 2363 1109
542 2738 1110
1175 2357 1111
620 702 1112
657 705 1113
1229 2281 1114
26 1639 1115
374 989 1116
1175 1862 1117
592 1648 1118
622 834 1119
995 2664 1120
505 521 1121
1385 2663 1122
238 554 1123
1751 2363 1124
50 53 1125
280 281 1126
678 2593 1127
1644 1652 1128
2363 2564 1129
481 657 1130
500 503 1131
265 624 1132
653 658 1133
474 500 1134
667 669 1135
474 501 1136
654 706 1137
264 1754 1138
496 684 1139
638 2409 1140
824 1638 1141
503 598 1142
592 1309 1143
1292 2101 1144
550 553 1145
1036 2585 1146
150 1321 1147
596 2105 1148
592 1311 1149
808 1314 1150
504 521 1151
2213 2426 1152
2564 2565 1153
350 413 1154
2443 2445 1155
640 691 1156
1385 2664 1157
698 1657 1158
691 692 1159
2103 2708 1160
374 1758 1161
133 1948 1162
436 638 1163
1862 2358 1164
700 1979 1165
2101 2103 1166
408 563 1167
1647 1648 1168
1228 2698 1169
2101 2709 1170
550 551 1171
2665 2666 1172
2444 2445 1173
433 2542 1174
603 1299 1175
507 508 1176
439 442 1177
1009 2741 1178
1055 1184 1179
1381 2498 1180
185 210 1181
632 707 1182
657 659 1183
740 1433 1184
1054 2411 1185
651 2468 1186
1004 1006 1187
474 871 1188
1427 1429 1189
377 427 1190
611 612 1191
679 1247 1192
134 181 1193
504 1646 1194
134 135 1195
429 670 1196
284 446 1197
1753 2388 1198
349 413 1199
377 2703 1200
108 134 1201
499 574 1202
961 1242 1203
737 738 1204
818 821 1205
520 703 1206
1050 1052 1207
266 627 1208
454 744 1209
2489 2547 1210
498 1223 1211
1037 1740 1212
1767 1768 1213
477 639 1214
658 706 1215
397 460 1216
507 834 1217
766 2470 1218
609 2224 1219
2363 2570 1220
1652 1863 1221
296 596 1222
2496 2501 1223
1392 2660 1224
166 167 1225
481 656 1226
638 704 1227
503 2458 1228
47 130 1229
816 1376 1230
2447 2571 1231
242 1238 1232
503 574 1233
606 2669 1234
222 731 1235
227 229 1236
887 978 1237
45 79 1238
444 445 1239
834 2488 1240
474 1375 1241
1381 2499 1242
444 505 1243
180 1752 1244
1229 1862 1245
460 1760 1246
963 2699 1247
1045 1242 1248
691 693 1249
1327 1328 1250
265 627 1251
334 1008 1252
494 1755 1253
133 2593 1254
561 1146 1255
836 1242 1256
474 655 1257
1170 2559 1258
496 1756 1259
520 692 1260
826 1322 1261
230 698 1262
1381 2497 1263
227 428 1264
564 2363 1265
165 1201 1266
2559 2681 1267
440 442 1268
676 978 1269
653 705 1270
495 1055 1271
432 433 1272
60 238 1273
413 666 1274
675 1863 1275
1381 2097 1276
53 1006 1277
1823 1824 1278
504 1636 1279
607 834 1280
505 685 1281
2513 2565 1282
474 555 1283
1824 1825 1284
520 1649 1285
197 199 1286
564 2705 1287
627 2162 1288
1386 1761 1289
1052 1643 1290
446 505 1291
199 431 1292
670 702 1293
343 1881 1294
668 670 1295
742 889 1296
919 921 1297
44 45 1298
2665 2684 1299
150 1201 1300
341 492 1301
914 2592 1302
656 658 1303
737 1231 1304
503 681 1305
892 894 1306
1425 1768 1307
2352 2731 1308
518 904 1309
589 592 1310
621 670 1311
730 731 1312
653 657 1313
696 2158 1314
2097 2501 1315
678 2673 1316
484 485 1317
658 659 1318
1201 1321 1319
2471 2476 1320
494 684 1321
499 503 1322
592 1647 1323
619 620 1324
221 2638 1325
518 2079 1326
676 1640 1327
518 905 1328
658 705 1329
474 476 1330
319 2682 1331
667 670 1332
350 1751 1333
1381 2501 1334
476 499 1335
555 573 1336
777 778 1337
5 1639 1338
1376 1377 1339
676 2685 1340
2173 2332 1341
491 492 1342
1318 1319 1343
2272 2688 1344
2332 2681 1345
225 226 1346
286 803 1347
656 706 1348
475 655 1349
264 496 1350
482 483 1351
569 1434 1352
656 971 1353
1948 2673 1354
165 1766 1355
471 472 1356
676 1263 1357
515 538 1358
701 804 1359
2495 2501 1360
500 2641 1361
1634 1636 1362
87 2246 1363
696 1295 1364
447 1796 1365
222 373 1366
478 507 1367
689 690 1368
849 868 1369
2695 2696 1370
1425 1767 1371
491 493 1372
139 358 1373
433 753 1374
638 703 1375
238 1392 1376
374 1582 1377
60 112 1378
630 1864 1379
549 551 1380
2332 2556 1381
569 2577 1382
2089 2716 1383
225 227 1384
549 550 1385
150 1766 1386
227 1418 1387
656 657 1388
1635 1636 1389
1648 2072 1390
2393 2493 1391
542 1060 1392
1633 1636 1393
238 742 1394
643 2680 1395
1500 2379 1396
693 2668 1397
2498 2500 1398
112 2393 1399
727 1181 1400
2332 2557 1401
631 632 1402
2584 2585 1403
238 741 1404
503 2676 1405
2102 2709 1406
349 665 1407
592 810 1408
2557 2559 1409
373 733 1410
696 2159 1411
564 2686 1412
2556 2559 1413
266 625 1414
555 1375 1415
592 962 1416
2557 2681 1417
404 492 1418
226 714 1419
515 537 1420
2447 2725 1421
2352 2671 1422
373 731 1423
474 870 1424
112 149 1425
521 685 1426
599 636 1427
238 663 1428
1604 1605 1429
592 1310 1430
2556 2681 1431
39 123 1432
620 670 1433
520 693 1434
690 980 1435
2457 2592 1436
2663 2664 1437
466 667 1438
732 733 1439
503 2707 1440
2068 2144 1441
550 1177 1442
644 1590 1443
869 1762 1444
392 573 1445
344 395 1446
1533 2179 1447
2103 2745 1448
1184 2732 1449
1417 1418 1450
2352 2672 1451
12 112 1452
808 898 1453
693 1315 1454
1038 1228 1455
265 266 1456
1381 2500 1457
498 1208 1458
481 706 1459
1036 2584 1460
653 659 1461
476 555 1462
678 1948 1463
2279 2495 1464
477 637 1465
373 729 1466
1381 2495 1467
474 502 1468
654 655 1469
914 2718 1470
2556 2557 1471
729 730 1472
39 122 1473
439 440 1474
708 709 1475
775 1426 1476
444 521 1477
442 894 1478
129 183 1479
548 1885 1480
504 1160 1481
592 723 1482
808 809 1483
138 139 1484
2495 2499 1485
199 1175 1486
1381 2279 1487
564 2706 1488
112 137 1489
428 1298 1490
222 750 1491
499 870 1492
1036 1949 1493
319 2683 1494
1604 2689 1495
492 1570 1496
483 484 1497
1289 1327 1498
1602 1605 1499
2097 2169 1500
373 732 1501
1604 1702 1502
101 2370 1503
566 567 1504
700 804 1505
1052 2359 1506
1175 2698 1507
498 1027 1508
1175 1228 1509
1381 2169 1510
1751 2272 1511
280 1411 1512
742 1158 1513
2495 2498 1514
618 702 1515
479 2488 1516
1038 1175 1517
266 624 1518
499 681 1519
2495 2496 1520
2498 2501 1521
222 729 1522
39 47 1523
640 703 1524
1381 2496 1525
244 887 1526
1429 1430 1527
401 404 1528
24 638 1529
2097 2279 1530
2458 2641 1531
139 736 1532
2473 2475 1533
592 882 1534
1605 2689 1535
818 1006 1536
953 954 1537
564 2570 1538
567 569 1539
2496 2498 1540
150 165 1541
53 1736 1542
1428 1670 1543
1948 2593 1544
429 669 1545
2376 2377 1546
524 525 1547
574 1375 1548
500 2676 1549
695 696 1550
2496 2499 1551
638 1649 1552
213 722 1553
431 893 1554
737 2482 1555
526 532 1556
2272 2363 1557
662 663 1558
2280 2281 1559
1315 2261 1560
1426 1429 1561
368 518 1562
458 460 1563
729 750 1564
2571 2725 1565
633 635 1566
922 2416 1567
229 1312 1568
433 518 1569
869 1763 1570
714 745 1571
1228 2685 1572
101 1848 1573
548 1886 1574
2279 2498 1575
226 430 1576
1636 1646 1577
499 682 1578
2097 2499 1579
226 227 1580
613 2224 1581
1160 1636 1582
550 1178 1583
620 621 1584
1242 1243 1585
503 1375 1586
1019 2160 1587
1175 1318 1588
2279 2501 1589
466 668 1590
718 720 1591
529 532 1592
1038 1039 1593
882 1648 1594
24 640 1595
453 955 1596
816 1188 1597
222 2494 1598
2169 2500 1599
499 500 1600
914 2571 1601
877 878 1602
686 688 1603
482 484 1604
1292 2102 1605
1381 2061 1606
726 1316 1607
685 688 1608
808 1772 1609
19 53 1610
2061 2097 1611
510 554 1612
805 806 1613
517 518 1614
882 1647 1615
135 178 1616
429 667 1617
499 502 1618
648 649 1619
482 485 1620
2498 2499 1621
506 521 1622
1602 1604 1623
2332 2559 1624
503 2675 1625
608 2191 1626
718 1845 1627
503 1737 1628
1021 1025 1629
229 808 1630
1602 2689 1631
2496 2500 1632
1147 1377 1633
433 752 1634
2363 2687 1635
592 695 1636
31 896 1637
479 834 1638
640 2692 1639
2097 2496 1640
1058 1059 1641
1201 1766 1642
483 485 1643
566 569 1644
714 715 1645
1024 1025 1646
501 503 1647
1426 1428 1648
2097 2500 1649
2190 2479 1650
1530 2667 1651
2098 2102 1652
721 722 1653
685 687 1654
446 521 1655
571 573 1656
2097 2498 1657
656 1302 1658
951 1266 1659
592 2072 1660
2169 2499 1661
449 450 1662
1605 1702 1663
637 639 1664
1188 2179 1665
2499 2500 1666
892 893 1667
1885 1886 1668
515 851 1669
433 2074 1670
513 515 1671
2097 2497 1672
685 686 1673
640 704 1674
659 705 1675
1825 1829 1676
564 1751 1677
2571 2592 1678
373 1529 1679
481 654 1680
2497 2499 1681
433 858 1682
499 501 1683
701 1491 1684
618 670 1685
667 668 1686
668 669 1687
2061 2499 1688
433 1219 1689
129 1509 1690
816 1377 1691
373 1797 1692
446 506 1693
500 501 1694
1266 2607 1695
429 668 1696
528 529 1697
5 26 1698
753 858 1699
2496 2497 1700
531 532 1701
655 659 1702
746 2494 1703
2097 2102 1704
1160 1646 1705
499 555 1706
573 574 1707
2497 2498 1708
454 1573 1709
527 529 1710
564 2688 1711
38 1536 1712
592 2549 1713
404 491 1714
919 922 1715
2169 2498 1716
479 607 1717
2169 2279 1718
2097 2495 1719
2173 2559 1720
45 986 1721
705 706 1722
2495 2500 1723
638 2692 1724
165 1321 1725
526 529 1726
712 2411 1727
619 621 1728
2254 2255 1729
498 1196 1730
609 2191 1731
431 1318 1732
465 466 1733
494 1754 1734
112 2493 1735
244 1190 1736
2061 2498 1737
466 467 1738
921 922 1739
495 496 1740
640 1649 1741
598 1025 1742
561 562 1743
478 833 1744
1418 1419 1745
503 682 1746
515 534 1747
2169 2495 1748
1175 2685 1749
514 515 1750
479 562 1751
739 740 1752
112 114 1753
372 1070 1754
592 664 1755
592 1821 1756
2279 2496 1757
962 1311 1758
893 894 1759
1426 1430 1760
733 1653 1761
461 462 1762
476 574 1763
516 518 1764
718 1300 1765
2495 2497 1766
619 956 1767
2061 2169 1768
2363 2513 1769
700 701 1770
350 495 1771
1375 2355 1772
604 606 1773
261 2489 1774
2102 2103 1775
1825 1828 1776
1823 1826 1777
1601 1605 1778
592 929 1779
280 2573 1780
499 1375 1781
607 2488 1782
481 705 1783
737 1230 1784
505 506 1785
1265 1266 1786
2470 2471 1787
896 977 1788
2279 2500 1789
439 894 1790
351 816 1791
520 677 1792
643 1590 1793
804 807 1794
2061 2501 1795
808 1064 1796
167 168 1797
778 1263 1798
1601 1604 1799
746 1529 1800
2169 2497 1801
766 2471 1802
529 531 1803
1751 2570 1804
2103 2709 1805
699 700 1806
112 2141 1807
921 1256 1808
676 1863 1809
2500 2501 1810
638 677 1811
1175 1229 1812
1823 1825 1813
1119 2106 1814
1038 1042 1815
718 1846 1816
676 1576 1817
226 1130 1818
1245 1246 1819
2061 2497 1820
433 1217 1821
2097 2103 1822
618 619 1823
2279 2497 1824
574 681 1825
592 1043 1826
358 736 1827
462 463 1828
1264 2633 1829
698 1251 1830
496 1055 1831
562 834 1832
476 1375 1833
2169 2501 1834
445 446 1835
698 1194 1836
5 111 1837
459 460 1838
2540 2553 1839
479 559 1840
524 530 1841
2540 2554 1842
1616 2134 1843
2276 2449 1844
349 495 1845
700 740 1846
112 148 1847
737 2373 1848
1184 1188 1849
448 1796 1850
568 569 1851
1409 2630 1852
555 574 1853
2497 2501 1854
2363 2713 1855
515 1270 1856
527 532 1857
374 446 1858
498 652 1859
1188 1533 1860
2089 2091 1861
503 1023 1862
503 2702 1863
460 1032 1864
462 2033 1865
891 893 1866
358 374 1867
53 617 1868
503 2641 1869
524 528 1870
351 1376 1871
1174 1175 1872
1177 1178 1873
1500 2568 1874
1260 1375 1875
404 493 1876
53 1004 1877
569 2104 1878
618 876 1879
648 1052 1880
618 620 1881
2473 2474 1882
524 529 1883
914 1146 1884
1292 2103 1885
1529 2667 1886
373 2494 1887
522 525 1888
598 1024 1889
515 1210 1890
503 871 1891
524 532 1892
373 746 1893
1222 2478 1894
1169 2483 1895
676 1038 1896
542 543 1897
930 1616 1898
522 526 1899
525 532 1900
1823 1828 1901
433 2073 1902
555 681 1903
2099 2102 1904
26 111 1905
496 1175 1906
308 660 1907
1375 2331 1908
229 996 1909
1825 1827 1910
72 110 1911
336 374 1912
435 436 1913
523 532 1914
336 2465 1915
2279 2499 1916
1797 2548 1917
198 2696 1918
522 529 1919
592 883 1920
2061 2279 1921
714 2256 1922
1012 1019 1923
574 682 1924
440 1656 1925
2169 2496 1926
710 712 1927
920 921 1928
529 530 1929
433 1215 1930
2096 2102 1931
524 527 1932
530 532 1933
604 2669 1934
1169 1170 1935
1038 1041 1936
599 2546 1937
198 2552 1938
892 1815 1939
373 730 1940
525 527 1941
516 517 1942
261 615 1943
352 395 1944
75 503 1945
718 719 1946
528 532 1947
476 681 1948
523 525 1949
1342 1652 1950
524 531 1951
823 863 1952
525 526 1953
816 2179 1954
1018 2161 1955
2144 2459 1956
53 1201 1957
1704 2089 1958
1823 1827 1959
2488 2502 1960
700 739 1961
559 561 1962
635 949 1963
1796 2151 1964
525 529 1965
776 893 1966
527 531 1967
654 659 1968
1642 1643 1969
1677 2575 1970
525 531 1971
401 2469 1972
1375 2275 1973
522 532 1974
1271 1500 1975
618 877 1976
737 2545 1977
238 451 1978
700 1291 1979
496 1757 1980
404 499 1981
238 452 1982
461 463 1983
1184 2179 1984
1500 2378 1985
1025 1026 1986
503 872 1987
920 1256 1988
528 530 1989
776 894 1990
331 334 1991
945 1038 1992
373 750 1993
930 1273 1994
560 562 1995
2096 2103 1996
1827 1828 1997
2061 2496 1998
336 337 1999
564 2272 2000
618 621 2001
640 677 2002
1434 1881 2003
1825 1826 2004
2499 2501 2005
2515 2740 2006
1170 2558 2007
2061 2495 2008
654 1030 2009
1184 1187 2010
1260 1264 2011
1292 2097 2012
541 1038 2013
776 1815 2014
264 428 2015
569 1074 2016
39 126 2017
527 530 2018
656 1303 2019
515 1213 2020
518 752 2021
919 1256 2022
1261 1375 2023
659 971 2024
2061 2500 2025
382 537 2026
526 531 2027
539 541 2028
559 834 2029
492 499 2030
527 528 2031
476 503 2032
607 2191 2033
688 1364 2034
1823 1829 2035
1797 2711 2036
18 53 2037
891 894 2038
1179 1180 2039
1526 2738 2040
517 901 2041
776 892 2042
343 1959 2043
543 2397 2044
523 531 2045
522 530 2046
526 527 2047
654 1362 2048
659 706 2049
891 892 2050
524 526 2051
1264 1375 2052
244 541 2053
2255 2717 2054
592 641 2055
268 2582 2056
523 529 2057
377 2638 2058
444 446 2059
1070 1369 2060
439 1656 2061
495 1175 2062
2550 2568 2063
633 949 2064
440 816 2065
818 819 2066
2081 2474 2067
343 1572 2068
522 527 2069
936 939 2070
1820 1821 2071
1948 2540 2072
2173 2556 2073
262 1220 2074
894 1815 2075
503 870 2076
523 527 2077
561 914 2078
740 1291 2079
1434 2418 2080
518 901 2081
882 883 2082
523 524 2083
466 956 2084
1500 2550 2085
681 1375 2086
919 920 2087
1826 1827 2088
526 528 2089
777 1869 2090
213 721 2091
281 1411 2092
382 515 2093
499 1209 2094
466 619 2095
522 528 2096
374 722 2097
648 1050 2098
816 1187 2099
1828 1829 2100
129 153 2101
909 910 2102
522 523 2103
198 2695 2104
2497 2500 2105
893 1816 2106
659 684 2107
1060 1526 2108
2558 2559 2109
433 1218 2110
1169 2484 2111
1015 1019 2112
1633 1634 2113
1170 2483 2114
222 746 2115
526 530 2116
826 1500 2117
75 598 2118
374 721 2119
528 531 2120
1271 2568 2121
233 690 2122
478 559 2123
404 2122 2124
894 1816 2125
1375 2461 2126
1263 2275 2127
537 851 2128
442 1655 2129
19 50 2130
777 1871 2131
2467 2468 2132
886 2481 2133
176 453 2134
337 359 2135
1862 2280 2136
530 531 2137
1230 1231 2138
492 1522 2139
2275 2461 2140
1019 2078 2141
2094 2095 2142
2173 2681 2143
229 1298 2144
2272 2570 2145
213 332 2146
1038 1040 2147
264 645 2148
373 1530 2149
572 573 2150
522 531 2151
401 403 2152
705 1302 2153
892 1816 2154
914 2457 2155
199 1353 2156
433 1216 2157
1017 1019 2158
198 990 2159
1830 1831 2160
446 645 2161
787 788 2162
522 524 2163
806 1219 2164
1013 1019 2165
337 374 2166
71 122 2167
1119 2519 2168
5 46 2169
253 1222 2170
1027 1223 2171
268 2581 2172
542 2543 2173
1263 1264 2174
1819 1821 2175
777 1870 2176
2254 2717 2177
654 1028 2178
1426 1427 2179
716 717 2180
891 1815 2181
891 1816 2182
525 530 2183
776 891 2184
221 377 2185
476 682 2186
523 526 2187
167 169 2188
995 2647 2189
358 434 2190
700 1038 2191
229 809 2192
811 1374 2193
53 421 2194
481 971 2195
198 1645 2196
887 1342 2197
592 2712 2198
1012 1015 2199
1489 1490 2200
53 533 2201
930 2134 2202
592 2520 2203
2098 2103 2204
592 1819 2205
262 1811 2206
599 2439 2207
1272 1273 2208
226 556 2209
503 1024 2210
515 1211 2211
733 1373 2212
200 1006 2213
712 2566 2214
1587 1811 2215
500 502 2216
2100 2102 2217
260 2489 2218
493 1570 2219
806 2073 2220
334 717 2221
2378 2379 2222
525 528 2223
336 2277 2224
686 687 2225
518 902 2226
806 2074 2227
1529 2494 2228
503 1742 2229
1271 2550 2230
453 454 2231
129 1830 2232
1222 2477 2233
1792 1794 2234
6 137 2235
1264 2461 2236
329 414 2237
861 2254 2238
1019 2337 2239
599 1894 2240
47 71 2241
894 1656 2242
500 598 2243
951 1852 2244
518 903 2245
319 818 2246
503 555 2247
1220 1811 2248
344 352 2249
1012 1018 2250
688 2166 2251
2088 2089 2252
502 503 2253
1012 1016 2254
250 1222 2255
1222 1874 2256
476 1371 2257
2581 2582 2258
515 1212 2259
1417 1419 2260
350 665 2261
619 879 2262
893 1815 2263
1794 1796 2264
1012 2078 2265
226 1304 2266
243 244 2267
421 2208 2268
2682 2683 2269
414 854 2270
560 561 2271
776 1816 2272
213 374 2273
432 806 2274
1050 2359 2275
1530 2711 2276
1819 1820 2277
826 2568 2278
618 880 2279
892 2070 2280
496 1184 2281
1100 1753 2282
523 528 2283
787 895 2284
261 2547 2285
592 1409 2286
1159 1948 2287
1100 2388 2288
43 48 2289
561 1435 2290
334 716 2291
826 1271 2292
1881 2418 2293
656 2251 2294
478 2377 2295
566 568 2296
910 1286 2297
465 467 2298
336 1838 2299
529 1365 2300
267 268 2301
290 1064 2302
215 639 2303
204 1581 2304
1184 1185 2305
374 2465 2306
1159 2540 2307
2574 2575 2308
1170 2484 2309
710 2566 2310
1870 1871 2311
565 1822 2312
517 903 2313
567 568 2314
1769 1770 2315
253 936 2316
619 876 2317
2 954 2318
1869 1870 2319
401 2122 2320
517 902 2321
495 1184 2322
1264 2462 2323
2097 2098 2324
1264 2355 2325
573 681 2326
885 886 2327
1837 1838 2328
281 2573 2329
505 857 2330
2463 2464 2331
826 2550 2332
1028 1030 2333
1173 1222 2334
75 2352 2335
1304 1814 2336
494 496 2337
618 879 2338
742 974 2339
889 890 2340
329 853 2341
462 464 2342
1070 1074 2343
1270 1813 2344
562 607 2345
2155 2156 2346
818 887 2347
523 530 2348
870 872 2349
925 1258 2350
443 672 2351
618 878 2352
806 2070 2353
1044 2568 2354
368 905 2355
688 2165 2356
1948 2554 2357
1185 1187 2358
494 495 2359
1827 1829 2360
200 818 2361
848 849 2362
2483 2484 2363
70 104 2364
1220 1560 2365
705 971 2366
1869 1871 2367
2477 2478 2368
308 677 2369
1018 1019 2370
1948 2553 2371
86 2246 2372
1187 2179 2373
592 1820 2374
870 871 2375
1260 2275 2376
1187 1188 2377
188 1339 2378
39 71 2379
48 1822 2380
562 2488 2381
85 233 2382
433 2070 2383
414 1052 2384
1043 1044 2385
503 1021 2386
580 1979 2387
461 464 2388
513 534 2389
893 2070 2390
382 1270 2391
2096 2097 2392
712 1971 2393
659 1391 2394
711 712 2395
440 1188 2396
14 379 2397
1016 1018 2398
818 1581 2399
752 858 2400
490 1305 2401
619 880 2402
645 2646 2403
176 454 2404
1187 1533 2405
433 1789 2406
930 1272 2407
2275 2355 2408
950 951 2409
1850 1871 2410
554 896 2411
529 922 2412
404 1570 2413
403 499 2414
1175 1227 2415
2085 2572 2416
535 849 2417
705 1303 2418
1264 2275 2419
787 2492 2420
199 1351 2421
233 810 2422
262 1556 2423
501 502 2424
2173 2557 2425
2097 2099 2426
787 2487 2427
806 2060 2428
1305 2030 2429
278 1332 2430
918 921 2431
226 715 2432
2574 2576 2433
226 884 2434
337 2465 2435
1222 1873 2436
871 872 2437
238 662 2438
558 562 2439
2099 2103 2440
5 121 2441
592 1019 2442
1271 2567 2443
297 2255 2444
859 2255 2445
1012 1013 2446
2575 2576 2447
440 894 2448
561 2718 2449
341 403 2450
48 565 2451
396 1284 2452
313 553 2453
476 1370 2454
912 1036 2455
971 1302 2456
1500 2567 2457
240 241 2458
350 414 2459
229 428 2460
1051 1052 2461
752 753 2462
297 2254 2463
308 2309 2464
742 852 2465
382 851 2466
966 967 2467
1238 1580 2468
2272 2687 2469
752 2079 2470
2272 2713 2471
879 880 2472
1176 1270 2473
190 404 2474
226 1814 2475
252 1222 2476
1881 2596 2477
956 957 2478
392 574 2479
1677 2576 2480
308 2409 2481
415 1489 2482
543 886 2483
654 1029 2484
967 1945 2485
1677 2574 2486
559 562 2487
1292 2096 2488
169 866 2489
1018 2337 2490
1246 1307 2491
75 1025 2492
396 1285 2493
433 2079 2494
733 1199 2495
788 2487 2496
826 1268 2497
914 1305 2498
922 1365 2499
1533 2012 2500
500 1024 2501
719 2405 2502
185 850 2503
503 1026 2504
53 2693 2505
403 492 2506
350 494 2507
547 864 2508
710 711 2509
374 546 2510
253 478 2511
1792 1796 2512
1849 1851 2513
2034 2459 2514
788 895 2515
895 2487 2516
876 879 2517
1261 1264 2518
2277 2465 2519
226 449 2520
1016 1019 2521
659 1303 2522
895 2492 2523
592 930 2524
53 2644 2525
2100 2103 2526
248 951 2527
1033 2469 2528
1514 2085 2529
1119 1787 2530
233 592 2531
2553 2554 2532
2355 2461 2533
2070 2071 2534
372 2104 2535
336 2466 2536
414 855 2537
541 977 2538
108 109 2539
559 2488 2540
909 911 2541
727 1202 2542
592 1168 2543
253 2477 2544
260 2739 2545
1292 2099 2546
262 1221 2547
1018 2078 2548
253 255 2549
253 939 2550
365 553 2551
592 1750 2552
561 2464 2553
1704 2716 2554
1012 1014 2555
1263 2355 2556
914 2030 2557
1514 2572 2558
1762 1763 2559
995 2648 2560
1031 1345 2561
19 1201 2562
1876 1877 2563
674 1342 2564
962 1214 2565
414 1489 2566
561 2463 2567
176 954 2568
1529 2711 2569
350 635 2570
1044 2550 2571
2113 2114 2572
910 2325 2573
1159 2554 2574
1641 2155 2575
852 974 2576
382 538 2577
1044 1271 2578
372 1074 2579
598 1021 2580
1529 1797 2581
2097 2100 2582
2567 2568 2583
464 2454 2584
861 2255 2585
252 253 2586
1268 2568 2587
652 1223 2588
478 1222 2589
492 1056 2590
1159 2553 2591
1013 1016 2592
250 252 2593
492 1707 2594
536 849 2595
1894 2439 2596
967 1507 2597
967 1506 2598
695 1295 2599
1500 1502 2600
199 1352 2601
2550 2567 2602
87 233 2603
337 2277 2604
412 893 2605
407 408 2606
443 673 2607
681 682 2608
1641 1878 2609
2566 2643 2610
592 1214 2611
492 1192 2612
541 700 2613
826 1044 2614
199 1485 2615
403 404 2616
826 2567 2617
1268 1271 2618
561 1055 2619
967 1759 2620
2035 2036 2621
1873 1874 2622
431 2287 2623
233 689 2624
262 1557 2625
695 2159 2626
503 2694 2627
543 1526 2628
460 1466 2629
1717 1718 2630
1979 2022 2631
75 1026 2632
1003 2069 2633
329 1053 2634
329 2127 2635
481 659 2636
1815 1816 2637
213 338 2638
1268 2567 2639
876 880 2640
400 404 2641
777 1850 2642
350 666 2643
1526 2543 2644
176 188 2645
671 2085 2646
555 682 2647
1185 1186 2648
1850 1872 2649
186 2076 2650
1774 1881 2651
500 1021 2652
2287 2563 2653
358 1280 2654
350 496 2655
414 856 2656
15 811 2657
358 545 2658
1529 2548 2659
2487 2492 2660
536 852 2661
252 262 2662
244 2114 2663
308 358 2664
186 1817 2665
898 1484 2666
466 957 2667
937 1222 2668
1013 1018 2669
1292 2098 2670
442 1656 2671
929 930 2672
599 2491 2673
1529 1530 2674
248 1266 2675
1261 2275 2676
652 713 2677
898 1064 2678
245 1095 2679
1015 1018 2680
1530 1797 2681
64 165 2682
659 1302 2683
1070 1714 2684
226 2143 2685
478 2478 2686
893 2071 2687
1513 2111 2688
1258 1259 2689
460 1112 2690
925 1259 2691
1530 2548 2692
377 628 2693
372 377 2694
547 818 2695
1245 1307 2696
204 818 2697
243 1190 2698
1028 1924 2699
343 1285 2700
703 704 2701
397 2076 2702
329 2131 2703
2093 2095 2704
264 932 2705
1015 1016 2706
433 905 2707
1704 2090 2708
308 767 2709
233 1726 2710
1565 1641 2711
859 2717 2712
1850 1869 2713
76 78 2714
392 2176 2715
1096 1240 2716
1280 1510 2717
823 899 2718
1375 1517 2719
252 936 2720
619 957 2721
1013 2077 2722
1219 2070 2723
652 1208 2724
727 862 2725
86 233 2726
96 1515 2727
404 1707 2728
542 1526 2729
1050 1051 2730
1815 2382 2731
2019 2600 2732
414 648 2733
671 1514 2734
244 2113 2735
1980 2533 2736
1300 1845 2737
2155 2157 2738
1361 1362 2739
737 1563 2740
1220 1221 2741
431 831 2742
559 560 2743
352 2045 2744
254 2691 2745
1610 1611 2746
2332 2537 2747
463 464 2748
1979 1981 2749
349 496 2750
727 2120 2751
971 1303 2752
1370 1371 2753
1829 2594 2754
229 359 2755
916 1048 2756
388 443 2757
414 1053 2758
431 892 2759
431 2563 2760
276 278 2761
2096 2099 2762
240 335 2763
27 30 2764
199 1350 2765
856 1053 2766
859 2253 2767
914 1046 2768
1288 1289 2769
1491 1493 2770
932 933 2771
1158 1159 2772
1229 2280 2773
536 742 2774
42 126 2775
1096 1867 2776
1261 2461 2777
432 1215 2778
700 1040 2779
1641 2156 2780
545 546 2781
374 545 2782
1260 2355 2783
244 2115 2784
262 1587 2785
404 1522 2786
453 2362 2787
374 2466 2788
262 1555 2789
700 1039 2790
226 1348 2791
349 1053 2792
854 1053 2793
492 1057 2794
273 875 2795
1797 2133 2796
266 407 2797
1268 2550 2798
351 1147 2799
777 924 2800
372 569 2801
440 1187 2802
352 847 2803
349 350 2804
1044 1500 2805
440 1185 2806
451 452 2807
241 335 2808
431 1472 2809
1210 1211 2810
440 1189 2811
338 505 2812
2034 2144 2813
905 2079 2814
1302 1303 2815
1811 2184 2816
2490 2491 2817
458 1771 2818
481 1303 2819
253 2691 2820
816 1186 2821
554 977 2822
2087 2090 2823
253 254 2824
696 1044 2825
253 1173 2826
598 2694 2827
1292 2708 2828
264 2118 2829
700 945 2830
1641 2157 2831
252 255 2832
252 1220 2833
432 1219 2834
700 1042 2835
818 1566 2836
190 401 2837
1870 1872 2838
500 1026 2839
542 1527 2840
572 574 2841
648 2342 2842
2073 2074 2843
1012 2077 2844
350 633 2845
915 1046 2846
2160 2161 2847
1526 2397 2848
1641 1877 2849
350 853 2850
443 1461 2851
250 936 2852
2098 2100 2853
406 2569 2854
945 1040 2855
185 977 2856
536 974 2857
1175 2323 2858
51 53 2859
376 2703 2860
188 1020 2861
381 548 2862
2081 2082 2863
1041 1042 2864
2156 2157 2865
440 1533 2866
853 855 2867
1014 1019 2868
362 1238 2869
253 1180 2870
2165 2166 2871
727 1203 2872
547 888 2873
318 2257 2874
2114 2115 2875
1029 1030 2876
453 2420 2877
1850 1870 2878
572 1354 2879
811 1804 2880
598 1492 2881
226 578 2882
250 253 2883
253 2478 2884
599 2490 2885
1717 2382 2886
253 1179 2887
75 500 2888
1870 2116 2889
448 700 2890
481 2251 2891
432 2070 2892
914 1049 2893
1021 1024 2894
358 1207 2895
1074 2095 2896
1302 2251 2897
238 505 2898
1287 1289 2899
726 1558 2900
406 2119 2901
1004 2710 2902
1302 1836 2903
1499 1500 2904
914 916 2905
1039 1040 2906
229 441 2907
308 971 2908
659 2278 2909
1019 2077 2910
1704 2091 2911
967 1944 2912
2096 2098 2913
397 2516 2914
541 1039 2915
1016 2078 2916
2353 2464 2917
1044 2378 2918
1527 2543 2919
481 1302 2920
1704 1705 2921
945 1039 2922
1811 2605 2923
561 2353 2924
740 2532 2925
654 1361 2926
930 1214 2927
329 2129 2928
541 850 2929
264 938 2930
414 1050 2931
1235 1236 2932
860 861 2933
208 1513 2934
1044 2379 2935
916 1046 2936
571 2176 2937
255 936 2938
2353 2463 2939
1210 1212 2940
1513 2112 2941
454 867 2942
535 536 2943
598 1026 2944
329 2126 2945
914 915 2946
1875 1878 2947
188 1045 2948
344 414 2949
592 1808 2950
639 1011 2951
75 1024 2952
397 1032 2953
1196 2339 2954
914 1047 2955
967 1977 2956
308 2285 2957
568 1074 2958
914 1048 2959
2113 2115 2960
1774 1775 2961
490 2363 2962
1811 1936 2963
254 255 2964
960 961 2965
1990 1991 2966
250 939 2967
1233 1238 2968
72 305 2969
740 1292 2970
1274 1275 2971
96 107 2972
1044 2567 2973
250 1173 2974
1046 1048 2975
185 945 2976
263 264 2977
826 1043 2978
352 414 2979
185 946 2980
1718 2382 2981
286 1064 2982
859 2254 2983
252 1221 2984
541 946 2985
913 916 2986
1039 1041 2987
264 2646 2988
1013 1014 2989
186 1162 2990
358 546 2991
383 1018 2992
414 1051 2993
912 1808 2994
2339 2525 2995
695 2158 2996
226 577 2997
19 109 2998
432 2073 2999
1039 1042 3000
454 2580 3001
1704 2086 3002
392 571 3003
1024 1026 3004
357 358 3005
648 2340 3006
598 1023 3007
404 1056 3008
1021 1026 3009
252 1560 3010
397 1031 3011
541 1040 3012
255 1179 3013
329 2125 3014
816 2012 3015
440 1184 3016
351 639 3017
352 1357 3018
1565 2155 3019
75 1021 3020
1881 2595 3021
329 2128 3022
1240 1867 3023
337 2466 3024
2465 2466 3025
2137 2138 3026
648 1051 3027
1641 2108 3028
1040 1041 3029
1115 2533 3030
286 947 3031
898 1197 3032
260 261 3033
1513 1514 3034
252 939 3035
1263 1575 3036
77 78 3037
816 1524 3038
372 568 3039
855 1053 3040
432 2074 3041
255 1180 3042
598 599 3043
2098 2099 3044
852 975 3045
2081 2083 3046
1029 1361 3047
853 854 3048
907 1349 3049
2096 2100 3050
128 129 3051
700 1041 3052
264 1651 3053
374 952 3054
652 1027 3055
1834 1835 3056
752 905 3057
1202 1203 3058
1014 1018 3059
1235 1238 3060
572 681 3061
358 1348 3062
859 860 3063
186 2516 3064
1641 1875 3065
816 937 3066
1608 1611 3067
1641 1876 3068
397 1077 3069
1040 1042 3070
892 2071 3071
297 2717 3072
1261 2355 3073
898 1467 3074
912 1809 3075
782 1040 3076
255 2691 3077
2082 2083 3078
18 1201 3079
1023 1026 3080
1070 1656 3081
208 1514 3082
252 2670 3083
492 1700 3084
1046 1049 3085
358 1699 3086
1046 1047 3087
255 939 3088
503 1209 3089
514 1212 3090
384 1018 3091
2081 2084 3092
19 78 3093
414 853 3094
478 2477 3095
2107 2109 3096
915 916 3097
816 1471 3098
1237 1238 3099
1074 2104 3100
352 1355 3101
568 2104 3102
76 77 3103
303 305 3104
831 1472 3105
915 1048 3106
1879 2137 3107
2173 2534 3108
945 1041 3109
1115 1980 3110
1556 1557 3111
131 132 3112
937 2012 3113
740 2530 3114
883 930 3115
740 2529 3116
945 946 3117
972 973 3118
1096 1239 3119
855 856 3120
849 852 3121
916 1049 3122
1029 1362 3123
1260 2461 3124
1807 2250 3125
1881 2135 3126
1808 1809 3127
1881 2305 3128
308 338 3129
1704 2088 3130
329 2124 3131
740 2531 3132
1263 2461 3133
645 965 3134
1158 1517 3135
481 2278 3136
1018 2077 3137
1068 2148 3138
450 2140 3139
1219 2073 3140
176 822 3141
329 2132 3142
349 494 3143
382 1213 3144
1290 1774 3145
1774 2595 3146
1875 2108 3147
18 19 3148
966 1506 3149
733 1198 3150
1227 1228 3151
157 373 3152
376 427 3153
916 1047 3154
988 1182 3155
1048 1049 3156
286 948 3157
403 1522 3158
240 1278 3159
264 1868 3160
1028 1029 3161
659 2432 3162
541 1042 3163
176 743 3164
2149 2150 3165
284 2121 3166
659 2251 3167
541 945 3168
374 926 3169
186 1269 3170
255 2163 3171
481 1836 3172
1044 1168 3173
1869 1872 3174
774 778 3175
1186 1187 3176
404 1192 3177
186 397 3178
343 1284 3179
195 200 3180
208 2112 3181
899 900 3182
536 975 3183
1068 1274 3184
936 937 3185
1875 2109 3186
975 1196 3187
185 944 3188
410 492 3189
404 1057 3190
823 900 3191
659 2000 3192
168 169 3193
913 915 3194
1292 2100 3195
356 373 3196
24 1650 3197
414 1490 3198
2163 2536 3199
213 273 3200
253 937 3201
193 2137 3202
1869 2116 3203
1482 1656 3204
592 2264 3205
740 2528 3206
958 961 3207
273 332 3208
1003 1366 3209
2339 2600 3210
1290 1775 3211
481 812 3212
920 1880 3213
1302 2278 3214
818 1569 3215
967 970 3216
561 2245 3217
2019 2339 3218
1219 2074 3219
193 2138 3220
362 1233 3221
428 1297 3222
203 204 3223
352 2555 3224
481 2322 3225
558 559 3226
873 1044 3227
362 1232 3228
278 1553 3229
2135 2305 3230
1113 1115 3231
1742 2458 3232
374 735 3233
343 645 3234
541 1041 3235
740 1716 3236
352 846 3237
278 1552 3238
2126 2131 3239
1850 2116 3240
376 377 3241
73 75 3242
204 1342 3243
95 96 3244
252 1173 3245
1070 1482 3246
186 1856 3247
253 2536 3248
2099 2100 3249
253 2163 3250
913 914 3251
1493 2252 3252
432 1216 3253
284 1617 3254
358 1349 3255
1566 1569 3256
223 592 3257
329 2123 3258
2128 2131 3259
305 2603 3260
659 1010 3261
41 80 3262
648 2343 3263
1047 1048 3264
303 2075 3265
250 255 3266
252 1923 3267
1186 1189 3268
1565 2156 3269
1774 2596 3270
397 1269 3271
478 937 3272
914 1347 3273
925 1257 3274
937 2478 3275
1300 1846 3276
2160 2348 3277
478 2485 3278
782 945 3279
1162 1269 3280
329 2130 3281
2126 2127 3282
349 414 3283
442 906 3284
72 261 3285
72 259 3286
2083 2084 3287
238 332 3288
72 73 3289
253 2164 3290
349 853 3291
541 782 3292
324 934 3293
937 2258 3294
224 592 3295
1426 2597 3296
959 961 3297
296 297 3298
362 1235 3299
922 2629 3300
2373 2545 3301
1184 1189 3302
309 423 3303
922 1257 3304
1215 1219 3305
659 2136 3306
915 1047 3307
1184 1186 3308
303 2603 3309
377 1411 3310
2125 2128 3311
321 354 3312
1217 1219 3313
253 2260 3314
392 2011 3315
478 1533 3316
2349 2350 3317
861 2717 3318
937 1533 3319
392 572 3320
1566 2117 3321
2305 2596 3322
233 962 3323
308 1276 3324
1156 1611 3325
1704 2087 3326
559 607 3327
1806 1807 3328
1656 1714 3329
958 959 3330
152 1509 3331
1234 1238 3332
1815 2637 3333
253 1294 3334
1211 1212 3335
1236 1237 3336
229 1297 3337
374 734 3338
2107 2108 3339
240 1279 3340
958 960 3341
694 695 3342
853 1053 3343
141 1699 3344
1354 1869 3345
2093 2094 3346
412 442 3347
1043 1168 3348
2513 2514 3349
215 1011 3350
1426 2149 3351
100 102 3352
1876 2108 3353
176 443 3354
308 2286 3355
561 2244 3356
696 873 3357
2086 2090 3358
215 351 3359
198 200 3360
937 2477 3361
755 1214 3362
397 1856 3363
1514 2112 3364
362 1236 3365
1526 1527 3366
1420 2642 3367
789 790 3368
1703 1704 3369
326 934 3370
332 338 3371
2127 2130 3372
818 2117 3373
874 975 3374
397 1345 3375
2034 2035 3376
478 2307 3377
490 1187 3378
432 1217 3379
1044 1502 3380
1555 1556 3381
72 260 3382
392 2175 3383
199 2356 3384
297 859 3385
318 2147 3386
1530 2133 3387
2130 2132 3388
19 421 3389
1369 2145 3390
72 258 3391
238 354 3392
1529 2133 3393
397 1162 3394
2135 2596 3395
2305 2595 3396
373 1083 3397
2125 2127 3398
1569 2117 3399
308 340 3400
334 1414 3401
2080 2081 3402
1232 1238 3403
700 2532 3404
176 1807 3405
516 901 3406
2086 2087 3407
2111 2112 3408
945 1042 3409
385 1018 3410
2126 2129 3411
2340 2342 3412
392 1354 3413
859 861 3414
1044 1268 3415
1047 1049 3416
816 1143 3417
490 2272 3418
450 907 3419
213 952 3420
2011 2282 3421
898 969 3422
937 1184 3423
1215 1216 3424
861 2253 3425
1565 2157 3426
127 129 3427
352 1356 3428
1159 1517 3429
1232 1236 3430
335 1279 3431
818 1342 3432
213 238 3433
1302 2324 3434
2163 2164 3435
696 1500 3436
1354 2282 3437
1215 1217 3438
2129 2130 3439
72 1477 3440
826 1168 3441
1926 2150 3442
2126 2132 3443
1877 2108 3444
490 816 3445
1209 1344 3446
2124 2130 3447
2127 2131 3448
208 2111 3449
1556 1595 3450
397 1857 3451
2138 2723 3452
409 1564 3453
1608 1610 3454
2131 2132 3455
2595 2596 3456
54 74 3457
141 358 3458
898 968 3459
48 96 3460
459 1771 3461
2080 2082 3462
223 755 3463
223 224 3464
2135 2595 3465
592 2161 3466
854 855 3467
238 338 3468
773 1224 3469
308 1277 3470
1212 1213 3471
415 853 3472
2125 2130 3473
352 1658 3474
700 1292 3475
873 1500 3476
1774 2135 3477
2342 2343 3478
344 1355 3479
1703 2090 3480
255 2536 3481
1703 2086 3482
233 664 3483
264 1559 3484
362 1234 3485
1354 1870 3486
1215 1218 3487
1306 1307 3488
224 1214 3489
1233 1236 3490
2473 2637 3491
38 1951 3492
1426 1926 3493
198 1306 3494
971 972 3495
2275 2331 3496
726 1195 3497
233 1214 3498
308 582 3499
2130 2131 3500
429 696 3501
2124 2127 3502
402 826 3503
516 902 3504
966 1507 3505
1804 1843 3506
54 72 3507
1352 1353 3508
297 861 3509
253 2258 3510
303 304 3511
317 318 3512
503 1344 3513
214 682 3514
1499 1502 3515
1506 1507 3516
937 2260 3517
226 1701 3518
324 326 3519
481 1919 3520
1224 1226 3521
2082 2084 3522
1832 1834 3523
129 152 3524
1426 2150 3525
2108 2109 3526
2123 2127 3527
213 309 3528
2601 2602 3529
408 409 3530
2128 2129 3531
204 1205 3532
1774 2305 3533
1216 1218 3534
1482 1714 3535
1053 1518 3536
19 76 3537
189 190 3538
442 1714 3539
2129 2132 3540
1236 1238 3541
283 284 3542
304 305 3543
2173 2262 3544
54 73 3545
340 971 3546
503 1492 3547
309 374 3548
2124 2131 3549
1263 2462 3550
405 406 3551
1526 1931 3552
2080 2084 3553
1217 1218 3554
1815 2473 3555
412 1656 3556
503 1343 3557
1524 1533 3558
481 1973 3559
352 417 3560
490 1769 3561
1117 2155 3562
2171 2173 3563
1514 2111 3564
2123 2126 3565
2127 2129 3566
400 403 3567
2129 2131 3568
915 1049 3569
409 697 3570
1216 1217 3571
185 541 3572
481 1920 3573
559 825 3574
1703 2087 3575
2127 2128 3576
343 2590 3577
228 229 3578
974 975 3579
937 2259 3580
1856 1857 3581
344 2045 3582
360 362 3583
582 677 3584
261 1477 3585
1216 1219 3586
503 1491 3587
503 2252 3588
2036 2037 3589
1068 1805 3590
592 2160 3591
2125 2131 3592
204 1206 3593
344 847 3594
2244 2245 3595
190 2122 3596
427 1804 3597
914 1346 3598
1845 1846 3599
1924 2560 3600
200 1859 3601
442 1482 3602
1257 1259 3603
540 541 3604
1354 2116 3605
659 1836 3606
1268 1500 3607
414 415 3608
185 540 3609
404 576 3610
255 2164 3611
1234 1236 3612
403 1056 3613
853 856 3614
2127 2132 3615
305 2075 3616
382 1212 3617
2123 2124 3618
203 1204 3619
914 917 3620
248 249 3621
2139 2140 3622
392 2174 3623
677 1649 3624
1232 1234 3625
255 937 3626
700 2531 3627
220 222 3628
255 1294 3629
457 459 3630
478 816 3631
1114 1115 3632
2123 2132 3633
318 509 3634
362 1237 3635
850 943 3636
1233 1237 3637
541 944 3638
1034 1240 3639
510 511 3640
351 1011 3641
659 2187 3642
794 1226 3643
696 1501 3644
344 349 3645
2124 2126 3646
2173 2263 3647
1287 1288 3648
1486 1807 3649
659 1742 3650
222 1358 3651
250 2163 3652
358 1034 3653
944 945 3654
920 2510 3655
2125 2126 3656
198 1307 3657
909 2325 3658
1926 2597 3659
454 1711 3660
826 2396 3661
2125 2129 3662
2161 2348 3663
19 118 3664
794 1224 3665
1067 2137 3666
238 759 3667
700 1716 3668
1224 1225 3669
2088 2091 3670
344 2555 3671
2126 2128 3672
2340 2343 3673
901 902 3674
403 1707 3675
559 2434 3676
1143 1187 3677
372 375 3678
403 1057 3679
920 2509 3680
2128 2130 3681
770 1068 3682
1233 1234 3683
440 1471 3684
19 77 3685
494 816 3686
922 2345 3687
818 888 3688
305 2579 3689
1470 1533 3690
2124 2125 3691
1233 1235 3692
490 2273 3693
694 696 3694
1363 2274 3695
2124 2128 3696
1703 1705 3697
1815 2636 3698
224 233 3699
529 1257 3700
1303 2251 3701
1232 1237 3702
1366 2069 3703
1302 1366 3704
2265 2267 3705
285 286 3706
2172 2173 3707
1225 1226 3708
1232 1233 3709
794 1225 3710
1278 1279 3711
2126 2130 3712
1936 2605 3713
694 1044 3714
1366 1368 3715
893 1713 3716
968 969 3717
1805 2148 3718
223 1214 3719
742 975 3720
1053 1520 3721
2047 2049 3722
189 192 3723
308 410 3724
918 2509 3725
971 973 3726
344 846 3727
541 2622 3728
901 903 3729
12 103 3730
392 681 3731
389 681 3732
1815 2635 3733
778 924 3734
388 393 3735
682 1935 3736
496 1549 3737
2080 2083 3738
2150 2597 3739
2258 2260 3740
2273 2354 3741
383 384 3742
412 1070 3743
1833 1835 3744
72 74 3745
303 2579 3746
1498 1502 3747
700 2529 3748
1257 1258 3749
882 930 3750
19 2208 3751
773 1225 3752
2123 2128 3753
273 1062 3754
773 1226 3755
1214 1277 3756
1350 1353 3757
2123 2131 3758
326 935 3759
453 1187 3760
460 1111 3761
922 2344 3762
427 2703 3763
404 1700 3764
1014 2077 3765
1350 1352 3766
442 2627 3767
419 446 3768
727 1524 3769
1156 1610 3770
259 261 3771
296 861 3772
1067 2138 3773
2473 2636 3774
854 856 3775
1482 1483 3776
469 2274 3777
1235 1237 3778
372 376 3779
1557 1595 3780
2011 2174 3781
12 35 3782
916 917 3783
2382 2473 3784
344 1357 3785
773 794 3786
204 1204 3787
2123 2130 3788
1184 1471 3789
2382 2636 3790
235 2469 3791
918 920 3792
176 1486 3793
198 1001 3794
1833 1834 3795
1234 1235 3796
2124 2129 3797
2382 2637 3798
308 804 3799
305 2518 3800
1023 1053 3801
458 459 3802
459 940 3803
478 2433 3804
2123 2125 3805
358 1847 3806
770 1805 3807
442 1070 3808
1198 1199 3809
193 1066 3810
389 572 3811
2258 2259 3812
440 727 3813
1875 2107 3814
758 1224 3815
2332 2333 3816
2170 2173 3817
362 365 3818
1026 2694 3819
2248 2249 3820
1340 1341 3821
1047 1405 3822
2382 2635 3823
238 857 3824
1480 1482 3825
410 411 3826
114 115 3827
73 74 3828
399 896 3829
349 1520 3830
404 410 3831
1354 2011 3832
190 191 3833
253 2423 3834
464 2346 3835
29 41 3836
1351 1352 3837
2 176 3838
726 1540 3839
934 935 3840
403 1192 3841
414 1518 3842
1352 2356 3843
1302 1742 3844
516 903 3845
193 1267 3846
481 2324 3847
2034 2036 3848
66 68 3849
253 2259 3850
2038 2627 3851
1234 1237 3852
193 1067 3853
828 2274 3854
1117 2601 3855
2473 2635 3856
2174 2175 3857
238 273 3858
284 473 3859
190 192 3860
258 261 3861
1044 1498 3862
2125 2132 3863
860 2253 3864
1232 1235 3865
559 2142 3866
66 69 3867
2128 2132 3868
909 1286 3869
2160 2347 3870
308 1214 3871
1209 1343 3872
468 2274 3873
659 1366 3874
273 338 3875
308 411 3876
1343 1344 3877
1214 1494 3878
308 1494 3879
403 410 3880
354 418 3881
541 2181 3882
727 1184 3883
186 1857 3884
2123 2129 3885
2268 2269 3886
469 1363 3887
481 1742 3888
2341 2342 3889
303 2518 3890
374 927 3891
440 1186 3892
1750 2264 3893
2124 2132 3894
246 248 3895
67 68 3896
191 192 3897
582 2286 3898
1990 2535 3899
1257 1365 3900
255 2258 3901
259 260 3902
780 1302 3903
1350 1485 3904
795 2263 3905
65 69 3906
414 1520 3907
494 1470 3908
324 935 3909
818 976 3910
902 903 3911
1872 2116 3912
273 368 3913
478 2486 3914
966 970 3915
176 464 3916
362 363 3917
67 69 3918
494 1184 3919
1342 1596 3920
238 800 3921
2247 2248 3922
440 1523 3923
2011 2175 3924
223 233 3925
795 2172 3926
873 1268 3927
677 2692 3928
918 2510 3929
1143 1533 3930
296 859 3931
383 385 3932
2285 2286 3933
176 979 3934
1486 2250 3935
1405 1406 3936
440 1524 3937
349 352 3938
1260 1263 3939
337 1135 3940
1366 1836 3941
72 75 3942
1286 2325 3943
250 318 3944
38 94 3945
1261 1263 3946
74 75 3947
559 2433 3948
853 1490 3949
959 960 3950
296 853 3951
360 1710 3952
2193 2265 3953
362 2198 3954
29 80 3955
795 2173 3956
1525 1527 3957
1350 1351 3958
2635 2636 3959
770 2148 3960
1117 2156 3961
65 66 3962
478 2434 3963
816 1470 3964
1348 1349 3965
2035 2037 3966
176 2250 3967
490 2349 3968
218 1360 3969
915 917 3970
344 1658 3971
541 2522 3972
362 364 3973
943 944 3974
1527 1931 3975
1354 2174 3976
412 1482 3977
1563 2373 3978
222 1360 3979
352 1372 3980
580 1981 3981
1143 2012 3982
100 101 3983
559 2059 3984
101 102 3985
127 153 3986
2433 2434 3987
1026 1492 3988
481 1366 3989
1366 1834 3990
2635 2637 3991
264 964 3992
1022 1026 3993
696 1268 3994
1350 2356 3995
374 1479 3996
344 1356 3997
758 794 3998
943 945 3999
510 512 4000
468 1363 4001
1500 1501 4002
302 853 4003
364 1710 4004
383 386 4005
411 677 4006
99 102 4007
54 75 4008
867 2580 4009
648 2341 4010
694 1295 4011
811 2092 4012
913 917 4013
224 755 4014
659 2324 4015
2265 2266 4016
35 103 4017
96 104 4018
481 1841 4019
496 2360 4020
238 758 4021
853 1023 4022
920 2178 4023
1832 1835 4024
371 377 4025
375 377 4026
1354 2175 4027
65 67 4028
141 770 4029
503 1493 4030
1600 2312 4031
561 2639 4032
761 1549 4033
32 255 4034
276 1552 4035
1044 1501 4036
264 1904 4037
219 1360 4038
1227 2323 4039
1891 2248 4040
1302 2187 4041
247 249 4042
317 509 4043
1349 2336 4044
1487 1488 4045
2171 2172 4046
1555 1557 4047
2340 2341 4048
481 2187 4049
1708 1709 4050
873 1501 4051
1044 1497 4052
1709 1710 4053
412 1369 4054
628 1411 4055
259 1477 4056
360 1709 4057
2259 2260 4058
189 191 4059
127 128 4060
592 2348 4061
2193 2266 4062
853 1520 4063
196 198 4064
344 417 4065
1341 1342 4066
1485 2356 4067
1262 1263 4068
1342 1538 4069
218 222 4070
349 1518 4071
700 2528 4072
2193 2267 4073
1438 2008 4074
613 2321 4075
313 362 4076
387 443 4077
252 254 4078
255 2259 4079
727 1471 4080
2265 2269 4081
358 770 4082
758 1225 4083
1117 1565 4084
2334 2335 4085
1044 1499 4086
1187 1470 4087
246 249 4088
1522 1707 4089
1143 1184 4090
1184 2012 4091
1421 1554 4092
344 1372 4093
1260 1261 4094
345 351 4095
360 1708 4096
222 1359 4097
238 1508 4098
233 755 4099
405 2569 4100
68 69 4101
774 777 4102
559 976 4103
1066 1067 4104
1342 1537 4105
2228 2266 4106
1498 1500 4107
1267 2227 4108
255 2260 4109
1498 1499 4110
51 52 4111
296 302 4112
2193 2228 4113
66 67 4114
19 51 4115
2161 2347 4116
6 151 4117
179 1100 4118
496 761 4119
2267 2268 4120
1518 1520 4121
853 1518 4122
440 1143 4123
758 1226 4124
2023 2639 4125
33 103 4126
412 1366 4127
469 1544 4128
1622 2185 4129
1151 2008 4130
2262 2263 4131
403 1700 4132
220 1358 4133
1117 2602 4134
2228 2267 4135
2267 2269 4136
9 121 4137
109 119 4138
365 1710 4139
1340 1342 4140
412 2539 4141
220 1360 4142
481 1842 4143
19 155 4144
193 1065 4145
412 2195 4146
343 965 4147
541 943 4148
2172 2263 4149
65 68 4150
394 395 4151
920 2512 4152
1056 1057 4153
795 2171 4154
198 2336 4155
1713 2304 4156
2228 2268 4157
219 222 4158
372 373 4159
2280 2358 4160
1034 1349 4161
2265 2268 4162
296 1436 4163
365 1708 4164
2579 2603 4165
19 119 4166
128 153 4167
2636 2637 4168
258 259 4169
795 2262 4170
943 2522 4171
395 396 4172
24 25 4173
1352 1485 4174
966 1977 4175
2193 2268 4176
342 343 4177
218 1358 4178
1537 1539 4179
412 2540 4180
659 780 4181
1139 1207 4182
308 2624 4183
811 1543 4184
1260 2462 4185
1706 2354 4186
1034 1348 4187
185 943 4188
1841 1842 4189
541 2058 4190
561 2023 4191
818 1567 4192
1117 2329 4193
459 1882 4194
468 1544 4195
2436 2437 4196
690 760 4197
1832 1833 4198
1358 1360 4199
176 1806 4200
389 392 4201
490 2350 4202
2526 2527 4203
384 385 4204
387 388 4205
770 1699 4206
1113 1114 4207
33 35 4208
1184 1470 4209
152 153 4210
592 2347 4211
323 326 4212
481 1839 4213
374 377 4214
297 1436 4215
2000 2432 4216
349 1372 4217
440 478 4218
1032 1466 4219
2328 2329 4220
217 222 4221
443 2517 4222
218 220 4223
323 324 4224
2266 2268 4225
2266 2269 4226
352 1475 4227
795 1854 4228
398 399 4229
191 1937 4230
218 219 4231
696 1497 4232
914 2524 4233
1708 1710 4234
220 1359 4235
1047 1406 4236
860 1957 4237
478 2425 4238
1438 2335 4239
1497 1500 4240
260 1477 4241
1143 1524 4242
1400 1404 4243
109 1511 4244
354 759 4245
1481 1482 4246
2509 2510 4247
2485 2486 4248
394 396 4249
429 873 4250
690 758 4251
795 2170 4252
1023 1518 4253
2266 2267 4254
399 473 4255
185 2424 4256
541 1592 4257
1151 2335 4258
1065 1066 4259
1263 2521 4260
19 49 4261
128 152 4262
758 773 4263
19 120 4264
1100 1408 4265
99 101 4266
266 409 4267
407 409 4268
559 2053 4269
1184 1524 4270
219 1358 4271
761 2360 4272
700 2530 4273
873 1497 4274
2193 2269 4275
387 392 4276
853 1519 4277
1366 1832 4278
411 582 4279
350 762 4280
35 82 4281
860 1421 4282
343 964 4283
185 2522 4284
374 376 4285
1117 2328 4286
247 248 4287
309 927 4288
29 121 4289
541 2424 4290
1276 1277 4291
1294 2423 4292
1438 2334 4293
478 2012 4294
387 572 4295
1537 1538 4296
412 1527 4297
302 1438 4298
2059 2142 4299
238 760 4300
412 1368 4301
443 1925 4302
118 1511 4303
481 780 4304
1920 1973 4305
246 247 4306
1032 1112 4307
1480 1483 4308
2327 2328 4309
2228 2265 4310
1480 1481 4311
759 800 4312
1292 2532 4313
453 816 4314
338 446 4315
364 1708 4316
1942 2270 4317
1931 2111 4318
64 115 4319
1292 1716 4320
1342 1539 4321
2647 2648 4322
109 118 4323
360 364 4324
302 1023 4325
2228 2269 4326
780 2324 4327
219 220 4328
758 874 4329
2424 2522 4330
218 1359 4331
2034 2037 4332
412 1478 4333
580 2022 4334
1358 1359 4335
1840 1841 4336
61 93 4337
412 1367 4338
1359 1360 4339
2180 2312 4340
468 469 4341
459 1400 4342
202 204 4343
350 352 4344
1139 2561 4345
1481 1483 4346
365 1709 4347
334 1516 4348
947 948 4349
758 759 4350
2341 2343 4351
443 1263 4352
2118 2345 4353
759 1508 4354
19 116 4355
19 2028 4356
922 2118 4357
176 590 4358
2328 2330 4359
1112 1466 4360
412 1480 4361
1691 1928 4362
1840 1842 4363
176 1698 4364
375 376 4365
64 1853 4366
1292 2529 4367
364 1709 4368
490 2354 4369
219 1359 4370
1920 1921 4371
297 1449 4372
255 2423 4373
132 446 4374
412 1715 4375
427 1071 4376
1263 1947 4377
387 573 4378
760 1508 4379
109 120 4380
352 1476 4381
313 1709 4382
561 2538 4383
727 1533 4384
1157 1503 4385
1268 1498 4386
1184 1469 4387
258 260 4388
1517 2275 4389
309 952 4390
415 1490 4391
1518 1519 4392
296 1448 4393
1523 1524 4394
176 2346 4395
2505 2523 4396
2511 2512 4397
469 975 4398
1260 1262 4399
1470 2012 4400
859 1436 4401
344 1475 4402
975 2730 4403
1839 1840 4404
373 376 4405
696 1498 4406
759 760 4407
1348 2336 4408
1928 2640 4409
1742 2324 4410
19 1511 4411
412 1714 4412
118 119 4413
1917 1921 4414
2053 2059 4415
443 1261 4416
1151 1438 4417
296 1449 4418
2028 2507 4419
854 860 4420
217 220 4421
1552 1553 4422
196 200 4423
1517 2331 4424
119 1511 4425
364 365 4426
412 1481 4427
1538 1539 4428
29 61 4429
1839 1842 4430
83 381 4431
481 1840 4432
1182 1565 4433
1471 1524 4434
349 416 4435
360 365 4436
873 1498 4437
120 1511 4438
1065 1067 4439
127 152 4440
412 2541 4441
2333 2537 4442
727 1470 4443
976 2053 4444
370 377 4445
1032 1111 4446
1691 2640 4447
442 1478 4448
2153 2154 4449
19 52 4450
429 1044 4451
9 93 4452
1143 1469 4453
1261 2521 4454
1023 1520 4455
2347 2348 4456
442 2038 4457
411 971 4458
1366 1835 4459
918 2512 4460
1157 1786 4461
2000 2136 4462
2187 2324 4463
217 218 4464
368 759 4465
1267 2506 4466
118 120 4467
797 1854 4468
1928 2153 4469
943 2424 4470
308 2626 4471
309 735 4472
82 103 4473
690 1508 4474
368 758 4475
1917 1919 4476
387 1261 4477
1865 1866 4478
22 24 4479
258 1477 4480
1277 1494 4481
1117 2330 4482
1268 1497 4483
263 1904 4484
1117 2327 4485
9 61 4486
854 1993 4487
2327 2330 4488
313 1710 4489
238 340 4490
468 975 4491
313 365 4492
976 2059 4493
2312 2508 4494
302 2334 4495
1151 2334 4496
23 24 4497
1742 2187 4498
478 1471 4499
913 2524 4500
217 219 4501
387 389 4502
682 1934 4503
1100 2427 4504
1366 1833 4505
1207 2561 4506
1839 1841 4507
459 1404 4508
340 368 4509
6 140 4510
1525 1526 4511
2329 2330 4512
1928 2619 4513
296 1023 4514
2539 2540 4515
119 120 4516
478 1184 4517
1000 1001 4518
308 2625 4519
1498 1501 4520
412 1483 4521
780 1742 4522
2118 2344 4523
2624 2625 4524
1981 2022 4525
1470 1471 4526
429 1498 4527
443 1504 4528
469 1334 4529
2152 2153 4530
427 1712 4531
19 2507 4532
440 1470 4533
1143 1186 4534
273 759 4535
557 1112 4536
1292 2530 4537
1034 2651 4538
1475 1476 4539
313 360 4540
1186 1470 4541
302 1151 4542
313 1708 4543
206 207 4544
727 1523 4545
1928 2152 4546
328 2631 4547
344 1476 4548
1504 2517 4549
758 800 4550
1486 1488 4551
2327 2329 4552
1925 2517 4553
2530 2532 4554
429 1497 4555
1550 1551 4556
780 2187 4557
478 1524 4558
1263 1505 4559
785 860 4560
350 761 4561
1504 1925 4562
231 233 4563
2529 2531 4564
2625 2626 4565
690 759 4566
405 797 4567
429 1500 4568
412 2145 4569
1471 1523 4570
32 2326 4571
297 302 4572
302 1449 4573
309 1479 4574
1478 2627 4575
1497 1501 4576
860 1554 4577
387 681 4578
906 1478 4579
238 690 4580
313 364 4581
344 350 4582
371 376 4583
1261 2517 4584
1263 1925 4585
859 1449 4586
206 1193 4587
1919 1920 4588
366 367 4589
238 368 4590
302 1448 4591
861 1436 4592
387 1260 4593
1267 1997 4594
33 82 4595
363 364 4596
1919 1921 4597
478 1523 4598
2136 2432 4599
1486 1487 4600
853 1448 4601
1917 1920 4602
194 1865 4603
387 1925 4604
1470 1524 4605
49 155 4606
1023 1519 4607
340 758 4608
1716 2528 4609
2152 2154 4610
1186 1469 4611
1186 1471 4612
758 1508 4613
727 1143 4614
1928 2154 4615
61 121 4616
2194 2228 4617
970 1063 4618
49 154 4619
694 1501 4620
1716 2530 4621
818 1568 4622
1111 1112 4623
273 758 4624
1600 2508 4625
354 758 4626
1400 1474 4627
2023 2538 4628
411 2624 4629
459 1474 4630
1919 1973 4631
1184 1523 4632
795 797 4633
964 1559 4634
541 2621 4635
1143 1471 4636
1600 2180 4637
2510 2512 4638
1268 1501 4639
694 1500 4640
2344 2345 4641
2512 2526 4642
194 1866 4643
1997 2506 4644
385 386 4645
511 512 4646
2512 2527 4647
198 1034 4648
1993 1994 4649
1260 1504 4650
2624 2626 4651
1469 1471 4652
19 749 4653
478 1470 4654
854 1994 4655
443 1260 4656
761 762 4657
19 124 4658
2509 2512 4659
207 1541 4660
1149 1844 4661
366 368 4662
429 694 4663
975 1544 4664
2531 2532 4665
412 1526 4666
1143 1523 4667
1260 2521 4668
1716 2532 4669
1716 2531 4670
1561 1563 4671
298 1519 4672
371 373 4673
2528 2530 4674
1292 2528 4675
1912 1913 4676
1478 2038 4677
1034 2336 4678
366 369 4679
387 1504 4680
1261 1925 4681
442 1928 4682
557 1111 4683
1260 2517 4684
2344 2629 4685
1001 2336 4686
1292 2531 4687
1527 2111 4688
1260 1505 4689
206 1541 4690
1526 2111 4691
302 1436 4692
1111 1466 4693
1436 1449 4694
478 727 4695
2528 2532 4696
1277 1545 4697
298 1149 4698
405 1551 4699
363 365 4700
797 2173 4701
374 375 4702
1263 2517 4703
302 859 4704
1260 1947 4705
1263 1504 4706
2528 2529 4707
387 1263 4708
694 1268 4709
387 2517 4710
367 369 4711
6 7 4712
387 393 4713
1592 2621 4714
2529 2532 4715
1561 1562 4716
1261 1947 4717
1448 1449 4718
1414 1516 4719
412 1525 4720
853 1449 4721
758 760 4722
23 25 4723
20 24 4724
411 2625 4725
201 204 4726
360 363 4727
372 374 4728
193 1512 4729
429 1268 4730
429 1501 4731
232 233 4732
2336 2651 4733
1100 2320 4734
797 1551 4735
1408 2320 4736
193 194 4737
861 1449 4738
194 1512 4739
512 1465 4740
277 379 4741
1001 1034 4742
2528 2531 4743
694 873 4744
1497 1498 4745
233 2020 4746
379 381 4747
1023 1449 4748
1143 1470 4749
1469 1470 4750
1541 1542 4751
1934 1935 4752
233 2430 4753
1599 1600 4754
424 427 4755
2529 2530 4756
1261 1504 4757
2530 2531 4758
1920 2178 4759
1001 2428 4760
373 375 4761
206 1542 4762
231 232 4763
373 374 4764
424 425 4765
478 1143 4766
298 1844 4767
302 861 4768
371 374 4769
1156 1157 4770
384 386 4771
964 1447 4772
313 363 4773
370 373 4774
22 25 4775
425 426 4776
1716 2529 4777
1470 1523 4778
1997 2505 4779
1260 1925 4780
1023 1448 4781
361 365 4782
1565 1738 4783
694 1498 4784
231 2020 4785
964 1495 4786
694 1497 4787
1034 2428 4788
49 749 4789
373 377 4790
1519 1844 4791
1546 1548 4792
379 380 4793
309 311 4794
1117 1182 4795
1944 1945 4796
205 1001 4797
370 376 4798
370 371 4799
309 422 4800
1447 1495 4801
1855 1912 4802
1940 2007 4803
207 1542 4804
371 375 4805
155 749 4806
1597 2007 4807
1899 1912 4808
231 2430 4809
94 584 4810
1598 1600 4811
370 374 4812
370 375 4813
1447 1496 4814
1567 1568 4815
380 381 4816
1855 1899 4817
411 2626 4818
232 2430 4819
313 361 4820
964 1496 4821
275 379 4822
361 363 4823
275 381 4824
201 202 4825
1478 1928 4826
232 2020 4827
274 2620 4828
964 2005 4829
1408 2427 4830
20 22 4831
1547 1548 4832
425 427 4833
20 25 4834
1117 1738 4835
1562 1563 4836
2320 2427 4837
22 23 4838
20 23 4839
1182 1738 4840
378 381 4841
1495 1496 4842
1598 1599 4843
274 2196 4844
424 426 4845
1597 1941 4846
277 381 4847
1941 2007 4848
426 427 4849
1855 1900 4850
1941 2623 4851
1919 2178 4852
1899 1900 4853
387 391 4854
378 379 4855
1496 2005 4856
1940 2623 4857
2196 2620 4858
275 277 4859
387 390 4860
1940 1941 4861
1597 1940 4862
1597 2623 4863
378 380 4864
275 378 4865
277 378 4866
277 380 4867
275 380 4868
390 391 4869
2050 2051 4870
