808 1064 1
136 1729 2
1729 1730 3
515 829 4
1729 1732 5
1105 1250 6
1729 1733 7
136 1731 8
1731 1732 9
1729 1731 10
136 1732 11
1803 2614 12
808 898 13
1730 1733 14
1732 1733 15
1732 1734 16
1730 1731 17
1730 1734 18
1249 1250 19
1729 1734 20
136 1730 21
286 803 22
843 845 23
838 839 24
1730 1732 25
1731 1733 26
2446 2617 27
136 1734 28
136 1733 29
515 830 30
1105 1249 31
2281 2402 32
684 840 33
728 748 34
1803 2615 35
832 2390 36
1764 1765 37
53 1006 38
2446 2448 39
2448 2617 40
1731 1734 41
1803 2456 42
832 2389 43
1803 2599 44
728 842 45
832 1084 46
515 967 47
808 809 48
1733 1734 49
515 1532 50
2448 2618 51
290 1064 52
2389 2390 53
1007 2384 54
838 840 55
1084 2389 56
2089 2659 57
2614 2615 58
2371 2456 59
684 839 60
748 841 61
844 845 62
2281 2404 63
1803 2609 64
843 844 65
1388 2661 66
1803 2449 67
1803 2371 68
329 2456 69
2384 2385 70
1084 2390 71
286 1064 72
608 1765 73
1803 2616 74
285 286 75
813 814 76
728 841 77
810 1637 78
2617 2618 79
808 1772 80
2281 2403 81
286 947 82
1388 2662 83
329 2371 84
423 2659 85
832 2391 86
684 838 87
1007 2385 88
2281 2450 89
2449 2456 90
53 1004 91
1423 1424 92
1672 2226 93
2313 2398 94
53 1736 95
684 1391 96
2357 2402 97
1025 1250 98
2357 2404 99
808 1313 100
1104 1105 101
2404 2450 102
1025 1105 103
614 1764 104
589 1044 105
684 2182 106
2370 2371 107
2608 2609 108
2402 2404 109
2313 2659 110
2403 2404 111
1380 1383 112
1803 2608 113
227 442 114
1025 1249 115
2402 2452 116
286 948 117
684 1756 118
898 1064 119
2446 2618 120
329 1803 121
911 1282 122
1253 1254 123
2390 2391 124
2402 2451 125
2398 2659 126
2371 2383 127
1803 2383 128
2404 2452 129
2456 2616 130
374 596 131
2402 2403 132
823 984 133
684 1757 134
2371 2599 135
1422 1424 136
2456 2599 137
1835 2448 138
222 733 139
24 520 140
910 1282 141
592 1637 142
829 1532 143
2404 2451 144
608 614 145
1044 1637 146
2281 2452 147
2402 2450 148
1002 2634 149
614 1765 150
2281 2611 151
2371 2449 152
2281 2451 153
227 1254 154
26 837 155
2371 2616 156
2374 2375 157
1421 1424 158
651 845 159
233 810 160
242 728 161
2403 2452 162
1835 2617 163
684 1489 164
85 1322 165
487 515 166
26 1639 167
2403 2451 168
92 837 169
329 2614 170
1044 1296 171
2401 2402 172
737 998 173
748 1577 174
1002 1008 175
2357 2403 176
981 982 177
229 808 178
554 741 179
829 830 180
1387 1388 181
329 2615 182
2089 2313 183
2089 2398 184
837 1252 185
683 684 186
486 2226 187
659 684 188
460 515 189
486 1672 190
329 2608 191
747 748 192
2357 2401 193
2389 2391 194
2403 2450 195
810 1648 196
982 983 197
1862 2403 198
1637 2453 199
1084 2391 200
199 2097 201
821 2613 202
2399 2442 203
589 810 204
823 2726 205
1764 2612 206
2357 2452 207
553 819 208
24 640 209
515 2408 210
1803 1848 211
14 554 212
651 1735 213
92 1252 214
642 1722 215
2281 2401 216
823 863 217
814 817 218
329 2609 219
1637 1725 220
2281 2357 221
244 676 222
334 1002 223
24 638 224
423 2398 225
506 1008 226
724 1044 227
830 1532 228
2097 2372 229
87 1322 230
1765 2612 231
1803 2370 232
1572 1881 233
684 1755 234
947 948 235
1432 1764 236
2401 2403 237
1383 1535 238
2226 2410 239
505 1338 240
592 810 241
423 2313 242
1720 1722 243
26 158 244
1309 1330 245
2401 2404 246
101 1803 247
2226 2705 248
808 1314 249
821 1533 250
5 26 251
837 1639 252
1719 1722 253
981 983 254
1736 2562 255
650 651 256
156 2372 257
651 984 258
623 2395 259
2357 2451 260
1803 2610 261
835 2395 262
1722 1724 263
589 1637 264
592 1044 265
1672 2705 266
815 821 267
984 1339 268
642 1723 269
2357 2450 270
1862 2402 271
1723 1724 272
692 1005 273
1719 1723 274
2402 2460 275
553 818 276
589 724 277
893 2375 278
1282 1390 279
520 638 280
642 644 281
1720 1723 282
1722 1723 283
732 733 284
1721 1722 285
642 1724 286
554 742 287
1422 1423 288
1881 1959 289
86 1322 290
2399 2407 291
227 1255 292
642 1719 293
85 87 294
520 640 295
1380 1382 296
815 816 297
1803 2369 298
712 1054 299
1309 1331 300
1835 2446 301
1862 2281 302
1835 2618 303
684 1754 304
506 1002 305
614 2612 306
1376 1377 307
1719 1721 308
623 835 309
808 951 310
1637 1648 311
2450 2451 312
1717 1718 313
242 1580 314
912 1809 315
984 1338 316
1002 2406 317
1721 1723 318
642 1720 319
2097 2386 320
2448 2725 321
1720 1724 322
532 982 323
642 1721 324
1296 1637 325
1387 2662 326
1720 1721 327
14 238 328
1382 1383 329
343 1881 330
487 829 331
520 639 332
2281 2460 333
515 2441 334
1318 2357 335
5 837 336
1719 1720 337
2281 2391 338
644 1722 339
395 396 340
1634 1636 341
101 2371 342
1282 1389 343
814 2674 344
1421 1423 345
244 541 346
592 1648 347
651 844 348
629 651 349
742 2392 350
1025 1737 351
2400 2442 352
644 1720 353
2450 2452 354
2371 2715 355
829 967 356
2448 2571 357
644 1723 358
651 843 359
1719 1724 360
408 1631 361
811 1375 362
341 401 363
1381 1383 364
2369 2370 365
1756 1757 366
1721 1724 367
1862 2452 368
644 1719 369
2447 2448 370
129 603 371
689 690 372
2407 2442 373
1054 1170 374
2451 2452 375
156 2386 376
815 1533 377
1528 2281 378
486 2705 379
199 1318 380
1803 2744 381
1054 2411 382
242 661 383
1648 1725 384
242 1238 385
589 664 386
676 1640 387
1489 1756 388
1254 2338 389
85 233 390
442 1254 391
504 505 392
826 1322 393
643 1724 394
609 614 395
5 1639 396
1812 2416 397
612 614 398
674 676 399
643 1723 400
233 689 401
505 1339 402
893 2374 403
724 1296 404
1421 1422 405
442 1253 406
642 643 407
1795 2226 408
2371 2714 409
199 2372 410
423 2089 411
1848 2370 412
2281 2591 413
85 86 414
199 1388 415
460 829 416
1862 2450 417
341 1033 418
1862 2404 419
1391 1489 420
198 955 421
437 1803 422
603 998 423
644 1721 424
199 1862 425
156 2097 426
692 1006 427
87 233 428
554 662 429
238 554 430
1335 2351 431
644 1724 432
1318 1388 433
199 2386 434
510 554 435
1735 2413 436
477 520 437
1337 1339 438
1183 1574 439
1754 1756 440
2357 2591 441
698 984 442
2276 2449 443
823 899 444
955 990 445
608 609 446
108 134 447
176 454 448
676 1431 449
2400 2407 450
643 1719 451
86 87 452
479 834 453
1337 1338 454
454 744 455
610 614 456
554 663 457
643 1722 458
824 1638 459
573 995 460
596 816 461
984 1337 462
2705 2706 463
743 744 464
460 967 465
1338 1339 466
136 137 467
993 995 468
2680 2700 469
589 1725 470
454 743 471
998 999 472
543 1526 473
676 1576 474
494 684 475
676 1263 476
775 1428 477
818 819 478
1862 2451 479
135 178 480
910 911 481
1753 2388 482
643 1720 483
743 822 484
643 1721 485
689 1726 486
1253 1298 487
532 981 488
1254 1892 489
2571 2725 490
1330 2368 491
815 1184 492
1054 2412 493
2146 2606 494
793 868 495
1803 2678 496
589 1648 497
608 612 498
2588 2680 499
744 822 500
227 1253 501
744 1325 502
394 396 503
550 553 504
176 954 505
1005 1006 506
334 1008 507
1391 1756 508
1803 2677 509
520 637 510
233 664 511
532 983 512
676 1652 513
204 818 514
2399 2400 515
437 2369 516
661 1061 517
822 1573 518
740 1764 519
1183 1531 520
1254 2479 521
911 1389 522
1309 1310 523
1574 2588 524
1642 1643 525
1631 1727 526
592 1296 527
1308 1309 528
688 2165 529
823 900 530
1322 1323 531
1803 2589 532
899 900 533
1004 1006 534
1803 2679 535
1754 1757 536
1254 2190 537
1717 2382 538
611 614 539
1648 2072 540
1254 1255 541
199 2357 542
454 822 543
1862 2611 544
1326 1327 545
242 483 546
87 592 547
496 684 548
156 199 549
101 1848 550
573 1385 551
1755 1757 552
692 997 553
343 396 554
1812 2415 555
963 2699 556
1326 1328 557
589 882 558
743 1573 559
1391 1755 560
1572 1959 561
1862 2401 562
520 691 563
1318 1387 564
1330 1331 565
125 868 566
640 691 567
478 820 568
26 111 569
815 2732 570
401 492 571
1289 1327 572
596 815 573
675 676 574
1753 2387 575
266 1631 576
690 1726 577
233 690 578
341 492 579
308 823 580
638 640 581
911 1390 582
460 830 583
830 967 584
460 1532 585
638 639 586
542 543 587
520 692 588
998 1329 589
242 482 590
692 1315 591
2190 2479 592
1432 1433 593
589 1296 594
1327 1328 595
2146 2283 596
608 611 597
125 2380 598
603 1329 599
1308 1310 600
86 592 601
2714 2715 602
554 896 603
460 2408 604
1147 1377 605
487 2408 606
86 233 607
242 485 608
444 505 609
639 640 610
1755 1756 611
1848 2369 612
573 993 613
589 592 614
1334 1335 615
592 724 616
655 659 617
744 1324 618
608 610 619
805 806 620
200 1006 621
655 658 622
1289 1326 623
2688 2705 624
2447 2725 625
351 1377 626
596 1533 627
607 614 628
233 1726 629
2680 2743 630
14 663 631
1380 1381 632
542 2738 633
609 611 634
1036 1037 635
718 719 636
1100 2388 637
2413 2414 638
134 135 639
64 165 640
589 1647 641
308 638 642
816 1377 643
394 395 644
1489 1755 645
775 1429 646
2392 2394 647
341 1393 648
1006 1768 649
199 2110 650
477 640 651
481 655 652
85 1331 653
2097 2110 654
492 1533 655
741 742 656
264 596 657
592 1322 658
1369 2146 659
607 608 660
676 1575 661
1633 1636 662
1635 1636 663
199 1387 664
718 1409 665
1006 1425 666
1036 2585 667
2415 2416 668
643 644 669
474 1375 670
655 656 671
1636 1646 672
280 281 673
638 691 674
101 2369 675
373 733 676
882 1648 677
437 2744 678
967 1532 679
718 2405 680
868 2380 681
1862 2357 682
637 640 683
805 1244 684
698 1339 685
1264 2633 686
180 1752 687
553 1638 688
199 1319 689
1735 2414 690
2447 2571 691
718 726 692
603 1299 693
396 1284 694
688 2166 695
692 996 696
596 818 697
15 1375 698
520 704 699
692 693 700
1318 1862 701
1100 1753 702
1374 1375 703
433 807 704
744 1573 705
651 1338 706
519 520 707
995 1385 708
1631 1728 709
1754 1755 710
723 724 711
1773 2704 712
53 533 713
651 708 714
1298 1579 715
923 2551 716
912 1808 717
1036 2584 718
712 2411 719
2146 2284 720
477 638 721
1324 1325 722
596 2732 723
2369 2744 724
923 2735 725
374 517 726
1633 1634 727
2665 2666 728
129 998 729
553 2690 730
910 1390 731
610 612 732
676 887 733
396 1285 734
1718 2382 735
496 596 736
696 2385 737
1263 1375 738
2504 2588 739
87 1331 740
401 1320 741
609 612 742
1434 1881 743
1647 1648 744
1253 1578 745
2283 2606 746
1035 1036 747
505 685 748
1713 2304 749
607 609 750
134 172 751
440 894 752
374 735 753
520 693 754
1848 2697 755
150 1321 756
993 1384 757
521 685 758
639 691 759
520 703 760
676 1863 761
1369 2283 762
492 816 763
814 1362 764
596 676 765
222 373 766
444 521 767
629 650 768
1862 2391 769
603 605 770
818 827 771
453 955 772
616 2177 773
520 1649 774
264 1184 775
454 1573 776
444 504 777
1333 1335 778
213 374 779
638 703 780
910 1389 781
1238 1580 782
53 2693 783
2665 2684 784
955 1645 785
413 665 786
718 1317 787
1004 2710 788
674 675 789
603 606 790
665 666 791
651 1337 792
496 1757 793
505 1636 794
710 712 795
1808 1809 796
134 180 797
616 2739 798
2387 2388 799
2101 2745 800
993 1385 801
1773 2632 802
951 1313 803
351 1376 804
816 1184 805
1862 2460 806
1881 2418 807
108 181 808
1848 2733 809
413 1751 810
611 612 811
676 978 812
653 655 813
496 1756 814
542 1526 815
564 2705 816
198 954 817
1309 1311 818
53 2644 819
542 1060 820
1428 1429 821
479 507 822
134 181 823
358 374 824
688 1364 825
553 824 826
1531 1574 827
923 2332 828
1528 1862 829
401 1033 830
733 1653 831
1381 1382 832
264 684 833
629 1735 834
1289 1328 835
676 2698 836
698 1338 837
610 611 838
1335 1824 839
222 732 840
2688 2706 841
466 619 842
39 123 843
504 1636 844
242 484 845
53 617 846
993 994 847
2584 2585 848
460 2441 849
1727 1728 850
408 1727 851
637 638 852
1287 1289 853
543 2397 854
712 2566 855
101 2370 856
922 1812 857
479 820 858
24 931 859
1574 2504 860
2400 2665 861
343 1284 862
264 428 863
2103 2745 864
86 1331 865
775 1430 866
1006 1767 867
1427 1428 868
653 656 869
549 553 870
676 1175 871
629 1301 872
586 1536 873
2101 2708 874
85 1311 875
651 709 876
478 833 877
1106 2472 878
2283 2284 879
1036 2587 880
629 632 881
479 2488 882
638 704 883
504 521 884
1383 1660 885
613 614 886
1631 1632 887
603 2669 888
437 2589 889
496 1755 890
608 613 891
923 2736 892
643 1571 893
503 1737 894
592 882 895
1160 1636 896
60 437 897
319 818 898
596 1184 899
692 2668 900
85 592 901
1184 1533 902
775 1427 903
718 1316 904
1288 1289 905
609 610 906
1025 2707 907
53 1468 908
238 741 909
1386 2701 910
442 1255 911
1313 1314 912
2165 2166 913
882 883 914
460 487 915
2588 2743 916
374 722 917
2110 2400 918
1119 2332 919
564 2706 920
1036 1242 921
643 2680 922
454 2580 923
656 658 924
2138 2723 925
42 126 926
71 122 927
564 2688 928
629 630 929
930 1616 930
1533 2732 931
343 1959 932
506 521 933
1310 1311 934
603 604 935
477 639 936
564 2686 937
818 1006 938
204 1342 939
281 2573 940
816 821 941
2102 2745 942
133 2593 943
453 454 944
1308 1311 945
608 2224 946
669 670 947
507 834 948
629 2476 949
777 1850 950
280 2573 951
478 479 952
821 1184 953
1253 1255 954
1333 1824 955
676 2685 956
1033 2469 957
1428 1430 958
629 2471 959
596 1228 960
176 743 961
401 881 962
2089 2091 963
112 136 964
674 1652 965
1389 1390 966
882 1647 967
188 1339 968
481 654 969
612 613 970
435 638 971
955 2552 972
1426 1428 973
1036 2586 974
408 1728 975
351 1147 976
2101 2709 977
2735 2736 978
691 693 979
638 1649 980
1036 1949 981
266 1727 982
440 442 983
592 664 984
1060 2738 985
607 611 986
686 688 987
1260 1375 988
1427 1430 989
504 1160 990
466 670 991
87 1311 992
343 1572 993
401 404 994
176 822 995
605 606 996
1384 1385 997
198 2695 998
816 1376 999
893 1713 1000
658 706 1001
520 677 1002
596 1175 1003
775 1426 1004
651 1339 1005
500 2641 1006
654 655 1007
691 692 1008
374 1582 1009
436 638 1010
619 620 1011
482 485 1012
481 657 1013
500 2675 1014
836 1037 1015
2400 2684 1016
198 2696 1017
479 508 1018
592 1168 1019
1170 2559 1020
1318 1319 1021
39 47 1022
496 1754 1023
766 1106 1024
604 605 1025
1287 1288 1026
349 413 1027
433 804 1028
439 442 1029
651 2740 1030
474 574 1031
495 496 1032
718 720 1033
1362 2674 1034
466 668 1035
604 606 1036
629 707 1037
150 1766 1038
351 816 1039
492 493 1040
204 1581 1041
238 663 1042
2332 2735 1043
573 2663 1044
651 2515 1045
653 658 1046
482 483 1047
1409 2630 1048
922 2416 1049
1175 1184 1050
133 678 1051
711 712 1052
479 833 1053
483 485 1054
1578 1579 1055
2695 2696 1056
1862 2591 1057
227 1578 1058
532 1584 1059
573 1375 1060
696 1007 1061
2363 2688 1062
2400 2666 1063
133 2673 1064
408 474 1065
244 675 1066
834 2488 1067
1036 2583 1068
1253 2578 1069
678 2673 1070
656 706 1071
401 2469 1072
930 1273 1073
517 1582 1074
693 1315 1075
710 2566 1076
726 1558 1077
343 1285 1078
2376 2377 1079
198 990 1080
478 2377 1081
260 616 1082
818 821 1083
350 666 1084
478 507 1085
133 1948 1086
474 499 1087
481 656 1088
955 2696 1089
1421 1554 1090
2593 2673 1091
955 2695 1092
350 1751 1093
1253 1579 1094
39 71 1095
2102 2709 1096
737 999 1097
495 596 1098
640 677 1099
504 1646 1100
667 668 1101
607 612 1102
592 1647 1103
993 2663 1104
993 2664 1105
2675 2702 1106
150 165 1107
1298 1578 1108
1958 1959 1109
2363 2565 1110
1315 2668 1111
341 404 1112
505 1646 1113
651 2468 1114
658 705 1115
816 2732 1116
466 669 1117
994 1385 1118
176 453 1119
2097 2400 1120
413 666 1121
2585 2587 1122
477 637 1123
668 669 1124
499 1375 1125
608 2191 1126
614 2224 1127
474 655 1128
199 431 1129
500 2702 1130
2513 2514 1131
183 184 1132
350 665 1133
222 1529 1134
2513 2565 1135
625 626 1136
726 1316 1137
1616 2134 1138
609 2191 1139
640 703 1140
712 1971 1141
631 632 1142
5 111 1143
640 704 1144
667 670 1145
280 1411 1146
1369 2606 1147
1427 1429 1148
349 665 1149
466 956 1150
996 1315 1151
494 496 1152
656 705 1153
165 1321 1154
1321 1766 1155
668 670 1156
607 610 1157
592 1272 1158
592 1308 1159
609 613 1160
474 503 1161
629 698 1162
816 1533 1163
491 492 1164
930 1272 1165
39 122 1166
596 2698 1167
662 663 1168
667 669 1169
442 894 1170
31 896 1171
726 1540 1172
1751 2363 1173
657 658 1174
696 2384 1175
490 1769 1176
505 521 1177
238 742 1178
1316 1317 1179
222 731 1180
640 1649 1181
1727 2724 1182
494 1754 1183
766 2472 1184
624 625 1185
199 2400 1186
492 1570 1187
496 1184 1188
592 826 1189
820 833 1190
606 2669 1191
619 956 1192
1037 1242 1193
619 879 1194
1272 1273 1195
733 1373 1196
676 1228 1197
2474 2475 1198
50 53 1199
1820 1821 1200
638 2692 1201
492 1184 1202
733 1199 1203
1704 2089 1204
547 888 1205
693 2668 1206
592 2072 1207
505 1160 1208
883 930 1209
39 130 1210
609 2224 1211
629 631 1212
619 621 1213
504 685 1214
651 698 1215
654 656 1216
197 199 1217
564 1751 1218
909 911 1219
914 2457 1220
244 1652 1221
474 1727 1222
481 653 1223
1055 1184 1224
474 555 1225
86 1311 1226
912 1036 1227
47 71 1228
350 413 1229
604 2669 1230
619 880 1231
607 613 1232
454 1711 1233
525 733 1234
654 706 1235
2103 2709 1236
632 707 1237
621 670 1238
552 553 1239
404 816 1240
466 667 1241
685 688 1242
1526 2397 1243
740 1432 1244
500 2676 1245
475 655 1246
656 657 1247
630 632 1248
726 1195 1249
996 997 1250
849 868 1251
561 1435 1252
618 880 1253
1385 2663 1254
494 1755 1255
515 534 1256
1582 1758 1257
439 1655 1258
497 498 1259
439 894 1260
610 613 1261
657 705 1262
482 484 1263
454 867 1264
5 46 1265
374 1758 1266
2675 2676 1267
503 574 1268
504 547 1269
659 1391 1270
439 1656 1271
507 508 1272
2101 2102 1273
352 395 1274
705 706 1275
726 1317 1276
678 2593 1277
624 627 1278
150 1201 1279
374 927 1280
657 659 1281
1229 2357 1282
1383 1659 1283
2103 2708 1284
630 707 1285
653 657 1286
1426 1430 1287
653 705 1288
690 963 1289
1385 2664 1290
499 574 1291
2101 2103 1292
640 2692 1293
233 592 1294
244 674 1295
266 626 1296
564 2570 1297
1160 1646 1298
2089 2716 1299
678 1948 1300
47 130 1301
474 501 1302
517 1758 1303
2332 2559 1304
2272 2688 1305
836 1242 1306
487 488 1307
499 502 1308
961 1242 1309
1426 1429 1310
481 658 1311
975 2730 1312
607 2224 1313
2632 2704 1314
620 670 1315
708 709 1316
1263 1264 1317
827 1581 1318
1881 2596 1319
2088 2089 1320
914 2571 1321
2471 2476 1322
995 2663 1323
244 887 1324
651 746 1325
930 2134 1326
574 1375 1327
625 627 1328
951 1314 1329
654 658 1330
53 1201 1331
2559 2681 1332
954 955 1333
409 988 1334
199 1175 1335
670 702 1336
922 2415 1337
1375 2355 1338
1881 2595 1339
834 2502 1340
564 2272 1341
592 1043 1342
638 677 1343
474 500 1344
1201 1321 1345
442 1656 1346
596 1055 1347
308 804 1348
555 1375 1349
204 827 1350
2457 2592 1351
513 515 1352
499 501 1353
1948 2593 1354
460 1771 1355
427 2703 1356
345 351 1357
491 493 1358
876 880 1359
909 910 1360
564 2363 1361
198 453 1362
244 1431 1363
630 1864 1364
222 729 1365
466 467 1366
733 1198 1367
1043 1044 1368
1037 1740 1369
374 1479 1370
2363 2687 1371
266 625 1372
499 503 1373
573 2664 1374
626 627 1375
1429 1430 1376
2515 2740 1377
373 731 1378
503 681 1379
611 613 1380
624 626 1381
879 880 1382
308 358 1383
592 1311 1384
1242 1243 1385
2571 2592 1386
1315 2261 1387
39 126 1388
995 2664 1389
619 876 1390
658 659 1391
1201 1766 1392
374 446 1393
496 1055 1394
618 670 1395
654 657 1396
1045 1242 1397
266 474 1398
2272 2363 1399
165 1201 1400
474 476 1401
630 631 1402
729 731 1403
967 1759 1404
503 2641 1405
483 484 1406
2458 2675 1407
227 725 1408
549 550 1409
592 1309 1410
238 662 1411
374 721 1412
542 2543 1413
2363 2570 1414
737 2545 1415
1565 2157 1416
503 1375 1417
1434 2418 1418
408 409 1419
503 2458 1420
373 732 1421
266 627 1422
654 705 1423
264 496 1424
1264 1375 1425
2678 2679 1426
1751 2570 1427
1948 2673 1428
618 877 1429
401 2122 1430
561 914 1431
607 2191 1432
1184 2732 1433
281 1411 1434
465 466 1435
559 834 1436
1381 2499 1437
637 639 1438
476 499 1439
435 436 1440
618 619 1441
954 2695 1442
621 702 1443
53 421 1444
2558 2559 1445
222 750 1446
894 1656 1447
1229 2281 1448
481 706 1449
638 2409 1450
719 2405 1451
500 501 1452
18 53 1453
484 485 1454
547 818 1455
501 502 1456
408 1632 1457
505 506 1458
2363 2513 1459
592 1310 1460
710 711 1461
653 654 1462
1175 1318 1463
2097 2501 1464
592 723 1465
923 1119 1466
1386 1761 1467
446 505 1468
474 502 1469
501 503 1470
1829 2594 1471
460 488 1472
818 1581 1473
2556 2559 1474
1019 2161 1475
1052 1643 1476
404 1533 1477
479 607 1478
297 861 1479
643 1590 1480
350 496 1481
499 682 1482
350 494 1483
476 574 1484
1425 1768 1485
2556 2681 1486
60 112 1487
499 555 1488
692 1236 1489
198 1645 1490
562 834 1491
1175 1862 1492
1381 2097 1493
1819 1821 1494
2566 2643 1495
188 1045 1496
492 1057 1497
2332 2736 1498
374 952 1499
5 121 1500
685 686 1501
1260 1264 1502
703 704 1503
349 496 1504
543 886 1505
198 2552 1506
415 1489 1507
651 2467 1508
820 908 1509
499 500 1510
350 2363 1511
2097 2279 1512
718 1300 1513
742 974 1514
654 659 1515
60 238 1516
532 1585 1517
500 502 1518
656 659 1519
2458 2641 1520
721 722 1521
848 849 1522
2495 2499 1523
686 687 1524
2279 2499 1525
607 834 1526
676 1038 1527
179 1100 1528
503 1025 1529
2496 2499 1530
811 1543 1531
500 1025 1532
656 971 1533
165 1766 1534
479 562 1535
775 1670 1536
2097 2169 1537
592 2712 1538
1261 1375 1539
373 729 1540
656 1303 1541
861 2255 1542
2272 2570 1543
876 879 1544
2488 2502 1545
2272 2687 1546
1381 2061 1547
408 2724 1548
2061 2499 1549
481 659 1550
1881 2305 1551
503 2675 1552
1565 2155 1553
2061 2097 1554
554 977 1555
1565 1738 1556
1119 2735 1557
1881 2135 1558
265 625 1559
413 2363 1560
882 930 1561
2473 2474 1562
620 621 1563
818 888 1564
954 2696 1565
2557 2559 1566
266 624 1567
474 475 1568
1329 1830 1569
630 698 1570
2557 2681 1571
460 940 1572
616 2489 1573
129 1329 1574
566 567 1575
887 1652 1576
373 750 1577
479 559 1578
826 1044 1579
1381 2279 1580
332 1248 1581
1824 2444 1582
1426 1427 1583
213 722 1584
2061 2495 1585
522 532 1586
2085 2572 1587
496 1175 1588
515 538 1589
620 702 1590
14 60 1591
1990 2535 1592
2363 2713 1593
515 1213 1594
618 620 1595
994 1384 1596
1769 1770 1597
223 592 1598
2061 2279 1599
877 878 1600
344 395 1601
530 532 1602
531 532 1603
766 2471 1604
561 2463 1605
518 904 1606
550 551 1607
1381 2501 1608
461 462 1609
561 562 1610
766 2470 1611
777 1869 1612
1381 2498 1613
596 1810 1614
931 1783 1615
1381 2495 1616
653 659 1617
1375 2461 1618
1381 2496 1619
2097 2500 1620
2363 2564 1621
470 1086 1622
2279 2495 1623
2 954 1624
1369 2284 1625
746 1529 1626
861 2254 1627
349 495 1628
2173 2332 1629
462 2033 1630
499 870 1631
618 876 1632
644 1590 1633
1264 2462 1634
1584 1585 1635
2279 2496 1636
547 864 1637
1924 2560 1638
562 2488 1639
2061 2500 1640
2169 2500 1641
592 883 1642
515 1212 1643
898 1467 1644
1751 2272 1645
343 2590 1646
619 957 1647
14 1392 1648
1175 2357 1649
2279 2500 1650
2499 2500 1651
592 2520 1652
266 2724 1653
1428 1670 1654
469 1334 1655
2495 2496 1656
492 1056 1657
778 1263 1658
1381 2500 1659
50 1468 1660
382 515 1661
222 746 1662
561 1146 1663
996 2381 1664
1489 1490 1665
492 1192 1666
2677 2678 1667
2255 2717 1668
186 1773 1669
498 1884 1670
1530 2667 1671
474 2724 1672
549 551 1673
458 460 1674
618 878 1675
574 682 1676
2061 2496 1677
337 374 1678
429 668 1679
592 929 1680
2496 2498 1681
222 2494 1682
811 2092 1683
2497 2499 1684
470 472 1685
409 697 1686
515 537 1687
2169 2495 1688
1824 1826 1689
1774 1881 1690
675 1652 1691
2496 2500 1692
2169 2499 1693
2097 2495 1694
264 1755 1695
342 343 1696
2097 2499 1697
266 409 1698
404 1184 1699
495 1184 1700
498 2480 1701
2663 2664 1702
555 682 1703
2332 2556 1704
966 967 1705
2081 2474 1706
742 852 1707
1990 1991 1708
698 1337 1709
1261 1264 1710
1529 2667 1711
498 1883 1712
730 731 1713
266 2162 1714
498 2455 1715
2061 2169 1716
1500 2379 1717
2061 2497 1718
513 534 1719
996 1236 1720
350 495 1721
498 544 1722
224 592 1723
265 627 1724
362 2198 1725
523 532 1726
742 1378 1727
1823 1825 1728
112 137 1729
1819 1820 1730
737 1534 1731
535 849 1732
1644 1652 1733
561 2718 1734
2496 2497 1735
2496 2501 1736
559 561 1737
2097 2498 1738
2169 2279 1739
685 687 1740
499 681 1741
492 1522 1742
652 713 1743
2495 2500 1744
176 188 1745
2061 2501 1746
478 2376 1747
470 987 1748
555 574 1749
1381 2169 1750
1774 1775 1751
2473 2475 1752
374 546 1753
2500 2501 1754
444 445 1755
2498 2499 1756
914 1146 1757
607 2488 1758
2088 2091 1759
527 532 1760
718 1845 1761
2332 2681 1762
1381 2497 1763
675 887 1764
514 515 1765
681 1375 1766
737 2482 1767
742 1379 1768
1824 2443 1769
470 471 1770
1823 1824 1771
2272 2713 1772
867 2580 1773
2495 2498 1774
471 472 1775
1425 1767 1776
865 866 1777
338 446 1778
599 636 1779
1188 1533 1780
334 716 1781
2254 2717 1782
503 682 1783
929 930 1784
1170 2558 1785
956 957 1786
994 995 1787
401 403 1788
592 962 1789
1264 2355 1790
677 1649 1791
1060 1526 1792
1652 1863 1793
1825 1828 1794
2495 2497 1795
226 714 1796
811 1374 1797
567 568 1798
1704 2091 1799
2279 2497 1800
456 504 1801
625 2162 1802
1825 1829 1803
2373 2545 1804
613 2224 1805
494 495 1806
756 827 1807
2254 2255 1808
2097 2497 1809
2581 2582 1810
440 1656 1811
2498 2544 1812
559 562 1813
1292 2708 1814
826 1043 1815
737 2373 1816
777 1870 1817
1565 1641 1818
264 495 1819
861 2717 1820
515 1211 1821
2097 2496 1822
914 2592 1823
1526 2738 1824
1767 1768 1825
319 2683 1826
439 440 1827
690 980 1828
317 509 1829
466 957 1830
460 1760 1831
498 1336 1832
528 532 1833
433 518 1834
592 1409 1835
350 633 1836
265 624 1837
481 705 1838
2553 2554 1839
503 555 1840
456 1386 1841
1292 2101 1842
592 1808 1843
731 2417 1844
742 2737 1845
592 1821 1846
618 621 1847
718 1846 1848
1811 1936 1849
492 1700 1850
2498 2500 1851
893 894 1852
373 730 1853
1290 1775 1854
1828 1829 1855
332 680 1856
446 521 1857
341 403 1858
503 2707 1859
729 750 1860
671 2085 1861
2169 2497 1862
476 1375 1863
517 518 1864
1182 1565 1865
461 464 1866
1044 1271 1867
592 2549 1868
999 1534 1869
1850 1871 1870
2497 2500 1871
461 463 1872
1823 1829 1873
2173 2559 1874
408 563 1875
1584 2658 1876
806 2070 1877
995 1384 1878
2169 2496 1879
476 682 1880
469 975 1881
951 1183 1882
1823 1828 1883
15 811 1884
474 871 1885
1565 2156 1886
265 266 1887
545 546 1888
573 574 1889
852 974 1890
2068 2144 1891
404 492 1892
2137 2138 1893
190 401 1894
776 893 1895
1824 1825 1896
499 1209 1897
523 531 1898
574 681 1899
1222 1873 1900
2279 2498 1901
2499 2501 1902
1050 1052 1903
336 374 1904
571 573 1905
910 2325 1906
2061 2498 1907
108 109 1908
407 409 1909
596 2105 1910
740 1433 1911
317 318 1912
442 1655 1913
526 532 1914
527 531 1915
562 607 1916
502 503 1917
656 2251 1918
659 705 1919
2556 2557 1920
1117 1565 1921
2279 2501 1922
624 2162 1923
522 530 1924
1169 1170 1925
1850 1869 1926
1229 2591 1927
2540 2554 1928
308 677 1929
2677 2679 1930
238 505 1931
659 706 1932
60 1392 1933
500 503 1934
338 505 1935
742 890 1936
618 702 1937
524 532 1938
560 561 1939
522 527 1940
1825 1826 1941
200 818 1942
529 532 1943
746 2494 1944
188 1020 1945
1228 2685 1946
319 2682 1947
618 879 1948
777 1871 1949
492 1707 1950
648 649 1951
962 1311 1952
2497 2501 1953
1823 1826 1954
2169 2498 1955
213 721 1956
350 635 1957
24 1650 1958
264 1754 1959
226 430 1960
414 1489 1961
478 559 1962
336 337 1963
476 555 1964
518 2079 1965
214 682 1966
827 1293 1967
737 738 1968
1375 2275 1969
536 742 1970
358 546 1971
462 463 1972
1264 2461 1973
1934 1935 1974
1170 2483 1975
561 1055 1976
898 1484 1977
2495 2501 1978
555 573 1979
566 568 1980
522 531 1981
816 1188 1982
2574 2575 1983
892 893 1984
373 746 1985
737 1231 1986
1015 1019 1987
559 2488 1988
1827 1829 1989
498 1196 1990
682 1934 1991
518 901 1992
1869 1871 1993
374 734 1994
919 1256 1995
213 332 1996
446 506 1997
714 715 1998
893 1816 1999
1170 2484 2000
742 889 2001
2169 2501 2002
1827 1828 2003
677 2692 2004
627 2162 2005
525 532 2006
535 536 2007
849 852 2008
2332 2557 2009
238 1392 2010
433 805 2011
526 531 2012
2173 2681 2013
967 970 2014
2213 2426 2015
474 870 2016
910 1286 2017
892 2070 2018
523 527 2019
1173 1222 2020
1825 1827 2021
2280 2281 2022
1704 2088 2023
967 1507 2024
433 2070 2025
1677 2575 2026
235 2469 2027
374 545 2028
891 893 2029
15 1374 2030
1263 2355 2031
896 977 2032
409 1564 2033
1870 1871 2034
267 268 2035
818 887 2036
296 596 2037
714 745 2038
560 562 2039
826 1168 2040
1375 2331 2041
1169 2483 2042
1796 2151 2043
493 1570 2044
527 528 2045
523 524 2046
2564 2565 2047
358 545 2048
558 562 2049
129 1830 2050
530 531 2051
433 753 2052
433 1244 2053
705 971 2054
526 527 2055
503 2676 2056
476 681 2057
622 834 2058
459 460 2059
474 872 2060
951 1852 2061
264 1175 2062
462 464 2063
510 511 2064
522 523 2065
1824 1827 2066
967 1977 2067
919 921 2068
1169 2484 2069
2497 2498 2070
14 1059 2071
407 408 2072
515 851 2073
527 530 2074
2102 2103 2075
429 466 2076
705 1303 2077
505 857 2078
392 574 2079
1830 1831 2080
429 670 2081
528 531 2082
914 2718 2083
967 1506 2084
892 894 2085
1019 2160 2086
268 2581 2087
826 1500 2088
450 2140 2089
503 1742 2090
522 524 2091
515 1270 2092
776 894 2093
368 905 2094
522 526 2095
213 835 2096
894 1815 2097
522 525 2098
515 1210 2099
1119 2736 2100
6 137 2101
1850 1870 2102
524 525 2103
806 1219 2104
1017 1019 2105
524 531 2106
527 529 2107
522 528 2108
266 408 2109
1948 2554 2110
2470 2471 2111
297 2254 2112
516 518 2113
682 1935 2114
1044 2378 2115
510 512 2116
1514 2085 2117
1012 1019 2118
893 2071 2119
834 869 2120
524 527 2121
1266 2607 2122
465 467 2123
1264 2275 2124
1290 1774 2125
524 526 2126
536 849 2127
860 1421 2128
1869 1870 2129
412 893 2130
453 2362 2131
522 529 2132
659 971 2133
1013 1019 2134
555 681 2135
1514 2572 2136
2467 2468 2137
528 530 2138
694 695 2139
329 853 2140
523 530 2141
572 573 2142
1188 2179 2143
229 809 2144
599 2546 2145
925 1257 2146
1018 2161 2147
1602 1604 2148
14 1058 2149
469 1363 2150
975 1196 2151
1229 1862 2152
2498 2501 2153
1015 1016 2154
2483 2484 2155
503 2252 2156
431 1318 2157
729 730 2158
1043 1168 2159
859 2255 2160
349 350 2161
399 896 2162
1044 2567 2163
523 526 2164
526 528 2165
429 669 2166
816 2179 2167
496 761 2168
2393 2493 2169
397 460 2170
919 922 2171
449 450 2172
468 1363 2173
592 1820 2174
859 861 2175
524 528 2176
1811 2605 2177
112 2493 2178
331 334 2179
561 2464 2180
453 2420 2181
550 1177 2182
776 891 2183
826 1271 2184
444 446 2185
503 870 2186
925 1258 2187
818 1342 2188
776 1816 2189
787 895 2190
2682 2683 2191
213 338 2192
1044 1168 2193
567 569 2194
1044 2568 2195
2173 2556 2196
891 894 2197
503 1023 2198
337 2465 2199
458 1771 2200
592 641 2201
1263 2275 2202
592 930 2203
481 971 2204
861 2253 2205
297 2717 2206
898 1197 2207
392 573 2208
373 2494 2209
518 752 2210
536 852 2211
309 374 2212
48 1822 2213
264 645 2214
834 1241 2215
1175 2698 2216
592 1214 2217
1271 2568 2218
1604 2689 2219
2540 2553 2220
1876 1877 2221
432 806 2222
1826 1827 2223
1258 1259 2224
1292 2097 2225
886 2481 2226
1304 1814 2227
374 2466 2228
1263 1575 2229
433 806 2230
524 530 2231
1280 1510 2232
529 531 2233
429 667 2234
268 2582 2235
1823 1827 2236
561 2353 2237
523 528 2238
874 975 2239
1016 1019 2240
518 903 2241
517 901 2242
518 902 2243
1228 2698 2244
1222 1874 2245
503 2702 2246
681 682 2247
503 871 2248
859 2717 2249
920 921 2250
972 973 2251
921 922 2252
19 53 2253
500 1024 2254
742 975 2255
1875 2109 2256
377 2703 2257
776 892 2258
1260 1263 2259
679 1247 2260
1378 1379 2261
336 2466 2262
592 1819 2263
828 2274 2264
476 503 2265
349 494 2266
787 788 2267
336 2465 2268
698 1301 2269
1641 1877 2270
421 2208 2271
1546 1548 2272
526 530 2273
675 1863 2274
374 989 2275
776 1815 2276
826 2568 2277
2490 2491 2278
297 2255 2279
518 905 2280
1811 2184 2281
806 2060 2282
265 408 2283
232 233 2284
528 529 2285
2097 2103 2286
925 1259 2287
430 680 2288
573 681 2289
1260 2355 2290
889 890 2291
1044 2550 2292
2443 2444 2293
244 2113 2294
382 537 2295
525 527 2296
402 826 2297
1342 1652 2298
1948 2553 2299
2 176 2300
1677 2574 2301
1260 2275 2302
525 526 2303
525 530 2304
329 414 2305
1222 2478 2306
238 338 2307
569 1434 2308
2382 2637 2309
2444 2445 2310
854 855 2311
525 529 2312
350 762 2313
431 893 2314
210 374 2315
855 856 2316
1271 2567 2317
523 525 2318
432 433 2319
525 528 2320
529 530 2321
852 975 2322
525 1653 2323
1602 2689 2324
490 2363 2325
112 2141 2326
1526 2543 2327
742 1158 2328
893 1815 2329
440 1188 2330
318 2257 2331
737 1230 2332
1044 2379 2333
859 2254 2334
1500 2378 2335
2081 2084 2336
1948 2540 2337
112 2393 2338
804 807 2339
542 1527 2340
1879 2137 2341
382 538 2342
525 1373 2343
112 148 2344
526 529 2345
266 563 2346
1257 1258 2347
496 2360 2348
893 2070 2349
930 1214 2350
1536 2350 2351
412 442 2352
2575 2576 2353
511 512 2354
43 48 2355
374 2465 2356
1028 1924 2357
891 1815 2358
492 499 2359
894 1816 2360
231 233 2361
646 1571 2362
966 1977 2363
308 2409 2364
950 951 2365
1533 2179 2366
433 905 2367
1936 2605 2368
129 1831 2369
446 645 2370
478 2478 2371
505 1200 2372
826 1268 2373
1363 2274 2374
494 816 2375
516 517 2376
1024 1025 2377
450 907 2378
2463 2464 2379
308 338 2380
1271 2550 2381
1869 1872 2382
740 777 2383
337 2466 2384
344 352 2385
478 2486 2386
656 1302 2387
566 569 2388
2574 2576 2389
1113 1115 2390
350 761 2391
387 573 2392
854 856 2393
469 2274 2394
1176 1270 2395
1392 2660 2396
1012 1015 2397
1877 2108 2398
1677 2576 2399
478 1222 2400
1113 1114 2401
1529 2494 2402
2093 2094 2403
368 518 2404
1055 1175 2405
213 952 2406
490 2272 2407
891 1816 2408
1876 2108 2409
495 1175 2410
2489 2547 2411
297 859 2412
266 407 2413
1175 2685 2414
1016 2078 2415
1641 2156 2416
559 607 2417
408 438 2418
427 1071 2419
478 2485 2420
592 696 2421
1019 2078 2422
919 920 2423
1850 2116 2424
550 1178 2425
679 680 2426
2567 2568 2427
921 1256 2428
1875 2107 2429
457 459 2430
1184 1188 2431
432 2070 2432
442 1070 2433
199 1353 2434
788 895 2435
1500 2568 2436
433 858 2437
787 2492 2438
2550 2568 2439
253 1173 2440
403 492 2441
975 1544 2442
966 1507 2443
495 1055 2444
2155 2156 2445
233 2430 2446
1529 2548 2447
716 717 2448
1704 2716 2449
524 529 2450
1044 1500 2451
1850 1872 2452
129 184 2453
318 509 2454
525 531 2455
244 1190 2456
523 529 2457
891 892 2458
953 954 2459
1014 1019 2460
1742 2458 2461
227 428 2462
496 1549 2463
408 2503 2464
559 560 2465
97 98 2466
1375 1517 2467
48 565 2468
404 491 2469
1704 2090 2470
700 740 2471
1426 2150 2472
2382 2635 2473
75 1025 2474
494 1184 2475
1547 1548 2476
1837 1838 2477
826 2567 2478
1211 1212 2479
695 696 2480
826 2396 2481
414 1052 2482
199 2356 2483
1815 1816 2484
1641 2157 2485
1219 2070 2486
2443 2445 2487
2465 2466 2488
2097 2100 2489
250 1222 2490
1282 1283 2491
2094 2095 2492
1222 2477 2493
186 1817 2494
433 1219 2495
1530 2548 2496
1875 2108 2497
490 1305 2498
695 2158 2499
1530 2711 2500
382 1270 2501
654 1362 2502
1021 1025 2503
76 78 2504
336 1838 2505
1641 2108 2506
1774 2595 2507
284 446 2508
1292 2102 2509
1641 1875 2510
598 1025 2511
892 1815 2512
2100 2103 2513
920 1256 2514
260 2739 2515
2144 2459 2516
517 902 2517
1096 1240 2518
440 1189 2519
503 872 2520
635 1630 2521
1012 1016 2522
2601 2602 2523
753 858 2524
859 2253 2525
826 2550 2526
1261 2275 2527
568 569 2528
1257 1259 2529
433 752 2530
2097 2102 2531
914 1048 2532
1587 1811 2533
885 886 2534
334 717 2535
1175 1229 2536
38 1536 2537
1270 1813 2538
365 553 2539
698 1864 2540
966 1506 2541
1187 2179 2542
112 149 2543
787 2487 2544
1052 2359 2545
2539 2540 2546
266 438 2547
481 1303 2548
318 2147 2549
1263 2461 2550
1271 1500 2551
2378 2379 2552
622 869 2553
974 975 2554
264 1055 2555
953 955 2556
1187 1188 2557
2081 2083 2558
647 1571 2559
382 1212 2560
536 974 2561
2096 2103 2562
414 854 2563
1641 1878 2564
1641 2155 2565
1513 1514 2566
671 1514 2567
785 860 2568
273 332 2569
410 492 2570
1529 1530 2571
2081 2082 2572
253 478 2573
470 1130 2574
2155 2157 2575
895 2492 2576
2070 2071 2577
1529 2711 2578
1873 1874 2579
199 1485 2580
319 942 2581
2550 2567 2582
2097 2099 2583
700 1862 2584
895 2487 2585
1875 1878 2586
1500 2567 2587
463 464 2588
537 851 2589
634 635 2590
468 975 2591
427 1712 2592
565 1822 2593
695 2159 2594
15 98 2595
448 2151 2596
253 1222 2597
260 2489 2598
351 1011 2599
1261 2355 2600
1067 2138 2601
51 53 2602
500 1026 2603
782 1040 2604
517 903 2605
1028 1030 2606
252 1222 2607
2353 2463 2608
248 951 2609
907 1349 2610
1051 1052 2611
898 968 2612
250 252 2613
1012 2078 2614
659 1303 2615
1012 1014 2616
1862 2280 2617
1159 1948 2618
87 2246 2619
1210 1211 2620
1237 1238 2621
892 1816 2622
403 499 2623
1641 1876 2624
478 2433 2625
892 2071 2626
1530 2133 2627
226 1814 2628
660 991 2629
226 1304 2630
1184 1187 2631
1009 2741 2632
1038 1228 2633
599 2490 2634
1056 1057 2635
1018 1019 2636
1207 2561 2637
2156 2157 2638
966 970 2639
635 949 2640
1265 1266 2641
440 816 2642
1865 1866 2643
568 1074 2644
1114 1115 2645
914 1049 2646
2277 2465 2647
2477 2478 2648
238 332 2649
860 861 2650
869 1762 2651
1013 1016 2652
374 926 2653
571 2176 2654
514 1212 2655
914 916 2656
1019 2337 2657
1240 1867 2658
445 446 2659
971 1303 2660
448 1796 2661
12 112 2662
1870 1872 2663
674 1342 2664
788 2487 2665
32 2326 2666
337 359 2667
1656 1714 2668
2107 2108 2669
2108 2109 2670
1044 1499 2671
2107 2109 2672
490 2349 2673
2353 2464 2674
51 52 2675
382 1213 2676
869 1763 2677
860 1554 2678
1212 1213 2679
898 969 2680
240 335 2681
414 856 2682
86 2246 2683
2382 2636 2684
329 1053 2685
226 715 2686
652 1027 2687
478 2477 2688
319 2314 2689
568 2104 2690
1177 1178 2691
215 639 2692
404 410 2693
536 975 2694
1185 1187 2695
572 574 2696
373 1529 2697
408 928 2698
1602 1605 2699
1529 1797 2700
1980 2533 2701
2485 2486 2702
2100 2102 2703
308 2309 2704
382 851 2705
1034 1349 2706
213 238 2707
970 1063 2708
233 2020 2709
1261 2461 2710
1774 2596 2711
1529 2133 2712
2097 2098 2713
238 857 2714
404 499 2715
131 182 2716
1774 2135 2717
913 914 2718
337 2277 2719
806 2073 2720
19 50 2721
1096 1867 2722
1184 2179 2723
243 244 2724
592 695 2725
337 1135 2726
914 1046 2727
75 598 2728
397 1032 2729
869 1241 2730
185 945 2731
383 1536 2732
250 1173 2733
468 469 2734
854 1053 2735
1187 1533 2736
308 340 2737
737 1563 2738
988 1182 2739
2173 2557 2740
1074 2095 2741
308 1214 2742
1139 1207 2743
1025 1026 2744
1525 1526 2745
1815 2382 2746
856 1053 2747
1762 1763 2748
2098 2103 2749
2487 2492 2750
309 1479 2751
1115 2533 2752
1260 2461 2753
1261 1263 2754
1159 2540 2755
2275 2355 2756
253 936 2757
392 571 2758
456 2701 2759
2099 2103 2760
1300 1845 2761
1530 1797 2762
2139 2140 2763
377 427 2764
253 2477 2765
412 1526 2766
1068 1805 2767
459 1771 2768
500 1021 2769
816 1187 2770
1268 2568 2771
1361 1362 2772
922 1257 2773
38 1951 2774
1704 2086 2775
476 1371 2776
373 1083 2777
1015 1018 2778
622 1241 2779
2096 2097 2780
227 1418 2781
77 78 2782
2083 2084 2783
806 2074 2784
75 2352 2785
198 1306 2786
244 2114 2787
1220 1811 2788
1232 1238 2789
648 1052 2790
752 753 2791
1869 2116 2792
853 856 2793
1003 2069 2794
336 2277 2795
1268 1271 2796
76 77 2797
332 338 2798
739 740 2799
464 2454 2800
2093 2095 2801
1500 2550 2802
392 572 2803
870 871 2804
18 1201 2805
1797 2548 2806
1175 1228 2807
569 2577 2808
392 681 2809
428 1298 2810
599 2491 2811
853 855 2812
914 1047 2813
1292 2103 2814
440 1187 2815
476 1370 2816
818 2117 2817
72 305 2818
358 1034 2819
503 1024 2820
1268 2567 2821
478 2425 2822
432 1219 2823
652 1208 2824
1235 1238 2825
598 1024 2826
233 962 2827
1292 2098 2828
2098 2102 2829
633 635 2830
392 2176 2831
415 1490 2832
387 1263 2833
968 969 2834
490 2350 2835
1605 2689 2836
1038 1039 2837
233 755 2838
432 2074 2839
1068 2148 2840
855 1053 2841
695 1295 2842
1499 1500 2843
1526 1527 2844
2082 2084 2845
215 351 2846
349 416 2847
190 404 2848
1604 1605 2849
870 872 2850
1019 2077 2851
440 1184 2852
204 1206 2853
404 493 2854
305 2075 2855
633 949 2856
1281 1282 2857
641 1185 2858
2098 2100 2859
1029 1362 2860
1179 1180 2861
831 1472 2862
1070 1656 2863
244 2115 2864
433 2079 2865
1012 1013 2866
1567 1568 2867
433 2073 2868
490 2273 2869
2096 2102 2870
129 177 2871
937 1222 2872
1044 1502 2873
250 253 2874
226 556 2875
541 1038 2876
1038 1175 2877
199 1352 2878
936 939 2879
2355 2461 2880
253 2478 2881
1527 2543 2882
1021 1024 2883
1233 1238 2884
414 855 2885
1016 1018 2886
304 305 2887
541 1041 2888
1066 1067 2889
818 1569 2890
75 503 2891
343 964 2892
1870 2116 2893
204 1205 2894
261 2489 2895
1703 1704 2896
404 2122 2897
129 183 2898
157 373 2899
503 1021 2900
701 804 2901
250 936 2902
696 2159 2903
253 254 2904
419 446 2905
500 598 2906
598 1026 2907
193 2138 2908
1100 2427 2909
654 1030 2910
240 241 2911
468 2274 2912
1067 2137 2913
261 2547 2914
633 1630 2915
1417 1419 2916
225 227 2917
529 1583 2918
459 1882 2919
654 1361 2920
99 101 2921
1703 2090 2922
305 2579 2923
1038 1041 2924
308 1276 2925
1013 1014 2926
213 273 2927
226 884 2928
887 978 2929
1182 1738 2930
2082 2083 2931
818 1566 2932
516 901 2933
945 1038 2934
901 902 2935
262 1811 2936
498 652 2937
559 825 2938
752 2079 2939
1040 1041 2940
253 939 2941
1303 2251 2942
305 2603 2943
14 379 2944
266 928 2945
1300 1846 2946
1818 2734 2947
652 1223 2948
875 1818 2949
1044 1268 2950
1196 2339 2951
1797 2711 2952
2275 2461 2953
1236 1238 2954
308 971 2955
752 858 2956
2099 2102 2957
700 804 2958
308 660 2959
1704 2087 2960
503 1026 2961
905 2079 2962
1115 1980 2963
96 107 2964
215 1011 2965
208 1513 2966
1417 1418 2967
548 1885 2968
654 1028 2969
916 1046 2970
1292 2100 2971
2579 2603 2972
308 1494 2973
1038 1040 2974
1234 1238 2975
169 866 2976
362 1237 2977
253 1179 2978
1219 2073 2979
75 1026 2980
1704 1705 2981
2149 2150 2982
358 1280 2983
1039 1041 2984
951 1266 2985
548 1886 2986
358 736 2987
859 860 2988
914 915 2989
1493 2252 2990
358 1207 2991
250 939 2992
1210 1212 2993
351 639 2994
659 2251 2995
1174 1175 2996
945 1040 2997
818 976 2998
2096 2100 2999
75 1024 3000
1046 1049 3001
194 1865 3002
648 1050 3003
176 1486 3004
414 1051 3005
433 1217 3006
404 1570 3007
305 2518 3008
2473 2637 3009
2113 2115 3010
1029 1030 3011
1774 2305 3012
914 1346 3013
19 421 3014
199 1350 3015
558 559 3016
358 1349 3017
1659 1660 3018
1703 1705 3019
752 905 3020
945 946 3021
75 500 3022
569 1074 3023
639 1011 3024
19 78 3025
1012 1018 3026
916 1047 3027
1038 1042 3028
945 1039 3029
442 1714 3030
654 1029 3031
758 1224 3032
1522 1707 3033
909 2325 3034
541 700 3035
362 1235 3036
176 443 3037
253 1294 3038
1050 1051 3039
887 1342 3040
945 1041 3041
328 2631 3042
569 2104 3043
1070 1074 3044
356 373 3045
633 634 3046
1065 1067 3047
561 2244 3048
303 2579 3049
1198 1199 3050
1117 2156 3051
199 1351 3052
254 2691 3053
1156 1611 3054
1260 1261 3055
343 645 3056
1040 1042 3057
2352 2672 3058
350 352 3059
1276 1277 3060
1263 2462 3061
252 253 3062
2135 2595 3063
860 1957 3064
1202 1203 3065
176 464 3066
782 945 3067
2086 2090 3068
541 1040 3069
139 358 3070
2114 2115 3071
223 233 3072
529 1365 3073
1292 2096 3074
916 1048 3075
431 831 3076
198 1307 3077
2080 2081 3078
901 903 3079
414 1050 3080
1862 2358 3081
1894 2439 3082
1028 1029 3083
1029 1361 3084
185 541 3085
431 1472 3086
529 1257 3087
432 2073 3088
541 1039 3089
1703 2087 3090
2436 2437 3091
238 451 3092
250 255 3093
503 598 3094
1039 1040 3095
648 1051 3096
208 1514 3097
818 1568 3098
1047 1048 3099
1024 1026 3100
916 1049 3101
440 1185 3102
914 917 3103
967 1944 3104
29 121 3105
1046 1048 3106
599 2439 3107
915 916 3108
598 2694 3109
362 1236 3110
309 735 3111
1021 1026 3112
1117 2155 3113
1513 2112 3114
240 1278 3115
403 1056 3116
598 1021 3117
1046 1047 3118
1268 2550 3119
2080 2082 3120
2595 2596 3121
433 2074 3122
816 1186 3123
1184 1189 3124
2099 2100 3125
344 350 3126
403 1192 3127
2160 2161 3128
1885 1886 3129
2113 2114 3130
498 1027 3131
19 51 3132
252 936 3133
406 2119 3134
412 1656 3135
222 1358 3136
226 2143 3137
478 1533 3138
193 1067 3139
913 916 3140
1514 2112 3141
2080 2083 3142
253 1180 3143
340 971 3144
329 2131 3145
388 443 3146
873 1044 3147
592 1019 3148
1292 2099 3149
700 945 3150
95 96 3151
226 449 3152
758 800 3153
1506 1507 3154
1797 2133 3155
358 1348 3156
1041 1042 3157
254 255 3158
358 434 3159
498 1208 3160
1159 2554 3161
376 2703 3162
853 854 3163
1039 1042 3164
1219 2074 3165
2305 2595 3166
700 1038 3167
758 773 3168
481 2251 3169
503 1491 3170
909 1286 3171
592 2264 3172
2096 2098 3173
696 1295 3174
592 2160 3175
914 2524 3176
252 255 3177
1013 1018 3178
2080 2084 3179
233 1214 3180
854 1993 3181
1022 1026 3182
915 1048 3183
319 941 3184
414 853 3185
971 972 3186
193 2137 3187
1058 1059 3188
253 2691 3189
944 945 3190
1500 1502 3191
2305 2596 3192
1065 1066 3193
308 1277 3194
303 2603 3195
598 1023 3196
2098 2099 3197
1608 1611 3198
503 1344 3199
2135 2596 3200
811 1804 3201
541 977 3202
1074 2104 3203
447 1796 3204
431 2287 3205
264 2646 3206
308 2285 3207
255 936 3208
349 352 3209
960 961 3210
1245 1246 3211
516 903 3212
959 961 3213
1426 2149 3214
255 1179 3215
2352 2671 3216
1215 1219 3217
920 1880 3218
1012 2077 3219
915 1046 3220
777 778 3221
273 338 3222
854 1994 3223
303 305 3224
2086 2087 3225
1159 2553 3226
193 1066 3227
1068 1274 3228
541 782 3229
672 1461 3230
1048 1049 3231
226 1130 3232
225 1418 3233
2073 2074 3234
541 945 3235
81 448 3236
360 362 3237
75 1021 3238
1047 1049 3239
1260 2462 3240
18 19 3241
127 153 3242
12 35 3243
32 255 3244
945 1042 3245
1426 1926 3246
1023 1026 3247
816 1470 3248
1274 1275 3249
1426 2597 3250
2352 2731 3251
308 767 3252
995 2648 3253
1294 2423 3254
469 1544 3255
264 2118 3256
101 102 3257
253 255 3258
44 45 3259
308 410 3260
592 1750 3261
1070 1714 3262
902 903 3263
127 129 3264
403 1057 3265
1230 1231 3266
243 1190 3267
816 1524 3268
329 2132 3269
696 2158 3270
559 2433 3271
816 1143 3272
2167 2168 3273
427 1804 3274
203 1204 3275
1703 2086 3276
255 939 3277
387 443 3278
240 1279 3279
222 1359 3280
659 1010 3281
253 2164 3282
255 2691 3283
700 1039 3284
36 45 3285
358 1847 3286
349 1053 3287
425 427 3288
362 1238 3289
335 1279 3290
2087 2090 3291
1354 1869 3292
561 2245 3293
96 1515 3294
414 648 3295
740 1291 3296
357 358 3297
478 816 3298
598 1492 3299
352 847 3300
403 1522 3301
1026 2694 3302
2135 2305 3303
372 2104 3304
936 937 3305
61 121 3306
224 233 3307
503 1209 3308
958 961 3309
1139 2561 3310
443 1263 3311
758 1225 3312
2671 2672 3313
352 1355 3314
871 872 3315
705 1302 3316
914 1347 3317
2382 2473 3318
432 1217 3319
362 1233 3320
478 2434 3321
309 927 3322
714 2256 3323
1235 1237 3324
2172 2263 3325
185 210 3326
448 701 3327
252 939 3328
478 2307 3329
198 2336 3330
447 2151 3331
1525 1527 3332
541 946 3333
529 922 3334
854 860 3335
2153 2154 3336
447 448 3337
206 1193 3338
458 459 3339
442 2627 3340
24 25 3341
253 2163 3342
1117 1738 3343
404 1057 3344
141 358 3345
1014 1018 3346
404 1056 3347
1815 2637 3348
193 1065 3349
241 335 3350
362 1234 3351
252 1173 3352
2635 2637 3353
222 1360 3354
1232 1237 3355
229 1298 3356
1185 1186 3357
694 1044 3358
860 2253 3359
2096 2099 3360
217 222 3361
255 1180 3362
176 1806 3363
816 2012 3364
344 349 3365
440 1533 3366
185 977 3367
2034 2144 3368
432 1215 3369
127 128 3370
41 80 3371
758 794 3372
659 1302 3373
1604 1702 3374
358 1699 3375
1834 1835 3376
255 2163 3377
308 582 3378
238 452 3379
2163 2164 3380
176 590 3381
1013 2077 3382
194 1866 3383
255 1294 3384
373 1530 3385
1229 2280 3386
19 76 3387
185 946 3388
582 677 3389
1186 1187 3390
1534 2167 3391
229 996 3392
1216 1218 3393
2019 2600 3394
376 427 3395
9 121 3396
1601 1604 3397
176 979 3398
541 1042 3399
1369 2145 3400
1286 2325 3401
433 1215 3402
406 2569 3403
19 77 3404
303 2075 3405
19 52 3406
915 1047 3407
1872 2116 3408
569 1009 3409
112 114 3410
278 827 3411
362 364 3412
2339 2525 3413
433 1216 3414
349 853 3415
261 615 3416
349 1518 3417
1034 1240 3418
433 2542 3419
303 304 3420
433 1218 3421
727 1203 3422
2473 2635 3423
309 952 3424
414 1520 3425
1534 2168 3426
19 2208 3427
1018 2078 3428
176 2250 3429
198 1034 3430
541 850 3431
503 1343 3432
344 847 3433
414 1490 3434
932 933 3435
412 2540 3436
727 1202 3437
334 1414 3438
700 1040 3439
224 755 3440
2173 2263 3441
455 456 3442
853 1053 3443
250 2163 3444
405 406 3445
1184 1185 3446
48 96 3447
431 2563 3448
598 599 3449
1233 1237 3450
253 2536 3451
1100 1408 3452
442 1482 3453
176 1807 3454
190 2122 3455
1750 2264 3456
1026 1492 3457
372 568 3458
498 1223 3459
2287 2563 3460
255 2164 3461
329 2127 3462
2160 2348 3463
432 1216 3464
238 273 3465
223 224 3466
264 932 3467
329 2129 3468
414 1053 3469
646 992 3470
1175 1227 3471
329 2128 3472
329 2126 3473
2635 2636 3474
404 1192 3475
412 2541 3476
1306 1307 3477
918 920 3478
1926 2150 3479
185 944 3480
727 862 3481
971 973 3482
225 226 3483
773 794 3484
352 2555 3485
229 428 3486
2473 2636 3487
167 696 3488
773 1224 3489
559 2053 3490
1117 1182 3491
516 902 3492
1278 1279 3493
694 1295 3494
186 2076 3495
433 1789 3496
541 944 3497
1262 1263 3498
1263 1505 3499
659 2136 3500
2174 2175 3501
343 965 3502
219 222 3503
1216 1219 3504
646 647 3505
387 1260 3506
2163 2536 3507
1348 1349 3508
1354 1870 3509
2125 2131 3510
340 758 3511
2339 2600 3512
392 2175 3513
198 200 3514
260 261 3515
453 1187 3516
2152 2153 3517
1117 2601 3518
129 153 3519
1117 2602 3520
794 1226 3521
1014 2077 3522
1418 1419 3523
2019 2339 3524
100 101 3525
853 1490 3526
1487 1488 3527
412 2539 3528
459 940 3529
700 739 3530
1027 1223 3531
387 392 3532
1227 1228 3533
253 2258 3534
914 1305 3535
1217 1219 3536
229 359 3537
442 906 3538
559 2142 3539
403 1700 3540
403 1707 3541
770 1068 3542
2636 2637 3543
324 934 3544
794 1224 3545
443 672 3546
2262 2263 3547
1608 1610 3548
1096 1239 3549
193 1512 3550
266 2503 3551
959 960 3552
223 755 3553
2011 2175 3554
481 1302 3555
1845 1846 3556
2126 2129 3557
700 1041 3558
1156 1610 3559
1232 1236 3560
387 681 3561
127 152 3562
36 70 3563
1235 1236 3564
1277 1545 3565
273 759 3566
958 960 3567
1236 1237 3568
761 2360 3569
362 363 3570
1805 2148 3571
392 2011 3572
1232 1234 3573
12 103 3574
773 1225 3575
329 2125 3576
1354 2116 3577
2125 2129 3578
411 677 3579
440 1186 3580
1263 1925 3581
139 736 3582
264 1651 3583
915 1049 3584
758 1226 3585
918 921 3586
2126 2131 3587
349 1520 3588
362 1232 3589
503 2694 3590
1225 1226 3591
1491 1493 3592
198 1001 3593
349 414 3594
387 1261 3595
392 1354 3596
415 853 3597
193 1267 3598
313 553 3599
1610 1611 3600
659 2432 3601
2161 2347 3602
344 1355 3603
2173 2262 3604
755 1214 3605
1482 1656 3606
913 2524 3607
253 2260 3608
226 578 3609
2152 2154 3610
203 204 3611
428 1297 3612
2150 2597 3613
672 673 3614
2124 2126 3615
273 758 3616
208 2112 3617
1186 1189 3618
248 1266 3619
645 2646 3620
45 986 3621
816 1471 3622
794 1225 3623
1234 1237 3624
404 1522 3625
344 2555 3626
962 1214 3627
392 2174 3628
264 938 3629
329 2130 3630
774 778 3631
404 576 3632
1263 1504 3633
29 41 3634
326 934 3635
559 2434 3636
404 1700 3637
442 2038 3638
29 80 3639
503 1493 3640
1233 1234 3641
354 758 3642
412 1070 3643
937 2478 3644
168 169 3645
2124 2130 3646
1050 2359 3647
1794 1796 3648
45 70 3649
1224 1226 3650
426 427 3651
1175 2323 3652
460 1032 3653
186 1162 3654
478 937 3655
1302 1303 3656
303 2518 3657
1354 2175 3658
1815 2473 3659
773 1226 3660
758 759 3661
2128 2129 3662
253 2423 3663
204 1204 3664
592 2161 3665
727 1181 3666
1234 1236 3667
400 404 3668
1257 1365 3669
27 30 3670
1224 1225 3671
1234 1235 3672
403 404 3673
1217 1218 3674
873 1500 3675
2128 2131 3676
352 1372 3677
35 103 3678
72 75 3679
1245 1307 3680
659 2278 3681
2125 2130 3682
109 1511 3683
398 399 3684
599 1894 3685
659 1742 3686
1233 1236 3687
404 1707 3688
916 917 3689
2125 2132 3690
2129 2132 3691
70 113 3692
255 2536 3693
561 2639 3694
373 1797 3695
451 452 3696
447 701 3697
2011 2174 3698
2124 2132 3699
372 1070 3700
2125 2127 3701
128 129 3702
412 1369 3703
698 1251 3704
1215 1217 3705
1815 2636 3706
73 75 3707
186 1269 3708
141 1699 3709
329 2123 3710
795 2262 3711
1263 2517 3712
572 681 3713
941 2314 3714
1232 1233 3715
2124 2125 3716
352 846 3717
372 1074 3718
442 1478 3719
659 1836 3720
1343 1344 3721
1592 2621 3722
431 892 3723
478 1184 3724
698 1657 3725
324 326 3726
372 569 3727
414 415 3728
65 69 3729
109 118 3730
213 309 3731
1143 1187 3732
412 1478 3733
937 2477 3734
66 69 3735
273 875 3736
1815 2635 3737
1215 1218 3738
592 2347 3739
1260 1262 3740
2129 2131 3741
934 935 3742
1215 1216 3743
223 1214 3744
358 770 3745
1569 2117 3746
2123 2131 3747
2125 2128 3748
2128 2130 3749
2172 2173 3750
362 365 3751
659 2000 3752
1233 1235 3753
701 1491 3754
1928 2153 3755
777 924 3756
2125 2126 3757
412 1527 3758
1044 1501 3759
1119 2106 3760
329 2124 3761
389 681 3762
758 874 3763
443 1260 3764
226 227 3765
399 473 3766
308 2286 3767
2124 2131 3768
99 102 3769
1232 1235 3770
352 1357 3771
460 1466 3772
1354 2011 3773
2126 2128 3774
2127 2129 3775
152 1509 3776
1993 1994 3777
49 154 3778
2124 2129 3779
2130 2131 3780
700 1042 3781
1044 1498 3782
368 759 3783
1209 1343 3784
2171 2172 3785
2160 2347 3786
1184 1186 3787
109 119 3788
2131 2132 3789
922 1365 3790
442 1928 3791
1354 2174 3792
1216 1217 3793
1119 1787 3794
1601 1605 3795
2127 2131 3796
2161 2348 3797
2126 2130 3798
1370 1371 3799
1605 1702 3800
2127 2130 3801
696 1044 3802
2124 2127 3803
193 194 3804
1053 1518 3805
1260 1505 3806
412 1525 3807
1003 1366 3808
481 2278 3809
2126 2127 3810
727 2120 3811
2123 2130 3812
397 2076 3813
23 24 3814
96 104 3815
2123 2125 3816
73 74 3817
109 120 3818
412 2145 3819
1053 1520 3820
2126 2132 3821
72 110 3822
971 1302 3823
128 153 3824
54 75 3825
2433 2434 3826
264 1868 3827
1246 1307 3828
129 1509 3829
1156 1157 3830
770 1805 3831
22 24 3832
481 1836 3833
1563 2373 3834
176 1698 3835
352 1475 3836
795 2171 3837
1268 1500 3838
185 850 3839
1018 2077 3840
698 1194 3841
1482 1714 3842
2129 2130 3843
789 790 3844
1034 1348 3845
2123 2126 3846
1184 2012 3847
45 79 3848
2258 2260 3849
352 2045 3850
2127 2128 3851
1926 2597 3852
344 1357 3853
350 853 3854
613 2321 3855
264 964 3856
443 1461 3857
861 1436 3858
2011 2282 3859
224 1214 3860
129 152 3861
915 917 3862
414 1518 3863
210 319 3864
443 673 3865
481 812 3866
700 701 3867
540 541 3868
196 198 3869
1162 1269 3870
761 762 3871
29 61 3872
958 959 3873
264 1559 3874
873 1268 3875
795 2172 3876
2123 2124 3877
1044 1497 3878
1277 1494 3879
2124 2128 3880
2128 2132 3881
273 368 3882
186 2516 3883
853 1520 3884
2285 2286 3885
2123 2127 3886
2130 2132 3887
1302 2251 3888
6 151 3889
250 318 3890
68 69 3891
561 2538 3892
913 917 3893
313 362 3894
65 67 3895
296 861 3896
387 572 3897
2127 2132 3898
2170 2173 3899
2171 2173 3900
238 800 3901
412 1366 3902
727 1533 3903
352 1356 3904
368 758 3905
559 2059 3906
943 945 3907
1513 2111 3908
229 441 3909
262 1587 3910
344 846 3911
226 1701 3912
913 915 3913
1598 1600 3914
138 139 3915
229 1312 3916
424 427 3917
1209 1344 3918
412 2195 3919
6 140 3920
66 68 3921
914 2030 3922
494 1470 3923
352 417 3924
2123 2129 3925
246 248 3926
245 1095 3927
443 1261 3928
186 1857 3929
572 1354 3930
411 971 3931
397 1077 3932
1566 1569 3933
72 73 3934
1566 2117 3935
19 1201 3936
54 74 3937
210 989 3938
344 2045 3939
2028 2507 3940
6 7 3941
74 75 3942
696 873 3943
185 540 3944
324 935 3945
309 311 3946
389 392 3947
9 93 3948
503 1492 3949
541 943 3950
344 1372 3951
349 1372 3952
412 1714 3953
220 222 3954
2123 2128 3955
1267 2227 3956
309 422 3957
659 1366 3958
920 2509 3959
70 104 3960
1018 2337 3961
592 2348 3962
308 411 3963
853 1518 3964
350 414 3965
218 222 3966
1485 2356 3967
481 1920 3968
1354 2282 3969
352 1658 3970
1524 1533 3971
1600 2180 3972
2247 2248 3973
2244 2245 3974
1792 1796 3975
645 965 3976
459 1400 3977
255 2258 3978
795 2173 3979
2034 2459 3980
759 800 3981
740 1292 3982
2123 2132 3983
541 2621 3984
1100 2320 3985
344 1475 3986
253 937 3987
412 1482 3988
778 924 3989
412 1367 3990
54 73 3991
152 153 3992
700 1291 3993
72 74 3994
541 1592 3995
995 2647 3996
795 2170 3997
541 2424 3998
255 2260 3999
67 69 4000
770 2148 4001
226 577 4002
387 388 4003
388 393 4004
761 1549 4005
1486 2250 4006
334 1516 4007
1928 2154 4008
247 248 4009
1557 1595 4010
255 937 4011
2180 2312 4012
861 1449 4013
1184 1524 4014
1533 2012 4015
1514 2111 4016
2332 2537 4017
1184 1470 4018
19 2507 4019
1350 2356 4020
412 1368 4021
937 2260 4022
1598 1599 4023
66 67 4024
1486 1488 4025
541 2622 4026
922 2344 4027
61 93 4028
19 2028 4029
326 935 4030
440 1471 4031
1600 2312 4032
38 94 4033
1517 2275 4034
252 2670 4035
403 410 4036
464 2346 4037
2332 2333 4038
344 1356 4039
659 2187 4040
937 2258 4041
795 2263 4042
1034 2428 4043
1400 1404 4044
65 66 4045
238 354 4046
1117 2329 4047
1928 2152 4048
19 109 4049
1832 1834 4050
2248 2249 4051
1350 1485 4052
648 2343 4053
1267 2506 4054
440 1524 4055
1928 2619 4056
20 24 4057
1352 1353 4058
1366 1834 4059
453 816 4060
253 2259 4061
920 2178 4062
699 701 4063
1350 1353 4064
67 68 4065
541 2181 4066
405 2569 4067
2036 2037 4068
628 1411 4069
481 1919 4070
459 1474 4071
700 1491 4072
967 1945 4073
1187 1470 4074
229 1297 4075
262 1220 4076
1742 2324 4077
1527 1931 4078
19 118 4079
381 548 4080
694 696 4081
65 68 4082
512 1465 4083
1556 1595 4084
1420 2642 4085
1599 1600 4086
561 2023 4087
659 2324 4088
1070 1369 4089
1556 1557 4090
128 152 4091
131 132 4092
481 2322 4093
100 102 4094
740 2532 4095
1263 2521 4096
248 249 4097
1832 1835 4098
943 944 4099
920 2510 4100
1849 1851 4101
255 2259 4102
377 2638 4103
221 2638 4104
481 1366 4105
49 749 4106
2647 2648 4107
459 1404 4108
1117 2327 4109
410 411 4110
1891 2248 4111
1031 1345 4112
185 2424 4113
186 397 4114
481 2324 4115
490 2354 4116
2268 2269 4117
2333 2537 4118
227 229 4119
468 1544 4120
696 1500 4121
2034 2036 4122
201 204 4123
770 1699 4124
1349 2336 4125
1366 2069 4126
2349 2350 4127
659 780 4128
740 2531 4129
1302 2278 4130
1622 2185 4131
2275 2331 4132
456 2361 4133
2267 2268 4134
937 1184 4135
1350 1351 4136
217 219 4137
33 35 4138
1143 1184 4139
255 2423 4140
1400 1474 4141
2265 2269 4142
64 1853 4143
218 219 4144
2266 2268 4145
54 72 4146
1184 1471 4147
1497 1500 4148
2193 2268 4149
176 2346 4150
217 218 4151
937 2259 4152
1358 1359 4153
490 1187 4154
1260 1504 4155
2259 2260 4156
186 1856 4157
238 759 4158
690 759 4159
918 2510 4160
1070 1482 4161
2258 2259 4162
818 1567 4163
230 698 4164
118 1511 4165
1047 1405 4166
2035 2036 4167
2193 2269 4168
448 700 4169
218 1360 4170
539 541 4171
1833 1835 4172
478 2012 4173
321 354 4174
758 1508 4175
918 2509 4176
19 120 4177
354 759 4178
344 417 4179
1214 1494 4180
344 1658 4181
9 61 4182
273 1062 4183
816 937 4184
1117 2328 4185
440 1523 4186
252 254 4187
1261 1504 4188
1214 1277 4189
1260 1925 4190
2193 2267 4191
648 2342 4192
1807 2250 4193
141 770 4194
263 264 4195
219 1358 4196
2265 2266 4197
264 1904 4198
1143 1533 4199
2265 2267 4200
397 1162 4201
1414 1516 4202
412 1483 4203
2342 2343 4204
1263 1947 4205
1481 1482 4206
559 976 4207
1840 1841 4208
308 2625 4209
481 1841 4210
49 155 4211
440 1470 4212
238 758 4213
582 2286 4214
1518 1520 4215
1928 2640 4216
2228 2268 4217
376 377 4218
262 1557 4219
700 1292 4220
481 1973 4221
1366 1836 4222
1047 1406 4223
1034 2651 4224
219 1360 4225
1526 1931 4226
19 49 4227
1261 1947 4228
1261 1925 4229
284 473 4230
1486 1487 4231
2266 2269 4232
2267 2269 4233
221 377 4234
323 326 4235
481 2187 4236
1856 1857 4237
1359 1360 4238
412 1715 4239
690 758 4240
774 777 4241
850 943 4242
19 1511 4243
119 1511 4244
218 1359 4245
35 82 4246
397 1345 4247
648 2341 4248
1351 1352 4249
1555 1557 4250
1302 1742 4251
1804 1843 4252
185 943 4253
360 1709 4254
1526 2111 4255
397 1269 4256
1470 1533 4257
2000 2432 4258
2111 2112 4259
1358 1360 4260
1352 1485 4261
194 1512 4262
252 1923 4263
440 1143 4264
1481 1483 4265
412 1481 4266
2228 2266 4267
412 1480 4268
429 696 4269
2265 2268 4270
2347 2348 4271
120 1511 4272
2038 2627 4273
400 403 4274
1305 2030 4275
228 229 4276
1499 1502 4277
780 1742 4278
2173 2534 4279
696 1497 4280
1486 1807 4281
1833 1834 4282
259 261 4283
780 1302 4284
33 103 4285
2266 2267 4286
366 368 4287
1119 2519 4288
1261 2517 4289
219 1359 4290
1268 1497 4291
1498 1499 4292
258 261 4293
1184 1469 4294
19 116 4295
490 816 4296
740 2530 4297
360 365 4298
700 2531 4299
2340 2342 4300
696 1501 4301
758 760 4302
118 120 4303
219 220 4304
258 260 4305
2340 2343 4306
218 220 4307
1352 2356 4308
118 119 4309
389 572 4310
2193 2266 4311
694 1500 4312
2344 2629 4313
119 120 4314
481 1840 4315
2280 2358 4316
19 119 4317
859 1449 4318
2340 2341 4319
262 1555 4320
252 262 4321
1709 1710 4322
2228 2265 4323
377 628 4324
1302 2187 4325
260 1477 4326
1159 1517 4327
1302 1366 4328
2228 2269 4329
1302 1836 4330
354 418 4331
1268 1501 4332
1691 2640 4333
1302 2324 4334
481 780 4335
1260 2517 4336
1350 1352 4337
2509 2510 4338
1260 1947 4339
1517 2331 4340
308 2624 4341
323 324 4342
296 859 4343
873 1501 4344
397 1031 4345
1023 1518 4346
202 204 4347
64 115 4348
481 1842 4349
210 941 4350
922 2629 4351
1342 1537 4352
460 1112 4353
2341 2342 4354
360 364 4355
2341 2343 4356
1220 1560 4357
217 220 4358
1220 1221 4359
2193 2265 4360
1151 2335 4361
1482 1483 4362
201 202 4363
364 365 4364
297 1449 4365
1480 1481 4366
696 1268 4367
1405 1406 4368
208 2111 4369
364 1709 4370
2187 2324 4371
309 423 4372
360 1710 4373
220 1360 4374
976 2053 4375
206 207 4376
1832 1833 4377
1500 1501 4378
873 1497 4379
922 2345 4380
72 261 4381
2273 2354 4382
1438 2335 4383
1742 2187 4384
740 2528 4385
690 760 4386
648 2340 4387
218 1358 4388
132 446 4389
740 2529 4390
220 1358 4391
2000 2136 4392
1260 2521 4393
1691 1928 4394
943 2424 4395
1480 1482 4396
2328 2329 4397
2118 2345 4398
167 168 4399
220 1359 4400
363 364 4401
364 1710 4402
1438 2008 4403
1157 1503 4404
377 1411 4405
1600 2508 4406
262 1221 4407
1366 1368 4408
1157 1786 4409
690 1508 4410
1366 1832 4411
2193 2228 4412
1267 1997 4413
1839 1840 4414
2505 2523 4415
360 363 4416
1708 1709 4417
259 260 4418
365 1709 4419
2526 2527 4420
297 1436 4421
1032 1466 4422
1366 1835 4423
1841 1842 4424
2228 2267 4425
238 340 4426
166 167 4427
247 249 4428
261 1477 4429
296 297 4430
699 700 4431
541 2522 4432
2312 2508 4433
1151 2008 4434
2053 2059 4435
1480 1483 4436
352 1476 4437
443 1925 4438
252 1221 4439
1117 2330 4440
195 200 4441
365 1710 4442
397 1857 4443
481 1742 4444
2329 2330 4445
859 1436 4446
19 124 4447
397 2516 4448
740 1716 4449
387 1925 4450
1184 1523 4451
2034 2037 4452
1839 1841 4453
2424 2522 4454
1023 1053 4455
2118 2344 4456
82 103 4457
1227 2323 4458
1348 2336 4459
2328 2330 4460
1261 2521 4461
976 2059 4462
185 2522 4463
780 2324 4464
1527 2111 4465
460 1111 4466
1708 1710 4467
262 1556 4468
302 861 4469
1292 2532 4470
313 365 4471
387 389 4472
1034 2336 4473
1151 2334 4474
1931 2111 4475
853 1519 4476
481 1839 4477
1268 1498 4478
694 873 4479
1979 1981 4480
246 247 4481
1340 1341 4482
727 1184 4483
363 365 4484
943 2522 4485
1342 1538 4486
258 1477 4487
1497 1501 4488
397 1856 4489
1555 1556 4490
922 2118 4491
425 426 4492
387 1504 4493
360 1708 4494
920 2512 4495
580 1979 4496
1158 1517 4497
700 2529 4498
340 368 4499
1478 2627 4500
313 1709 4501
196 200 4502
246 249 4503
2327 2328 4504
1537 1539 4505
1806 1807 4506
2035 2037 4507
1840 1842 4508
1340 1342 4509
411 582 4510
1537 1538 4511
72 260 4512
364 1708 4513
1498 1502 4514
238 1508 4515
313 360 4516
440 727 4517
853 1023 4518
1478 2038 4519
2327 2329 4520
1518 1519 4521
1438 2334 4522
2334 2335 4523
2034 2035 4524
72 258 4525
72 1477 4526
226 1348 4527
252 1220 4528
1023 1520 4529
1498 1500 4530
964 1559 4531
298 1149 4532
541 2058 4533
344 1476 4534
2344 2345 4535
365 1708 4536
700 1716 4537
72 259 4538
2327 2330 4539
1366 1833 4540
1538 1539 4541
1342 1539 4542
1839 1842 4543
19 749 4544
210 1473 4545
206 1541 4546
700 2528 4547
429 1044 4548
1032 1111 4549
2059 2142 4550
33 82 4551
580 2022 4552
1149 1844 4553
1979 2022 4554
1792 1794 4555
1944 1945 4556
478 727 4557
780 2187 4558
795 1854 4559
1158 1159 4560
313 364 4561
1151 1438 4562
238 368 4563
313 363 4564
424 425 4565
906 1478 4566
694 1497 4567
1920 1921 4568
759 1508 4569
1292 2529 4570
238 690 4571
2136 2432 4572
1919 1921 4573
918 2512 4574
238 760 4575
117 210 4576
580 1981 4577
1706 2354 4578
1917 1921 4579
700 2532 4580
259 1477 4581
1292 2528 4582
443 2517 4583
2529 2531 4584
443 1504 4585
1342 1596 4586
302 853 4587
384 1018 4588
1919 1973 4589
964 2005 4590
478 1143 4591
278 1332 4592
1292 2531 4593
937 1533 4594
19 155 4595
302 1448 4596
759 760 4597
298 1844 4598
557 1112 4599
258 259 4600
313 1708 4601
1341 1342 4602
297 302 4603
694 1268 4604
372 377 4605
1186 1469 4606
308 2626 4607
2510 2512 4608
557 1111 4609
2320 2427 4610
191 1937 4611
385 1018 4612
387 393 4613
263 1904 4614
1186 1471 4615
1112 1466 4616
2512 2526 4617
1981 2022 4618
1408 2427 4619
795 797 4620
383 384 4621
2531 2532 4622
1032 1112 4623
478 1470 4624
1920 1973 4625
696 1498 4626
200 1859 4627
313 1710 4628
155 749 4629
440 478 4630
2336 2651 4631
2509 2512 4632
189 190 4633
283 284 4634
383 385 4635
2529 2532 4636
760 1508 4637
2023 2639 4638
231 2020 4639
2530 2531 4640
114 115 4641
207 1541 4642
1475 1476 4643
1917 1920 4644
94 584 4645
2047 2049 4646
1143 1186 4647
1292 1716 4648
387 2517 4649
1997 2506 4650
372 376 4651
1292 2530 4652
1912 1913 4653
252 1560 4654
1919 1920 4655
2511 2512 4656
2512 2527 4657
1001 2336 4658
373 376 4659
429 1497 4660
206 1542 4661
694 1501 4662
2023 2538 4663
727 1143 4664
2528 2531 4665
727 1471 4666
1000 1001 4667
1001 1034 4668
478 1524 4669
727 1524 4670
1917 1919 4671
964 1496 4672
1111 1112 4673
302 1449 4674
873 1498 4675
1186 1470 4676
2528 2532 4677
190 191 4678
373 375 4679
700 2530 4680
1855 1900 4681
727 1470 4682
429 694 4683
1111 1466 4684
1023 1519 4685
964 1495 4686
298 1519 4687
1143 1471 4688
405 1551 4689
1519 1844 4690
478 1471 4691
429 1500 4692
352 414 4693
1497 1498 4694
478 1523 4695
937 2012 4696
797 2173 4697
207 1542 4698
302 1438 4699
367 369 4700
1469 1471 4701
2529 2530 4702
302 2334 4703
2194 2228 4704
205 1001 4705
1504 1925 4706
797 1854 4707
1023 1448 4708
276 1552 4709
694 1498 4710
1471 1524 4711
373 377 4712
190 192 4713
1504 2517 4714
1541 1542 4715
167 169 4716
302 1436 4717
2528 2529 4718
284 1617 4719
302 1151 4720
231 232 4721
374 375 4722
429 873 4723
853 1448 4724
1023 1449 4725
344 414 4726
797 1551 4727
274 2196 4728
366 369 4729
374 376 4730
383 1018 4731
231 2430 4732
1470 2012 4733
373 374 4734
232 2020 4735
1552 1553 4736
1925 2517 4737
1498 1501 4738
1855 1899 4739
2530 2532 4740
384 385 4741
284 2121 4742
700 1979 4743
1408 2320 4744
1716 2531 4745
1855 1912 4746
1143 1469 4747
1716 2532 4748
371 376 4749
1470 1524 4750
1919 2178 4751
366 367 4752
727 1523 4753
1561 1562 4754
278 1552 4755
405 797 4756
232 2430 4757
1470 1471 4758
964 1447 4759
1143 1524 4760
296 1023 4761
22 25 4762
1436 1449 4763
278 1553 4764
372 374 4765
296 1448 4766
1469 1470 4767
2528 2530 4768
302 859 4769
1716 2529 4770
361 365 4771
429 1498 4772
1143 1470 4773
191 192 4774
1716 2528 4775
429 1268 4776
1143 2012 4777
2050 2051 4778
296 1436 4779
1561 1563 4780
411 2624 4781
424 426 4782
361 363 4783
1550 1551 4784
370 376 4785
1716 2530 4786
296 853 4787
384 386 4788
189 192 4789
296 1449 4790
1001 2428 4791
1143 1523 4792
371 374 4793
429 1501 4794
1523 1524 4795
383 386 4796
411 2625 4797
1478 1928 4798
23 25 4799
296 302 4800
372 375 4801
1920 2178 4802
387 390 4803
370 377 4804
853 1449 4805
302 1023 4806
2625 2626 4807
1471 1523 4808
1470 1523 4809
1899 1912 4810
83 381 4811
372 373 4812
22 23 4813
1448 1449 4814
411 2626 4815
276 278 4816
385 386 4817
1997 2505 4818
274 2620 4819
313 361 4820
1495 1496 4821
371 377 4822
1447 1496 4823
1447 1495 4824
2196 2620 4825
189 191 4826
375 377 4827
2624 2625 4828
371 375 4829
1562 1563 4830
374 377 4831
1899 1900 4832
370 373 4833
1942 2270 4834
20 23 4835
20 25 4836
1496 2005 4837
375 376 4838
371 373 4839
20 22 4840
370 374 4841
387 391 4842
370 375 4843
1940 1941 4844
370 371 4845
1597 1940 4846
2624 2626 4847
1597 1941 4848
1597 2623 4849
1941 2623 4850
379 380 4851
1597 2007 4852
378 379 4853
1940 2623 4854
1941 2007 4855
1940 2007 4856
390 391 4857
277 379 4858
277 378 4859
275 381 4860
277 380 4861
378 381 4862
275 379 4863
379 381 4864
275 380 4865
275 277 4866
277 381 4867
380 381 4868
378 380 4869
275 378 4870
