2313 2398 1
2313 2659 2
515 829 3
460 515 4
227 442 5
515 830 6
829 830 7
2089 2313 8
2446 2448 9
460 829 10
460 830 11
2398 2659 12
553 818 13
2446 2618 14
136 1729 15
2281 2402 16
2402 2451 17
2089 2659 18
1729 1730 19
1803 2456 20
2448 2618 21
1729 1731 22
1803 2370 23
136 1731 24
1835 2448 25
487 829 26
2446 2617 27
844 845 28
2448 2617 29
460 1532 30
2281 2391 31
829 1532 32
1730 1732 33
1862 2451 34
1862 2403 35
515 1532 36
832 1084 37
1729 1732 38
242 728 39
1862 2402 40
1862 2404 41
136 1730 42
651 844 43
1803 2371 44
1730 1731 45
843 845 46
1835 2446 47
1731 1732 48
2617 2618 49
832 2391 50
629 651 51
830 1532 52
2402 2404 53
1729 1734 54
1803 2615 55
2089 2398 56
1383 1535 57
2371 2456 58
2402 2450 59
1862 2450 60
808 898 61
1803 2614 62
553 819 63
176 464 64
728 748 65
101 1803 66
832 2389 67
829 967 68
487 515 69
614 1764 70
651 843 71
1803 2449 72
176 822 73
1803 2599 74
832 2390 75
748 841 76
2403 2404 77
2404 2450 78
2404 2451 79
1084 2390 80
2401 2402 81
2402 2452 82
456 504 83
651 1735 84
442 1254 85
1729 1733 86
136 1732 87
1422 1424 88
2281 2403 89
1423 1424 90
728 842 91
1803 2609 92
460 487 93
1764 1765 94
1084 2391 95
1731 1734 96
2402 2403 97
1084 2389 98
176 743 99
2281 2404 100
188 1020 101
875 1818 102
1862 2452 103
2281 2611 104
1803 2608 105
614 2612 106
1803 1848 107
2389 2390 108
843 844 109
1730 1734 110
2281 2401 111
1803 2369 112
596 816 113
442 1253 114
1732 1734 115
1730 1733 116
1803 2383 117
227 1255 118
820 908 119
2357 2404 120
176 454 121
813 814 122
1249 1250 123
1862 2611 124
233 592 125
334 1002 126
86 1322 127
815 816 128
2390 2391 129
814 817 130
911 1390 131
505 1339 132
329 1803 133
614 1765 134
136 1733 135
1584 2658 136
1721 1722 137
2401 2404 138
642 1721 139
2389 2391 140
823 984 141
2449 2456 142
264 596 143
737 999 144
608 1765 145
592 1637 146
1105 1249 147
1025 1249 148
101 2369 149
547 818 150
85 233 151
85 1322 152
642 1722 153
1732 1733 154
460 967 155
136 1734 156
700 1862 157
911 1282 158
642 644 159
1335 2351 160
1731 1733 161
87 1322 162
444 504 163
2399 2407 164
86 592 165
1528 1862 166
999 1534 167
2357 2451 168
2371 2599 169
728 841 170
1007 2385 171
1765 2612 172
210 374 173
101 2371 174
1803 2744 175
1862 2357 176
1318 2357 177
1835 2617 178
2370 2371 179
199 2097 180
86 233 181
198 955 182
442 1255 183
837 1252 184
651 845 185
821 1533 186
2357 2402 187
642 1719 188
2399 2442 189
2403 2451 190
1862 2401 191
2384 2385 192
87 592 193
1383 1660 194
2402 2460 195
97 98 196
1002 1008 197
1672 2226 198
504 505 199
1719 1722 200
1733 1734 201
1862 2281 202
2281 2451 203
244 541 204
1719 1721 205
1803 2616 206
811 1375 207
1422 1423 208
437 1803 209
1421 1423 210
1848 2369 211
1722 1723 212
341 401 213
775 1428 214
85 86 215
5 26 216
329 2608 217
815 1533 218
2443 2444 219
1721 1723 220
2448 2571 221
515 967 222
2456 2599 223
815 821 224
1007 2384 225
1282 1390 226
644 1721 227
696 2384 228
998 999 229
1818 2734 230
2281 2450 231
2404 2452 232
642 1723 233
2357 2403 234
15 98 235
1025 1105 236
1719 1720 237
644 1722 238
329 2371 239
1528 2281 240
350 633 241
689 690 242
1720 1722 243
2447 2448 244
1374 1375 245
1835 2618 246
1383 1659 247
2401 2403 248
329 2456 249
805 806 250
525 733 251
1318 1862 252
1421 1424 253
1720 1721 254
329 2615 255
2443 2445 256
642 1720 257
1389 1390 258
15 1375 259
629 650 260
747 748 261
748 1577 262
2448 2725 263
1717 1718 264
85 87 265
911 1389 266
2400 2442 267
644 1719 268
515 2441 269
1380 1381 270
515 2408 271
1862 2391 272
1380 1383 273
1722 1724 274
644 1720 275
199 1862 276
85 1331 277
350 635 278
1848 2370 279
1104 1105 280
642 1724 281
955 990 282
1631 1632 283
437 2369 284
1330 1331 285
775 1427 286
2403 2450 287
423 2089 288
199 1318 289
227 1253 290
596 818 291
651 698 292
1719 1723 293
92 837 294
1054 2412 295
2399 2400 296
2450 2452 297
1721 1724 298
199 2357 299
1380 1382 300
1862 2460 301
2357 2401 302
1253 1578 303
1795 2226 304
470 987 305
1421 1422 306
690 1726 307
53 1006 308
24 520 309
101 1848 310
1005 1006 311
2281 2452 312
1427 1428 313
2369 2370 314
486 2226 315
486 1672 316
504 521 317
15 1374 318
589 592 319
329 2614 320
2374 2375 321
1002 2406 322
2444 2445 323
2097 2372 324
569 1009 325
805 1244 326
1025 1250 327
5 837 328
53 1736 329
650 651 330
156 2386 331
596 815 332
1803 2678 333
958 960 334
1428 1429 335
199 2386 336
589 1725 337
958 959 338
1824 2443 339
460 2441 340
1803 2610 341
238 741 342
592 1648 343
633 949 344
2281 2357 345
2614 2615 346
520 639 347
1006 1768 348
87 233 349
592 1311 350
1318 1388 351
1723 1724 352
447 701 353
423 2313 354
433 805 355
1659 1660 356
156 2372 357
1764 2612 358
1720 1723 359
198 453 360
1002 2634 361
689 1726 362
596 1810 363
456 2361 364
589 810 365
284 446 366
2357 2452 367
651 984 368
454 743 369
1426 1427 370
1803 2589 371
1105 1250 372
1183 1574 373
633 1630 374
1427 1429 375
2281 2460 376
197 199 377
2226 2410 378
1318 1387 379
644 1723 380
2357 2450 381
1862 2591 382
2403 2452 383
815 1184 384
266 1631 385
737 998 386
676 1263 387
810 1637 388
1333 1335 389
374 596 390
2451 2452 391
36 45 392
85 1311 393
1803 2677 394
1382 1383 395
2400 2665 396
264 1184 397
1044 1296 398
2450 2451 399
607 614 400
608 614 401
959 960 402
460 2408 403
688 2165 404
834 869 405
811 1543 406
81 448 407
676 1575 408
679 1247 409
712 1054 410
2387 2388 411
554 741 412
278 827 413
156 199 414
85 592 415
227 1254 416
814 2674 417
2400 2684 418
448 701 419
609 614 420
651 1339 421
692 1005 422
2097 2386 423
696 1007 424
1719 1724 425
455 456 426
1308 1309 427
244 675 428
2400 2407 429
1824 2444 430
129 184 431
573 995 432
623 835 433
1648 1725 434
848 849 435
423 2398 436
444 445 437
474 1727 438
553 1638 439
1381 1382 440
474 1375 441
611 614 442
910 1390 443
213 374 444
2226 2705 445
826 1322 446
2097 2400 447
718 726 448
1054 2411 449
676 1640 450
642 643 451
444 521 452
775 1429 453
613 614 454
1426 1429 455
1428 1430 456
2571 2725 457
454 1573 458
204 827 459
1322 1323 460
492 816 461
655 659 462
596 1184 463
676 1576 464
1060 2738 465
1803 2679 466
198 990 467
955 1645 468
1282 1389 469
466 619 470
470 1086 471
60 437 472
596 2105 473
454 822 474
629 1735 475
14 60 476
332 1248 477
596 1533 478
955 2552 479
1309 1310 480
1006 1425 481
622 1241 482
129 998 483
690 980 484
1631 1728 485
612 614 486
643 1721 487
2371 2383 488
227 1578 489
1044 1637 490
614 2224 491
811 1374 492
470 472 493
836 1037 494
404 816 495
726 1316 496
692 1315 497
1000 1001 498
334 1008 499
1264 2633 500
1717 2382 501
898 1064 502
984 1339 503
1330 2368 504
2097 2110 505
589 1637 506
610 614 507
408 1631 508
444 505 509
672 1461 510
955 2696 511
264 428 512
684 1756 513
1309 1311 514
676 1431 515
1427 1430 516
830 967 517
1100 2388 518
374 735 519
332 680 520
596 2732 521
1754 1756 522
644 1724 523
199 1319 524
1253 1254 525
1812 2416 526
1338 1339 527
810 1648 528
1309 1330 529
2281 2591 530
1755 1756 531
624 627 532
1489 1756 533
1720 1724 534
456 1386 535
607 608 536
456 2701 537
1337 1338 538
2371 2616 539
474 503 540
1881 1959 541
554 662 542
1006 1767 543
264 496 544
199 1388 545
238 742 546
827 1581 547
2456 2616 548
26 837 549
446 645 550
1175 1862 551
1381 1383 552
607 611 553
646 647 554
963 2699 555
176 453 556
688 2166 557
329 2609 558
643 1724 559
1578 1579 560
1637 1725 561
529 922 562
607 609 563
1054 1170 564
532 1585 565
655 656 566
923 2735 567
1584 1585 568
608 609 569
643 1722 570
1309 1331 571
775 1430 572
609 611 573
955 2695 574
1326 1328 575
1391 1756 576
592 1322 577
1432 1764 578
466 956 579
1036 1037 580
2447 2725 581
176 188 582
26 158 583
265 624 584
404 1533 585
504 1646 586
1735 2413 587
726 1540 588
2369 2744 589
198 2552 590
506 1002 591
198 954 592
1812 2415 593
495 596 594
2407 2442 595
2371 2449 596
624 625 597
506 521 598
492 1184 599
504 1636 600
984 1338 601
592 1309 602
474 475 603
633 634 604
684 1757 605
199 1387 606
238 554 607
662 663 608
460 1771 609
684 1754 610
672 673 611
2400 2666 612
265 627 613
2680 2743 614
1531 1574 615
266 1727 616
775 1426 617
444 446 618
176 443 619
618 670 620
2101 2102 621
504 1160 622
1672 2705 623
454 2580 624
520 691 625
679 680 626
486 2705 627
496 1175 628
596 1055 629
1263 1375 630
692 693 631
423 2659 632
651 1337 633
808 1064 634
608 611 635
635 949 636
692 996 637
696 2385 638
479 507 639
504 685 640
492 1533 641
1425 1768 642
199 2110 643
466 669 644
341 492 645
437 2589 646
849 868 647
596 676 648
1296 1637 649
567 569 650
14 663 651
635 1630 652
643 1720 653
1334 1335 654
529 1583 655
2101 2745 656
266 624 657
447 448 658
553 824 659
343 396 660
816 2732 661
198 2696 662
466 667 663
910 911 664
1631 1727 665
2376 2377 666
811 2092 667
589 1296 668
610 611 669
176 1806 670
741 742 671
2101 2103 672
1175 2357 673
1335 1824 674
1753 2388 675
589 664 676
521 685 677
633 635 678
653 655 679
2190 2479 680
1387 1388 681
1289 1326 682
176 2346 683
625 627 684
676 2698 685
923 2332 686
1753 2387 687
629 632 688
437 2744 689
592 810 690
1574 2588 691
529 1365 692
542 1060 693
2110 2400 694
589 1044 695
923 2736 696
823 2726 697
1037 1242 698
487 2408 699
744 1324 700
543 886 701
2213 2426 702
607 612 703
401 492 704
45 70 705
589 1648 706
816 1377 707
743 822 708
910 1282 709
265 266 710
655 658 711
341 404 712
653 657 713
238 663 714
1429 1430 715
1308 1310 716
1310 1311 717
566 568 718
646 992 719
198 1645 720
567 568 721
674 676 722
726 1558 723
815 2732 724
1637 1648 725
822 1573 726
266 627 727
643 1719 728
505 1338 729
620 670 730
2447 2571 731
448 700 732
131 182 733
233 810 734
640 691 735
2588 2743 736
2608 2609 737
726 1317 738
756 827 739
554 742 740
2373 2545 741
643 1723 742
958 961 743
36 70 744
50 1468 745
1253 1255 746
1848 2697 747
638 691 748
820 833 749
1253 1298 750
496 596 751
1036 1242 752
818 819 753
629 631 754
1369 2146 755
742 1378 756
984 1337 757
611 613 758
156 2097 759
1426 1430 760
1756 1757 761
641 1185 762
233 690 763
609 610 764
176 979 765
835 2395 766
1773 2632 767
19 53 768
1036 2584 769
676 1652 770
264 1754 771
1337 1339 772
433 807 773
559 825 774
621 670 775
814 1362 776
654 658 777
233 689 778
592 1308 779
692 2668 780
699 701 781
698 984 782
445 446 783
821 2613 784
886 2481 785
1245 1307 786
233 1726 787
450 2140 788
676 1175 789
1308 1311 790
1526 2738 791
589 1647 792
504 547 793
264 1755 794
596 2698 795
1324 1325 796
101 2370 797
266 625 798
1175 1184 799
2101 2709 800
2688 2705 801
474 499 802
647 1571 803
341 1033 804
1119 2735 805
654 656 806
86 1331 807
244 676 808
653 656 809
1727 1728 810
634 635 811
199 2372 812
701 804 813
2357 2591 814
566 567 815
657 658 816
70 113 817
675 676 818
2504 2588 819
210 989 820
529 1257 821
743 1573 822
1315 2668 823
474 574 824
869 1241 825
2588 2680 826
454 744 827
454 867 828
50 53 829
477 637 830
639 691 831
1574 2504 832
1862 2358 833
264 495 834
453 454 835
622 869 836
653 658 837
542 2738 838
413 666 839
1316 1317 840
439 442 841
608 610 842
692 1006 843
265 625 844
610 613 845
188 1045 846
474 500 847
1727 2724 848
657 659 849
959 961 850
532 1584 851
643 644 852
589 882 853
479 820 854
199 2400 855
244 674 856
566 569 857
684 1755 858
1100 1753 859
608 612 860
2695 2696 861
5 121 862
242 483 863
564 2272 864
2665 2684 865
265 408 866
553 2690 867
676 887 868
667 670 869
608 2224 870
569 2577 871
622 834 872
1426 1428 873
188 1339 874
564 2705 875
656 657 876
693 2668 877
744 822 878
449 450 879
500 2675 880
2632 2704 881
466 668 882
286 1064 883
692 997 884
698 1339 885
619 621 886
619 956 887
653 654 888
53 1004 889
176 1698 890
1036 2585 891
238 662 892
554 663 893
470 471 894
446 521 895
176 590 896
482 483 897
669 670 898
922 1257 899
665 666 900
280 281 901
474 655 902
454 1711 903
550 553 904
656 658 905
882 1648 906
466 467 907
479 833 908
953 955 909
2363 2565 910
658 659 911
744 1573 912
14 238 913
2705 2706 914
185 210 915
607 610 916
1862 2280 917
39 130 918
408 1727 919
737 1534 920
1637 2453 921
481 656 922
86 1311 923
505 506 924
229 996 925
1245 1246 926
2272 2688 927
186 1773 928
408 1632 929
960 961 930
2680 2700 931
112 136 932
242 482 933
619 620 934
1036 2587 935
859 861 936
477 639 937
1718 2382 938
446 506 939
1298 1578 940
15 811 941
1326 1327 942
86 87 943
479 508 944
998 1329 945
2688 2706 946
374 989 947
495 496 948
520 637 949
1289 1328 950
610 612 951
743 744 952
499 1375 953
676 2685 954
688 1364 955
1432 1433 956
481 654 957
690 963 958
2101 2708 959
608 613 960
233 962 961
474 871 962
967 1532 963
408 474 964
1489 1755 965
2332 2736 966
2735 2736 967
607 613 968
630 631 969
204 1581 970
458 460 971
561 562 972
564 2706 973
651 708 974
2584 2585 975
1036 2586 976
479 607 977
244 1652 978
477 520 979
623 2395 980
954 955 981
639 640 982
1533 2732 983
2102 2709 984
53 1468 985
676 978 986
624 626 987
887 1652 988
1246 1307 989
1773 2704 990
481 658 991
573 1385 992
1735 2414 993
564 2686 994
408 1728 995
1736 2562 996
744 1325 997
1260 1375 998
87 1331 999
629 707 1000
506 1008 1001
14 554 1002
503 2675 1003
226 227 1004
1229 2281 1005
198 2695 1006
446 505 1007
413 665 1008
442 894 1009
667 668 1010
2513 2514 1011
2102 2745 1012
483 485 1013
1848 2733 1014
1004 1006 1015
611 612 1016
1754 1755 1017
474 2724 1018
505 521 1019
2363 2688 1020
609 613 1021
626 627 1022
1333 1824 1023
643 1571 1024
2146 2283 1025
176 1486 1026
125 868 1027
408 438 1028
547 888 1029
568 569 1030
592 962 1031
609 2224 1032
589 724 1033
646 1571 1034
2559 2681 1035
700 804 1036
1160 1636 1037
14 1059 1038
1634 1636 1039
520 638 1040
260 616 1041
401 404 1042
443 673 1043
2413 2414 1044
700 701 1045
618 621 1046
910 1389 1047
651 746 1048
1563 2373 1049
2103 2745 1050
440 442 1051
954 2695 1052
459 460 1053
656 659 1054
264 684 1055
471 472 1056
651 1338 1057
222 731 1058
700 1491 1059
133 2593 1060
460 940 1061
14 1058 1062
266 474 1063
505 1636 1064
1253 2578 1065
2165 2166 1066
474 870 1067
954 2696 1068
1754 1757 1069
651 709 1070
350 665 1071
1280 1510 1072
466 670 1073
1388 2661 1074
654 659 1075
1635 1636 1076
2415 2416 1077
1160 1646 1078
1387 2662 1079
1183 1531 1080
564 2570 1081
654 706 1082
524 525 1083
525 1373 1084
721 722 1085
1036 1949 1086
564 2688 1087
549 553 1088
657 705 1089
658 705 1090
495 1184 1091
404 1184 1092
726 1195 1093
24 640 1094
244 887 1095
474 501 1096
2332 2735 1097
496 1184 1098
87 1311 1099
1648 2072 1100
433 2070 1101
500 503 1102
653 705 1103
525 1653 1104
2513 2565 1105
573 993 1106
808 1313 1107
1318 1319 1108
337 374 1109
667 669 1110
962 1311 1111
1767 1768 1112
2146 2606 1113
629 630 1114
401 1033 1115
651 2740 1116
816 1533 1117
684 1489 1118
242 485 1119
482 485 1120
503 1375 1121
654 655 1122
1175 2698 1123
520 640 1124
1388 2662 1125
522 525 1126
1425 1767 1127
92 1252 1128
1229 2357 1129
14 1392 1130
1254 1255 1131
176 2250 1132
668 670 1133
507 834 1134
737 2373 1135
280 2573 1136
596 1175 1137
224 592 1138
2556 2557 1139
133 1948 1140
150 1321 1141
520 692 1142
777 778 1143
638 639 1144
2102 2103 1145
1257 1365 1146
499 574 1147
496 684 1148
834 1241 1149
204 818 1150
2556 2559 1151
465 466 1152
2173 2559 1153
637 640 1154
2332 2556 1155
885 886 1156
264 2118 1157
1292 2102 1158
882 1647 1159
462 2033 1160
2089 2091 1161
419 446 1162
559 561 1163
1948 2593 1164
433 806 1165
482 484 1166
1292 2101 1167
547 864 1168
603 998 1169
5 1639 1170
183 184 1171
495 1055 1172
818 888 1173
1755 1757 1174
499 503 1175
477 640 1176
698 1338 1177
233 664 1178
266 626 1179
686 687 1180
1035 1036 1181
2593 2673 1182
474 476 1183
676 1863 1184
654 657 1185
592 882 1186
1254 2479 1187
1647 1648 1188
223 592 1189
2675 2676 1190
816 821 1191
517 1758 1192
718 1317 1193
995 1384 1194
808 809 1195
658 706 1196
133 678 1197
503 2641 1198
621 702 1199
1386 2701 1200
433 518 1201
2272 2363 1202
408 563 1203
607 834 1204
133 2673 1205
496 1754 1206
374 446 1207
499 682 1208
922 2416 1209
775 1670 1210
460 488 1211
483 484 1212
1019 2161 1213
542 1526 1214
793 868 1215
1327 1328 1216
503 2458 1217
408 2503 1218
923 2551 1219
479 2488 1220
629 2476 1221
961 1242 1222
458 1771 1223
596 1228 1224
996 1236 1225
1428 1670 1226
1704 2089 1227
374 927 1228
1033 2469 1229
495 1175 1230
808 1772 1231
396 1285 1232
2557 2559 1233
612 613 1234
2103 2708 1235
520 703 1236
1321 1766 1237
535 849 1238
1229 1862 1239
1751 2363 1240
718 1316 1241
818 827 1242
2564 2565 1243
609 612 1244
408 2724 1245
686 688 1246
2556 2681 1247
2665 2666 1248
2 176 1249
651 2467 1250
922 1365 1251
1386 1761 1252
573 574 1253
460 1760 1254
2363 2564 1255
429 670 1256
1264 2462 1257
496 1755 1258
861 2255 1259
341 1393 1260
816 1376 1261
607 2224 1262
475 655 1263
996 2381 1264
1289 1327 1265
429 669 1266
625 626 1267
653 659 1268
515 537 1269
592 664 1270
632 707 1271
481 657 1272
520 693 1273
481 655 1274
500 2641 1275
319 2682 1276
430 680 1277
691 692 1278
238 1392 1279
922 1812 1280
205 1001 1281
496 1756 1282
401 403 1283
559 562 1284
678 2593 1285
922 2415 1286
331 334 1287
439 1655 1288
1253 1579 1289
26 1639 1290
352 395 1291
659 706 1292
996 1315 1293
644 1590 1294
685 688 1295
308 338 1296
374 722 1297
592 1296 1298
136 137 1299
1636 1646 1300
351 816 1301
668 669 1302
806 2060 1303
176 1807 1304
199 431 1305
496 1055 1306
552 553 1307
1009 2741 1308
675 887 1309
179 1100 1310
1175 1318 1311
654 705 1312
1260 1264 1313
564 2363 1314
433 804 1315
280 1411 1316
448 2151 1317
742 1379 1318
242 484 1319
2474 2475 1320
651 2515 1321
701 1491 1322
1060 1526 1323
994 1384 1324
503 1025 1325
868 2380 1326
505 1160 1327
705 706 1328
670 702 1329
630 707 1330
678 2673 1331
334 717 1332
1175 1229 1333
656 971 1334
592 1044 1335
613 2224 1336
1381 2499 1337
1633 1636 1338
443 672 1339
618 702 1340
816 1184 1341
1025 2707 1342
132 446 1343
2457 2592 1344
1823 1824 1345
53 2644 1346
244 1431 1347
1257 1259 1348
266 2724 1349
60 1392 1350
1290 1775 1351
470 1130 1352
1229 2591 1353
1263 1264 1354
374 721 1355
525 527 1356
165 1321 1357
474 872 1358
620 702 1359
2089 2716 1360
1572 1881 1361
1119 2332 1362
476 574 1363
210 1473 1364
2332 2559 1365
806 2070 1366
1633 1634 1367
1292 2103 1368
562 834 1369
117 210 1370
618 620 1371
674 675 1372
808 1314 1373
542 543 1374
808 951 1375
1298 1579 1376
525 526 1377
505 685 1378
1751 2272 1379
131 132 1380
678 1948 1381
281 2573 1382
836 1242 1383
503 1023 1384
150 165 1385
724 1296 1386
439 440 1387
510 554 1388
481 812 1389
656 706 1390
737 2545 1391
503 1742 1392
555 1375 1393
674 1652 1394
925 1257 1395
2473 2475 1396
374 952 1397
450 907 1398
453 955 1399
515 534 1400
592 1647 1401
618 619 1402
691 693 1403
631 632 1404
264 1055 1405
429 466 1406
1119 2736 1407
474 555 1408
529 532 1409
2332 2557 1410
525 531 1411
737 2482 1412
281 1411 1413
909 911 1414
1037 1740 1415
2103 2709 1416
210 319 1417
129 183 1418
1036 2583 1419
439 894 1420
564 1751 1421
226 714 1422
513 515 1423
620 621 1424
828 2274 1425
676 1038 1426
1384 1385 1427
503 681 1428
676 1228 1429
555 574 1430
334 716 1431
651 2468 1432
869 1762 1433
501 503 1434
334 1414 1435
222 733 1436
129 1329 1437
1363 2274 1438
1392 2660 1439
2088 2089 1440
616 2177 1441
459 1771 1442
861 2254 1443
227 725 1444
443 1461 1445
573 2664 1446
2498 2544 1447
714 715 1448
1381 2496 1449
505 1646 1450
574 1375 1451
1582 1758 1452
592 1310 1453
499 501 1454
466 957 1455
150 1766 1456
484 485 1457
2255 2717 1458
569 2104 1459
210 941 1460
1948 2673 1461
176 954 1462
525 530 1463
656 705 1464
1170 2559 1465
2371 2714 1466
837 1639 1467
627 2162 1468
487 488 1469
630 632 1470
368 518 1471
213 722 1472
464 2454 1473
874 975 1474
993 994 1475
568 2104 1476
2272 2570 1477
213 721 1478
2363 2713 1479
637 639 1480
818 821 1481
12 112 1482
53 617 1483
397 460 1484
499 555 1485
500 2676 1486
865 866 1487
693 1315 1488
700 945 1489
643 2680 1490
640 704 1491
1369 2283 1492
476 555 1493
1823 1829 1494
413 2363 1495
447 1796 1496
503 574 1497
350 495 1498
555 681 1499
1536 2350 1500
1381 2169 1501
2557 2681 1502
24 638 1503
266 563 1504
479 562 1505
574 682 1506
561 2463 1507
675 1652 1508
227 1418 1509
349 495 1510
525 532 1511
685 687 1512
481 653 1513
569 1074 1514
671 2085 1515
2332 2681 1516
993 1385 1517
2498 2499 1518
629 2471 1519
1381 2500 1520
1362 2674 1521
198 1306 1522
681 682 1523
1263 1575 1524
1385 2663 1525
242 1238 1526
1219 2070 1527
1381 2279 1528
2585 2587 1529
222 750 1530
892 894 1531
2272 2713 1532
2085 2572 1533
1381 2097 1534
2496 2498 1535
1038 1175 1536
222 2494 1537
532 983 1538
994 1385 1539
464 2346 1540
525 529 1541
537 851 1542
684 839 1543
266 408 1544
1381 2501 1545
2677 2678 1546
374 1479 1547
2272 2687 1548
439 1656 1549
1391 1755 1550
624 2162 1551
826 1271 1552
1948 2553 1553
571 573 1554
2682 2683 1555
573 2663 1556
892 2070 1557
555 573 1558
742 2737 1559
1169 1170 1560
2061 2097 1561
461 464 1562
523 525 1563
1704 2716 1564
2283 2606 1565
562 2488 1566
138 139 1567
923 1119 1568
1188 1533 1569
630 698 1570
1381 2497 1571
374 545 1572
586 1536 1573
559 2488 1574
1526 2397 1575
47 130 1576
731 2417 1577
503 2707 1578
956 957 1579
1823 1828 1580
198 1001 1581
695 696 1582
308 660 1583
525 528 1584
1823 1825 1585
1381 2495 1586
112 137 1587
468 2274 1588
2678 2679 1589
266 438 1590
592 1168 1591
2571 2592 1592
520 704 1593
543 1526 1594
834 2488 1595
893 2375 1596
2558 2559 1597
993 2663 1598
2169 2500 1599
70 104 1600
358 374 1601
334 1516 1602
995 2664 1603
2097 2279 1604
740 1764 1605
408 928 1606
1385 2664 1607
2097 2498 1608
684 1391 1609
560 562 1610
2254 2255 1611
60 112 1612
541 700 1613
685 686 1614
630 1864 1615
1704 2091 1616
2279 2499 1617
515 538 1618
225 227 1619
824 1638 1620
1823 1827 1621
714 745 1622
818 1006 1623
428 1298 1624
2061 2279 1625
859 2255 1626
2566 2643 1627
502 503 1628
995 1385 1629
718 720 1630
165 1766 1631
477 638 1632
479 834 1633
2371 2715 1634
1827 1829 1635
474 502 1636
198 1307 1637
223 233 1638
1058 1059 1639
1381 2061 1640
224 233 1641
264 1175 1642
222 1529 1643
515 1210 1644
1948 2554 1645
638 704 1646
2496 2499 1647
429 667 1648
401 2469 1649
982 983 1650
465 467 1651
453 1187 1652
555 682 1653
572 573 1654
742 852 1655
887 978 1656
994 995 1657
524 531 1658
2675 2702 1659
222 729 1660
503 682 1661
2663 2664 1662
2169 2499 1663
2495 2497 1664
1055 1175 1665
2097 2499 1666
1266 2607 1667
499 870 1668
515 1212 1669
1381 2498 1670
222 732 1671
447 2151 1672
2497 2498 1673
2496 2501 1674
539 541 1675
2061 2499 1676
2463 2464 1677
2496 2500 1678
730 731 1679
499 500 1680
1170 2484 1681
993 995 1682
253 1222 1683
522 532 1684
242 1580 1685
2061 2497 1686
2279 2496 1687
2363 2687 1688
2498 2500 1689
336 337 1690
993 1384 1691
995 2663 1692
507 508 1693
1257 1258 1694
2061 2498 1695
2097 2500 1696
468 1363 1697
526 531 1698
226 556 1699
607 2191 1700
429 668 1701
1825 1829 1702
2499 2500 1703
2279 2497 1704
2061 2500 1705
559 560 1706
699 700 1707
714 2256 1708
996 997 1709
404 499 1710
729 730 1711
1825 1828 1712
1242 1243 1713
1825 1827 1714
1292 2097 1715
1184 1533 1716
344 395 1717
914 1146 1718
737 738 1719
724 1044 1720
1827 1828 1721
2097 2501 1722
526 532 1723
2097 2495 1724
560 561 1725
1271 1500 1726
238 505 1727
404 492 1728
129 1509 1729
2495 2499 1730
26 111 1731
776 893 1732
1175 2685 1733
1264 2461 1734
1292 2708 1735
619 957 1736
1254 2190 1737
2495 2498 1738
503 555 1739
2496 2497 1740
826 1044 1741
396 1284 1742
1184 2732 1743
524 526 1744
519 520 1745
1824 1825 1746
529 531 1747
558 562 1748
1824 1827 1749
53 2693 1750
253 478 1751
2169 2497 1752
527 531 1753
573 1375 1754
640 703 1755
659 705 1756
616 2739 1757
510 512 1758
2280 2281 1759
2097 2169 1760
129 1830 1761
2458 2675 1762
1829 2594 1763
139 736 1764
374 546 1765
684 838 1766
374 1582 1767
914 2571 1768
213 332 1769
266 2503 1770
510 511 1771
268 2582 1772
350 496 1773
522 526 1774
574 681 1775
2279 2495 1776
5 111 1777
39 47 1778
461 462 1779
2061 2169 1780
2714 2715 1781
637 638 1782
350 413 1783
520 677 1784
592 724 1785
967 1759 1786
861 2717 1787
629 698 1788
568 1074 1789
638 640 1790
562 607 1791
2169 2498 1792
481 971 1793
893 2374 1794
60 238 1795
373 733 1796
1704 2088 1797
2497 2499 1798
462 463 1799
2169 2495 1800
2363 2513 1801
39 123 1802
1529 2494 1803
266 2162 1804
523 532 1805
2097 2497 1806
343 1881 1807
481 706 1808
1271 2567 1809
532 981 1810
2498 2501 1811
834 2502 1812
806 2074 1813
2169 2496 1814
2279 2498 1815
2061 2495 1816
1948 2540 1817
527 529 1818
308 638 1819
2497 2500 1820
338 446 1821
522 523 1822
476 499 1823
838 839 1824
2097 2496 1825
729 731 1826
2495 2500 1827
227 428 1828
286 947 1829
700 1979 1830
242 661 1831
19 50 1832
373 731 1833
549 550 1834
53 533 1835
522 531 1836
1828 1829 1837
522 524 1838
849 852 1839
2363 2570 1840
1290 1774 1841
2279 2500 1842
229 808 1843
559 607 1844
2353 2463 1845
374 1758 1846
462 464 1847
492 499 1848
806 1219 1849
2061 2501 1850
859 2254 1851
1774 1775 1852
433 1244 1853
524 529 1854
536 742 1855
729 750 1856
682 1934 1857
1881 2305 1858
432 2070 1859
592 1819 1860
2061 2496 1861
2169 2501 1862
2081 2474 1863
222 746 1864
524 527 1865
226 715 1866
199 1175 1867
382 1270 1868
746 1529 1869
53 1201 1870
453 2420 1871
698 1337 1872
1025 1737 1873
838 840 1874
196 198 1875
499 502 1876
522 529 1877
527 532 1878
2088 2091 1879
286 803 1880
526 529 1881
607 2488 1882
2169 2279 1883
2279 2501 1884
319 818 1885
700 740 1886
882 883 1887
500 2702 1888
2254 2717 1889
261 615 1890
1228 2698 1891
532 982 1892
1179 1180 1893
500 1025 1894
550 551 1895
463 464 1896
524 532 1897
543 2397 1898
1642 1643 1899
336 2465 1900
598 599 1901
618 880 1902
869 1763 1903
914 2592 1904
382 515 1905
448 1796 1906
526 527 1907
286 948 1908
479 559 1909
481 705 1910
867 2580 1911
700 1039 1912
777 1869 1913
821 1184 1914
2473 2474 1915
531 532 1916
1263 2275 1917
350 494 1918
545 546 1919
528 529 1920
608 2191 1921
787 895 1922
1378 1379 1923
374 734 1924
2471 2476 1925
981 982 1926
1391 1489 1927
2495 2496 1928
2500 2501 1929
859 2717 1930
993 2664 1931
198 2336 1932
659 971 1933
524 528 1934
777 1870 1935
1819 1821 1936
517 1582 1937
541 945 1938
528 531 1939
919 1256 1940
549 551 1941
1824 1826 1942
2497 2501 1943
392 574 1944
700 1038 1945
936 939 1946
382 537 1947
826 1500 1948
609 2191 1949
683 684 1950
1169 2483 1951
705 971 1952
225 226 1953
409 697 1954
499 681 1955
129 177 1956
894 1656 1957
1533 2179 1958
692 1236 1959
530 531 1960
592 2072 1961
718 2405 1962
981 983 1963
1260 2462 1964
523 531 1965
1263 2462 1966
264 645 1967
515 851 1968
625 2162 1969
1074 2104 1970
285 286 1971
517 518 1972
523 526 1973
891 892 1974
515 1270 1975
2553 2554 1976
1572 1959 1977
1823 1826 1978
522 527 1979
1264 2355 1980
823 863 1981
297 2255 1982
185 541 1983
1019 2160 1984
523 524 1985
529 530 1986
592 1821 1987
684 840 1988
746 2494 1989
907 1349 1990
1170 2483 1991
2581 2582 1992
559 834 1993
892 1816 1994
2353 2464 1995
2499 2501 1996
2458 2641 1997
2081 2083 1998
503 2676 1999
522 528 2000
478 507 2001
1264 1375 2002
337 2466 2003
349 496 2004
514 515 2005
1825 1826 2006
309 374 2007
827 1293 2008
618 876 2009
264 1651 2010
5 46 2011
42 126 2012
526 528 2013
2276 2449 2014
503 872 2015
296 596 2016
1055 1184 2017
742 889 2018
478 479 2019
921 922 2020
198 200 2021
1176 1270 2022
226 2143 2023
643 1590 2024
776 894 2025
1271 2568 2026
51 53 2027
198 1034 2028
592 930 2029
1369 2606 2030
38 1536 2031
528 532 2032
776 892 2033
268 2581 2034
503 870 2035
561 1055 2036
776 1815 2037
922 2118 2038
742 2392 2039
1185 1187 2040
530 532 2041
592 1272 2042
233 2430 2043
244 1190 2044
505 857 2045
894 1816 2046
523 528 2047
891 893 2048
500 501 2049
826 2568 2050
199 1351 2051
233 755 2052
433 752 2053
2070 2071 2054
550 1177 2055
818 1581 2056
1304 1814 2057
527 528 2058
413 1751 2059
524 530 2060
1514 2085 2061
1261 1375 2062
616 2489 2063
129 1831 2064
925 1259 2065
1258 1259 2066
558 559 2067
226 577 2068
1826 1827 2069
1222 2478 2070
1329 1830 2071
308 358 2072
382 538 2073
526 530 2074
252 1222 2075
503 871 2076
2094 2095 2077
341 403 2078
776 1816 2079
1751 2570 2080
199 2356 2081
1375 2355 2082
2540 2554 2083
542 2543 2084
1315 2261 2085
1159 1948 2086
1881 2595 2087
1261 1264 2088
892 893 2089
350 1751 2090
226 1814 2091
640 1649 2092
1500 2567 2093
492 1522 2094
496 1757 2095
742 1158 2096
776 891 2097
490 2272 2098
638 677 2099
816 2179 2100
453 816 2101
1173 1222 2102
682 1935 2103
1876 1877 2104
440 894 2105
319 941 2106
883 930 2107
528 530 2108
244 2113 2109
2495 2501 2110
565 1822 2111
892 1815 2112
1222 2477 2113
1641 1877 2114
1534 2168 2115
231 233 2116
1934 1935 2117
696 1295 2118
516 518 2119
618 879 2120
656 1302 2121
894 1815 2122
1641 1878 2123
2275 2461 2124
1869 1870 2125
1169 2484 2126
1820 1821 2127
638 703 2128
2173 2556 2129
478 820 2130
674 1342 2131
2081 2082 2132
266 407 2133
432 806 2134
1271 2550 2135
39 126 2136
523 527 2137
777 1850 2138
2144 2459 2139
433 905 2140
350 2363 2141
503 1737 2142
818 887 2143
1015 1016 2144
395 396 2145
522 530 2146
826 1268 2147
319 2683 2148
893 894 2149
1220 1811 2150
476 682 2151
1376 1377 2152
1881 2596 2153
2677 2679 2154
199 1485 2155
48 1822 2156
515 1211 2157
520 1649 2158
550 1178 2159
656 1303 2160
930 1616 2161
511 512 2162
1819 1820 2163
718 1846 2164
226 884 2165
357 358 2166
1281 1282 2167
806 2073 2168
213 835 2169
150 1201 2170
433 753 2171
1375 2275 2172
45 986 2173
541 977 2174
592 826 2175
742 890 2176
368 905 2177
535 536 2178
1272 1273 2179
1012 1015 2180
742 975 2181
433 2079 2182
2097 2099 2183
2096 2102 2184
619 880 2185
1815 1816 2186
501 502 2187
401 2122 2188
1641 1875 2189
14 379 2190
433 2073 2191
787 2487 2192
1270 1813 2193
349 413 2194
951 1183 2195
1174 1175 2196
262 1811 2197
766 2471 2198
925 1258 2199
457 459 2200
1004 2710 2201
527 530 2202
2034 2144 2203
492 1570 2204
536 849 2205
893 1816 2206
1015 1019 2207
2081 2084 2208
826 2567 2209
190 401 2210
392 573 2211
684 2182 2212
971 1303 2213
895 2487 2214
1021 1025 2215
336 2466 2216
461 463 2217
1500 2550 2218
1641 1876 2219
2097 2100 2220
226 1304 2221
243 244 2222
1526 2543 2223
742 974 2224
1342 1652 2225
1264 2275 2226
478 1222 2227
708 709 2228
891 1816 2229
787 2492 2230
816 1187 2231
492 1700 2232
705 1302 2233
240 241 2234
266 928 2235
592 641 2236
1260 2461 2237
1267 2227 2238
1565 2157 2239
1604 1605 2240
2465 2466 2241
39 122 2242
1869 1871 2243
2283 2284 2244
45 79 2245
2155 2157 2246
1616 2134 2247
696 2159 2248
1263 2461 2249
442 1655 2250
1602 1604 2251
214 682 2252
1534 2167 2253
61 121 2254
481 1303 2255
919 922 2256
1375 2461 2257
698 1864 2258
262 1220 2259
476 1375 2260
592 2520 2261
737 1563 2262
43 48 2263
1201 1766 2264
240 1278 2265
1375 2331 2266
337 2465 2267
226 1130 2268
681 1375 2269
1222 1873 2270
226 430 2271
826 2550 2272
891 1815 2273
213 338 2274
718 1300 2275
659 684 2276
930 1273 2277
442 1656 2278
523 529 2279
732 733 2280
1265 1266 2281
167 696 2282
654 1361 2283
407 408 2284
2355 2461 2285
358 1847 2286
500 502 2287
787 788 2288
491 492 2289
337 1135 2290
1170 2558 2291
139 358 2292
723 724 2293
1677 2575 2294
336 374 2295
494 684 2296
2574 2575 2297
374 2465 2298
733 1653 2299
226 578 2300
1704 2090 2301
329 414 2302
2467 2468 2303
1641 2157 2304
542 1527 2305
208 1513 2306
1018 2161 2307
1222 1874 2308
481 659 2309
273 875 2310
700 739 2311
523 530 2312
232 233 2313
654 1029 2314
401 881 2315
453 2362 2316
536 852 2317
392 572 2318
592 2549 2319
1201 1321 2320
267 268 2321
971 1302 2322
766 2472 2323
250 1222 2324
710 2566 2325
39 71 2326
401 1320 2327
433 1219 2328
358 434 2329
914 2718 2330
541 1038 2331
373 1529 2332
383 1536 2333
252 2670 2334
350 666 2335
513 534 2336
912 1036 2337
1806 1807 2338
705 1303 2339
930 1272 2340
893 1815 2341
431 1318 2342
818 2117 2343
185 540 2344
640 677 2345
592 1820 2346
2489 2547 2347
540 541 2348
2540 2553 2349
240 335 2350
816 1188 2351
476 681 2352
297 2717 2353
1050 1052 2354
241 335 2355
1530 2711 2356
238 338 2357
893 2070 2358
1188 2179 2359
1870 1871 2360
48 565 2361
619 876 2362
716 717 2363
1187 1188 2364
870 871 2365
503 2702 2366
1038 1228 2367
1807 2250 2368
2 954 2369
619 879 2370
494 1755 2371
572 574 2372
703 704 2373
895 2492 2374
1865 1866 2375
373 729 2376
1500 2568 2377
388 443 2378
2093 2095 2379
86 2246 2380
2550 2567 2381
1220 1560 2382
233 1214 2383
1530 2667 2384
518 2079 2385
1514 2572 2386
1762 1763 2387
922 2629 2388
1529 2548 2389
1050 2359 2390
2155 2156 2391
64 165 2392
165 1201 2393
1016 2078 2394
1958 1959 2395
561 914 2396
618 877 2397
47 71 2398
435 436 2399
373 732 2400
440 1189 2401
700 1040 2402
432 433 2403
766 1106 2404
1641 2108 2405
1421 1554 2406
494 1754 2407
1677 2574 2408
654 1362 2409
2392 2394 2410
2574 2576 2411
1052 2359 2412
541 1039 2413
1641 2155 2414
2146 2284 2415
9 121 2416
1139 1207 2417
1015 1018 2418
226 1701 2419
2275 2355 2420
31 896 2421
518 901 2422
891 894 2423
1834 1835 2424
2099 2102 2425
490 1305 2426
2393 2493 2427
941 2314 2428
671 1514 2429
414 1053 2430
654 1028 2431
788 895 2432
518 905 2433
696 2158 2434
1074 2095 2435
358 1207 2436
1850 1872 2437
1837 1838 2438
1850 1871 2439
2477 2478 2440
659 1303 2441
718 1845 2442
860 861 2443
2096 2097 2444
243 1190 2445
260 2489 2446
264 938 2447
382 851 2448
490 2363 2449
766 2470 2450
1034 1349 2451
215 639 2452
592 723 2453
937 1222 2454
719 2405 2455
1774 1881 2456
870 872 2457
469 2274 2458
603 1329 2459
2483 2484 2460
478 833 2461
1869 1872 2462
409 988 2463
1742 2458 2464
233 2020 2465
1877 2108 2466
491 493 2467
818 1566 2468
1261 2275 2469
1644 1652 2470
2575 2576 2471
460 1466 2472
433 858 2473
700 1291 2474
733 1373 2475
1016 1019 2476
718 719 2477
319 942 2478
592 1043 2479
1001 2428 2480
1565 1641 2481
169 866 2482
1268 2567 2483
1641 2156 2484
921 1256 2485
1012 2078 2486
1529 2133 2487
919 921 2488
2567 2568 2489
336 2277 2490
44 45 2491
414 854 2492
373 750 2493
336 1838 2494
222 373 2495
478 2377 2496
879 880 2497
1187 1533 2498
639 1011 2499
1797 2548 2500
498 1196 2501
1704 2087 2502
694 695 2503
592 696 2504
2100 2102 2505
930 2134 2506
373 746 2507
700 1042 2508
297 2254 2509
677 1649 2510
264 932 2511
569 1434 2512
659 1391 2513
112 2141 2514
225 1418 2515
1038 1040 2516
1529 2711 2517
638 2409 2518
1196 2339 2519
2096 2103 2520
338 505 2521
1261 2461 2522
2118 2344 2523
1038 1039 2524
1219 2073 2525
337 2277 2526
2173 2332 2527
1019 2078 2528
1013 1019 2529
1530 2133 2530
1881 2135 2531
317 509 2532
1850 1869 2533
440 1187 2534
804 807 2535
403 492 2536
778 1263 2537
374 2466 2538
1052 1643 2539
1215 1219 2540
592 883 2541
638 1649 2542
1530 1797 2543
200 818 2544
592 1214 2545
260 2739 2546
573 681 2547
1677 2576 2548
2097 2098 2549
2080 2081 2550
966 967 2551
2113 2115 2552
2068 2144 2553
2093 2094 2554
2287 2563 2555
329 853 2556
1046 1047 2557
887 1342 2558
889 890 2559
1414 1516 2560
1873 1874 2561
561 2353 2562
1869 2116 2563
1870 1872 2564
541 946 2565
414 853 2566
319 2314 2567
1210 1211 2568
1530 2548 2569
431 2563 2570
433 2074 2571
518 902 2572
1282 1283 2573
1602 1605 2574
337 359 2575
1096 1867 2576
2550 2568 2577
945 1038 2578
737 1230 2579
414 1052 2580
458 459 2581
405 406 2582
975 1196 2583
855 856 2584
1513 2111 2585
494 495 2586
1044 1168 2587
199 1350 2588
352 1658 2589
1045 1242 2590
2156 2157 2591
343 1285 2592
403 404 2593
660 991 2594
440 1656 2595
2080 2083 2596
1159 2553 2597
431 2287 2598
129 152 2599
250 939 2600
230 698 2601
240 1279 2602
892 2071 2603
478 937 2604
1260 2275 2605
505 1200 2606
358 736 2607
440 1188 2608
1044 2567 2609
1044 1271 2610
185 977 2611
1039 1040 2612
1850 1870 2613
694 696 2614
492 493 2615
503 1021 2616
559 2142 2617
1599 1600 2618
1268 1271 2619
1207 2561 2620
1187 2179 2621
1426 2149 2622
698 1657 2623
1797 2711 2624
238 758 2625
1175 1227 2626
1870 2116 2627
9 93 2628
1043 1044 2629
1263 2355 2630
308 340 2631
1565 2155 2632
392 571 2633
777 1871 2634
910 1286 2635
2488 2502 2636
753 858 2637
1219 2074 2638
238 857 2639
436 638 2640
226 1348 2641
2277 2465 2642
1703 1704 2643
264 1868 2644
6 137 2645
185 2522 2646
1175 1228 2647
2034 2459 2648
2470 2471 2649
264 2646 2650
818 1342 2651
358 546 2652
2515 2740 2653
190 404 2654
343 1572 2655
494 496 2656
914 1046 2657
1177 1178 2658
1796 2151 2659
700 1041 2660
916 1046 2661
2487 2492 2662
592 2264 2663
1210 1212 2664
1185 1186 2665
432 2073 2666
1159 2540 2667
561 2464 2668
675 1863 2669
1254 1892 2670
253 255 2671
235 2469 2672
854 1053 2673
200 1006 2674
431 892 2675
852 974 2676
916 1047 2677
1830 1831 2678
1369 2284 2679
971 973 2680
1529 2667 2681
226 449 2682
459 1882 2683
1513 2112 2684
19 51 2685
414 855 2686
490 1187 2687
541 850 2688
373 2494 2689
1260 2355 2690
1875 2109 2691
19 421 2692
740 1432 2693
951 1266 2694
1096 1240 2695
442 1478 2696
936 937 2697
1051 1052 2698
2113 2114 2699
1184 1188 2700
2082 2083 2701
2137 2138 2702
199 1352 2703
1529 1797 2704
2100 2103 2705
659 1366 2706
1159 2554 2707
1529 1530 2708
297 861 2709
460 1032 2710
1016 1018 2711
915 1047 2712
854 860 2713
951 1313 2714
571 2176 2715
1313 1314 2716
112 2393 2717
468 469 2718
541 2522 2719
1012 1016 2720
2097 2103 2721
406 2569 2722
1229 2280 2723
1268 2550 2724
374 926 2725
618 878 2726
2073 2074 2727
303 2603 2728
592 2712 2729
503 598 2730
112 2493 2731
440 1185 2732
253 936 2733
1652 1863 2734
712 2566 2735
1043 1168 2736
253 2478 2737
788 2487 2738
397 1032 2739
374 517 2740
1044 2568 2741
335 1279 2742
500 1026 2743
1797 2133 2744
186 397 2745
407 409 2746
1184 2179 2747
541 1040 2748
1513 1514 2749
255 1179 2750
238 452 2751
250 936 2752
971 972 2753
1047 1048 2754
1278 1279 2755
492 1056 2756
916 917 2757
937 2477 2758
29 121 2759
400 404 2760
1228 2685 2761
1156 1157 2762
514 1212 2763
922 2344 2764
1287 1289 2765
185 944 2766
645 2646 2767
1024 1025 2768
112 149 2769
515 1213 2770
915 1046 2771
1875 2108 2772
852 975 2773
308 971 2774
432 1219 2775
659 2000 2776
1514 2112 2777
185 946 2778
2083 2084 2779
498 1883 2780
826 1043 2781
442 2627 2782
1703 2090 2783
250 255 2784
255 936 2785
273 1062 2786
1774 2305 2787
12 103 2788
404 491 2789
854 855 2790
129 603 2791
1044 2550 2792
2118 2345 2793
930 1214 2794
554 896 2795
2098 2103 2796
1832 1835 2797
1879 2137 2798
1885 1886 2799
855 1053 2800
962 1214 2801
358 1699 2802
433 1215 2803
1268 2568 2804
18 53 2805
1046 1049 2806
1602 2689 2807
72 305 2808
951 1314 2809
492 1192 2810
406 2119 2811
1220 1221 2812
2097 2102 2813
1184 1187 2814
1527 2543 2815
740 777 2816
916 1049 2817
1048 1049 2818
1566 1569 2819
222 1360 2820
1924 2560 2821
492 1057 2822
381 548 2823
876 880 2824
1881 2418 2825
358 1280 2826
541 1041 2827
222 1358 2828
95 96 2829
12 35 2830
1526 1527 2831
1605 2689 2832
882 930 2833
859 860 2834
208 1514 2835
252 1220 2836
661 1061 2837
72 74 2838
440 1184 2839
1569 2117 2840
252 936 2841
432 1215 2842
512 1465 2843
629 1301 2844
1598 1600 2845
1240 1867 2846
1876 2108 2847
194 1866 2848
372 2104 2849
856 1053 2850
2080 2082 2851
1211 1212 2852
414 648 2853
541 2622 2854
194 1865 2855
460 1112 2856
818 1569 2857
914 1047 2858
1038 1042 2859
503 1024 2860
343 1284 2861
435 638 2862
860 1421 2863
518 904 2864
548 1885 2865
914 1049 2866
2086 2090 2867
352 846 2868
208 2112 2869
2087 2090 2870
536 974 2871
141 1699 2872
974 975 2873
916 1048 2874
303 2075 2875
404 2122 2876
18 19 2877
1872 2116 2878
1875 2107 2879
988 1182 2880
2099 2103 2881
1514 2111 2882
432 2074 2883
654 1030 2884
412 1369 2885
2305 2595 2886
308 2409 2887
2108 2109 2888
2080 2084 2889
54 74 2890
261 2489 2891
352 1357 2892
945 1039 2893
876 879 2894
914 1048 2895
1565 2156 2896
141 358 2897
1046 1048 2898
255 939 2899
481 1302 2900
503 1491 2901
2098 2102 2902
403 499 2903
206 1193 2904
215 1011 2905
373 730 2906
96 107 2907
373 1530 2908
696 1500 2909
2248 2249 2910
914 916 2911
695 2159 2912
659 1010 2913
914 2457 2914
541 782 2915
1604 2689 2916
853 854 2917
349 665 2918
414 1050 2919
1047 1049 2920
1774 2595 2921
303 2518 2922
1100 2320 2923
308 767 2924
970 1063 2925
244 2114 2926
1774 2135 2927
305 2603 2928
517 903 2929
1875 1878 2930
500 1024 2931
372 568 2932
431 1472 2933
1292 2099 2934
910 2325 2935
877 878 2936
1704 1705 2937
261 2547 2938
541 944 2939
2047 2049 2940
297 859 2941
253 939 2942
696 873 2943
696 1268 2944
19 109 2945
498 2455 2946
914 2524 2947
409 1564 2948
358 545 2949
308 2309 2950
559 2433 2951
305 2579 2952
915 916 2953
1012 1019 2954
244 2115 2955
414 856 2956
498 652 2957
640 2692 2958
9 61 2959
2579 2603 2960
481 1366 2961
2173 2557 2962
492 1707 2963
2114 2115 2964
592 695 2965
1029 1361 2966
51 52 2967
344 846 2968
915 1048 2969
199 1353 2970
262 1587 2971
592 1019 2972
1070 1369 2973
1157 1503 2974
262 1221 2975
481 2251 2976
1600 2180 2977
541 2621 2978
755 1214 2979
431 831 2980
1018 2078 2981
1525 1526 2982
186 1817 2983
248 1266 2984
2111 2112 2985
250 252 2986
481 2322 2987
710 712 2988
733 1199 2989
818 976 2990
896 977 2991
937 2478 2992
252 255 2993
193 1066 2994
561 2718 2995
1566 2117 2996
185 2424 2997
428 1297 2998
536 975 2999
2135 2595 3000
500 1021 3001
718 1409 3002
1850 2116 3003
238 451 3004
253 1173 3005
253 1179 3006
1001 2336 3007
498 544 3008
561 1146 3009
1704 2086 3010
1891 2248 3011
404 1522 3012
500 598 3013
1065 1066 3014
193 2138 3015
1050 1051 3016
1600 2312 3017
2082 2084 3018
433 1217 3019
914 915 3020
2107 2108 3021
2349 2350 3022
246 249 3023
303 2579 3024
253 1180 3025
490 1769 3026
490 2350 3027
972 973 3028
737 1231 3029
823 900 3030
478 2478 3031
2107 2109 3032
2135 2305 3033
223 755 3034
250 253 3035
255 1180 3036
87 2246 3037
1013 1018 3038
193 2137 3039
554 977 3040
1306 1307 3041
1216 1219 3042
1292 2098 3043
203 204 3044
1039 1042 3045
598 1023 3046
853 855 3047
953 954 3048
404 1056 3049
1039 1041 3050
6 140 3051
541 2181 3052
698 1301 3053
127 129 3054
1260 1263 3055
351 639 3056
1587 1811 3057
442 2038 3058
503 1026 3059
1040 1042 3060
499 1209 3061
1100 1408 3062
2000 2432 3063
1292 2096 3064
208 2111 3065
125 2380 3066
498 1884 3067
1370 1371 3068
344 1357 3069
440 816 3070
1261 2355 3071
1186 1187 3072
1028 1029 3073
223 224 3074
541 2424 3075
2173 2681 3076
394 395 3077
1267 2506 3078
966 970 3079
1067 2137 3080
518 752 3081
914 1346 3082
1012 2077 3083
516 517 3084
1703 2087 3085
648 1050 3086
253 2163 3087
253 2477 3088
1217 1219 3089
1750 2264 3090
1184 1185 3091
497 498 3092
541 1592 3093
1013 1016 3094
2305 2596 3095
548 1886 3096
498 2480 3097
1157 1786 3098
1348 1349 3099
1525 1527 3100
1774 2596 3101
344 1658 3102
696 1044 3103
919 920 3104
1014 1019 3105
1486 2250 3106
469 1363 3107
853 1053 3108
1012 1014 3109
266 409 3110
498 1336 3111
1038 1041 3112
1426 2150 3113
2034 2035 3114
517 902 3115
238 332 3116
238 273 3117
478 2477 3118
592 929 3119
250 1173 3120
561 1435 3121
659 2251 3122
2034 2036 3123
186 2076 3124
700 1292 3125
403 1522 3126
29 61 3127
2086 2087 3128
1426 1926 3129
308 677 3130
826 1168 3131
185 850 3132
433 1216 3133
1292 2100 3134
108 181 3135
404 1570 3136
695 1295 3137
372 569 3138
1418 1419 3139
343 645 3140
598 1024 3141
659 2432 3142
752 858 3143
1227 1228 3144
1769 1770 3145
273 758 3146
75 503 3147
238 354 3148
250 2163 3149
252 939 3150
358 1348 3151
317 318 3152
909 910 3153
1019 2077 3154
190 2122 3155
1029 1030 3156
929 930 3157
54 72 3158
224 755 3159
712 2411 3160
2163 2536 3161
1811 2184 3162
278 1332 3163
915 917 3164
915 1049 3165
1024 1026 3166
2163 2164 3167
329 2131 3168
967 1506 3169
752 753 3170
443 2517 3171
920 921 3172
404 1700 3173
913 916 3174
414 1051 3175
350 414 3176
1361 1362 3177
752 905 3178
854 856 3179
2019 2600 3180
152 1509 3181
134 172 3182
358 770 3183
305 2518 3184
478 1533 3185
740 1433 3186
2153 2154 3187
1236 1238 3188
2595 2596 3189
1012 1013 3190
75 1025 3191
252 1221 3192
945 1040 3193
2505 2523 3194
541 1042 3195
494 816 3196
1013 1014 3197
19 1201 3198
861 2253 3199
905 2079 3200
1233 1236 3201
1023 1026 3202
349 494 3203
54 73 3204
96 1515 3205
645 965 3206
433 1218 3207
871 872 3208
6 151 3209
478 559 3210
1003 2069 3211
698 1194 3212
913 2524 3213
493 1570 3214
2339 2525 3215
193 1067 3216
352 2555 3217
373 1083 3218
412 893 3219
303 305 3220
1029 1362 3221
349 350 3222
377 628 3223
698 1251 3224
1238 1580 3225
193 1065 3226
303 304 3227
305 2075 3228
329 2132 3229
1013 2077 3230
811 1804 3231
308 823 3232
2332 2537 3233
255 2163 3234
922 2345 3235
186 1857 3236
377 1411 3237
782 1040 3238
2149 2150 3239
498 1208 3240
1156 1611 3241
758 874 3242
1018 1019 3243
1053 1520 3244
1156 1610 3245
340 971 3246
352 847 3247
1224 1225 3248
893 2071 3249
1268 1500 3250
273 759 3251
382 1213 3252
518 903 3253
108 109 3254
372 1074 3255
1486 1807 3256
1656 1714 3257
247 249 3258
2096 2098 3259
1263 2521 3260
773 1225 3261
1815 2473 3262
1034 1240 3263
204 1206 3264
656 2251 3265
252 262 3266
1040 1041 3267
324 326 3268
914 917 3269
503 2694 3270
1067 2138 3271
1028 1030 3272
32 2326 3273
1106 2472 3274
157 373 3275
400 403 3276
1426 2597 3277
2096 2099 3278
253 2536 3279
411 971 3280
659 2278 3281
2152 2153 3282
659 1302 3283
429 696 3284
1182 1565 3285
1066 1067 3286
2135 2596 3287
794 1224 3288
695 2158 3289
238 759 3290
476 1371 3291
1014 1018 3292
541 943 3293
2180 2312 3294
329 2127 3295
752 2079 3296
1608 1610 3297
1703 1705 3298
2096 2100 3299
598 1025 3300
255 937 3301
1186 1189 3302
193 1267 3303
72 73 3304
603 604 3305
215 351 3306
476 503 3307
739 740 3308
1139 2561 3309
2262 2263 3310
478 816 3311
222 1359 3312
592 1409 3313
898 968 3314
358 1349 3315
403 1056 3316
498 1027 3317
598 1021 3318
2187 2324 3319
278 1553 3320
432 1216 3321
1096 1239 3322
262 1556 3323
603 605 3324
1288 1289 3325
421 2208 3326
229 809 3327
1926 2150 3328
229 428 3329
1034 1348 3330
308 2285 3331
1600 2508 3332
937 2258 3333
255 2164 3334
1070 1074 3335
213 238 3336
318 509 3337
351 1377 3338
1350 1351 3339
73 74 3340
1302 1303 3341
774 777 3342
1117 2155 3343
356 373 3344
2485 2486 3345
2019 2339 3346
442 1928 3347
2601 2602 3348
108 134 3349
831 1472 3350
937 2260 3351
1351 1352 3352
1028 1924 3353
920 1256 3354
710 711 3355
1815 2637 3356
2139 2140 3357
405 2569 3358
592 2348 3359
648 1051 3360
912 1809 3361
1980 2533 3362
1369 2145 3363
276 278 3364
1070 1714 3365
1926 2597 3366
2099 2100 3367
6 7 3368
273 332 3369
914 1305 3370
937 2259 3371
344 847 3372
1263 1505 3373
1592 2621 3374
733 1198 3375
967 970 3376
343 1959 3377
561 2245 3378
1115 1980 3379
2247 2248 3380
213 273 3381
351 1011 3382
603 2669 3383
823 899 3384
1236 1237 3385
773 1224 3386
947 948 3387
64 1853 3388
223 1214 3389
1017 1019 3390
1815 2635 3391
2098 2100 3392
332 338 3393
1703 2086 3394
350 761 3395
2382 2635 3396
913 914 3397
329 1053 3398
592 1808 3399
18 1201 3400
404 1707 3401
442 1714 3402
253 2258 3403
966 1506 3404
399 473 3405
1021 1026 3406
432 1217 3407
440 1186 3408
2034 2037 3409
2339 2600 3410
362 1236 3411
273 338 3412
403 1057 3413
603 1299 3414
1482 1656 3415
2424 2522 3416
1041 1042 3417
1224 1226 3418
2098 2099 3419
442 906 3420
1119 2106 3421
1225 1226 3422
253 2164 3423
404 493 3424
382 1212 3425
816 1524 3426
262 1555 3427
344 2555 3428
1354 2116 3429
898 1467 3430
397 2076 3431
559 2434 3432
1254 2338 3433
134 181 3434
2138 2723 3435
186 1162 3436
38 1951 3437
349 414 3438
397 1162 3439
490 816 3440
2000 2136 3441
648 1052 3442
329 2129 3443
945 1041 3444
1158 1159 3445
2131 2132 3446
1610 1611 3447
1261 1263 3448
659 2187 3449
478 2376 3450
967 1507 3451
404 1057 3452
517 901 3453
1294 2423 3454
1018 2077 3455
398 399 3456
659 2324 3457
1608 1611 3458
220 222 3459
318 2257 3460
1260 1262 3461
329 2123 3462
71 122 3463
129 153 3464
248 951 3465
1366 2069 3466
61 93 3467
238 368 3468
1499 1500 3469
392 2176 3470
185 945 3471
32 255 3472
100 101 3473
397 1269 3474
696 1498 3475
217 222 3476
2490 2491 3477
238 800 3478
490 2273 3479
224 1214 3480
392 1354 3481
652 1027 3482
329 2130 3483
253 1294 3484
1928 2153 3485
204 1204 3486
255 2258 3487
246 247 3488
758 1226 3489
229 1298 3490
255 2536 3491
758 1225 3492
1025 1026 3493
264 1904 3494
659 2136 3495
19 52 3496
1162 1269 3497
392 681 3498
1034 2428 3499
1212 1213 3500
1214 1277 3501
433 1789 3502
2167 2168 3503
2280 2358 3504
1012 1018 3505
920 1880 3506
1044 1500 3507
859 2253 3508
794 1225 3509
72 110 3510
592 1750 3511
1018 2337 3512
349 1053 3513
503 1209 3514
2126 2131 3515
19 2208 3516
966 1507 3517
443 1504 3518
773 1226 3519
1065 1067 3520
2258 2259 3521
2150 2597 3522
252 1560 3523
352 1475 3524
503 1344 3525
440 1533 3526
1263 1947 3527
1478 2627 3528
186 1269 3529
75 1024 3530
1022 1026 3531
1500 2378 3532
503 2252 3533
1287 1288 3534
414 1520 3535
1805 2148 3536
35 103 3537
2152 2154 3538
652 713 3539
308 582 3540
352 1355 3541
794 1226 3542
1928 2154 3543
324 934 3544
696 1497 3545
758 794 3546
2382 2637 3547
397 1857 3548
914 1347 3549
777 924 3550
1215 1217 3551
2171 2173 3552
392 2175 3553
853 856 3554
1434 2418 3555
255 1294 3556
308 2286 3557
932 933 3558
1198 1199 3559
2171 2172 3560
740 1291 3561
773 794 3562
1261 2521 3563
1070 1656 3564
758 1224 3565
2382 2636 3566
1491 1493 3567
2129 2131 3568
2473 2637 3569
238 340 3570
592 2160 3571
252 253 3572
2126 2132 3573
389 572 3574
1233 1238 3575
913 917 3576
459 940 3577
1234 1236 3578
826 2396 3579
913 915 3580
254 2691 3581
433 2542 3582
2510 2512 3583
1348 2336 3584
442 1482 3585
603 606 3586
481 1836 3587
253 937 3588
318 2147 3589
329 2126 3590
48 96 3591
478 2433 3592
112 114 3593
412 1656 3594
599 2490 3595
652 1208 3596
1215 1218 3597
304 305 3598
2126 2127 3599
1235 1236 3600
358 1034 3601
1482 1714 3602
659 780 3603
1053 1518 3604
1260 1505 3605
1184 1189 3606
2124 2131 3607
392 2174 3608
412 1070 3609
1262 1263 3610
127 153 3611
252 1173 3612
443 1925 3613
789 790 3614
1216 1217 3615
1354 1869 3616
27 30 3617
101 102 3618
1233 1235 3619
516 901 3620
945 1042 3621
1216 1218 3622
899 900 3623
1506 1507 3624
53 421 3625
392 2011 3626
2124 2126 3627
934 935 3628
1260 2521 3629
134 180 3630
2160 2348 3631
818 1568 3632
496 761 3633
343 964 3634
758 773 3635
2473 2636 3636
901 902 3637
1359 1360 3638
308 1277 3639
1237 1238 3640
1815 2382 3641
2509 2510 3642
516 902 3643
324 935 3644
945 946 3645
1274 1275 3646
592 2161 3647
2160 2161 3648
1147 1377 3649
950 951 3650
213 952 3651
403 1707 3652
1217 1218 3653
503 1343 3654
2126 2129 3655
253 2260 3656
2194 2228 3657
204 1205 3658
628 1411 3659
66 68 3660
770 1805 3661
2635 2637 3662
344 1475 3663
2509 2512 3664
2128 2131 3665
1044 1268 3666
1232 1236 3667
1343 1344 3668
1434 1881 3669
308 1276 3670
203 1204 3671
329 2125 3672
1811 2605 3673
290 1064 3674
343 2590 3675
344 1355 3676
404 1192 3677
66 69 3678
388 393 3679
2126 2128 3680
2124 2127 3681
975 1544 3682
995 2648 3683
329 2128 3684
253 254 3685
459 1404 3686
943 2522 3687
1557 1595 3688
2473 2635 3689
1233 1237 3690
2352 2731 3691
572 681 3692
659 1742 3693
1811 1936 3694
383 384 3695
404 410 3696
476 1370 3697
1234 1237 3698
2285 2286 3699
944 945 3700
66 67 3701
652 1223 3702
323 324 3703
1354 1870 3704
2173 2263 3705
2382 2473 3706
498 1223 3707
1230 1231 3708
1500 1502 3709
387 1263 3710
898 1197 3711
1997 2505 3712
1691 2640 3713
2124 2132 3714
1014 2077 3715
1533 2012 3716
412 442 3717
2124 2130 3718
2344 2629 3719
1598 1599 3720
1815 2636 3721
770 2148 3722
1044 2378 3723
238 690 3724
901 903 3725
1215 1216 3726
2636 2637 3727
362 1237 3728
2129 2132 3729
362 1238 3730
134 135 3731
2127 2131 3732
1068 1805 3733
329 2124 3734
2038 2627 3735
399 896 3736
1605 1702 3737
74 75 3738
1928 2152 3739
2011 2174 3740
1235 1237 3741
2161 2348 3742
323 326 3743
397 2516 3744
759 800 3745
2275 2331 3746
1556 1595 3747
2128 2129 3748
1021 1024 3749
263 1904 3750
166 167 3751
65 66 3752
1034 2651 3753
1019 2337 3754
360 1710 3755
431 893 3756
490 2354 3757
2512 2527 3758
451 452 3759
2124 2129 3760
2512 2526 3761
1556 1557 3762
349 853 3763
1003 1366 3764
1500 2379 3765
352 1356 3766
404 576 3767
77 78 3768
180 1752 3769
2130 2131 3770
19 118 3771
918 2512 3772
2172 2263 3773
186 1856 3774
1232 1235 3775
1234 1238 3776
975 2730 3777
373 1797 3778
1232 1234 3779
494 1184 3780
1235 1238 3781
2125 2131 3782
1027 1223 3783
481 2278 3784
2011 2175 3785
782 945 3786
912 1808 3787
185 943 3788
1286 2325 3789
468 975 3790
638 2692 3791
740 1292 3792
2127 2132 3793
377 2638 3794
383 385 3795
387 573 3796
898 969 3797
2332 2333 3798
1209 1343 3799
1233 1234 3800
516 903 3801
1742 2324 3802
100 102 3803
397 1031 3804
1808 1809 3805
362 1232 3806
2433 2434 3807
2124 2128 3808
72 1477 3809
1480 1482 3810
75 1021 3811
255 2423 3812
2378 2379 3813
1302 2324 3814
2123 2124 3815
2635 2636 3816
2172 2173 3817
296 861 3818
1232 1233 3819
780 2187 3820
362 1234 3821
770 1699 3822
1068 2148 3823
1115 2533 3824
258 1477 3825
278 1552 3826
1117 2156 3827
1158 1517 3828
362 1235 3829
2136 2432 3830
1232 1238 3831
860 1957 3832
2130 2132 3833
2173 2262 3834
326 935 3835
412 1482 3836
415 853 3837
572 1354 3838
1232 1237 3839
2124 2125 3840
352 2045 3841
2125 2130 3842
2127 2129 3843
1524 1533 3844
659 1836 3845
75 2352 3846
918 921 3847
75 500 3848
394 396 3849
2125 2126 3850
816 1186 3851
780 2324 3852
1358 1360 3853
229 359 3854
1234 1235 3855
918 920 3856
582 677 3857
2127 2128 3858
414 1490 3859
2129 2130 3860
213 309 3861
2123 2131 3862
2128 2132 3863
1276 1277 3864
67 68 3865
1350 1353 3866
1352 1353 3867
362 1233 3868
902 903 3869
135 178 3870
2125 2132 3871
403 1192 3872
442 1070 3873
440 1471 3874
478 2485 3875
2526 2527 3876
2126 2130 3877
1302 2187 3878
127 152 3879
1023 1053 3880
253 2423 3881
1026 2694 3882
260 1477 3883
1493 2252 3884
19 77 3885
1417 1419 3886
1119 1787 3887
360 364 3888
2259 2260 3889
2127 2130 3890
405 1551 3891
909 2325 3892
76 78 3893
65 68 3894
326 934 3895
19 78 3896
24 1650 3897
780 1302 3898
694 1295 3899
296 859 3900
72 75 3901
229 1297 3902
414 1518 3903
2125 2127 3904
96 104 3905
252 1923 3906
690 759 3907
761 1549 3908
263 264 3909
1303 2251 3910
770 1068 3911
2123 2129 3912
1604 1702 3913
128 129 3914
2123 2126 3915
284 473 3916
414 415 3917
478 2307 3918
365 553 3919
1044 2379 3920
2244 2245 3921
351 1376 3922
1537 1539 3923
503 1493 3924
1302 2251 3925
2128 2130 3926
1352 1485 3927
2123 2125 3928
408 409 3929
873 1500 3930
2123 2128 3931
65 67 3932
785 860 3933
308 1214 3934
1832 1834 3935
344 1356 3936
54 75 3937
75 598 3938
2511 2512 3939
2125 2129 3940
2333 2537 3941
1277 1545 3942
2123 2127 3943
218 222 3944
1489 1490 3945
2125 2128 3946
2268 2269 3947
920 2178 3948
2258 2260 3949
365 1710 3950
2123 2132 3951
308 2625 3952
41 80 3953
860 2253 3954
260 261 3955
561 2244 3956
1936 2605 3957
478 2486 3958
262 1557 3959
2160 2347 3960
65 69 3961
360 1709 3962
309 423 3963
1487 1488 3964
2011 2282 3965
73 75 3966
598 2694 3967
1260 1261 3968
1214 1494 3969
397 1077 3970
1833 1835 3971
68 69 3972
677 2692 3973
599 2491 3974
1175 2323 3975
909 1286 3976
308 1494 3977
561 2639 3978
383 386 3979
700 2529 3980
559 2053 3981
24 931 3982
599 2546 3983
259 1477 3984
1354 2011 3985
1366 1834 3986
613 2321 3987
2312 2508 3988
255 2259 3989
1475 1476 3990
937 2012 3991
412 1366 3992
1143 1187 3993
253 2259 3994
478 1184 3995
795 2262 3996
255 2260 3997
410 492 3998
761 2360 3999
1350 1485 4000
38 94 4001
1709 1710 4002
1997 2506 4003
795 2172 4004
255 2691 4005
403 1700 4006
893 1713 4007
2123 2130 4008
387 443 4009
1706 2354 4010
1555 1556 4011
19 76 4012
648 649 4013
1070 1482 4014
1114 1115 4015
245 1095 4016
440 1524 4017
1209 1344 4018
49 154 4019
1300 1845 4020
76 77 4021
914 2030 4022
344 2045 4023
1478 2038 4024
443 1263 4025
853 1490 4026
250 318 4027
2266 2269 4028
360 1708 4029
1302 1742 4030
254 255 4031
308 804 4032
387 388 4033
204 1342 4034
795 2171 4035
1349 2336 4036
918 2510 4037
920 2509 4038
968 969 4039
365 1708 4040
966 1977 4041
2341 2342 4042
598 1026 4043
2265 2269 4044
1565 1738 4045
503 1492 4046
2328 2330 4047
127 128 4048
238 760 4049
2329 2330 4050
220 1360 4051
1352 2356 4052
1538 1539 4053
918 2509 4054
2328 2329 4055
496 1549 4056
459 1400 4057
1527 1931 4058
460 1111 4059
343 965 4060
599 636 4061
1601 1604 4062
344 352 4063
412 1714 4064
816 1470 4065
1302 2278 4066
99 102 4067
1522 1707 4068
67 69 4069
1184 1524 4070
1202 1203 4071
1358 1359 4072
1527 2111 4073
1482 1483 4074
951 1852 4075
49 155 4076
1845 1846 4077
1856 1857 4078
1342 1537 4079
383 1018 4080
795 2263 4081
19 124 4082
943 944 4083
1471 1524 4084
541 2058 4085
711 712 4086
99 101 4087
1405 1406 4088
1480 1481 4089
221 377 4090
403 410 4091
920 2510 4092
1366 1836 4093
898 1484 4094
49 749 4095
2327 2330 4096
366 367 4097
261 1477 4098
559 2059 4099
1187 1470 4100
1601 1605 4101
1742 2187 4102
2035 2036 4103
2327 2328 4104
478 2434 4105
109 1511 4106
128 153 4107
2341 2343 4108
481 2187 4109
350 853 4110
1056 1057 4111
853 1520 4112
309 735 4113
313 553 4114
1277 1494 4115
2267 2269 4116
481 1920 4117
592 2347 4118
1151 2008 4119
1261 1947 4120
1839 1841 4121
1031 1345 4122
365 1709 4123
1151 2335 4124
861 1436 4125
389 681 4126
112 148 4127
384 385 4128
248 249 4129
1300 1846 4130
1340 1341 4131
141 770 4132
1100 2427 4133
1481 1482 4134
2193 2269 4135
109 118 4136
1498 1500 4137
152 153 4138
758 800 4139
219 222 4140
1117 1565 4141
352 1372 4142
218 1360 4143
778 924 4144
2050 2051 4145
700 1716 4146
2170 2173 4147
2342 2343 4148
19 49 4149
368 758 4150
109 119 4151
1708 1710 4152
2228 2269 4153
362 2198 4154
1708 1709 4155
700 2531 4156
1478 1928 4157
496 2360 4158
221 2638 4159
494 1470 4160
1375 1517 4161
352 417 4162
2273 2354 4163
349 1372 4164
1354 2174 4165
298 1844 4166
354 758 4167
75 1026 4168
2161 2347 4169
302 861 4170
366 369 4171
1305 2030 4172
397 1345 4173
1068 1274 4174
1447 1495 4175
264 964 4176
19 119 4177
561 2023 4178
309 927 4179
478 2012 4180
414 1489 4181
700 2528 4182
227 229 4183
604 605 4184
481 2324 4185
412 1527 4186
559 976 4187
1340 1342 4188
167 169 4189
2266 2268 4190
364 1710 4191
853 1518 4192
1350 1352 4193
604 2669 4194
1894 2439 4195
694 1500 4196
1366 1368 4197
816 1143 4198
1260 1947 4199
561 2538 4200
19 120 4201
219 1360 4202
481 1973 4203
253 2691 4204
1481 1483 4205
83 381 4206
364 1709 4207
696 1501 4208
19 2507 4209
72 258 4210
490 2349 4211
1420 2642 4212
387 392 4213
774 778 4214
2228 2268 4215
599 1894 4216
1928 2640 4217
190 192 4218
1302 1366 4219
1555 1557 4220
1267 1997 4221
220 1359 4222
943 945 4223
2265 2268 4224
599 2439 4225
412 2145 4226
309 1479 4227
1047 1405 4228
344 1372 4229
168 169 4230
349 1520 4231
354 759 4232
1691 1928 4233
995 2647 4234
296 297 4235
313 1710 4236
1354 2175 4237
402 826 4238
218 220 4239
220 1358 4240
1438 2008 4241
1567 1568 4242
412 1481 4243
1438 2334 4244
189 190 4245
860 1554 4246
1519 1844 4247
313 1709 4248
218 1358 4249
252 254 4250
64 115 4251
459 1474 4252
1302 1836 4253
19 116 4254
1840 1841 4255
238 1508 4256
606 2669 4257
387 572 4258
29 80 4259
850 943 4260
219 220 4261
309 952 4262
344 417 4263
429 1044 4264
19 1511 4265
1342 1539 4266
1917 1921 4267
2340 2342 4268
109 120 4269
1832 1833 4270
2327 2329 4271
873 1044 4272
259 260 4273
443 1260 4274
415 1489 4275
1026 1492 4276
2023 2639 4277
384 386 4278
2228 2266 4279
2436 2437 4280
218 1359 4281
35 82 4282
128 152 4283
412 1368 4284
1184 1186 4285
308 2626 4286
761 762 4287
155 749 4288
384 1018 4289
1713 2304 4290
1263 1504 4291
1485 2356 4292
1804 1843 4293
580 1979 4294
816 2012 4295
1408 2320 4296
1366 1832 4297
2347 2348 4298
372 1070 4299
1047 1406 4300
2340 2341 4301
29 41 4302
2340 2343 4303
258 261 4304
818 1567 4305
2334 2335 4306
229 441 4307
1354 2282 4308
1537 1538 4309
2352 2672 4310
1149 1844 4311
1480 1483 4312
313 1708 4313
1928 2619 4314
1032 1466 4315
2228 2267 4316
1417 1418 4317
1794 1796 4318
2193 2266 4319
582 2286 4320
258 259 4321
1497 1500 4322
1470 1533 4323
229 1312 4324
297 1436 4325
308 2624 4326
349 1518 4327
1023 1518 4328
1117 2601 4329
1526 1931 4330
648 2341 4331
1044 1501 4332
72 259 4333
468 1544 4334
2267 2268 4335
397 1856 4336
1186 1471 4337
1143 1533 4338
193 1512 4339
219 1359 4340
1839 1840 4341
920 2512 4342
1117 2327 4343
1833 1834 4344
1261 2517 4345
1342 1538 4346
349 352 4347
2193 2268 4348
344 349 4349
1366 1835 4350
1113 1115 4351
1119 2519 4352
758 759 4353
964 1447 4354
352 1476 4355
700 2532 4356
2336 2651 4357
247 248 4358
342 343 4359
411 677 4360
308 411 4361
412 1367 4362
207 1542 4363
1350 2356 4364
114 115 4365
780 1742 4366
191 1937 4367
219 1358 4368
1517 2275 4369
1409 2630 4370
481 1840 4371
580 2022 4372
412 1480 4373
440 478 4374
119 1511 4375
481 780 4376
2265 2267 4377
2344 2345 4378
298 1519 4379
440 1523 4380
964 1495 4381
964 1559 4382
2193 2228 4383
2265 2266 4384
118 1511 4385
481 1841 4386
201 204 4387
1151 1438 4388
1227 2323 4389
481 1842 4390
298 1149 4391
1500 1501 4392
33 35 4393
1523 1524 4394
2035 2037 4395
964 1496 4396
1518 1520 4397
362 363 4398
604 606 4399
1117 2602 4400
1849 1851 4401
340 368 4402
1504 2517 4403
186 2516 4404
118 120 4405
354 418 4406
1841 1842 4407
2193 2265 4408
360 365 4409
364 1708 4410
853 1519 4411
1438 2335 4412
943 2424 4413
1979 2022 4414
412 1715 4415
1550 1551 4416
424 427 4417
1400 1404 4418
385 386 4419
1159 1517 4420
2266 2267 4421
1044 1497 4422
19 2028 4423
2228 2265 4424
264 1559 4425
481 1742 4426
1023 1520 4427
648 2343 4428
964 2005 4429
690 758 4430
1032 1111 4431
1184 1470 4432
648 2342 4433
120 1511 4434
217 220 4435
218 219 4436
374 377 4437
580 1981 4438
2036 2037 4439
598 1492 4440
906 1478 4441
217 218 4442
1979 1981 4443
360 363 4444
1622 2185 4445
313 360 4446
350 762 4447
412 2541 4448
368 759 4449
859 1436 4450
873 1268 4451
1447 1496 4452
1839 1842 4453
194 1512 4454
1261 1504 4455
481 1839 4456
1292 2532 4457
246 248 4458
1113 1114 4459
1184 1469 4460
1920 1973 4461
2352 2671 4462
344 1476 4463
853 1023 4464
2173 2534 4465
258 260 4466
937 1184 4467
2193 2267 4468
119 120 4469
351 1147 4470
1263 2517 4471
690 760 4472
1341 1342 4473
1920 1921 4474
2174 2175 4475
118 119 4476
967 1977 4477
481 1919 4478
1151 2334 4479
1260 2517 4480
1495 1496 4481
302 853 4482
415 1490 4483
854 1993 4484
605 606 4485
478 2425 4486
207 1541 4487
412 2195 4488
228 229 4489
364 365 4490
412 1483 4491
931 1783 4492
2320 2427 4493
1981 2022 4494
648 2340 4495
33 103 4496
1486 1488 4497
1034 2336 4498
1919 1921 4499
82 103 4500
1268 1497 4501
2023 2538 4502
1117 2329 4503
1184 1471 4504
440 1470 4505
313 364 4506
259 261 4507
2059 2142 4508
690 1508 4509
1032 1112 4510
816 1471 4511
795 2170 4512
1919 1973 4513
33 82 4514
196 200 4515
372 373 4516
2539 2540 4517
1400 1474 4518
1504 1925 4519
387 393 4520
795 1854 4521
727 1203 4522
1117 2330 4523
297 1449 4524
321 354 4525
1143 1184 4526
1001 1034 4527
1044 1502 4528
427 1712 4529
478 727 4530
861 1449 4531
1112 1466 4532
1840 1842 4533
313 365 4534
967 1945 4535
1517 2331 4536
387 681 4537
700 2530 4538
1186 1469 4539
469 1334 4540
797 2173 4541
1117 2328 4542
217 219 4543
478 1524 4544
387 1260 4545
389 392 4546
193 194 4547
349 416 4548
1552 1553 4549
1184 2012 4550
72 260 4551
712 1971 4552
412 2540 4553
345 351 4554
340 758 4555
727 1202 4556
19 749 4557
2647 2648 4558
795 2173 4559
1541 1542 4560
376 2703 4561
740 2529 4562
296 1449 4563
727 2120 4564
1023 1519 4565
1044 1499 4566
1792 1794 4567
1931 2111 4568
1917 1920 4569
72 261 4570
1292 1716 4571
1792 1796 4572
976 2053 4573
1471 1523 4574
361 363 4575
740 2530 4576
1111 1112 4577
1470 1524 4578
302 859 4579
469 1544 4580
367 369 4581
727 1181 4582
1143 1470 4583
2531 2532 4584
352 414 4585
1111 1466 4586
1143 1524 4587
1486 1487 4588
2528 2532 4589
19 155 4590
313 362 4591
478 1470 4592
231 2430 4593
195 200 4594
1263 1925 4595
427 1071 4596
24 25 4597
967 1944 4598
1366 1833 4599
377 2703 4600
854 1994 4601
1470 2012 4602
873 1497 4603
2053 2059 4604
440 1143 4605
1143 1469 4606
740 2528 4607
740 1716 4608
1184 1523 4609
385 1018 4610
387 2517 4611
853 1449 4612
1408 2427 4613
2028 2507 4614
387 1261 4615
363 364 4616
1469 1470 4617
429 694 4618
191 192 4619
376 427 4620
379 381 4621
760 1508 4622
727 862 4623
1268 1498 4624
360 362 4625
740 2532 4626
740 2531 4627
410 411 4628
1143 2012 4629
1990 2535 4630
1562 1563 4631
370 374 4632
557 1111 4633
873 1501 4634
759 1508 4635
1469 1471 4636
1496 2005 4637
412 1525 4638
283 284 4639
758 1508 4640
694 873 4641
429 1497 4642
427 1804 4643
206 1542 4644
478 1523 4645
424 425 4646
443 1261 4647
374 376 4648
976 2059 4649
202 204 4650
1260 1504 4651
387 1504 4652
557 1112 4653
759 760 4654
1268 1501 4655
2671 2672 4656
727 1470 4657
1990 1991 4658
2529 2532 4659
363 365 4660
362 364 4661
873 1498 4662
189 192 4663
372 375 4664
2624 2625 4665
371 374 4666
758 760 4667
1917 1919 4668
1292 2528 4669
1292 2531 4670
429 1501 4671
2528 2531 4672
1261 1925 4673
1561 1563 4674
2529 2531 4675
231 232 4676
797 1854 4677
1561 1562 4678
373 375 4679
469 975 4680
1292 2529 4681
206 207 4682
412 1526 4683
694 1044 4684
387 1925 4685
795 797 4686
1436 1449 4687
1497 1498 4688
727 1471 4689
1518 1519 4690
694 1268 4691
313 363 4692
937 1533 4693
1925 2517 4694
2530 2531 4695
362 365 4696
859 1449 4697
1498 1502 4698
1526 2111 4699
1919 1920 4700
1143 1186 4701
273 368 4702
376 377 4703
1716 2531 4704
694 1497 4705
1186 1470 4706
190 191 4707
302 1438 4708
411 582 4709
1716 2532 4710
232 2430 4711
1260 1925 4712
309 311 4713
440 727 4714
231 2020 4715
232 2020 4716
405 797 4717
727 1524 4718
1993 1994 4719
366 368 4720
797 1551 4721
284 2121 4722
373 376 4723
373 377 4724
429 1500 4725
1342 1596 4726
478 1471 4727
2530 2532 4728
350 352 4729
167 168 4730
426 427 4731
412 2539 4732
1292 2530 4733
302 2334 4734
1497 1501 4735
2528 2530 4736
727 1523 4737
1499 1502 4738
302 1151 4739
377 427 4740
425 427 4741
727 1533 4742
1498 1499 4743
727 1184 4744
427 2703 4745
1716 2528 4746
1919 2178 4747
1470 1471 4748
328 2631 4749
200 1859 4750
372 376 4751
276 1552 4752
694 1501 4753
302 1023 4754
1546 1548 4755
296 1448 4756
387 389 4757
206 1541 4758
1182 1738 4759
1716 2529 4760
375 376 4761
1044 1498 4762
1143 1471 4763
1920 2178 4764
189 191 4765
296 853 4766
2624 2626 4767
425 426 4768
727 1143 4769
1117 1182 4770
816 937 4771
429 873 4772
1944 1945 4773
2529 2530 4774
308 410 4775
424 426 4776
1470 1523 4777
2528 2529 4778
296 1436 4779
853 1448 4780
284 1617 4781
361 365 4782
344 414 4783
478 1143 4784
411 2626 4785
429 1268 4786
1117 1738 4787
1498 1501 4788
2625 2626 4789
1716 2530 4790
1143 1523 4791
1940 2007 4792
429 1498 4793
694 1498 4794
375 377 4795
1941 2007 4796
94 584 4797
20 24 4798
20 25 4799
412 1478 4800
302 1448 4801
302 1436 4802
372 374 4803
379 380 4804
309 422 4805
313 361 4806
378 381 4807
23 25 4808
1940 2623 4809
22 25 4810
1597 1941 4811
371 373 4812
370 377 4813
380 381 4814
411 2624 4815
374 375 4816
387 391 4817
23 24 4818
201 202 4819
344 350 4820
1547 1548 4821
297 302 4822
1023 1448 4823
1023 1449 4824
1940 1941 4825
370 375 4826
1597 1940 4827
1597 2007 4828
1942 2270 4829
411 2625 4830
296 302 4831
378 379 4832
22 24 4833
275 381 4834
372 377 4835
296 1023 4836
1941 2623 4837
1448 1449 4838
277 378 4839
2196 2620 4840
274 2196 4841
274 2620 4842
370 373 4843
302 1449 4844
390 391 4845
1855 1912 4846
1597 2623 4847
1899 1912 4848
275 378 4849
277 381 4850
373 374 4851
370 371 4852
378 380 4853
22 23 4854
370 376 4855
20 22 4856
1855 1900 4857
277 379 4858
387 390 4859
275 277 4860
1912 1913 4861
275 379 4862
20 23 4863
371 375 4864
1855 1899 4865
1899 1900 4866
277 380 4867
371 377 4868
275 380 4869
371 376 4870
