1006 1768 1
1006 1767 2
1006 1425 3
830 1532 4
1004 1006 5
1835 2448 6
1729 1731 7
911 1282 8
1803 2371 9
2404 2451 10
1729 1732 11
1729 1730 12
1731 1732 13
1729 1733 14
1730 1731 15
2371 2456 16
1731 1733 17
2281 2391 18
829 830 19
844 845 20
829 1532 21
1803 2615 22
1425 1768 23
1803 2456 24
2403 2404 25
423 2313 26
136 1731 27
1281 1282 28
1767 1768 29
2404 2450 30
136 1729 31
1729 1734 32
1732 1733 33
1425 1767 34
2404 2452 35
1282 1390 36
1730 1732 37
1803 2370 38
2403 2451 39
1731 1734 40
1803 2614 41
843 844 42
2371 2599 43
87 1322 44
423 2089 45
2402 2404 46
515 1532 47
2456 2599 48
1282 1389 49
2370 2371 50
1730 1733 51
423 2398 52
1282 1283 53
910 1282 54
1007 2384 55
2449 2456 56
456 504 57
1732 1734 58
1733 1734 59
1084 2391 60
136 1732 61
2617 2618 62
832 2391 63
1803 2599 64
2389 2391 65
423 2659 66
2448 2617 67
515 830 68
86 87 69
1005 1006 70
2399 2407 71
2403 2450 72
1730 1734 73
329 2371 74
2390 2391 75
136 1730 76
1423 1424 77
821 1533 78
2401 2404 79
1803 1848 80
1862 2391 81
1631 1728 82
85 86 83
2407 2442 84
2446 2448 85
374 596 86
85 87 87
87 1331 88
515 829 89
460 1532 90
136 1733 91
53 1004 92
651 844 93
2402 2403 94
2371 2383 95
86 1322 96
843 845 97
1084 2389 98
479 833 99
1631 1727 100
53 1006 101
136 1734 102
898 1064 103
1727 1728 104
2384 2385 105
2398 2659 106
1388 2661 107
2448 2618 108
2456 2616 109
650 651 110
227 442 111
86 1331 112
487 829 113
2389 2390 114
2446 2617 115
85 1322 116
2403 2452 117
651 843 118
1803 2383 119
2446 2618 120
1084 2390 121
728 842 122
728 841 123
748 841 124
460 830 125
2313 2398 126
2313 2659 127
1422 1423 128
2281 2451 129
2371 2616 130
210 374 131
1764 1765 132
487 515 133
2371 2449 134
2451 2452 135
589 1637 136
2357 2451 137
1309 1331 138
101 1803 139
398 399 140
2357 2402 141
1335 2351 142
660 991 143
1584 2658 144
2399 2442 145
2401 2402 146
2357 2404 147
1719 1722 148
805 1244 149
816 821 150
1633 1636 151
86 1311 152
1631 1632 153
1848 2370 154
818 821 155
2450 2452 156
838 839 157
1330 1331 158
101 2370 159
1421 1423 160
1721 1722 161
87 1311 162
506 1008 163
1727 2724 164
2402 2451 165
1007 2385 166
1803 2449 167
460 829 168
2281 2404 169
2281 2450 170
1722 1724 171
1862 2451 172
692 1005 173
696 2384 174
1422 1424 175
1803 2608 176
724 1296 177
728 748 178
967 1532 179
1242 1243 180
651 1735 181
805 806 182
1421 1424 183
644 1722 184
832 2389 185
2401 2403 186
814 817 187
643 1722 188
775 1427 189
1835 2617 190
101 2371 191
188 1020 192
2357 2452 193
505 1338 194
818 1006 195
1719 1724 196
408 1727 197
1803 2609 198
2450 2451 199
651 845 200
690 1726 201
642 1722 202
1383 1535 203
383 1536 204
830 967 205
832 1084 206
1719 1721 207
1721 1724 208
1803 2616 209
643 1723 210
1421 1422 211
643 1719 212
1719 1723 213
2089 2398 214
1720 1722 215
2402 2450 216
1722 1723 217
85 1331 218
1717 1718 219
2089 2313 220
1376 1377 221
2402 2452 222
642 1719 223
1719 1720 224
1848 2369 225
1634 1636 226
748 1577 227
2369 2370 228
101 2369 229
45 986 230
547 818 231
642 1721 232
642 1724 233
689 690 234
1723 1724 235
470 987 236
24 520 237
408 1631 238
813 814 239
838 840 240
1054 2412 241
433 807 242
1245 1246 243
1862 2404 244
479 834 245
642 644 246
832 2390 247
1721 1723 248
266 1727 249
569 1009 250
2089 2659 251
2357 2450 252
644 1721 253
213 835 254
740 777 255
642 1723 256
2357 2403 257
643 1720 258
1642 1643 259
1720 1721 260
810 1637 261
460 967 262
642 1720 263
1330 2368 264
1862 2357 265
2399 2400 266
642 643 267
350 633 268
643 1721 269
2281 2452 270
643 1724 271
886 2481 272
1318 2357 273
15 811 274
329 2456 275
644 1719 276
1309 1310 277
1584 1585 278
1720 1723 279
811 1375 280
1720 1724 281
981 982 282
2400 2407 283
644 1723 284
2281 2401 285
433 805 286
515 2408 287
622 869 288
1318 1388 289
86 2246 290
592 826 291
629 651 292
775 1429 293
821 1184 294
101 1848 295
242 661 296
2357 2401 297
487 2408 298
614 1765 299
1835 2446 300
87 2246 301
629 650 302
1803 2369 303
1635 1636 304
532 1584 305
816 1376 306
596 818 307
981 983 308
199 1862 309
1862 2403 310
351 1377 311
679 1247 312
810 1648 313
2281 2402 314
923 2551 315
1383 1660 316
15 1374 317
156 2097 318
589 1648 319
869 1241 320
1004 2710 321
44 45 322
199 2357 323
266 1631 324
775 1426 325
238 554 326
747 748 327
200 818 328
97 98 329
1765 2612 330
543 886 331
2443 2445 332
2392 2394 333
596 816 334
775 1430 335
437 2369 336
644 1724 337
2444 2445 338
532 982 339
712 1054 340
2371 2714 341
885 886 342
2614 2615 343
1426 1428 344
199 2386 345
2097 2386 346
1387 1388 347
2447 2448 348
816 1377 349
2448 2725 350
199 1387 351
2281 2403 352
1427 1428 353
982 983 354
589 592 355
1432 1433 356
2371 2715 357
505 1339 358
1381 1383 359
829 967 360
2097 2372 361
242 728 362
329 2608 363
815 821 364
45 79 365
1054 2411 366
1432 1764 367
134 135 368
1308 1309 369
1426 1427 370
1637 1725 371
775 1428 372
1835 2618 373
821 2613 374
515 967 375
1862 2450 376
15 98 377
1862 2452 378
233 690 379
1100 1753 380
1381 1382 381
199 2097 382
644 1720 383
2400 2442 384
399 896 385
1717 2382 386
1037 1242 387
2276 2449 388
2415 2416 389
14 554 390
1428 1430 391
808 951 392
543 1526 393
836 1242 394
1718 2382 395
308 638 396
460 515 397
85 1311 398
1648 1725 399
1764 2612 400
447 701 401
1735 2414 402
15 1375 403
2281 2611 404
31 896 405
448 701 406
1253 1298 407
1183 1531 408
1803 2678 409
608 1765 410
696 1007 411
2387 2388 412
264 596 413
1253 1578 414
1380 1383 415
244 675 416
984 1339 417
1298 1578 418
474 1727 419
820 908 420
743 822 421
479 2488 422
199 1388 423
1753 2388 424
125 868 425
134 181 426
506 1002 427
698 1339 428
993 1384 429
532 983 430
1318 1862 431
86 233 432
1428 1429 433
350 635 434
1380 1381 435
592 1637 436
643 1571 437
1333 1335 438
1384 1385 439
1426 1430 440
199 2372 441
492 1533 442
993 995 443
1426 1429 444
993 1385 445
586 1536 446
1246 1307 447
1253 1255 448
408 2724 449
1382 1383 450
740 1432 451
740 1764 452
1803 2610 453
1812 2415 454
440 442 455
994 995 456
589 664 457
2110 2400 458
1245 1307 459
278 827 460
993 994 461
532 981 462
532 1585 463
589 1725 464
1309 1330 465
478 833 466
1753 2387 467
2402 2460 468
893 2374 469
1183 1574 470
134 172 471
910 911 472
1637 1648 473
911 1390 474
1387 2662 475
1735 2413 476
2281 2357 477
2400 2684 478
623 835 479
176 454 480
290 1064 481
1812 2416 482
134 180 483
692 997 484
1338 1339 485
87 233 486
589 1044 487
951 1313 488
2714 2715 489
808 1313 490
898 1197 491
1427 1430 492
437 2744 493
922 2415 494
820 833 495
242 483 496
696 2385 497
589 810 498
135 178 499
643 644 500
266 2724 501
36 45 502
690 980 503
654 658 504
456 2361 505
589 724 506
811 1543 507
27 30 508
470 1086 509
2374 2375 510
808 1314 511
1979 1981 512
1881 1959 513
199 1319 514
1337 1339 515
1296 1637 516
200 1006 517
108 134 518
1036 1242 519
1803 2677 520
1309 1311 521
156 199 522
2665 2684 523
994 1384 524
156 2386 525
176 954 526
2443 2444 527
607 609 528
2101 2103 529
341 1033 530
399 473 531
329 1803 532
543 2397 533
199 2400 534
659 1391 535
672 1461 536
1383 1659 537
125 2380 538
374 989 539
486 1672 540
229 359 541
1052 1643 542
733 1373 543
607 613 544
1391 1756 545
1572 1959 546
479 508 547
264 1184 548
479 607 549
1388 2662 550
1322 1323 551
2413 2414 552
470 472 553
1337 1338 554
2226 2410 555
580 1981 556
995 1385 557
1755 1756 558
848 849 559
672 673 560
1298 1579 561
1389 1390 562
53 617 563
1756 1757 564
951 1314 565
573 993 566
698 1338 567
914 2457 568
1981 2022 569
2447 2571 570
351 816 571
1334 1335 572
1531 1574 573
719 2405 574
1254 1255 575
242 482 576
332 680 577
479 507 578
1803 2744 579
478 2377 580
724 1044 581
460 487 582
993 2664 583
1009 2741 584
811 2092 585
808 1064 586
542 1526 587
210 989 588
444 504 589
646 1571 590
679 680 591
50 1468 592
471 472 593
1100 2388 594
442 1253 595
1578 1579 596
1754 1756 597
2448 2571 598
408 474 599
700 1979 600
742 2392 601
479 820 602
963 2699 603
455 456 604
596 815 605
1002 1008 606
156 2372 607
554 663 608
698 984 609
689 1726 610
1526 2397 611
1979 2022 612
1318 1387 613
242 485 614
2400 2665 615
692 693 616
911 1389 617
692 1315 618
643 1590 619
995 1384 620
329 2615 621
242 484 622
733 1199 623
580 1979 624
700 1862 625
592 1044 626
456 1386 627
478 820 628
1803 2679 629
2400 2666 630
756 827 631
684 1756 632
1862 2401 633
994 1385 634
328 2631 635
2226 2705 636
1633 1634 637
554 662 638
2369 2744 639
39 126 640
1862 2402 641
351 1376 642
1429 1430 643
718 1317 644
676 1263 645
14 663 646
343 1881 647
818 1342 648
951 1183 649
478 2376 650
596 1533 651
614 1764 652
684 1489 653
242 1238 654
1637 2453 655
742 1379 656
60 437 657
1002 2634 658
1427 1429 659
442 894 660
647 1571 661
814 2674 662
408 1632 663
1308 1311 664
818 827 665
439 442 666
868 2380 667
2688 2705 668
2 176 669
329 2609 670
573 1385 671
822 1573 672
2097 2110 673
332 1248 674
596 1184 675
580 2022 676
1253 1254 677
609 614 678
984 1337 679
238 742 680
474 2724 681
486 2705 682
242 1580 683
835 2395 684
898 1467 685
1380 1382 686
723 724 687
1369 2283 688
592 696 689
559 825 690
1533 2732 691
520 691 692
1378 1379 693
24 931 694
814 1362 695
404 816 696
1386 2701 697
2138 2723 698
1848 2697 699
596 1228 700
437 1803 701
244 676 702
733 1653 703
693 2668 704
1528 2281 705
199 1318 706
607 610 707
656 658 708
744 1324 709
629 1735 710
199 2110 711
443 672 712
633 949 713
743 1573 714
2571 2725 715
520 639 716
1659 1660 717
984 1338 718
507 508 719
1754 1755 720
198 955 721
607 612 722
496 596 723
612 613 724
1391 1489 725
1848 2733 726
898 1484 727
131 182 728
718 726 729
737 2373 730
718 1316 731
744 1325 732
815 1533 733
1289 1326 734
613 614 735
404 1184 736
743 744 737
775 1670 738
1326 1327 739
507 834 740
744 822 741
692 1006 742
1795 2226 743
684 1391 744
1489 1755 745
1369 2606 746
504 685 747
1060 1526 748
1385 2664 749
2357 2591 750
815 2732 751
633 634 752
674 676 753
608 613 754
1489 1756 755
329 2614 756
596 1055 757
635 949 758
1315 2668 759
1672 2705 760
655 658 761
816 2732 762
923 1119 763
1229 2357 764
506 521 765
1310 1311 766
1313 1314 767
733 1198 768
456 2701 769
658 705 770
766 2472 771
914 2592 772
609 611 773
622 1241 774
608 609 775
1572 1881 776
444 521 777
264 1755 778
553 819 779
638 2409 780
515 2441 781
592 1648 782
589 1647 783
744 1573 784
176 743 785
1147 1377 786
766 2470 787
2146 2606 788
2283 2606 789
1324 1325 790
2608 2609 791
692 2668 792
350 1751 793
644 1590 794
1175 2357 795
815 816 796
1803 2589 797
2376 2377 798
1374 1375 799
64 165 800
319 818 801
408 1728 802
2281 2460 803
213 722 804
404 1533 805
64 1853 806
910 1390 807
950 951 808
589 1296 809
659 684 810
36 70 811
53 1468 812
413 665 813
437 2589 814
612 614 815
1036 1037 816
491 493 817
53 1201 818
227 1578 819
495 596 820
691 693 821
85 233 822
176 822 823
611 613 824
213 374 825
1028 1924 826
2680 2743 827
610 614 828
609 612 829
592 1296 830
1308 1310 831
430 680 832
596 1175 833
742 1158 834
129 184 835
197 199 836
698 1337 837
607 614 838
573 995 839
869 1763 840
176 453 841
265 627 842
609 610 843
740 1433 844
610 613 845
496 1755 846
614 2612 847
712 2411 848
742 1378 849
1054 1170 850
443 673 851
492 816 852
589 882 853
2678 2679 854
1636 1646 855
592 724 856
1369 2146 857
654 657 858
638 691 859
491 492 860
265 266 861
592 810 862
996 1315 863
869 1762 864
433 1244 865
596 2732 866
265 624 867
504 505 868
923 2736 869
2665 2666 870
45 70 871
2447 2725 872
199 1351 873
811 1374 874
626 627 875
607 611 876
198 954 877
641 1185 878
893 2375 879
654 705 880
39 123 881
2332 2736 882
24 640 883
500 2641 884
70 113 885
1326 1328 886
1025 2707 887
2103 2708 888
443 1461 889
492 1184 890
808 898 891
504 1636 892
470 471 893
504 547 894
596 676 895
53 2693 896
108 181 897
646 647 898
244 887 899
693 1315 900
460 2408 901
496 1757 902
2101 2102 903
199 1485 904
608 614 905
2146 2283 906
1648 2072 907
608 2224 908
1119 2736 909
343 1284 910
1036 2585 911
503 598 912
624 626 913
690 963 914
815 1184 915
180 1752 916
496 1175 917
611 612 918
1316 1317 919
213 721 920
668 670 921
520 693 922
1434 1881 923
923 2735 924
1253 1579 925
2735 2736 926
14 238 927
643 2680 928
343 1572 929
566 567 930
500 2676 931
640 691 932
53 2644 933
914 2571 934
1292 2101 935
995 2664 936
1335 1824 937
2101 2708 938
1033 2469 939
2373 2545 940
993 2663 941
1160 1636 942
39 122 943
264 495 944
481 654 945
669 670 946
2584 2585 947
651 2740 948
350 413 949
564 2363 950
684 1757 951
2281 2591 952
718 2405 953
349 413 954
492 1570 955
1025 1737 956
661 1061 957
684 1755 958
265 625 959
520 637 960
542 543 961
2097 2400 962
634 635 963
1754 1757 964
477 520 965
721 722 966
1526 2738 967
1563 2373 968
478 507 969
2332 2735 970
374 722 971
404 493 972
668 669 973
882 1648 974
2663 2664 975
1002 2406 976
53 533 977
198 990 978
651 1339 979
573 1375 980
350 2363 981
676 1175 982
554 741 983
651 1337 984
573 2664 985
657 658 986
188 1339 987
712 1971 988
1060 2738 989
1862 2460 990
1327 1328 991
204 1581 992
834 869 993
42 126 994
1647 1648 995
542 2738 996
227 1253 997
350 666 998
266 474 999
619 621 1000
493 1570 1001
286 1064 1002
349 495 1003
486 2226 1004
766 2471 1005
2101 2709 1006
500 1025 1007
553 818 1008
1119 2735 1009
479 559 1010
2677 2678 1011
2585 2587 1012
655 656 1013
836 1037 1014
1263 1375 1015
341 1393 1016
678 2593 1017
625 626 1018
654 659 1019
2571 2592 1020
1119 2332 1021
500 2675 1022
610 612 1023
503 2675 1024
614 2224 1025
2593 2673 1026
133 678 1027
2513 2565 1028
567 569 1029
618 619 1030
667 668 1031
742 889 1032
1824 2444 1033
633 635 1034
517 518 1035
630 632 1036
596 2698 1037
1175 1184 1038
447 1796 1039
503 1025 1040
520 638 1041
2675 2676 1042
2457 2592 1043
629 631 1044
1044 1296 1045
1318 1319 1046
1862 2611 1047
133 2593 1048
603 605 1049
503 574 1050
505 1160 1051
481 656 1052
633 1630 1053
474 475 1054
651 698 1055
923 2332 1056
1229 2281 1057
474 1375 1058
199 2356 1059
213 332 1060
629 707 1061
264 1175 1062
433 804 1063
504 521 1064
1055 1175 1065
442 1255 1066
244 1431 1067
609 613 1068
1289 1327 1069
39 47 1070
607 2224 1071
609 2224 1072
500 503 1073
657 705 1074
910 1389 1075
1184 2732 1076
505 1636 1077
39 130 1078
611 614 1079
60 1392 1080
559 2488 1081
607 608 1082
653 657 1083
955 2695 1084
1044 1637 1085
608 610 1086
1528 1862 1087
500 2702 1088
481 657 1089
616 2177 1090
504 1646 1091
1391 1755 1092
1755 1757 1093
265 408 1094
447 448 1095
1862 2281 1096
665 666 1097
260 616 1098
1253 2578 1099
495 496 1100
499 555 1101
2470 2471 1102
280 2573 1103
198 2695 1104
961 1242 1105
2557 2681 1106
308 660 1107
542 1060 1108
598 1025 1109
732 733 1110
737 1563 1111
2272 2688 1112
481 658 1113
504 1160 1114
564 2272 1115
439 894 1116
439 1655 1117
500 501 1118
678 2673 1119
478 479 1120
608 2191 1121
1824 2443 1122
2173 2681 1123
505 685 1124
675 676 1125
229 441 1126
922 2416 1127
112 136 1128
198 2552 1129
477 637 1130
620 621 1131
808 1772 1132
607 2488 1133
503 2676 1134
494 684 1135
818 888 1136
2165 2166 1137
622 834 1138
474 476 1139
955 2696 1140
266 438 1141
2173 2556 1142
667 669 1143
404 491 1144
86 592 1145
404 1570 1146
630 698 1147
442 1254 1148
608 611 1149
684 1754 1150
2 954 1151
334 1008 1152
549 553 1153
922 1812 1154
705 706 1155
222 1529 1156
350 665 1157
1672 2226 1158
503 2707 1159
623 2395 1160
629 630 1161
446 521 1162
204 827 1163
608 612 1164
554 742 1165
742 890 1166
266 627 1167
834 2488 1168
566 569 1169
1862 2591 1170
494 1755 1171
954 2695 1172
2088 2089 1173
651 984 1174
651 2515 1175
2190 2479 1176
199 1352 1177
401 1033 1178
653 705 1179
823 984 1180
490 2363 1181
2677 2679 1182
133 2673 1183
408 563 1184
547 888 1185
2513 2514 1186
564 2686 1187
2173 2559 1188
656 659 1189
150 1321 1190
826 1322 1191
227 1255 1192
280 281 1193
2498 2544 1194
639 640 1195
605 606 1196
1386 1761 1197
319 941 1198
47 130 1199
2272 2363 1200
495 1175 1201
637 640 1202
1948 2593 1203
662 663 1204
678 1948 1205
827 1581 1206
474 501 1207
238 741 1208
470 1130 1209
2688 2706 1210
24 638 1211
1362 2674 1212
343 1285 1213
659 705 1214
1263 1575 1215
133 1948 1216
610 611 1217
2283 2284 1218
2680 2700 1219
676 2698 1220
2436 2437 1221
477 639 1222
481 653 1223
592 664 1224
499 500 1225
718 719 1226
1369 2284 1227
766 1106 1228
2332 2559 1229
429 466 1230
1428 1670 1231
629 632 1232
1292 2102 1233
737 1230 1234
1751 2570 1235
204 818 1236
592 1168 1237
266 625 1238
1385 2663 1239
676 887 1240
1574 2504 1241
520 692 1242
521 685 1243
198 1306 1244
714 745 1245
742 2737 1246
297 861 1247
500 502 1248
550 553 1249
656 705 1250
676 1640 1251
1561 1563 1252
446 506 1253
520 704 1254
199 1353 1255
496 1756 1256
621 670 1257
2332 2557 1258
413 2363 1259
826 2396 1260
613 2224 1261
656 657 1262
198 2696 1263
199 431 1264
2363 2688 1265
573 2663 1266
349 350 1267
632 707 1268
667 670 1269
654 656 1270
1997 2505 1271
653 656 1272
737 738 1273
603 2669 1274
2102 2709 1275
569 2577 1276
692 996 1277
2588 2680 1278
481 705 1279
737 2545 1280
150 1766 1281
244 1652 1282
525 733 1283
222 733 1284
436 638 1285
834 1241 1286
71 122 1287
1025 1249 1288
1198 1199 1289
951 1852 1290
954 955 1291
1381 2496 1292
653 654 1293
828 2274 1294
2089 2716 1295
499 574 1296
746 2494 1297
2272 2687 1298
136 137 1299
165 1201 1300
2173 2557 1301
699 701 1302
499 1375 1303
344 395 1304
433 858 1305
477 640 1306
503 1026 1307
688 1364 1308
280 1411 1309
408 438 1310
686 687 1311
183 184 1312
319 2314 1313
1175 1318 1314
165 1766 1315
1037 1740 1316
238 1392 1317
264 1055 1318
433 753 1319
710 712 1320
592 695 1321
620 670 1322
603 1299 1323
483 485 1324
718 720 1325
39 71 1326
447 2151 1327
1704 2089 1328
596 1810 1329
1604 1702 1330
2363 2687 1331
496 1184 1332
653 658 1333
596 2105 1334
604 605 1335
264 684 1336
476 499 1337
1289 1328 1338
1948 2673 1339
199 1350 1340
266 626 1341
352 395 1342
478 2485 1343
1025 1250 1344
53 1736 1345
592 1310 1346
350 495 1347
439 440 1348
656 706 1349
482 485 1350
995 2663 1351
635 1630 1352
651 709 1353
2675 2702 1354
401 1320 1355
499 501 1356
1602 1604 1357
429 668 1358
2146 2284 1359
428 1298 1360
621 702 1361
266 624 1362
603 606 1363
474 500 1364
264 428 1365
726 1317 1366
429 669 1367
427 2703 1368
592 1322 1369
238 505 1370
479 562 1371
165 1321 1372
413 1751 1373
439 1656 1374
892 894 1375
404 492 1376
87 592 1377
505 521 1378
954 2696 1379
1751 2363 1380
2101 2745 1381
520 703 1382
2103 2745 1383
238 663 1384
481 655 1385
150 165 1386
244 674 1387
651 746 1388
555 574 1389
1160 1646 1390
454 744 1391
5 26 1392
564 2706 1393
2103 2709 1394
176 2250 1395
502 503 1396
1762 1763 1397
343 1959 1398
131 132 1399
501 503 1400
2363 2513 1401
834 2502 1402
1025 1026 1403
499 503 1404
676 1228 1405
1175 1862 1406
1381 2169 1407
2705 2706 1408
996 2381 1409
2564 2565 1410
444 505 1411
592 2072 1412
1381 2498 1413
341 401 1414
620 702 1415
466 670 1416
1175 1228 1417
1000 1001 1418
1751 2272 1419
233 1726 1420
474 502 1421
499 682 1422
606 2669 1423
592 1821 1424
14 60 1425
337 359 1426
1381 2279 1427
1175 1229 1428
651 708 1429
496 684 1430
5 837 1431
24 1650 1432
718 1845 1433
1823 1825 1434
564 2570 1435
198 1645 1436
2363 2565 1437
442 1655 1438
466 669 1439
308 338 1440
629 2476 1441
503 1024 1442
955 2552 1443
1260 1375 1444
319 942 1445
1292 2708 1446
435 436 1447
688 2166 1448
1229 1862 1449
2173 2332 1450
2272 2713 1451
654 706 1452
1605 1702 1453
568 569 1454
150 1201 1455
569 1434 1456
718 1846 1457
264 496 1458
520 640 1459
618 670 1460
297 859 1461
574 1375 1462
454 2580 1463
686 688 1464
996 997 1465
374 721 1466
2332 2333 1467
319 2683 1468
542 2543 1469
592 1308 1470
1604 2689 1471
618 880 1472
466 467 1473
1381 2499 1474
112 137 1475
592 1043 1476
492 493 1477
685 686 1478
1170 2484 1479
603 604 1480
1381 2501 1481
737 2482 1482
684 838 1483
826 1500 1484
691 692 1485
474 871 1486
503 1737 1487
342 343 1488
688 2165 1489
865 866 1490
685 687 1491
849 868 1492
1381 2061 1493
1604 1605 1494
199 1175 1495
482 483 1496
503 1021 1497
505 1200 1498
529 532 1499
710 2566 1500
882 1647 1501
1260 1264 1502
2505 2523 1503
2333 2537 1504
227 725 1505
1794 1796 1506
1254 2190 1507
638 639 1508
238 662 1509
2515 2740 1510
806 2060 1511
337 374 1512
227 1254 1513
198 1307 1514
233 810 1515
564 2688 1516
167 696 1517
552 553 1518
1254 2479 1519
655 659 1520
676 2685 1521
334 1002 1522
1175 2698 1523
499 681 1524
1381 2500 1525
495 1184 1526
484 485 1527
914 1146 1528
2089 2091 1529
454 867 1530
592 882 1531
1045 1242 1532
433 752 1533
806 2074 1534
2556 2557 1535
513 515 1536
266 563 1537
505 1646 1538
685 688 1539
1174 1175 1540
460 2441 1541
922 1257 1542
518 904 1543
519 520 1544
714 2256 1545
483 484 1546
487 488 1547
894 1656 1548
695 696 1549
607 834 1550
710 711 1551
520 677 1552
1948 2540 1553
26 158 1554
657 659 1555
912 1036 1556
503 555 1557
561 562 1558
1263 1264 1559
2556 2681 1560
70 104 1561
652 713 1562
971 972 1563
684 840 1564
1529 2494 1565
573 574 1566
638 703 1567
1796 2151 1568
349 665 1569
592 1808 1570
351 1147 1571
408 2503 1572
1170 2559 1573
466 667 1574
941 2314 1575
503 2641 1576
1018 2161 1577
619 620 1578
238 451 1579
503 2702 1580
818 1581 1581
1036 2586 1582
640 703 1583
2588 2743 1584
592 723 1585
496 1754 1586
85 592 1587
1602 1605 1588
651 2467 1589
266 408 1590
1381 2495 1591
474 870 1592
574 681 1593
435 638 1594
714 715 1595
1188 1533 1596
2332 2556 1597
972 973 1598
343 2590 1599
350 494 1600
637 639 1601
616 2739 1602
559 607 1603
718 1300 1604
712 2566 1605
474 499 1606
138 139 1607
445 446 1608
553 2690 1609
560 562 1610
638 704 1611
837 1252 1612
571 573 1613
1169 1170 1614
2332 2537 1615
653 655 1616
501 502 1617
826 1271 1618
639 691 1619
592 1309 1620
433 2542 1621
518 752 1622
433 518 1623
413 666 1624
629 2471 1625
651 1338 1626
670 702 1627
2540 2554 1628
433 2079 1629
567 568 1630
604 2669 1631
1264 2461 1632
2559 2681 1633
1321 1766 1634
1261 1375 1635
503 870 1636
222 2494 1637
2097 2501 1638
401 492 1639
638 677 1640
1500 2378 1641
2332 2681 1642
1825 1828 1643
971 973 1644
564 2705 1645
631 632 1646
527 531 1647
264 1754 1648
477 638 1649
592 1647 1650
676 1431 1651
244 541 1652
861 2254 1653
525 1373 1654
921 1256 1655
1605 2689 1656
2540 2553 1657
1018 1019 1658
2363 2713 1659
482 484 1660
638 640 1661
1306 1307 1662
1381 2497 1663
50 53 1664
1333 1824 1665
334 716 1666
604 606 1667
914 2524 1668
1201 1766 1669
515 537 1670
2477 2478 1671
26 837 1672
1024 1025 1673
1829 2594 1674
382 515 1675
1025 1105 1676
646 992 1677
793 868 1678
225 226 1679
726 1316 1680
558 562 1681
2471 2476 1682
651 2468 1683
266 2503 1684
1792 1796 1685
1825 1827 1686
559 834 1687
481 659 1688
555 573 1689
1825 1829 1690
618 878 1691
2102 2745 1692
179 1100 1693
2097 2279 1694
476 555 1695
496 1055 1696
2496 2498 1697
2272 2570 1698
433 2074 1699
1601 1604 1700
806 1219 1701
2363 2564 1702
530 532 1703
618 879 1704
281 2573 1705
478 2486 1706
1315 2261 1707
676 1038 1708
527 532 1709
955 1645 1710
319 2682 1711
523 527 1712
692 1236 1713
238 332 1714
2279 2496 1715
592 1311 1716
741 742 1717
1016 1019 1718
2363 2570 1719
500 1024 1720
1267 2227 1721
1292 2103 1722
1361 1362 1723
654 1361 1724
2279 2499 1725
474 503 1726
433 806 1727
1381 2097 1728
1267 2506 1729
564 1751 1730
553 824 1731
1263 2275 1732
618 620 1733
1230 1231 1734
408 928 1735
703 704 1736
38 1536 1737
955 990 1738
1119 2106 1739
350 496 1740
468 2274 1741
537 851 1742
582 677 1743
2488 2502 1744
448 700 1745
210 319 1746
558 559 1747
739 740 1748
889 890 1749
700 701 1750
2061 2279 1751
2097 2498 1752
466 668 1753
640 704 1754
1019 2337 1755
1862 2280 1756
2097 2500 1757
503 2458 1758
1420 2642 1759
494 1754 1760
341 492 1761
432 806 1762
776 894 1763
526 527 1764
2169 2279 1765
222 750 1766
656 971 1767
2279 2495 1768
460 488 1769
1175 1227 1770
619 880 1771
47 71 1772
816 1184 1773
2097 2169 1774
549 550 1775
696 1295 1776
1249 1250 1777
1036 2583 1778
2495 2499 1779
559 562 1780
2061 2498 1781
337 2465 1782
453 454 1783
466 619 1784
522 527 1785
818 819 1786
975 1196 1787
920 1880 1788
1175 2685 1789
2279 2500 1790
526 531 1791
1021 1025 1792
2061 2500 1793
139 736 1794
609 2191 1795
2495 2498 1796
474 574 1797
454 1573 1798
525 531 1799
1602 2689 1800
222 746 1801
684 839 1802
539 541 1803
358 1034 1804
562 2488 1805
566 568 1806
1823 1828 1807
112 149 1808
1229 2591 1809
397 460 1810
517 901 1811
43 48 1812
2061 2169 1813
448 1796 1814
527 528 1815
705 971 1816
630 707 1817
2169 2500 1818
2558 2559 1819
476 574 1820
574 682 1821
2169 2495 1822
2279 2497 1823
676 1575 1824
475 655 1825
1574 2588 1826
535 849 1827
2498 2499 1828
2061 2501 1829
14 1392 1830
523 531 1831
1869 1872 1832
2498 2500 1833
2061 2495 1834
518 2079 1835
625 627 1836
2169 2499 1837
2097 2499 1838
349 494 1839
401 2469 1840
925 1259 1841
1170 2558 1842
1201 1321 1843
1870 1872 1844
2566 2643 1845
401 881 1846
607 2191 1847
1019 2161 1848
474 555 1849
2169 2496 1850
2097 2496 1851
99 101 1852
465 466 1853
401 403 1854
627 2162 1855
341 404 1856
1824 1825 1857
2061 2499 1858
560 561 1859
526 532 1860
2279 2501 1861
515 534 1862
503 1492 1863
531 532 1864
520 1649 1865
525 1653 1866
554 896 1867
2061 2496 1868
674 675 1869
676 1863 1870
696 2159 1871
2695 2696 1872
516 518 1873
522 525 1874
474 655 1875
2496 2499 1876
816 1533 1877
429 667 1878
524 532 1879
962 1311 1880
2499 2500 1881
18 53 1882
503 2694 1883
264 932 1884
349 496 1885
630 631 1886
454 743 1887
592 962 1888
2285 2286 1889
2279 2498 1890
658 659 1891
827 1293 1892
454 822 1893
2495 2496 1894
1188 2179 1895
1264 2355 1896
700 740 1897
808 809 1898
2144 2459 1899
2497 2498 1900
527 529 1901
524 527 1902
618 702 1903
654 655 1904
914 1346 1905
2169 2498 1906
529 531 1907
624 627 1908
1169 2484 1909
505 506 1910
2353 2463 1911
2497 2499 1912
522 531 1913
233 664 1914
1562 1563 1915
404 1056 1916
193 1267 1917
1119 1787 1918
559 561 1919
1028 1030 1920
444 445 1921
624 625 1922
92 837 1923
524 531 1924
683 684 1925
1012 1015 1926
528 531 1927
453 1187 1928
919 1256 1929
618 621 1930
2496 2500 1931
562 607 1932
1036 2587 1933
2061 2497 1934
525 527 1935
72 110 1936
281 1411 1937
1013 1019 1938
308 677 1939
1021 1024 1940
465 467 1941
1264 2633 1942
1827 1829 1943
816 1188 1944
1019 2078 1945
2169 2501 1946
233 689 1947
198 453 1948
571 2176 1949
2497 2500 1950
5 46 1951
344 1658 1952
516 517 1953
2169 2497 1954
334 717 1955
569 1074 1956
1823 1824 1957
891 893 1958
524 525 1959
494 496 1960
1036 1949 1961
1850 1872 1962
2495 2497 1963
656 1302 1964
238 452 1965
966 967 1966
1850 1869 1967
1182 1565 1968
1287 1289 1969
382 537 1970
1170 2483 1971
1823 1829 1972
431 1318 1973
2496 2497 1974
297 2254 1975
523 528 1976
2495 2500 1977
659 971 1978
213 952 1979
523 526 1980
527 530 1981
806 2073 1982
344 1355 1983
500 1021 1984
522 529 1985
1105 1249 1986
618 877 1987
1850 1870 1988
474 872 1989
914 2718 1990
681 682 1991
737 999 1992
226 1348 1993
629 698 1994
562 834 1995
996 1236 1996
891 894 1997
528 532 1998
1055 1184 1999
555 1375 2000
264 2646 2001
637 638 2002
711 712 2003
861 2255 2004
653 659 2005
913 914 2006
523 532 2007
898 968 2008
2061 2097 2009
522 523 2010
2255 2717 2011
499 502 2012
630 1864 2013
1029 1361 2014
2097 2495 2015
2499 2501 2016
344 417 2017
1034 1349 2018
60 112 2019
859 2254 2020
616 2489 2021
1823 1827 2022
529 530 2023
530 531 2024
559 560 2025
925 1258 2026
1824 1827 2027
2498 2501 2028
19 53 2029
1015 1019 2030
451 452 2031
887 1342 2032
1271 1500 2033
525 532 2034
461 463 2035
526 528 2036
229 809 2037
223 592 2038
490 2272 2039
1601 1605 2040
654 1030 2041
569 2104 2042
2254 2255 2043
19 50 2044
233 592 2045
2353 2464 2046
919 921 2047
374 546 2048
522 528 2049
1350 2356 2050
522 526 2051
816 2179 2052
266 2162 2053
1825 1826 2054
658 706 2055
681 1375 2056
1827 1828 2057
1881 2418 2058
2557 2559 2059
526 529 2060
1288 1289 2061
684 2182 2062
478 2434 2063
517 902 2064
2458 2675 2065
1271 2568 2066
1850 1871 2067
2073 2074 2068
1536 2350 2069
1869 1871 2070
547 864 2071
1823 1826 2072
350 762 2073
433 2073 2074
513 534 2075
892 893 2076
877 878 2077
2500 2501 2078
694 695 2079
1261 1264 2080
1565 1641 2081
861 2717 2082
787 788 2083
60 238 2084
352 1658 2085
412 2540 2086
462 2033 2087
522 532 2088
1012 1019 2089
582 2286 2090
555 681 2091
440 1656 2092
453 2420 2093
1824 1826 2094
2254 2717 2095
5 111 2096
317 318 2097
624 2162 2098
806 2070 2099
1261 2275 2100
572 573 2101
696 2158 2102
1036 2584 2103
5 1639 2104
343 965 2105
2483 2484 2106
2581 2582 2107
936 939 2108
1819 1821 2109
523 525 2110
914 1347 2111
525 528 2112
525 529 2113
525 530 2114
2495 2501 2115
867 2580 2116
918 921 2117
433 1789 2118
525 526 2119
676 1576 2120
746 1529 2121
1526 2543 2122
244 1190 2123
698 1864 2124
2102 2103 2125
448 2151 2126
464 2454 2127
419 446 2128
1820 1821 2129
494 495 2130
1997 2506 2131
826 1268 2132
132 446 2133
176 590 2134
358 374 2135
648 1050 2136
101 102 2137
343 396 2138
675 887 2139
2497 2501 2140
920 921 2141
2496 2501 2142
523 530 2143
523 524 2144
671 2085 2145
453 2362 2146
1105 1250 2147
1119 2519 2148
907 1349 2149
1159 2540 2150
2504 2588 2151
893 894 2152
818 887 2153
565 1822 2154
592 641 2155
920 1256 2156
352 1355 2157
553 1638 2158
463 464 2159
524 529 2160
2539 2540 2161
542 1527 2162
1270 1813 2163
656 1303 2164
392 574 2165
555 682 2166
701 804 2167
374 446 2168
510 554 2169
894 1816 2170
737 1231 2171
349 416 2172
446 505 2173
524 526 2174
561 2353 2175
499 870 2176
401 404 2177
352 417 2178
336 337 2179
619 879 2180
826 2568 2181
81 448 2182
517 903 2183
2085 2572 2184
431 893 2185
1176 1270 2186
1792 1794 2187
358 1349 2188
522 524 2189
1238 1580 2190
1837 1838 2191
492 1700 2192
515 851 2193
2097 2497 2194
129 183 2195
518 905 2196
213 338 2197
1015 1016 2198
1870 1871 2199
818 1566 2200
1826 1827 2201
226 430 2202
476 682 2203
1015 1018 2204
48 565 2205
528 529 2206
317 509 2207
404 1522 2208
213 238 2209
523 529 2210
524 528 2211
336 2466 2212
891 892 2213
893 1816 2214
372 1074 2215
478 2433 2216
561 2463 2217
526 530 2218
492 1522 2219
1019 2160 2220
2088 2091 2221
446 645 2222
503 1742 2223
640 677 2224
705 1302 2225
481 971 2226
953 955 2227
2068 2144 2228
618 876 2229
879 880 2230
252 1222 2231
1169 2483 2232
421 2208 2233
495 1055 2234
625 2162 2235
896 977 2236
776 892 2237
373 1529 2238
374 2465 2239
700 739 2240
1184 1188 2241
224 592 2242
1565 2155 2243
365 553 2244
776 893 2245
561 1146 2246
250 255 2247
859 2255 2248
308 2409 2249
925 1257 2250
1106 2472 2251
550 1177 2252
112 2141 2253
752 2079 2254
1876 1877 2255
503 681 2256
892 1815 2257
64 115 2258
266 928 2259
1029 1030 2260
776 1815 2261
1565 2156 2262
1958 1959 2263
1263 2355 2264
337 1135 2265
966 970 2266
1830 1831 2267
2277 2465 2268
440 894 2269
742 974 2270
297 2717 2271
592 1819 2272
48 1822 2273
1264 2275 2274
1533 2179 2275
787 2492 2276
2463 2464 2277
1434 2418 2278
971 1302 2279
920 2178 2280
492 1056 2281
404 1707 2282
930 1616 2283
252 939 2284
400 404 2285
75 1025 2286
2139 2140 2287
476 503 2288
442 1656 2289
914 1047 2290
1258 1259 2291
2355 2461 2292
1260 2275 2293
241 335 2294
905 2079 2295
1012 2078 2296
1187 1188 2297
235 2469 2298
1704 2088 2299
522 530 2300
528 530 2301
1271 2550 2302
227 428 2303
1641 1877 2304
737 1534 2305
892 1816 2306
308 2285 2307
536 849 2308
1948 2553 2309
406 2569 2310
740 1291 2311
478 2478 2312
1031 1345 2313
1592 2621 2314
1641 2108 2315
674 1652 2316
2378 2379 2317
638 1649 2318
336 2465 2319
592 1019 2320
823 2726 2321
1500 2568 2322
1264 2462 2323
403 499 2324
1641 1878 2325
1304 1814 2326
777 1869 2327
461 464 2328
478 2425 2329
787 895 2330
449 450 2331
469 1334 2332
503 871 2333
344 2045 2334
1184 1533 2335
1948 2554 2336
222 732 2337
541 700 2338
18 1201 2339
503 872 2340
550 551 2341
345 351 2342
518 902 2343
1530 2667 2344
2556 2559 2345
2280 2281 2346
2465 2466 2347
503 2252 2348
352 2045 2349
874 975 2350
894 1815 2351
296 596 2352
914 1049 2353
297 2255 2354
1292 2097 2355
1349 2336 2356
729 750 2357
787 2487 2358
859 2717 2359
892 2070 2360
598 1023 2361
891 1815 2362
337 2466 2363
515 1212 2364
524 530 2365
619 876 2366
716 717 2367
461 462 2368
561 2718 2369
818 2117 2370
656 2251 2371
659 706 2372
914 915 2373
870 871 2374
1264 1375 2375
431 892 2376
789 790 2377
1845 1846 2378
1862 2358 2379
318 509 2380
914 917 2381
529 1257 2382
718 1409 2383
214 682 2384
2097 2099 2385
2213 2426 2386
374 545 2387
250 936 2388
392 571 2389
826 1043 2390
433 1219 2391
788 2487 2392
336 374 2393
26 111 2394
2034 2144 2395
1736 2562 2396
2485 2486 2397
478 559 2398
1014 1019 2399
1677 2574 2400
2490 2491 2401
1185 1187 2402
1187 2179 2403
1220 1221 2404
919 920 2405
1881 2596 2406
1016 2078 2407
1175 2323 2408
876 879 2409
1514 2085 2410
1850 2116 2411
129 1831 2412
870 872 2413
1096 1867 2414
1677 2575 2415
240 241 2416
1280 1510 2417
285 286 2418
459 460 2419
100 101 2420
788 895 2421
930 2134 2422
252 1220 2423
676 1652 2424
478 2307 2425
75 503 2426
492 1192 2427
1038 1039 2428
215 351 2429
1300 1845 2430
1869 1870 2431
250 252 2432
573 681 2433
753 858 2434
1363 2274 2435
818 976 2436
550 1178 2437
1375 2461 2438
826 2550 2439
476 1375 2440
1257 1259 2441
592 2712 2442
701 1491 2443
444 446 2444
308 971 2445
2433 2434 2446
515 1211 2447
895 2487 2448
826 2567 2449
1704 2716 2450
518 901 2451
404 2122 2452
1260 2355 2453
429 670 2454
404 1057 2455
1565 2157 2456
1828 1829 2457
592 1820 2458
1035 1036 2459
1261 2461 2460
2682 2683 2461
169 866 2462
592 2520 2463
951 1266 2464
1819 1820 2465
466 956 2466
529 1583 2467
549 551 2468
1529 1530 2469
1263 2462 2470
1139 2561 2471
742 852 2472
1375 2355 2473
264 645 2474
592 1214 2475
804 807 2476
2097 2100 2477
515 1210 2478
1018 2337 2479
568 2104 2480
268 2582 2481
358 545 2482
541 1592 2483
541 2621 2484
252 1173 2485
229 808 2486
250 318 2487
882 883 2488
503 1375 2489
2155 2156 2490
2275 2461 2491
561 1435 2492
823 863 2493
966 1506 2494
876 880 2495
252 936 2496
226 1130 2497
264 2118 2498
505 857 2499
208 1513 2500
382 851 2501
481 1303 2502
1233 1238 2503
1254 2338 2504
893 2070 2505
5 121 2506
1222 2478 2507
373 732 2508
1677 2576 2509
262 1220 2510
453 816 2511
222 731 2512
462 463 2513
1018 2078 2514
2550 2568 2515
176 979 2516
373 733 2517
1268 1271 2518
308 340 2519
891 1816 2520
2096 2097 2521
331 334 2522
837 1639 2523
432 433 2524
895 2492 2525
1352 2356 2526
223 224 2527
1872 2116 2528
1924 2560 2529
2275 2355 2530
1704 2091 2531
1815 1816 2532
1350 1485 2533
92 1252 2534
675 1863 2535
492 1707 2536
496 1549 2537
1104 1105 2538
382 1270 2539
492 499 2540
700 804 2541
898 969 2542
1017 1019 2543
776 891 2544
592 2549 2545
268 2581 2546
1173 1222 2547
1879 2137 2548
450 907 2549
640 1649 2550
1865 1866 2551
481 706 2552
515 1270 2553
1529 2548 2554
572 574 2555
252 262 2556
260 261 2557
468 1363 2558
1019 2077 2559
1271 2567 2560
394 395 2561
344 2555 2562
1177 1178 2563
1514 2572 2564
1566 2117 2565
226 1814 2566
503 682 2567
1038 1175 2568
358 1348 2569
1260 2461 2570
433 905 2571
1026 2694 2572
313 553 2573
414 855 2574
930 1273 2575
654 1029 2576
1500 2567 2577
238 857 2578
26 1639 2579
1179 1180 2580
500 1026 2581
541 946 2582
654 1028 2583
855 856 2584
460 1771 2585
409 988 2586
468 469 2587
1139 1207 2588
405 406 2589
1641 1875 2590
592 883 2591
1263 2461 2592
705 1303 2593
640 2692 2594
671 1514 2595
1300 1846 2596
503 1023 2597
914 1046 2598
1228 2698 2599
2137 2138 2600
695 2159 2601
352 847 2602
344 846 2603
1769 1770 2604
922 2629 2605
958 961 2606
1876 2108 2607
2574 2575 2608
250 1173 2609
264 1651 2610
517 1758 2611
554 977 2612
1274 1275 2613
1513 2112 2614
598 2694 2615
476 1370 2616
1159 2554 2617
677 2692 2618
2096 2103 2619
592 1272 2620
1350 1352 2621
225 227 2622
1600 2508 2623
397 1032 2624
476 681 2625
1369 2145 2626
395 396 2627
1877 2108 2628
358 434 2629
460 1032 2630
777 1870 2631
336 1838 2632
225 1418 2633
971 1303 2634
2160 2161 2635
500 598 2636
515 538 2637
412 2539 2638
1641 2156 2639
252 2670 2640
892 2071 2641
2487 2492 2642
930 1272 2643
404 499 2644
659 1302 2645
1003 2069 2646
1525 1526 2647
373 750 2648
529 922 2649
264 1904 2650
1348 1349 2651
859 861 2652
344 847 2653
921 922 2654
1220 1811 2655
1067 2138 2656
777 1871 2657
404 576 2658
1038 1228 2659
252 255 2660
1530 2711 2661
198 2336 2662
264 1868 2663
619 956 2664
887 978 2665
603 1329 2666
261 615 2667
388 443 2668
2574 2576 2669
262 1221 2670
374 2466 2671
700 1491 2672
1530 2548 2673
261 2489 2674
700 945 2675
700 1291 2676
1261 2355 2677
403 492 2678
462 464 2679
1074 2104 2680
2575 2576 2681
871 872 2682
1302 1303 2683
1598 1600 2684
1029 1362 2685
1222 2477 2686
1599 1600 2687
466 957 2688
264 1559 2689
478 2477 2690
397 1077 2691
440 1188 2692
518 903 2693
1267 1997 2694
1292 2099 2695
2287 2563 2696
2567 2568 2697
1529 2711 2698
2382 2637 2699
250 939 2700
374 952 2701
1881 2305 2702
404 1192 2703
1513 1514 2704
1561 1562 2705
337 2277 2706
1641 2155 2707
263 264 2708
598 1024 2709
260 2489 2710
536 852 2711
967 970 2712
112 2393 2713
350 761 2714
1797 2711 2715
1529 1797 2716
96 104 2717
176 1486 2718
2393 2493 2719
914 916 2720
198 1034 2721
253 2478 2722
826 1044 2723
1038 1042 2724
2553 2554 2725
1641 1876 2726
561 2464 2727
1644 1652 2728
129 1830 2729
1023 1026 2730
176 443 2731
286 948 2732
909 911 2733
1096 1239 2734
406 2119 2735
229 1312 2736
1533 2012 2737
1526 1527 2738
1050 1052 2739
1219 2074 2740
352 846 2741
1044 2378 2742
476 1371 2743
1652 1863 2744
72 305 2745
240 1278 2746
677 1649 2747
944 945 2748
629 1301 2749
19 2208 2750
752 858 2751
112 2493 2752
194 1512 2753
937 2477 2754
2173 2534 2755
1257 1365 2756
1028 1029 2757
1012 1014 2758
308 582 2759
432 2070 2760
603 998 2761
816 2012 2762
358 546 2763
654 1362 2764
244 2113 2765
308 767 2766
1354 1869 2767
19 51 2768
460 1760 2769
193 1066 2770
336 2277 2771
1228 2685 2772
929 930 2773
2098 2103 2774
1117 1565 2775
222 373 2776
541 1039 2777
18 19 2778
344 1357 2779
1096 1240 2780
2382 2635 2781
352 2555 2782
194 1865 2783
498 2480 2784
598 1492 2785
431 2287 2786
860 861 2787
1268 2568 2788
700 1038 2789
776 1816 2790
854 855 2791
1184 1185 2792
252 254 2793
1026 1492 2794
1016 1018 2795
1039 1042 2796
1704 1705 2797
38 1951 2798
1044 1271 2799
1350 1351 2800
2579 2603 2801
1257 1258 2802
338 505 2803
727 1181 2804
536 742 2805
1529 2667 2806
490 1769 2807
913 2524 2808
238 340 2809
222 729 2810
1292 2096 2811
193 2138 2812
261 2547 2813
1703 1704 2814
240 335 2815
308 2309 2816
1834 1835 2817
1219 2070 2818
2458 2641 2819
253 2477 2820
405 2569 2821
517 1582 2822
967 1506 2823
374 1758 2824
1290 1774 2825
1051 1052 2826
1485 2356 2827
1797 2548 2828
404 1700 2829
1582 1758 2830
433 1217 2831
659 1303 2832
188 1045 2833
860 2253 2834
960 961 2835
914 2030 2836
2081 2084 2837
374 735 2838
494 1184 2839
75 500 2840
244 2115 2841
540 541 2842
561 914 2843
1774 1881 2844
648 1051 2845
1235 1238 2846
2339 2525 2847
264 938 2848
1530 1797 2849
914 1048 2850
1261 1263 2851
592 2264 2852
599 636 2853
1159 2553 2854
1196 2339 2855
959 961 2856
108 109 2857
2489 2547 2858
1616 2134 2859
492 1057 2860
913 917 2861
1236 1238 2862
372 569 2863
1513 2111 2864
1881 2135 2865
1354 1870 2866
1500 2550 2867
194 1866 2868
541 2622 2869
51 53 2870
286 947 2871
1292 2098 2872
893 1815 2873
14 379 2874
253 478 2875
2160 2348 2876
1068 1274 2877
503 1343 2878
700 1039 2879
2344 2629 2880
341 403 2881
698 1301 2882
699 700 2883
752 753 2884
758 800 2885
308 2286 2886
440 1189 2887
559 2434 2888
253 1173 2889
352 1357 2890
619 957 2891
2096 2102 2892
648 1052 2893
700 1042 2894
2161 2348 2895
1024 1026 2896
545 546 2897
696 1044 2898
726 1558 2899
190 404 2900
373 746 2901
742 975 2902
1392 2660 2903
541 1038 2904
1292 2100 2905
752 905 2906
922 2344 2907
937 2478 2908
541 782 2909
1207 2561 2910
536 975 2911
1202 1203 2912
855 1053 2913
599 2490 2914
75 598 2915
974 975 2916
1873 1874 2917
1043 1044 2918
932 933 2919
909 910 2920
2087 2090 2921
1600 2180 2922
1053 1520 2923
372 568 2924
243 1190 2925
358 736 2926
213 309 2927
875 1818 2928
816 1187 2929
2086 2090 2930
250 1222 2931
1013 1014 2932
1032 1112 2933
1032 1466 2934
510 511 2935
1050 1051 2936
536 974 2937
403 404 2938
392 2176 2939
1187 1533 2940
392 573 2941
255 1179 2942
431 2563 2943
811 1804 2944
19 421 2945
598 1021 2946
1352 1485 2947
344 1356 2948
432 2074 2949
695 1295 2950
852 974 2951
252 253 2952
1184 2179 2953
2080 2083 2954
1272 1273 2955
514 515 2956
1500 2379 2957
2099 2103 2958
639 1011 2959
823 899 2960
1342 1596 2961
700 1040 2962
2097 2098 2963
318 2147 2964
401 2122 2965
541 1041 2966
1351 1352 2967
856 1053 2968
1869 2116 2969
414 853 2970
373 731 2971
397 1345 2972
414 854 2973
2100 2103 2974
999 1534 2975
1426 1926 2976
854 1053 2977
2080 2082 2978
694 1295 2979
481 1302 2980
782 1040 2981
1774 2305 2982
675 1652 2983
1219 2073 2984
1641 2157 2985
1703 1705 2986
1426 2597 2987
1046 1047 2988
2082 2083 2989
250 2163 2990
374 1582 2991
1704 2087 2992
458 1771 2993
818 1569 2994
1038 1040 2995
645 2646 2996
1159 1948 2997
1870 2116 2998
255 939 2999
966 1977 3000
2083 2084 3001
373 2494 3002
515 1213 3003
922 2345 3004
208 2112 3005
233 1214 3006
303 2603 3007
450 2140 3008
1012 1013 3009
255 1180 3010
1032 1111 3011
2034 2459 3012
2149 2150 3013
203 204 3014
945 1040 3015
431 1472 3016
1240 1867 3017
223 755 3018
1039 1040 3019
2081 2082 3020
229 1297 3021
224 233 3022
352 1356 3023
510 512 3024
1184 1189 3025
541 944 3026
592 929 3027
727 2120 3028
198 1001 3029
1220 1560 3030
1021 1026 3031
453 955 3032
1832 1835 3033
1022 1026 3034
340 971 3035
1557 1595 3036
309 374 3037
208 1514 3038
498 1883 3039
1046 1048 3040
440 1187 3041
1012 1016 3042
2082 2084 3043
970 1063 3044
1038 1041 3045
19 78 3046
966 1507 3047
414 1050 3048
226 556 3049
382 538 3050
1290 1775 3051
2098 2102 3052
252 1221 3053
349 1518 3054
2080 2084 3055
96 1515 3056
1185 1186 3057
404 410 3058
286 803 3059
1268 2567 3060
244 2114 3061
19 109 3062
1232 1238 3063
1046 1049 3064
176 188 3065
193 2137 3066
2097 2102 3067
303 2579 3068
227 229 3069
696 1500 3070
1237 1238 3071
1039 1041 3072
1158 1517 3073
541 1040 3074
255 936 3075
945 946 3076
305 2579 3077
253 936 3078
469 2274 3079
758 874 3080
458 460 3081
1229 2280 3082
305 2518 3083
729 731 3084
659 2432 3085
777 1850 3086
432 1219 3087
922 1365 3088
726 1195 3089
859 860 3090
1048 1049 3091
431 831 3092
204 1204 3093
412 442 3094
1704 2090 3095
1040 1042 3096
1881 2595 3097
210 941 3098
2550 2567 3099
305 2075 3100
253 939 3101
1426 2150 3102
351 1011 3103
243 244 3104
496 2360 3105
1774 1775 3106
915 1049 3107
916 1047 3108
96 107 3109
849 852 3110
1818 2734 3111
535 536 3112
915 1047 3113
226 1304 3114
432 2073 3115
499 1209 3116
1013 1018 3117
1426 2149 3118
854 856 3119
883 930 3120
215 639 3121
252 1560 3122
351 639 3123
823 900 3124
1329 1830 3125
260 2739 3126
561 2538 3127
1526 1931 3128
226 449 3129
1486 2250 3130
1514 2112 3131
1556 1595 3132
598 1026 3133
816 937 3134
75 1026 3135
915 1046 3136
592 2160 3137
1012 2077 3138
1833 1835 3139
628 1411 3140
916 1049 3141
227 1418 3142
397 1031 3143
953 954 3144
1013 1016 3145
1014 1018 3146
2096 2099 3147
185 945 3148
460 940 3149
2035 2036 3150
129 603 3151
305 2603 3152
967 1507 3153
592 1409 3154
1047 1049 3155
1067 2137 3156
498 544 3157
2099 2102 3158
440 1533 3159
541 1042 3160
95 96 3161
253 1180 3162
255 2536 3163
193 1065 3164
1566 1569 3165
2096 2100 3166
1224 1226 3167
1774 2596 3168
213 273 3169
568 1074 3170
659 2136 3171
303 304 3172
1050 2359 3173
1704 2086 3174
412 893 3175
200 1859 3176
14 1058 3177
561 2639 3178
2111 2112 3179
529 1365 3180
2081 2083 3181
893 2071 3182
1375 2275 3183
2070 2071 3184
1233 1236 3185
1047 1048 3186
852 975 3187
1980 2533 3188
2163 2536 3189
226 714 3190
1703 2090 3191
392 1354 3192
1040 1041 3193
440 1185 3194
2155 2157 3195
414 648 3196
700 1041 3197
1018 2077 3198
195 200 3199
652 1223 3200
303 2075 3201
304 305 3202
253 1179 3203
414 1052 3204
433 1215 3205
1569 2117 3206
914 1305 3207
2160 2347 3208
368 518 3209
1530 2133 3210
14 1059 3211
224 755 3212
2096 2098 3213
193 1067 3214
2080 2081 3215
1100 1408 3216
372 2104 3217
1600 2312 3218
2262 2263 3219
968 969 3220
1522 1707 3221
1856 1857 3222
2601 2602 3223
77 78 3224
731 2417 3225
916 1046 3226
2097 2103 3227
915 1048 3228
2156 2157 3229
253 2536 3230
382 1213 3231
238 759 3232
795 2262 3233
1342 1539 3234
496 761 3235
2312 2508 3236
233 962 3237
956 957 3238
652 1027 3239
2100 2102 3240
238 273 3241
1529 2133 3242
12 112 3243
373 1530 3244
674 1342 3245
1234 1238 3246
349 414 3247
1041 1042 3248
1265 1266 3249
695 2158 3250
511 512 3251
882 930 3252
1742 2458 3253
208 2111 3254
248 951 3255
592 930 3256
1340 1342 3257
916 917 3258
599 2491 3259
816 1186 3260
75 1024 3261
503 1493 3262
561 2023 3263
1053 1518 3264
727 862 3265
498 1336 3266
887 1652 3267
682 1934 3268
913 916 3269
919 922 3270
204 1342 3271
541 2181 3272
696 1497 3273
273 332 3274
229 1298 3275
498 1196 3276
945 1041 3277
2019 2600 3278
759 800 3279
238 338 3280
831 1472 3281
1210 1211 3282
1354 2116 3283
223 233 3284
349 1053 3285
561 1055 3286
1493 2252 3287
2113 2115 3288
730 731 3289
2161 2347 3290
2305 2596 3291
962 1214 3292
967 1977 3293
1044 2568 3294
696 873 3295
937 2012 3296
99 102 3297
303 305 3298
1013 2077 3299
696 1501 3300
778 1263 3301
2081 2474 3302
915 916 3303
1703 2086 3304
782 945 3305
428 1297 3306
503 1344 3307
414 856 3308
373 729 3309
1044 2550 3310
1527 2543 3311
1797 2133 3312
76 78 3313
1227 1228 3314
541 850 3315
238 800 3316
433 2070 3317
396 1285 3318
185 946 3319
374 927 3320
411 677 3321
2098 2099 3322
176 1698 3323
266 407 3324
755 1214 3325
411 971 3326
676 978 3327
2099 2100 3328
1514 2111 3329
737 998 3330
226 227 3331
204 1205 3332
1260 1263 3333
514 1212 3334
1066 1067 3335
168 169 3336
440 1184 3337
340 758 3338
51 52 3339
1260 1261 3340
2086 2087 3341
916 1048 3342
252 1923 3343
937 1533 3344
308 1276 3345
308 1494 3346
497 498 3347
250 253 3348
1044 2567 3349
1065 1066 3350
2635 2637 3351
592 2348 3352
253 1222 3353
433 1218 3354
1342 1538 3355
2135 2596 3356
2153 2154 3357
357 358 3358
2163 2164 3359
204 1206 3360
284 446 3361
332 338 3362
382 1212 3363
937 1222 3364
374 1479 3365
262 1555 3366
129 998 3367
727 1203 3368
490 2349 3369
433 1216 3370
638 2692 3371
915 917 3372
1348 2336 3373
1534 2168 3374
2098 2100 3375
129 152 3376
1184 1187 3377
1703 2087 3378
1774 2595 3379
826 1168 3380
945 1038 3381
1287 1288 3382
226 884 3383
1012 1018 3384
9 93 3385
2339 2600 3386
185 540 3387
1519 1844 3388
459 1882 3389
498 2455 3390
559 2142 3391
273 875 3392
374 926 3393
975 2730 3394
1233 1235 3395
409 1564 3396
432 1215 3397
945 1039 3398
1587 1811 3399
1885 1886 3400
2019 2339 3401
2152 2153 3402
302 1436 3403
1266 2607 3404
255 2163 3405
397 1856 3406
373 730 3407
503 1209 3408
794 1224 3409
2023 2538 3410
258 261 3411
2034 2036 3412
1268 2550 3413
1117 2602 3414
2595 2596 3415
222 1360 3416
2180 2312 3417
516 901 3418
2107 2109 3419
460 1466 3420
2167 2168 3421
1100 2320 3422
659 1010 3423
303 2518 3424
853 855 3425
2305 2595 3426
226 715 3427
1556 1557 3428
2152 2154 3429
253 2163 3430
861 2253 3431
548 1885 3432
1043 1168 3433
1044 1500 3434
727 1202 3435
758 1226 3436
1555 1557 3437
2135 2595 3438
2135 2305 3439
559 2433 3440
240 1279 3441
414 1051 3442
1117 2155 3443
19 76 3444
770 1068 3445
1656 1714 3446
859 2253 3447
1070 1074 3448
599 2546 3449
816 1143 3450
1184 1186 3451
19 1201 3452
6 137 3453
329 853 3454
958 960 3455
1184 2012 3456
324 935 3457
396 1284 3458
224 1214 3459
253 2164 3460
988 1182 3461
490 2350 3462
2108 2109 3463
1074 2095 3464
440 816 3465
592 2161 3466
2150 2597 3467
233 755 3468
329 1053 3469
478 1222 3470
708 709 3471
1034 1348 3472
229 428 3473
414 1053 3474
1044 1168 3475
262 1811 3476
910 2325 3477
1215 1217 3478
1482 1656 3479
947 948 3480
2473 2475 3481
48 96 3482
459 1771 3483
795 2171 3484
1115 1980 3485
2636 2637 3486
210 1473 3487
659 2251 3488
592 1750 3489
255 2164 3490
572 1354 3491
2107 2108 3492
193 194 3493
1222 1873 3494
1926 2150 3495
1070 1656 3496
358 770 3497
1302 2251 3498
696 1268 3499
958 959 3500
427 1071 3501
794 1226 3502
816 1524 3503
773 1226 3504
1232 1233 3505
388 393 3506
1235 1236 3507
308 823 3508
729 730 3509
1211 1212 3510
1278 1279 3511
659 2000 3512
1217 1218 3513
1808 1809 3514
458 459 3515
1117 1182 3516
2382 2636 3517
995 2647 3518
1303 2251 3519
19 77 3520
374 734 3521
1186 1189 3522
185 210 3523
246 249 3524
185 541 3525
358 1207 3526
358 1280 3527
432 1217 3528
442 1482 3529
372 1070 3530
773 1224 3531
1354 2174 3532
238 760 3533
1215 1219 3534
1056 1057 3535
1115 2533 3536
2011 2175 3537
1224 1225 3538
215 1011 3539
561 2244 3540
2011 2174 3541
1302 2324 3542
1805 2148 3543
454 1711 3544
726 1540 3545
1598 1599 3546
2113 2114 3547
541 945 3548
1524 1533 3549
201 204 3550
1034 2651 3551
1774 2135 3552
1506 1507 3553
2352 2731 3554
259 261 3555
1260 2462 3556
412 1656 3557
498 1884 3558
1225 1226 3559
329 2125 3560
481 2251 3561
318 2257 3562
409 697 3563
910 1286 3564
309 952 3565
1232 1236 3566
930 1214 3567
139 358 3568
652 1208 3569
1354 2011 3570
412 2145 3571
1417 1418 3572
740 1292 3573
2344 2345 3574
373 1797 3575
397 1269 3576
1027 1223 3577
427 1804 3578
645 965 3579
469 975 3580
498 652 3581
442 1714 3582
1534 2167 3583
758 1224 3584
1034 1240 3585
429 696 3586
1233 1234 3587
335 1279 3588
334 1414 3589
1343 1344 3590
12 35 3591
403 1056 3592
2194 2228 3593
222 1358 3594
816 1470 3595
481 1973 3596
442 1478 3597
659 1366 3598
945 1042 3599
414 1518 3600
1342 1537 3601
176 1806 3602
934 935 3603
392 2174 3604
1117 2601 3605
2247 2248 3606
74 75 3607
129 177 3608
12 103 3609
392 681 3610
457 459 3611
1058 1059 3612
1928 2154 3613
2248 2249 3614
1354 2175 3615
1370 1371 3616
343 964 3617
920 2510 3618
238 758 3619
659 2278 3620
1047 1406 3621
329 2127 3622
1034 2428 3623
298 1519 3624
998 999 3625
561 2245 3626
2127 2130 3627
75 2352 3628
412 1368 3629
1234 1236 3630
2474 2475 3631
24 25 3632
1366 1835 3633
238 1508 3634
329 414 3635
548 1886 3636
780 1302 3637
913 915 3638
412 2541 3639
203 1204 3640
1340 1341 3641
599 2439 3642
2125 2131 3643
481 1919 3644
1555 1556 3645
1217 1219 3646
76 77 3647
432 1216 3648
1341 1342 3649
226 578 3650
694 696 3651
329 2131 3652
2173 2262 3653
190 401 3654
931 1783 3655
273 338 3656
228 229 3657
2171 2172 3658
1926 2597 3659
402 826 3660
73 74 3661
773 794 3662
1232 1235 3663
2382 2473 3664
392 2011 3665
2023 2639 3666
202 204 3667
1222 1874 3668
2127 2131 3669
918 920 3670
127 129 3671
1117 2156 3672
176 1807 3673
2130 2131 3674
918 2510 3675
1565 1738 3676
427 1712 3677
1302 1836 3678
349 1520 3679
727 1533 3680
1236 1237 3681
309 1479 3682
410 492 3683
598 599 3684
1928 2153 3685
2129 2131 3686
22 24 3687
1234 1235 3688
1044 2379 3689
901 902 3690
937 1184 3691
967 1759 3692
1233 1237 3693
899 900 3694
223 1214 3695
129 1329 3696
682 1935 3697
1068 1805 3698
1366 1834 3699
1815 2637 3700
901 903 3701
349 853 3702
397 1857 3703
350 414 3704
1482 1714 3705
75 1021 3706
354 758 3707
1065 1067 3708
19 52 3709
1691 2640 3710
1815 2382 3711
329 2126 3712
481 2322 3713
352 1475 3714
659 1836 3715
1216 1219 3716
2126 2131 3717
2467 2468 3718
329 2129 3719
329 2132 3720
1044 1268 3721
2036 2037 3722
442 906 3723
1350 1353 3724
516 902 3725
2114 2115 3726
937 2260 3727
998 1329 3728
1526 2111 3729
2124 2130 3730
1875 1878 3731
329 2128 3732
1162 1269 3733
2131 2132 3734
298 1844 3735
308 358 3736
368 905 3737
2127 2129 3738
253 1294 3739
362 1238 3740
397 2076 3741
1216 1218 3742
308 1277 3743
2126 2127 3744
1706 2354 3745
2124 2131 3746
698 1251 3747
795 2170 3748
2125 2130 3749
253 2260 3750
572 681 3751
298 1149 3752
1184 1469 3753
1047 1405 3754
700 1292 3755
2127 2132 3756
1014 2077 3757
1215 1218 3758
253 255 3759
72 75 3760
481 2278 3761
1352 1353 3762
340 368 3763
35 103 3764
936 937 3765
1232 1234 3766
2126 2130 3767
278 1332 3768
362 1236 3769
490 2273 3770
141 1699 3771
349 1372 3772
1286 2325 3773
387 443 3774
387 573 3775
478 727 3776
912 1808 3777
2129 2132 3778
2125 2127 3779
2125 2129 3780
49 154 3781
494 816 3782
1891 2248 3783
795 2173 3784
1215 1216 3785
648 649 3786
23 24 3787
1052 2359 3788
2129 2130 3789
2130 2132 3790
469 1363 3791
383 385 3792
824 1638 3793
1212 1213 3794
2126 2129 3795
329 2123 3796
129 1509 3797
2124 2126 3798
2124 2127 3799
167 168 3800
1158 1159 3801
2473 2637 3802
2259 2260 3803
358 1847 3804
975 1544 3805
959 960 3806
245 1095 3807
1209 1343 3808
2059 2142 3809
72 73 3810
100 102 3811
498 1027 3812
2125 2126 3813
407 408 3814
2126 2132 3815
308 410 3816
1156 1611 3817
329 2130 3818
53 421 3819
2123 2127 3820
226 2143 3821
238 690 3822
937 2258 3823
72 74 3824
2635 2636 3825
412 1714 3826
1216 1217 3827
1001 1034 3828
794 1225 3829
943 945 3830
222 1359 3831
326 935 3832
1807 2250 3833
392 2175 3834
247 249 3835
773 1225 3836
2093 2094 3837
2125 2132 3838
1209 1344 3839
442 2038 3840
2128 2131 3841
129 153 3842
2124 2132 3843
221 2638 3844
255 1294 3845
1068 2148 3846
403 1707 3847
65 69 3848
361 365 3849
1235 1237 3850
1421 1554 3851
698 1194 3852
1928 2152 3853
373 1083 3854
2124 2129 3855
1263 2521 3856
2124 2125 3857
38 94 3858
255 937 3859
1875 2108 3860
414 1520 3861
2123 2125 3862
1149 1844 3863
443 1260 3864
2126 2128 3865
481 1920 3866
392 572 3867
860 1957 3868
2173 2263 3869
400 403 3870
226 1701 3871
1418 1419 3872
1070 1714 3873
54 74 3874
613 2321 3875
1023 1520 3876
403 1522 3877
2128 2129 3878
324 934 3879
2128 2130 3880
308 2626 3881
309 423 3882
185 944 3883
374 517 3884
937 2259 3885
777 778 3886
262 1587 3887
264 964 3888
206 1193 3889
297 1449 3890
481 812 3891
795 2263 3892
2128 2132 3893
2118 2345 3894
2171 2173 3895
412 1482 3896
2172 2173 3897
2174 2175 3898
1302 1366 3899
261 1477 3900
1262 1263 3901
323 324 3902
1354 2282 3903
308 804 3904
397 1162 3905
912 1809 3906
229 996 3907
403 1192 3908
1111 1112 3909
1518 1519 3910
2352 2672 3911
383 386 3912
1260 1262 3913
1302 2278 3914
2123 2131 3915
383 384 3916
2123 2130 3917
2127 2128 3918
1928 2640 3919
478 1533 3920
54 73 3921
362 1233 3922
559 2053 3923
1232 1237 3924
2028 2507 3925
1302 2187 3926
1481 1482 3927
785 860 3928
412 1369 3929
2193 2269 3930
2268 2269 3931
65 68 3932
2172 2263 3933
253 2259 3934
696 1498 3935
442 1070 3936
278 1553 3937
648 2343 3938
2123 2126 3939
853 854 3940
2123 2129 3941
559 2059 3942
659 2324 3943
408 409 3944
516 903 3945
795 2172 3946
1811 1936 3947
73 75 3948
308 2625 3949
541 943 3950
2170 2173 3951
302 1448 3952
329 2124 3953
2123 2132 3954
909 2325 3955
920 2509 3956
1875 2107 3957
770 2148 3958
1518 1520 3959
1894 2439 3960
1210 1212 3961
2047 2049 3962
1234 1237 3963
2125 2128 3964
66 69 3965
659 2187 3966
1366 2069 3967
112 148 3968
498 1223 3969
1622 2185 3970
246 247 3971
1942 2270 3972
389 681 3973
65 66 3974
2011 2282 3975
2123 2124 3976
381 548 3977
758 1225 3978
1934 1935 3979
592 2347 3980
1100 2427 3981
2244 2245 3982
758 773 3983
296 861 3984
308 411 3985
313 365 3986
360 1709 3987
352 1476 3988
1268 1500 3989
344 1475 3990
443 1504 3991
777 924 3992
481 1366 3993
909 1286 3994
2193 2268 3995
276 278 3996
2258 2259 3997
758 794 3998
309 927 3999
1070 1369 4000
253 2691 4001
365 1710 4002
2258 2260 4003
112 114 4004
267 268 4005
2473 2635 4006
68 69 4007
19 2507 4008
481 1836 4009
2341 2343 4010
1875 2109 4011
599 1894 4012
1117 1738 4013
65 67 4014
343 645 4015
976 2053 4016
1001 2428 4017
205 1001 4018
758 759 4019
403 1700 4020
727 1184 4021
1023 1519 4022
1143 2012 4023
296 859 4024
2034 2037 4025
440 1186 4026
1546 1548 4027
2265 2269 4028
253 254 4029
349 352 4030
412 1070 4031
1480 1482 4032
1486 1807 4033
66 68 4034
770 1805 4035
117 210 4036
233 2430 4037
995 2648 4038
54 72 4039
403 1057 4040
459 940 4041
902 903 4042
442 1928 4043
443 1263 4044
478 937 4045
412 1526 4046
490 1305 4047
19 155 4048
255 2691 4049
157 373 4050
9 121 4051
238 354 4052
387 388 4053
1470 1533 4054
1750 2264 4055
362 1234 4056
33 103 4057
344 349 4058
740 2532 4059
761 1549 4060
1003 1366 4061
1815 2635 4062
1254 1892 4063
893 1713 4064
255 2258 4065
2034 2035 4066
2352 2671 4067
176 464 4068
541 2058 4069
1113 1115 4070
1366 1836 4071
861 1449 4072
127 153 4073
443 2517 4074
190 2122 4075
313 361 4076
344 352 4077
1475 1476 4078
2123 2128 4079
352 1372 4080
54 75 4081
1375 1517 4082
324 326 4083
167 169 4084
352 414 4085
2124 2128 4086
816 1471 4087
284 473 4088
415 1489 4089
853 1518 4090
943 944 4091
1849 1851 4092
109 120 4093
176 2346 4094
253 2258 4095
1405 1406 4096
2035 2037 4097
2473 2474 4098
344 1372 4099
362 1235 4100
1547 1548 4101
1186 1187 4102
873 1500 4103
1366 1832 4104
358 1699 4105
360 364 4106
296 297 4107
1184 1524 4108
255 2259 4109
659 780 4110
853 856 4111
541 2424 4112
1358 1360 4113
302 853 4114
1815 2636 4115
2228 2268 4116
360 1710 4117
1342 1652 4118
1500 1501 4119
67 69 4120
1447 1495 4121
1811 2605 4122
365 1708 4123
344 1476 4124
468 975 4125
1214 1277 4126
2265 2268 4127
1359 1360 4128
2267 2269 4129
394 396 4130
1261 2521 4131
2193 2265 4132
918 2509 4133
309 735 4134
66 67 4135
412 1525 4136
2093 2095 4137
128 129 4138
2349 2350 4139
2265 2267 4140
67 68 4141
196 198 4142
1470 2012 4143
255 2260 4144
2193 2267 4145
220 1360 4146
297 1436 4147
1709 1710 4148
233 2020 4149
853 1520 4150
740 2530 4151
219 1360 4152
82 103 4153
350 853 4154
356 373 4155
49 155 4156
412 1478 4157
1023 1518 4158
1187 1470 4159
19 119 4160
1070 1482 4161
1839 1841 4162
323 326 4163
2094 2095 4164
481 2324 4165
498 1208 4166
2340 2343 4167
109 118 4168
32 255 4169
490 2354 4170
1305 2030 4171
1708 1710 4172
1184 1470 4173
410 411 4174
2267 2268 4175
770 1699 4176
109 119 4177
255 2423 4178
853 1053 4179
690 758 4180
778 924 4181
1491 1493 4182
232 233 4183
429 1268 4184
219 1359 4185
1277 1494 4186
481 2187 4187
2118 2344 4188
127 128 4189
1708 1709 4190
2053 2059 4191
1919 1973 4192
460 1112 4193
127 152 4194
1608 1610 4195
1143 1187 4196
1489 1490 4197
459 1474 4198
2342 2343 4199
128 153 4200
220 1359 4201
273 758 4202
365 1709 4203
1375 2331 4204
29 80 4205
411 582 4206
1839 1842 4207
2671 2672 4208
412 1366 4209
1276 1277 4210
296 1436 4211
334 1516 4212
344 414 4213
1366 1368 4214
248 1266 4215
397 2516 4216
254 255 4217
198 200 4218
859 1449 4219
859 1436 4220
219 222 4221
360 365 4222
364 1709 4223
362 1232 4224
185 850 4225
1143 1533 4226
1214 1494 4227
2228 2269 4228
2265 2266 4229
219 1358 4230
698 1657 4231
308 2624 4232
263 1904 4233
761 2360 4234
141 358 4235
2193 2266 4236
1482 1483 4237
1832 1834 4238
326 934 4239
2228 2265 4240
20 24 4241
1920 1973 4242
364 365 4243
2273 2354 4244
220 222 4245
541 2522 4246
440 1471 4247
442 2627 4248
220 1358 4249
760 1508 4250
1610 1611 4251
218 1360 4252
362 2198 4253
1143 1184 4254
424 427 4255
217 222 4256
1839 1840 4257
308 1214 4258
426 427 4259
109 1511 4260
1538 1539 4261
1804 1843 4262
1182 1738 4263
2280 2358 4264
253 937 4265
559 976 4266
1294 2423 4267
2266 2268 4268
384 1018 4269
361 363 4270
861 1436 4271
2136 2432 4272
797 2173 4273
9 61 4274
481 1841 4275
273 1062 4276
384 385 4277
412 1367 4278
648 2340 4279
1840 1841 4280
262 1557 4281
740 2531 4282
273 759 4283
906 1478 4284
152 153 4285
367 369 4286
478 816 4287
1497 1500 4288
219 220 4289
376 427 4290
360 1708 4291
61 93 4292
2193 2228 4293
313 1710 4294
2266 2269 4295
2228 2267 4296
226 577 4297
1156 1610 4298
376 2703 4299
166 167 4300
1400 1404 4301
412 1480 4302
19 749 4303
19 49 4304
32 2326 4305
464 2346 4306
2473 2636 4307
218 1359 4308
186 1162 4309
481 780 4310
218 222 4311
1159 1517 4312
557 1111 4313
405 797 4314
118 120 4315
19 118 4316
253 2423 4317
385 1018 4318
1034 2336 4319
49 749 4320
368 758 4321
797 1551 4322
860 1421 4323
368 759 4324
2336 2651 4325
218 220 4326
262 1556 4327
362 1237 4328
853 1519 4329
2228 2266 4330
364 1710 4331
1261 1947 4332
218 1358 4333
1917 1920 4334
377 2638 4335
33 35 4336
1112 1466 4337
2340 2341 4338
1833 1834 4339
759 760 4340
412 1481 4341
1358 1359 4342
19 1511 4343
1114 1115 4344
248 249 4345
1742 2187 4346
302 1151 4347
354 759 4348
1302 1742 4349
1928 2619 4350
19 2028 4351
247 248 4352
780 2187 4353
1117 2327 4354
1517 2331 4355
2275 2331 4356
19 120 4357
2266 2267 4358
2000 2136 4359
83 381 4360
412 1483 4361
19 124 4362
114 115 4363
1841 1842 4364
72 259 4365
557 1112 4366
1941 2007 4367
1537 1539 4368
1691 1928 4369
1537 1538 4370
1742 2324 4371
2341 2342 4372
362 363 4373
860 1554 4374
119 120 4375
440 1524 4376
33 82 4377
354 418 4378
364 1708 4379
41 80 4380
967 1944 4381
118 119 4382
29 41 4383
1806 1807 4384
494 1470 4385
141 770 4386
2187 2324 4387
118 1511 4388
313 1708 4389
2347 2348 4390
186 2076 4391
648 2341 4392
1550 1551 4393
976 2059 4394
1840 1842 4395
1917 1919 4396
128 152 4397
1517 2275 4398
468 1544 4399
659 1742 4400
2328 2330 4401
415 853 4402
873 1501 4403
1500 1502 4404
1920 1921 4405
35 82 4406
490 816 4407
481 1842 4408
120 1511 4409
503 1491 4410
1470 1471 4411
922 2118 4412
1815 2473 4413
1438 2335 4414
1917 1921 4415
1184 1471 4416
740 1716 4417
217 220 4418
230 698 4419
795 1854 4420
2340 2342 4421
259 260 4422
258 260 4423
648 2342 4424
2424 2522 4425
186 1856 4426
759 1508 4427
152 1509 4428
217 219 4429
1186 1469 4430
460 1111 4431
964 1447 4432
1438 2334 4433
72 258 4434
780 2324 4435
414 415 4436
481 1742 4437
1608 1611 4438
1157 1786 4439
313 1709 4440
1931 2111 4441
119 1511 4442
254 2691 4443
490 1187 4444
72 1477 4445
1117 2330 4446
155 749 4447
1919 1921 4448
1186 1470 4449
758 760 4450
1227 2323 4451
2327 2330 4452
1400 1474 4453
218 219 4454
1263 1925 4455
1713 2304 4456
185 2522 4457
918 2512 4458
1597 1941 4459
302 1438 4460
387 1260 4461
1366 1833 4462
1414 1516 4463
185 943 4464
1151 2008 4465
72 261 4466
727 1470 4467
1409 2630 4468
193 1512 4469
1525 1527 4470
459 1404 4471
2000 2432 4472
29 61 4473
185 977 4474
405 1551 4475
964 2005 4476
758 1508 4477
1151 2335 4478
1260 2521 4479
377 1411 4480
853 1023 4481
1117 2329 4482
690 760 4483
1597 2007 4484
2327 2328 4485
1438 2008 4486
217 218 4487
1117 2328 4488
2334 2335 4489
414 1490 4490
1832 1833 4491
727 1471 4492
854 1993 4493
2509 2510 4494
238 368 4495
1261 2517 4496
1113 1114 4497
853 1490 4498
186 1269 4499
29 121 4500
221 377 4501
443 1261 4502
1001 2336 4503
387 392 4504
1111 1466 4505
478 2012 4506
481 1840 4507
246 248 4508
296 302 4509
72 260 4510
1261 1504 4511
278 1552 4512
302 2334 4513
2329 2330 4514
2510 2512 4515
313 364 4516
186 397 4517
854 860 4518
1263 1505 4519
321 354 4520
403 410 4521
185 2424 4522
387 393 4523
1143 1471 4524
1268 1501 4525
1990 1991 4526
196 200 4527
1263 1504 4528
443 1925 4529
1151 2334 4530
740 2529 4531
1499 1500 4532
2038 2627 4533
2327 2329 4534
1497 1501 4535
1936 2605 4536
363 365 4537
412 1715 4538
1263 1947 4539
2328 2329 4540
481 1839 4541
873 1497 4542
2526 2527 4543
920 2512 4544
387 1261 4545
873 1268 4546
1023 1053 4547
727 1523 4548
1143 1186 4549
1495 1496 4550
1447 1496 4551
690 759 4552
266 409 4553
700 2529 4554
377 427 4555
850 943 4556
377 628 4557
412 2195 4558
797 1854 4559
1486 1488 4560
2511 2512 4561
469 1544 4562
1469 1471 4563
690 1508 4564
258 259 4565
780 1742 4566
1480 1481 4567
260 1477 4568
1481 1483 4569
19 116 4570
1157 1503 4571
186 1857 4572
377 2703 4573
407 409 4574
459 1400 4575
700 1716 4576
774 778 4577
2647 2648 4578
313 360 4579
512 1465 4580
338 446 4581
360 363 4582
1811 2184 4583
1487 1488 4584
425 427 4585
853 1448 4586
795 797 4587
1990 2535 4588
1480 1483 4589
61 121 4590
967 1945 4591
818 1568 4592
1292 2532 4593
387 681 4594
415 1490 4595
700 2531 4596
297 302 4597
387 572 4598
1143 1470 4599
873 1044 4600
541 977 4601
389 572 4602
700 2532 4603
1504 2517 4604
440 1470 4605
478 1523 4606
1260 1505 4607
740 2528 4608
1527 1931 4609
478 1471 4610
1261 1925 4611
1292 1716 4612
1486 1487 4613
1499 1502 4614
943 2522 4615
1919 1920 4616
727 1524 4617
389 392 4618
1523 1524 4619
1940 2007 4620
366 368 4621
302 859 4622
774 777 4623
1263 2517 4624
309 311 4625
1478 2038 4626
231 233 4627
727 1143 4628
1478 2627 4629
363 364 4630
1260 1947 4631
414 1489 4632
1151 1438 4633
366 369 4634
1184 1523 4635
1277 1545 4636
258 1477 4637
964 1495 4638
2512 2527 4639
1044 1502 4640
1268 1497 4641
1940 1941 4642
2512 2526 4643
818 1567 4644
360 362 4645
366 367 4646
761 762 4647
1292 2530 4648
854 1994 4649
1044 1499 4650
1920 2178 4651
387 1263 4652
186 1817 4653
383 1018 4654
1292 2531 4655
1044 1497 4656
379 381 4657
700 2530 4658
1156 1157 4659
1496 2005 4660
1023 1448 4661
1260 2517 4662
1552 1553 4663
313 363 4664
259 1477 4665
1504 1925 4666
440 727 4667
964 1559 4668
694 1268 4669
429 1501 4670
700 2528 4671
943 2424 4672
302 1449 4673
384 386 4674
440 478 4675
362 364 4676
302 861 4677
1292 2529 4678
1470 1524 4679
440 1523 4680
1260 1925 4681
429 694 4682
1044 1501 4683
1186 1471 4684
362 365 4685
1260 1504 4686
429 1044 4687
1292 2528 4688
1527 2111 4689
478 1524 4690
277 379 4691
296 1449 4692
412 1527 4693
1471 1524 4694
372 375 4695
1143 1524 4696
429 873 4697
440 1143 4698
429 1500 4699
694 1044 4700
313 362 4701
232 2430 4702
379 380 4703
964 1496 4704
385 386 4705
478 1184 4706
1044 1498 4707
1469 1470 4708
201 202 4709
350 352 4710
186 2516 4711
387 389 4712
1993 1994 4713
1470 1523 4714
1925 2517 4715
2509 2512 4716
284 1617 4717
2531 2532 4718
276 1552 4719
1919 2178 4720
6 151 4721
206 207 4722
1941 2623 4723
1408 2320 4724
296 1448 4725
302 1023 4726
284 2121 4727
1597 1940 4728
1773 2704 4729
1471 1523 4730
232 2020 4731
853 1449 4732
283 284 4733
694 1501 4734
2530 2532 4735
1716 2532 4736
2530 2531 4737
1268 1498 4738
429 1497 4739
344 350 4740
694 1500 4741
191 1937 4742
1408 2427 4743
1498 1500 4744
1597 2623 4745
2528 2531 4746
387 2517 4747
94 584 4748
694 1497 4749
2529 2532 4750
309 422 4751
2529 2531 4752
387 1504 4753
2528 2532 4754
231 2430 4755
1716 2531 4756
275 379 4757
1143 1469 4758
1773 2632 4759
411 2626 4760
6 7 4761
186 1773 4762
873 1498 4763
296 853 4764
1716 2530 4765
372 377 4766
273 368 4767
1436 1449 4768
694 873 4769
387 1925 4770
1417 1419 4771
1912 1913 4772
231 2020 4773
429 1498 4774
2632 2704 4775
1498 1501 4776
1716 2528 4777
207 1542 4778
2529 2530 4779
207 1541 4780
1143 1523 4781
231 232 4782
387 390 4783
425 426 4784
1497 1498 4785
2528 2530 4786
1716 2529 4787
1448 1449 4788
478 1470 4789
2320 2427 4790
6 140 4791
23 25 4792
206 1542 4793
1498 1499 4794
376 377 4795
2528 2529 4796
375 376 4797
694 1498 4798
22 25 4799
371 374 4800
296 1023 4801
1023 1449 4802
1940 2623 4803
206 1541 4804
411 2624 4805
411 2625 4806
1855 1912 4807
478 1143 4808
1478 1928 4809
1498 1502 4810
190 192 4811
1899 1900 4812
1567 1568 4813
373 374 4814
1855 1900 4815
189 190 4816
189 192 4817
372 374 4818
424 425 4819
424 426 4820
378 379 4821
2625 2626 4822
2196 2620 4823
20 25 4824
22 23 4825
370 371 4826
370 377 4827
372 373 4828
373 376 4829
372 376 4830
2624 2625 4831
274 2196 4832
371 373 4833
380 381 4834
1541 1542 4835
274 2620 4836
371 377 4837
387 391 4838
191 192 4839
190 191 4840
1899 1912 4841
1855 1899 4842
2624 2626 4843
20 23 4844
370 373 4845
1944 1945 4846
378 381 4847
370 375 4848
275 277 4849
2050 2051 4850
20 22 4851
277 381 4852
373 375 4853
374 376 4854
189 191 4855
374 377 4856
275 381 4857
370 374 4858
373 377 4859
275 380 4860
371 375 4861
374 375 4862
277 380 4863
277 378 4864
275 378 4865
370 376 4866
378 380 4867
390 391 4868
371 376 4869
375 377 4870
