1729 1733 1
2089 2398 2
2678 2679 3
1729 1730 4
2313 2398 5
2398 2659 6
1729 1732 7
460 515 8
1729 1734 9
442 1253 10
2089 2313 11
136 1729 12
1733 1734 13
1803 2615 14
1253 1255 15
2448 2617 16
136 1733 17
2448 2618 18
2677 2678 19
1732 1733 20
1803 2371 21
1730 1734 22
2446 2617 23
1388 2662 24
1730 1732 25
1253 1254 26
1388 2661 27
1730 1733 28
2677 2679 29
1732 1734 30
1731 1733 31
2402 2451 32
2446 2618 33
1729 1731 34
423 2089 35
808 809 36
1731 1732 37
2313 2659 38
2617 2618 39
136 1731 40
1253 2578 41
1803 2614 42
2389 2391 43
553 818 44
1731 1734 45
1803 2678 46
136 1730 47
651 844 48
1730 1731 49
136 1732 50
1764 1765 51
1803 2370 52
843 844 53
2089 2659 54
2390 2391 55
553 819 56
689 690 57
101 1803 58
614 1764 59
1254 1255 60
460 829 61
2389 2390 62
660 991 63
1803 2679 64
442 1254 65
1387 2662 66
1007 2384 67
1803 2609 68
1835 2617 69
2446 2448 70
2404 2451 71
614 1765 72
1253 1579 73
2371 2456 74
832 2389 75
1803 2383 76
1835 2446 77
227 1253 78
690 1726 79
2281 2391 80
1835 2448 81
629 651 82
1084 2389 83
136 1734 84
229 808 85
1803 2456 86
2357 2404 87
2402 2404 88
1862 2391 89
2357 2402 90
993 994 91
1803 2599 92
227 1254 93
1422 1423 94
2357 2451 95
2403 2451 96
832 1084 97
2456 2599 98
2614 2615 99
838 839 100
2281 2451 101
832 2391 102
2371 2383 103
1084 2391 104
1765 2612 105
2384 2385 106
1764 2612 107
2404 2450 108
2450 2451 109
227 442 110
1423 1424 111
1007 2385 112
1803 2616 113
1253 1578 114
589 1637 115
2456 2616 116
1803 2608 117
651 843 118
1584 2658 119
2357 2452 120
651 1735 121
176 822 122
2371 2599 123
1422 1424 124
2281 2452 125
2371 2449 126
2449 2456 127
2451 2452 128
1044 1637 129
460 1532 130
629 650 131
1025 1250 132
156 2386 133
1380 1383 134
2281 2404 135
2403 2450 136
651 984 137
1387 1388 138
2371 2616 139
2402 2452 140
1025 1249 141
1044 1296 142
1803 2677 143
2402 2450 144
2357 2450 145
2608 2609 146
2281 2450 147
210 374 148
829 830 149
844 845 150
614 2612 151
1803 2610 152
1084 2390 153
2281 2357 154
629 1735 155
1835 2618 156
808 1064 157
442 1255 158
981 983 159
2404 2452 160
2450 2452 161
832 2390 162
982 983 163
1803 1848 164
2357 2401 165
1002 1008 166
2357 2403 167
101 2371 168
2392 2394 169
608 1765 170
692 1005 171
821 2613 172
156 2372 173
2281 2403 174
423 2313 175
188 1020 176
329 1803 177
981 982 178
506 1008 179
1803 2449 180
2402 2403 181
506 1002 182
646 992 183
26 837 184
383 1536 185
829 1532 186
2401 2402 187
823 984 188
650 651 189
505 1338 190
2281 2402 191
2401 2404 192
460 487 193
1380 1382 194
2370 2371 195
692 1006 196
2399 2407 197
5 837 198
423 2398 199
86 1331 200
963 2699 201
1025 1105 202
1105 1249 203
1432 1764 204
176 954 205
1578 1579 206
984 1337 207
843 845 208
2403 2452 209
692 997 210
2403 2404 211
2281 2611 212
2369 2370 213
651 1337 214
1025 1737 215
329 2615 216
532 983 217
1848 2370 218
487 829 219
698 984 220
984 1339 221
993 1384 222
85 1322 223
1376 1377 224
227 1255 225
837 1252 226
651 698 227
690 980 228
1631 1727 229
2401 2403 230
2443 2444 231
176 454 232
589 1044 233
993 995 234
1309 1331 235
14 554 236
532 982 237
1862 2357 238
1105 1250 239
53 1736 240
810 1637 241
869 1241 242
515 829 243
1717 1718 244
1721 1722 245
740 777 246
1054 2412 247
329 2608 248
1249 1250 249
1631 1632 250
821 1533 251
1421 1424 252
690 963 253
1526 2397 254
808 1772 255
651 845 256
826 1322 257
5 26 258
85 86 259
543 1526 260
1380 1381 261
200 1006 262
460 967 263
672 1461 264
2281 2401 265
1183 1531 266
1803 2369 267
129 603 268
589 1296 269
2097 2372 270
1309 1330 271
101 2370 272
994 1385 273
815 821 274
998 999 275
910 1390 276
2407 2442 277
156 2097 278
156 199 279
1254 1892 280
742 2392 281
1318 1388 282
1848 2369 283
1722 1723 284
1330 1331 285
1389 1390 286
642 1723 287
2443 2445 288
460 830 289
984 1338 290
1721 1723 291
724 1296 292
1318 2357 293
642 1721 294
242 661 295
15 1374 296
1719 1721 297
1254 2338 298
672 673 299
644 1721 300
515 2441 301
1296 1637 302
1637 1725 303
329 2609 304
838 840 305
993 1385 306
125 868 307
589 724 308
1584 1585 309
2097 2386 310
86 1311 311
1736 2562 312
1862 2404 313
911 1390 314
2444 2445 315
2448 2571 316
642 1722 317
824 1638 318
470 987 319
553 2690 320
642 1719 321
676 1575 322
1631 1728 323
629 698 324
834 869 325
87 1331 326
837 1639 327
86 1322 328
1253 1298 329
64 165 330
515 830 331
26 1639 332
622 1241 333
1002 2406 334
623 2395 335
85 1331 336
1426 1428 337
329 2371 338
1719 1722 339
1862 2451 340
622 869 341
1421 1423 342
85 233 343
423 2659 344
603 998 345
86 592 346
447 701 347
999 1534 348
1720 1721 349
1720 1723 350
644 1722 351
834 1241 352
101 2369 353
442 894 354
830 1532 355
642 644 356
242 728 357
689 1726 358
644 1723 359
808 1313 360
1052 1643 361
2357 2591 362
643 1722 363
1005 1006 364
532 981 365
712 1054 366
1719 1723 367
589 1725 368
643 1721 369
1054 2411 370
1862 2402 371
2448 2725 372
642 1720 373
589 1648 374
470 1086 375
2402 2460 376
815 1184 377
1382 1383 378
2 954 379
775 1430 380
910 1389 381
542 543 382
552 553 383
994 995 384
696 2385 385
199 2386 386
644 1719 387
1721 1724 388
125 2380 389
1384 1385 390
233 592 391
85 87 392
744 822 393
1381 1382 394
515 2408 395
1322 1323 396
1330 2368 397
1862 2403 398
1727 1728 399
676 1640 400
692 996 401
642 643 402
1183 1574 403
2281 2460 404
1862 2452 405
278 827 406
643 1719 407
676 1263 408
329 2456 409
1727 2724 410
520 640 411
242 1580 412
644 1720 413
1318 1387 414
1722 1724 415
1720 1722 416
460 2441 417
728 842 418
1428 1430 419
199 1387 420
486 2226 421
504 521 422
532 1584 423
775 1426 424
775 1427 425
1002 2634 426
731 2417 427
1637 1648 428
698 1338 429
266 1727 430
642 1724 431
573 995 432
698 1339 433
1723 1724 434
698 1337 435
456 504 436
2447 2448 437
515 1532 438
454 822 439
1427 1428 440
505 1339 441
1720 1724 442
793 868 443
1383 1535 444
775 1428 445
1648 1725 446
2399 2442 447
643 644 448
2571 2725 449
1719 1720 450
718 1316 451
1338 1339 452
1572 1959 453
643 1720 454
1426 1430 455
589 810 456
775 1429 457
573 993 458
520 639 459
603 1329 460
2588 2743 461
643 1723 462
229 809 463
994 1384 464
85 592 465
176 743 466
651 1339 467
374 989 468
728 748 469
674 675 470
911 1389 471
60 238 472
197 199 473
474 1727 474
2378 2379 475
199 2372 476
350 635 477
244 674 478
1824 2443 479
1753 2388 480
1427 1430 481
1531 1574 482
1337 1339 483
87 1322 484
1428 1429 485
92 837 486
553 1638 487
644 1724 488
651 1338 489
86 233 490
14 238 491
679 1247 492
1862 2450 493
811 1374 494
85 1311 495
486 1672 496
998 1329 497
266 474 498
596 816 499
87 592 500
1824 2444 501
810 1648 502
444 504 503
2281 2591 504
1006 1767 505
815 816 506
848 849 507
805 806 508
1147 1377 509
815 2732 510
486 2705 511
647 1571 512
818 1006 513
101 1848 514
108 134 515
1426 1429 516
1803 2744 517
543 2397 518
351 1376 519
609 614 520
740 1764 521
608 614 522
53 1006 523
692 1315 524
747 748 525
233 690 526
592 826 527
329 2614 528
743 822 529
1309 1311 530
613 614 531
868 2380 532
684 1489 533
1282 1389 534
87 233 535
334 1008 536
815 1533 537
676 887 538
199 2097 539
199 2357 540
542 2738 541
633 635 542
2447 2725 543
487 515 544
532 1585 545
454 744 546
199 2110 547
222 733 548
2371 2714 549
646 647 550
1298 1579 551
1489 1756 552
222 732 553
2680 2743 554
993 2664 555
1717 2382 556
596 815 557
611 614 558
1025 2707 559
542 1526 560
573 1385 561
718 726 562
460 2408 563
1254 2190 564
2110 2400 565
134 181 566
622 834 567
629 1301 568
1318 1862 569
456 2361 570
1381 1383 571
2371 2715 572
676 1576 573
553 824 574
26 158 575
86 87 576
1309 1310 577
244 676 578
554 662 579
612 614 580
586 1536 581
554 663 582
510 554 583
1229 2357 584
2705 2706 585
408 474 586
2447 2571 587
394 396 588
818 1342 589
1719 1724 590
1637 2453 591
827 1581 592
1292 2101 593
698 1301 594
2671 2672 595
1044 2378 596
1292 2103 597
1308 1309 598
199 1388 599
238 741 600
676 978 601
1489 1755 602
1528 2281 603
724 1044 604
1052 2359 605
2226 2705 606
395 396 607
676 2685 608
5 1639 609
2101 2708 610
244 887 611
696 2384 612
766 1106 613
1427 1429 614
492 1184 615
542 1060 616
242 482 617
696 1007 618
822 1573 619
2276 2449 620
433 806 621
444 521 622
744 1325 623
242 1238 624
1426 1427 625
1308 1311 626
444 505 627
675 887 628
1672 2705 629
199 1318 630
408 1727 631
1104 1105 632
474 1375 633
14 663 634
2352 2672 635
487 2408 636
1316 1317 637
818 887 638
464 2454 639
1054 1170 640
995 1385 641
1337 1338 642
440 894 643
659 684 644
341 1033 645
607 614 646
1386 2701 647
692 1236 648
1421 1422 649
1848 2697 650
456 1386 651
676 1431 652
1812 2416 653
204 1342 654
718 1317 655
662 663 656
1672 2226 657
87 1311 658
343 1284 659
520 638 660
1391 1489 661
470 472 662
2101 2103 663
199 2400 664
492 816 665
692 693 666
995 1384 667
766 2470 668
1378 1379 669
592 1296 670
629 631 671
1326 1328 672
1310 1311 673
198 955 674
596 1533 675
766 2471 676
674 676 677
737 999 678
1773 2704 679
455 456 680
264 1184 681
404 1184 682
454 743 683
610 614 684
520 691 685
1718 2382 686
996 1315 687
1500 2378 688
437 2369 689
1803 2589 690
176 464 691
2665 2684 692
2675 2676 693
741 742 694
1756 1757 695
478 820 696
638 691 697
569 1434 698
638 640 699
728 841 700
692 2668 701
993 2663 702
131 182 703
676 1038 704
1848 2733 705
15 1375 706
227 1578 707
242 485 708
1862 2401 709
1362 2674 710
668 669 711
53 1004 712
640 691 713
608 609 714
609 612 715
808 1314 716
1582 1758 717
744 1324 718
816 1184 719
1289 1326 720
814 2674 721
1050 1052 722
639 640 723
439 894 724
1044 2379 725
744 1573 726
887 978 727
756 827 728
2352 2671 729
638 639 730
2680 2700 731
729 731 732
2675 2702 733
603 1299 734
676 2698 735
875 1818 736
210 989 737
655 658 738
1119 2736 739
374 596 740
564 2706 741
2588 2680 742
497 498 743
1315 2668 744
504 685 745
849 868 746
1526 2738 747
742 1378 748
15 811 749
351 1377 750
609 611 751
766 2472 752
814 1362 753
675 676 754
1298 1578 755
2101 2709 756
506 521 757
1755 1757 758
2352 2731 759
629 632 760
264 684 761
612 613 762
748 841 763
24 520 764
821 1184 765
238 554 766
676 1228 767
592 1637 768
818 827 769
446 521 770
629 630 771
1119 2735 772
334 1002 773
554 741 774
820 908 775
439 442 776
589 1647 777
264 1754 778
604 605 779
603 606 780
1429 1430 781
608 613 782
1574 2588 783
743 744 784
1862 2281 785
244 675 786
1812 2415 787
308 638 788
808 951 789
811 1375 790
611 613 791
654 658 792
1229 2281 793
233 664 794
444 446 795
1282 1390 796
2688 2706 797
573 2663 798
1500 2379 799
505 521 800
639 691 801
592 1322 802
2101 2745 803
777 778 804
962 1311 805
655 656 806
923 1119 807
454 1573 808
589 664 809
492 1533 810
614 2224 811
15 98 812
596 676 813
466 669 814
474 574 815
651 2515 816
667 669 817
737 998 818
643 1724 819
1755 1756 820
319 818 821
342 343 822
1006 1768 823
26 111 824
233 810 825
290 1064 826
404 816 827
550 1177 828
1862 2460 829
1753 2387 830
2400 2407 831
477 520 832
653 654 833
693 1315 834
394 395 835
374 1582 836
477 640 837
1004 1006 838
1754 1757 839
654 655 840
698 1251 841
603 605 842
641 1185 843
923 2736 844
199 1862 845
520 693 846
684 839 847
133 678 848
437 1803 849
1374 1375 850
549 553 851
667 668 852
341 1393 853
1184 2732 854
609 613 855
108 181 856
264 1755 857
643 1571 858
996 997 859
1106 2472 860
266 1631 861
517 1582 862
816 2732 863
1754 1755 864
2369 2744 865
470 1130 866
204 818 867
402 826 868
136 137 869
1862 2611 870
1308 1310 871
42 126 872
496 596 873
503 1025 874
646 1571 875
996 1236 876
603 604 877
826 1043 878
550 553 879
133 2593 880
244 1652 881
2504 2588 882
818 1581 883
1263 1375 884
630 698 885
676 1652 886
374 517 887
466 668 888
596 1184 889
624 626 890
1385 2664 891
2688 2705 892
396 1284 893
481 655 894
478 833 895
1773 2632 896
1263 1575 897
607 609 898
343 1285 899
448 701 900
496 1756 901
2415 2416 902
623 835 903
1754 1756 904
651 746 905
653 658 906
1642 1643 907
887 1652 908
2458 2675 909
129 998 910
264 495 911
129 1329 912
701 804 913
498 2455 914
1254 2479 915
229 996 916
188 1339 917
495 596 918
134 180 919
829 967 920
777 1850 921
2400 2665 922
629 707 923
343 2590 924
748 1577 925
2101 2102 926
1060 2738 927
1528 1862 928
573 2664 929
596 1228 930
2165 2166 931
2400 2442 932
608 612 933
1767 1768 934
265 624 935
198 2696 936
343 396 937
343 1572 938
50 53 939
654 705 940
1289 1328 941
1432 1433 942
343 1959 943
1385 2663 944
2089 2091 945
654 656 946
520 637 947
2399 2400 948
1119 2332 949
826 2396 950
1051 1052 951
653 659 952
2 176 953
1043 1044 954
183 184 955
535 849 956
1004 2710 957
589 882 958
439 1655 959
654 659 960
213 374 961
481 654 962
637 640 963
341 404 964
608 611 965
951 1183 966
1044 1168 967
654 706 968
955 1645 969
92 1252 970
446 645 971
454 2580 972
684 1755 973
341 492 974
242 484 975
328 2631 976
669 670 977
198 2695 978
564 2570 979
1333 1824 980
1425 1767 981
635 1630 982
693 2668 983
244 541 984
396 1285 985
596 2732 986
684 1757 987
350 633 988
820 833 989
505 1160 990
2088 2089 991
482 485 992
53 1468 993
496 684 994
726 1316 995
1238 1580 996
447 448 997
607 613 998
1327 1328 999
678 2593 1000
805 1244 1001
53 1201 1002
443 1461 1003
474 499 1004
816 821 1005
198 954 1006
504 505 1007
653 655 1008
564 2686 1009
1704 2089 1010
222 731 1011
1958 1959 1012
611 612 1013
437 2589 1014
653 705 1015
729 750 1016
1006 1425 1017
1386 1761 1018
564 2705 1019
1175 1184 1020
494 1755 1021
608 2224 1022
911 1282 1023
133 2673 1024
651 2468 1025
446 506 1026
503 1737 1027
605 606 1028
1177 1178 1029
496 1755 1030
651 2740 1031
668 670 1032
1948 2540 1033
500 2675 1034
910 911 1035
676 1175 1036
1292 2708 1037
199 1319 1038
479 820 1039
894 1656 1040
1119 2106 1041
1326 1327 1042
481 653 1043
684 838 1044
2273 2354 1045
610 613 1046
2470 2471 1047
910 1282 1048
1735 2414 1049
774 777 1050
150 1201 1051
341 401 1052
691 692 1053
504 547 1054
995 2663 1055
134 172 1056
529 1583 1057
2097 2110 1058
613 2224 1059
2632 2704 1060
437 2744 1061
503 2707 1062
995 2664 1063
466 467 1064
730 731 1065
1574 2504 1066
618 621 1067
265 627 1068
2458 2641 1069
712 2411 1070
50 1468 1071
607 611 1072
596 1055 1073
429 466 1074
429 669 1075
743 1573 1076
2373 2545 1077
604 606 1078
242 483 1079
626 627 1080
835 2395 1081
222 750 1082
308 677 1083
200 818 1084
1862 2591 1085
39 126 1086
264 596 1087
603 2669 1088
678 2673 1089
1335 1824 1090
466 667 1091
2665 2666 1092
2089 2716 1093
609 2224 1094
498 1336 1095
1033 2469 1096
609 610 1097
923 2735 1098
456 2701 1099
621 670 1100
826 1168 1101
657 659 1102
610 611 1103
1050 2359 1104
549 550 1105
2103 2708 1106
1201 1321 1107
658 706 1108
1292 2102 1109
465 466 1110
495 1184 1111
520 692 1112
550 1178 1113
564 2363 1114
598 1025 1115
2593 2673 1116
1735 2413 1117
264 496 1118
503 2702 1119
684 840 1120
592 1308 1121
1119 2519 1122
1119 1787 1123
592 1311 1124
2540 2553 1125
496 1175 1126
1175 2357 1127
443 672 1128
550 551 1129
462 2033 1130
564 2688 1131
610 612 1132
637 639 1133
505 506 1134
1533 2732 1135
150 1321 1136
496 1754 1137
2097 2400 1138
658 705 1139
654 657 1140
1647 1648 1141
1795 2226 1142
2400 2684 1143
1391 1755 1144
1055 1184 1145
505 1200 1146
607 2224 1147
705 706 1148
264 1055 1149
573 1375 1150
882 1648 1151
498 2480 1152
630 632 1153
869 1762 1154
1489 1490 1155
483 485 1156
859 861 1157
861 2255 1158
1036 1242 1159
667 670 1160
1025 1026 1161
496 1055 1162
500 503 1163
521 685 1164
1706 2354 1165
266 2724 1166
869 1763 1167
1036 2586 1168
1425 1768 1169
477 639 1170
176 979 1171
643 2680 1172
133 1948 1173
444 445 1174
818 819 1175
474 555 1176
955 2696 1177
608 610 1178
482 483 1179
955 990 1180
2564 2565 1181
631 632 1182
592 1309 1183
446 505 1184
478 507 1185
1037 1242 1186
1324 1325 1187
1060 1526 1188
606 2669 1189
498 1883 1190
592 664 1191
624 627 1192
630 631 1193
374 446 1194
1290 1774 1195
1333 1335 1196
481 705 1197
675 1652 1198
392 573 1199
564 2272 1200
495 1055 1201
678 1948 1202
1036 2585 1203
24 640 1204
204 827 1205
2714 2715 1206
592 810 1207
332 680 1208
474 2724 1209
589 592 1210
714 2256 1211
499 870 1212
592 1044 1213
808 898 1214
1315 2261 1215
777 1869 1216
630 707 1217
621 702 1218
1648 2072 1219
264 1175 1220
657 705 1221
2146 2606 1222
487 488 1223
634 635 1224
308 338 1225
659 705 1226
684 1756 1227
1381 2501 1228
496 1184 1229
504 1160 1230
955 2695 1231
2173 2559 1232
1289 1327 1233
474 475 1234
499 500 1235
653 657 1236
674 1652 1237
2387 2388 1238
477 638 1239
429 667 1240
503 2675 1241
2474 2475 1242
503 2676 1243
607 612 1244
475 655 1245
500 2676 1246
520 703 1247
701 1491 1248
651 709 1249
408 1631 1250
478 479 1251
494 684 1252
503 2458 1253
625 626 1254
2513 2565 1255
607 608 1256
470 471 1257
373 733 1258
607 610 1259
834 2502 1260
281 2573 1261
698 1864 1262
481 657 1263
1318 1319 1264
501 503 1265
351 1147 1266
490 2363 1267
1229 2591 1268
18 1201 1269
454 1711 1270
742 1379 1271
150 165 1272
454 867 1273
280 281 1274
265 625 1275
280 1411 1276
683 684 1277
1175 1862 1278
527 532 1279
954 2696 1280
596 2698 1281
651 708 1282
2173 2556 1283
685 687 1284
1990 2535 1285
624 625 1286
2272 2363 1287
199 431 1288
505 1646 1289
657 658 1290
496 1757 1291
503 2641 1292
892 894 1293
281 1411 1294
618 878 1295
165 1321 1296
230 698 1297
529 532 1298
2539 2540 1299
604 2669 1300
238 663 1301
429 668 1302
1290 1775 1303
24 638 1304
522 532 1305
466 670 1306
515 967 1307
53 533 1308
684 1754 1309
653 656 1310
861 2254 1311
1493 2252 1312
894 1815 1313
374 1758 1314
447 2151 1315
656 706 1316
836 1242 1317
1321 1766 1318
500 1025 1319
996 2381 1320
64 1853 1321
5 46 1322
685 686 1323
699 701 1324
477 637 1325
536 849 1326
1948 2593 1327
362 2198 1328
278 1552 1329
443 673 1330
481 706 1331
404 1533 1332
479 508 1333
1035 1036 1334
498 544 1335
882 1647 1336
684 1391 1337
1260 1375 1338
503 2252 1339
655 659 1340
1242 1243 1341
2663 2664 1342
618 670 1343
2557 2681 1344
691 693 1345
500 2641 1346
670 702 1347
352 395 1348
134 135 1349
199 1175 1350
507 508 1351
482 484 1352
618 877 1353
474 502 1354
659 706 1355
698 1657 1356
777 924 1357
2332 2559 1358
775 1670 1359
494 1754 1360
2226 2410 1361
737 738 1362
439 1656 1363
479 507 1364
742 2737 1365
1045 1242 1366
1850 1872 1367
2695 2696 1368
479 833 1369
344 395 1370
529 1365 1371
244 1431 1372
45 986 1373
975 2730 1374
861 2717 1375
710 712 1376
2400 2666 1377
458 459 1378
555 1375 1379
2473 2475 1380
659 1391 1381
233 1726 1382
592 1648 1383
729 730 1384
1170 2559 1385
1428 1670 1386
502 503 1387
554 742 1388
60 437 1389
18 53 1390
226 714 1391
484 485 1392
629 2471 1393
233 689 1394
923 2332 1395
1514 2572 1396
222 729 1397
520 704 1398
2146 2283 1399
397 1032 1400
1948 2673 1401
618 702 1402
625 627 1403
439 440 1404
440 442 1405
679 680 1406
1229 1862 1407
2363 2565 1408
278 1553 1409
504 1636 1410
656 705 1411
961 1242 1412
1036 1037 1413
686 687 1414
640 703 1415
204 1581 1416
633 1630 1417
447 1796 1418
637 638 1419
1829 2594 1420
517 1758 1421
2556 2557 1422
635 949 1423
714 745 1424
718 2405 1425
613 2321 1426
1037 1740 1427
1264 2462 1428
435 436 1429
2173 2681 1430
524 532 1431
640 704 1432
2735 2736 1433
112 136 1434
349 665 1435
955 2552 1436
721 722 1437
523 532 1438
816 1376 1439
561 1146 1440
567 569 1441
566 567 1442
5 111 1443
620 670 1444
737 1534 1445
1381 2499 1446
711 712 1447
2280 2281 1448
1774 1775 1449
1990 1991 1450
1329 1830 1451
343 1881 1452
460 488 1453
630 1864 1454
519 520 1455
2556 2681 1456
2272 2570 1457
967 1532 1458
2557 2559 1459
710 711 1460
2556 2559 1461
44 45 1462
150 1766 1463
1043 1168 1464
2363 2570 1465
2363 2688 1466
1201 1766 1467
1400 1474 1468
503 574 1469
569 2577 1470
1228 2685 1471
714 715 1472
476 1375 1473
499 501 1474
499 503 1475
651 2467 1476
656 658 1477
2374 2375 1478
2173 2557 1479
165 1201 1480
276 1552 1481
836 1037 1482
596 1175 1483
618 620 1484
474 501 1485
619 621 1486
1036 2583 1487
1381 2496 1488
222 2494 1489
474 476 1490
2272 2687 1491
2559 2681 1492
495 496 1493
1948 2553 1494
397 460 1495
461 464 1496
198 2552 1497
732 733 1498
176 443 1499
429 670 1500
656 657 1501
2363 2687 1502
401 1033 1503
266 438 1504
499 1375 1505
504 1646 1506
530 532 1507
1536 2350 1508
566 569 1509
529 1257 1510
629 2476 1511
500 2702 1512
1552 1553 1513
238 1392 1514
498 1884 1515
2571 2592 1516
238 662 1517
1381 2500 1518
474 503 1519
531 532 1520
2190 2479 1521
2272 2713 1522
476 574 1523
887 1342 1524
1267 2227 1525
415 1489 1526
1050 1051 1527
1381 2495 1528
466 956 1529
620 702 1530
1818 2734 1531
2173 2332 1532
479 562 1533
710 2566 1534
912 1036 1535
1044 1271 1536
520 677 1537
1271 2568 1538
180 1752 1539
2498 2544 1540
849 852 1541
2332 2557 1542
465 467 1543
954 2695 1544
2255 2717 1545
688 2165 1546
644 1590 1547
165 1766 1548
549 551 1549
483 484 1550
401 492 1551
1021 1025 1552
1175 1228 1553
479 607 1554
654 1362 1555
1827 1829 1556
1036 1949 1557
1400 1404 1558
1024 1025 1559
1175 1318 1560
1169 2484 1561
1869 1872 1562
515 537 1563
648 1052 1564
39 130 1565
737 2373 1566
1391 1756 1567
503 1493 1568
658 659 1569
561 562 1570
510 512 1571
737 2482 1572
2353 2464 1573
222 1529 1574
471 472 1575
638 703 1576
925 1259 1577
528 532 1578
2081 2474 1579
592 1310 1580
526 532 1581
525 529 1582
573 574 1583
503 682 1584
374 735 1585
510 511 1586
503 681 1587
1263 1264 1588
547 818 1589
571 573 1590
830 967 1591
2103 2745 1592
97 98 1593
373 732 1594
632 707 1595
481 656 1596
2103 2709 1597
222 373 1598
1604 2689 1599
740 1432 1600
2540 2554 1601
167 696 1602
495 1175 1603
2566 2643 1604
518 905 1605
923 2551 1606
53 617 1607
474 500 1608
2332 2556 1609
826 1044 1610
1825 1829 1611
688 2166 1612
592 1647 1613
358 374 1614
1264 2461 1615
2272 2688 1616
1258 1259 1617
659 971 1618
723 724 1619
337 374 1620
543 886 1621
698 1194 1622
499 555 1623
737 2545 1624
1036 2584 1625
2581 2582 1626
442 1655 1627
479 834 1628
2097 2501 1629
86 2246 1630
265 266 1631
431 893 1632
2332 2681 1633
690 760 1634
494 495 1635
547 864 1636
176 188 1637
280 2573 1638
572 573 1639
712 1971 1640
238 742 1641
459 460 1642
726 1317 1643
1175 2698 1644
481 658 1645
1271 2550 1646
459 1404 1647
816 1188 1648
1850 1869 1649
925 1258 1650
525 532 1651
1271 1500 1652
2332 2735 1653
2558 2559 1654
675 1863 1655
1188 2179 1656
445 446 1657
459 1771 1658
818 821 1659
1169 1170 1660
892 1815 1661
1370 1371 1662
368 518 1663
1870 1872 1664
1375 2461 1665
466 619 1666
350 495 1667
1381 2279 1668
777 1870 1669
479 2488 1670
266 626 1671
1170 2558 1672
433 518 1673
2363 2564 1674
877 878 1675
2496 2498 1676
814 817 1677
436 638 1678
1313 1314 1679
558 562 1680
561 914 1681
656 971 1682
1222 2477 1683
1872 2116 1684
705 971 1685
1170 2484 1686
2097 2169 1687
776 894 1688
47 130 1689
592 641 1690
1044 2568 1691
505 1636 1692
574 682 1693
574 1375 1694
213 835 1695
308 660 1696
834 2488 1697
654 1029 1698
1381 2169 1699
1881 1959 1700
1175 1229 1701
1491 1493 1702
476 1370 1703
1169 2483 1704
14 1059 1705
676 1863 1706
1823 1829 1707
695 696 1708
618 619 1709
1381 2097 1710
1381 2497 1711
1184 1533 1712
414 1489 1713
811 2092 1714
712 2566 1715
2102 2745 1716
638 2409 1717
925 1257 1718
894 1816 1719
1184 1188 1720
2585 2587 1721
1055 1175 1722
1572 1881 1723
343 965 1724
539 541 1725
24 1650 1726
503 1491 1727
620 621 1728
1263 2461 1729
628 1411 1730
2332 2736 1731
451 452 1732
481 659 1733
1184 2179 1734
1825 1827 1735
648 649 1736
811 1543 1737
1850 2116 1738
542 2543 1739
520 1649 1740
1824 1825 1741
14 1392 1742
349 494 1743
951 1313 1744
2584 2585 1745
567 568 1746
515 534 1747
527 529 1748
638 677 1749
638 704 1750
2495 2501 1751
408 1728 1752
656 659 1753
2553 2554 1754
213 722 1755
1381 2498 1756
499 502 1757
1850 1871 1758
560 562 1759
592 724 1760
1602 1604 1761
529 531 1762
198 1645 1763
654 1361 1764
2471 2476 1765
882 883 1766
529 530 1767
14 1058 1768
190 404 1769
1381 2061 1770
442 1656 1771
365 553 1772
859 2255 1773
2254 2255 1774
2081 2083 1775
494 816 1776
1228 2698 1777
463 464 1778
776 1815 1779
1222 2478 1780
498 1196 1781
826 1271 1782
2279 2498 1783
53 2644 1784
278 1332 1785
2061 2097 1786
2279 2495 1787
349 495 1788
562 834 1789
2097 2495 1790
566 568 1791
1751 2272 1792
226 430 1793
462 464 1794
75 1025 1795
522 529 1796
2483 2484 1797
401 404 1798
507 834 1799
503 870 1800
1160 1646 1801
2498 2499 1802
286 1064 1803
408 2724 1804
648 1050 1805
2498 2500 1806
1263 2355 1807
526 529 1808
1170 2483 1809
373 750 1810
555 573 1811
2081 2084 1812
460 1760 1813
696 1295 1814
535 536 1815
308 358 1816
474 655 1817
2081 2082 1818
515 1270 1819
813 814 1820
547 888 1821
524 529 1822
350 494 1823
2496 2499 1824
633 634 1825
479 559 1826
2061 2500 1827
2254 2717 1828
920 921 1829
2061 2279 1830
690 759 1831
112 137 1832
592 696 1833
1604 1605 1834
2495 2496 1835
351 816 1836
686 688 1837
1044 2550 1838
1012 2078 1839
555 574 1840
920 1256 1841
1823 1825 1842
624 2162 1843
1869 2116 1844
2363 2713 1845
382 537 1846
592 882 1847
596 818 1848
1862 2358 1849
559 561 1850
2500 2501 1851
2495 2499 1852
2102 2103 1853
373 731 1854
1267 2506 1855
1160 1636 1856
2169 2498 1857
2495 2500 1858
1176 1270 1859
2097 2498 1860
2061 2497 1861
2279 2499 1862
404 2122 1863
500 502 1864
1188 1533 1865
1704 2716 1866
564 1751 1867
2061 2499 1868
2496 2500 1869
1652 1863 1870
2097 2500 1871
1828 1829 1872
891 894 1873
1824 1826 1874
2102 2709 1875
2575 2576 1876
2169 2500 1877
2495 2498 1878
461 462 1879
777 1871 1880
440 1188 1881
640 1649 1882
2061 2496 1883
816 2179 1884
226 1130 1885
317 509 1886
522 530 1887
2279 2500 1888
2413 2414 1889
608 2191 1890
431 1318 1891
500 501 1892
350 496 1893
476 1371 1894
503 872 1895
458 1771 1896
515 851 1897
1704 2091 1898
1751 2570 1899
816 1377 1900
517 518 1901
1563 2373 1902
276 278 1903
592 2072 1904
919 1256 1905
60 1392 1906
408 1632 1907
431 892 1908
2061 2501 1909
522 525 1910
787 895 1911
527 530 1912
1824 1827 1913
742 890 1914
459 1474 1915
2061 2495 1916
1257 1259 1917
2499 2500 1918
474 870 1919
529 922 1920
313 553 1921
433 805 1922
1827 1828 1923
460 1771 1924
1036 2587 1925
1850 1870 1926
2353 2463 1927
2061 2498 1928
2495 2497 1929
72 110 1930
1038 1175 1931
2097 2279 1932
2169 2499 1933
524 531 1934
607 834 1935
718 720 1936
1175 2685 1937
592 1043 1938
522 527 1939
859 2254 1940
1825 1828 1941
2279 2496 1942
1342 1652 1943
2355 2461 1944
705 1303 1945
2496 2497 1946
609 2191 1947
528 529 1948
2279 2501 1949
466 957 1950
596 1810 1951
910 1286 1952
936 939 1953
522 531 1954
1257 1258 1955
2498 2501 1956
2496 2501 1957
468 1363 1958
2169 2501 1959
827 1293 1960
1513 1514 1961
643 1590 1962
2097 2496 1963
681 1375 1964
39 47 1965
373 729 1966
685 688 1967
2497 2498 1968
1636 1646 1969
2097 2497 1970
523 529 1971
226 227 1972
1704 2088 1973
1823 1827 1974
297 2255 1975
527 531 1976
530 531 1977
690 1508 1978
921 1256 1979
2169 2495 1980
972 973 1981
476 555 1982
14 60 1983
318 509 1984
1826 1827 1985
688 1364 1986
266 563 1987
2061 2169 1988
681 682 1989
874 975 1990
525 530 1991
562 2488 1992
273 875 1993
499 574 1994
490 2273 1995
494 496 1996
2097 2499 1997
700 804 1998
266 624 1999
919 920 2000
886 2481 2001
524 530 2002
464 2346 2003
522 524 2004
526 527 2005
523 531 2006
266 627 2007
398 399 2008
525 531 2009
1825 1826 2010
526 531 2011
2488 2502 2012
2283 2606 2013
2169 2279 2014
336 2465 2015
382 515 2016
950 951 2017
524 527 2018
1270 1813 2019
742 889 2020
596 2105 2021
1823 1828 2022
2473 2474 2023
2574 2575 2024
776 892 2025
867 2580 2026
1100 1753 2027
525 733 2028
892 1816 2029
618 880 2030
2169 2497 2031
592 2549 2032
490 2354 2033
718 719 2034
787 788 2035
1261 1375 2036
1823 1826 2037
2169 2496 2038
2279 2497 2039
1823 1824 2040
198 990 2041
558 559 2042
522 526 2043
569 2104 2044
816 1533 2045
618 879 2046
625 2162 2047
1220 1811 2048
524 525 2049
627 2162 2050
742 974 2051
640 677 2052
1769 1770 2053
633 949 2054
64 115 2055
297 2717 2056
481 971 2057
1264 2355 2058
1392 2660 2059
229 1312 2060
1159 2540 2061
788 895 2062
914 1146 2063
1287 1289 2064
525 526 2065
476 681 2066
1869 1871 2067
1304 1814 2068
135 178 2069
468 469 2070
607 2488 2071
185 210 2072
718 1300 2073
1260 1264 2074
1751 2363 2075
684 2182 2076
922 2415 2077
2376 2377 2078
5 121 2079
618 876 2080
818 1566 2081
213 721 2082
859 2717 2083
433 1219 2084
229 359 2085
459 1400 2086
499 682 2087
826 2568 2088
893 894 2089
433 2073 2090
474 871 2091
382 1270 2092
505 685 2093
374 722 2094
2463 2464 2095
1762 1763 2096
523 530 2097
907 1349 2098
778 1263 2099
619 620 2100
490 2272 2101
522 523 2102
503 555 2103
503 871 2104
592 1272 2105
891 1815 2106
1862 2280 2107
524 526 2108
241 335 2109
297 2254 2110
523 527 2111
891 892 2112
559 562 2113
1375 2355 2114
1292 2098 2115
53 2693 2116
214 682 2117
526 530 2118
592 2520 2119
213 238 2120
1335 2351 2121
503 2694 2122
522 528 2123
1677 2575 2124
555 681 2125
1514 2085 2126
889 890 2127
2497 2499 2128
870 872 2129
1264 2633 2130
432 433 2131
1815 1816 2132
227 725 2133
349 416 2134
341 403 2135
1271 2567 2136
19 50 2137
457 459 2138
392 574 2139
238 857 2140
2497 2500 2141
2574 2576 2142
435 638 2143
752 905 2144
2477 2478 2145
38 1536 2146
2088 2091 2147
414 854 2148
2173 2534 2149
607 2191 2150
2499 2501 2151
1644 1652 2152
1948 2554 2153
528 530 2154
468 2274 2155
513 534 2156
919 921 2157
951 1852 2158
592 962 2159
2363 2513 2160
528 531 2161
1263 2462 2162
2146 2284 2163
226 1814 2164
537 851 2165
719 2405 2166
975 1196 2167
1616 2134 2168
1876 1877 2169
525 527 2170
2550 2568 2171
526 528 2172
513 515 2173
514 515 2174
1012 1016 2175
1012 1014 2176
1363 2274 2177
515 538 2178
238 452 2179
951 1314 2180
503 1024 2181
954 955 2182
228 229 2183
308 2409 2184
401 2469 2185
1012 1013 2186
892 893 2187
226 884 2188
213 273 2189
515 1211 2190
870 871 2191
524 528 2192
1369 2146 2193
559 834 2194
746 2494 2195
1038 1228 2196
568 569 2197
1604 1702 2198
208 1513 2199
374 721 2200
1605 2689 2201
222 746 2202
474 872 2203
523 526 2204
826 2550 2205
476 682 2206
895 2492 2207
2080 2081 2208
1500 2568 2209
861 1436 2210
409 988 2211
494 1184 2212
776 1816 2213
505 857 2214
469 1363 2215
572 574 2216
226 1304 2217
525 528 2218
2497 2501 2219
1187 1188 2220
527 528 2221
560 561 2222
1044 1499 2223
559 560 2224
1012 2077 2225
1070 1074 2226
253 478 2227
374 734 2228
1870 2116 2229
1012 1019 2230
462 463 2231
1870 1871 2232
656 1303 2233
648 1051 2234
1044 1502 2235
433 905 2236
336 374 2237
561 1055 2238
1267 1997 2239
268 2582 2240
1500 2550 2241
337 2465 2242
1012 1015 2243
1704 2090 2244
1260 2461 2245
229 441 2246
1869 1870 2247
971 1303 2248
268 2581 2249
440 1187 2250
469 1544 2251
1533 2179 2252
523 524 2253
818 976 2254
1264 1375 2255
19 53 2256
2465 2466 2257
555 682 2258
561 2718 2259
1602 2689 2260
448 1796 2261
501 502 2262
1044 1500 2263
401 403 2264
296 596 2265
696 2158 2266
75 503 2267
374 2465 2268
1277 1545 2269
253 1222 2270
409 697 2271
468 1544 2272
930 1616 2273
266 625 2274
909 910 2275
503 1023 2276
518 2079 2277
297 861 2278
694 695 2279
2393 2493 2280
616 2489 2281
891 1816 2282
1222 1873 2283
515 1210 2284
264 645 2285
559 2488 2286
1879 2137 2287
898 1064 2288
1704 1705 2289
671 1514 2290
392 571 2291
776 891 2292
430 680 2293
910 2325 2294
1703 1704 2295
523 525 2296
1044 2567 2297
264 428 2298
382 851 2299
440 1189 2300
2489 2547 2301
421 2208 2302
895 2487 2303
1015 1019 2304
1174 1175 2305
414 855 2306
523 528 2307
696 2159 2308
226 715 2309
806 1219 2310
1561 1563 2311
317 318 2312
787 2487 2313
213 338 2314
592 883 2315
592 930 2316
336 1838 2317
818 888 2318
1526 2543 2319
1677 2574 2320
2467 2468 2321
737 1563 2322
503 1026 2323
823 2726 2324
1375 2331 2325
476 499 2326
826 2567 2327
349 413 2328
1292 2099 2329
1500 1502 2330
226 556 2331
654 1030 2332
373 730 2333
2050 2051 2334
1288 1289 2335
1263 2275 2336
561 2353 2337
1499 1500 2338
818 2117 2339
592 723 2340
718 1845 2341
238 505 2342
592 1168 2343
362 1234 2344
892 2070 2345
129 184 2346
1272 1273 2347
705 1302 2348
787 2492 2349
1257 1365 2350
619 879 2351
806 2073 2352
826 1500 2353
1187 2179 2354
2098 2103 2355
415 1490 2356
476 503 2357
372 374 2358
374 545 2359
1877 2108 2360
2096 2103 2361
235 2469 2362
503 1375 2363
199 1351 2364
2085 2572 2365
199 2356 2366
1837 1838 2367
265 408 2368
338 446 2369
518 901 2370
344 846 2371
816 1187 2372
469 2274 2373
499 681 2374
478 1222 2375
448 2151 2376
440 1656 2377
909 911 2378
2093 2094 2379
718 1409 2380
308 1276 2381
433 1244 2382
1677 2576 2383
491 493 2384
561 1435 2385
1797 2548 2386
758 874 2387
511 512 2388
574 681 2389
238 451 2390
746 1529 2391
823 863 2392
240 241 2393
638 1649 2394
176 590 2395
200 1859 2396
619 956 2397
828 2274 2398
273 1062 2399
930 2134 2400
861 2253 2401
619 880 2402
491 492 2403
405 406 2404
223 592 2405
1260 2355 2406
308 2309 2407
1292 2100 2408
108 109 2409
285 286 2410
404 491 2411
1426 2150 2412
536 742 2413
2100 2103 2414
14 379 2415
461 463 2416
1475 1476 2417
569 1074 2418
253 2477 2419
975 1544 2420
1019 2078 2421
337 2466 2422
1530 2667 2423
1997 2506 2424
406 2119 2425
742 852 2426
937 1222 2427
376 377 2428
1530 2548 2429
408 438 2430
459 1882 2431
215 639 2432
404 499 2433
226 1701 2434
344 2045 2435
876 879 2436
885 886 2437
458 460 2438
223 233 2439
893 2374 2440
303 2579 2441
562 607 2442
956 957 2443
362 1237 2444
442 1070 2445
362 1235 2446
6 137 2447
914 2571 2448
245 1095 2449
336 337 2450
460 1032 2451
1375 2275 2452
343 645 2453
1635 1636 2454
308 804 2455
2579 2603 2456
331 334 2457
372 1070 2458
433 2074 2459
525 1653 2460
674 1342 2461
1096 1240 2462
1704 2087 2463
185 541 2464
399 473 2465
1276 1277 2466
308 340 2467
362 1238 2468
406 2569 2469
525 1373 2470
922 2416 2471
1704 2086 2472
392 2176 2473
619 876 2474
708 709 2475
1016 2078 2476
855 856 2477
266 2162 2478
1561 1562 2479
542 1527 2480
776 893 2481
518 752 2482
892 2071 2483
1222 1874 2484
478 2478 2485
349 496 2486
100 101 2487
240 335 2488
308 767 2489
1175 1227 2490
876 880 2491
945 1038 2492
1261 2461 2493
1641 1877 2494
1184 1187 2495
1038 1039 2496
176 1806 2497
854 856 2498
226 578 2499
433 804 2500
974 975 2501
1513 2112 2502
1797 2711 2503
95 96 2504
854 855 2505
937 2477 2506
213 309 2507
224 233 2508
1096 1867 2509
788 2487 2510
682 1934 2511
700 701 2512
1602 1605 2513
536 852 2514
185 850 2515
336 2466 2516
619 957 2517
188 1045 2518
737 1230 2519
352 1475 2520
930 1272 2521
592 1750 2522
1210 1211 2523
2550 2567 2524
703 704 2525
893 1815 2526
1159 2553 2527
414 1052 2528
640 2692 2529
332 1248 2530
358 1349 2531
409 1564 2532
478 2377 2533
592 2712 2534
266 928 2535
1426 2149 2536
905 2079 2537
238 690 2538
1023 1026 2539
431 2287 2540
503 1492 2541
252 255 2542
405 2569 2543
303 2075 2544
548 1885 2545
922 1812 2546
414 856 2547
656 1302 2548
250 1222 2549
503 1021 2550
541 1038 2551
893 2375 2552
1240 1867 2553
2155 2157 2554
2094 2095 2555
129 183 2556
238 332 2557
478 2477 2558
1185 1187 2559
1354 2116 2560
309 423 2561
592 2347 2562
682 1935 2563
920 1880 2564
930 1273 2565
1261 1264 2566
518 904 2567
344 1475 2568
1500 2567 2569
344 1355 2570
1012 1018 2571
255 937 2572
297 859 2573
352 846 2574
1641 2156 2575
1015 1016 2576
2277 2465 2577
350 414 2578
548 1886 2579
1032 1466 2580
1219 2073 2581
392 572 2582
432 806 2583
273 758 2584
2082 2083 2585
893 2070 2586
1354 1869 2587
518 902 2588
568 2104 2589
227 428 2590
87 2246 2591
503 598 2592
1229 2280 2593
1774 2305 2594
414 1490 2595
891 893 2596
1601 1604 2597
541 700 2598
971 972 2599
478 937 2600
1885 1886 2601
401 881 2602
871 872 2603
879 880 2604
305 2579 2605
1173 1222 2606
329 414 2607
176 2250 2608
433 2070 2609
1032 1111 2610
1038 1040 2611
1260 2275 2612
336 2277 2613
515 1212 2614
2287 2563 2615
2567 2568 2616
344 847 2617
937 2478 2618
1282 1283 2619
1383 1659 2620
401 1320 2621
1529 2494 2622
774 778 2623
1018 2078 2624
262 1811 2625
1016 1019 2626
1530 1797 2627
262 1220 2628
352 2045 2629
654 1028 2630
337 359 2631
374 2466 2632
1369 2283 2633
518 903 2634
598 1023 2635
1292 2096 2636
559 825 2637
514 1212 2638
659 1303 2639
945 1040 2640
1530 2711 2641
1565 1641 2642
1013 2077 2643
852 974 2644
700 1862 2645
571 2176 2646
414 415 2647
1529 1530 2648
204 1205 2649
60 112 2650
226 577 2651
2019 2600 2652
1375 1517 2653
226 2143 2654
266 2503 2655
352 1476 2656
460 1466 2657
1529 1797 2658
2083 2084 2659
96 1515 2660
440 816 2661
453 454 2662
536 975 2663
431 1472 2664
2156 2157 2665
264 932 2666
350 665 2667
920 2510 2668
1070 1369 2669
860 861 2670
75 2352 2671
573 681 2672
1774 1881 2673
2515 2740 2674
362 1233 2675
639 1011 2676
852 975 2677
1274 1275 2678
112 2393 2679
387 573 2680
492 1192 2681
75 598 2682
1529 2548 2683
1260 2462 2684
1268 1271 2685
854 1994 2686
806 2074 2687
377 427 2688
431 2563 2689
2099 2103 2690
500 1024 2691
2097 2102 2692
718 1846 2693
859 1436 2694
481 1366 2695
1038 1042 2696
500 1021 2697
782 1040 2698
920 2178 2699
2487 2492 2700
382 538 2701
1013 1014 2702
1184 1189 2703
818 1569 2704
1211 1212 2705
176 1486 2706
1237 1238 2707
1641 2157 2708
349 350 2709
352 1355 2710
893 1816 2711
362 1236 2712
2283 2284 2713
308 2285 2714
2275 2461 2715
592 1214 2716
284 446 2717
404 1192 2718
490 1769 2719
129 177 2720
244 2113 2721
1534 2167 2722
1196 2339 2723
460 940 2724
225 226 2725
953 955 2726
373 1529 2727
408 563 2728
671 2085 2729
335 1279 2730
1529 2667 2731
253 937 2732
561 2463 2733
826 1268 2734
659 1366 2735
1281 1282 2736
1876 2108 2737
492 1570 2738
2086 2090 2739
492 499 2740
645 2646 2741
404 1057 2742
1219 2074 2743
357 358 2744
1369 2606 2745
1774 2135 2746
253 2478 2747
374 926 2748
362 1232 2749
752 858 2750
244 1190 2751
1017 1019 2752
252 253 2753
742 975 2754
1348 1349 2755
344 1476 2756
414 1051 2757
431 831 2758
1565 2157 2759
297 1436 2760
918 921 2761
945 1039 2762
1159 1948 2763
1263 2521 2764
1774 2596 2765
213 952 2766
503 1344 2767
264 2646 2768
854 1993 2769
1742 2458 2770
2138 2723 2771
1029 1361 2772
250 939 2773
536 974 2774
96 107 2775
1048 1049 2776
492 1056 2777
1056 1057 2778
195 200 2779
694 696 2780
401 2122 2781
1029 1362 2782
377 2703 2783
1039 1042 2784
541 2058 2785
75 500 2786
198 1307 2787
561 2464 2788
1361 1362 2789
740 1433 2790
252 936 2791
404 492 2792
690 758 2793
541 1040 2794
559 607 2795
492 1057 2796
1881 2305 2797
208 1514 2798
1046 1048 2799
226 449 2800
243 244 2801
1562 1563 2802
1534 2168 2803
912 1809 2804
233 755 2805
233 962 2806
19 1201 2807
70 113 2808
340 971 2809
726 1540 2810
440 1185 2811
1185 1186 2812
1039 1040 2813
36 45 2814
737 1231 2815
823 899 2816
252 939 2817
515 1213 2818
305 2075 2819
99 101 2820
696 1044 2821
1881 2595 2822
2080 2083 2823
2155 2156 2824
199 1485 2825
500 1026 2826
733 1653 2827
1018 1019 2828
250 936 2829
659 2136 2830
1806 1807 2831
959 961 2832
1245 1246 2833
403 499 2834
883 930 2835
966 1506 2836
1040 1042 2837
309 374 2838
1641 1876 2839
374 546 2840
404 1056 2841
193 2138 2842
1641 2108 2843
350 2363 2844
1873 1874 2845
185 945 2846
958 961 2847
1047 1048 2848
303 2603 2849
1014 1019 2850
806 2070 2851
1514 2112 2852
75 1026 2853
414 1050 2854
2137 2138 2855
45 79 2856
344 350 2857
433 858 2858
412 2540 2859
696 1500 2860
308 1277 2861
811 1804 2862
352 847 2863
598 1026 2864
1774 2595 2865
2093 2095 2866
296 861 2867
1641 2155 2868
1807 2250 2869
1046 1049 2870
373 1083 2871
1019 2337 2872
592 2348 2873
233 1214 2874
373 746 2875
373 1797 2876
503 1742 2877
1013 1019 2878
18 19 2879
413 2363 2880
440 1184 2881
1292 2097 2882
101 102 2883
459 940 2884
1013 1016 2885
929 930 2886
253 936 2887
1641 1878 2888
273 759 2889
198 1306 2890
266 408 2891
831 1472 2892
922 1365 2893
253 939 2894
337 2277 2895
541 1039 2896
1215 1219 2897
2097 2100 2898
404 1700 2899
460 1111 2900
112 2493 2901
499 1209 2902
882 930 2903
260 616 2904
252 1222 2905
665 666 2906
47 71 2907
129 1831 2908
350 352 2909
726 1195 2910
244 2114 2911
1039 1041 2912
1022 1026 2913
1796 2151 2914
1268 2568 2915
752 753 2916
592 1019 2917
2097 2098 2918
264 1651 2919
2019 2339 2920
129 1830 2921
1100 2388 2922
176 453 2923
656 2251 2924
1038 1041 2925
334 717 2926
592 695 2927
916 1048 2928
2339 2525 2929
351 639 2930
1486 2250 2931
1529 2711 2932
2097 2099 2933
1179 1180 2934
185 946 2935
231 233 2936
255 936 2937
255 939 2938
176 2346 2939
39 122 2940
176 1807 2941
960 961 2942
592 2160 2943
592 2264 2944
308 1494 2945
381 548 2946
1210 1212 2947
569 1009 2948
428 1298 2949
922 1257 2950
273 368 2951
659 2432 2952
75 1024 2953
358 434 2954
492 493 2955
2275 2355 2956
554 896 2957
1046 1047 2958
2097 2103 2959
238 273 2960
286 803 2961
920 2509 2962
541 1042 2963
971 1302 2964
516 518 2965
48 1822 2966
1881 2135 2967
1815 2382 2968
244 2115 2969
413 1751 2970
2113 2114 2971
262 1587 2972
433 752 2973
1641 1875 2974
806 2060 2975
1830 1831 2976
253 1179 2977
1300 1845 2978
1526 1527 2979
503 1209 2980
696 873 2981
1426 1926 2982
2082 2084 2983
264 1868 2984
412 893 2985
568 1074 2986
1605 1702 2987
1014 2077 2988
1881 2596 2989
344 1357 2990
914 2718 2991
377 628 2992
498 1223 2993
344 352 2994
360 362 2995
112 2141 2996
226 1348 2997
432 2073 2998
2100 2102 2999
349 414 3000
413 665 3001
1021 1026 3002
541 782 3003
1875 1878 3004
967 1506 3005
481 1920 3006
213 332 3007
995 2648 3008
2098 2102 3009
1047 1049 3010
1993 1994 3011
131 132 3012
918 920 3013
388 443 3014
661 1061 3015
432 1219 3016
1217 1219 3017
1703 2087 3018
215 351 3019
1184 1185 3020
12 112 3021
362 364 3022
368 905 3023
1021 1024 3024
255 1179 3025
1426 2597 3026
1815 2637 3027
12 35 3028
185 540 3029
352 2555 3030
598 1024 3031
914 1048 3032
1068 2148 3033
853 1490 3034
433 2079 3035
1513 2111 3036
481 1303 3037
1074 2104 3038
43 48 3039
229 428 3040
318 2147 3041
945 1041 3042
592 929 3043
372 2104 3044
616 2177 3045
700 1039 3046
250 255 3047
1587 1811 3048
1703 1705 3049
1703 2086 3050
344 2555 3051
358 1847 3052
1058 1059 3053
916 1046 3054
1334 1335 3055
2149 2150 3056
951 1266 3057
733 1373 3058
2073 2074 3059
962 1214 3060
81 448 3061
930 1214 3062
1797 2133 3063
753 858 3064
915 1048 3065
308 582 3066
1016 1018 3067
1032 1112 3068
498 1027 3069
2096 2102 3070
1260 1263 3071
1703 2090 3072
238 338 3073
1219 2070 3074
1268 2567 3075
260 2489 3076
433 753 3077
286 947 3078
204 1204 3079
700 945 3080
1342 1596 3081
478 816 3082
541 850 3083
592 1819 3084
1068 1805 3085
1266 2607 3086
2087 2090 3087
541 945 3088
1067 2138 3089
1302 1366 3090
1383 1660 3091
404 1570 3092
1186 1187 3093
326 934 3094
305 2603 3095
500 598 3096
794 1226 3097
914 2592 3098
302 1436 3099
1028 1029 3100
373 1530 3101
541 946 3102
224 592 3103
334 716 3104
1068 1274 3105
433 1217 3106
695 1295 3107
350 1751 3108
1434 1881 3109
225 227 3110
945 1042 3111
2096 2097 3112
324 934 3113
1029 1030 3114
112 149 3115
541 1041 3116
1040 1041 3117
1263 1947 3118
1074 2095 3119
261 2489 3120
1067 2137 3121
1230 1231 3122
695 2159 3123
1026 2694 3124
2135 2305 3125
1264 2275 3126
190 401 3127
248 951 3128
414 1053 3129
752 2079 3130
415 853 3131
1015 1018 3132
1566 2117 3133
374 377 3134
190 2122 3135
349 1520 3136
2305 2596 3137
1287 1288 3138
253 1173 3139
2099 2102 3140
176 1698 3141
1565 2155 3142
727 1533 3143
264 2118 3144
616 2739 3145
2135 2595 3146
432 2074 3147
414 648 3148
598 599 3149
1499 1502 3150
554 977 3151
1369 2284 3152
481 1919 3153
540 541 3154
2113 2115 3155
373 2494 3156
2080 2082 3157
350 853 3158
915 1046 3159
1186 1189 3160
592 1409 3161
592 1821 3162
659 2000 3163
1024 1026 3164
2135 2596 3165
966 967 3166
1019 2077 3167
1263 1505 3168
358 546 3169
303 305 3170
2086 2087 3171
358 1348 3172
1875 2108 3173
408 928 3174
541 2622 3175
914 1047 3176
356 373 3177
804 807 3178
193 1066 3179
388 393 3180
919 922 3181
193 1065 3182
598 1021 3183
403 1192 3184
936 937 3185
1261 2355 3186
1634 1636 3187
638 2692 3188
1065 1066 3189
372 568 3190
374 952 3191
432 1216 3192
1236 1237 3193
1633 1636 3194
1926 2150 3195
38 1951 3196
229 1298 3197
404 493 3198
2280 2358 3199
958 960 3200
229 1297 3201
250 252 3202
759 1508 3203
893 2071 3204
253 1180 3205
700 1040 3206
2339 2600 3207
372 569 3208
2098 2099 3209
1934 1935 3210
469 975 3211
1506 1507 3212
1530 2133 3213
305 2518 3214
659 2251 3215
915 1049 3216
262 1221 3217
48 565 3218
273 332 3219
1566 1569 3220
1268 2550 3221
2382 2635 3222
31 896 3223
374 927 3224
1041 1042 3225
243 1190 3226
352 1357 3227
759 800 3228
2150 2597 3229
478 2376 3230
264 938 3231
971 973 3232
224 755 3233
2080 2084 3234
392 681 3235
818 1568 3236
1159 2554 3237
855 1053 3238
916 1047 3239
372 1074 3240
1261 2275 3241
498 652 3242
1227 1228 3243
204 1206 3244
677 2692 3245
659 1836 3246
1569 2117 3247
112 148 3248
238 759 3249
915 1047 3250
450 907 3251
199 1352 3252
478 2433 3253
253 255 3254
358 545 3255
352 414 3256
914 1049 3257
227 1418 3258
223 224 3259
512 1465 3260
1815 2635 3261
303 2518 3262
921 922 3263
261 2547 3264
498 1208 3265
440 1533 3266
1014 1018 3267
75 1021 3268
592 1808 3269
324 326 3270
1224 1226 3271
1262 1263 3272
329 2126 3273
727 1203 3274
1216 1219 3275
39 71 3276
193 2137 3277
561 2245 3278
677 1649 3279
565 1822 3280
432 1217 3281
329 2132 3282
432 1215 3283
248 1266 3284
286 948 3285
349 1053 3286
490 1187 3287
193 1267 3288
255 1180 3289
503 1343 3290
1065 1067 3291
403 1056 3292
947 948 3293
329 853 3294
442 1714 3295
2305 2595 3296
262 1557 3297
1514 2111 3298
448 700 3299
700 1038 3300
303 304 3301
1750 2264 3302
1354 1870 3303
758 1226 3304
1656 1714 3305
77 78 3306
916 1049 3307
51 53 3308
72 74 3309
308 971 3310
203 204 3311
492 1522 3312
1187 1533 3313
1366 1836 3314
2382 2637 3315
1277 1494 3316
700 1042 3317
1924 2560 3318
253 2423 3319
1808 1809 3320
1349 2336 3321
352 1356 3322
959 960 3323
493 1570 3324
1013 1018 3325
1265 1266 3326
238 368 3327
329 2127 3328
48 96 3329
344 414 3330
953 954 3331
2349 2350 3332
1034 1240 3333
414 1520 3334
1486 1807 3335
958 959 3336
592 1820 3337
1997 2505 3338
1070 1714 3339
262 1556 3340
1260 2521 3341
2139 2140 3342
909 1286 3343
1034 1349 3344
94 584 3345
733 1198 3346
253 1294 3347
449 450 3348
758 759 3349
1234 1237 3350
238 800 3351
296 859 3352
2436 2437 3353
313 362 3354
255 1294 3355
232 233 3356
1245 1307 3357
351 1011 3358
397 1077 3359
2098 2100 3360
433 807 3361
382 1213 3362
758 1225 3363
412 2539 3364
853 855 3365
157 373 3366
196 200 3367
334 1414 3368
427 1804 3369
1260 1505 3370
1096 1239 3371
238 758 3372
45 70 3373
412 1478 3374
433 1216 3375
2171 2173 3376
255 2163 3377
1292 2531 3378
323 326 3379
329 2128 3380
358 1207 3381
354 759 3382
1225 1226 3383
442 1482 3384
203 1204 3385
694 1295 3386
1162 1269 3387
349 1372 3388
1018 2077 3389
193 1067 3390
2114 2115 3391
344 1356 3392
700 1491 3393
414 853 3394
1928 2153 3395
72 305 3396
412 2541 3397
758 794 3398
1306 1307 3399
1260 1262 3400
1044 1268 3401
238 340 3402
816 1471 3403
2167 2168 3404
296 1436 3405
354 758 3406
2127 2131 3407
2173 2263 3408
559 2433 3409
758 800 3410
914 1046 3411
823 900 3412
432 2070 3413
481 2251 3414
2248 2249 3415
273 338 3416
1235 1236 3417
240 1279 3418
592 2161 3419
392 2174 3420
253 2536 3421
2473 2637 3422
816 1524 3423
2096 2098 3424
2099 2100 3425
222 1360 3426
2172 2173 3427
2124 2131 3428
250 253 3429
387 443 3430
412 442 3431
19 421 3432
329 2131 3433
404 576 3434
648 2342 3435
481 2322 3436
1066 1067 3437
1235 1238 3438
32 255 3439
185 944 3440
492 1700 3441
304 305 3442
329 1053 3443
481 812 3444
222 1358 3445
1815 2473 3446
1881 2418 3447
382 1212 3448
1220 1221 3449
2173 2262 3450
250 1173 3451
1235 1237 3452
1565 2156 3453
344 349 3454
920 2512 3455
223 755 3456
255 2423 3457
323 324 3458
374 1479 3459
695 2158 3460
433 1215 3461
727 2120 3462
582 677 3463
1434 2418 3464
659 1010 3465
1217 1218 3466
1928 2154 3467
1529 2133 3468
344 1658 3469
2513 2514 3470
208 2112 3471
778 924 3472
1202 1203 3473
253 2164 3474
816 1186 3475
225 1418 3476
238 1508 3477
659 2278 3478
199 1353 3479
914 1346 3480
1926 2597 3481
1928 2152 3482
2285 2286 3483
782 945 3484
901 903 3485
318 2257 3486
2096 2099 3487
2247 2248 3488
794 1225 3489
1234 1238 3490
2595 2596 3491
1139 1207 3492
376 2703 3493
70 104 3494
1294 2423 3495
6 140 3496
349 853 3497
352 1658 3498
427 2703 3499
442 1928 3500
966 1507 3501
2124 2126 3502
215 1011 3503
440 1186 3504
24 931 3505
250 2163 3506
648 2340 3507
490 1305 3508
853 854 3509
859 860 3510
2126 2127 3511
2163 2536 3512
309 735 3513
481 1841 3514
856 1053 3515
967 970 3516
308 823 3517
1216 1218 3518
54 74 3519
240 1278 3520
1236 1238 3521
755 1214 3522
404 1707 3523
914 1305 3524
727 1202 3525
405 1551 3526
127 129 3527
224 1214 3528
403 1700 3529
541 2181 3530
967 1507 3531
1215 1217 3532
1246 1307 3533
1343 1344 3534
478 559 3535
696 1268 3536
362 363 3537
1233 1238 3538
2127 2132 3539
914 915 3540
2124 2127 3541
915 916 3542
1292 2532 3543
296 297 3544
309 422 3545
442 906 3546
2244 2245 3547
19 2208 3548
308 1214 3549
309 311 3550
1292 1716 3551
253 2163 3552
6 151 3553
968 969 3554
770 1068 3555
901 902 3556
412 1369 3557
517 901 3558
1261 1263 3559
198 200 3560
572 681 3561
1158 1159 3562
217 222 3563
223 1214 3564
392 2011 3565
853 856 3566
2127 2128 3567
109 119 3568
220 222 3569
1234 1236 3570
2096 2100 3571
12 103 3572
2163 2164 3573
1232 1236 3574
403 1057 3575
1212 1213 3576
1832 1835 3577
343 964 3578
255 2164 3579
96 104 3580
1369 2145 3581
376 427 3582
72 73 3583
74 75 3584
2131 2132 3585
76 77 3586
253 2259 3587
397 1269 3588
324 935 3589
403 404 3590
740 1291 3591
2170 2173 3592
733 1199 3593
1034 1348 3594
859 2253 3595
1214 1277 3596
210 319 3597
2130 2131 3598
2344 2629 3599
185 2424 3600
109 1511 3601
700 1041 3602
648 2341 3603
966 970 3604
252 262 3605
387 388 3606
559 2142 3607
392 1354 3608
934 935 3609
1260 1947 3610
397 1162 3611
773 1226 3612
76 78 3613
1209 1343 3614
2457 2592 3615
1019 2160 3616
1928 2619 3617
326 935 3618
492 1707 3619
2070 2071 3620
2635 2637 3621
645 965 3622
1805 2148 3623
329 2125 3624
1526 1931 3625
350 413 3626
922 2629 3627
419 446 3628
1047 1406 3629
53 421 3630
334 1516 3631
1280 1510 3632
2126 2131 3633
517 902 3634
199 1350 3635
758 1224 3636
1601 1605 3637
2123 2131 3638
2126 2130 3639
2123 2126 3640
267 268 3641
727 1181 3642
490 2349 3643
358 1034 3644
1184 1469 3645
557 1111 3646
2123 2124 3647
541 944 3648
1815 2636 3649
2124 2128 3650
2126 2129 3651
2011 2175 3652
659 1302 3653
255 2536 3654
264 1559 3655
2124 2125 3656
186 1773 3657
740 1292 3658
2129 2132 3659
2194 2228 3660
2047 2049 3661
309 952 3662
726 1558 3663
2107 2108 3664
252 1173 3665
2126 2132 3666
410 492 3667
1047 1405 3668
1232 1238 3669
517 903 3670
1482 1656 3671
297 302 3672
914 916 3673
545 546 3674
1207 2561 3675
1184 1186 3676
1234 1235 3677
2124 2132 3678
1366 1368 3679
2125 2131 3680
38 94 3681
109 118 3682
794 1224 3683
1278 1279 3684
308 2625 3685
403 492 3686
773 794 3687
129 153 3688
914 2457 3689
659 780 3690
2130 2132 3691
296 302 3692
329 2129 3693
433 1218 3694
2124 2129 3695
329 2130 3696
1158 1517 3697
2473 2635 3698
392 2175 3699
1028 1030 3700
516 517 3701
2125 2130 3702
141 358 3703
413 666 3704
481 2278 3705
1233 1237 3706
873 1500 3707
73 75 3708
253 2258 3709
696 1501 3710
932 933 3711
1348 2336 3712
2125 2127 3713
2129 2131 3714
54 72 3715
945 946 3716
358 1699 3717
770 1805 3718
412 1656 3719
481 1973 3720
1216 1217 3721
1232 1234 3722
2125 2126 3723
329 2123 3724
362 365 3725
332 338 3726
1300 1846 3727
2127 2130 3728
412 2195 3729
329 2124 3730
345 351 3731
128 129 3732
255 2259 3733
1111 1466 3734
1233 1236 3735
72 75 3736
652 1027 3737
918 2510 3738
937 2258 3739
760 1508 3740
1070 1656 3741
198 453 3742
261 615 3743
428 1297 3744
440 1524 3745
264 964 3746
1232 1237 3747
308 2286 3748
759 760 3749
2127 2129 3750
1215 1216 3751
2473 2636 3752
2126 2128 3753
652 1223 3754
937 2259 3755
1292 2530 3756
659 2324 3757
309 1479 3758
716 717 3759
2123 2127 3760
1184 2012 3761
399 896 3762
481 1836 3763
1600 2312 3764
412 1366 3765
1524 1533 3766
19 109 3767
914 1347 3768
1175 2323 3769
1303 2251 3770
478 2012 3771
2123 2132 3772
2124 2130 3773
2128 2131 3774
2382 2636 3775
896 977 3776
1027 1223 3777
2171 2172 3778
1224 1225 3779
770 2148 3780
252 254 3781
372 377 3782
1556 1557 3783
944 945 3784
1268 1500 3785
873 1044 3786
2382 2473 3787
481 1302 3788
412 1715 3789
541 2522 3790
387 572 3791
1215 1218 3792
516 901 3793
727 1184 3794
1233 1234 3795
914 2524 3796
478 1533 3797
1292 2528 3798
2125 2132 3799
6 7 3800
1292 2529 3801
1184 1524 3802
253 2260 3803
2601 2602 3804
238 354 3805
1421 1554 3806
374 376 3807
559 2434 3808
2636 2637 3809
1209 1344 3810
284 473 3811
2129 2130 3812
222 1359 3813
298 1149 3814
408 2503 3815
598 2694 3816
1009 2741 3817
2123 2130 3818
898 969 3819
54 75 3820
2128 2129 3821
433 1789 3822
1286 2325 3823
252 1220 3824
696 1498 3825
260 2739 3826
389 572 3827
397 1031 3828
139 358 3829
1302 1303 3830
2262 2263 3831
1187 1470 3832
2125 2129 3833
19 76 3834
460 1112 3835
758 773 3836
789 790 3837
73 74 3838
19 78 3839
561 2244 3840
1354 2174 3841
1157 1786 3842
2123 2129 3843
909 2325 3844
54 73 3845
2635 2636 3846
71 122 3847
193 1512 3848
387 681 3849
440 1471 3850
1891 2248 3851
937 2260 3852
24 25 3853
816 1143 3854
2128 2130 3855
349 352 3856
33 35 3857
319 942 3858
1233 1235 3859
1302 1836 3860
412 2145 3861
2125 2128 3862
854 1053 3863
377 1411 3864
1875 2107 3865
481 1842 3866
902 903 3867
1633 1634 3868
400 404 3869
1354 2175 3870
795 2173 3871
129 152 3872
1044 1501 3873
2108 2109 3874
773 1225 3875
1302 2251 3876
1557 1595 3877
404 1522 3878
773 1224 3879
19 77 3880
816 937 3881
912 1808 3882
2172 2263 3883
1856 1857 3884
266 407 3885
2011 2174 3886
109 120 3887
816 1470 3888
1232 1235 3889
1522 1707 3890
255 2260 3891
481 1840 3892
2123 2128 3893
2180 2312 3894
255 2258 3895
1567 1568 3896
2152 2153 3897
404 410 3898
478 2485 3899
1354 2011 3900
358 770 3901
496 1549 3902
1691 2640 3903
1928 2640 3904
1713 2304 3905
407 408 3906
1159 1517 3907
913 916 3908
408 409 3909
1550 1551 3910
233 2020 3911
481 780 3912
2153 2154 3913
185 943 3914
2128 2132 3915
372 373 3916
440 727 3917
453 1187 3918
2332 2333 3919
1260 1261 3920
1149 1844 3921
2123 2125 3922
1261 2521 3923
915 917 3924
219 222 3925
193 194 3926
309 927 3927
727 862 3928
35 103 3929
36 70 3930
397 1345 3931
219 1360 3932
407 409 3933
1482 1714 3934
349 1518 3935
377 2638 3936
599 2439 3937
387 392 3938
412 1367 3939
1527 2543 3940
1845 1846 3941
850 943 3942
995 2647 3943
860 2253 3944
219 1358 3945
2174 2175 3946
129 1509 3947
1232 1233 3948
1070 1482 3949
2341 2342 3950
443 2517 3951
308 2624 3952
67 69 3953
916 917 3954
2152 2154 3955
2433 2434 3956
33 103 3957
516 903 3958
559 2059 3959
914 917 3960
397 2076 3961
259 261 3962
496 2360 3963
65 69 3964
350 666 3965
1354 2282 3966
1358 1360 3967
219 1359 3968
1436 1449 3969
1143 1187 3970
1111 1112 3971
648 2343 3972
412 1070 3973
2265 2267 3974
918 2509 3975
1340 1342 3976
19 51 3977
696 1497 3978
758 1508 3979
29 121 3980
1366 1835 3981
254 255 3982
816 2012 3983
967 1759 3984
263 264 3985
481 1839 3986
572 1354 3987
344 417 3988
397 2516 3989
659 2187 3990
1341 1342 3991
39 123 3992
1139 2561 3993
2340 2342 3994
210 941 3995
1875 2109 3996
374 375 3997
414 1518 3998
2228 2265 3999
41 80 4000
308 2626 4001
412 1368 4002
337 1135 4003
2265 2268 4004
516 902 4005
1302 2324 4006
2228 2267 4007
2340 2341 4008
1018 2337 4009
1659 1660 4010
2267 2268 4011
253 254 4012
899 900 4013
468 975 4014
2107 2109 4015
2509 2510 4016
368 759 4017
490 816 4018
252 2670 4019
308 411 4020
699 700 4021
561 2639 4022
913 914 4023
2342 2343 4024
198 1034 4025
217 219 4026
1028 1924 4027
2228 2268 4028
494 1470 4029
2259 2260 4030
66 69 4031
1157 1503 4032
218 222 4033
481 2324 4034
1533 2012 4035
371 374 4036
118 1511 4037
185 2522 4038
29 80 4039
250 318 4040
397 1856 4041
913 915 4042
296 1448 4043
411 971 4044
893 1713 4045
19 119 4046
227 229 4047
443 1263 4048
100 102 4049
1031 1345 4050
1302 2278 4051
19 118 4052
541 943 4053
27 30 4054
898 1467 4055
2068 2144 4056
694 1500 4057
1622 2185 4058
429 1044 4059
478 2307 4060
795 1854 4061
196 198 4062
433 2542 4063
72 259 4064
1305 2030 4065
1556 1595 4066
561 2023 4067
861 1449 4068
202 204 4069
599 1894 4070
1019 2161 4071
1053 1520 4072
29 41 4073
490 2350 4074
427 1071 4075
440 1470 4076
19 124 4077
496 761 4078
2193 2268 4079
220 1358 4080
2268 2269 4081
1691 1928 4082
1819 1821 4083
2011 2282 4084
220 1359 4085
937 1533 4086
220 1360 4087
1359 1360 4088
403 1707 4089
264 1904 4090
387 393 4091
266 409 4092
797 2173 4093
2193 2265 4094
1184 1471 4095
2036 2037 4096
411 677 4097
1351 1352 4098
19 1511 4099
453 955 4100
412 1480 4101
1709 1710 4102
2490 2491 4103
35 82 4104
559 976 4105
599 2490 4106
344 1372 4107
2265 2269 4108
358 1280 4109
261 1477 4110
1003 2069 4111
1340 1341 4112
186 1162 4113
700 1291 4114
68 69 4115
210 1473 4116
412 1714 4117
898 968 4118
2312 2508 4119
352 417 4120
599 2546 4121
795 2172 4122
1184 1470 4123
1358 1359 4124
2193 2269 4125
967 1977 4126
2258 2259 4127
853 1520 4128
1366 2069 4129
1942 2270 4130
970 1063 4131
218 1360 4132
853 1053 4133
231 2020 4134
352 1372 4135
2341 2343 4136
72 1477 4137
1044 1497 4138
481 2187 4139
19 116 4140
478 2434 4141
898 1197 4142
1263 1504 4143
298 1844 4144
694 1044 4145
918 2512 4146
127 153 4147
2510 2512 4148
32 2326 4149
1302 2187 4150
1417 1418 4151
557 1112 4152
238 760 4153
302 1438 4154
478 2486 4155
403 1522 4156
358 736 4157
65 67 4158
2267 2269 4159
198 2336 4160
652 1208 4161
739 740 4162
2228 2269 4163
1214 1494 4164
700 739 4165
302 2334 4166
1342 1539 4167
1841 1842 4168
2144 2459 4169
2332 2537 4170
582 2286 4171
1342 1537 4172
9 93 4173
141 1699 4174
218 219 4175
262 1555 4176
913 917 4177
128 153 4178
218 1358 4179
412 1482 4180
1342 1538 4181
252 1221 4182
296 1449 4183
1198 1199 4184
1811 2605 4185
2193 2267 4186
1018 2161 4187
119 1511 4188
2275 2331 4189
221 377 4190
258 261 4191
770 1699 4192
1418 1419 4193
559 2053 4194
66 68 4195
405 797 4196
1834 1835 4197
1350 1351 4198
302 1448 4199
2187 2324 4200
2505 2523 4201
65 68 4202
260 261 4203
795 2170 4204
1470 1533 4205
208 2111 4206
931 1783 4207
795 2263 4208
66 67 4209
2111 2112 4210
9 61 4211
118 119 4212
132 446 4213
218 1359 4214
1260 1504 4215
1811 1936 4216
360 1710 4217
19 49 4218
67 68 4219
321 354 4220
541 2424 4221
2258 2260 4222
966 1977 4223
186 397 4224
797 1854 4225
1405 1406 4226
1478 1928 4227
1112 1466 4228
1525 1526 4229
742 1158 4230
795 2262 4231
127 128 4232
1497 1500 4233
364 1710 4234
427 1712 4235
797 1551 4236
1026 1492 4237
2228 2266 4238
599 2491 4239
1555 1556 4240
1500 1501 4241
1804 1843 4242
1597 2007 4243
442 2627 4244
652 713 4245
1480 1482 4246
1820 1821 4247
659 1742 4248
33 82 4249
853 1518 4250
217 218 4251
397 1857 4252
914 2030 4253
65 66 4254
373 374 4255
1034 2428 4256
412 1483 4257
119 120 4258
700 1292 4259
247 248 4260
1182 1565 4261
360 364 4262
2266 2269 4263
9 121 4264
2266 2267 4265
302 861 4266
2266 2268 4267
117 210 4268
1555 1557 4269
1941 2007 4270
780 2324 4271
186 1269 4272
231 232 4273
442 2038 4274
120 1511 4275
219 220 4276
780 1302 4277
1352 1353 4278
364 1709 4279
795 2171 4280
2035 2036 4281
1819 1820 4282
818 1567 4283
2034 2036 4284
1894 2439 4285
1417 1419 4286
1260 2517 4287
2193 2228 4288
1034 2651 4289
1143 1184 4290
1420 2642 4291
1600 2180 4292
82 103 4293
217 220 4294
248 249 4295
1517 2331 4296
426 427 4297
2265 2266 4298
118 120 4299
233 2430 4300
2340 2343 4301
1537 1538 4302
1980 2533 4303
360 1709 4304
2193 2266 4305
561 2538 4306
19 120 4307
185 977 4308
1600 2508 4309
302 1449 4310
375 377 4311
221 2638 4312
302 853 4313
440 1523 4314
313 1710 4315
1003 1366 4316
1352 2356 4317
1480 1481 4318
2647 2648 4319
795 797 4320
922 2344 4321
598 1492 4322
259 260 4323
1597 1941 4324
943 945 4325
297 1449 4326
1366 1834 4327
1480 1483 4328
1117 2155 4329
260 1477 4330
389 681 4331
898 1484 4332
1053 1518 4333
218 220 4334
1840 1841 4335
313 365 4336
206 1193 4337
700 740 4338
2160 2347 4339
1186 1471 4340
2160 2348 4341
478 1184 4342
61 93 4343
450 2140 4344
873 1268 4345
338 505 4346
922 2345 4347
478 2425 4348
1485 2356 4349
1044 1498 4350
1833 1835 4351
2035 2037 4352
1979 2022 4353
141 770 4354
152 153 4355
1366 1832 4356
313 1709 4357
785 860 4358
1742 2324 4359
186 1857 4360
541 1592 4361
186 2076 4362
2034 2035 4363
99 102 4364
389 392 4365
1981 2022 4366
19 52 4367
1839 1841 4368
51 52 4369
22 24 4370
186 1817 4371
1184 1523 4372
906 1478 4373
1156 1157 4374
1302 1742 4375
258 259 4376
541 977 4377
1409 2630 4378
319 941 4379
1486 1487 4380
976 2053 4381
403 410 4382
1708 1709 4383
72 261 4384
727 1471 4385
2485 2486 4386
1517 2275 4387
860 1421 4388
1143 1533 4389
1263 1925 4390
365 1710 4391
1546 1548 4392
253 2691 4393
854 860 4394
2023 2639 4395
860 1957 4396
758 760 4397
2160 2161 4398
2327 2329 4399
255 2691 4400
922 2118 4401
19 2507 4402
364 365 4403
365 1709 4404
186 1856 4405
443 1504 4406
1708 1710 4407
442 1478 4408
780 2187 4409
937 2012 4410
2118 2344 4411
2000 2136 4412
412 1481 4413
425 427 4414
1742 2187 4415
727 1524 4416
259 1477 4417
2424 2522 4418
2000 2432 4419
1979 1981 4420
19 2028 4421
2344 2345 4422
913 2524 4423
1263 2517 4424
1471 1524 4425
2034 2144 4426
694 1268 4427
2329 2330 4428
112 114 4429
740 2531 4430
387 1260 4431
943 2522 4432
1350 1353 4433
469 1334 4434
727 1470 4435
190 192 4436
2118 2345 4437
2136 2432 4438
1117 2602 4439
1469 1471 4440
1482 1483 4441
424 427 4442
1186 1469 4443
1261 1947 4444
412 1527 4445
313 364 4446
1117 1565 4447
1220 1560 4448
1518 1520 4449
481 1742 4450
1117 2601 4451
1438 2334 4452
2336 2651 4453
1023 1053 4454
232 2020 4455
2328 2329 4456
580 1981 4457
700 2531 4458
127 152 4459
258 260 4460
1115 2533 4461
1023 1518 4462
302 859 4463
440 1143 4464
580 1979 4465
1113 1114 4466
580 2022 4467
166 167 4468
943 944 4469
258 1477 4470
411 582 4471
364 1708 4472
114 115 4473
247 249 4474
360 1708 4475
371 377 4476
976 2059 4477
1849 1851 4478
263 1904 4479
1034 2336 4480
1538 1539 4481
72 258 4482
360 365 4483
780 1742 4484
853 1023 4485
128 152 4486
313 360 4487
1115 1980 4488
1268 1497 4489
2347 2348 4490
2161 2347 4491
1839 1840 4492
1481 1482 4493
1261 1504 4494
1940 1941 4495
61 121 4496
2509 2512 4497
19 155 4498
246 248 4499
302 1151 4500
254 2691 4501
1920 1973 4502
29 61 4503
2034 2459 4504
2059 2142 4505
1840 1842 4506
354 418 4507
365 1708 4508
1350 2356 4509
1525 1527 4510
1486 1488 4511
201 202 4512
252 1923 4513
340 758 4514
937 1184 4515
191 1937 4516
1481 1483 4517
2034 2037 4518
370 377 4519
2327 2330 4520
2327 2328 4521
19 749 4522
1113 1115 4523
1352 1485 4524
313 1708 4525
1227 2323 4526
599 636 4527
1366 1833 4528
372 375 4529
740 2532 4530
23 24 4531
429 696 4532
179 1100 4533
152 1509 4534
1117 2327 4535
383 386 4536
1504 2517 4537
860 1554 4538
2028 2507 4539
246 247 4540
2328 2330 4541
2531 2532 4542
1151 2334 4543
2512 2526 4544
246 249 4545
853 1448 4546
194 1865 4547
453 2362 4548
967 1944 4549
231 2430 4550
1350 1485 4551
443 1925 4552
1940 2007 4553
2530 2531 4554
383 385 4555
859 1449 4556
1498 1500 4557
1526 2111 4558
429 694 4559
387 389 4560
1811 2184 4561
206 1541 4562
383 384 4563
49 154 4564
387 1263 4565
2334 2335 4566
1260 1925 4567
1839 1842 4568
2161 2348 4569
1261 2517 4570
988 1182 4571
138 139 4572
443 1260 4573
412 1526 4574
1537 1539 4575
1117 2156 4576
1478 2627 4577
201 204 4578
1832 1834 4579
366 369 4580
367 369 4581
1023 1520 4582
1478 2038 4583
1716 2531 4584
387 1261 4585
1350 1352 4586
1470 1471 4587
72 260 4588
2333 2537 4589
694 873 4590
740 2529 4591
191 192 4592
1438 2335 4593
2023 2538 4594
49 155 4595
2053 2059 4596
453 816 4597
478 1524 4598
694 1498 4599
700 2532 4600
740 2530 4601
1498 1499 4602
1541 1542 4603
1832 1833 4604
1117 2329 4605
2526 2527 4606
2529 2531 4607
943 2424 4608
207 1542 4609
429 1500 4610
22 25 4611
189 190 4612
1143 1471 4613
296 1023 4614
340 368 4615
1114 1115 4616
368 758 4617
284 2121 4618
478 727 4619
370 374 4620
727 1143 4621
1597 1940 4622
1268 1498 4623
412 1525 4624
198 1001 4625
363 364 4626
350 761 4627
1597 2623 4628
541 2621 4629
1498 1502 4630
194 1512 4631
440 478 4632
1268 1501 4633
366 367 4634
443 1261 4635
1599 1600 4636
186 2516 4637
1547 1548 4638
139 736 4639
296 853 4640
387 1504 4641
873 1497 4642
379 381 4643
1186 1470 4644
1487 1488 4645
2038 2627 4646
373 376 4647
298 1519 4648
740 1716 4649
1792 1796 4650
1117 2330 4651
387 2517 4652
1919 1973 4653
1117 2328 4654
207 1541 4655
1151 2335 4656
205 1001 4657
252 1560 4658
1156 1611 4659
700 2528 4660
400 403 4661
2530 2532 4662
1448 1449 4663
1936 2605 4664
1527 1931 4665
194 1866 4666
1438 2008 4667
694 1497 4668
1143 1470 4669
1001 1034 4670
360 363 4671
853 1519 4672
865 866 4673
20 24 4674
49 749 4675
366 368 4676
1941 2623 4677
2528 2531 4678
740 2528 4679
1151 1438 4680
1261 1925 4681
2512 2527 4682
155 749 4683
206 207 4684
1151 2008 4685
319 2683 4686
967 1945 4687
1565 1738 4688
700 2529 4689
2511 2512 4690
363 365 4691
206 1542 4692
1716 2528 4693
313 363 4694
313 361 4695
700 1979 4696
1001 2336 4697
383 1018 4698
1023 1519 4699
1855 1900 4700
700 1716 4701
319 2682 4702
1414 1516 4703
1794 1796 4704
2528 2532 4705
1156 1610 4706
727 1523 4707
2528 2530 4708
373 375 4709
694 1501 4710
873 1498 4711
83 381 4712
350 762 4713
1716 2532 4714
387 1925 4715
1716 2530 4716
2529 2532 4717
761 1549 4718
478 1470 4719
1519 1844 4720
1716 2529 4721
1865 1866 4722
700 2530 4723
1469 1470 4724
1023 1448 4725
283 284 4726
302 1023 4727
373 377 4728
1471 1523 4729
1504 1925 4730
853 1449 4731
761 2360 4732
189 192 4733
319 2314 4734
308 410 4735
190 191 4736
1143 1469 4737
1920 2178 4738
189 191 4739
1470 1524 4740
429 873 4741
1023 1449 4742
1833 1834 4743
1899 1900 4744
478 1471 4745
1143 1186 4746
429 1501 4747
1518 1519 4748
873 1501 4749
372 376 4750
1470 2012 4751
2213 2426 4752
1925 2517 4753
429 1268 4754
1143 1524 4755
1608 1611 4756
2529 2530 4757
1527 2111 4758
1608 1610 4759
232 2430 4760
1523 1524 4761
453 2420 4762
2528 2529 4763
371 376 4764
2624 2625 4765
1000 1001 4766
429 1497 4767
964 1559 4768
1912 1913 4769
22 23 4770
23 25 4771
361 365 4772
1497 1501 4773
1497 1498 4774
1598 1600 4775
1940 2623 4776
275 379 4777
1143 2012 4778
1855 1899 4779
941 2314 4780
20 25 4781
1919 1920 4782
371 373 4783
478 1523 4784
478 1143 4785
1919 2178 4786
384 1018 4787
1117 1182 4788
1855 1912 4789
1931 2111 4790
411 2625 4791
1920 1921 4792
284 1617 4793
411 2624 4794
1470 1523 4795
429 1498 4796
1100 1408 4797
964 1447 4798
2624 2626 4799
1498 1501 4800
361 363 4801
1610 1611 4802
20 22 4803
2625 2626 4804
1001 2428 4805
424 426 4806
375 376 4807
277 379 4808
1143 1523 4809
1792 1794 4810
964 1495 4811
1944 1945 4812
1100 2320 4813
387 390 4814
169 866 4815
410 411 4816
1917 1920 4817
390 391 4818
964 1496 4819
425 426 4820
384 385 4821
387 391 4822
385 1018 4823
370 371 4824
1117 1738 4825
1182 1738 4826
1598 1599 4827
1899 1912 4828
1919 1921 4829
275 381 4830
379 380 4831
370 376 4832
411 2626 4833
371 375 4834
1592 2621 4835
20 23 4836
964 2005 4837
370 373 4838
378 379 4839
424 425 4840
1100 2427 4841
274 2620 4842
275 380 4843
378 381 4844
384 386 4845
1917 1919 4846
275 277 4847
274 2196 4848
167 169 4849
1408 2320 4850
2196 2620 4851
167 168 4852
385 386 4853
761 762 4854
380 381 4855
1447 1495 4856
2320 2427 4857
277 381 4858
277 380 4859
1917 1921 4860
275 378 4861
1496 2005 4862
1495 1496 4863
370 375 4864
1408 2427 4865
1447 1496 4866
2682 2683 4867
277 378 4868
378 380 4869
168 169 4870
