1803 2615 1
838 839 2
1803 2614 3
1803 2456 4
2313 2659 5
728 748 6
1729 1732 7
728 842 8
1383 1535 9
728 841 10
829 1532 11
1729 1730 12
1729 1733 13
456 504 14
1729 1734 15
2404 2451 16
2446 2448 17
2448 2617 18
1729 1731 19
2313 2398 20
136 1729 21
329 1803 22
1803 2608 23
830 1532 24
1731 1733 25
829 830 26
1730 1732 27
1803 2449 28
136 1731 29
1733 1734 30
2402 2404 31
1730 1731 32
1731 1734 33
1732 1733 34
1084 2390 35
1388 2661 36
1731 1732 37
838 840 38
1084 2389 39
1803 2370 40
2398 2659 41
1253 1254 42
1803 2371 43
2446 2617 44
1732 1734 45
1803 2609 46
2614 2615 47
2617 2618 48
692 1006 49
136 1730 50
843 845 51
553 818 52
832 1084 53
1002 2634 54
2448 2618 55
2389 2390 56
329 2371 57
487 829 58
748 841 59
953 955 60
1803 2599 61
229 808 62
1730 1733 63
692 996 64
816 821 65
886 2481 66
2370 2371 67
1730 1734 68
1803 2383 69
2403 2404 70
515 829 71
823 984 72
953 954 73
136 1732 74
2 954 75
1803 2610 76
515 830 77
596 818 78
1803 2616 79
2390 2391 80
2403 2451 81
515 1532 82
832 2390 83
843 844 84
1002 1008 85
227 442 86
813 814 87
2402 2451 88
136 1733 89
136 1734 90
808 809 91
2404 2450 92
2448 2725 93
955 990 94
955 2552 95
423 2659 96
844 845 97
506 1002 98
1254 1255 99
832 2389 100
1249 1250 101
2447 2448 102
460 830 103
2404 2452 104
2450 2451 105
1765 2612 106
643 1571 107
684 839 108
659 684 109
1764 1765 110
832 2391 111
2402 2452 112
87 1331 113
996 997 114
2357 2402 115
2402 2450 116
955 2695 117
2402 2403 118
433 804 119
1383 1659 120
2389 2391 121
2357 2404 122
2446 2618 123
1387 1388 124
1423 1424 125
460 829 126
1084 2391 127
955 2696 128
1318 1387 129
1383 1660 130
2403 2450 131
885 886 132
954 955 133
1318 1388 134
2451 2452 135
2371 2456 136
814 817 137
1025 1249 138
242 728 139
1002 2406 140
2403 2452 141
329 2456 142
756 827 143
692 997 144
460 967 145
596 816 146
2371 2383 147
227 1253 148
684 838 149
589 1648 150
1422 1424 151
811 1375 152
515 967 153
827 1293 154
334 1002 155
2449 2456 156
176 954 157
818 821 158
543 886 159
87 1311 160
829 967 161
2371 2449 162
589 592 163
1891 2248 164
1719 1723 165
684 840 166
742 2392 167
955 1645 168
1318 2357 169
1422 1423 170
954 2696 171
442 1253 172
775 1427 173
2281 2357 174
954 2695 175
2450 2452 176
1717 1718 177
176 822 178
85 87 179
2248 2249 180
442 1254 181
2456 2599 182
460 515 183
1104 1105 184
1330 1331 185
2357 2403 186
810 1637 187
589 1637 188
423 2313 189
86 87 190
1245 1246 191
1380 1383 192
1803 1848 193
188 1020 194
2401 2404 195
101 2371 196
5 837 197
651 984 198
1105 1249 199
101 1803 200
676 1263 201
2374 2375 202
1721 1723 203
2399 2407 204
1253 1255 205
2089 2313 206
227 1254 207
644 1723 208
1025 1250 209
2357 2451 210
2392 2394 211
679 1247 212
646 992 213
1309 1331 214
1720 1723 215
383 1536 216
423 2398 217
1005 1006 218
26 837 219
814 2674 220
1721 1722 221
2281 2404 222
1719 1721 223
818 827 224
993 994 225
643 1723 226
2247 2248 227
1432 1764 228
532 983 229
984 1337 230
821 1533 231
456 1386 232
642 1722 233
2281 2402 234
341 401 235
460 1532 236
690 1726 237
1659 1660 238
589 810 239
642 1723 240
85 1311 241
156 2097 242
837 1639 243
199 2097 244
592 1637 245
592 1044 246
1105 1250 247
2608 2609 248
199 1318 249
642 1721 250
692 1236 251
837 1252 252
329 2608 253
1382 1383 254
2357 2452 255
1719 1722 256
592 1648 257
834 869 258
999 1534 259
1862 2403 260
200 1006 261
244 675 262
86 1331 263
592 810 264
1722 1723 265
2371 2616 266
912 1809 267
589 1044 268
740 777 269
589 1725 270
2401 2402 271
1309 1330 272
2456 2616 273
821 1184 274
460 487 275
815 821 276
1862 2404 277
2498 2544 278
592 1296 279
644 1719 280
1253 1578 281
1719 1720 282
1720 1721 283
1330 2368 284
692 1005 285
1862 2281 286
87 592 287
643 1721 288
642 1719 289
1635 1636 290
1803 2369 291
156 2372 292
2097 2372 293
810 1648 294
2357 2401 295
2357 2450 296
830 967 297
775 1426 298
2281 2451 299
86 592 300
659 1391 301
2226 2410 302
2400 2407 303
651 698 304
1637 2453 305
2281 2450 306
2448 2571 307
689 1726 308
642 1720 309
2695 2696 310
1637 1725 311
2371 2599 312
643 1722 313
608 1765 314
1803 2744 315
1025 1105 316
644 1721 317
737 1534 318
85 86 319
698 984 320
444 504 321
2281 2403 322
996 2381 323
586 1536 324
15 1375 325
642 643 326
199 1388 327
2401 2403 328
643 1719 329
553 1638 330
176 454 331
589 724 332
592 724 333
1648 1725 334
644 1722 335
1282 1390 336
614 1765 337
689 690 338
1309 1310 339
1722 1724 340
1764 2612 341
503 1025 342
684 1391 343
1721 1724 344
553 819 345
1720 1722 346
1753 2388 347
994 995 348
815 816 349
967 1532 350
1392 2660 351
433 807 352
487 2408 353
642 644 354
994 1385 355
1254 2338 356
244 674 357
460 2408 358
635 1630 359
1253 2578 360
775 1428 361
2089 2659 362
242 1238 363
1388 2662 364
1753 2387 365
456 2361 366
504 505 367
712 1054 368
994 1384 369
1723 1724 370
1803 2678 371
520 638 372
264 596 373
1633 1636 374
233 690 375
492 1533 376
1637 1648 377
2357 2591 378
2399 2400 379
2281 2611 380
690 980 381
2089 2398 382
1254 1892 383
2281 2452 384
552 553 385
156 2386 386
910 911 387
740 1764 388
1308 1310 389
737 998 390
504 1636 391
643 644 392
643 1720 393
1719 1724 394
1427 1428 395
487 488 396
505 521 397
1387 2662 398
1253 1298 399
86 1311 400
553 2690 401
775 1429 402
2384 2385 403
1054 2411 404
200 818 405
329 2615 406
332 1248 407
343 1881 408
1720 1724 409
1835 2448 410
644 1724 411
614 1764 412
85 1331 413
496 596 414
834 1241 415
14 1392 416
329 2614 417
134 181 418
1308 1309 419
1812 2415 420
1862 2451 421
589 882 422
747 748 423
1253 1579 424
827 1581 425
1862 2402 426
1296 1637 427
341 1033 428
996 1315 429
131 182 430
633 635 431
1432 1433 432
85 592 433
1735 2414 434
635 949 435
532 1584 436
532 982 437
1044 1637 438
176 743 439
868 2380 440
487 515 441
984 1339 442
437 1803 443
744 822 444
1426 1427 445
805 806 446
1282 1389 447
2281 2591 448
737 2373 449
633 1630 450
1634 1636 451
607 612 452
532 981 453
642 1724 454
479 834 455
684 1489 456
737 999 457
506 1008 458
1862 2452 459
1380 1382 460
2281 2391 461
408 474 462
644 1720 463
134 135 464
1803 2677 465
2447 2725 466
911 1390 467
748 1577 468
823 2726 469
515 2408 470
1572 1881 471
199 2372 472
504 521 473
911 1282 474
1862 2611 475
454 822 476
700 804 477
607 609 478
607 613 479
1309 1311 480
743 822 481
2399 2442 482
504 685 483
492 816 484
1310 1311 485
700 701 486
1384 1385 487
805 1244 488
1374 1375 489
374 596 490
1812 2416 491
633 949 492
2571 2725 493
125 2380 494
1318 1862 495
1803 2589 496
1246 1307 497
684 1756 498
1378 1379 499
199 1862 500
479 820 501
1318 1319 502
698 1864 503
1727 2724 504
284 446 505
408 1631 506
742 2737 507
1824 2443 508
692 1315 509
742 1378 510
1803 2679 511
229 359 512
332 680 513
520 637 514
698 1301 515
2443 2445 516
440 442 517
742 1379 518
1534 2167 519
808 1313 520
1735 2413 521
86 233 522
589 664 523
775 1430 524
1862 2357 525
684 1757 526
692 2668 527
244 676 528
608 614 529
444 505 530
553 824 531
125 868 532
821 2613 533
423 2089 534
643 1724 535
869 1241 536
2281 2401 537
308 638 538
1337 1339 539
993 1384 540
1263 1375 541
454 744 542
334 1008 543
1054 2412 544
474 1727 545
442 1255 546
822 1573 547
848 849 548
984 1338 549
1254 2190 550
1578 1579 551
486 1672 552
573 1385 553
199 1387 554
998 999 555
893 2375 556
963 2699 557
622 834 558
646 647 559
26 158 560
2283 2606 561
732 733 562
2352 2672 563
589 1647 564
647 1571 565
1862 2450 566
50 1468 567
92 837 568
1113 1114 569
266 2724 570
816 2732 571
2413 2414 572
651 1337 573
1007 2384 574
2400 2442 575
87 233 576
1717 2382 577
156 199 578
650 651 579
698 1337 580
188 1339 581
503 1737 582
532 1585 583
818 1006 584
644 1590 585
609 612 586
815 2732 587
1245 1307 588
1037 1242 589
1426 1429 590
404 1533 591
674 675 592
995 1384 593
1100 1753 594
1529 1530 595
674 676 596
816 1184 597
607 608 598
2447 2571 599
589 1296 600
1487 1488 601
1862 2391 602
474 2724 603
455 456 604
607 614 605
266 408 606
1391 1755 607
1769 1770 608
238 663 609
596 1533 610
719 2405 611
646 1571 612
456 2701 613
724 1296 614
1633 1634 615
520 639 616
1795 2226 617
596 815 618
1426 1428 619
603 998 620
609 611 621
1534 2168 622
506 521 623
1308 1311 624
491 493 625
816 1533 626
608 612 627
609 614 628
134 180 629
609 613 630
1881 1959 631
614 2612 632
641 1185 633
910 1282 634
478 820 635
2146 2606 636
608 609 637
815 1533 638
204 818 639
238 554 640
374 446 641
2146 2283 642
454 743 643
2276 2449 644
608 611 645
1183 1531 646
2097 2400 647
266 1631 648
492 1184 649
520 640 650
993 1385 651
520 692 652
651 708 653
820 833 654
244 1431 655
431 1318 656
996 1236 657
823 863 658
610 612 659
1428 1429 660
408 2724 661
477 520 662
1426 1430 663
623 2395 664
2376 2377 665
2094 2095 666
2352 2731 667
343 396 668
612 614 669
679 680 670
922 2415 671
849 868 672
573 993 673
911 1389 674
1254 2479 675
2352 2671 676
2226 2705 677
199 2357 678
607 610 679
683 684 680
242 1580 681
486 2705 682
460 2441 683
611 613 684
629 650 685
2671 2672 686
343 1285 687
638 639 688
2097 2386 689
134 172 690
520 691 691
737 2482 692
1326 1327 693
609 610 694
651 844 695
2407 2442 696
743 744 697
610 614 698
2415 2416 699
38 1951 700
129 998 701
643 1590 702
479 833 703
818 1342 704
1824 2444 705
1672 2705 706
266 1727 707
1427 1429 708
39 126 709
504 1646 710
814 1362 711
554 663 712
242 483 713
616 2739 714
437 2369 715
613 614 716
437 2744 717
610 611 718
264 684 719
493 1570 720
496 1754 721
607 611 722
737 2545 723
630 698 724
14 238 725
341 404 726
504 1160 727
53 1006 728
766 1106 729
496 684 730
1036 1037 731
692 693 732
1007 2385 733
520 693 734
629 698 735
820 908 736
87 1322 737
951 1313 738
329 2609 739
743 1573 740
815 1184 741
1036 1242 742
112 136 743
198 955 744
2402 2460 745
611 612 746
651 845 747
740 1433 748
1381 1383 749
808 1314 750
542 2738 751
1119 2735 752
995 1385 753
596 1810 754
701 804 755
2283 2284 756
496 1755 757
1862 2401 758
135 178 759
1175 1184 760
775 1670 761
1584 2658 762
1718 2382 763
684 1755 764
199 2386 765
505 1339 766
653 655 767
264 496 768
655 658 769
690 963 770
1818 2734 771
923 1119 772
1636 1646 773
633 634 774
676 1575 775
1631 1727 776
14 663 777
1044 1296 778
2387 2388 779
229 996 780
622 1241 781
609 2191 782
1315 2668 783
1289 1327 784
308 2409 785
637 638 786
2443 2444 787
404 816 788
708 709 789
1006 1768 790
505 685 791
766 2472 792
931 1783 793
1672 2226 794
343 1959 795
818 1581 796
213 374 797
612 613 798
1004 1006 799
486 2226 800
622 869 801
26 1639 802
180 1752 803
634 635 804
439 442 805
596 1184 806
737 1231 807
592 1308 808
266 474 809
1808 1809 810
1755 1757 811
1113 1115 812
2588 2680 813
611 614 814
1380 1381 815
606 2669 816
341 492 817
744 1573 818
922 1812 819
1428 1430 820
342 343 821
519 520 822
515 2441 823
629 651 824
176 453 825
198 954 826
474 475 827
1582 1758 828
608 613 829
737 738 830
460 488 831
651 2468 832
503 2707 833
998 1329 834
1183 1574 835
85 1322 836
1036 2585 837
655 656 838
2369 2744 839
85 233 840
227 1578 841
737 1230 842
242 485 843
24 520 844
505 1636 845
608 610 846
242 482 847
651 1735 848
808 951 849
596 2732 850
699 701 851
1025 1737 852
1289 1326 853
596 1055 854
244 1652 855
573 1375 856
993 995 857
573 995 858
38 1536 859
308 358 860
693 1315 861
1362 2674 862
479 507 863
698 1251 864
542 1060 865
543 2397 866
651 843 867
1862 2591 868
525 1653 869
596 1175 870
1322 1323 871
2101 2745 872
2680 2743 873
413 665 874
454 1573 875
1114 1115 876
629 1301 877
39 130 878
308 677 879
343 2590 880
651 2467 881
131 132 882
343 1572 883
374 735 884
496 1756 885
698 1339 886
227 1255 887
592 1311 888
561 1435 889
967 1759 890
1980 2533 891
1316 1317 892
1326 1328 893
24 931 894
39 122 895
437 2589 896
498 2455 897
266 627 898
517 1582 899
1115 2533 900
2467 2468 901
693 2668 902
1528 2281 903
811 1543 904
229 809 905
230 698 906
630 1864 907
446 645 908
477 640 909
643 2680 910
204 827 911
1337 1338 912
559 825 913
2688 2705 914
442 894 915
244 887 916
446 505 917
500 2675 918
112 2393 919
42 126 920
265 627 921
507 834 922
343 1284 923
561 562 924
1036 2586 925
338 446 926
377 427 927
454 2580 928
550 553 929
2675 2676 930
308 804 931
521 685 932
1389 1390 933
238 1392 934
535 849 935
592 1647 936
183 184 937
503 2458 938
398 399 939
374 1582 940
264 1175 941
1263 1575 942
2400 2666 943
495 596 944
505 506 945
609 2224 946
804 807 947
882 1648 948
910 1390 949
453 816 950
592 1310 951
133 2673 952
656 658 953
238 662 954
198 2695 955
834 2488 956
982 983 957
176 2250 958
1648 2072 959
408 1727 960
2 176 961
266 626 962
1848 2697 963
1375 2275 964
198 990 965
447 701 966
596 676 967
616 2489 968
610 613 969
676 1431 970
2146 2284 971
2101 2103 972
2369 2370 973
639 640 974
1006 1767 975
718 2405 976
265 266 977
608 2224 978
433 1244 979
1572 1959 980
453 454 981
559 561 982
1584 1585 983
39 47 984
478 2377 985
608 2191 986
676 887 987
1848 2733 988
1528 1862 989
199 431 990
505 1160 991
653 656 992
1386 2701 993
596 1228 994
624 627 995
264 1184 996
676 1175 997
1531 1574 998
108 134 999
1035 1036 1000
496 1175 1001
640 691 1002
2281 2460 1003
629 632 1004
1848 2369 1005
242 661 1006
266 625 1007
404 493 1008
2458 2675 1009
199 2400 1010
1036 2584 1011
981 983 1012
1754 1755 1013
1160 1636 1014
626 627 1015
691 692 1016
517 1758 1017
24 640 1018
554 742 1019
910 1389 1020
265 624 1021
503 2675 1022
1755 1756 1023
1529 1797 1024
1533 2732 1025
50 53 1026
724 1044 1027
1004 2710 1028
447 448 1029
653 658 1030
1298 1578 1031
1427 1430 1032
266 624 1033
2585 2587 1034
1647 1648 1035
961 1242 1036
2110 2400 1037
698 1657 1038
1119 2736 1039
308 823 1040
1848 2370 1041
630 632 1042
2584 2585 1043
2444 2445 1044
561 1146 1045
1338 1339 1046
474 499 1047
198 2552 1048
260 616 1049
477 638 1050
490 2363 1051
1429 1430 1052
199 1319 1053
374 517 1054
629 1735 1055
383 384 1056
505 1200 1057
2101 2102 1058
1028 1924 1059
1333 1824 1060
520 704 1061
1115 1980 1062
492 493 1063
454 867 1064
396 1284 1065
2513 2565 1066
2101 2708 1067
2675 2702 1068
676 1640 1069
741 742 1070
684 1754 1071
700 1491 1072
474 503 1073
505 1646 1074
616 2177 1075
133 1948 1076
238 741 1077
401 1033 1078
2735 2736 1079
446 506 1080
430 680 1081
656 705 1082
478 2376 1083
592 882 1084
1100 2388 1085
1025 2707 1086
494 684 1087
14 554 1088
614 2224 1089
1381 1382 1090
2371 2714 1091
2705 2706 1092
607 2224 1093
651 2740 1094
404 1184 1095
678 2673 1096
1106 2472 1097
638 691 1098
654 658 1099
1313 1314 1100
101 2369 1101
500 2641 1102
653 705 1103
1536 2350 1104
656 706 1105
466 669 1106
474 655 1107
2680 2700 1108
481 653 1109
740 1432 1110
1335 1824 1111
222 733 1112
625 627 1113
2400 2665 1114
374 1758 1115
656 657 1116
478 833 1117
19 53 1118
498 2480 1119
698 1338 1120
529 1583 1121
1006 1425 1122
199 2110 1123
967 1944 1124
112 149 1125
554 662 1126
481 655 1127
479 508 1128
658 706 1129
834 2502 1130
297 859 1131
1948 2673 1132
618 619 1133
1036 2583 1134
605 606 1135
448 701 1136
561 1055 1137
629 630 1138
1060 2738 1139
1391 1756 1140
607 2191 1141
654 655 1142
1184 2732 1143
675 676 1144
319 818 1145
828 2274 1146
47 130 1147
836 1037 1148
503 2676 1149
495 496 1150
2458 2641 1151
654 657 1152
401 492 1153
638 640 1154
1428 1670 1155
5 1639 1156
651 1338 1157
2593 2673 1158
478 479 1159
501 503 1160
1386 1761 1161
520 703 1162
658 705 1163
923 2735 1164
555 573 1165
549 553 1166
1298 1579 1167
2190 2479 1168
669 670 1169
893 2374 1170
1327 1328 1171
596 2698 1172
1119 2519 1173
2564 2565 1174
454 1711 1175
2400 2684 1176
60 1392 1177
629 707 1178
962 1311 1179
1055 1184 1180
2373 2545 1181
198 2696 1182
278 827 1183
1486 1487 1184
560 561 1185
662 663 1186
923 2551 1187
136 137 1188
573 2664 1189
592 962 1190
38 94 1191
133 2593 1192
413 1751 1193
86 1322 1194
554 741 1195
60 437 1196
835 2395 1197
1260 1375 1198
474 500 1199
592 1309 1200
824 1638 1201
39 123 1202
637 640 1203
898 1197 1204
653 657 1205
2678 2679 1206
658 659 1207
481 658 1208
951 1314 1209
266 2162 1210
981 982 1211
542 543 1212
5 26 1213
376 427 1214
1119 1787 1215
2103 2708 1216
500 2702 1217
629 631 1218
71 122 1219
503 2641 1220
653 654 1221
631 632 1222
808 1772 1223
404 492 1224
653 659 1225
2665 2684 1226
654 656 1227
265 408 1228
466 467 1229
498 1883 1230
47 71 1231
613 2224 1232
619 621 1233
507 508 1234
993 2664 1235
341 1393 1236
500 503 1237
1754 1757 1238
238 742 1239
1385 2664 1240
500 501 1241
655 659 1242
1529 2133 1243
133 678 1244
498 544 1245
912 1808 1246
618 877 1247
665 666 1248
1529 2711 1249
630 707 1250
849 852 1251
705 706 1252
483 485 1253
1631 1632 1254
1754 1756 1255
1175 2357 1256
592 641 1257
657 658 1258
1036 2587 1259
1160 1646 1260
1727 1728 1261
413 2363 1262
811 2092 1263
498 1336 1264
723 724 1265
474 555 1266
466 668 1267
408 1632 1268
603 1329 1269
744 1324 1270
176 1486 1271
444 521 1272
651 746 1273
108 181 1274
482 485 1275
1242 1243 1276
477 639 1277
2474 2475 1278
475 655 1279
112 148 1280
496 1184 1281
836 1242 1282
887 1342 1283
496 1757 1284
2167 2168 1285
39 71 1286
242 484 1287
482 483 1288
668 670 1289
408 1728 1290
471 472 1291
882 1647 1292
923 2736 1293
1574 2504 1294
657 705 1295
222 731 1296
623 835 1297
818 819 1298
2363 2688 1299
453 955 1300
2280 2281 1301
150 1321 1302
474 501 1303
676 1652 1304
350 2363 1305
2101 2709 1306
281 2573 1307
1289 1328 1308
185 210 1309
1486 1488 1310
266 438 1311
603 2669 1312
500 2676 1313
674 1342 1314
691 693 1315
629 2476 1316
238 505 1317
573 2663 1318
199 1175 1319
442 1655 1320
638 2409 1321
525 733 1322
654 706 1323
1292 2101 1324
1574 2588 1325
712 2411 1326
501 502 1327
1489 1755 1328
766 2470 1329
1055 1175 1330
197 199 1331
651 709 1332
592 664 1333
1119 2332 1334
2371 2715 1335
337 374 1336
2677 2678 1337
1948 2553 1338
1948 2593 1339
1385 2663 1340
549 551 1341
399 473 1342
266 563 1343
676 2698 1344
460 1771 1345
499 1375 1346
604 2669 1347
678 1948 1348
2097 2110 1349
2363 2565 1350
280 281 1351
522 532 1352
350 665 1353
2272 2363 1354
474 476 1355
505 1338 1356
396 1285 1357
484 485 1358
1837 1838 1359
499 574 1360
624 625 1361
651 2515 1362
1948 2554 1363
350 1751 1364
462 2033 1365
550 551 1366
808 898 1367
500 1025 1368
525 1373 1369
561 2718 1370
742 890 1371
496 1055 1372
1175 1318 1373
520 1649 1374
869 1762 1375
265 625 1376
675 887 1377
637 639 1378
914 2571 1379
592 2072 1380
436 638 1381
479 559 1382
1000 1001 1383
1264 1375 1384
1486 2250 1385
1862 2460 1386
639 691 1387
1948 2540 1388
60 238 1389
684 2182 1390
1229 2357 1391
474 1375 1392
656 971 1393
2363 2564 1394
233 810 1395
816 1376 1396
549 550 1397
592 1168 1398
474 871 1399
1756 1757 1400
499 555 1401
500 502 1402
627 2162 1403
439 894 1404
2665 2666 1405
912 1036 1406
499 500 1407
592 1322 1408
1529 2667 1409
497 498 1410
869 1763 1411
446 521 1412
651 1339 1413
101 1848 1414
264 1755 1415
477 637 1416
676 2685 1417
413 666 1418
2089 2716 1419
1229 2281 1420
2473 2475 1421
630 631 1422
459 460 1423
502 503 1424
505 857 1425
555 1375 1426
280 2573 1427
313 553 1428
495 1175 1429
1321 1766 1430
1835 2617 1431
2513 2514 1432
24 638 1433
625 626 1434
2557 2559 1435
659 705 1436
150 1201 1437
536 849 1438
112 2493 1439
165 1321 1440
373 733 1441
603 1299 1442
993 2663 1443
101 2370 1444
297 861 1445
494 1755 1446
638 703 1447
604 606 1448
618 878 1449
624 626 1450
150 1766 1451
482 484 1452
967 1945 1453
503 574 1454
2363 2687 1455
712 1971 1456
826 2396 1457
474 502 1458
1201 1321 1459
476 499 1460
2089 2091 1461
882 883 1462
2273 2354 1463
2504 2588 1464
718 719 1465
2688 2706 1466
233 1726 1467
479 562 1468
1263 1264 1469
1958 1959 1470
474 574 1471
654 705 1472
404 491 1473
1036 1949 1474
2515 2740 1475
350 633 1476
564 2272 1477
618 620 1478
2588 2743 1479
14 60 1480
479 2488 1481
618 621 1482
909 911 1483
1009 2741 1484
503 1344 1485
2272 2688 1486
995 2664 1487
816 1377 1488
537 851 1489
574 1375 1490
676 1228 1491
531 532 1492
264 645 1493
592 723 1494
618 670 1495
264 1754 1496
1201 1766 1497
460 1760 1498
503 681 1499
1287 1289 1500
53 1468 1501
233 592 1502
374 1479 1503
483 484 1504
2332 2559 1505
1631 1728 1506
474 870 1507
112 2141 1508
408 438 1509
701 1491 1510
2473 2474 1511
165 1201 1512
352 395 1513
499 501 1514
1369 2283 1515
2103 2745 1516
165 1766 1517
2097 2498 1518
350 635 1519
461 462 1520
60 112 1521
198 1645 1522
264 428 1523
621 702 1524
659 706 1525
1751 2363 1526
351 816 1527
922 2416 1528
559 562 1529
711 712 1530
503 2702 1531
676 1863 1532
466 670 1533
494 1754 1534
816 1188 1535
676 1038 1536
1288 1289 1537
408 563 1538
478 507 1539
1835 2446 1540
392 573 1541
504 547 1542
1391 1489 1543
2556 2557 1544
1119 2106 1545
1333 1335 1546
112 137 1547
632 707 1548
2557 2681 1549
343 965 1550
499 502 1551
603 606 1552
2102 2745 1553
464 2454 1554
698 1194 1555
921 1256 1556
620 702 1557
629 2471 1558
564 2688 1559
874 975 1560
222 1529 1561
503 1343 1562
308 660 1563
515 534 1564
1184 1533 1565
621 670 1566
1054 1170 1567
139 358 1568
656 659 1569
444 445 1570
466 667 1571
685 687 1572
742 974 1573
2363 2570 1574
498 1884 1575
1230 1231 1576
1434 1881 1577
476 574 1578
604 605 1579
793 868 1580
1229 2591 1581
654 659 1582
481 654 1583
566 567 1584
816 2179 1585
401 404 1586
1280 1510 1587
2088 2089 1588
513 515 1589
670 702 1590
530 532 1591
92 1252 1592
526 532 1593
2553 2554 1594
503 1375 1595
1604 2689 1596
620 670 1597
75 2352 1598
520 677 1599
495 1055 1600
859 861 1601
368 905 1602
529 532 1603
914 2592 1604
1175 1862 1605
1642 1643 1606
2677 2679 1607
383 385 1608
1363 2274 1609
667 670 1610
281 1411 1611
458 1771 1612
656 2251 1613
659 971 1614
1037 1740 1615
479 607 1616
1529 2548 1617
607 834 1618
1823 1825 1619
744 1325 1620
495 1184 1621
882 930 1622
1369 2146 1623
2363 2713 1624
1862 2280 1625
562 834 1626
515 1210 1627
560 562 1628
1751 2570 1629
227 725 1630
2556 2559 1631
476 1375 1632
350 413 1633
657 659 1634
2363 2513 1635
2061 2097 1636
222 2494 1637
2393 2493 1638
1704 2089 1639
87 2246 1640
638 704 1641
678 2593 1642
15 1374 1643
1261 1375 1644
264 495 1645
2103 2709 1646
2173 2332 1647
499 681 1648
596 2105 1649
914 1146 1650
503 871 1651
266 928 1652
266 2503 1653
474 872 1654
995 2663 1655
481 656 1656
573 574 1657
2255 2717 1658
1602 2689 1659
1894 2439 1660
447 1796 1661
453 1187 1662
297 2255 1663
1044 1168 1664
1529 2494 1665
349 350 1666
2097 2279 1667
1605 1702 1668
176 188 1669
280 1411 1670
499 503 1671
515 537 1672
1823 1828 1673
1290 1775 1674
2571 2592 1675
481 705 1676
1381 2498 1677
2097 2501 1678
12 112 1679
491 492 1680
668 669 1681
1605 2689 1682
571 573 1683
2332 2557 1684
53 1004 1685
222 732 1686
528 532 1687
550 1177 1688
559 834 1689
1292 2102 1690
826 1500 1691
462 464 1692
522 530 1693
465 467 1694
517 518 1695
603 605 1696
1381 2496 1697
408 2503 1698
811 1374 1699
75 1025 1700
1052 2359 1701
1602 1605 1702
368 518 1703
2169 2499 1704
564 2363 1705
1329 1830 1706
1602 1604 1707
1238 1580 1708
401 403 1709
1421 1424 1710
2097 2169 1711
517 903 1712
522 531 1713
859 2255 1714
685 688 1715
458 460 1716
309 374 1717
526 531 1718
619 620 1719
865 866 1720
1375 2355 1721
462 463 1722
726 1317 1723
139 736 1724
373 732 1725
527 532 1726
344 395 1727
1342 1652 1728
1381 2169 1729
204 1581 1730
618 702 1731
1706 2354 1732
659 2432 1733
1381 2097 1734
503 1024 1735
561 914 1736
222 729 1737
656 1303 1738
2559 2681 1739
453 2362 1740
564 2706 1741
718 1317 1742
861 2255 1743
465 466 1744
667 669 1745
498 1196 1746
746 1529 1747
433 805 1748
308 2285 1749
598 599 1750
558 562 1751
2102 2103 1752
2540 2554 1753
1263 2275 1754
31 896 1755
461 464 1756
714 715 1757
1835 2618 1758
349 413 1759
503 1209 1760
742 889 1761
225 226 1762
914 2718 1763
150 165 1764
564 2705 1765
494 816 1766
592 1808 1767
1315 2261 1768
2097 2499 1769
1704 2716 1770
2663 2664 1771
686 687 1772
2081 2474 1773
1185 1187 1774
685 686 1775
1229 1862 1776
445 446 1777
567 569 1778
1530 2667 1779
1264 2462 1780
730 731 1781
529 531 1782
674 1652 1783
951 1183 1784
2540 2553 1785
2272 2713 1786
1751 2272 1787
522 525 1788
1050 1051 1789
2471 2476 1790
559 607 1791
1369 2606 1792
444 446 1793
1381 2495 1794
453 2420 1795
564 2570 1796
470 472 1797
705 1303 1798
1823 1827 1799
1825 1828 1800
2097 2495 1801
448 700 1802
461 463 1803
524 532 1804
1361 1362 1805
1381 2497 1806
818 887 1807
543 1526 1808
1169 2483 1809
681 1375 1810
435 638 1811
1290 1774 1812
523 532 1813
569 1434 1814
350 495 1815
476 681 1816
522 526 1817
703 704 1818
1381 2501 1819
1944 1945 1820
522 529 1821
562 607 1822
1425 1767 1823
742 852 1824
1825 1827 1825
766 2471 1826
1050 1052 1827
1767 1768 1828
522 524 1829
238 451 1830
494 496 1831
2496 2498 1832
2496 2499 1833
1051 1052 1834
572 573 1835
2495 2498 1836
26 111 1837
569 1009 1838
667 668 1839
875 1818 1840
1381 2499 1841
1827 1828 1842
2169 2500 1843
2272 2687 1844
710 712 1845
718 1316 1846
2097 2496 1847
334 716 1848
1421 1422 1849
433 2070 1850
1489 1756 1851
1381 2500 1852
2332 2735 1853
811 1804 1854
919 1256 1855
1043 1044 1856
522 528 1857
592 1043 1858
1033 2469 1859
1434 2418 1860
503 870 1861
2254 2255 1862
399 896 1863
1292 2103 1864
542 1526 1865
547 818 1866
624 2162 1867
867 2580 1868
449 450 1869
2169 2495 1870
598 1025 1871
2061 2499 1872
1533 2179 1873
1604 1702 1874
2169 2496 1875
1381 2061 1876
923 2332 1877
138 139 1878
1936 2605 1879
439 1656 1880
476 1371 1881
892 894 1882
338 505 1883
607 2488 1884
620 621 1885
746 2494 1886
1306 1307 1887
268 2581 1888
476 555 1889
1375 2461 1890
2279 2496 1891
64 165 1892
1050 2359 1893
566 568 1894
525 532 1895
198 453 1896
515 1211 1897
343 645 1898
2061 2169 1899
517 901 1900
558 559 1901
401 2469 1902
659 2251 1903
527 529 1904
603 604 1905
1823 1824 1906
638 1649 1907
1381 2279 1908
1604 1605 1909
264 1055 1910
652 713 1911
374 2465 1912
2498 2499 1913
308 767 1914
503 1021 1915
2093 2095 1916
1370 1371 1917
525 530 1918
818 1566 1919
826 1322 1920
222 750 1921
233 689 1922
268 2582 1923
895 2492 1924
656 1302 1925
2279 2499 1926
478 559 1927
2061 2496 1928
2272 2570 1929
877 878 1930
2495 2499 1931
365 553 1932
503 872 1933
1421 1423 1934
1425 1768 1935
530 531 1936
383 386 1937
440 1656 1938
561 2463 1939
2499 2500 1940
499 682 1941
525 526 1942
524 531 1943
1281 1282 1944
1797 2711 1945
308 1276 1946
1990 1991 1947
529 530 1948
1175 2698 1949
1807 2250 1950
374 952 1951
435 436 1952
1264 2633 1953
806 2070 1954
870 871 1955
517 902 1956
463 464 1957
522 523 1958
1159 1948 1959
2496 2501 1960
2102 2709 1961
567 568 1962
2173 2557 1963
2498 2501 1964
710 711 1965
1170 2559 1966
2495 2496 1967
522 527 1968
561 2464 1969
2556 2681 1970
1526 2738 1971
1823 1829 1972
925 1258 1973
559 560 1974
599 1894 1975
476 1370 1976
676 1576 1977
675 1652 1978
317 509 1979
179 1100 1980
562 2488 1981
442 1656 1982
499 870 1983
2279 2498 1984
481 657 1985
439 1655 1986
526 530 1987
1616 2134 1988
1530 1797 1989
516 517 1990
816 1187 1991
494 495 1992
640 704 1993
451 452 1994
492 1570 1995
308 1277 1996
244 541 1997
788 895 1998
515 1212 1999
818 1569 2000
1044 2378 2001
523 531 2002
397 460 2003
524 525 2004
1188 1533 2005
2097 2500 2006
2061 2279 2007
526 527 2008
1825 1829 2009
930 2134 2010
238 332 2011
308 338 2012
619 879 2013
2279 2497 2014
1824 1825 2015
729 731 2016
2169 2501 2017
222 373 2018
433 806 2019
1266 2607 2020
618 879 2021
524 526 2022
535 536 2023
527 531 2024
893 894 2025
555 681 2026
618 876 2027
1038 1228 2028
714 745 2029
859 2254 2030
503 555 2031
5 111 2032
176 464 2033
1827 1829 2034
528 529 2035
2097 2497 2036
460 1111 2037
2169 2498 2038
909 910 2039
625 2162 2040
787 788 2041
1881 2418 2042
527 528 2043
726 1316 2044
640 703 2045
716 717 2046
1169 2484 2047
2088 2091 2048
2169 2279 2049
523 527 2050
2497 2499 2051
481 971 2052
526 529 2053
559 2488 2054
776 894 2055
523 526 2056
526 528 2057
2279 2501 2058
2488 2502 2059
2332 2681 2060
382 537 2061
297 2254 2062
1824 1827 2063
213 338 2064
2495 2501 2065
2279 2495 2066
503 2252 2067
1869 1871 2068
568 569 2069
737 1563 2070
2061 2498 2071
2500 2501 2072
1762 1763 2073
2498 2500 2074
373 731 2075
525 531 2076
336 374 2077
523 528 2078
550 1178 2079
515 538 2080
592 696 2081
599 2546 2082
2496 2500 2083
525 528 2084
2497 2498 2085
1526 2397 2086
1990 2535 2087
733 1653 2088
308 2309 2089
592 930 2090
1324 1325 2091
528 531 2092
2496 2497 2093
2061 2497 2094
15 811 2095
267 268 2096
466 619 2097
2495 2500 2098
460 1032 2099
714 2256 2100
930 1616 2101
308 1494 2102
350 494 2103
401 2122 2104
1188 2179 2105
318 509 2106
925 1257 2107
503 1742 2108
2682 2683 2109
1175 1229 2110
1823 1826 2111
887 978 2112
334 717 2113
2173 2556 2114
476 503 2115
2499 2501 2116
712 2566 2117
1335 2351 2118
1029 1361 2119
19 50 2120
250 1222 2121
490 2272 2122
374 722 2123
525 529 2124
675 1863 2125
439 440 2126
524 527 2127
619 880 2128
919 921 2129
503 598 2130
925 1259 2131
524 529 2132
891 893 2133
592 883 2134
859 2717 2135
861 2254 2136
2061 2500 2137
2581 2582 2138
1601 1605 2139
573 681 2140
618 880 2141
2558 2559 2142
2100 2103 2143
15 98 2144
2061 2495 2145
1264 2275 2146
564 1751 2147
1530 2711 2148
1797 2133 2149
1824 1826 2150
341 403 2151
515 851 2152
1292 2708 2153
1375 2331 2154
1704 2091 2155
2093 2094 2156
776 892 2157
129 1329 2158
527 530 2159
514 515 2160
967 1506 2161
555 574 2162
574 681 2163
1369 2284 2164
358 374 2165
826 2550 2166
64 1853 2167
401 881 2168
2279 2500 2169
2495 2497 2170
542 2543 2171
920 1256 2172
2497 2500 2173
523 524 2174
1021 1025 2175
515 1213 2176
373 1083 2177
2332 2556 2178
566 569 2179
613 2321 2180
176 590 2181
523 529 2182
826 2568 2183
523 525 2184
891 892 2185
524 530 2186
887 1652 2187
524 528 2188
1179 1180 2189
1825 1826 2190
238 338 2191
499 1209 2192
428 1298 2193
112 114 2194
1169 1170 2195
648 1052 2196
700 739 2197
818 2117 2198
787 895 2199
129 603 2200
460 1466 2201
776 893 2202
883 930 2203
2169 2497 2204
460 1112 2205
496 2360 2206
238 452 2207
1222 2477 2208
1797 2548 2209
599 2439 2210
659 2136 2211
447 2151 2212
490 1769 2213
1012 1019 2214
528 530 2215
331 334 2216
404 1570 2217
1334 1335 2218
2489 2547 2219
705 971 2220
787 2492 2221
1264 2461 2222
1774 1775 2223
2061 2501 2224
894 1656 2225
776 891 2226
1742 2458 2227
2550 2568 2228
640 1649 2229
894 1815 2230
2470 2471 2231
1060 1526 2232
619 876 2233
356 373 2234
1264 2355 2235
383 1018 2236
2463 2464 2237
523 530 2238
297 2717 2239
930 1214 2240
1270 1813 2241
861 2253 2242
1850 1869 2243
2173 2559 2244
721 722 2245
244 2113 2246
1176 1270 2247
350 496 2248
592 1272 2249
1015 1016 2250
564 2686 2251
1486 1807 2252
1870 1871 2253
238 857 2254
705 1302 2255
2483 2484 2256
374 2466 2257
404 499 2258
729 750 2259
1038 1175 2260
503 1023 2261
408 928 2262
806 2060 2263
525 527 2264
470 471 2265
599 2491 2266
1222 1873 2267
895 2487 2268
718 726 2269
1029 1362 2270
1826 1827 2271
806 2073 2272
1025 1026 2273
1222 1874 2274
308 2286 2275
1601 1604 2276
686 688 2277
1641 1875 2278
374 926 2279
660 991 2280
2574 2575 2281
176 979 2282
788 2487 2283
1303 2251 2284
2574 2576 2285
94 584 2286
382 851 2287
442 906 2288
893 1816 2289
659 1010 2290
710 2566 2291
229 441 2292
129 184 2293
397 1032 2294
1177 1178 2295
1924 2560 2296
1704 2088 2297
776 1816 2298
5 121 2299
18 1201 2300
176 1806 2301
561 2353 2302
659 2000 2303
787 2487 2304
204 1342 2305
1830 1831 2306
406 2119 2307
481 706 2308
349 665 2309
308 582 2310
891 1816 2311
1038 1039 2312
400 404 2313
296 596 2314
894 1816 2315
1276 1277 2316
53 1736 2317
233 664 2318
892 1816 2319
1677 2574 2320
5 46 2321
414 854 2322
448 1796 2323
496 1549 2324
1228 2685 2325
2332 2736 2326
401 1320 2327
1677 2575 2328
1287 1288 2329
240 241 2330
1258 1259 2331
2098 2103 2332
1261 1264 2333
481 659 2334
826 1271 2335
1019 2078 2336
1222 2478 2337
253 1222 2338
861 2717 2339
1869 1872 2340
1850 1872 2341
308 340 2342
317 318 2343
592 1821 2344
478 1222 2345
569 2577 2346
645 2646 2347
1260 2275 2348
86 2246 2349
419 446 2350
891 894 2351
75 503 2352
2490 2491 2353
478 2478 2354
930 1273 2355
97 98 2356
492 499 2357
515 1270 2358
223 592 2359
859 2253 2360
1184 2179 2361
1876 1877 2362
1236 1238 2363
1426 2149 2364
2714 2715 2365
208 1513 2366
2355 2461 2367
733 1198 2368
742 1158 2369
350 666 2370
374 721 2371
332 338 2372
459 1771 2373
1260 1264 2374
1811 1936 2375
229 1312 2376
592 1750 2377
1074 2095 2378
592 1214 2379
1003 2069 2380
2085 2572 2381
75 598 2382
241 335 2383
228 229 2384
1641 1877 2385
2497 2501 2386
1196 2339 2387
2487 2492 2388
432 806 2389
855 856 2390
427 2703 2391
659 1303 2392
731 2417 2393
2173 2681 2394
404 2122 2395
185 850 2396
2275 2355 2397
513 534 2398
776 1815 2399
920 921 2400
599 636 2401
273 332 2402
1012 1016 2403
536 852 2404
235 2469 2405
536 742 2406
871 872 2407
892 893 2408
893 1815 2409
914 1048 2410
1257 1258 2411
592 826 2412
1024 1025 2413
374 989 2414
1175 2685 2415
2539 2540 2416
72 110 2417
432 2070 2418
729 730 2419
967 1977 2420
870 872 2421
1012 1015 2422
1228 2698 2423
1850 1871 2424
2575 2576 2425
336 2466 2426
654 1028 2427
1016 1019 2428
1870 1872 2429
328 2631 2430
337 359 2431
2550 2567 2432
374 927 2433
406 2569 2434
2254 2717 2435
2353 2463 2436
2275 2461 2437
464 2346 2438
382 1270 2439
937 1222 2440
592 1819 2441
403 499 2442
1052 1643 2443
53 617 2444
892 2070 2445
260 2739 2446
1159 2554 2447
1869 1870 2448
448 2151 2449
2081 2084 2450
433 518 2451
1235 1238 2452
2465 2466 2453
336 2465 2454
1175 1228 2455
2070 2071 2456
2566 2643 2457
308 1214 2458
561 2245 2459
561 2538 2460
344 1658 2461
1774 1881 2462
190 401 2463
460 940 2464
1257 1259 2465
176 2346 2466
628 1411 2467
1879 2137 2468
2096 2103 2469
240 1278 2470
2567 2568 2471
1159 2553 2472
1261 2275 2473
1641 2155 2474
190 404 2475
718 720 2476
1028 1029 2477
1170 2558 2478
14 1058 2479
599 2490 2480
659 2278 2481
1282 1283 2482
1530 2548 2483
303 2075 2484
1828 1829 2485
1184 1188 2486
1038 1042 2487
349 495 2488
382 515 2489
500 598 2490
1263 2355 2491
1677 2576 2492
648 1050 2493
1292 2097 2494
671 2085 2495
700 1862 2496
1187 1188 2497
921 922 2498
592 2712 2499
826 1268 2500
922 1257 2501
264 2646 2502
1260 2462 2503
1811 2605 2504
2050 2051 2505
541 1038 2506
699 700 2507
777 1869 2508
826 1044 2509
1015 1019 2510
374 545 2511
619 956 2512
503 682 2513
1260 2355 2514
2100 2102 2515
816 937 2516
1170 2484 2517
1641 2156 2518
240 335 2519
971 1303 2520
244 2114 2521
176 1807 2522
414 855 2523
358 736 2524
492 1700 2525
967 1507 2526
53 2644 2527
1691 2640 2528
1641 1876 2529
2477 2478 2530
336 1838 2531
14 379 2532
466 956 2533
1173 1222 2534
2137 2138 2535
2144 2459 2536
1271 2550 2537
1271 2568 2538
1513 1514 2539
1530 2133 2540
210 374 2541
681 682 2542
403 492 2543
919 920 2544
244 1190 2545
826 2567 2546
592 2549 2547
914 1049 2548
1210 1211 2549
19 1201 2550
574 682 2551
1565 1641 2552
561 2244 2553
1159 2540 2554
659 2324 2555
2097 2103 2556
490 2354 2557
227 428 2558
876 879 2559
1263 2461 2560
1644 1652 2561
966 967 2562
1184 1187 2563
1703 1704 2564
1850 1870 2565
329 853 2566
937 2477 2567
53 2693 2568
374 546 2569
53 1201 2570
930 1272 2571
429 466 2572
481 1303 2573
1219 2070 2574
2353 2464 2575
879 880 2576
898 1484 2577
252 1222 2578
2155 2157 2579
1170 2483 2580
498 1223 2581
432 433 2582
250 2163 2583
492 1057 2584
753 858 2585
303 304 2586
1704 1705 2587
503 2694 2588
403 404 2589
758 874 2590
806 1219 2591
541 977 2592
81 448 2593
892 2071 2594
893 2070 2595
1207 2561 2596
1237 1238 2597
51 53 2598
1139 2561 2599
208 1514 2600
440 894 2601
503 1026 2602
2138 2723 2603
2287 2563 2604
414 1053 2605
2155 2156 2606
1038 1040 2607
478 1533 2608
901 903 2609
373 750 2610
457 459 2611
1426 1926 2612
1565 2157 2613
404 1056 2614
2068 2144 2615
405 406 2616
382 1213 2617
478 937 2618
1829 2594 2619
304 305 2620
806 2074 2621
440 1185 2622
1139 1207 2623
478 2477 2624
492 1056 2625
572 574 2626
1514 2085 2627
490 2273 2628
1174 1175 2629
373 2494 2630
510 554 2631
914 1347 2632
1622 2185 2633
222 746 2634
492 1192 2635
892 1815 2636
470 1086 2637
243 244 2638
2156 2157 2639
1220 1811 2640
1652 1863 2641
914 2457 2642
2378 2379 2643
1881 2595 2644
1277 1545 2645
645 965 2646
876 880 2647
914 1047 2648
1641 1878 2649
500 1024 2650
1045 1242 2651
1267 2227 2652
129 1830 2653
816 2012 2654
1044 2550 2655
308 971 2656
414 856 2657
404 1700 2658
53 533 2659
225 1418 2660
733 1373 2661
700 1291 2662
2000 2432 2663
476 682 2664
18 53 2665
1271 2567 2666
1500 2550 2667
619 957 2668
498 652 2669
129 1831 2670
250 1173 2671
1198 1199 2672
695 2159 2673
260 2489 2674
431 2563 2675
638 2692 2676
1014 1019 2677
1513 2112 2678
1187 2179 2679
498 1208 2680
433 752 2681
914 1346 2682
433 753 2683
303 2518 2684
352 1658 2685
777 1870 2686
823 900 2687
1514 2572 2688
344 1355 2689
373 746 2690
458 459 2691
481 2251 2692
374 734 2693
592 2520 2694
343 964 2695
414 1051 2696
541 850 2697
937 1533 2698
1044 2568 2699
382 1212 2700
541 700 2701
200 1859 2702
1187 1533 2703
568 2104 2704
598 1023 2705
659 2187 2706
2098 2102 2707
382 538 2708
1774 2595 2709
466 957 2710
542 1527 2711
1261 2355 2712
14 1059 2713
1872 2116 2714
1704 2090 2715
860 861 2716
1229 2280 2717
962 1214 2718
1260 2461 2719
929 930 2720
1526 2543 2721
2277 2465 2722
185 541 2723
273 338 2724
2632 2704 2725
198 1034 2726
185 540 2727
358 1207 2728
1500 2567 2729
1736 2562 2730
225 227 2731
1881 2135 2732
1881 2305 2733
2099 2103 2734
1263 2462 2735
726 1558 2736
1267 2506 2737
1641 2157 2738
442 1928 2739
1302 1303 2740
373 729 2741
540 541 2742
2081 2083 2743
433 858 2744
2097 2100 2745
1587 1811 2746
129 183 2747
213 722 2748
303 2603 2749
914 1046 2750
2285 2286 2751
261 2489 2752
742 975 2753
2083 2084 2754
252 253 2755
404 1057 2756
500 1021 2757
1233 1238 2758
752 858 2759
2457 2592 2760
1016 2078 2761
541 946 2762
2080 2081 2763
671 1514 2764
910 1286 2765
916 1046 2766
1641 2108 2767
1012 2078 2768
498 1027 2769
700 1039 2770
352 846 2771
1211 1212 2772
1304 1814 2773
1565 2155 2774
185 946 2775
404 1192 2776
431 2287 2777
1038 1041 2778
329 414 2779
592 1820 2780
852 974 2781
648 1051 2782
1044 1271 2783
352 2045 2784
818 976 2785
1869 2116 2786
1811 2184 2787
252 255 2788
344 846 2789
859 1436 2790
224 592 2791
571 2176 2792
891 1815 2793
2098 2100 2794
404 576 2795
700 945 2796
226 430 2797
193 1267 2798
198 1306 2799
195 200 2800
1210 1212 2801
188 1045 2802
1185 1186 2803
427 1804 2804
592 2264 2805
1019 2077 2806
51 52 2807
336 2277 2808
638 677 2809
352 1355 2810
492 1707 2811
1806 1807 2812
64 115 2813
555 682 2814
971 1302 2815
1039 1042 2816
1271 1500 2817
1023 1026 2818
598 1026 2819
1565 2156 2820
1875 1878 2821
412 893 2822
1265 1266 2823
199 1351 2824
442 2627 2825
244 2115 2826
18 19 2827
518 2079 2828
1302 2251 2829
861 1436 2830
1019 2337 2831
210 1473 2832
818 888 2833
652 1027 2834
394 395 2835
1017 1019 2836
490 816 2837
329 1053 2838
654 1362 2839
1260 1263 2840
536 974 2841
433 1219 2842
859 860 2843
198 2336 2844
1292 2098 2845
1820 1821 2846
2080 2083 2847
352 1357 2848
1027 1223 2849
376 377 2850
496 761 2851
1819 1821 2852
108 109 2853
404 1522 2854
1928 2619 2855
303 2579 2856
373 730 2857
541 1040 2858
561 2639 2859
592 1409 2860
344 847 2861
253 1173 2862
198 1001 2863
305 2075 2864
1272 1273 2865
914 916 2866
352 2555 2867
1426 2150 2868
432 1219 2869
500 1026 2870
854 855 2871
920 1880 2872
459 940 2873
344 1357 2874
1029 1030 2875
541 945 2876
569 2104 2877
264 932 2878
264 2118 2879
2081 2082 2880
75 1024 2881
659 1836 2882
1369 2145 2883
1877 2108 2884
937 2478 2885
208 2112 2886
1261 2461 2887
75 500 2888
541 1039 2889
1044 2379 2890
185 977 2891
414 853 2892
854 856 2893
1513 2111 2894
547 864 2895
898 969 2896
945 1038 2897
956 957 2898
1514 2112 2899
2080 2084 2900
429 668 2901
429 670 2902
654 1030 2903
376 2703 2904
1044 2567 2905
592 929 2906
358 546 2907
1175 1227 2908
914 915 2909
226 714 2910
856 1053 2911
654 1361 2912
950 951 2913
2136 2432 2914
157 373 2915
695 2158 2916
19 51 2917
305 2518 2918
468 1363 2919
193 2138 2920
433 2073 2921
2099 2102 2922
344 2555 2923
387 573 2924
210 319 2925
568 1074 2926
1268 2550 2927
1426 2597 2928
1881 2596 2929
323 326 2930
518 752 2931
1018 1019 2932
1028 1030 2933
1750 2264 2934
893 2071 2935
1046 1047 2936
1001 2336 2937
1039 1040 2938
1240 1867 2939
1533 2012 2940
250 255 2941
358 1280 2942
1013 1016 2943
1184 1185 2944
336 337 2945
518 905 2946
1043 1168 2947
1236 1237 2948
2097 2098 2949
433 905 2950
2082 2084 2951
516 903 2952
855 1053 2953
1235 1236 2954
514 1212 2955
352 847 2956
478 816 2957
541 1041 2958
1804 1843 2959
250 939 2960
302 861 2961
1070 1369 2962
541 1042 2963
204 1206 2964
718 1409 2965
2096 2102 2966
2382 2637 2967
75 1021 2968
1067 2137 2969
1773 2704 2970
431 1472 2971
951 1266 2972
344 2045 2973
440 816 2974
2080 2082 2975
337 2466 2976
916 1047 2977
1268 2567 2978
1691 1928 2979
598 1024 2980
1232 1238 2981
898 968 2982
392 574 2983
1815 1816 2984
362 1238 2985
1013 1019 2986
1928 2640 2987
676 978 2988
431 831 2989
193 2137 2990
261 2547 2991
2579 2603 2992
1870 2116 2993
352 417 2994
2305 2595 2995
915 1047 2996
752 753 2997
1202 1203 2998
1261 1263 2999
2275 2331 3000
238 340 3001
559 2434 3002
1041 1042 3003
1039 1041 3004
700 1040 3005
1500 2568 3006
777 1871 3007
1342 1596 3008
541 944 3009
2097 2102 3010
1294 2423 3011
569 1074 3012
468 2274 3013
344 417 3014
392 571 3015
598 1021 3016
204 1205 3017
661 1061 3018
1067 2138 3019
384 1018 3020
967 970 3021
1268 1271 3022
915 916 3023
429 669 3024
1070 1656 3025
226 884 3026
250 252 3027
554 896 3028
700 1038 3029
1233 1236 3030
433 2079 3031
12 35 3032
1482 1656 3033
469 1363 3034
335 1279 3035
700 1042 3036
1012 1013 3037
362 1236 3038
916 1049 3039
2082 2083 3040
696 2384 3041
41 80 3042
503 1491 3043
75 1026 3044
255 939 3045
826 1043 3046
1292 2100 3047
916 1048 3048
1348 2336 3049
1058 1059 3050
305 2603 3051
1040 1042 3052
1268 2568 3053
915 1046 3054
2113 2114 3055
229 428 3056
240 1279 3057
696 1007 3058
12 103 3059
1819 1820 3060
782 1040 3061
252 939 3062
726 1195 3063
1292 2096 3064
1227 1228 3065
688 1364 3066
478 2485 3067
1234 1238 3068
250 318 3069
193 1066 3070
253 1179 3071
700 1041 3072
733 1199 3073
404 1707 3074
303 305 3075
913 914 3076
1873 1874 3077
1850 2116 3078
305 2579 3079
323 324 3080
350 414 3081
2096 2098 3082
250 936 3083
516 901 3084
1704 2087 3085
440 1188 3086
970 1063 3087
2113 2115 3088
896 977 3089
659 780 3090
213 721 3091
459 1882 3092
541 782 3093
1704 2086 3094
412 1368 3095
1019 2160 3096
337 2465 3097
914 2524 3098
255 1180 3099
592 695 3100
654 1029 3101
1862 2358 3102
1774 2305 3103
385 1018 3104
253 1180 3105
210 989 3106
902 903 3107
1018 2161 3108
1021 1024 3109
2339 2525 3110
388 443 3111
433 2074 3112
226 449 3113
250 253 3114
554 977 3115
919 922 3116
945 1039 3117
469 1334 3118
1074 2104 3119
442 2038 3120
233 1214 3121
395 396 3122
592 2348 3123
695 1295 3124
253 478 3125
1046 1048 3126
213 332 3127
388 393 3128
823 899 3129
176 1698 3130
696 2159 3131
853 855 3132
1815 2382 3133
2073 2074 3134
255 2163 3135
199 2356 3136
1012 1014 3137
516 518 3138
229 1298 3139
1354 1869 3140
429 667 3141
1019 2161 3142
411 971 3143
198 1307 3144
252 936 3145
1500 2378 3146
442 1070 3147
945 1042 3148
2096 2097 3149
2097 2099 3150
414 1052 3151
727 1203 3152
659 1302 3153
72 305 3154
262 1811 3155
910 2325 3156
414 648 3157
727 2120 3158
1278 1279 3159
262 1587 3160
414 1050 3161
1016 1018 3162
1292 2099 3163
470 987 3164
518 903 3165
490 2349 3166
227 1418 3167
243 1190 3168
936 939 3169
1343 1344 3170
432 2074 3171
99 101 3172
1773 2632 3173
937 2012 3174
639 1011 3175
905 2079 3176
96 1515 3177
1047 1048 3178
1232 1236 3179
1563 2373 3180
264 938 3181
640 677 3182
248 951 3183
727 1202 3184
898 1467 3185
255 1179 3186
206 1193 3187
652 1223 3188
727 1533 3189
129 177 3190
253 255 3191
296 861 3192
592 2347 3193
1703 2090 3194
2382 2635 3195
186 397 3196
1656 1714 3197
264 1651 3198
920 2178 3199
915 1048 3200
1046 1049 3201
169 866 3202
405 2569 3203
659 1742 3204
1044 1500 3205
945 1041 3206
518 904 3207
252 1173 3208
324 326 3209
253 939 3210
2099 2100 3211
598 2694 3212
752 905 3213
541 2621 3214
853 1053 3215
1219 2073 3216
349 496 3217
2096 2100 3218
1277 1494 3219
818 1567 3220
1096 1867 3221
968 969 3222
1569 2117 3223
559 2142 3224
913 916 3225
1031 1345 3226
1012 2077 3227
1514 2111 3228
349 414 3229
1014 1018 3230
492 1522 3231
1354 2116 3232
2305 2596 3233
740 1291 3234
696 2385 3235
2111 2112 3236
421 2208 3237
215 639 3238
349 494 3239
469 2274 3240
901 902 3241
43 48 3242
541 2424 3243
854 1053 3244
1047 1049 3245
975 1196 3246
1260 1261 3247
326 934 3248
2098 2099 3249
440 1187 3250
1233 1237 3251
2139 2140 3252
176 443 3253
117 210 3254
233 962 3255
226 1814 3256
358 1349 3257
1267 1997 3258
2332 2537 3259
695 696 3260
2086 2090 3261
1774 2596 3262
349 1053 3263
297 1436 3264
1354 1870 3265
48 1822 3266
410 492 3267
547 888 3268
129 1509 3269
826 1168 3270
1526 1527 3271
1928 2152 3272
442 1714 3273
1219 2074 3274
412 2539 3275
377 2703 3276
1096 1240 3277
1566 2117 3278
1065 1066 3279
1015 1018 3280
344 352 3281
831 1472 3282
1070 1074 3283
541 1592 3284
889 890 3285
193 1067 3286
255 936 3287
1354 2282 3288
253 2163 3289
777 1850 3290
945 1040 3291
1234 1236 3292
2107 2109 3293
185 945 3294
1065 1067 3295
185 2424 3296
1212 1213 3297
1491 1493 3298
1926 2150 3299
2000 2136 3300
193 194 3301
264 1868 3302
308 2625 3303
253 2478 3304
6 137 3305
129 152 3306
194 1866 3307
1876 2108 3308
373 1529 3309
255 2423 3310
1040 1041 3311
565 1822 3312
572 681 3313
350 853 3314
529 1365 3315
302 859 3316
442 1478 3317
1209 1343 3318
2087 2090 3319
226 1348 3320
194 1512 3321
261 615 3322
1001 1034 3323
412 1366 3324
529 922 3325
688 2166 3326
2149 2150 3327
1527 2543 3328
739 740 3329
752 2079 3330
960 961 3331
1013 1014 3332
387 388 3333
440 1184 3334
1232 1235 3335
2127 2131 3336
1001 2428 3337
2128 2131 3338
329 2127 3339
782 945 3340
727 1181 3341
958 961 3342
190 2122 3343
966 1506 3344
2163 2164 3345
73 75 3346
966 970 3347
262 1220 3348
308 410 3349
1566 1569 3350
1928 2153 3351
397 2076 3352
2107 2108 3353
688 2165 3354
1703 1705 3355
1354 2011 3356
937 2260 3357
2086 2087 3358
72 75 3359
440 1189 3360
296 859 3361
478 2486 3362
238 800 3363
1703 2087 3364
1774 2135 3365
100 101 3366
193 1065 3367
337 2277 3368
372 569 3369
1348 1349 3370
344 1356 3371
193 1512 3372
252 254 3373
937 1184 3374
1066 1067 3375
2126 2127 3376
253 1294 3377
199 1485 3378
518 902 3379
319 2682 3380
186 2076 3381
352 1356 3382
392 2176 3383
226 227 3384
974 975 3385
1232 1233 3386
324 934 3387
913 915 3388
238 273 3389
2160 2161 3390
226 715 3391
2126 2131 3392
185 944 3393
308 411 3394
318 2147 3395
433 1217 3396
208 2111 3397
2339 2600 3398
2011 2282 3399
432 2073 3400
1875 2107 3401
253 2477 3402
96 107 3403
2135 2305 3404
2127 2128 3405
432 1217 3406
1034 1240 3407
1703 2086 3408
478 2434 3409
213 238 3410
1235 1237 3411
226 2143 3412
1233 1235 3413
1053 1520 3414
253 2423 3415
440 1533 3416
652 1208 3417
918 921 3418
1018 2078 3419
2595 2596 3420
945 946 3421
1592 2621 3422
351 639 3423
358 434 3424
400 403 3425
1044 1502 3426
48 96 3427
794 1226 3428
1186 1187 3429
700 740 3430
541 2522 3431
1233 1234 3432
2135 2595 3433
958 960 3434
1302 2278 3435
922 1365 3436
1232 1237 3437
2163 2536 3438
1175 2323 3439
1349 2336 3440
2129 2131 3441
2034 2144 3442
450 2140 3443
478 2433 3444
907 1349 3445
1232 1234 3446
397 1031 3447
48 565 3448
255 937 3449
366 367 3450
853 854 3451
1012 1018 3452
1376 1377 3453
254 255 3454
309 735 3455
959 961 3456
816 1524 3457
358 545 3458
478 2307 3459
1926 2597 3460
2108 2109 3461
76 78 3462
1187 1470 3463
545 546 3464
1217 1219 3465
1815 2637 3466
433 1789 3467
778 1263 3468
2131 2132 3469
24 1650 3470
255 1294 3471
412 1656 3472
503 1492 3473
592 2160 3474
852 975 3475
2123 2127 3476
349 853 3477
2473 2635 3478
914 1305 3479
366 368 3480
2114 2115 3481
226 1304 3482
329 2129 3483
350 352 3484
1405 1406 3485
203 204 3486
221 2638 3487
1056 1057 3488
2126 2129 3489
1928 2154 3490
2124 2131 3491
718 1300 3492
223 233 3493
403 1056 3494
412 2541 3495
1215 1217 3496
1260 1505 3497
54 75 3498
411 677 3499
794 1224 3500
1875 2108 3501
1524 1533 3502
490 2350 3503
213 835 3504
494 1184 3505
210 941 3506
442 1482 3507
672 673 3508
1342 1539 3509
329 2131 3510
1158 1159 3511
340 971 3512
490 1305 3513
1096 1239 3514
1143 1187 3515
362 1233 3516
440 727 3517
223 224 3518
1796 2151 3519
718 1845 3520
2635 2637 3521
2096 2099 3522
199 1353 3523
2124 2126 3524
372 2104 3525
727 862 3526
966 1977 3527
76 77 3528
518 901 3529
916 917 3530
450 907 3531
248 1266 3532
1013 2077 3533
2127 2129 3534
2125 2127 3535
770 1068 3536
185 2522 3537
516 902 3538
758 1225 3539
414 1520 3540
433 2542 3541
1286 2325 3542
2473 2636 3543
2127 2130 3544
53 421 3545
2126 2128 3546
481 2278 3547
326 935 3548
2124 2127 3549
1713 2304 3550
319 942 3551
934 935 3552
2150 2597 3553
253 2164 3554
1260 1262 3555
2473 2637 3556
433 1215 3557
481 1302 3558
229 1297 3559
255 2164 3560
1048 1049 3561
358 1034 3562
853 856 3563
559 2433 3564
253 937 3565
2127 2132 3566
1517 2275 3567
2123 2131 3568
278 1332 3569
1234 1235 3570
372 1074 3571
440 1186 3572
223 1214 3573
1026 2694 3574
2019 2600 3575
324 935 3576
357 358 3577
1220 1221 3578
194 1865 3579
640 2692 3580
808 1064 3581
1354 2175 3582
36 45 3583
1162 1269 3584
199 1350 3585
412 2145 3586
366 369 3587
403 1192 3588
1556 1557 3589
226 1701 3590
309 1479 3591
2172 2173 3592
329 2128 3593
995 2648 3594
726 1540 3595
226 556 3596
114 115 3597
433 1218 3598
672 1461 3599
2485 2486 3600
238 759 3601
2171 2172 3602
794 1225 3603
972 973 3604
1018 2077 3605
2128 2129 3606
494 1470 3607
758 794 3608
816 1186 3609
167 696 3610
481 1836 3611
914 917 3612
915 1049 3613
252 1220 3614
54 73 3615
696 2158 3616
101 102 3617
1024 1026 3618
372 568 3619
1215 1219 3620
1021 1026 3621
2135 2596 3622
433 1216 3623
1262 1263 3624
937 2258 3625
1070 1482 3626
224 233 3627
966 1507 3628
253 2691 3629
432 1215 3630
478 727 3631
592 1019 3632
1034 1348 3633
1209 1344 3634
861 1449 3635
238 1508 3636
262 1221 3637
1234 1237 3638
773 794 3639
186 1162 3640
394 396 3641
1003 1366 3642
318 2257 3643
358 1348 3644
2123 2125 3645
196 200 3646
253 936 3647
329 2124 3648
403 1700 3649
2125 2132 3650
404 410 3651
217 222 3652
2130 2131 3653
592 2161 3654
19 421 3655
255 2536 3656
344 350 3657
1014 2077 3658
19 2208 3659
795 2172 3660
958 959 3661
1013 1018 3662
873 1500 3663
214 682 3664
816 1470 3665
402 826 3666
1044 1268 3667
541 2622 3668
1257 1365 3669
944 945 3670
428 1297 3671
2280 2358 3672
2125 2131 3673
854 860 3674
231 233 3675
481 1366 3676
2125 2126 3677
598 1492 3678
2011 2175 3679
2124 2129 3680
758 1226 3681
481 812 3682
659 1366 3683
2123 2126 3684
362 1237 3685
308 2626 3686
412 1369 3687
329 2126 3688
432 1216 3689
816 1143 3690
1224 1226 3691
873 1044 3692
2125 2130 3693
253 254 3694
2123 2124 3695
238 368 3696
2129 2132 3697
1263 1505 3698
1375 1517 3699
329 2132 3700
329 2123 3701
362 1235 3702
1117 2155 3703
2019 2339 3704
2382 2636 3705
2382 2473 3706
253 2536 3707
334 1516 3708
213 273 3709
1506 1507 3710
412 2540 3711
1224 1225 3712
913 2524 3713
1268 1500 3714
223 755 3715
1875 2109 3716
2129 2130 3717
541 943 3718
45 986 3719
2124 2128 3720
1216 1219 3721
412 442 3722
308 2624 3723
795 2171 3724
918 920 3725
2124 2132 3726
1217 1218 3727
971 973 3728
1557 1595 3729
427 1071 3730
696 1295 3731
205 1001 3732
362 1232 3733
773 1224 3734
1186 1189 3735
72 74 3736
387 443 3737
259 261 3738
392 681 3739
1354 2174 3740
2171 2173 3741
367 369 3742
758 773 3743
2126 2132 3744
459 1404 3745
909 1286 3746
1805 2148 3747
354 758 3748
859 1449 3749
258 261 3750
44 45 3751
255 2691 3752
2123 2129 3753
677 1649 3754
2011 2174 3755
77 78 3756
2174 2175 3757
362 2198 3758
220 222 3759
384 385 3760
431 893 3761
850 943 3762
1215 1218 3763
319 2683 3764
440 478 3765
1216 1217 3766
2123 2128 3767
2130 2132 3768
226 577 3769
2152 2154 3770
266 407 3771
2636 2637 3772
203 1204 3773
213 952 3774
199 1352 3775
758 800 3776
329 2125 3777
536 975 3778
1302 2324 3779
352 1372 3780
2125 2129 3781
2333 2537 3782
19 52 3783
1500 2379 3784
403 1057 3785
758 1224 3786
2126 2130 3787
387 681 3788
770 1805 3789
186 1269 3790
770 2148 3791
296 297 3792
481 2322 3793
2124 2130 3794
429 1044 3795
260 261 3796
2180 2312 3797
2433 2434 3798
936 937 3799
2170 2173 3800
72 73 3801
2173 2263 3802
349 352 3803
2125 2128 3804
1274 1275 3805
2123 2130 3806
129 153 3807
344 1372 3808
478 2012 3809
529 1257 3810
909 2325 3811
412 1367 3812
1227 2323 3813
372 1070 3814
224 1214 3815
503 1493 3816
561 2023 3817
389 681 3818
1068 2148 3819
773 1225 3820
1216 1218 3821
9 121 3822
1610 1611 3823
204 1204 3824
1070 1714 3825
860 2253 3826
412 2195 3827
238 760 3828
377 1411 3829
1068 1805 3830
1537 1539 3831
1997 2506 3832
696 1044 3833
74 75 3834
648 649 3835
1815 2473 3836
2128 2130 3837
1053 1518 3838
2152 2153 3839
73 74 3840
27 30 3841
152 1509 3842
541 2181 3843
1366 1368 3844
19 76 3845
1556 1595 3846
1302 1366 3847
2128 2132 3848
1815 2635 3849
373 1530 3850
2124 2125 3851
397 1077 3852
932 933 3853
362 1234 3854
795 2173 3855
541 2058 3856
1493 2252 3857
755 1214 3858
971 972 3859
273 368 3860
947 948 3861
1117 1565 3862
412 1482 3863
1215 1216 3864
224 755 3865
431 892 3866
2123 2132 3867
227 229 3868
481 2324 3869
99 102 3870
329 2130 3871
358 1847 3872
893 1713 3873
1538 1539 3874
392 1354 3875
915 917 3876
1865 1866 3877
238 758 3878
1032 1466 3879
373 1797 3880
1302 2187 3881
397 1162 3882
539 541 3883
2258 2260 3884
2173 2262 3885
2344 2629 3886
1485 2356 3887
758 759 3888
36 70 3889
412 1070 3890
1220 1560 3891
185 943 3892
694 695 3893
1184 1189 3894
65 69 3895
72 261 3896
1032 1111 3897
1034 1349 3898
410 411 3899
2635 2636 3900
219 222 3901
354 759 3902
32 2326 3903
1550 1551 3904
2349 2350 3905
54 74 3906
2034 2459 3907
226 578 3908
70 113 3909
913 917 3910
995 2647 3911
252 262 3912
1499 1500 3913
1263 1947 3914
407 408 3915
1225 1226 3916
403 1707 3917
478 2425 3918
1156 1611 3919
70 104 3920
252 1221 3921
412 1714 3922
1366 2069 3923
582 677 3924
951 1852 3925
262 1555 3926
1341 1342 3927
2244 2245 3928
2165 2166 3929
1815 2636 3930
920 2510 3931
232 233 3932
253 2258 3933
351 1377 3934
9 93 3935
1117 2156 3936
254 2691 3937
222 1358 3938
1742 2324 3939
255 2259 3940
392 2175 3941
937 2259 3942
959 960 3943
1022 1026 3944
19 116 3945
1159 1517 3946
35 103 3947
186 1856 3948
344 349 3949
718 1846 3950
780 1302 3951
19 78 3952
481 2187 3953
100 102 3954
2160 2347 3955
266 409 3956
1470 1533 3957
773 1226 3958
759 800 3959
682 1935 3960
899 900 3961
414 1518 3962
19 109 3963
397 1269 3964
54 72 3965
789 790 3966
141 358 3967
2258 2259 3968
920 2512 3969
2312 2508 3970
922 2344 3971
1482 1714 3972
1034 2428 3973
127 129 3974
273 875 3975
1047 1406 3976
132 446 3977
2332 2333 3978
246 249 3979
1044 1501 3980
233 755 3981
321 354 3982
700 2532 3983
337 1135 3984
873 1268 3985
1156 1610 3986
392 2011 3987
1026 1492 3988
284 473 3989
358 1699 3990
700 2531 3991
213 309 3992
45 79 3993
1214 1277 3994
350 761 3995
2153 2154 3996
2266 2268 3997
238 354 3998
1032 1112 3999
45 70 4000
2267 2268 4001
853 1520 4002
1302 1836 4003
1600 2312 4004
222 1360 4005
2172 2263 4006
443 672 4007
2268 2269 4008
273 759 4009
2028 2507 4010
218 222 4011
1100 1408 4012
1340 1341 4013
1409 2630 4014
1417 1418 4015
67 68 4016
186 1773 4017
2187 2324 4018
795 2170 4019
1709 1710 4020
96 104 4021
278 1553 4022
795 2262 4023
1358 1360 4024
261 1477 4025
358 770 4026
1340 1342 4027
19 124 4028
1034 2336 4029
510 512 4030
334 1414 4031
29 80 4032
72 260 4033
818 1568 4034
795 2263 4035
368 759 4036
1526 1931 4037
1351 1352 4038
95 96 4039
770 1699 4040
2118 2344 4041
2262 2263 4042
408 409 4043
67 69 4044
392 2174 4045
186 2516 4046
29 41 4047
582 2286 4048
222 1359 4049
226 1130 4050
255 2260 4051
440 1524 4052
2267 2269 4053
349 1520 4054
510 511 4055
1480 1482 4056
478 1184 4057
1359 1360 4058
1366 1836 4059
405 1551 4060
253 2259 4061
276 278 4062
1300 1845 4063
1708 1709 4064
66 69 4065
427 1712 4066
397 1345 4067
690 758 4068
2059 2142 4069
490 1187 4070
1044 1499 4071
1565 1738 4072
2161 2348 4073
920 2509 4074
128 129 4075
727 1524 4076
309 952 4077
572 1354 4078
19 77 4079
412 1715 4080
68 69 4081
385 386 4082
246 248 4083
109 119 4084
66 68 4085
349 1518 4086
2259 2260 4087
152 153 4088
253 2260 4089
66 67 4090
263 264 4091
511 512 4092
690 1508 4093
255 2258 4094
109 120 4095
127 153 4096
196 198 4097
392 572 4098
481 1919 4099
1149 1844 4100
914 2030 4101
65 67 4102
65 68 4103
245 1095 4104
403 1522 4105
478 1524 4106
260 1477 4107
319 941 4108
377 628 4109
943 944 4110
943 945 4111
975 1544 4112
186 1817 4113
1350 1351 4114
1942 2270 4115
1358 1359 4116
1600 2180 4117
1350 2356 4118
1522 1707 4119
2193 2266 4120
2266 2269 4121
2193 2268 4122
262 1557 4123
1366 1834 4124
2228 2268 4125
109 1511 4126
429 1500 4127
351 1376 4128
141 1699 4129
559 2053 4130
976 2053 4131
403 410 4132
559 2059 4133
344 1475 4134
219 1358 4135
252 2670 4136
1525 1527 4137
2047 2049 4138
65 66 4139
1143 1533 4140
1832 1834 4141
2266 2267 4142
259 260 4143
740 2532 4144
1260 1947 4145
1708 1710 4146
1742 2187 4147
2160 2348 4148
426 427 4149
1555 1557 4150
481 780 4151
943 2522 4152
19 118 4153
468 1544 4154
220 1360 4155
478 1523 4156
1184 1186 4157
127 152 4158
468 469 4159
297 302 4160
1018 2337 4161
1184 2012 4162
220 1358 4163
1518 1520 4164
2161 2347 4165
1500 1501 4166
219 1359 4167
1934 1935 4168
1342 1538 4169
2193 2269 4170
217 219 4171
1834 1835 4172
186 1857 4173
364 1710 4174
975 2730 4175
220 1359 4176
264 964 4177
443 1261 4178
443 1461 4179
412 1480 4180
340 368 4181
1841 1842 4182
2265 2266 4183
313 362 4184
2036 2037 4185
364 1709 4186
2035 2036 4187
32 255 4188
727 1523 4189
352 1475 4190
1480 1481 4191
219 1360 4192
1263 2521 4193
898 1064 4194
1214 1494 4195
1342 1537 4196
2034 2036 4197
777 778 4198
1302 1742 4199
559 976 4200
1420 2642 4201
443 1263 4202
19 119 4203
918 2510 4204
853 1518 4205
700 1292 4206
1845 1846 4207
2118 2345 4208
2193 2267 4209
1555 1556 4210
1112 1466 4211
2341 2342 4212
761 2360 4213
1268 1501 4214
35 82 4215
19 2028 4216
1537 1538 4217
19 120 4218
384 386 4219
354 418 4220
481 1973 4221
1261 2521 4222
2228 2267 4223
943 2424 4224
761 1549 4225
976 2059 4226
218 1359 4227
309 927 4228
459 1400 4229
1044 1497 4230
2228 2266 4231
2424 2522 4232
290 1064 4233
1068 1274 4234
780 2324 4235
2173 2534 4236
2436 2437 4237
9 61 4238
284 2121 4239
313 365 4240
252 1560 4241
780 1742 4242
352 1476 4243
443 673 4244
873 1501 4245
777 924 4246
118 1511 4247
246 247 4248
424 427 4249
1143 2012 4250
1498 1500 4251
2265 2267 4252
109 118 4253
481 1742 4254
780 2187 4255
2344 2345 4256
1350 1353 4257
2265 2268 4258
360 1710 4259
1421 1554 4260
443 1260 4261
415 1489 4262
313 1710 4263
700 2530 4264
1023 1053 4265
365 1710 4266
1350 1485 4267
1833 1835 4268
459 1474 4269
221 377 4270
1418 1419 4271
1147 1377 4272
344 1476 4273
349 1372 4274
262 1556 4275
2265 2269 4276
700 2529 4277
1300 1846 4278
2193 2265 4279
215 1011 4280
2347 2348 4281
377 2638 4282
1260 2521 4283
1047 1405 4284
918 2509 4285
1352 1485 4286
1482 1483 4287
1833 1834 4288
1305 2030 4289
2601 2602 4290
19 1511 4291
218 1358 4292
372 374 4293
440 1523 4294
478 1471 4295
481 1841 4296
61 121 4297
2228 2269 4298
481 1842 4299
1832 1835 4300
296 1436 4301
387 1261 4302
1840 1841 4303
218 220 4304
425 427 4305
860 1421 4306
313 1709 4307
387 1260 4308
120 1511 4309
264 1904 4310
1840 1842 4311
360 1709 4312
412 1481 4313
218 1360 4314
218 219 4315
219 220 4316
118 119 4317
61 93 4318
860 1957 4319
1023 1520 4320
362 365 4321
397 1856 4322
1500 1502 4323
128 153 4324
119 120 4325
233 2430 4326
816 1471 4327
2193 2228 4328
415 853 4329
217 218 4330
1117 2327 4331
313 1708 4332
1100 2320 4333
795 1854 4334
33 103 4335
397 1857 4336
1480 1483 4337
198 200 4338
1117 2602 4339
429 1268 4340
1182 1565 4341
119 1511 4342
248 249 4343
411 582 4344
1470 2012 4345
1517 2331 4346
365 1709 4347
1366 1832 4348
2328 2330 4349
217 220 4350
557 1111 4351
922 2345 4352
1481 1482 4353
168 169 4354
1352 2356 4355
273 1062 4356
1600 2508 4357
360 1708 4358
700 2528 4359
141 770 4360
1438 2334 4361
2038 2627 4362
694 1295 4363
1260 1504 4364
397 2516 4365
648 2341 4366
2342 2343 4367
1292 2532 4368
1100 2427 4369
1856 1857 4370
1111 1466 4371
1263 1504 4372
298 1149 4373
258 260 4374
1023 1519 4375
2509 2510 4376
360 365 4377
1475 1476 4378
2228 2265 4379
118 120 4380
682 1934 4381
33 35 4382
247 249 4383
247 248 4384
364 365 4385
360 364 4386
1158 1517 4387
690 760 4388
696 1500 4389
797 1551 4390
1260 2517 4391
1979 2022 4392
1981 2022 4393
284 1617 4394
481 1920 4395
72 1477 4396
1478 1928 4397
252 1923 4398
1366 1835 4399
273 758 4400
387 392 4401
1525 1526 4402
127 128 4403
1184 1470 4404
1352 1353 4405
2510 2512 4406
49 154 4407
350 762 4408
82 103 4409
677 2692 4410
2647 2648 4411
414 1489 4412
2341 2343 4413
364 1708 4414
1839 1842 4415
2340 2341 4416
313 360 4417
648 2342 4418
264 1559 4419
785 860 4420
1497 1500 4421
2023 2639 4422
362 363 4423
302 1436 4424
727 1471 4425
1184 1524 4426
1839 1841 4427
215 351 4428
429 696 4429
340 758 4430
580 2022 4431
166 167 4432
365 1708 4433
412 1483 4434
24 25 4435
2340 2342 4436
1263 2517 4437
258 1477 4438
414 1490 4439
727 1143 4440
1044 1498 4441
19 2507 4442
2053 2059 4443
2023 2538 4444
1499 1502 4445
727 1470 4446
853 1023 4447
2329 2330 4448
298 1844 4449
1408 2320 4450
2505 2523 4451
1111 1112 4452
1489 1490 4453
2340 2343 4454
1117 2601 4455
481 1839 4456
1117 2329 4457
906 1478 4458
1478 2627 4459
853 1490 4460
648 2340 4461
414 415 4462
2334 2335 4463
1832 1833 4464
286 947 4465
412 1526 4466
373 377 4467
468 975 4468
72 259 4469
1481 1483 4470
2336 2651 4471
481 1840 4472
1436 1449 4473
922 2118 4474
1350 1352 4475
429 873 4476
1400 1404 4477
1931 2111 4478
758 1508 4479
167 169 4480
648 2343 4481
1839 1840 4482
263 1904 4483
1366 1833 4484
387 393 4485
1143 1524 4486
1292 2531 4487
740 2530 4488
29 121 4489
1268 1498 4490
1979 1981 4491
918 2512 4492
2531 2532 4493
349 416 4494
690 759 4495
873 1498 4496
1920 1973 4497
313 364 4498
580 1979 4499
2034 2035 4500
72 258 4501
2327 2330 4502
1117 2328 4503
740 2531 4504
512 1465 4505
1408 2427 4506
372 376 4507
580 1981 4508
2328 2329 4509
191 1937 4510
189 190 4511
1919 1973 4512
922 2629 4513
1157 1503 4514
1186 1470 4515
351 1011 4516
740 2528 4517
1023 1518 4518
1151 2334 4519
1268 1497 4520
740 1292 4521
694 1044 4522
2327 2329 4523
309 423 4524
2327 2328 4525
2511 2512 4526
1184 1471 4527
375 376 4528
128 152 4529
1261 1947 4530
19 49 4531
2035 2037 4532
1519 1844 4533
694 1500 4534
2034 2037 4535
469 1544 4536
740 2529 4537
412 1527 4538
259 1477 4539
941 2314 4540
1143 1184 4541
873 1497 4542
1151 1438 4543
1498 1499 4544
696 873 4545
1117 2330 4546
258 259 4547
760 1508 4548
387 1263 4549
1470 1524 4550
740 1716 4551
440 1471 4552
478 1143 4553
1157 1786 4554
167 168 4555
696 1268 4556
759 1508 4557
964 2005 4558
1849 1851 4559
238 690 4560
1261 2517 4561
2320 2427 4562
22 25 4563
233 2020 4564
278 1552 4565
700 1716 4566
1496 2005 4567
360 362 4568
206 1542 4569
1184 1469 4570
1117 1738 4571
1917 1921 4572
727 1184 4573
1919 1921 4574
774 777 4575
1527 1931 4576
797 1854 4577
1523 1524 4578
1151 2335 4579
1608 1611 4580
33 82 4581
440 1143 4582
1034 2651 4583
363 364 4584
362 364 4585
1260 1925 4586
1438 2335 4587
297 1449 4588
202 204 4589
283 284 4590
557 1112 4591
49 155 4592
860 1554 4593
313 363 4594
1920 1921 4595
1261 1504 4596
309 311 4597
1438 2008 4598
1608 1610 4599
2509 2512 4600
1263 1925 4601
2512 2526 4602
23 25 4603
440 1470 4604
795 797 4605
478 1470 4606
1143 1470 4607
373 375 4608
286 948 4609
20 25 4610
1292 2530 4611
964 1496 4612
190 191 4613
1478 2038 4614
758 760 4615
2194 2228 4616
368 758 4617
387 1504 4618
389 572 4619
1917 1920 4620
1919 1920 4621
1261 1925 4622
189 192 4623
1186 1469 4624
387 572 4625
1792 1796 4626
854 1994 4627
2530 2531 4628
387 1925 4629
405 797 4630
1151 2008 4631
2529 2531 4632
429 1501 4633
1917 1919 4634
296 1449 4635
443 2517 4636
700 1979 4637
1598 1600 4638
1186 1471 4639
2512 2527 4640
302 2334 4641
1143 1469 4642
231 232 4643
2526 2527 4644
1184 1523 4645
412 1525 4646
389 392 4647
470 1130 4648
2528 2532 4649
1292 2529 4650
1470 1471 4651
1716 2531 4652
49 749 4653
370 376 4654
1143 1186 4655
374 376 4656
429 1498 4657
206 207 4658
371 377 4659
363 365 4660
19 749 4661
371 374 4662
694 696 4663
1471 1524 4664
443 1925 4665
1469 1470 4666
1471 1523 4667
443 1504 4668
797 2173 4669
360 363 4670
694 873 4671
190 192 4672
759 760 4673
1400 1474 4674
302 1438 4675
298 1519 4676
1292 1716 4677
207 1542 4678
411 2625 4679
696 1501 4680
778 924 4681
2529 2532 4682
19 155 4683
415 1490 4684
429 694 4685
964 1495 4686
1156 1157 4687
1498 1502 4688
1526 2111 4689
1498 1501 4690
2528 2531 4691
371 376 4692
694 1268 4693
1527 2111 4694
1920 2178 4695
286 803 4696
1470 1523 4697
351 1147 4698
372 377 4699
374 375 4700
774 778 4701
1469 1471 4702
1292 2528 4703
387 2517 4704
854 1993 4705
319 2314 4706
371 373 4707
1497 1501 4708
1518 1519 4709
201 204 4710
375 377 4711
964 1447 4712
206 1541 4713
469 975 4714
1504 1925 4715
1143 1471 4716
1552 1553 4717
411 2624 4718
853 1519 4719
1716 2532 4720
1794 1796 4721
22 24 4722
302 1151 4723
344 414 4724
412 1478 4725
387 389 4726
370 374 4727
1414 1516 4728
1447 1496 4729
2213 2426 4730
2530 2532 4731
309 422 4732
1716 2528 4733
1495 1496 4734
296 302 4735
302 1449 4736
373 376 4737
1925 2517 4738
1541 1542 4739
285 286 4740
694 1501 4741
1143 1523 4742
429 1497 4743
1447 1495 4744
1497 1498 4745
370 377 4746
1919 2178 4747
189 191 4748
1561 1562 4749
352 414 4750
696 1498 4751
1504 2517 4752
2528 2530 4753
296 1023 4754
2529 2530 4755
276 1552 4756
374 377 4757
1023 1449 4758
1599 1600 4759
411 2626 4760
1023 1448 4761
155 749 4762
2528 2529 4763
345 351 4764
2624 2625 4765
988 1182 4766
361 365 4767
1567 1568 4768
302 1023 4769
23 24 4770
20 24 4771
277 379 4772
379 380 4773
231 2020 4774
696 1497 4775
371 375 4776
1561 1563 4777
313 361 4778
694 1497 4779
964 1559 4780
1997 2505 4781
1716 2530 4782
372 373 4783
1417 1419 4784
361 363 4785
409 988 4786
694 1498 4787
231 2430 4788
1716 2529 4789
2625 2626 4790
232 2430 4791
296 853 4792
761 762 4793
302 853 4794
20 22 4795
29 61 4796
1117 1182 4797
1885 1886 4798
207 1541 4799
1597 2007 4800
853 1448 4801
424 426 4802
191 192 4803
1993 1994 4804
372 375 4805
232 2020 4806
83 381 4807
370 371 4808
1562 1563 4809
286 1064 4810
296 1448 4811
275 379 4812
853 1449 4813
302 1448 4814
1941 2007 4815
425 426 4816
1597 2623 4817
6 151 4818
548 1885 4819
1598 1599 4820
370 375 4821
22 23 4822
378 379 4823
1792 1794 4824
1855 1912 4825
20 23 4826
274 2196 4827
1940 2007 4828
1182 1738 4829
1855 1899 4830
1899 1912 4831
370 373 4832
387 390 4833
424 425 4834
1597 1941 4835
373 374 4836
548 1886 4837
201 202 4838
6 140 4839
1940 2623 4840
2624 2626 4841
407 409 4842
1547 1548 4843
1899 1900 4844
1941 2623 4845
2196 2620 4846
274 2620 4847
1448 1449 4848
1912 1913 4849
1546 1548 4850
277 380 4851
1855 1900 4852
1940 1941 4853
1597 1940 4854
387 391 4855
6 7 4856
379 381 4857
381 548 4858
380 381 4859
409 697 4860
277 381 4861
390 391 4862
409 1564 4863
275 277 4864
275 380 4865
378 381 4866
277 378 4867
275 378 4868
275 381 4869
378 380 4870
