2313 2659 1
2313 2398 2
423 2313 3
2398 2659 4
2617 2618 5
423 2398 6
2089 2313 7
2446 2617 8
1732 1734 9
1764 1765 10
1729 1732 11
460 515 12
2446 2618 13
1731 1732 14
2089 2659 15
1729 1734 16
820 908 17
136 1729 18
136 1731 19
1731 1734 20
2089 2398 21
1729 1731 22
1729 1730 23
136 1732 24
1803 2456 25
1729 1733 26
1730 1732 27
423 2659 28
1732 1733 29
136 1734 30
423 2089 31
1733 1734 32
2448 2617 33
233 592 34
136 1730 35
136 1733 36
2448 2618 37
1730 1731 38
1730 1734 39
1731 1733 40
1803 2615 41
227 442 42
614 1765 43
1422 1424 44
2446 2448 45
329 1803 46
1730 1733 47
2403 2404 48
1835 2448 49
2281 2404 50
614 1764 51
1765 2612 52
2404 2451 53
1803 2614 54
460 967 55
1084 2391 56
2389 2391 57
1835 2618 58
2404 2450 59
227 1254 60
1084 2389 61
1764 2612 62
2281 2403 63
1835 2446 64
2371 2456 65
838 839 66
1084 2390 67
2389 2390 68
2403 2451 69
832 2391 70
1803 2371 71
1803 2370 72
2357 2404 73
2390 2391 74
1422 1423 75
2402 2404 76
5 837 77
832 1084 78
1835 2617 79
2402 2451 80
1803 2608 81
827 1293 82
832 2389 83
2403 2450 84
131 182 85
2357 2403 86
608 1765 87
1803 2599 88
813 814 89
2281 2391 90
2402 2403 91
728 842 92
479 820 93
832 2390 94
2374 2375 95
87 592 96
227 1255 97
1423 1424 98
2402 2450 99
479 833 100
442 1254 101
592 1044 102
651 845 103
2357 2402 104
515 830 105
684 838 106
1803 2383 107
814 817 108
651 844 109
1803 2609 110
808 809 111
808 1064 112
233 810 113
1388 2662 114
1862 2404 115
2404 2452 116
1862 2403 117
2392 2394 118
2281 2451 119
244 676 120
651 843 121
2450 2451 122
1387 2662 123
756 827 124
227 1253 125
814 2674 126
2403 2452 127
242 728 128
1631 1727 129
134 181 130
629 651 131
1392 2660 132
1803 2449 133
820 833 134
210 989 135
911 1282 136
1383 1535 137
1388 2661 138
1242 1243 139
1631 1632 140
837 1252 141
998 999 142
838 840 143
210 374 144
26 837 145
101 1803 146
692 996 147
86 592 148
515 967 149
589 810 150
912 1809 151
646 992 152
1380 1383 153
810 1637 154
1249 1250 155
823 984 156
1309 1331 157
456 504 158
1330 1331 159
592 810 160
1631 1728 161
2399 2407 162
2401 2403 163
1717 1718 164
2357 2451 165
1803 2616 166
1326 1328 167
821 2613 168
1387 1388 169
2449 2456 170
1803 2369 171
2357 2450 172
5 1639 173
2401 2404 174
14 554 175
1245 1246 176
633 635 177
278 827 178
1721 1722 179
1862 2402 180
2281 2402 181
837 1639 182
1309 1330 183
2451 2452 184
2456 2599 185
811 2092 186
1338 1339 187
1721 1723 188
1803 1848 189
1105 1249 190
2647 2648 191
623 2395 192
85 592 193
650 651 194
910 1282 195
515 2408 196
684 839 197
1722 1723 198
811 1543 199
2281 2450 200
2402 2452 201
692 1006 202
156 2386 203
176 954 204
1727 1728 205
2401 2402 206
1633 1636 207
589 1296 208
442 1253 209
5 26 210
1381 1383 211
1432 1764 212
2357 2401 213
775 1428 214
835 2395 215
1054 2412 216
108 181 217
242 661 218
642 1721 219
1253 1254 220
2400 2407 221
1382 1383 222
350 633 223
614 2612 224
635 949 225
2369 2370 226
775 1429 227
1282 1390 228
1719 1721 229
2281 2357 230
408 1727 231
176 454 232
1769 1770 233
2371 2599 234
635 1630 235
843 845 236
1326 1327 237
1427 1428 238
515 829 239
1958 1959 240
1309 1310 241
515 1532 242
1318 2357 243
589 1637 244
2407 2442 245
1002 2634 246
456 1386 247
1380 1382 248
642 1723 249
2443 2445 250
623 835 251
775 1427 252
227 1578 253
815 821 254
455 456 255
608 614 256
1719 1722 257
1812 2415 258
1862 2357 259
2450 2452 260
589 1725 261
2399 2442 262
589 724 263
984 1339 264
238 554 265
2 954 266
1727 2724 267
1719 1723 268
2614 2615 269
156 199 270
1753 2388 271
479 508 272
1808 1809 273
642 1722 274
742 2392 275
2471 2476 276
1428 1429 277
1862 2451 278
198 955 279
329 2608 280
1723 1724 281
1421 1422 282
676 1431 283
810 1648 284
156 2372 285
836 1242 286
1037 1242 287
227 725 288
456 2361 289
1380 1381 290
592 1311 291
1634 1636 292
136 137 293
1848 2369 294
134 172 295
2498 2544 296
2281 2401 297
86 233 298
199 1388 299
2456 2616 300
408 1632 301
1722 1724 302
629 2471 303
984 1338 304
515 2441 305
818 1006 306
875 1818 307
808 1313 308
834 869 309
1721 1724 310
2444 2445 311
589 664 312
644 1722 313
134 135 314
744 1324 315
622 1241 316
1330 2368 317
117 210 318
684 840 319
86 1311 320
775 1430 321
911 1390 322
2281 2452 323
86 1331 324
995 2648 325
676 1576 326
811 1374 327
444 504 328
1633 1634 329
1427 1429 330
644 1723 331
644 1721 332
87 233 333
478 479 334
2357 2452 335
85 1311 336
676 1640 337
679 680 338
893 2374 339
1526 2397 340
1428 1430 341
1282 1389 342
573 995 343
844 845 344
1432 1433 345
1720 1721 346
2399 2400 347
408 474 348
744 1325 349
2448 2725 350
87 1311 351
609 614 352
1337 1339 353
1421 1424 354
737 998 355
651 984 356
1100 2388 357
922 2415 358
1025 1249 359
1100 1753 360
1812 2416 361
14 663 362
1803 2678 363
474 503 364
542 2738 365
698 984 366
350 635 367
92 837 368
1720 1723 369
1308 1309 370
1672 2226 371
1720 1722 372
210 1473 373
994 1384 374
1289 1326 375
383 384 376
1753 2387 377
200 818 378
401 1033 379
2400 2442 380
486 1672 381
437 2369 382
486 2226 383
1818 2734 384
1862 2391 385
1637 1725 386
520 638 387
642 1719 388
975 1196 389
622 834 390
869 1241 391
993 1384 392
454 744 393
993 994 394
629 2476 395
592 641 396
1318 1388 397
743 744 398
2413 2414 399
408 1631 400
728 748 401
1862 2450 402
633 949 403
633 1630 404
922 1812 405
266 474 406
999 1534 407
1719 1724 408
2357 2591 409
85 233 410
460 830 411
740 1764 412
542 543 413
487 2408 414
2470 2471 415
573 993 416
554 663 417
651 1735 418
1429 1430 419
2371 2383 420
573 1385 421
647 1571 422
1327 1328 423
1803 2610 424
487 515 425
2371 2449 426
135 178 427
199 2357 428
242 482 429
542 1526 430
408 1728 431
454 2580 432
679 1247 433
998 1329 434
1337 1338 435
487 829 436
474 1727 437
479 507 438
1318 1387 439
2415 2416 440
1427 1430 441
286 1064 442
954 955 443
629 650 444
2443 2444 445
592 1309 446
2448 2571 447
266 1727 448
329 2456 449
843 844 450
684 1489 451
728 841 452
1105 1250 453
14 1392 454
1183 1574 455
86 87 456
1489 1755 457
592 696 458
1298 1578 459
646 647 460
329 2371 461
836 1037 462
1735 2414 463
592 1322 464
608 609 465
808 951 466
829 830 467
830 1532 468
383 386 469
592 1637 470
984 1337 471
2370 2371 472
1384 1385 473
642 1724 474
1060 2738 475
1672 2705 476
60 437 477
233 690 478
242 1580 479
26 1639 480
1246 1307 481
507 508 482
698 1339 483
87 1331 484
1253 1578 485
1526 2738 486
42 126 487
199 1387 488
596 816 489
634 635 490
2281 2611 491
676 1263 492
805 1244 493
995 1384 494
829 967 495
766 2471 496
993 995 497
460 2441 498
608 612 499
1309 1311 500
266 1631 501
829 1532 502
1381 1382 503
437 1803 504
651 2468 505
554 741 506
622 869 507
611 614 508
744 822 509
543 1526 510
684 1755 511
993 1385 512
85 86 513
911 1389 514
586 1536 515
644 1719 516
1489 1756 517
642 1720 518
1572 1959 519
433 807 520
1253 1298 521
456 2701 522
486 2705 523
1719 1720 524
675 676 525
520 639 526
1755 1756 527
608 610 528
454 743 529
995 2647 530
1803 2744 531
284 446 532
922 2416 533
2371 2616 534
1376 1377 535
2447 2448 536
2400 2684 537
341 1033 538
460 1532 539
2447 2725 540
830 967 541
569 1434 542
2226 2705 543
242 485 544
651 1337 545
401 881 546
308 638 547
2352 2731 548
1718 2382 549
1720 1724 550
233 689 551
384 386 552
408 2724 553
14 238 554
994 1385 555
2387 2388 556
504 521 557
199 2386 558
542 1060 559
612 614 560
642 644 561
672 673 562
343 1572 563
460 2408 564
180 1752 565
244 1431 566
460 829 567
684 1756 568
834 1241 569
2101 2103 570
1635 1636 571
2608 2609 572
1025 1105 573
1421 1423 574
332 680 575
1824 2443 576
1183 1531 577
698 1338 578
1308 1310 579
1383 1660 580
1054 2411 581
608 611 582
596 676 583
643 1571 584
714 745 585
1002 2406 586
744 1573 587
912 1808 588
651 746 589
2101 2102 590
223 592 591
712 1054 592
1648 1725 593
343 1959 594
737 999 595
383 385 596
646 1571 597
592 695 598
1803 2679 599
242 483 600
2369 2744 601
504 685 602
1803 2677 603
674 676 604
996 1315 605
1289 1328 606
134 180 607
1310 1311 608
454 822 609
2400 2665 610
589 1648 611
651 2467 612
766 2472 613
85 1331 614
242 484 615
266 2724 616
672 1461 617
1175 2357 618
233 664 619
724 1296 620
264 684 621
437 2744 622
815 2732 623
994 995 624
554 662 625
1426 1428 626
1735 2413 627
108 134 628
404 1184 629
504 505 630
1296 1637 631
224 592 632
492 1184 633
610 614 634
440 894 635
454 1573 636
474 2724 637
592 664 638
26 158 639
341 401 640
2352 2671 641
1848 2370 642
692 1005 643
692 997 644
2281 2591 645
385 386 646
1386 2701 647
2671 2672 648
683 684 649
808 1314 650
676 1575 651
343 1881 652
613 614 653
967 1532 654
1324 1325 655
227 1418 656
1245 1307 657
1289 1327 658
1637 1648 659
2571 2725 660
822 1573 661
285 286 662
442 1255 663
1578 1579 664
1862 2281 665
39 130 666
343 396 667
676 1863 668
714 2256 669
454 867 670
740 1433 671
244 675 672
743 1573 673
995 1385 674
2332 2735 675
700 1979 676
1389 1390 677
176 743 678
2213 2426 679
684 1757 680
374 596 681
477 520 682
1004 1006 683
589 1044 684
401 404 685
737 2373 686
1006 1768 687
2665 2684 688
1147 1377 689
60 1392 690
532 1584 691
603 998 692
15 811 693
85 87 694
329 2615 695
384 385 696
433 806 697
433 804 698
1119 2332 699
227 229 700
1756 1757 701
401 1320 702
131 132 703
290 1064 704
198 954 705
692 1315 706
816 1377 707
676 1652 708
766 1106 709
1531 1574 710
506 1002 711
644 1724 712
1754 1755 713
766 2470 714
1002 1008 715
1383 1659 716
1005 1006 717
625 627 718
71 122 719
1862 2452 720
1298 1579 721
53 1006 722
1106 2472 723
101 2369 724
1426 1429 725
2705 2706 726
1755 1757 727
210 319 728
608 613 729
478 820 730
629 1735 731
826 1322 732
1334 1335 733
643 1722 734
893 2375 735
1036 1242 736
442 894 737
638 691 738
608 2224 739
1862 2401 740
638 639 741
2632 2704 742
2400 2666 743
953 955 744
199 1862 745
1060 1526 746
24 520 747
496 596 748
607 609 749
1773 2704 750
543 2397 751
644 1720 752
923 2735 753
1025 1250 754
633 634 755
229 808 756
1534 2168 757
1824 2444 758
643 1723 759
961 1242 760
2352 2672 761
589 1647 762
826 2396 763
14 60 764
662 663 765
589 592 766
520 637 767
592 724 768
351 816 769
592 1296 770
624 625 771
624 627 772
1803 2589 773
684 1754 774
808 898 775
953 954 776
532 1585 777
609 611 778
1795 2226 779
2490 2491 780
1036 2585 781
951 1313 782
643 1721 783
955 2695 784
454 1711 785
210 941 786
2665 2666 787
2678 2679 788
532 983 789
496 1755 790
383 1536 791
626 627 792
811 1804 793
1160 1636 794
477 638 795
1044 1637 796
609 610 797
661 1061 798
701 804 799
351 1377 800
1754 1756 801
1717 2382 802
743 822 803
941 2314 804
1033 2469 805
199 2097 806
814 1362 807
437 2589 808
350 1751 809
492 816 810
496 684 811
651 709 812
86 1322 813
651 2740 814
350 665 815
474 574 816
497 498 817
700 804 818
24 931 819
176 822 820
1050 2359 821
625 626 822
47 130 823
1773 2632 824
204 1342 825
351 1376 826
1636 1646 827
401 2469 828
542 2543 829
609 612 830
377 427 831
740 1432 832
1253 1255 833
2226 2410 834
520 691 835
1534 2167 836
737 1534 837
532 982 838
624 626 839
1119 2735 840
699 701 841
2089 2716 842
692 2668 843
2376 2377 844
692 693 845
2675 2702 846
1292 2101 847
592 1214 848
481 654 849
607 608 850
265 627 851
397 460 852
639 640 853
996 2381 854
517 1758 855
589 882 856
1528 2281 857
592 1808 858
808 1772 859
665 666 860
2680 2700 861
1637 2453 862
227 428 863
718 1317 864
1006 1425 865
264 1184 866
496 1754 867
264 596 868
955 2696 869
238 742 870
1584 2658 871
2190 2479 872
689 690 873
698 1337 874
1584 1585 875
2138 2723 876
265 625 877
592 1308 878
5 46 879
954 2696 880
818 827 881
1254 1255 882
264 428 883
1659 1660 884
242 1238 885
775 1426 886
996 997 887
444 521 888
1335 1824 889
654 658 890
643 1719 891
1333 1335 892
85 1322 893
351 1147 894
266 627 895
521 685 896
329 2609 897
712 2411 898
1318 1862 899
1322 1323 900
503 2458 901
517 1582 902
2735 2736 903
408 438 904
503 1025 905
592 1648 906
1229 2357 907
676 1175 908
460 487 909
499 574 910
607 610 911
1313 1314 912
1426 1430 913
1362 2674 914
374 722 915
496 1756 916
2101 2708 917
286 803 918
640 691 919
656 658 920
503 2675 921
1426 1427 922
520 692 923
1308 1311 924
1528 1862 925
92 1252 926
29 121 927
532 981 928
629 632 929
667 668 930
610 611 931
266 624 932
204 818 933
981 983 934
690 1726 935
981 982 936
477 640 937
2447 2571 938
923 2332 939
828 2274 940
1253 1579 941
440 442 942
954 2695 943
667 669 944
2588 2680 945
446 645 946
500 503 947
1052 2359 948
653 657 949
478 2377 950
87 1322 951
653 656 952
816 1376 953
439 442 954
607 612 955
504 1636 956
982 983 957
53 1468 958
1391 1489 959
669 670 960
466 669 961
1369 2283 962
910 1390 963
651 698 964
474 500 965
466 667 966
637 638 967
265 624 968
478 507 969
2584 2585 970
500 2675 971
1582 1758 972
413 1751 973
2402 2460 974
39 122 975
329 2614 976
629 631 977
657 658 978
651 2515 979
101 2371 980
815 1533 981
821 1533 982
503 1737 983
668 669 984
1862 2611 985
629 630 986
2103 2708 987
2585 2587 988
733 1373 989
651 708 990
690 963 991
47 71 992
676 978 993
198 990 994
689 1726 995
596 1228 996
1704 2089 997
5 121 998
2110 2400 999
2688 2706 1000
592 882 1001
2680 2743 1002
629 707 1003
244 541 1004
611 613 1005
2373 2545 1006
408 563 1007
2102 2103 1008
453 454 1009
611 612 1010
265 266 1011
592 1272 1012
2688 2705 1013
474 499 1014
596 815 1015
610 612 1016
614 2224 1017
266 625 1018
1104 1105 1019
1526 2543 1020
654 705 1021
199 2372 1022
453 955 1023
474 555 1024
610 613 1025
612 613 1026
200 1006 1027
408 2503 1028
1754 1757 1029
643 644 1030
15 1374 1031
477 637 1032
1025 2707 1033
156 2097 1034
266 438 1035
596 1184 1036
199 1318 1037
204 827 1038
286 947 1039
2103 2745 1040
474 476 1041
5 111 1042
643 2680 1043
676 1038 1044
1574 2588 1045
2695 2696 1046
2165 2166 1047
466 670 1048
466 668 1049
278 1332 1050
374 517 1051
607 611 1052
714 715 1053
401 492 1054
448 1796 1055
504 547 1056
39 71 1057
525 733 1058
413 665 1059
815 816 1060
1175 1184 1061
504 1160 1062
656 657 1063
2102 2745 1064
654 659 1065
499 503 1066
642 643 1067
653 658 1068
133 2593 1069
827 1581 1070
185 210 1071
264 495 1072
712 1971 1073
667 670 1074
495 596 1075
496 1175 1076
592 1310 1077
603 1329 1078
867 2580 1079
199 1319 1080
260 616 1081
264 1754 1082
607 614 1083
429 670 1084
688 2166 1085
286 948 1086
651 1339 1087
2675 2676 1088
656 705 1089
910 911 1090
520 640 1091
1006 1767 1092
1533 2732 1093
605 606 1094
651 1338 1095
573 2663 1096
60 238 1097
404 816 1098
430 680 1099
448 701 1100
604 605 1101
676 1228 1102
619 621 1103
2677 2678 1104
233 1726 1105
688 1364 1106
2332 2736 1107
373 733 1108
498 1336 1109
133 2673 1110
564 2706 1111
676 2685 1112
653 654 1113
39 47 1114
496 1184 1115
447 701 1116
869 1762 1117
955 990 1118
607 613 1119
39 123 1120
910 1389 1121
1369 2606 1122
596 1055 1123
2458 2675 1124
444 445 1125
676 2698 1126
133 678 1127
599 2490 1128
869 1763 1129
914 1146 1130
500 2702 1131
596 1175 1132
408 928 1133
474 475 1134
693 2668 1135
2593 2673 1136
592 962 1137
654 656 1138
341 1393 1139
2167 2168 1140
654 657 1141
343 1285 1142
637 640 1143
280 281 1144
498 1196 1145
1318 1319 1146
1574 2504 1147
608 2191 1148
350 413 1149
627 2162 1150
2588 2743 1151
507 834 1152
1862 2591 1153
1196 2339 1154
553 818 1155
490 1769 1156
668 670 1157
1037 1740 1158
350 2363 1159
804 807 1160
264 496 1161
2281 2460 1162
643 1720 1163
923 2736 1164
1333 1824 1165
914 2457 1166
692 1236 1167
343 1284 1168
2513 2565 1169
678 1948 1170
592 930 1171
653 705 1172
504 1646 1173
700 701 1174
654 655 1175
816 2732 1176
493 1570 1177
775 1670 1178
198 2695 1179
657 705 1180
1848 2697 1181
525 1373 1182
1391 1756 1183
882 1648 1184
2504 2588 1185
19 53 1186
481 657 1187
616 2177 1188
2101 2745 1189
433 805 1190
150 1766 1191
550 553 1192
621 670 1193
264 1755 1194
573 1375 1195
625 2162 1196
133 1948 1197
503 2676 1198
1054 1170 1199
446 506 1200
266 626 1201
492 493 1202
596 2105 1203
112 136 1204
520 677 1205
165 1201 1206
198 2696 1207
474 501 1208
573 2664 1209
620 621 1210
688 2165 1211
554 742 1212
179 1100 1213
31 896 1214
280 1411 1215
503 2707 1216
655 658 1217
685 688 1218
474 1375 1219
1363 2274 1220
1948 2593 1221
482 483 1222
447 1796 1223
503 574 1224
222 731 1225
737 2545 1226
947 948 1227
478 833 1228
1948 2673 1229
229 809 1230
281 1411 1231
427 2703 1232
442 1655 1233
491 493 1234
654 706 1235
520 703 1236
705 706 1237
1050 1052 1238
1282 1283 1239
225 227 1240
503 598 1241
50 53 1242
554 896 1243
624 2162 1244
711 712 1245
319 941 1246
238 741 1247
643 1724 1248
429 669 1249
686 688 1250
483 485 1251
495 1175 1252
691 692 1253
2513 2514 1254
374 989 1255
596 2698 1256
1253 2578 1257
238 1392 1258
404 1533 1259
266 563 1260
618 877 1261
1004 2710 1262
39 126 1263
678 2593 1264
592 2072 1265
494 684 1266
510 554 1267
701 1491 1268
931 1783 1269
1263 1375 1270
684 1391 1271
266 2503 1272
496 1055 1273
265 408 1274
676 887 1275
1055 1175 1276
604 606 1277
996 1236 1278
281 2573 1279
723 724 1280
1025 1737 1281
1563 2373 1282
2103 2709 1283
748 841 1284
1335 2351 1285
498 2480 1286
466 467 1287
482 485 1288
500 2641 1289
1391 1755 1290
1290 1775 1291
1804 1843 1292
373 729 1293
1260 1375 1294
1369 2146 1295
350 666 1296
882 1647 1297
963 2699 1298
1881 1959 1299
2677 2679 1300
1385 2663 1301
2088 2089 1302
609 613 1303
914 2571 1304
1160 1646 1305
1044 1296 1306
1848 2733 1307
483 484 1308
596 1810 1309
592 826 1310
729 731 1311
2097 2386 1312
129 998 1313
1036 2586 1314
877 878 1315
1648 2072 1316
919 922 1317
446 521 1318
561 914 1319
658 705 1320
1796 2151 1321
396 1285 1322
921 922 1323
447 448 1324
150 1201 1325
500 501 1326
718 1316 1327
727 1181 1328
482 484 1329
1321 1766 1330
505 1636 1331
724 1044 1332
404 493 1333
564 2705 1334
481 705 1335
2283 2606 1336
433 518 1337
474 502 1338
50 1468 1339
176 453 1340
596 1533 1341
638 640 1342
684 2182 1343
874 975 1344
678 2673 1345
358 374 1346
503 2641 1347
165 1766 1348
993 2663 1349
1604 1702 1350
444 446 1351
503 2702 1352
2097 2372 1353
693 1315 1354
498 2455 1355
616 2739 1356
923 1119 1357
1201 1321 1358
1035 1036 1359
349 350 1360
433 1244 1361
1201 1766 1362
2458 2641 1363
1642 1643 1364
222 733 1365
1036 1037 1366
481 656 1367
520 693 1368
2085 2572 1369
555 574 1370
574 682 1371
53 1201 1372
1045 1242 1373
297 861 1374
492 1533 1375
373 731 1376
447 2151 1377
1292 2103 1378
656 706 1379
499 500 1380
690 980 1381
498 1884 1382
494 1754 1383
498 1883 1384
500 2676 1385
733 1653 1386
1050 1051 1387
1428 1670 1388
374 721 1389
2363 2513 1390
266 928 1391
811 1375 1392
1175 1862 1393
1767 1768 1394
477 639 1395
484 485 1396
606 2669 1397
266 408 1398
1315 2668 1399
618 621 1400
995 2663 1401
494 1755 1402
618 620 1403
1386 1761 1404
439 1655 1405
476 574 1406
2272 2363 1407
429 667 1408
2146 2283 1409
429 668 1410
308 358 1411
129 183 1412
150 1321 1413
402 826 1414
710 712 1415
2089 2091 1416
805 806 1417
18 53 1418
460 1771 1419
501 503 1420
639 691 1421
1175 2698 1422
498 544 1423
596 2732 1424
1175 1228 1425
101 2370 1426
618 670 1427
1119 2736 1428
1425 1768 1429
474 870 1430
609 2224 1431
481 658 1432
604 2669 1433
955 2552 1434
495 496 1435
349 413 1436
2094 2095 1437
26 111 1438
506 1008 1439
496 1757 1440
495 1184 1441
503 555 1442
620 670 1443
1038 1175 1444
1762 1763 1445
436 638 1446
476 503 1447
658 706 1448
505 685 1449
592 929 1450
150 165 1451
718 726 1452
549 550 1453
815 1184 1454
737 738 1455
2559 2681 1456
474 655 1457
349 665 1458
1647 1648 1459
621 702 1460
816 821 1461
1385 2664 1462
607 2224 1463
599 2491 1464
297 2255 1465
6 137 1466
376 2703 1467
1175 1318 1468
503 681 1469
2332 2681 1470
280 2573 1471
479 834 1472
630 707 1473
413 666 1474
1229 2281 1475
14 1058 1476
518 2079 1477
547 864 1478
14 1059 1479
238 663 1480
1036 2584 1481
199 2110 1482
685 687 1483
1036 2587 1484
1751 2272 1485
914 2718 1486
2146 2606 1487
1051 1052 1488
607 2191 1489
741 742 1490
481 653 1491
499 1375 1492
721 722 1493
465 466 1494
373 1083 1495
659 705 1496
518 904 1497
199 1175 1498
592 2549 1499
691 693 1500
466 619 1501
226 714 1502
319 2682 1503
474 871 1504
1425 1767 1505
427 1804 1506
505 1160 1507
861 2255 1508
244 674 1509
2467 2468 1510
1526 1527 1511
2378 2379 1512
1254 2479 1513
912 1036 1514
555 573 1515
710 711 1516
469 2274 1517
2255 2717 1518
993 2664 1519
2102 2709 1520
1572 1881 1521
213 374 1522
376 427 1523
2101 2709 1524
226 227 1525
1602 1604 1526
2 176 1527
1862 2460 1528
542 1527 1529
618 878 1530
487 488 1531
505 1646 1532
319 2314 1533
729 730 1534
2556 2681 1535
518 905 1536
1751 2570 1537
670 702 1538
345 351 1539
510 511 1540
555 1375 1541
834 2502 1542
15 1375 1543
429 466 1544
506 521 1545
573 574 1546
630 632 1547
685 686 1548
564 2570 1549
554 977 1550
1052 1643 1551
308 677 1552
374 735 1553
435 638 1554
1263 1264 1555
569 2577 1556
730 731 1557
655 656 1558
547 818 1559
2173 2559 1560
1601 1604 1561
737 1563 1562
1292 2708 1563
319 942 1564
396 1284 1565
1751 2363 1566
1260 1264 1567
2363 2565 1568
520 704 1569
499 555 1570
619 620 1571
2557 2559 1572
826 1500 1573
632 707 1574
564 1751 1575
648 649 1576
2332 2556 1577
1175 1229 1578
574 681 1579
476 1375 1580
499 870 1581
503 1375 1582
1604 2689 1583
686 687 1584
1044 2379 1585
2363 2688 1586
229 1312 1587
592 2712 1588
543 886 1589
373 730 1590
165 1321 1591
401 2122 1592
653 655 1593
2556 2559 1594
222 373 1595
955 1645 1596
1264 2461 1597
222 729 1598
552 553 1599
468 2274 1600
892 894 1601
898 1064 1602
1306 1307 1603
469 1334 1604
495 1055 1605
499 682 1606
443 673 1607
620 702 1608
656 971 1609
574 1375 1610
742 1378 1611
995 2664 1612
266 2162 1613
515 1210 1614
826 1044 1615
1500 2379 1616
75 2352 1617
592 723 1618
481 971 1619
341 492 1620
462 2033 1621
609 2191 1622
2556 2557 1623
337 374 1624
2557 2681 1625
474 872 1626
500 1025 1627
630 631 1628
1169 2484 1629
24 640 1630
826 1271 1631
834 2488 1632
476 681 1633
462 464 1634
500 502 1635
962 1311 1636
562 834 1637
413 2363 1638
183 184 1639
1704 2716 1640
519 520 1641
499 681 1642
2363 2687 1643
2564 2565 1644
503 1742 1645
465 467 1646
618 702 1647
2332 2557 1648
445 446 1649
592 1647 1650
861 2717 1651
1173 1222 1652
368 905 1653
2247 2248 1654
657 659 1655
729 750 1656
1381 2279 1657
599 2546 1658
1774 1775 1659
628 1411 1660
2332 2559 1661
373 732 1662
198 2552 1663
564 2272 1664
564 2363 1665
101 1848 1666
268 2582 1667
1819 1821 1668
1290 1774 1669
513 515 1670
476 555 1671
1175 2685 1672
222 750 1673
505 521 1674
1381 2501 1675
1036 2583 1676
1266 2607 1677
18 1201 1678
1184 2732 1679
1605 1702 1680
222 732 1681
505 1339 1682
198 453 1683
479 2488 1684
319 818 1685
561 562 1686
1188 2179 1687
727 2120 1688
2272 2687 1689
468 1363 1690
268 2581 1691
826 1043 1692
914 2592 1693
2371 2714 1694
503 682 1695
525 1653 1696
566 567 1697
461 462 1698
502 503 1699
555 681 1700
712 2566 1701
737 2482 1702
1169 1170 1703
1381 2496 1704
510 512 1705
1526 1931 1706
53 421 1707
444 505 1708
821 1184 1709
2272 2688 1710
2457 2592 1711
511 512 1712
607 834 1713
618 619 1714
2254 2255 1715
24 638 1716
439 894 1717
1169 2483 1718
1794 1796 1719
2248 2249 1720
296 596 1721
515 1211 1722
951 1314 1723
503 1023 1724
448 2151 1725
550 1177 1726
654 1028 1727
350 496 1728
566 569 1729
592 1043 1730
1602 1605 1731
448 700 1732
494 496 1733
648 1050 1734
1329 1830 1735
637 639 1736
1891 2248 1737
2173 2332 1738
443 1461 1739
1036 1949 1740
157 373 1741
264 1175 1742
382 515 1743
1536 2350 1744
431 893 1745
1174 1175 1746
1605 2689 1747
599 636 1748
1264 1375 1749
2371 2715 1750
592 1821 1751
732 733 1752
1378 1379 1753
2272 2570 1754
199 2400 1755
53 1004 1756
1229 2591 1757
564 2686 1758
2558 2559 1759
638 703 1760
1602 2689 1761
1228 2685 1762
826 2568 1763
1792 1796 1764
29 61 1765
564 2688 1766
197 199 1767
341 404 1768
919 1256 1769
350 762 1770
640 677 1771
1381 2500 1772
1561 1563 1773
222 746 1774
1292 2102 1775
129 184 1776
566 568 1777
350 495 1778
356 373 1779
439 440 1780
818 888 1781
334 1002 1782
358 546 1783
442 1656 1784
499 501 1785
582 677 1786
517 518 1787
1381 2495 1788
297 2717 1789
746 2494 1790
479 562 1791
698 1251 1792
261 615 1793
494 495 1794
409 988 1795
2254 2717 1796
2272 2713 1797
238 505 1798
1381 2498 1799
2498 2499 1800
861 2254 1801
613 2224 1802
631 632 1803
893 2070 1804
742 1379 1805
1948 2540 1806
515 534 1807
549 553 1808
547 888 1809
1038 1228 1810
1381 2097 1811
2581 2582 1812
919 920 1813
2540 2554 1814
188 1339 1815
2276 2449 1816
520 1649 1817
1381 2499 1818
681 682 1819
921 1256 1820
748 1577 1821
1316 1317 1822
2495 2496 1823
607 2488 1824
2540 2553 1825
401 403 1826
503 870 1827
2495 2499 1828
517 901 1829
2495 2498 1830
923 2551 1831
479 607 1832
731 2417 1833
358 545 1834
2363 2570 1835
2496 2499 1836
2098 2103 1837
920 921 1838
1677 2574 1839
2279 2499 1840
699 700 1841
896 977 1842
1980 2533 1843
2499 2501 1844
630 1864 1845
2496 2498 1846
919 921 1847
238 662 1848
503 2694 1849
433 2070 1850
603 604 1851
555 682 1852
630 698 1853
1229 1862 1854
53 533 1855
638 677 1856
297 2254 1857
560 562 1858
1604 1605 1859
2571 2592 1860
377 2703 1861
1823 1824 1862
1170 2559 1863
1264 2633 1864
553 2690 1865
859 861 1866
596 818 1867
654 1029 1868
560 561 1869
1055 1184 1870
1175 1227 1871
2279 2498 1872
344 352 1873
1530 2667 1874
1187 2179 1875
350 494 1876
199 431 1877
816 1533 1878
264 1055 1879
599 1894 1880
317 509 1881
374 1582 1882
671 2085 1883
244 1652 1884
616 2489 1885
892 2070 1886
1381 2061 1887
1829 2594 1888
1601 1605 1889
2498 2501 1890
598 599 1891
1228 2698 1892
1271 2568 1893
1820 1821 1894
15 98 1895
53 617 1896
515 537 1897
2566 2643 1898
476 682 1899
514 515 1900
1018 2161 1901
475 655 1902
2496 2501 1903
222 2494 1904
404 492 1905
469 1363 1906
2279 2496 1907
2096 2103 1908
2363 2713 1909
250 1222 1910
592 2520 1911
567 569 1912
619 879 1913
1381 2169 1914
655 659 1915
2061 2498 1916
505 1338 1917
108 109 1918
433 2074 1919
267 268 1920
700 1491 1921
2498 2500 1922
374 1758 1923
545 546 1924
515 538 1925
592 1168 1926
653 659 1927
1210 1211 1928
1254 2190 1929
1514 2085 1930
818 1342 1931
619 880 1932
1381 2497 1933
2279 2495 1934
553 819 1935
716 717 1936
433 858 1937
656 659 1938
499 502 1939
308 804 1940
1677 2575 1941
562 607 1942
51 53 1943
332 1248 1944
1271 1500 1945
337 359 1946
433 753 1947
592 1819 1948
516 517 1949
549 551 1950
559 834 1951
818 821 1952
2279 2501 1953
253 478 1954
920 1256 1955
2495 2501 1956
1374 1375 1957
2499 2500 1958
238 452 1959
654 1361 1960
747 748 1961
1823 1825 1962
1264 2355 1963
409 697 1964
462 463 1965
252 1222 1966
1220 1811 1967
461 464 1968
930 1616 1969
368 518 1970
513 534 1971
1823 1828 1972
777 1869 1973
1825 1828 1974
806 1219 1975
886 2481 1976
654 1030 1977
1825 1827 1978
603 606 1979
2496 2497 1980
252 253 1981
198 1645 1982
2393 2493 1983
951 1183 1984
1792 1794 1985
129 1329 1986
432 433 1987
2061 2499 1988
2097 2498 1989
936 939 1990
1828 1829 1991
253 1222 1992
518 752 1993
1044 1271 1994
2496 2500 1995
2500 2501 1996
1830 1831 1997
1823 1829 1998
1827 1828 1999
43 48 2000
2279 2500 2001
787 895 2002
1270 1813 2003
435 436 2004
746 1529 2005
2169 2498 2006
816 2179 2007
373 746 2008
373 750 2009
565 1822 2010
2497 2499 2011
460 488 2012
893 894 2013
1825 1829 2014
571 573 2015
2061 2501 2016
1677 2576 2017
349 495 2018
1827 1829 2019
2495 2500 2020
816 1184 2021
476 499 2022
481 706 2023
2363 2564 2024
2553 2554 2025
404 2122 2026
81 448 2027
86 2246 2028
648 1052 2029
892 893 2030
374 545 2031
432 806 2032
648 1051 2033
793 868 2034
319 2683 2035
859 2255 2036
826 2550 2037
1170 2484 2038
479 559 2039
443 672 2040
374 734 2041
599 2439 2042
1044 2550 2043
2497 2498 2044
681 1375 2045
895 2492 2046
2061 2097 2047
463 464 2048
524 525 2049
2097 2501 2050
525 528 2051
2280 2281 2052
907 1349 2053
694 695 2054
2061 2496 2055
19 50 2056
776 894 2057
727 862 2058
2061 2279 2059
659 971 2060
658 659 2061
2097 2499 2062
2169 2501 2063
2279 2497 2064
252 255 2065
522 525 2066
2098 2102 2067
2097 2110 2068
529 532 2069
718 1409 2070
1823 1827 2071
894 1656 2072
567 568 2073
561 2353 2074
569 1009 2075
1187 1188 2076
2169 2496 2077
710 2566 2078
818 1581 2079
1222 2477 2080
2097 2495 2081
826 2567 2082
656 1302 2083
2173 2556 2084
190 404 2085
1271 2550 2086
481 655 2087
2061 2495 2088
464 2454 2089
190 401 2090
1824 1827 2091
1170 2558 2092
1824 1826 2093
1704 2086 2094
705 971 2095
705 1303 2096
553 824 2097
499 1209 2098
708 709 2099
2497 2501 2100
2495 2497 2101
1015 1016 2102
2169 2499 2103
571 2176 2104
603 605 2105
238 451 2106
568 2104 2107
1641 1875 2108
922 1257 2109
559 561 2110
525 530 2111
421 2208 2112
1315 2261 2113
1823 1826 2114
1824 1825 2115
2097 2279 2116
2682 2683 2117
309 374 2118
742 2737 2119
1704 2090 2120
788 895 2121
1265 1266 2122
515 851 2123
550 1178 2124
640 703 2125
638 704 2126
849 868 2127
503 1024 2128
638 2409 2129
2061 2500 2130
677 1649 2131
656 1303 2132
2488 2502 2133
2173 2681 2134
478 2376 2135
787 2492 2136
967 1759 2137
460 1760 2138
2169 2495 2139
2497 2500 2140
374 952 2141
1825 1826 2142
397 1032 2143
490 2363 2144
561 2463 2145
572 574 2146
1616 2134 2147
458 1771 2148
654 1362 2149
517 902 2150
859 2717 2151
500 598 2152
2663 2664 2153
2169 2279 2154
536 742 2155
2097 2496 2156
1222 1874 2157
223 233 2158
826 1168 2159
2169 2500 2160
737 1230 2161
818 819 2162
1176 1270 2163
337 2465 2164
1034 1349 2165
525 526 2166
893 1816 2167
894 1816 2168
2574 2575 2169
2489 2547 2170
235 2469 2171
644 1590 2172
1264 2462 2173
132 446 2174
618 880 2175
643 1590 2176
705 1302 2177
238 332 2178
865 866 2179
2714 2715 2180
1238 1580 2181
787 788 2182
925 1259 2183
1016 1018 2184
536 849 2185
1826 1827 2186
404 491 2187
358 434 2188
125 868 2189
503 1021 2190
523 525 2191
806 2074 2192
2097 2169 2193
374 2465 2194
503 872 2195
1704 2088 2196
392 574 2197
525 532 2198
1012 2078 2199
1948 2553 2200
48 1822 2201
2061 2497 2202
1015 1019 2203
2483 2484 2204
592 883 2205
930 2134 2206
53 2693 2207
891 892 2208
433 2073 2209
204 1581 2210
382 537 2211
618 879 2212
252 2670 2213
1170 2483 2214
1514 2572 2215
1016 2078 2216
1369 2284 2217
1261 1375 2218
336 2465 2219
561 2464 2220
2144 2459 2221
185 541 2222
550 551 2223
522 529 2224
433 2542 2225
2339 2525 2226
718 720 2227
742 1158 2228
892 1815 2229
176 188 2230
537 851 2231
374 927 2232
1012 1015 2233
618 876 2234
252 936 2235
260 2739 2236
492 1570 2237
619 876 2238
787 2487 2239
894 1815 2240
892 1816 2241
891 894 2242
966 967 2243
1525 1526 2244
2081 2082 2245
358 1847 2246
1044 2378 2247
895 2487 2248
742 890 2249
226 715 2250
491 492 2251
522 531 2252
914 1347 2253
1561 1562 2254
2093 2095 2255
2096 2102 2256
1837 1838 2257
603 2669 2258
1862 2280 2259
742 889 2260
297 859 2261
1044 2568 2262
2465 2466 2263
334 1008 2264
2097 2497 2265
885 886 2266
561 1146 2267
336 337 2268
776 892 2269
1704 2091 2270
592 2264 2271
1527 2543 2272
2097 2500 2273
188 1020 2274
1261 1264 2275
404 1570 2276
1015 1018 2277
525 531 2278
2283 2284 2279
2574 2576 2280
528 529 2281
1641 1878 2282
522 532 2283
967 1945 2284
97 98 2285
517 903 2286
490 2272 2287
525 527 2288
2169 2497 2289
1258 1259 2290
515 1270 2291
524 528 2292
1704 1705 2293
893 1815 2294
377 628 2295
478 1222 2296
2061 2169 2297
252 939 2298
337 2466 2299
490 1305 2300
561 1435 2301
816 1188 2302
336 374 2303
524 529 2304
1043 1044 2305
48 565 2306
1267 2227 2307
336 2466 2308
524 532 2309
503 1026 2310
238 338 2311
698 1194 2312
1641 1876 2313
261 2547 2314
433 1219 2315
1012 1019 2316
695 696 2317
929 930 2318
562 2488 2319
1260 2461 2320
522 528 2321
891 1816 2322
967 1944 2323
1562 1563 2324
461 463 2325
460 1032 2326
516 518 2327
740 777 2328
529 530 2329
1500 2568 2330
1641 1877 2331
2575 2576 2332
2173 2557 2333
568 569 2334
1500 2550 2335
53 1736 2336
458 460 2337
1348 1349 2338
522 530 2339
404 499 2340
503 871 2341
524 530 2342
524 531 2343
2093 2094 2344
503 1492 2345
1819 1820 2346
1009 2741 2347
2550 2568 2348
1500 2378 2349
382 538 2350
112 137 2351
641 1185 2352
526 532 2353
553 1638 2354
776 1816 2355
526 528 2356
338 446 2357
535 849 2358
788 2487 2359
433 2079 2360
1184 1533 2361
433 752 2362
592 1820 2363
925 1258 2364
1280 1510 2365
1885 1886 2366
250 252 2367
522 524 2368
879 880 2369
1012 1018 2370
1177 1178 2371
2155 2156 2372
501 502 2373
266 407 2374
252 262 2375
882 930 2376
848 849 2377
541 977 2378
859 2254 2379
214 682 2380
222 1529 2381
2601 2602 2382
198 1306 2383
727 1203 2384
522 526 2385
2099 2103 2386
914 2030 2387
2487 2492 2388
718 2405 2389
264 645 2390
528 531 2391
527 528 2392
777 1870 2393
806 2070 2394
1530 2711 2395
1271 2567 2396
529 531 2397
1375 2461 2398
262 1220 2399
1227 1228 2400
1704 2087 2401
659 706 2402
2137 2138 2403
2100 2103 2404
891 1815 2405
776 893 2406
524 526 2407
129 1830 2408
431 2287 2409
522 527 2410
592 1019 2411
659 684 2412
53 2644 2413
526 531 2414
1175 2323 2415
1876 1877 2416
1879 2137 2417
1894 2439 2418
528 530 2419
431 1318 2420
1019 2078 2421
61 121 2422
925 1257 2423
1222 2478 2424
129 1831 2425
224 233 2426
433 905 2427
382 1270 2428
407 408 2429
439 1656 2430
2081 2083 2431
176 443 2432
221 2638 2433
914 1346 2434
523 532 2435
524 527 2436
344 2045 2437
891 893 2438
1797 2711 2439
742 852 2440
357 358 2441
527 529 2442
527 531 2443
674 675 2444
459 1771 2445
523 524 2446
523 528 2447
531 532 2448
481 659 2449
526 529 2450
1375 2355 2451
1815 1816 2452
558 562 2453
358 1207 2454
526 530 2455
336 1838 2456
1274 1275 2457
512 1465 2458
971 1302 2459
176 979 2460
818 887 2461
548 1885 2462
818 1566 2463
826 1268 2464
198 1307 2465
967 1506 2466
261 2489 2467
868 2380 2468
1537 1539 2469
431 892 2470
930 1214 2471
213 835 2472
559 562 2473
776 1815 2474
777 778 2475
1264 2275 2476
358 1280 2477
503 1344 2478
523 526 2479
526 527 2480
459 1400 2481
849 852 2482
1254 1892 2483
244 887 2484
459 460 2485
411 677 2486
446 505 2487
1565 1641 2488
2277 2465 2489
530 532 2490
1703 1704 2491
374 446 2492
494 1184 2493
527 532 2494
971 1303 2495
1188 1533 2496
1012 1016 2497
535 536 2498
406 2119 2499
905 2079 2500
2070 2071 2501
129 603 2502
656 2251 2503
2477 2478 2504
1257 1259 2505
726 1317 2506
523 529 2507
698 1864 2508
522 523 2509
530 531 2510
882 883 2511
1260 2275 2512
742 974 2513
229 996 2514
414 854 2515
806 2073 2516
523 531 2517
1533 2179 2518
185 850 2519
250 936 2520
432 2070 2521
1797 2548 2522
442 906 2523
253 255 2524
737 1231 2525
466 957 2526
1222 1873 2527
466 956 2528
559 560 2529
1003 2069 2530
2355 2461 2531
930 1272 2532
1641 2108 2533
373 2494 2534
1869 1872 2535
1948 2554 2536
344 1658 2537
561 2718 2538
527 530 2539
823 2726 2540
1067 2138 2541
536 852 2542
677 2692 2543
244 2113 2544
1526 2111 2545
221 377 2546
481 1303 2547
1044 2567 2548
1263 2461 2549
1400 1474 2550
1287 1289 2551
459 1882 2552
505 506 2553
1219 2070 2554
523 530 2555
528 532 2556
176 2250 2557
1019 2161 2558
1268 1271 2559
823 899 2560
1016 1019 2561
1537 1538 2562
816 1187 2563
823 863 2564
1622 2185 2565
818 1569 2566
1074 2095 2567
1644 1652 2568
2567 2568 2569
252 1220 2570
382 851 2571
2068 2144 2572
457 459 2573
87 2246 2574
440 1656 2575
640 704 2576
1513 2111 2577
409 1564 2578
659 1302 2579
752 2079 2580
876 879 2581
548 1886 2582
2146 2284 2583
478 2477 2584
1807 2250 2585
405 406 2586
186 1773 2587
240 241 2588
733 1198 2589
60 112 2590
525 529 2591
806 2060 2592
344 350 2593
193 1267 2594
260 2489 2595
1257 1258 2596
1641 2156 2597
377 2638 2598
855 856 2599
350 352 2600
478 2478 2601
776 891 2602
1500 2567 2603
223 224 2604
523 527 2605
1652 1863 2606
2155 2157 2607
337 1135 2608
112 2493 2609
592 2161 2610
19 1201 2611
252 1173 2612
568 1074 2613
876 880 2614
753 858 2615
1742 2458 2616
1018 2078 2617
176 1806 2618
243 244 2619
2097 2400 2620
700 1862 2621
870 871 2622
2097 2102 2623
253 1173 2624
344 2555 2625
1865 1866 2626
1565 2157 2627
185 946 2628
1530 2548 2629
1349 2336 2630
14 379 2631
1400 1404 2632
213 722 2633
229 441 2634
1260 2355 2635
1019 2160 2636
273 875 2637
515 1212 2638
365 553 2639
854 855 2640
1185 1187 2641
1281 1282 2642
240 335 2643
1220 1221 2644
1641 2157 2645
1263 2355 2646
718 719 2647
478 559 2648
619 956 2649
1538 1539 2650
185 944 2651
922 1365 2652
344 847 2653
914 1046 2654
1017 1019 2655
252 1221 2656
167 696 2657
481 1302 2658
854 1053 2659
2353 2464 2660
1018 1019 2661
1513 1514 2662
854 856 2663
853 854 2664
854 860 2665
2081 2084 2666
460 1466 2667
559 2488 2668
250 939 2669
727 1202 2670
414 648 2671
1263 1575 2672
1288 1289 2673
500 1024 2674
414 1051 2675
703 704 2676
264 2646 2677
476 1371 2678
2515 2740 2679
698 1657 2680
1530 1797 2681
262 1811 2682
1529 2667 2683
1277 1545 2684
1873 1874 2685
377 1411 2686
893 2071 2687
2353 2463 2688
675 1863 2689
343 2590 2690
1525 1527 2691
1021 1025 2692
2474 2475 2693
349 496 2694
1159 2540 2695
1220 1560 2696
64 165 2697
225 1418 2698
1100 2320 2699
1044 1500 2700
2463 2464 2701
478 937 2702
870 872 2703
200 1859 2704
2156 2157 2705
598 1025 2706
344 417 2707
1641 2155 2708
1850 1869 2709
930 1273 2710
1096 1240 2711
1287 1288 2712
500 1021 2713
1292 2098 2714
318 2257 2715
892 2071 2716
2550 2567 2717
404 410 2718
498 1223 2719
645 2646 2720
229 359 2721
459 1474 2722
1210 1212 2723
1263 2275 2724
276 278 2725
185 977 2726
1100 1408 2727
278 1553 2728
406 2569 2729
638 1649 2730
640 1649 2731
967 1507 2732
1211 1212 2733
1529 2711 2734
2275 2461 2735
1100 2427 2736
2099 2102 2737
428 1298 2738
2539 2540 2739
494 816 2740
18 19 2741
350 761 2742
569 2104 2743
752 858 2744
1529 2548 2745
629 1301 2746
1850 1872 2747
536 974 2748
2097 2100 2749
238 857 2750
374 926 2751
336 2277 2752
1426 2150 2753
561 2244 2754
951 1266 2755
2097 2099 2756
1179 1180 2757
777 1850 2758
2086 2090 2759
329 414 2760
412 893 2761
818 2117 2762
1354 1869 2763
112 2393 2764
1115 1980 2765
909 911 2766
240 1278 2767
2019 2339 2768
742 975 2769
573 681 2770
72 305 2771
303 305 2772
671 1514 2773
1486 2250 2774
1514 2111 2775
592 1409 2776
376 377 2777
561 2245 2778
253 936 2779
619 957 2780
349 494 2781
914 1047 2782
696 1044 2783
860 861 2784
2100 2102 2785
374 546 2786
2113 2115 2787
244 2115 2788
75 503 2789
442 2627 2790
718 1845 2791
726 1316 2792
244 1190 2793
414 1050 2794
918 921 2795
433 1789 2796
381 548 2797
442 1928 2798
536 975 2799
2287 2563 2800
19 421 2801
75 500 2802
1229 2280 2803
1268 2568 2804
141 358 2805
250 255 2806
920 1880 2807
1034 1240 2808
186 1817 2809
920 2178 2810
629 698 2811
490 1187 2812
176 590 2813
213 721 2814
559 607 2815
818 976 2816
440 816 2817
503 1343 2818
2082 2083 2819
226 430 2820
253 939 2821
176 1807 2822
459 1404 2823
1426 2597 2824
410 492 2825
950 951 2826
337 2277 2827
505 857 2828
195 200 2829
305 2518 2830
492 499 2831
852 974 2832
352 1658 2833
1074 2104 2834
659 1391 2835
1774 1881 2836
352 2045 2837
1774 2595 2838
238 354 2839
2152 2154 2840
853 855 2841
974 975 2842
975 2730 2843
344 1357 2844
193 2138 2845
264 932 2846
440 1188 2847
2097 2098 2848
541 946 2849
937 2477 2850
1276 1277 2851
1979 2022 2852
1029 1362 2853
592 2347 2854
1067 2137 2855
859 860 2856
481 2251 2857
308 971 2858
313 553 2859
250 1173 2860
468 1544 2861
700 739 2862
208 1513 2863
726 1558 2864
823 900 2865
1115 2533 2866
1268 2567 2867
176 1698 2868
2034 2459 2869
824 1638 2870
1024 1025 2871
1305 2030 2872
19 109 2873
303 2075 2874
404 1056 2875
914 2524 2876
1119 1787 2877
541 700 2878
988 1182 2879
2196 2620 2880
1202 1203 2881
1565 2156 2882
1931 2111 2883
852 975 2884
1869 1870 2885
505 1200 2886
1527 1931 2887
2082 2084 2888
373 1797 2889
752 905 2890
871 872 2891
318 509 2892
1044 1268 2893
1361 1362 2894
427 1071 2895
431 2563 2896
569 1074 2897
1703 2090 2898
344 846 2899
374 1479 2900
514 1212 2901
541 850 2902
718 1300 2903
72 110 2904
492 1056 2905
1875 1878 2906
2087 2090 2907
675 1652 2908
1034 1348 2909
1587 1811 2910
592 1750 2911
2011 2175 2912
352 847 2913
1850 2116 2914
2088 2091 2915
352 2555 2916
561 2538 2917
1342 1538 2918
244 2114 2919
603 1299 2920
856 1053 2921
1529 1530 2922
1876 2108 2923
392 2176 2924
1869 1871 2925
1219 2074 2926
129 177 2927
1272 1273 2928
476 1370 2929
855 1053 2930
440 1187 2931
966 1506 2932
1119 2519 2933
1527 2111 2934
51 52 2935
317 318 2936
2096 2097 2937
2485 2486 2938
255 1179 2939
580 1979 2940
253 937 2941
176 1486 2942
208 1514 2943
1774 2305 2944
1028 1029 2945
308 340 2946
392 571 2947
914 1048 2948
358 1699 2949
262 1587 2950
433 1217 2951
498 652 2952
598 1492 2953
255 939 2954
695 2158 2955
1268 2550 2956
518 901 2957
1119 2106 2958
1426 1926 2959
1565 2155 2960
341 403 2961
541 1038 2962
358 1034 2963
460 1112 2964
592 2348 2965
1038 1039 2966
19 51 2967
500 1026 2968
1013 1016 2969
2113 2114 2970
1870 1872 2971
561 2639 2972
1342 1537 2973
659 1303 2974
733 1199 2975
139 358 2976
305 2075 2977
1342 1596 2978
1261 2461 2979
914 916 2980
899 900 2981
1267 2506 2982
1040 1041 2983
303 2518 2984
374 2466 2985
1039 1040 2986
431 831 2987
700 945 2988
2275 2355 2989
1044 1168 2990
1513 2112 2991
185 945 2992
468 469 2993
460 940 2994
572 573 2995
1038 1040 2996
1184 2179 2997
1529 1797 2998
2073 2074 2999
303 2603 3000
1014 1019 3001
194 1865 3002
253 2477 3003
529 1583 3004
478 2425 3005
2339 2600 3006
515 1213 3007
1342 1539 3008
2080 2081 3009
541 2621 3010
250 253 3011
1514 2112 3012
255 936 3013
255 1180 3014
32 255 3015
1869 2116 3016
1038 1042 3017
193 1066 3018
238 758 3019
675 887 3020
352 417 3021
2086 2087 3022
414 1052 3023
490 2350 3024
253 1179 3025
75 1025 3026
752 753 3027
2096 2098 3028
250 2163 3029
1491 1493 3030
248 1266 3031
1592 2621 3032
1058 1059 3033
2097 2103 3034
238 759 3035
726 1195 3036
252 254 3037
914 1305 3038
32 2326 3039
188 1045 3040
241 335 3041
1486 1807 3042
1292 2097 3043
1872 2116 3044
492 1192 3045
2173 2534 3046
2083 2084 3047
338 505 3048
1797 2133 3049
2139 2140 3050
883 930 3051
373 1529 3052
478 2485 3053
125 2380 3054
914 1049 3055
1022 1026 3056
193 2137 3057
598 1023 3058
274 2196 3059
1012 1014 3060
262 1221 3061
967 1977 3062
440 1189 3063
36 45 3064
496 1549 3065
2163 2536 3066
2244 2245 3067
451 452 3068
1014 1018 3069
498 1027 3070
1029 1361 3071
592 2160 3072
682 1934 3073
213 238 3074
1774 2596 3075
2111 2112 3076
233 962 3077
700 1042 3078
252 1560 3079
1240 1867 3080
432 2074 3081
2153 2154 3082
1426 2149 3083
645 965 3084
700 1039 3085
853 856 3086
1292 2096 3087
349 416 3088
1529 2494 3089
1926 2150 3090
54 72 3091
255 2163 3092
1566 1569 3093
351 639 3094
558 559 3095
1066 1067 3096
1811 2184 3097
1881 2305 3098
700 1038 3099
431 1472 3100
598 2694 3101
208 2111 3102
1530 2133 3103
193 1067 3104
945 1038 3105
264 2118 3106
1233 1238 3107
774 777 3108
539 541 3109
1159 2554 3110
253 1180 3111
700 1041 3112
186 2076 3113
777 1871 3114
44 45 3115
674 1652 3116
2150 2597 3117
541 1592 3118
1025 1026 3119
2081 2474 3120
351 1011 3121
305 2603 3122
914 917 3123
432 1219 3124
937 1222 3125
274 2620 3126
695 2159 3127
598 1024 3128
956 957 3129
1703 1705 3130
2305 2595 3131
700 1040 3132
2305 2596 3133
887 1342 3134
478 2307 3135
1703 2086 3136
1184 1188 3137
185 540 3138
1292 2099 3139
2114 2115 3140
215 351 3141
478 816 3142
492 1522 3143
478 2486 3144
960 961 3145
344 1355 3146
1047 1048 3147
1850 1870 3148
774 778 3149
2034 2144 3150
240 1279 3151
372 568 3152
695 1295 3153
1862 2358 3154
1926 2597 3155
255 937 3156
1237 1238 3157
233 1214 3158
698 1301 3159
1038 1041 3160
352 1357 3161
2174 2175 3162
861 1436 3163
1046 1047 3164
238 800 3165
75 598 3166
442 1478 3167
490 2273 3168
1012 2077 3169
1219 2073 3170
186 397 3171
248 951 3172
414 855 3173
639 1011 3174
782 1040 3175
264 1651 3176
72 73 3177
253 2478 3178
414 856 3179
1254 2338 3180
1924 2560 3181
1028 1924 3182
889 890 3183
2011 2174 3184
343 964 3185
541 1040 3186
1877 2108 3187
229 1297 3188
372 2104 3189
296 861 3190
854 1994 3191
945 1040 3192
1806 1807 3193
264 938 3194
433 1218 3195
442 1714 3196
1013 1018 3197
541 944 3198
2098 2099 3199
490 816 3200
1028 1030 3201
253 2536 3202
598 1021 3203
29 41 3204
1040 1042 3205
2382 2635 3206
2163 2164 3207
498 1208 3208
1013 1019 3209
518 902 3210
1039 1041 3211
2473 2475 3212
1198 1199 3213
1184 1189 3214
682 1935 3215
358 770 3216
1881 2596 3217
1018 2337 3218
559 825 3219
659 1010 3220
1600 2312 3221
758 800 3222
1261 2275 3223
2080 2082 3224
6 140 3225
303 2579 3226
831 1472 3227
910 1286 3228
1029 1030 3229
1354 2116 3230
366 368 3231
176 464 3232
432 1217 3233
529 1257 3234
273 368 3235
648 2343 3236
2149 2150 3237
503 2252 3238
228 229 3239
958 961 3240
208 2112 3241
503 1209 3242
1003 1366 3243
198 1034 3244
229 1298 3245
492 1057 3246
193 1065 3247
1366 2069 3248
6 7 3249
253 2164 3250
777 924 3251
2349 2350 3252
308 338 3253
1047 1049 3254
1354 2175 3255
541 2622 3256
344 1356 3257
1805 2148 3258
253 2163 3259
518 903 3260
1184 1187 3261
2019 2600 3262
914 915 3263
2595 2596 3264
318 2147 3265
1048 1049 3266
1041 1042 3267
2096 2100 3268
199 1485 3269
860 2253 3270
561 2023 3271
2180 2312 3272
432 1216 3273
541 1041 3274
1046 1048 3275
449 450 3276
352 846 3277
718 1846 3278
72 74 3279
1046 1049 3280
1703 2087 3281
24 1650 3282
1260 1263 3283
1418 1419 3284
407 409 3285
1018 2077 3286
696 2159 3287
1217 1219 3288
1850 1871 3289
440 1184 3290
2080 2083 3291
432 2073 3292
700 1291 3293
403 499 3294
213 338 3295
404 1057 3296
561 1055 3297
1881 2595 3298
372 569 3299
1012 1013 3300
2096 2099 3301
6 151 3302
458 459 3303
1235 1238 3304
358 736 3305
541 1039 3306
937 2478 3307
1068 2148 3308
1260 1262 3309
2080 2084 3310
648 2342 3311
1292 2100 3312
199 2356 3313
238 690 3314
1774 2135 3315
1928 2154 3316
2329 2330 3317
1750 2264 3318
469 1544 3319
1369 2145 3320
1113 1114 3321
1566 2117 3322
1302 1303 3323
332 338 3324
1043 1168 3325
541 945 3326
2135 2305 3327
696 2158 3328
1065 1066 3329
215 639 3330
358 1349 3331
1039 1042 3332
329 853 3333
255 2536 3334
304 305 3335
1047 1406 3336
264 1868 3337
198 2336 3338
1230 1231 3339
1979 1981 3340
2107 2109 3341
305 2579 3342
273 338 3343
932 933 3344
559 2059 3345
962 1214 3346
427 1712 3347
945 1041 3348
967 970 3349
598 1026 3350
1056 1057 3351
1159 1948 3352
1375 2275 3353
1529 2133 3354
38 1536 3355
226 1348 3356
372 1074 3357
1811 2605 3358
404 1192 3359
1159 2553 3360
959 961 3361
2173 2262 3362
29 80 3363
433 1215 3364
2098 2100 3365
481 2322 3366
1277 1494 3367
726 1540 3368
659 2251 3369
1870 2116 3370
260 261 3371
1053 1520 3372
2099 2100 3373
233 755 3374
1302 1836 3375
433 1216 3376
1216 1219 3377
442 2038 3378
1348 2336 3379
230 698 3380
2152 2153 3381
758 874 3382
176 2346 3383
541 782 3384
945 1039 3385
255 2164 3386
1260 2462 3387
2171 2173 3388
1409 2630 3389
1233 1236 3390
936 937 3391
1032 1466 3392
198 1001 3393
481 2278 3394
1186 1187 3395
1875 2109 3396
1881 2418 3397
343 965 3398
352 1355 3399
428 1297 3400
740 1291 3401
1569 2117 3402
404 576 3403
966 1507 3404
1019 2077 3405
54 73 3406
253 254 3407
253 1294 3408
229 428 3409
541 2424 3410
432 1215 3411
2135 2595 3412
516 901 3413
759 800 3414
758 1226 3415
213 332 3416
450 907 3417
1261 2355 3418
1233 1235 3419
1354 1870 3420
540 541 3421
213 952 3422
1928 2152 3423
794 1226 3424
185 2522 3425
255 1294 3426
1260 1947 3427
2332 2537 3428
1215 1219 3429
1185 1186 3430
1302 2278 3431
194 1866 3432
238 273 3433
404 1700 3434
392 573 3435
758 1224 3436
909 910 3437
403 404 3438
412 2541 3439
263 264 3440
1303 2251 3441
1556 1557 3442
1234 1235 3443
384 1018 3444
696 1295 3445
75 1021 3446
913 914 3447
1096 1867 3448
2382 2637 3449
660 991 3450
141 1699 3451
901 902 3452
1260 1505 3453
19 52 3454
1236 1238 3455
478 2433 3456
308 2409 3457
243 1190 3458
273 332 3459
204 1206 3460
1341 1342 3461
922 2629 3462
303 304 3463
541 2522 3464
238 1508 3465
1506 1507 3466
1875 2108 3467
366 369 3468
1023 1026 3469
916 1046 3470
529 1365 3471
2273 2354 3472
1065 1067 3473
1224 1226 3474
329 2131 3475
727 1533 3476
861 2253 3477
910 2325 3478
334 716 3479
412 2195 3480
481 812 3481
2108 2109 3482
203 204 3483
344 395 3484
1354 2174 3485
1026 1492 3486
937 2259 3487
559 2053 3488
1557 1595 3489
75 1024 3490
1870 1871 3491
541 2058 3492
358 1348 3493
758 794 3494
794 1224 3495
887 1652 3496
1233 1237 3497
901 903 3498
1117 2602 3499
262 1556 3500
1656 1714 3501
334 717 3502
329 1053 3503
366 367 3504
226 1304 3505
324 934 3506
19 2208 3507
758 1225 3508
916 1049 3509
442 1482 3510
1944 1945 3511
382 1213 3512
2135 2596 3513
74 75 3514
2047 2049 3515
887 978 3516
213 273 3517
238 760 3518
690 759 3519
138 139 3520
1217 1218 3521
1234 1238 3522
45 986 3523
1233 1234 3524
1881 2135 3525
329 2126 3526
958 960 3527
1533 2012 3528
382 1212 3529
1556 1595 3530
329 2127 3531
352 1356 3532
638 2692 3533
342 343 3534
392 2175 3535
854 1993 3536
400 404 3537
1021 1024 3538
966 970 3539
2579 2603 3540
1267 1997 3541
349 1053 3542
1928 2153 3543
492 1700 3544
1068 1274 3545
1417 1419 3546
414 853 3547
308 582 3548
481 1366 3549
971 973 3550
1215 1217 3551
224 755 3552
368 759 3553
1815 2635 3554
225 226 3555
541 2181 3556
719 2405 3557
387 573 3558
404 1522 3559
916 1048 3560
1187 1533 3561
1235 1236 3562
559 2434 3563
412 1368 3564
2328 2329 3565
412 1367 3566
223 755 3567
344 349 3568
945 946 3569
975 1544 3570
478 1533 3571
966 1977 3572
2327 2329 3573
362 1238 3574
459 940 3575
572 681 3576
659 1366 3577
2285 2286 3578
329 2132 3579
335 1279 3580
203 1204 3581
223 1214 3582
559 2142 3583
959 960 3584
2172 2173 3585
492 1707 3586
1096 1239 3587
99 102 3588
2126 2131 3589
259 261 3590
1026 2694 3591
516 902 3592
2433 2434 3593
937 2260 3594
971 972 3595
349 1520 3596
1236 1237 3597
392 1354 3598
916 1047 3599
45 79 3600
1225 1226 3601
1235 1237 3602
224 1214 3603
958 959 3604
739 740 3605
915 1047 3606
1343 1344 3607
190 2122 3608
343 645 3609
794 1225 3610
254 255 3611
1600 2180 3612
48 96 3613
582 2286 3614
403 492 3615
419 446 3616
2342 2343 3617
385 1018 3618
412 1369 3619
770 1068 3620
640 2692 3621
1260 2521 3622
659 2136 3623
12 103 3624
308 410 3625
873 1044 3626
1354 2011 3627
392 2174 3628
915 1048 3629
349 853 3630
1114 1115 3631
1224 1225 3632
1232 1235 3633
2127 2131 3634
1232 1238 3635
2126 2127 3636
350 853 3637
1434 1881 3638
778 924 3639
226 556 3640
399 896 3641
1268 1500 3642
2126 2128 3643
1024 1026 3644
329 2125 3645
388 393 3646
1302 2251 3647
572 1354 3648
329 2129 3649
2124 2126 3650
368 758 3651
440 1185 3652
204 1204 3653
2473 2474 3654
773 1226 3655
915 1046 3656
481 1836 3657
404 1707 3658
690 760 3659
659 2278 3660
1300 1845 3661
471 472 3662
1928 2619 3663
245 1095 3664
944 945 3665
1232 1233 3666
261 1477 3667
252 1923 3668
405 2569 3669
2000 2136 3670
253 2423 3671
1117 1565 3672
101 102 3673
414 1053 3674
951 1852 3675
45 70 3676
516 903 3677
918 920 3678
2635 2636 3679
773 794 3680
199 1350 3681
496 2360 3682
1068 1805 3683
1019 2337 3684
1232 1234 3685
2126 2129 3686
397 1857 3687
778 1263 3688
253 2259 3689
1234 1236 3690
648 2341 3691
238 340 3692
403 410 3693
1434 2418 3694
816 1186 3695
2382 2636 3696
1815 2637 3697
415 1489 3698
2128 2131 3699
490 2349 3700
226 1814 3701
934 935 3702
278 1552 3703
1302 1366 3704
2129 2131 3705
129 153 3706
1736 2562 3707
72 75 3708
1257 1365 3709
403 1056 3710
1184 1185 3711
2107 2108 3712
2635 2637 3713
1047 1405 3714
1486 1488 3715
273 758 3716
344 1372 3717
411 971 3718
1706 2354 3719
362 1236 3720
1370 1371 3721
352 395 3722
816 1524 3723
2126 2132 3724
186 1162 3725
395 396 3726
1811 1936 3727
915 1049 3728
1354 2282 3729
1212 1213 3730
75 1026 3731
412 2540 3732
853 1490 3733
2125 2126 3734
362 1233 3735
541 943 3736
1117 2155 3737
349 1518 3738
258 261 3739
373 1530 3740
659 2000 3741
2126 2130 3742
659 1836 3743
773 1224 3744
2170 2173 3745
185 943 3746
541 1042 3747
478 2434 3748
264 1904 3749
1209 1344 3750
76 78 3751
1021 1026 3752
72 261 3753
350 414 3754
2125 2131 3755
770 2148 3756
415 853 3757
442 1070 3758
1232 1236 3759
440 1533 3760
972 973 3761
199 1352 3762
795 2262 3763
770 1805 3764
2382 2473 3765
700 740 3766
1186 1189 3767
326 934 3768
2160 2161 3769
2328 2330 3770
2171 2172 3771
262 1555 3772
308 2286 3773
73 74 3774
1216 1217 3775
1875 2107 3776
2131 2132 3777
1117 2601 3778
694 1044 3779
1815 2636 3780
2127 2129 3781
12 112 3782
1013 1014 3783
349 352 3784
372 377 3785
902 903 3786
2123 2126 3787
694 1295 3788
2127 2128 3789
1232 1237 3790
1234 1237 3791
255 2423 3792
1278 1279 3793
403 1057 3794
1815 2473 3795
2636 2637 3796
1815 2382 3797
559 2433 3798
387 1263 3799
397 2076 3800
1482 1714 3801
2124 2128 3802
2327 2330 3803
329 2128 3804
893 1713 3805
2473 2637 3806
73 75 3807
559 976 3808
1032 1112 3809
12 35 3810
388 443 3811
1215 1218 3812
262 1557 3813
127 129 3814
2127 2132 3815
2130 2131 3816
758 759 3817
2125 2127 3818
129 1509 3819
859 1436 3820
308 2285 3821
349 414 3822
1013 2077 3823
2124 2132 3824
9 121 3825
795 2173 3826
1524 1533 3827
54 74 3828
412 1715 3829
76 77 3830
222 1360 3831
873 1268 3832
72 260 3833
2129 2132 3834
758 773 3835
2128 2132 3836
2124 2129 3837
199 1351 3838
922 2344 3839
1522 1707 3840
2124 2127 3841
2173 2263 3842
296 859 3843
853 1053 3844
2124 2131 3845
414 1520 3846
2130 2132 3847
1304 1814 3848
2128 2130 3849
308 767 3850
72 259 3851
392 2011 3852
859 2253 3853
100 102 3854
226 1701 3855
1014 2077 3856
1928 2640 3857
329 2130 3858
613 2321 3859
199 1353 3860
529 922 3861
186 1857 3862
945 1042 3863
253 2258 3864
403 1192 3865
2011 2282 3866
2128 2129 3867
795 2172 3868
77 78 3869
1113 1115 3870
296 297 3871
795 2263 3872
411 582 3873
2127 2130 3874
70 113 3875
128 129 3876
659 1742 3877
1482 1656 3878
2125 2128 3879
297 1436 3880
937 2258 3881
1997 2506 3882
674 1342 3883
780 1302 3884
2125 2132 3885
1209 1343 3886
1845 1846 3887
362 1235 3888
2129 2130 3889
99 101 3890
1184 1469 3891
460 1111 3892
19 119 3893
367 369 3894
490 2354 3895
2312 2508 3896
580 2022 3897
1117 2156 3898
468 975 3899
659 780 3900
204 1205 3901
652 1223 3902
920 2510 3903
1216 1218 3904
1261 1263 3905
2123 2131 3906
253 2260 3907
219 1360 3908
247 248 3909
36 70 3910
49 154 3911
1027 1223 3912
2125 2129 3913
2123 2128 3914
213 309 3915
392 681 3916
1993 1994 3917
185 2424 3918
362 1234 3919
2123 2127 3920
773 1225 3921
1260 1261 3922
2123 2124 3923
2124 2125 3924
100 101 3925
2125 2130 3926
139 736 3927
248 249 3928
233 2430 3929
259 260 3930
1709 1710 3931
2000 2432 3932
186 1269 3933
112 2141 3934
246 249 3935
816 1143 3936
1421 1554 3937
196 198 3938
916 917 3939
1493 2252 3940
1117 2329 3941
1215 1216 3942
913 917 3943
329 2124 3944
2123 2129 3945
2332 2333 3946
273 759 3947
324 935 3948
782 945 3949
329 2123 3950
218 1360 3951
352 1372 3952
218 219 3953
308 2309 3954
913 916 3955
496 761 3956
853 1520 3957
1034 2336 3958
785 860 3959
354 759 3960
410 411 3961
913 915 3962
2124 2130 3963
54 75 3964
2123 2132 3965
1708 1709 3966
1856 1857 3967
226 884 3968
67 68 3969
2123 2125 3970
70 104 3971
232 233 3972
362 1232 3973
362 1237 3974
129 152 3975
219 220 3976
755 1214 3977
898 1197 3978
253 2691 3979
2123 2130 3980
255 2259 3981
795 2171 3982
424 427 3983
1070 1369 3984
2023 2538 3985
1359 1360 3986
284 473 3987
860 1957 3988
1286 2325 3989
27 30 3990
112 149 3991
387 1260 3992
1182 1565 3993
220 1360 3994
394 396 3995
408 409 3996
372 1070 3997
1366 1368 3998
349 1372 3999
109 119 4000
937 1184 4001
1070 1074 4002
2258 2259 4003
2136 2432 4004
898 1467 4005
2160 2347 4006
403 1522 4007
250 318 4008
412 1527 4009
1555 1557 4010
344 1476 4011
440 727 4012
226 578 4013
915 916 4014
1489 1490 4015
700 1292 4016
1070 1714 4017
2262 2263 4018
2473 2636 4019
387 388 4020
412 1525 4021
2023 2639 4022
226 449 4023
324 326 4024
2259 2260 4025
219 222 4026
2059 2142 4027
652 1027 4028
1263 2462 4029
1366 1836 4030
453 2362 4031
659 2324 4032
1300 1846 4033
412 442 4034
920 2512 4035
2280 2358 4036
2473 2635 4037
414 1489 4038
67 69 4039
246 248 4040
700 2532 4041
1340 1342 4042
247 249 4043
481 780 4044
1117 2330 4045
397 1269 4046
65 67 4047
915 917 4048
464 2346 4049
218 220 4050
412 2145 4051
1053 1518 4052
503 1493 4053
1499 1500 4054
2424 2522 4055
66 67 4056
373 376 4057
696 2385 4058
1358 1360 4059
1936 2605 4060
659 2432 4061
696 873 4062
873 1500 4063
1032 1111 4064
414 1518 4065
1262 1263 4066
219 1359 4067
918 2510 4068
1070 1656 4069
1184 1186 4070
2172 2263 4071
1261 1947 4072
96 104 4073
795 2170 4074
2161 2347 4075
109 1511 4076
220 222 4077
372 376 4078
1834 1835 4079
308 1277 4080
648 2340 4081
816 1470 4082
1044 1499 4083
2327 2328 4084
66 68 4085
68 69 4086
1691 1928 4087
260 1477 4088
403 1700 4089
298 1149 4090
850 943 4091
66 69 4092
109 118 4093
218 1359 4094
65 68 4095
344 1475 4096
2340 2342 4097
220 1359 4098
652 1208 4099
258 260 4100
920 2509 4101
1162 1269 4102
2436 2437 4103
1600 2508 4104
72 1477 4105
1302 2187 4106
2160 2348 4107
233 2020 4108
412 1656 4109
770 1699 4110
218 222 4111
309 735 4112
1438 2008 4113
65 66 4114
1187 1470 4115
1486 1487 4116
309 952 4117
2053 2059 4118
373 377 4119
1517 2275 4120
1832 1835 4121
19 77 4122
976 2053 4123
65 69 4124
1294 2423 4125
470 1086 4126
1214 1277 4127
2341 2342 4128
1263 1947 4129
326 935 4130
440 1186 4131
1565 1738 4132
222 1359 4133
1420 2642 4134
1350 1351 4135
72 258 4136
255 2258 4137
308 1276 4138
1833 1835 4139
127 153 4140
943 944 4141
362 2198 4142
700 2531 4143
1112 1466 4144
481 2324 4145
2034 2035 4146
255 2260 4147
909 1286 4148
360 1709 4149
1342 1652 4150
127 152 4151
412 1070 4152
19 76 4153
222 1358 4154
397 1077 4155
1034 2428 4156
392 572 4157
226 2143 4158
112 114 4159
1340 1341 4160
1708 1710 4161
372 373 4162
412 1480 4163
259 1477 4164
690 758 4165
1302 2324 4166
816 937 4167
1555 1556 4168
128 153 4169
118 1511 4170
331 334 4171
264 964 4172
1031 1345 4173
2275 2331 4174
169 866 4175
141 770 4176
861 1449 4177
1438 2334 4178
2161 2348 4179
1261 2521 4180
1184 2012 4181
308 660 4182
481 1842 4183
1184 1524 4184
443 1263 4185
478 1184 4186
696 1007 4187
273 1062 4188
246 247 4189
219 1358 4190
1691 2640 4191
2334 2335 4192
276 1552 4193
1023 1053 4194
1414 1516 4195
494 1470 4196
816 2012 4197
1417 1418 4198
853 1518 4199
19 78 4200
2267 2269 4201
922 2345 4202
1143 1187 4203
1519 1844 4204
481 1973 4205
61 93 4206
412 1714 4207
412 1366 4208
481 2187 4209
127 128 4210
83 381 4211
364 1709 4212
1366 1835 4213
2034 2036 4214
1117 2327 4215
2258 2260 4216
659 2187 4217
1149 1844 4218
152 153 4219
425 427 4220
1438 2335 4221
218 1358 4222
308 1214 4223
429 1044 4224
918 2509 4225
580 1981 4226
41 80 4227
19 118 4228
976 2059 4229
918 2512 4230
1375 2331 4231
308 1494 4232
909 2325 4233
1358 1359 4234
354 418 4235
2268 2269 4236
412 1482 4237
727 1524 4238
220 1358 4239
397 1345 4240
64 1853 4241
128 152 4242
2267 2268 4243
217 222 4244
2118 2345 4245
1481 1482 4246
352 1475 4247
700 2529 4248
440 1524 4249
217 219 4250
266 409 4251
109 120 4252
360 1710 4253
308 411 4254
481 1840 4255
2266 2267 4256
1184 1470 4257
1405 1406 4258
2193 2267 4259
365 1710 4260
1263 1505 4261
365 1709 4262
340 971 4263
2341 2343 4264
308 823 4265
2193 2269 4266
298 1844 4267
2193 2268 4268
2266 2269 4269
1214 1494 4270
898 1484 4271
2265 2267 4272
383 1018 4273
1482 1483 4274
906 1478 4275
2265 2269 4276
206 1193 4277
323 324 4278
694 696 4279
119 1511 4280
217 220 4281
352 1476 4282
1480 1482 4283
1518 1520 4284
19 155 4285
364 1710 4286
1000 1001 4287
1044 1498 4288
96 1515 4289
414 1490 4290
696 2384 4291
1350 1485 4292
231 233 4293
263 1904 4294
397 1162 4295
258 1477 4296
970 1063 4297
1227 2323 4298
2505 2523 4299
217 218 4300
360 365 4301
334 1516 4302
412 1481 4303
95 96 4304
354 758 4305
1143 1184 4306
1841 1842 4307
19 1511 4308
943 945 4309
2340 2343 4310
35 103 4311
443 1260 4312
19 124 4313
1351 1352 4314
152 1509 4315
481 1920 4316
2266 2268 4317
1044 1502 4318
2034 2037 4319
1034 2651 4320
1302 1742 4321
1350 1353 4322
2228 2268 4323
690 1508 4324
323 326 4325
186 1856 4326
397 1856 4327
1981 2022 4328
1742 2187 4329
2193 2266 4330
360 1708 4331
696 1500 4332
2228 2267 4333
118 119 4334
937 2012 4335
334 1414 4336
898 968 4337
394 395 4338
1044 1497 4339
2265 2268 4340
215 1011 4341
1608 1611 4342
414 415 4343
1350 1352 4344
922 2118 4345
120 1511 4346
298 1519 4347
375 376 4348
313 365 4349
2035 2036 4350
403 1707 4351
1470 1533 4352
255 2691 4353
412 1483 4354
398 399 4355
760 1508 4356
1375 1517 4357
264 1559 4358
364 1708 4359
1023 1520 4360
1742 2324 4361
913 2524 4362
481 1742 4363
443 2517 4364
898 969 4365
1919 1921 4366
2265 2266 4367
19 120 4368
284 2121 4369
860 1554 4370
2193 2265 4371
226 1130 4372
372 374 4373
700 2530 4374
9 61 4375
238 368 4376
387 443 4377
1552 1553 4378
1839 1841 4379
1263 2517 4380
198 200 4381
254 2691 4382
2193 2228 4383
112 148 4384
481 1841 4385
1070 1482 4386
1480 1481 4387
64 115 4388
186 2516 4389
503 1491 4390
1840 1841 4391
2228 2269 4392
758 760 4393
2347 2348 4394
82 103 4395
412 1478 4396
313 1709 4397
364 365 4398
1184 1471 4399
96 107 4400
258 259 4401
758 1508 4402
1481 1483 4403
740 1292 4404
652 713 4405
1156 1611 4406
2228 2266 4407
1111 1466 4408
860 1421 4409
696 1268 4410
309 927 4411
1001 2336 4412
296 1436 4413
389 681 4414
740 2532 4415
33 82 4416
2228 2265 4417
365 1708 4418
816 1471 4419
1352 1353 4420
313 1710 4421
453 2420 4422
1849 1851 4423
360 364 4424
1350 2356 4425
1263 2521 4426
481 1919 4427
780 2187 4428
1366 1834 4429
429 873 4430
440 478 4431
1485 2356 4432
1044 1501 4433
352 414 4434
1260 2517 4435
1840 1842 4436
470 987 4437
759 1508 4438
1158 1517 4439
205 1001 4440
226 577 4441
49 155 4442
1143 1533 4443
1352 1485 4444
1832 1834 4445
795 797 4446
853 1519 4447
33 103 4448
19 2028 4449
309 423 4450
194 1512 4451
328 2631 4452
780 2324 4453
1151 2335 4454
2187 2324 4455
2510 2512 4456
1500 1502 4457
373 375 4458
2036 2037 4459
694 1268 4460
1478 2627 4461
1207 2561 4462
1469 1471 4463
375 377 4464
727 1471 4465
49 749 4466
340 758 4467
1117 2328 4468
470 472 4469
780 1742 4470
1366 1832 4471
740 2531 4472
118 120 4473
24 25 4474
1001 1034 4475
1268 1497 4476
313 360 4477
2038 2627 4478
1917 1921 4479
387 681 4480
1480 1483 4481
193 194 4482
114 115 4483
1263 1504 4484
166 167 4485
1139 1207 4486
727 1523 4487
2340 2341 4488
2035 2037 4489
1599 1600 4490
700 2528 4491
340 368 4492
1352 2356 4493
1487 1488 4494
1713 2304 4495
1839 1842 4496
481 1839 4497
1263 1925 4498
415 1490 4499
443 1504 4500
795 1854 4501
853 1023 4502
1157 1786 4503
478 2012 4504
1158 1159 4505
1292 2531 4506
196 200 4507
727 1184 4508
412 2539 4509
119 120 4510
429 1268 4511
2118 2344 4512
313 1708 4513
1151 2008 4514
1919 1973 4515
405 797 4516
453 816 4517
740 2530 4518
309 1479 4519
313 364 4520
759 760 4521
35 82 4522
405 1551 4523
2336 2651 4524
1920 1921 4525
1610 1611 4526
740 1716 4527
387 393 4528
727 1470 4529
1159 1517 4530
469 975 4531
1023 1518 4532
1151 2334 4533
1839 1840 4534
397 1031 4535
426 427 4536
1186 1469 4537
2344 2345 4538
321 354 4539
1832 1833 4540
283 284 4541
1366 1833 4542
1934 1935 4543
362 363 4544
740 2529 4545
1260 1504 4546
429 696 4547
470 471 4548
818 1568 4549
478 727 4550
943 2424 4551
389 572 4552
9 93 4553
1469 1470 4554
155 749 4555
360 362 4556
302 1438 4557
1151 1438 4558
450 2140 4559
700 1716 4560
397 2516 4561
19 2507 4562
1608 1610 4563
1920 1973 4564
399 473 4565
937 1533 4566
968 969 4567
1833 1834 4568
302 1023 4569
1470 1471 4570
1478 2038 4571
412 1526 4572
943 2522 4573
2531 2532 4574
557 1112 4575
1498 1499 4576
33 35 4577
193 1512 4578
362 364 4579
1111 1112 4580
1260 1925 4581
297 1449 4582
2526 2527 4583
440 1523 4584
694 873 4585
2333 2537 4586
371 376 4587
557 1111 4588
1143 1469 4589
19 49 4590
2028 2507 4591
1261 2517 4592
797 1854 4593
19 116 4594
362 365 4595
1598 1600 4596
1471 1524 4597
2509 2510 4598
361 365 4599
859 1449 4600
1292 2532 4601
2509 2512 4602
1184 1523 4603
440 1470 4604
363 365 4605
1917 1919 4606
1268 1498 4607
387 392 4608
360 363 4609
2512 2527 4610
387 1261 4611
740 2528 4612
1157 1503 4613
1007 2385 4614
2529 2531 4615
1499 1502 4616
1156 1610 4617
2194 2228 4618
1292 2530 4619
440 1471 4620
387 572 4621
873 1501 4622
313 362 4623
443 1261 4624
761 1549 4625
1517 2331 4626
1292 2529 4627
400 403 4628
453 1187 4629
1504 2517 4630
302 861 4631
1186 1470 4632
1292 1716 4633
344 414 4634
1143 1524 4635
1919 1920 4636
440 1143 4637
1143 1186 4638
1716 2532 4639
2512 2526 4640
696 1501 4641
190 192 4642
443 1925 4643
190 191 4644
964 1559 4645
1470 1524 4646
2529 2532 4647
478 1470 4648
2384 2385 4649
2344 2629 4650
694 1500 4651
727 1143 4652
296 1449 4653
1143 1470 4654
1497 1500 4655
2511 2512 4656
302 853 4657
1268 1501 4658
189 190 4659
370 376 4660
1917 1920 4661
313 363 4662
22 24 4663
189 192 4664
1007 2384 4665
19 749 4666
374 377 4667
1716 2531 4668
296 302 4669
363 364 4670
389 392 4671
761 2360 4672
1186 1471 4673
1546 1548 4674
1261 1504 4675
1475 1476 4676
1498 1500 4677
818 1567 4678
1143 1471 4679
1470 2012 4680
387 1504 4681
873 1498 4682
1117 1738 4683
302 2334 4684
1117 1182 4685
1500 1501 4686
696 1498 4687
696 1497 4688
1292 2528 4689
302 1151 4690
370 377 4691
296 1023 4692
373 374 4693
1471 1523 4694
2530 2532 4695
313 361 4696
478 1471 4697
387 2517 4698
1997 2505 4699
2528 2532 4700
206 207 4701
1523 1524 4702
167 169 4703
797 1551 4704
429 694 4705
797 2173 4706
1518 1519 4707
372 375 4708
429 1500 4709
873 1497 4710
2528 2531 4711
191 1937 4712
429 1501 4713
1716 2529 4714
284 1617 4715
371 373 4716
1498 1502 4717
1143 2012 4718
2530 2531 4719
1550 1551 4720
387 390 4721
1023 1519 4722
1408 2320 4723
1139 2561 4724
1156 1157 4725
22 25 4726
478 1524 4727
964 2005 4728
1478 1928 4729
1504 1925 4730
371 377 4731
761 762 4732
964 1495 4733
2528 2529 4734
232 2430 4735
387 389 4736
478 1143 4737
1023 1448 4738
964 1447 4739
1261 1925 4740
202 204 4741
296 853 4742
297 302 4743
2529 2530 4744
361 363 4745
694 1498 4746
309 311 4747
191 192 4748
1716 2530 4749
207 1542 4750
2320 2427 4751
387 1925 4752
1716 2528 4753
429 1497 4754
1182 1738 4755
789 790 4756
390 391 4757
429 1498 4758
1408 2427 4759
207 1541 4760
1470 1523 4761
1925 2517 4762
374 376 4763
694 1501 4764
964 1496 4765
38 1951 4766
387 391 4767
232 2020 4768
371 374 4769
1547 1548 4770
231 2430 4771
1001 2428 4772
296 1448 4773
94 584 4774
478 1523 4775
201 204 4776
23 24 4777
302 859 4778
1496 2005 4779
853 1448 4780
2050 2051 4781
23 25 4782
380 381 4783
189 191 4784
231 2020 4785
1436 1449 4786
20 24 4787
470 1130 4788
694 1497 4789
853 1449 4790
424 425 4791
38 94 4792
1023 1449 4793
2528 2530 4794
308 2625 4795
1447 1495 4796
1498 1501 4797
20 25 4798
309 422 4799
1598 1599 4800
1143 1523 4801
1497 1498 4802
370 373 4803
206 1541 4804
206 1542 4805
1495 1496 4806
168 169 4807
302 1436 4808
370 374 4809
231 232 4810
424 426 4811
167 168 4812
1497 1501 4813
371 375 4814
1920 2178 4815
1941 2007 4816
308 2626 4817
425 426 4818
1447 1496 4819
275 381 4820
1448 1449 4821
1919 2178 4822
374 375 4823
378 381 4824
1855 1900 4825
1940 2007 4826
302 1448 4827
1541 1542 4828
1597 2007 4829
308 2624 4830
411 2625 4831
302 1449 4832
1567 1568 4833
1855 1899 4834
277 381 4835
379 381 4836
411 2626 4837
1912 1913 4838
22 23 4839
1855 1912 4840
1899 1900 4841
1899 1912 4842
1941 2623 4843
411 2624 4844
1597 2623 4845
1940 2623 4846
201 202 4847
20 23 4848
370 375 4849
20 22 4850
378 380 4851
1990 2535 4852
379 380 4853
370 371 4854
1940 1941 4855
1597 1940 4856
1597 1941 4857
1942 2270 4858
378 379 4859
275 380 4860
277 380 4861
1990 1991 4862
2625 2626 4863
275 378 4864
277 378 4865
277 379 4866
2624 2625 4867
275 277 4868
275 379 4869
2624 2626 4870
