692 891 1
783 979 2
930 979 3
783 839 4
783 930 5
839 979 6
87 332 7
692 793 8
15 783 9
692 873 10
692 992 11
791 891 12
692 791 13
891 1002 14
692 1096 15
991 999 16
543 999 17
692 994 18
205 760 19
11 474 20
457 693 21
888 891 22
50 247 23
213 995 24
531 840 25
531 952 26
647 794 27
474 646 28
692 870 29
692 888 30
238 1102 31
762 855 32
432 722 33
610 891 34
286 632 35
742 764 36
205 723 37
213 240 38
238 803 39
762 966 40
240 871 41
609 995 42
940 1000 43
783 784 44
139 222 45
938 939 46
873 891 47
8 33 48
341 365 49
50 955 50
792 848 51
763 792 52
890 891 53
171 519 54
338 474 55
798 799 56
190 792 57
164 798 58
566 782 59
248 341 60
609 774 61
608 792 62
332 1099 63
87 1099 64
436 738 65
15 839 66
52 598 67
543 991 68
608 763 69
331 407 70
762 854 71
436 531 72
30 474 73
873 1096 74
763 837 75
213 763 76
436 840 77
213 609 78
457 818 79
940 1100 80
609 775 81
692 752 82
891 920 83
121 853 84
15 930 85
238 998 86
240 970 87
474 721 88
27 332 89
30 430 90
531 739 91
47 477 92
47 695 93
653 713 94
713 869 95
43 763 96
512 753 97
933 973 98
331 906 99
377 721 100
531 738 101
723 760 102
880 982 103
891 994 104
15 979 105
291 341 106
446 737 107
474 612 108
436 654 109
331 1074 110
647 795 111
254 752 112
785 933 113
837 1098 114
239 557 115
432 721 116
240 968 117
519 940 118
11 30 119
403 484 120
50 951 121
52 189 122
246 247 123
525 745 124
531 532 125
590 594 126
432 528 127
436 739 128
933 971 129
43 941 130
50 954 131
137 735 132
279 457 133
473 474 134
195 748 135
840 930 136
205 1072 137
536 537 138
254 692 139
238 743 140
331 332 141
881 982 142
720 721 143
190 963 144
404 1077 145
920 921 146
205 1079 147
969 970 148
840 952 149
164 799 150
239 756 151
455 734 152
213 871 153
793 888 154
52 206 155
30 759 156
892 895 157
933 1085 158
694 714 159
741 745 160
791 888 161
805 933 162
341 548 163
955 956 164
43 123 165
322 745 166
238 736 167
205 1071 168
350 735 169
21 598 170
123 125 171
407 714 172
225 849 173
519 817 174
873 895 175
407 694 176
968 970 177
43 837 178
159 741 179
171 877 180
213 346 181
50 956 182
557 762 183
646 721 184
839 930 185
954 956 186
981 982 187
8 872 188
159 745 189
852 853 190
971 1048 191
254 742 192
941 1078 193
892 896 194
117 206 195
566 770 196
43 213 197
933 1048 198
446 447 199
332 712 200
341 384 201
933 945 202
376 772 203
620 623 204
704 837 205
121 889 206
121 851 207
873 894 208
785 971 209
691 742 210
213 837 211
841 930 212
159 525 213
647 659 214
691 692 215
920 1002 216
247 781 217
610 920 218
827 828 219
536 557 220
954 955 221
121 852 222
455 856 223
52 117 224
436 952 225
557 966 226
887 892 227
43 1078 228
254 740 229
159 659 230
254 591 231
774 775 232
854 855 233
721 722 234
313 804 235
839 841 236
11 84 237
377 587 238
933 972 239
455 512 240
159 647 241
245 247 242
590 649 243
647 746 244
21 232 245
254 691 246
329 341 247
839 840 248
895 897 249
213 1076 250
531 654 251
689 692 252
27 87 253
828 967 254
43 359 255
159 322 256
894 897 257
933 1107 258
519 877 259
553 632 260
838 840 261
254 1110 262
511 512 263
474 482 264
892 894 265
726 772 266
8 650 267
620 653 268
254 258 269
254 1081 270
262 723 271
123 766 272
341 657 273
811 972 274
247 577 275
478 512 276
483 484 277
818 819 278
30 1097 279
873 994 280
213 792 281
543 971 282
159 588 283
115 837 284
101 200 285
376 726 286
43 115 287
332 822 288
430 759 289
322 741 290
468 682 291
422 512 292
874 933 293
882 982 294
840 841 295
204 205 296
738 739 297
171 464 298
213 608 299
461 814 300
574 771 301
838 930 302
384 519 303
503 834 304
210 519 305
251 742 306
254 757 307
1028 1113 308
115 213 309
468 628 310
623 653 311
794 800 312
871 962 313
445 958 314
972 973 315
231 946 316
388 389 317
772 831 318
376 831 319
553 786 320
976 978 321
254 797 322
159 746 323
512 586 324
771 830 325
50 198 326
341 397 327
948 972 328
404 405 329
773 776 330
11 744 331
455 727 332
920 922 333
571 572 334
828 996 335
792 837 336
610 1002 337
908 933 338
195 749 339
838 839 340
1081 1110 341
640 780 342
468 469 343
442 608 344
74 376 345
225 493 346
726 771 347
772 830 348
30 884 349
748 749 350
948 1007 351
291 648 352
894 895 353
83 84 354
873 896 355
127 477 356
113 705 357
771 831 358
8 477 359
588 656 360
851 852 361
254 1080 362
993 994 363
235 570 364
445 622 365
212 918 366
291 790 367
503 833 368
828 1108 369
50 675 370
50 101 371
212 454 372
770 782 373
87 733 374
189 206 375
594 929 376
896 897 377
50 754 378
116 206 379
247 1112 380
291 548 381
826 827 382
235 571 383
865 867 384
254 689 385
50 483 386
827 996 387
238 407 388
270 622 389
446 807 390
341 583 391
1080 1081 392
453 454 393
574 726 394
557 756 395
503 835 396
171 330 397
826 828 398
570 571 399
248 365 400
251 764 401
349 796 402
967 996 403
834 1004 404
349 620 405
118 622 406
231 232 407
474 475 408
339 557 409
421 422 410
377 386 411
834 835 412
171 210 413
977 978 414
653 728 415
248 648 416
21 499 417
253 254 418
123 767 419
195 780 420
773 777 421
37 171 422
474 481 423
1028 1069 424
588 659 425
833 835 426
850 1092 427
504 832 428
851 853 429
171 661 430
247 1050 431
155 254 432
254 322 433
52 543 434
239 342 435
67 299 436
446 457 437
653 654 438
972 986 439
244 468 440
232 946 441
195 529 442
11 579 443
164 788 444
746 770 445
504 834 446
832 835 447
8 974 448
52 546 449
251 252 450
455 733 451
482 601 452
407 947 453
571 758 454
704 843 455
880 881 456
159 656 457
455 478 458
993 1103 459
171 255 460
714 947 461
704 879 462
873 897 463
30 898 464
62 235 465
139 530 466
553 668 467
828 935 468
570 572 469
504 835 470
594 649 471
828 1109 472
313 1012 473
832 834 474
376 771 475
659 746 476
15 476 477
771 772 478
239 307 479
21 928 480
259 263 481
341 441 482
881 882 483
8 510 484
543 544 485
908 1048 486
171 472 487
239 553 488
805 1085 489
175 238 490
175 239 491
67 121 492
326 787 493
805 945 494
525 829 495
50 950 496
548 777 497
830 831 498
503 832 499
430 884 500
874 1048 501
900 902 502
430 898 503
553 724 504
159 655 505
74 831 506
175 553 507
239 724 508
976 977 509
121 299 510
919 997 511
125 335 512
948 986 513
113 212 514
982 1094 515
52 116 516
338 612 517
246 781 518
588 746 519
687 688 520
948 1093 521
704 923 522
30 549 523
52 545 524
247 844 525
833 834 526
411 445 527
52 544 528
921 922 529
60 313 530
805 874 531
894 896 532
15 50 533
503 504 534
171 462 535
581 719 536
948 1046 537
486 548 538
1071 1072 539
74 771 540
377 578 541
445 957 542
874 908 543
525 527 544
581 726 545
1108 1109 546
15 677 547
30 607 548
736 743 549
11 389 550
581 725 551
768 769 552
317 318 553
654 738 554
57 313 555
175 724 556
828 874 557
171 589 558
411 958 559
1083 1084 560
1027 1028 561
504 833 562
782 815 563
195 816 564
201 687 565
948 1005 566
11 683 567
766 767 568
805 908 569
499 928 570
64 405 571
235 236 572
8 836 573
204 407 574
525 526 575
11 939 576
116 544 577
208 560 578
451 605 579
202 291 580
948 1006 581
232 809 582
290 296 583
377 547 584
11 938 585
717 718 586
575 582 587
270 317 588
373 1028 589
175 786 590
754 755 591
832 833 592
291 385 593
477 510 594
814 927 595
895 896 596
212 1075 597
527 829 598
118 119 599
826 1087 600
194 270 601
313 944 602
715 718 603
212 663 604
640 883 605
456 765 606
201 688 607
268 270 608
445 678 609
715 717 610
15 469 611
212 931 612
387 388 613
654 739 614
655 656 615
13 50 616
212 932 617
640 1106 618
64 404 619
201 717 620
334 768 621
308 518 622
716 718 623
11 427 624
11 681 625
50 469 626
195 552 627
225 959 628
324 325 629
407 599 630
820 928 631
880 882 632
11 680 633
30 683 634
567 928 635
814 917 636
132 646 637
689 691 638
38 124 639
212 554 640
716 717 641
225 561 642
130 247 643
155 157 644
175 916 645
475 601 646
539 771 647
648 790 648
873 888 649
543 546 650
814 823 651
21 658 652
139 565 653
190 552 654
50 1073 655
116 543 656
232 664 657
212 535 658
372 461 659
11 549 660
341 1025 661
118 479 662
242 556 663
545 546 664
270 445 665
50 135 666
811 834 667
338 717 668
371 461 669
195 642 670
16 660 671
342 343 672
490 916 673
344 345 674
580 581 675
595 900 676
30 115 677
290 814 678
326 453 679
165 191 680
262 652 681
338 718 682
539 831 683
948 987 684
30 606 685
175 803 686
451 1104 687
270 318 688
526 527 689
725 726 690
241 242 691
225 234 692
445 491 693
481 482 694
632 850 695
11 54 696
473 475 697
1069 1113 698
345 480 699
347 457 700
165 788 701
198 483 702
116 545 703
475 482 704
270 354 705
573 574 706
326 454 707
50 1095 708
195 597 709
296 900 710
544 546 711
873 887 712
11 187 713
338 715 714
430 607 715
544 545 716
588 655 717
690 692 718
175 342 719
173 175 720
87 176 721
116 546 722
883 1106 723
499 567 724
547 578 725
414 566 726
194 268 727
345 461 728
469 628 729
180 195 730
445 943 731
174 175 732
242 407 733
1006 1007 734
11 387 735
175 668 736
598 1111 737
130 577 738
50 1105 739
175 490 740
262 778 741
928 1049 742
239 499 743
175 934 744
187 582 745
387 389 746
64 235 747
394 646 748
62 236 749
164 953 750
254 690 751
296 1008 752
221 222 753
187 191 754
69 242 755
813 814 756
323 325 757
139 357 758
52 563 759
334 769 760
204 242 761
213 533 762
337 338 763
191 582 764
199 560 765
212 555 766
805 1014 767
11 191 768
201 338 769
338 716 770
164 165 771
881 948 772
11 558 773
212 787 774
12 445 775
139 629 776
349 585 777
175 339 778
11 761 779
190 780 780
11 582 781
341 428 782
178 201 783
194 354 784
12 958 785
325 326 786
323 324 787
30 559 788
62 356 789
162 584 790
190 816 791
212 534 792
62 63 793
592 634 794
838 841 795
67 224 796
881 1094 797
430 606 798
165 424 799
181 182 800
715 716 801
778 965 802
132 961 803
175 499 804
199 202 805
41 195 806
187 575 807
605 627 808
57 804 809
778 779 810
8 964 811
190 767 812
11 821 813
190 195 814
50 476 815
11 575 816
211 1026 817
788 789 818
299 459 819
57 60 820
810 811 821
60 804 822
207 208 823
948 982 824
259 260 825
164 789 826
811 1090 827
220 222 828
689 690 829
67 568 830
181 498 831
805 1062 832
1013 1014 833
127 510 834
543 545 835
15 658 836
582 821 837
11 576 838
191 192 839
195 551 840
606 607 841
311 529 842
212 326 843
262 263 844
226 584 845
259 262 846
30 558 847
210 211 848
259 333 849
456 690 850
914 915 851
346 582 852
1032 1086 853
1033 1086 854
190 597 855
76 680 856
172 173 857
262 779 858
592 593 859
124 225 860
147 470 861
338 569 862
534 535 863
530 565 864
948 1094 865
90 414 866
165 420 867
262 651 868
94 95 869
324 326 870
805 1013 871
551 552 872
286 673 873
651 652 874
212 324 875
811 1082 876
987 1005 877
212 323 878
164 418 879
538 542 880
540 542 881
192 926 882
191 575 883
1032 1033 884
165 789 885
965 1083 886
162 226 887
212 540 888
1032 1035 889
54 558 890
234 561 891
260 262 892
538 539 893
63 64 894
167 168 895
349 684 896
605 878 897
228 648 898
346 821 899
887 888 900
593 634 901
90 188 902
407 454 903
60 108 904
121 179 905
605 625 906
49 1033 907
304 499 908
160 187 909
538 541 910
164 424 911
554 555 912
605 1104 913
169 301 914
62 64 915
130 175 916
20 308 917
184 185 918
64 356 919
690 765 920
349 812 921
811 1089 922
199 208 923
167 301 924
172 175 925
195 550 926
809 975 927
470 500 928
541 542 929
750 751 930
195 863 931
259 465 932
212 538 933
539 540 934
259 261 935
1089 1090 936
175 396 937
192 925 938
965 1084 939
164 420 940
475 481 941
926 1070 942
212 539 943
603 604 944
958 1047 945
130 599 946
202 203 947
466 467 948
585 684 949
239 873 950
262 334 951
180 190 952
678 1055 953
925 926 954
190 642 955
646 875 956
350 562 957
392 446 958
538 540 959
195 311 960
168 301 961
585 812 962
604 605 963
539 541 964
243 595 965
49 1032 966
669 672 967
499 924 968
190 551 969
337 569 970
911 1101 971
24 190 972
41 190 973
345 372 974
168 169 975
605 626 976
371 372 977
38 1015 978
166 301 979
8 161 980
74 539 981
20 919 982
611 913 983
8 413 984
539 542 985
64 236 986
124 428 987
212 542 988
166 168 989
320 321 990
167 169 991
228 230 992
323 326 993
899 914 994
105 658 995
212 541 996
684 812 997
540 541 998
166 167 999
347 349 1000
451 878 1001
654 669 1002
190 550 1003
38 340 1004
90 91 1005
92 307 1006
493 594 1007
164 419 1008
603 605 1009
140 1019 1010
262 465 1011
140 427 1012
15 500 1013
63 356 1014
358 671 1015
327 328 1016
250 594 1017
286 676 1018
190 311 1019
193 194 1020
238 239 1021
350 352 1022
38 126 1023
154 286 1024
245 246 1025
611 842 1026
165 423 1027
261 262 1028
358 672 1029
339 668 1030
340 562 1031
909 911 1032
38 77 1033
499 885 1034
41 311 1035
373 1027 1036
35 648 1037
261 465 1038
60 214 1039
307 458 1040
30 54 1041
345 371 1042
191 216 1043
24 195 1044
60 215 1045
212 325 1046
130 1050 1047
172 611 1048
226 227 1049
250 493 1050
214 215 1051
257 365 1052
428 441 1053
899 915 1054
20 320 1055
524 1055 1056
150 151 1057
11 893 1058
339 667 1059
24 311 1060
95 516 1061
351 352 1062
392 807 1063
441 583 1064
430 600 1065
632 633 1066
183 185 1067
220 221 1068
20 321 1069
669 670 1070
183 184 1071
305 307 1072
261 334 1073
616 1047 1074
670 672 1075
671 672 1076
630 632 1077
124 1025 1078
166 169 1079
93 95 1080
304 307 1081
11 140 1082
108 214 1083
92 95 1084
654 671 1085
151 196 1086
173 698 1087
250 349 1088
108 215 1089
228 685 1090
187 233 1091
654 672 1092
471 523 1093
411 899 1094
627 878 1095
24 377 1096
11 177 1097
616 958 1098
11 408 1099
358 670 1100
396 599 1101
1051 1052 1102
358 654 1103
669 671 1104
11 409 1105
99 240 1106
485 486 1107
427 602 1108
936 937 1109
339 666 1110
186 187 1111
229 230 1112
654 670 1113
491 957 1114
140 893 1115
670 671 1116
667 668 1117
937 1003 1118
50 85 1119
175 599 1120
190 863 1121
350 351 1122
45 67 1123
358 669 1124
92 516 1125
228 229 1126
172 174 1127
937 1051 1128
93 307 1129
441 747 1130
35 248 1131
38 39 1132
93 458 1133
93 516 1134
218 219 1135
846 847 1136
30 410 1137
141 144 1138
363 392 1139
92 93 1140
92 458 1141
141 166 1142
88 471 1143
458 516 1144
173 174 1145
625 627 1146
95 307 1147
348 349 1148
95 458 1149
172 463 1150
1 632 1151
307 495 1152
751 858 1153
1003 1051 1154
130 396 1155
1003 1052 1156
340 665 1157
937 1052 1158
177 256 1159
25 42 1160
336 338 1161
20 28 1162
259 334 1163
139 355 1164
90 521 1165
347 348 1166
148 218 1167
49 1036 1168
261 333 1169
9 30 1170
262 333 1171
149 218 1172
14 636 1173
140 177 1174
148 149 1175
2 888 1176
365 859 1177
423 424 1178
161 964 1179
140 227 1180
153 460 1181
365 1054 1182
67 223 1183
30 409 1184
164 423 1185
177 893 1186
256 257 1187
33 415 1188
49 1053 1189
177 227 1190
20 78 1191
177 257 1192
30 429 1193
228 248 1194
12 491 1195
333 334 1196
392 674 1197
414 415 1198
177 395 1199
307 516 1200
751 904 1201
144 166 1202
28 78 1203
45 223 1204
625 626 1205
550 863 1206
124 959 1207
365 860 1208
35 228 1209
353 426 1210
355 629 1211
3 34 1212
859 860 1213
406 407 1214
515 516 1215
249 250 1216
266 429 1217
750 858 1218
666 667 1219
666 668 1220
99 103 1221
426 427 1222
873 886 1223
886 888 1224
353 427 1225
678 679 1226
1 633 1227
33 414 1228
631 632 1229
54 410 1230
70 439 1231
99 100 1232
266 960 1233
1 631 1234
2 873 1235
845 846 1236
751 988 1237
149 197 1238
54 635 1239
160 237 1240
418 420 1241
429 960 1242
408 409 1243
54 409 1244
250 348 1245
8 412 1246
631 633 1247
9 408 1248
250 347 1249
416 500 1250
392 521 1251
99 218 1252
449 732 1253
751 990 1254
30 635 1255
3 319 1256
30 960 1257
630 633 1258
30 408 1259
70 146 1260
416 417 1261
145 508 1262
409 410 1263
1032 1036 1264
750 989 1265
419 420 1266
40 227 1267
750 904 1268
630 631 1269
90 392 1270
1 630 1271
30 293 1272
89 417 1273
89 416 1274
626 627 1275
9 409 1276
410 635 1277
9 11 1278
380 381 1279
750 980 1280
408 410 1281
858 904 1282
35 98 1283
76 1018 1284
76 1016 1285
409 635 1286
751 989 1287
1016 1017 1288
293 408 1289
751 980 1290
89 500 1291
750 846 1292
54 408 1293
54 293 1294
750 990 1295
9 54 1296
9 635 1297
750 988 1298
858 990 1299
1016 1018 1300
237 1023 1301
304 305 1302
9 293 1303
9 410 1304
858 989 1305
293 410 1306
408 635 1307
858 980 1308
293 409 1309
858 988 1310
293 635 1311
441 662 1312
439 508 1313
904 990 1314
988 989 1315
24 522 1316
30 266 1317
146 439 1318
751 846 1319
2 886 1320
40 249 1321
145 146 1322
846 904 1323
904 988 1324
904 989 1325
418 419 1326
989 990 1327
904 980 1328
980 990 1329
846 988 1330
412 413 1331
846 858 1332
846 989 1333
988 990 1334
1017 1018 1335
980 989 1336
846 990 1337
980 988 1338
846 980 1339
76 1017 1340
40 425 1341
145 439 1342
146 508 1343
