692 891 1
50 954 2
783 839 3
50 950 4
50 1073 5
610 891 6
50 951 7
50 135 8
190 792 9
50 675 10
87 332 11
50 955 12
50 85 13
50 1095 14
50 1105 15
783 930 16
839 979 17
13 50 18
11 474 19
15 783 20
783 979 21
50 247 22
50 469 23
50 956 24
436 531 25
436 840 26
50 483 27
15 839 28
50 198 29
873 891 30
930 979 31
15 50 32
692 994 33
692 793 34
692 888 35
11 187 36
692 870 37
762 854 38
891 920 39
50 754 40
891 1002 41
692 992 42
15 930 43
8 33 44
377 721 45
240 871 46
251 742 47
213 792 48
11 821 49
692 1096 50
839 930 51
15 979 52
15 469 53
50 101 54
536 557 55
762 855 56
164 165 57
213 240 58
840 952 59
213 763 60
254 692 61
692 791 62
692 752 63
43 763 64
474 721 65
763 792 66
891 994 67
791 891 68
213 608 69
338 474 70
201 338 71
30 474 72
201 717 73
610 920 74
890 891 75
121 851 76
531 840 77
254 1080 78
27 87 79
851 852 80
762 966 81
332 1099 82
955 956 83
11 30 84
341 441 85
553 632 86
27 332 87
43 123 88
839 840 89
50 476 90
608 763 91
838 839 92
190 963 93
248 365 94
531 952 95
43 115 96
839 841 97
880 982 98
531 654 99
159 525 100
854 855 101
291 341 102
338 612 103
239 557 104
851 853 105
566 782 106
115 213 107
792 848 108
557 756 109
159 741 110
954 955 111
121 889 112
940 1000 113
436 654 114
920 921 115
43 213 116
262 778 117
441 747 118
571 758 119
838 930 120
43 941 121
240 970 122
213 609 123
213 837 124
888 891 125
646 721 126
338 717 127
557 762 128
933 971 129
598 1111 130
121 852 131
159 745 132
21 232 133
201 687 134
407 714 135
840 930 136
881 982 137
87 1099 138
691 692 139
201 688 140
341 548 141
933 973 142
428 441 143
834 1004 144
895 896 145
940 1100 146
785 933 147
783 784 148
841 930 149
894 896 150
920 922 151
882 982 152
115 837 153
954 956 154
873 895 155
164 799 156
474 646 157
566 770 158
689 692 159
692 873 160
610 1002 161
159 322 162
205 1079 163
322 741 164
240 968 165
894 895 166
457 693 167
838 840 168
254 1081 169
519 940 170
873 894 171
11 582 172
896 897 173
213 1076 174
653 713 175
837 1098 176
198 483 177
436 738 178
15 677 179
121 179 180
920 1002 181
436 739 182
441 662 183
543 971 184
763 837 185
852 853 186
213 871 187
468 469 188
972 973 189
159 647 190
339 557 191
254 691 192
873 896 193
175 239 194
121 853 195
455 512 196
225 849 197
785 971 198
239 756 199
411 958 200
504 834 201
238 743 202
895 897 203
239 342 204
337 338 205
933 972 206
407 694 207
871 962 208
254 757 209
469 628 210
473 474 211
892 896 212
52 206 213
231 232 214
468 628 215
741 745 216
1080 1081 217
474 612 218
43 837 219
694 714 220
892 895 221
254 1110 222
248 341 223
190 597 224
43 359 225
155 254 226
704 923 227
11 575 228
52 189 229
254 322 230
726 771 231
11 683 232
190 816 233
441 583 234
525 745 235
840 841 236
205 1071 237
455 727 238
748 749 239
894 897 240
336 338 241
742 764 242
213 995 243
436 952 244
921 922 245
195 749 246
253 254 247
322 745 248
933 1107 249
225 959 250
746 770 251
341 428 252
43 1078 253
376 726 254
159 746 255
892 894 256
52 117 257
52 598 258
981 982 259
689 690 260
254 740 261
341 365 262
238 803 263
238 407 264
908 933 265
993 994 266
87 733 267
880 882 268
190 767 269
329 341 270
376 771 271
791 888 272
235 571 273
338 716 274
117 206 275
504 832 276
570 571 277
933 945 278
503 834 279
805 908 280
254 690 281
543 999 282
834 835 283
251 252 284
270 445 285
164 798 286
833 834 287
887 892 288
659 746 289
726 772 290
832 834 291
254 752 292
247 844 293
251 764 294
254 797 295
573 574 296
873 994 297
239 499 298
557 966 299
574 726 300
432 721 301
455 734 302
30 759 303
121 299 304
205 1072 305
376 831 306
445 622 307
503 832 308
232 809 309
11 744 310
164 789 311
190 642 312
74 376 313
771 831 314
503 504 315
11 549 316
213 533 317
338 715 318
247 1112 319
341 583 320
470 500 321
411 445 322
525 829 323
205 760 324
30 884 325
543 991 326
512 586 327
338 569 328
235 570 329
715 717 330
474 482 331
720 721 332
178 201 333
124 428 334
238 239 335
67 121 336
15 500 337
180 190 338
805 874 339
231 946 340
342 343 341
15 658 342
406 407 343
880 881 344
933 1085 345
714 947 346
445 678 347
691 742 348
838 841 349
771 830 350
519 877 351
608 792 352
175 803 353
456 690 354
407 947 355
478 512 356
832 833 357
8 412 358
175 786 359
407 599 360
238 736 361
455 478 362
341 384 363
511 512 364
164 953 365
30 683 366
519 817 367
504 835 368
713 869 369
798 799 370
721 722 371
8 161 372
159 656 373
609 774 374
687 688 375
809 975 376
124 225 377
504 833 378
52 563 379
483 484 380
254 742 381
8 964 382
164 420 383
232 946 384
341 657 385
536 537 386
30 898 387
531 738 388
933 1048 389
512 753 390
159 588 391
982 1094 392
202 291 393
828 874 394
238 1102 395
792 837 396
341 397 397
210 519 398
242 407 399
503 833 400
811 972 401
874 933 402
21 928 403
332 712 404
574 771 405
832 835 406
445 943 407
239 553 408
247 781 409
553 668 410
716 717 411
971 1048 412
11 54 413
11 558 414
11 681 415
239 724 416
291 548 417
74 771 418
820 928 419
873 1096 420
874 1048 421
588 659 422
332 822 423
11 579 424
212 454 425
690 765 426
8 974 427
116 206 428
1071 1072 429
828 1108 430
455 733 431
499 567 432
503 835 433
445 958 434
647 659 435
948 972 436
175 342 437
690 692 438
571 572 439
212 534 440
474 481 441
570 572 442
338 718 443
195 748 444
232 664 445
377 578 446
159 659 447
647 746 448
474 475 449
8 650 450
704 879 451
525 527 452
543 546 453
213 346 454
247 1050 455
771 772 456
874 908 457
8 872 458
455 856 459
172 611 460
189 206 461
225 561 462
262 651 463
8 413 464
811 834 465
446 457 466
238 998 467
531 739 468
793 888 469
30 549 470
11 576 471
175 724 472
493 594 473
830 831 474
205 723 475
247 577 476
531 532 477
609 775 478
1081 1110 479
689 691 480
772 831 481
190 311 482
254 689 483
239 307 484
653 654 485
881 882 486
805 933 487
609 995 488
725 726 489
770 782 490
162 584 491
948 986 492
190 552 493
376 772 494
8 836 495
11 761 496
567 928 497
873 897 498
52 546 499
717 718 500
11 191 501
11 387 502
175 916 503
1108 1109 504
130 247 505
486 548 506
525 526 507
132 646 508
270 622 509
30 115 510
704 843 511
833 835 512
972 986 513
826 827 514
212 787 515
212 554 516
218 219 517
581 726 518
113 705 519
21 598 520
155 157 521
407 454 522
911 1101 523
105 658 524
202 203 525
350 562 526
175 934 527
244 468 528
1028 1113 529
341 1025 530
654 738 531
290 814 532
124 959 533
41 190 534
116 545 535
337 569 536
553 724 537
828 1109 538
116 546 539
262 652 540
377 587 541
457 818 542
715 716 543
195 529 544
326 787 545
475 601 546
165 420 547
377 386 548
456 765 549
594 649 550
15 476 551
171 877 552
195 311 553
262 779 554
11 389 555
165 789 556
291 790 557
475 482 558
588 746 559
30 54 560
392 446 561
147 470 562
605 627 563
38 124 564
993 1103 565
116 543 566
159 655 567
345 480 568
575 582 569
640 1106 570
445 491 571
149 218 572
225 234 573
948 1007 574
123 766 575
640 883 576
778 965 577
228 248 578
716 718 579
928 1049 580
468 682 581
331 407 582
377 547 583
445 957 584
543 545 585
212 663 586
482 601 587
195 816 588
262 263 589
175 490 590
881 948 591
627 878 592
123 125 593
21 499 594
225 493 595
113 212 596
344 345 597
553 786 598
948 1005 599
11 84 600
968 970 601
52 543 602
291 385 603
199 202 604
490 916 605
187 582 606
654 739 607
640 780 608
545 546 609
451 878 610
262 723 611
384 519 612
547 578 613
30 558 614
590 594 615
89 500 616
54 558 617
212 932 618
774 775 619
8 510 620
164 424 621
772 830 622
814 927 623
991 999 624
651 652 625
883 1106 626
195 597 627
331 332 628
262 333 629
908 1048 630
190 780 631
977 978 632
611 913 633
175 499 634
948 1093 635
204 205 636
754 755 637
204 407 638
948 987 639
212 931 640
254 591 641
544 546 642
647 794 643
736 743 644
174 175 645
208 560 646
130 1050 647
199 560 648
588 656 649
52 545 650
526 527 651
625 627 652
87 176 653
124 1025 654
788 789 655
191 582 656
212 326 657
850 1092 658
246 247 659
941 1078 660
35 248 661
976 977 662
881 1094 663
190 551 664
326 454 665
543 544 666
551 552 667
544 545 668
590 649 669
326 453 670
123 767 671
548 777 672
647 795 673
187 191 674
212 918 675
582 821 676
340 562 677
190 863 678
948 1046 679
212 1075 680
499 928 681
349 585 682
678 1055 683
257 365 684
74 539 685
987 1005 686
279 457 687
149 197 688
715 718 689
403 484 690
813 814 691
60 313 692
594 929 693
132 961 694
172 463 695
432 528 696
432 722 697
187 575 698
349 796 699
254 258 700
349 812 701
814 917 702
1028 1069 703
588 655 704
453 454 705
116 544 706
175 599 707
585 684 708
57 60 709
212 535 710
12 445 711
167 169 712
422 512 713
605 1104 714
648 790 715
30 1097 716
45 223 717
1069 1113 718
473 475 719
99 240 720
313 1012 721
212 555 722
394 646 723
261 262 724
24 377 725
139 357 726
346 582 727
810 811 728
311 529 729
461 814 730
948 1006 731
530 565 732
67 299 733
168 169 734
371 372 735
139 565 736
782 815 737
130 577 738
723 760 739
180 195 740
299 459 741
373 1028 742
611 842 743
814 823 744
21 658 745
69 242 746
167 168 747
204 242 748
260 262 749
346 821 750
57 313 751
166 301 752
387 389 753
646 875 754
976 978 755
11 939 756
887 888 757
805 945 758
171 519 759
948 1094 760
340 665 761
826 1087 762
524 1055 763
313 944 764
581 725 765
750 751 766
948 982 767
60 804 768
653 728 769
164 788 770
539 541 771
349 684 772
8 477 773
30 559 774
485 486 775
41 195 776
60 215 777
164 423 778
76 680 779
57 804 780
623 653 781
148 218 782
171 589 783
139 530 784
162 226 785
826 828 786
192 925 787
416 500 788
139 355 789
914 915 790
539 542 791
30 607 792
527 829 793
1083 1084 794
291 648 795
24 195 796
811 1082 797
1089 1090 798
125 335 799
262 465 800
52 544 801
165 788 802
195 552 803
738 739 804
94 95 805
778 779 806
414 566 807
580 581 808
873 887 809
166 168 810
11 680 811
169 301 812
372 461 813
166 169 814
873 888 815
234 561 816
313 804 817
655 656 818
466 467 819
585 812 820
773 777 821
323 325 822
248 648 823
235 236 824
167 301 825
191 575 826
226 584 827
24 522 828
141 166 829
52 116 830
37 171 831
259 262 832
481 482 833
175 553 834
242 556 835
604 605 836
350 352 837
139 629 838
9 11 839
349 620 840
442 608 841
210 211 842
144 166 843
246 781 844
268 270 845
141 144 846
241 242 847
446 807 848
118 622 849
380 381 850
539 540 851
195 642 852
538 539 853
818 819 854
74 831 855
938 939 856
195 780 857
1013 1014 858
101 200 859
168 301 860
515 516 861
554 555 862
324 325 863
909 911 864
261 333 865
171 462 866
24 190 867
296 900 868
919 997 869
451 1104 870
581 719 871
1006 1007 872
171 464 873
603 604 874
451 605 875
811 1090 876
805 1014 877
2 886 878
130 599 879
965 1084 880
969 970 881
166 167 882
172 173 883
175 238 884
250 493 885
1027 1028 886
211 1026 887
261 465 888
828 967 889
541 542 890
392 521 891
171 472 892
323 324 893
794 800 894
199 208 895
805 1013 896
11 893 897
212 542 898
475 481 899
886 888 900
805 1085 901
90 91 902
171 330 903
350 735 904
430 759 905
90 521 906
430 884 907
620 653 908
1032 1086 909
308 518 910
704 837 911
67 223 912
239 873 913
171 661 914
684 812 915
249 250 916
626 627 917
603 605 918
538 542 919
88 471 920
412 413 921
534 535 922
1003 1051 923
304 499 924
259 263 925
334 768 926
371 461 927
259 465 928
212 540 929
212 541 930
243 595 931
411 899 932
1003 1052 933
41 311 934
1051 1052 935
632 850 936
67 568 937
226 227 938
965 1083 939
325 326 940
538 541 941
148 149 942
165 424 943
427 602 944
24 311 945
45 67 946
539 831 947
540 542 948
350 351 949
345 372 950
392 807 951
926 1070 952
414 415 953
446 447 954
183 184 955
616 1047 956
67 224 957
333 334 958
365 1054 959
899 914 960
212 539 961
171 210 962
38 340 963
212 325 964
925 926 965
192 926 966
827 996 967
60 108 968
172 174 969
207 208 970
195 863 971
540 541 972
256 257 973
421 422 974
212 538 975
140 427 976
345 461 977
355 629 978
108 215 979
64 235 980
320 321 981
12 958 982
430 898 983
1032 1033 984
90 188 985
154 286 986
190 195 987
538 540 988
11 409 989
220 221 990
491 957 991
828 996 992
1033 1086 993
20 308 994
130 396 995
60 214 996
550 863 997
667 668 998
899 915 999
245 246 1000
595 900 1001
766 767 1002
173 174 1003
616 958 1004
1032 1035 1005
261 334 1006
62 235 1007
191 192 1008
958 1047 1009
33 415 1010
184 185 1011
108 214 1012
173 175 1013
307 458 1014
30 606 1015
214 215 1016
345 371 1017
471 523 1018
430 600 1019
286 632 1020
632 633 1021
92 93 1022
127 477 1023
900 902 1024
324 326 1025
654 672 1026
92 516 1027
670 672 1028
334 769 1029
339 667 1030
193 194 1031
212 324 1032
165 191 1033
827 828 1034
127 510 1035
250 347 1036
671 672 1037
90 392 1038
38 39 1039
290 296 1040
139 222 1041
670 671 1042
195 551 1043
11 938 1044
323 326 1045
30 430 1046
183 185 1047
229 230 1048
606 607 1049
93 516 1050
605 625 1051
666 668 1052
773 776 1053
194 354 1054
339 668 1055
446 737 1056
625 626 1057
38 77 1058
181 182 1059
212 323 1060
221 222 1061
363 392 1062
92 307 1063
181 498 1064
339 666 1065
92 458 1066
259 261 1067
768 769 1068
11 408 1069
358 671 1070
93 458 1071
38 1015 1072
358 672 1073
140 1019 1074
194 270 1075
430 607 1076
404 1077 1077
669 672 1078
245 247 1079
396 599 1080
678 679 1081
936 937 1082
304 307 1083
305 307 1084
307 495 1085
654 671 1086
171 255 1087
605 878 1088
937 1052 1089
373 1027 1090
811 1089 1091
20 321 1092
165 423 1093
95 516 1094
805 1062 1095
99 218 1096
259 333 1097
669 671 1098
358 670 1099
828 935 1100
160 237 1101
426 427 1102
93 307 1103
250 594 1104
873 886 1105
418 420 1106
286 676 1107
30 409 1108
164 418 1109
20 919 1110
499 924 1111
669 670 1112
347 349 1113
220 222 1114
270 318 1115
654 669 1116
654 670 1117
118 119 1118
351 352 1119
477 510 1120
118 479 1121
14 636 1122
175 339 1123
228 230 1124
262 334 1125
270 354 1126
353 426 1127
499 885 1128
430 606 1129
228 685 1130
25 42 1131
175 668 1132
416 417 1133
358 669 1134
259 260 1135
286 673 1136
846 847 1137
859 860 1138
92 95 1139
296 1008 1140
140 227 1141
358 654 1142
458 516 1143
47 477 1144
631 632 1145
11 427 1146
317 318 1147
228 229 1148
62 236 1149
150 151 1150
173 698 1151
392 674 1152
175 396 1153
845 846 1154
130 175 1155
539 771 1156
83 84 1157
228 648 1158
95 458 1159
250 349 1160
99 100 1161
666 667 1162
937 1051 1163
35 228 1164
95 307 1165
93 95 1166
47 695 1167
190 550 1168
592 593 1169
12 491 1170
365 860 1171
161 964 1172
151 196 1173
937 1003 1174
35 648 1175
140 893 1176
187 233 1177
750 904 1178
348 349 1179
11 177 1180
307 516 1181
160 187 1182
49 1033 1183
99 103 1184
331 1074 1185
631 633 1186
259 334 1187
365 859 1188
38 126 1189
449 732 1190
20 320 1191
347 348 1192
30 635 1193
423 424 1194
177 257 1195
191 216 1196
137 735 1197
89 417 1198
630 633 1199
751 904 1200
1 633 1201
250 348 1202
270 317 1203
353 427 1204
967 996 1205
327 328 1206
750 990 1207
70 439 1208
605 626 1209
388 389 1210
1032 1036 1211
186 187 1212
1016 1018 1213
30 410 1214
40 227 1215
153 460 1216
750 858 1217
30 960 1218
751 990 1219
1 632 1220
2 888 1221
404 405 1222
419 420 1223
630 631 1224
1017 1018 1225
20 28 1226
54 409 1227
9 30 1228
33 414 1229
630 632 1230
593 634 1231
195 550 1232
54 635 1233
164 419 1234
177 227 1235
751 858 1236
750 980 1237
49 1053 1238
387 388 1239
409 635 1240
410 635 1241
1 631 1242
865 867 1243
54 410 1244
750 989 1245
592 634 1246
2 873 1247
347 457 1248
30 408 1249
304 305 1250
89 416 1251
76 1018 1252
64 236 1253
331 906 1254
904 990 1255
70 146 1256
30 293 1257
35 98 1258
3 319 1259
9 635 1260
409 410 1261
750 846 1262
408 635 1263
3 34 1264
237 1023 1265
64 405 1266
1 630 1267
20 78 1268
9 54 1269
16 660 1270
30 429 1271
177 893 1272
9 410 1273
49 1032 1274
146 439 1275
177 256 1276
751 980 1277
194 268 1278
439 508 1279
751 989 1280
293 635 1281
418 419 1282
750 988 1283
989 990 1284
49 1036 1285
62 356 1286
11 140 1287
408 410 1288
980 990 1289
408 409 1290
54 408 1291
620 623 1292
751 988 1293
293 410 1294
858 990 1295
28 78 1296
172 175 1297
9 409 1298
145 508 1299
846 990 1300
751 846 1301
1016 1017 1302
54 293 1303
988 990 1304
904 989 1305
40 425 1306
64 404 1307
63 356 1308
146 508 1309
293 409 1310
40 249 1311
858 904 1312
9 408 1313
9 293 1314
904 980 1315
293 408 1316
145 439 1317
904 988 1318
62 64 1319
858 989 1320
980 989 1321
177 395 1322
846 858 1323
988 989 1324
140 177 1325
846 904 1326
76 1017 1327
90 414 1328
858 980 1329
145 146 1330
429 960 1331
846 980 1332
846 989 1333
846 988 1334
980 988 1335
266 429 1336
858 988 1337
30 266 1338
64 356 1339
266 960 1340
62 63 1341
76 1016 1342
63 64 1343
