183 185 1
183 184 2
184 185 3
783 979 4
839 979 5
993 994 6
610 920 7
692 891 8
610 1002 9
891 920 10
891 1002 11
783 839 12
213 609 13
692 793 14
791 891 15
692 994 16
692 888 17
190 792 18
692 992 19
930 979 20
692 1096 21
871 962 22
205 760 23
543 991 24
238 803 25
954 955 26
436 531 27
920 1002 28
954 956 29
592 634 30
610 891 31
240 871 32
338 474 33
993 1103 34
238 239 35
175 238 36
531 840 37
692 873 38
238 1102 39
851 853 40
377 721 41
746 770 42
891 994 43
205 723 44
840 952 45
213 792 46
290 296 47
21 232 48
920 921 49
692 870 50
213 240 51
991 999 52
851 852 53
692 752 54
792 848 55
794 800 56
920 922 57
296 900 58
296 1008 59
783 930 60
139 222 61
798 799 62
175 803 63
474 612 64
30 474 65
571 758 66
955 956 67
171 519 68
469 628 69
721 722 70
852 853 71
11 187 72
232 664 73
543 999 74
201 717 75
50 955 76
213 608 77
474 721 78
593 634 79
164 799 80
201 338 81
21 928 82
890 891 83
248 341 84
436 840 85
238 998 86
531 738 87
692 791 88
232 809 89
713 869 90
213 995 91
240 970 92
436 738 93
338 612 94
888 891 95
50 954 96
43 763 97
403 484 98
592 593 99
723 760 100
499 928 101
839 930 102
205 1079 103
11 84 104
512 753 105
15 979 106
213 763 107
238 407 108
933 971 109
11 474 110
531 952 111
553 632 112
232 946 113
646 721 114
691 692 115
11 30 116
15 839 117
15 930 118
238 743 119
793 888 120
919 997 121
101 200 122
213 871 123
838 930 124
933 973 125
113 212 126
763 792 127
446 447 128
446 807 129
512 586 130
785 971 131
43 123 132
213 533 133
239 342 134
432 528 135
873 891 136
873 994 137
175 239 138
231 232 139
436 739 140
609 995 141
238 736 142
838 839 143
43 941 144
239 557 145
240 968 146
15 783 147
574 771 148
940 1100 149
432 722 150
511 512 151
968 970 152
436 654 153
159 322 154
531 739 155
121 853 156
809 975 157
262 779 158
754 755 159
175 339 160
446 737 161
455 856 162
608 792 163
940 1000 164
442 608 165
791 888 166
239 756 167
213 1076 168
246 247 169
455 734 170
892 895 171
531 532 172
407 714 173
1080 1081 174
881 882 175
11 579 176
873 1096 177
778 779 178
834 1004 179
27 332 180
763 837 181
213 346 182
175 668 183
647 746 184
205 1072 185
895 896 186
567 928 187
11 680 188
50 956 189
376 771 190
720 721 191
971 1048 192
892 894 193
455 478 194
11 576 195
892 896 196
726 771 197
785 933 198
894 895 199
921 922 200
11 683 201
647 794 202
880 882 203
436 952 204
213 837 205
254 752 206
205 1071 207
783 784 208
20 919 209
254 692 210
566 770 211
838 840 212
590 594 213
647 795 214
608 763 215
805 933 216
159 741 217
175 553 218
468 469 219
474 646 220
840 930 221
331 332 222
837 1098 223
246 781 224
928 1049 225
376 772 226
647 659 227
941 1078 228
15 469 229
933 1107 230
43 1078 231
432 721 232
43 213 233
21 598 234
322 741 235
839 841 236
478 512 237
239 724 238
11 744 239
407 694 240
455 733 241
792 837 242
839 840 243
880 982 244
908 933 245
159 525 246
123 766 247
290 814 248
762 966 249
933 972 250
543 971 251
43 359 252
407 947 253
736 743 254
841 930 255
882 982 256
159 647 257
50 101 258
332 822 259
820 928 260
99 240 261
694 714 262
254 691 263
896 897 264
814 927 265
239 307 266
11 761 267
286 676 268
190 780 269
659 746 270
430 759 271
30 1097 272
969 970 273
828 967 274
171 877 275
204 205 276
525 745 277
933 1048 278
123 767 279
714 947 280
313 804 281
933 945 282
1081 1110 283
254 740 284
524 1055 285
874 933 286
880 881 287
322 745 288
828 935 289
376 831 290
574 726 291
121 851 292
376 726 293
239 499 294
332 712 295
653 713 296
11 681 297
210 519 298
455 727 299
87 332 300
1108 1109 301
43 837 302
770 782 303
149 197 304
894 896 305
11 821 306
461 814 307
813 814 308
171 462 309
218 219 310
483 484 311
771 831 312
771 772 313
113 705 314
828 996 315
15 677 316
827 996 317
11 549 318
159 745 319
262 778 320
231 946 321
8 872 322
689 692 323
814 917 324
826 827 325
553 668 326
771 830 327
331 906 328
609 775 329
247 1112 330
557 762 331
726 772 332
772 830 333
11 558 334
422 512 335
171 255 336
262 723 337
254 690 338
468 628 339
553 786 340
171 210 341
430 607 342
377 587 343
609 774 344
332 1099 345
570 571 346
838 841 347
933 1085 348
30 683 349
338 569 350
531 654 351
499 567 352
741 745 353
850 1092 354
247 844 355
455 512 356
557 966 357
247 781 358
778 965 359
1071 1072 360
519 877 361
573 574 362
738 739 363
588 746 364
772 831 365
11 582 366
74 771 367
159 588 368
967 996 369
254 1080 370
445 622 371
11 389 372
121 852 373
981 982 374
89 417 375
762 854 376
503 504 377
1069 1113 378
331 1074 379
982 1094 380
762 855 381
118 119 382
139 530 383
148 149 384
826 1087 385
50 1073 386
159 659 387
254 1081 388
339 557 389
788 789 390
87 733 391
21 499 392
118 622 393
171 464 394
519 940 395
773 776 396
828 1109 397
15 500 398
175 490 399
827 828 400
254 797 401
339 668 402
159 746 403
148 218 404
504 834 405
304 499 406
830 831 407
814 823 408
826 828 409
895 897 410
377 578 411
503 834 412
588 659 413
911 1101 414
504 832 415
805 1085 416
894 897 417
834 835 418
239 553 419
377 386 420
270 622 421
1028 1113 422
60 313 423
536 557 424
689 691 425
828 1108 426
832 834 427
175 916 428
406 407 429
840 841 430
416 417 431
881 982 432
195 780 433
976 978 434
715 718 435
149 218 436
171 589 437
247 1050 438
773 777 439
503 832 440
171 330 441
201 688 442
504 833 443
557 756 444
11 387 445
11 427 446
175 342 447
208 560 448
377 547 449
833 834 450
30 549 451
89 416 452
571 572 453
874 1048 454
446 457 455
304 305 456
190 767 457
503 833 458
254 689 459
349 796 460
594 649 461
123 125 462
805 945 463
164 798 464
553 724 465
887 892 466
43 115 467
1028 1069 468
254 322 469
239 873 470
338 716 471
976 977 472
50 247 473
50 469 474
342 343 475
570 572 476
247 577 477
503 835 478
245 246 479
640 780 480
11 54 481
52 543 482
338 715 483
908 1048 484
654 738 485
175 724 486
159 655 487
37 171 488
178 201 489
194 268 490
204 242 491
30 607 492
116 206 493
164 788 494
886 888 495
490 916 496
52 206 497
171 661 498
99 218 499
594 929 500
11 575 501
338 717 502
805 874 503
504 835 504
536 537 505
60 804 506
873 888 507
30 558 508
715 716 509
473 474 510
716 717 511
171 472 512
334 769 513
241 242 514
50 754 515
338 718 516
486 548 517
715 717 518
270 445 519
331 407 520
654 739 521
74 376 522
164 789 523
588 655 524
653 654 525
725 726 526
304 307 527
474 482 528
525 527 529
766 767 530
336 338 531
832 833 532
52 563 533
159 656 534
57 804 535
768 769 536
651 652 537
52 544 538
175 934 539
16 660 540
977 978 541
54 558 542
525 829 543
900 902 544
690 692 545
543 545 546
717 718 547
411 445 548
116 544 549
132 646 550
341 365 551
588 656 552
262 652 553
474 475 554
854 855 555
201 687 556
130 247 557
392 446 558
811 834 559
11 939 560
50 950 561
242 407 562
525 526 563
543 544 564
716 718 565
11 191 566
678 1055 567
407 599 568
457 693 569
874 908 570
242 556 571
254 1110 572
833 835 573
21 658 574
262 651 575
519 817 576
115 837 577
30 115 578
11 938 579
235 571 580
482 601 581
115 213 582
805 908 583
832 835 584
30 759 585
341 1025 586
286 673 587
421 422 588
199 560 589
430 884 590
539 771 591
590 649 592
175 499 593
207 208 594
291 341 595
190 552 596
653 728 597
345 461 598
485 486 599
50 951 600
99 103 601
543 546 602
818 819 603
883 1106 604
190 963 605
50 1095 606
139 565 607
11 893 608
199 208 609
30 430 610
646 875 611
52 598 612
190 816 613
349 585 614
38 124 615
204 407 616
175 786 617
121 889 618
873 894 619
948 1007 620
2 888 621
89 500 622
774 775 623
116 546 624
116 543 625
235 570 626
334 768 627
118 479 628
445 943 629
544 545 630
530 565 631
887 888 632
193 194 633
139 357 634
248 365 635
60 214 636
194 270 637
189 206 638
262 263 639
52 546 640
210 211 641
326 453 642
259 334 643
52 545 644
972 973 645
130 1050 646
50 675 647
453 454 648
99 100 649
30 54 650
430 898 651
130 577 652
394 646 653
254 757 654
499 885 655
611 842 656
260 262 657
1006 1007 658
8 836 659
333 334 660
50 85 661
69 242 662
547 578 663
655 656 664
11 140 665
457 818 666
605 627 667
195 552 668
372 461 669
116 545 670
50 1105 671
57 313 672
194 354 673
456 765 674
881 1094 675
50 198 676
124 428 677
187 191 678
57 60 679
828 874 680
805 1014 681
279 457 682
60 215 683
445 958 684
329 341 685
27 87 686
341 548 687
581 726 688
327 328 689
15 476 690
165 788 691
1027 1028 692
52 117 693
229 230 694
254 591 695
262 334 696
60 108 697
605 1104 698
544 546 699
873 895 700
108 214 701
326 454 702
214 215 703
948 1046 704
162 584 705
259 263 706
468 682 707
551 552 708
689 690 709
180 190 710
139 629 711
805 1062 712
690 765 713
320 321 714
1032 1033 715
640 883 716
873 887 717
346 821 718
195 816 719
471 523 720
384 519 721
124 1025 722
2 873 723
8 974 724
259 260 725
582 821 726
52 189 727
83 84 728
873 896 729
225 234 730
20 321 731
810 811 732
475 482 733
948 982 734
805 1013 735
87 1099 736
411 958 737
948 1094 738
475 601 739
545 546 740
286 632 741
195 597 742
456 690 743
873 886 744
346 582 745
691 742 746
30 559 747
52 116 748
451 605 749
190 597 750
11 409 751
228 248 752
474 481 753
873 897 754
291 790 755
337 338 756
212 535 757
268 270 758
211 1026 759
407 454 760
611 913 761
416 500 762
190 195 763
174 175 764
212 326 765
50 476 766
244 468 767
307 495 768
687 688 769
47 695 770
445 678 771
313 1012 772
88 471 773
212 931 774
948 1006 775
20 320 776
20 308 777
254 742 778
339 667 779
190 551 780
2 886 781
299 459 782
195 311 783
1033 1086 784
212 324 785
291 548 786
191 575 787
212 663 788
24 377 789
212 555 790
154 286 791
187 582 792
165 789 793
259 262 794
470 500 795
87 176 796
117 206 797
164 953 798
305 307 799
187 575 800
212 323 801
445 957 802
291 648 803
473 475 804
349 812 805
172 463 806
259 333 807
259 465 808
345 480 809
199 202 810
339 666 811
371 461 812
212 534 813
8 650 814
168 301 815
540 542 816
965 1084 817
50 135 818
548 777 819
451 1104 820
50 483 821
965 1083 822
262 465 823
539 831 824
15 658 825
167 168 826
313 944 827
466 467 828
74 831 829
270 354 830
640 1106 831
8 964 832
147 470 833
323 326 834
481 482 835
575 582 836
190 863 837
349 684 838
603 605 839
948 1093 840
326 787 841
341 428 842
172 611 843
8 477 844
925 926 845
585 812 846
198 483 847
248 648 848
8 33 849
212 554 850
250 594 851
245 247 852
351 352 853
192 926 854
667 668 855
212 787 856
341 397 857
190 642 858
291 385 859
926 1070 860
191 582 861
1032 1086 862
20 78 863
212 932 864
344 345 865
167 301 866
585 684 867
811 1082 868
173 174 869
475 481 870
161 964 871
12 445 872
195 551 873
554 555 874
538 542 875
190 311 876
212 542 877
11 408 878
526 527 879
566 782 880
49 1032 881
324 326 882
337 569 883
24 190 884
35 248 885
212 918 886
261 334 887
349 620 888
373 1028 889
166 301 890
192 925 891
108 215 892
212 325 893
527 829 894
76 680 895
1013 1014 896
9 11 897
167 169 898
538 539 899
74 539 900
704 837 901
49 1033 902
539 542 903
392 807 904
1032 1035 905
195 642 906
191 216 907
539 540 908
684 812 909
325 326 910
169 301 911
881 948 912
20 28 913
604 605 914
212 1075 915
311 529 916
212 539 917
253 254 918
228 229 919
909 911 920
538 541 921
168 169 922
307 458 923
92 307 924
427 602 925
899 915 926
539 541 927
212 538 928
534 535 929
165 420 930
212 454 931
627 878 932
948 987 933
254 258 934
605 878 935
595 900 936
541 542 937
1083 1084 938
47 477 939
121 179 940
173 698 941
15 50 942
41 190 943
259 261 944
347 457 945
105 658 946
190 550 947
164 165 948
140 427 949
414 566 950
165 191 951
24 195 952
538 540 953
172 174 954
30 429 955
666 668 956
132 961 957
41 311 958
261 465 959
95 307 960
212 540 961
493 594 962
540 541 963
130 396 964
8 161 965
8 510 966
41 195 967
195 529 968
225 493 969
166 168 970
373 1027 971
445 491 972
451 878 973
12 958 974
173 175 975
341 441 976
145 508 977
172 173 978
603 604 979
212 541 980
94 95 981
430 606 982
345 372 983
581 725 984
308 518 985
606 607 986
347 349 987
1003 1052 988
234 561 989
350 352 990
146 508 991
261 333 992
499 924 993
30 898 994
250 493 995
411 899 996
430 600 997
323 324 998
648 790 999
24 311 1000
341 583 1001
166 169 1002
228 230 1003
180 195 1004
8 413 1005
166 167 1006
225 561 1007
175 599 1008
270 317 1009
605 626 1010
341 657 1011
93 307 1012
164 420 1013
235 236 1014
598 1111 1015
261 262 1016
670 672 1017
226 584 1018
865 867 1019
811 972 1020
172 175 1021
28 78 1022
324 325 1023
130 599 1024
220 222 1025
365 860 1026
914 915 1027
195 749 1028
228 685 1029
371 372 1030
195 748 1031
948 972 1032
162 226 1033
250 349 1034
811 1090 1035
365 1054 1036
623 653 1037
345 371 1038
93 95 1039
323 325 1040
899 914 1041
49 1053 1042
1051 1052 1043
1003 1051 1044
632 850 1045
958 1047 1046
30 884 1047
95 458 1048
748 749 1049
948 1005 1050
125 335 1051
477 510 1052
669 672 1053
191 192 1054
237 1023 1055
515 516 1056
387 389 1057
654 672 1058
654 670 1059
1032 1036 1060
439 508 1061
605 625 1062
388 389 1063
654 671 1064
616 958 1065
30 606 1066
221 222 1067
358 670 1068
811 1089 1069
11 177 1070
307 516 1071
30 408 1072
175 396 1073
358 672 1074
654 669 1075
671 672 1076
936 937 1077
262 333 1078
669 670 1079
160 187 1080
130 175 1081
348 349 1082
225 849 1083
13 50 1084
358 654 1085
358 671 1086
90 414 1087
426 427 1088
70 146 1089
92 93 1090
186 187 1091
140 893 1092
350 351 1093
145 146 1094
228 648 1095
93 458 1096
195 863 1097
937 1052 1098
358 669 1099
670 671 1100
1089 1090 1101
127 477 1102
124 225 1103
396 599 1104
353 427 1105
458 516 1106
92 458 1107
187 233 1108
92 95 1109
428 441 1110
25 42 1111
139 355 1112
160 237 1113
937 1051 1114
938 939 1115
92 516 1116
177 893 1117
30 266 1118
35 648 1119
144 166 1120
145 439 1121
93 516 1122
226 227 1123
195 550 1124
35 228 1125
30 409 1126
782 815 1127
151 196 1128
550 863 1129
141 144 1130
626 627 1131
270 318 1132
347 348 1133
67 121 1134
846 847 1135
95 516 1136
249 250 1137
704 843 1138
937 1003 1139
669 671 1140
62 235 1141
67 224 1142
140 227 1143
177 227 1144
141 166 1145
150 151 1146
387 388 1147
392 674 1148
177 257 1149
70 439 1150
948 986 1151
165 424 1152
250 348 1153
14 636 1154
30 960 1155
859 860 1156
365 859 1157
45 223 1158
127 510 1159
317 318 1160
202 291 1161
220 221 1162
256 257 1163
140 1019 1164
121 299 1165
164 424 1166
678 679 1167
704 923 1168
67 223 1169
225 959 1170
90 392 1171
845 846 1172
250 347 1173
350 735 1174
33 414 1175
146 439 1176
155 254 1177
666 667 1178
35 98 1179
164 418 1180
353 426 1181
33 415 1182
1 633 1183
177 256 1184
355 629 1185
8 412 1186
30 410 1187
350 562 1188
1 630 1189
90 91 1190
90 188 1191
363 392 1192
67 568 1193
165 423 1194
414 415 1195
972 986 1196
177 395 1197
987 1005 1198
257 365 1199
449 732 1200
580 581 1201
581 719 1202
9 30 1203
704 879 1204
67 299 1205
404 1077 1206
616 1047 1207
625 627 1208
30 635 1209
1 631 1210
49 1036 1211
30 293 1212
76 1016 1213
137 735 1214
266 429 1215
12 491 1216
62 236 1217
76 1018 1218
630 632 1219
40 227 1220
140 177 1221
412 413 1222
491 957 1223
620 623 1224
1 632 1225
45 67 1226
392 521 1227
632 633 1228
164 423 1229
90 521 1230
54 410 1231
64 235 1232
630 633 1233
124 959 1234
404 405 1235
858 990 1236
38 340 1237
630 631 1238
631 632 1239
54 409 1240
341 384 1241
631 633 1242
620 653 1243
202 203 1244
54 408 1245
76 1017 1246
266 960 1247
340 562 1248
980 990 1249
751 858 1250
380 381 1251
858 988 1252
441 583 1253
24 522 1254
54 635 1255
751 990 1256
243 595 1257
858 989 1258
9 54 1259
625 626 1260
38 39 1261
38 77 1262
408 409 1263
164 419 1264
750 858 1265
409 410 1266
423 424 1267
38 126 1268
988 990 1269
742 764 1270
750 990 1271
858 980 1272
418 420 1273
750 989 1274
904 990 1275
62 356 1276
64 236 1277
340 665 1278
54 293 1279
181 182 1280
750 846 1281
9 409 1282
38 1015 1283
63 356 1284
980 989 1285
181 498 1286
408 410 1287
989 990 1288
251 742 1289
293 408 1290
62 63 1291
153 460 1292
293 409 1293
409 635 1294
40 249 1295
1016 1017 1296
9 410 1297
293 410 1298
750 988 1299
750 980 1300
751 988 1301
846 990 1302
751 980 1303
9 408 1304
429 960 1305
441 747 1306
846 858 1307
1017 1018 1308
64 405 1309
410 635 1310
62 64 1311
750 751 1312
846 988 1313
858 904 1314
904 988 1315
64 404 1316
980 988 1317
408 635 1318
63 64 1319
988 989 1320
9 293 1321
419 420 1322
751 904 1323
846 989 1324
9 635 1325
1016 1018 1326
750 904 1327
293 635 1328
751 989 1329
64 356 1330
846 980 1331
251 764 1332
751 846 1333
904 980 1334
441 662 1335
251 252 1336
904 989 1337
40 425 1338
846 904 1339
418 419 1340
155 157 1341
3 319 1342
3 34 1343
