154 286 1
286 673 2
151 196 3
286 676 4
150 151 5
993 994 6
184 185 7
183 184 8
183 185 9
692 891 10
610 891 11
891 920 12
190 792 13
851 853 14
15 839 15
891 994 16
890 891 17
791 891 18
993 1103 19
891 1002 20
991 999 21
839 930 22
954 956 23
851 852 24
15 930 25
852 853 26
610 920 27
610 1002 28
783 839 29
839 979 30
854 855 31
15 783 32
692 791 33
930 979 34
692 994 35
954 955 36
21 232 37
331 332 38
331 1074 39
955 956 40
783 930 41
50 955 42
190 767 43
436 840 44
692 992 45
543 991 46
920 1002 47
331 906 48
50 954 49
782 815 50
692 873 51
762 854 52
692 888 53
873 891 54
692 870 55
762 855 56
692 793 57
251 764 58
286 632 59
770 782 60
543 999 61
1081 1110 62
15 979 63
798 799 64
873 994 65
566 770 66
783 979 67
341 365 68
888 891 69
50 956 70
164 799 71
531 840 72
436 654 73
536 557 74
791 888 75
457 818 76
245 246 77
1080 1081 78
205 723 79
121 851 80
238 239 81
251 742 82
436 739 83
692 1096 84
446 737 85
8 33 86
566 782 87
164 798 88
238 1102 89
723 760 90
446 457 91
792 848 92
21 598 93
919 997 94
11 821 95
11 474 96
338 474 97
213 792 98
428 441 99
446 447 100
474 721 101
331 407 102
377 386 103
121 853 104
279 457 105
341 441 106
11 939 107
377 547 108
818 819 109
11 187 110
377 578 111
377 721 112
248 341 113
341 428 114
457 693 115
246 781 116
341 397 117
205 760 118
692 752 119
474 612 120
608 763 121
436 531 122
21 658 123
43 123 124
436 738 125
47 695 126
608 792 127
201 338 128
531 654 129
392 446 130
763 792 131
121 852 132
239 557 133
43 763 134
246 247 135
251 252 136
742 764 137
720 721 138
377 587 139
254 1081 140
50 754 141
571 758 142
159 525 143
553 632 144
536 537 145
164 165 146
838 839 147
15 658 148
238 998 149
213 763 150
547 578 151
329 341 152
442 608 153
411 445 154
245 247 155
341 548 156
238 803 157
11 582 158
531 739 159
15 469 160
254 692 161
839 841 162
871 962 163
159 322 164
225 959 165
159 741 166
291 341 167
892 896 168
920 922 169
840 952 170
213 608 171
339 557 172
525 745 173
149 197 174
240 968 175
296 900 176
238 743 177
21 928 178
968 970 179
838 930 180
341 583 181
721 722 182
432 722 183
573 574 184
254 1080 185
741 745 186
113 212 187
238 407 188
159 745 189
347 457 190
969 970 191
468 469 192
738 739 193
11 84 194
570 571 195
841 930 196
239 553 197
407 714 198
15 677 199
240 970 200
446 807 201
87 332 202
892 894 203
793 888 204
407 694 205
238 736 206
175 339 207
478 512 208
254 1110 209
894 896 210
205 1072 211
920 921 212
205 1079 213
892 895 214
938 939 215
225 849 216
834 1004 217
322 745 218
455 856 219
694 714 220
713 869 221
175 239 222
512 586 223
557 762 224
654 738 225
654 739 226
205 1071 227
455 727 228
50 101 229
570 572 230
557 756 231
363 392 232
11 938 233
436 952 234
87 733 235
455 734 236
254 752 237
455 478 238
50 951 239
204 407 240
714 947 241
873 895 242
341 657 243
828 996 244
873 896 245
407 947 246
432 528 247
101 200 248
15 476 249
20 919 250
941 1078 251
422 512 252
406 407 253
1071 1072 254
201 717 255
338 612 256
873 894 257
164 953 258
511 512 259
43 941 260
175 553 261
736 743 262
247 781 263
531 738 264
805 1085 265
512 753 266
43 213 267
240 871 268
895 896 269
783 784 270
11 30 271
11 575 272
455 512 273
933 1048 274
30 474 275
691 692 276
805 1062 277
746 770 278
43 359 279
190 963 280
254 691 281
27 87 282
659 746 283
11 680 284
839 840 285
894 895 286
455 733 287
653 713 288
896 897 289
105 658 290
175 238 291
404 1077 292
646 721 293
840 930 294
873 897 295
640 780 296
43 1078 297
117 206 298
11 744 299
704 837 300
87 176 301
691 742 302
805 945 303
900 902 304
908 933 305
805 1013 306
690 692 307
971 1048 308
239 756 309
239 724 310
967 996 311
933 1085 312
704 843 313
553 668 314
647 746 315
159 746 316
543 971 317
11 579 318
553 724 319
392 807 320
332 712 321
805 933 322
232 946 323
805 908 324
87 1099 325
322 741 326
235 570 327
754 755 328
805 1014 329
11 683 330
247 844 331
256 257 332
15 50 333
50 1073 334
213 837 335
376 772 336
574 726 337
895 897 338
164 788 339
894 897 340
175 668 341
647 659 342
173 698 343
557 966 344
159 647 345
553 786 346
8 872 347
204 205 348
704 923 349
296 1008 350
785 933 351
873 1096 352
121 889 353
445 622 354
504 832 355
239 342 356
242 407 357
451 1104 358
762 966 359
254 740 360
595 900 361
113 705 362
1013 1014 363
124 225 364
148 149 365
175 499 366
121 179 367
257 365 368
11 549 369
772 830 370
772 831 371
27 332 372
503 832 373
933 945 374
811 972 375
159 659 376
332 822 377
850 1092 378
225 561 379
254 742 380
640 1106 381
678 679 382
531 952 383
232 664 384
474 646 385
785 971 386
571 572 387
933 971 388
21 499 389
164 789 390
124 959 391
887 892 392
503 504 393
640 883 394
376 831 395
834 835 396
43 837 397
50 675 398
832 834 399
190 780 400
543 544 401
469 628 402
262 723 403
392 674 404
407 454 405
50 950 406
763 837 407
474 475 408
116 543 409
726 772 410
171 519 411
504 834 412
504 833 413
474 481 414
832 833 415
574 771 416
189 206 417
175 786 418
908 1048 419
247 1112 420
11 576 421
47 477 422
499 567 423
771 772 424
830 831 425
159 656 426
832 835 427
175 803 428
248 365 429
504 835 430
933 1107 431
165 788 432
432 721 433
8 477 434
503 833 435
341 1025 436
689 692 437
833 834 438
503 834 439
213 240 440
235 571 441
290 296 442
15 500 443
43 115 444
338 716 445
805 874 446
339 667 447
11 761 448
874 1048 449
874 933 450
165 789 451
792 837 452
74 376 453
172 174 454
173 174 455
519 877 456
376 726 457
332 1099 458
503 835 459
175 724 460
840 841 461
172 611 462
588 659 463
598 1111 464
50 247 465
445 678 466
588 746 467
139 530 468
773 776 469
339 668 470
11 389 471
201 688 472
468 628 473
376 771 474
172 173 475
118 622 476
653 654 477
838 840 478
11 681 479
254 322 480
543 545 481
116 544 482
291 548 483
451 878 484
873 888 485
124 428 486
441 662 487
159 655 488
524 1055 489
171 877 490
833 835 491
116 206 492
581 726 493
632 850 494
212 454 495
50 85 496
124 1025 497
338 717 498
225 234 499
933 973 500
771 830 501
177 257 502
270 622 503
874 908 504
338 569 505
201 687 506
771 831 507
441 583 508
473 474 509
159 588 510
175 342 511
339 666 512
933 972 513
254 797 514
445 958 515
232 809 516
486 548 517
499 928 518
123 767 519
231 232 520
13 50 521
52 598 522
987 1005 523
30 683 524
453 454 525
525 527 526
725 726 527
250 347 528
726 771 529
347 348 530
445 943 531
50 483 532
50 135 533
678 1055 534
338 715 535
766 767 536
582 821 537
715 716 538
239 873 539
259 263 540
687 688 541
811 834 542
451 605 543
474 482 544
8 974 545
883 1106 546
326 787 547
74 831 548
30 549 549
147 470 550
1006 1007 551
581 725 552
653 728 553
171 210 554
828 967 555
210 519 556
525 829 557
544 545 558
647 795 559
716 717 560
52 117 561
247 577 562
828 1108 563
50 198 564
768 769 565
132 646 566
52 543 567
827 996 568
11 387 569
8 650 570
475 601 571
543 546 572
11 191 573
8 836 574
190 552 575
407 599 576
225 493 577
544 546 578
921 922 579
50 1095 580
52 544 581
195 780 582
178 201 583
421 422 584
175 916 585
326 454 586
116 545 587
212 787 588
809 975 589
239 499 590
334 768 591
581 719 592
976 978 593
250 349 594
525 526 595
716 718 596
948 1046 597
28 78 598
873 887 599
499 924 600
334 769 601
171 255 602
592 634 603
837 1098 604
337 338 605
175 934 606
175 490 607
38 124 608
171 661 609
593 634 610
346 582 611
592 593 612
838 841 613
74 771 614
116 546 615
611 842 616
213 871 617
326 453 618
231 946 619
715 718 620
338 718 621
548 777 622
132 961 623
490 916 624
139 565 625
212 326 626
347 349 627
198 483 628
199 202 629
976 977 630
37 171 631
411 958 632
11 558 633
348 349 634
171 589 635
177 256 636
30 115 637
499 885 638
948 1006 639
689 691 640
52 545 641
977 978 642
948 1007 643
270 445 644
254 690 645
655 656 646
627 878 647
202 291 648
530 565 649
234 561 650
254 689 651
605 1104 652
940 1000 653
441 747 654
244 468 655
52 116 656
948 1005 657
52 189 658
588 655 659
567 928 660
11 54 661
580 581 662
551 552 663
250 348 664
165 420 665
239 307 666
588 656 667
611 913 668
24 190 669
52 206 670
531 532 671
788 789 672
948 987 673
115 837 674
190 195 675
235 236 676
667 668 677
199 560 678
60 313 679
247 1050 680
715 717 681
1033 1086 682
164 424 683
666 667 684
575 582 685
172 463 686
177 227 687
651 652 688
8 964 689
30 607 690
940 1100 691
482 601 692
190 816 693
717 718 694
828 1109 695
171 462 696
545 546 697
195 552 698
475 481 699
666 668 700
165 191 701
212 323 702
140 227 703
52 546 704
646 875 705
165 424 706
190 597 707
473 475 708
50 469 709
171 330 710
20 78 711
115 213 712
199 208 713
313 804 714
1032 1033 715
212 534 716
187 582 717
149 218 718
212 539 719
212 663 720
259 260 721
20 28 722
213 346 723
539 831 724
57 313 725
948 1094 726
337 569 727
349 812 728
254 757 729
171 472 730
349 585 731
139 357 732
50 1105 733
60 804 734
212 535 735
972 973 736
1108 1109 737
470 500 738
349 796 739
647 794 740
139 222 741
191 582 742
948 982 743
190 311 744
213 609 745
605 878 746
30 54 747
50 476 748
519 817 749
60 215 750
475 482 751
606 607 752
177 395 753
689 690 754
208 560 755
1028 1113 756
1083 1084 757
445 957 758
8 510 759
137 735 760
52 563 761
171 464 762
468 682 763
169 301 764
213 995 765
1032 1086 766
304 499 767
349 684 768
527 829 769
982 1094 770
210 211 771
485 486 772
195 597 773
57 60 774
828 874 775
123 766 776
253 254 777
299 459 778
213 1076 779
212 931 780
291 790 781
291 648 782
118 479 783
340 562 784
168 301 785
881 948 786
195 816 787
204 242 788
345 480 789
477 510 790
212 324 791
57 804 792
202 203 793
164 418 794
394 646 795
404 405 796
481 482 797
187 191 798
365 859 799
773 777 800
130 175 801
118 119 802
30 559 803
167 301 804
123 125 805
813 814 806
887 888 807
211 1026 808
340 665 809
190 551 810
139 355 811
1069 1113 812
20 308 813
212 325 814
414 566 815
195 551 816
174 175 817
539 542 818
140 177 819
259 333 820
445 491 821
212 554 822
456 765 823
164 420 824
365 860 825
881 1094 826
648 790 827
24 377 828
94 95 829
213 533 830
981 982 831
162 584 832
456 690 833
605 627 834
965 1084 835
313 944 836
880 982 837
313 1012 838
430 607 839
690 765 840
166 301 841
585 812 842
11 893 843
191 192 844
212 918 845
972 986 846
948 972 847
175 396 848
168 169 849
466 467 850
259 465 851
585 684 852
430 759 853
248 648 854
926 1070 855
212 538 856
167 169 857
20 320 858
539 771 859
130 247 860
212 932 861
925 926 862
965 1083 863
212 1075 864
684 812 865
41 195 866
60 108 867
187 575 868
365 1054 869
30 430 870
172 175 871
177 893 872
148 218 873
60 214 874
11 427 875
167 168 876
212 555 877
827 828 878
820 928 879
881 982 880
882 982 881
49 1033 882
254 591 883
74 539 884
191 575 885
195 311 886
526 527 887
41 190 888
192 926 889
814 927 890
127 477 891
192 925 892
826 828 893
180 190 894
214 215 895
12 445 896
814 823 897
67 121 898
140 893 899
173 175 900
554 555 901
539 541 902
191 216 903
346 821 904
140 1019 905
538 539 906
190 642 907
623 653 908
810 811 909
880 881 910
291 385 911
914 915 912
541 542 913
948 1093 914
1032 1035 915
76 680 916
538 542 917
609 995 918
212 542 919
212 541 920
704 879 921
654 671 922
24 195 923
430 884 924
259 334 925
358 670 926
670 671 927
538 541 928
140 427 929
11 140 930
250 594 931
164 419 932
30 759 933
519 940 934
194 270 935
430 606 936
108 215 937
195 642 938
373 1028 939
483 484 940
259 261 941
358 671 942
670 672 943
539 540 944
180 195 945
54 558 946
30 606 947
166 169 948
881 882 949
430 898 950
262 263 951
195 529 952
342 343 953
243 595 954
540 541 955
139 629 956
880 882 957
814 917 958
654 670 959
540 542 960
604 605 961
166 167 962
534 535 963
373 1027 964
212 540 965
226 227 966
254 258 967
538 540 968
327 328 969
344 345 970
671 672 971
262 652 972
358 672 973
220 222 974
1028 1069 975
125 335 976
41 311 977
259 262 978
30 558 979
333 334 980
323 326 981
11 177 982
226 584 983
250 493 984
324 326 985
228 230 986
262 651 987
20 321 988
325 326 989
828 935 990
493 594 991
49 1032 992
1032 1036 993
416 500 994
515 516 995
11 409 996
1027 1028 997
35 248 998
166 168 999
67 224 1000
899 915 1001
30 1097 1002
794 800 1003
228 248 1004
30 884 1005
311 529 1006
8 161 1007
90 188 1008
358 654 1009
654 672 1010
609 774 1011
127 510 1012
30 409 1013
323 325 1014
928 1049 1015
748 749 1016
778 965 1017
207 208 1018
324 325 1019
162 226 1020
323 324 1021
30 898 1022
195 749 1023
811 1082 1024
90 91 1025
88 471 1026
411 899 1027
220 221 1028
899 914 1029
350 735 1030
320 321 1031
108 214 1032
336 338 1033
62 235 1034
195 748 1035
609 775 1036
603 605 1037
35 648 1038
865 867 1039
130 577 1040
195 863 1041
345 372 1042
164 423 1043
67 568 1044
461 814 1045
261 333 1046
471 523 1047
95 516 1048
345 461 1049
175 599 1050
669 670 1051
345 371 1052
228 685 1053
654 669 1054
262 778 1055
165 423 1056
67 299 1057
221 222 1058
261 465 1059
130 1050 1060
427 602 1061
92 95 1062
669 672 1063
811 1090 1064
811 1089 1065
958 1047 1066
590 594 1067
121 299 1068
260 262 1069
92 516 1070
625 627 1071
186 187 1072
95 307 1073
358 669 1074
403 484 1075
99 240 1076
594 649 1077
372 461 1078
229 230 1079
190 863 1080
261 334 1081
669 671 1082
626 627 1083
95 458 1084
195 550 1085
64 236 1086
45 67 1087
62 236 1088
307 516 1089
371 461 1090
181 498 1091
307 458 1092
616 958 1093
130 396 1094
262 465 1095
64 235 1096
69 242 1097
242 556 1098
93 516 1099
92 307 1100
603 604 1101
304 307 1102
491 957 1103
49 1036 1104
873 886 1105
228 229 1106
35 98 1107
228 648 1108
886 888 1109
1003 1052 1110
130 599 1111
371 372 1112
430 600 1113
458 516 1114
93 95 1115
187 233 1116
948 986 1117
1003 1051 1118
49 1053 1119
11 408 1120
605 626 1121
181 182 1122
353 426 1123
92 458 1124
190 550 1125
40 227 1126
54 409 1127
93 307 1128
290 814 1129
92 93 1130
605 625 1131
349 620 1132
350 562 1133
590 649 1134
1051 1052 1135
1 632 1136
392 521 1137
262 779 1138
594 929 1139
774 775 1140
249 250 1141
2 873 1142
24 311 1143
30 410 1144
160 187 1145
350 352 1146
93 458 1147
241 242 1148
307 495 1149
218 219 1150
262 334 1151
778 779 1152
144 166 1153
262 333 1154
261 262 1155
35 228 1156
67 223 1157
630 632 1158
8 413 1159
304 305 1160
33 415 1161
141 144 1162
936 937 1163
161 964 1164
270 354 1165
9 11 1166
350 351 1167
632 633 1168
155 254 1169
353 427 1170
937 1003 1171
937 1052 1172
396 599 1173
2 888 1174
9 30 1175
30 635 1176
426 427 1177
8 412 1178
89 500 1179
38 340 1180
845 846 1181
270 317 1182
355 629 1183
305 307 1184
1089 1090 1185
826 1087 1186
937 1051 1187
33 414 1188
631 632 1189
341 384 1190
54 635 1191
141 166 1192
83 84 1193
909 911 1194
45 223 1195
54 410 1196
826 827 1197
859 860 1198
30 408 1199
268 270 1200
409 410 1201
846 847 1202
550 863 1203
911 1101 1204
99 218 1205
30 293 1206
409 635 1207
418 420 1208
351 352 1209
3 319 1210
12 491 1211
64 405 1212
270 318 1213
70 439 1214
90 392 1215
3 34 1216
1 633 1217
1 630 1218
384 519 1219
630 633 1220
449 732 1221
1 631 1222
25 42 1223
64 404 1224
54 293 1225
630 631 1226
9 54 1227
194 354 1228
616 1047 1229
631 633 1230
293 409 1231
89 416 1232
625 626 1233
9 409 1234
16 660 1235
70 146 1236
408 409 1237
54 408 1238
308 518 1239
416 417 1240
380 381 1241
90 521 1242
419 420 1243
89 417 1244
410 635 1245
9 635 1246
30 429 1247
293 410 1248
620 623 1249
12 958 1250
62 64 1251
2 886 1252
9 410 1253
38 77 1254
423 424 1255
153 460 1256
24 522 1257
38 126 1258
408 410 1259
40 249 1260
408 635 1261
387 389 1262
293 635 1263
40 425 1264
317 318 1265
858 990 1266
858 989 1267
9 293 1268
414 415 1269
750 858 1270
418 419 1271
846 858 1272
846 989 1273
751 858 1274
193 194 1275
846 990 1276
620 653 1277
388 389 1278
989 990 1279
750 990 1280
439 508 1281
750 989 1282
751 990 1283
293 408 1284
858 904 1285
750 846 1286
9 408 1287
145 439 1288
858 988 1289
751 989 1290
76 1018 1291
750 751 1292
846 904 1293
858 980 1294
30 960 1295
751 846 1296
988 990 1297
99 100 1298
846 980 1299
904 990 1300
30 266 1301
99 103 1302
980 990 1303
194 268 1304
846 988 1305
988 989 1306
38 39 1307
980 989 1308
750 988 1309
904 989 1310
145 508 1311
751 980 1312
751 988 1313
750 904 1314
750 980 1315
751 904 1316
146 439 1317
904 988 1318
904 980 1319
980 988 1320
63 64 1321
266 429 1322
62 63 1323
145 146 1324
146 508 1325
76 1016 1326
412 413 1327
76 1017 1328
429 960 1329
38 1015 1330
1017 1018 1331
1016 1018 1332
155 157 1333
90 414 1334
160 237 1335
266 960 1336
64 356 1337
387 388 1338
62 356 1339
1016 1017 1340
63 356 1341
237 1023 1342
14 636 1343
