213 609 1
993 994 2
15 839 3
15 930 4
774 775 5
609 774 6
213 995 7
609 995 8
692 891 9
15 469 10
15 979 11
993 1103 12
15 783 13
213 240 14
213 1076 15
891 920 16
955 956 17
436 840 18
609 775 19
873 891 20
920 1002 21
891 994 22
954 956 23
840 930 24
474 646 25
474 721 26
213 533 27
888 891 28
338 474 29
692 994 30
531 840 31
839 840 32
190 792 33
692 992 34
213 608 35
692 870 36
854 855 37
610 1002 38
213 763 39
954 955 40
991 999 41
50 955 42
213 792 43
692 873 44
610 891 45
15 476 46
15 677 47
610 920 48
213 871 49
50 247 50
50 954 51
190 767 52
920 921 53
646 721 54
920 922 55
692 888 56
15 50 57
436 531 58
891 1002 59
248 341 60
296 1008 61
543 991 62
791 891 63
890 891 64
50 956 65
341 428 66
839 930 67
240 871 68
43 213 69
251 742 70
251 764 71
692 791 72
474 612 73
873 994 74
436 952 75
469 628 76
742 764 77
251 252 78
205 760 79
213 346 80
571 758 81
341 441 82
531 952 83
762 854 84
930 979 85
783 839 86
838 840 87
290 296 88
244 468 89
468 628 90
338 612 91
646 875 92
468 682 93
21 598 94
783 930 95
21 232 96
254 692 97
794 800 98
921 922 99
341 365 100
519 940 101
213 837 102
840 952 103
692 1096 104
442 608 105
536 537 106
536 557 107
839 979 108
15 658 109
436 738 110
468 469 111
377 721 112
394 646 113
851 853 114
474 481 115
296 900 116
474 475 117
332 1099 118
474 482 119
692 752 120
608 792 121
132 646 122
723 760 123
8 33 124
164 953 125
553 632 126
692 793 127
933 972 128
341 384 129
87 332 130
240 970 131
411 445 132
50 754 133
762 855 134
30 474 135
164 165 136
238 239 137
473 474 138
175 803 139
436 739 140
47 695 141
322 745 142
838 930 143
338 717 144
543 999 145
392 446 146
240 968 147
341 657 148
783 979 149
851 852 150
838 839 151
248 365 152
783 784 153
455 856 154
791 888 155
52 117 156
52 563 157
968 970 158
840 841 159
894 895 160
531 738 161
11 474 162
841 930 163
52 189 164
201 338 165
933 971 166
720 721 167
238 803 168
940 1100 169
792 848 170
159 322 171
175 238 172
608 763 173
377 386 174
531 739 175
15 500 176
113 212 177
225 493 178
940 1000 179
376 772 180
341 1025 181
205 723 182
341 583 183
894 896 184
428 441 185
828 996 186
27 332 187
754 755 188
21 658 189
30 430 190
254 752 191
11 187 192
87 1099 193
525 745 194
763 792 195
262 723 196
457 818 197
50 469 198
704 837 199
933 973 200
455 734 201
852 853 202
52 206 203
290 814 204
291 341 205
839 841 206
895 896 207
117 206 208
969 970 209
43 763 210
262 778 211
52 598 212
331 332 213
763 837 214
50 476 215
159 525 216
455 733 217
1080 1081 218
254 322 219
322 741 220
543 971 221
50 950 222
175 239 223
971 1048 224
892 894 225
933 1107 226
189 206 227
436 654 228
941 1078 229
341 548 230
741 745 231
871 962 232
896 897 233
762 966 234
785 933 235
892 895 236
238 1102 237
164 798 238
336 338 239
201 717 240
805 933 241
772 831 242
892 896 243
43 837 244
933 1085 245
972 973 246
262 779 247
1071 1072 248
159 741 249
837 1098 250
239 553 251
50 135 252
557 762 253
105 658 254
377 587 255
771 772 256
205 1079 257
238 743 258
254 691 259
785 971 260
873 894 261
155 254 262
175 553 263
329 341 264
778 779 265
52 543 266
571 572 267
205 1072 268
446 807 269
704 923 270
770 782 271
908 933 272
746 770 273
50 85 274
238 998 275
341 397 276
455 727 277
132 961 278
164 799 279
338 569 280
115 213 281
828 967 282
873 888 283
874 933 284
894 897 285
205 1071 286
771 831 287
793 888 288
566 770 289
254 742 290
573 574 291
895 897 292
30 1097 293
814 927 294
531 654 295
337 338 296
27 87 297
238 736 298
726 771 299
827 828 300
838 841 301
376 831 302
726 772 303
50 1073 304
640 883 305
933 945 306
332 712 307
813 814 308
873 1096 309
376 771 310
338 716 311
570 571 312
445 622 313
178 201 314
1081 1110 315
254 1081 316
254 740 317
159 746 318
574 771 319
811 972 320
99 240 321
376 726 322
834 1004 323
566 782 324
714 947 325
43 123 326
570 572 327
967 996 328
121 851 329
123 767 330
235 571 331
313 944 332
880 882 333
116 206 334
881 882 335
225 849 336
690 692 337
873 895 338
933 1048 339
557 966 340
640 1106 341
50 951 342
113 705 343
704 843 344
827 996 345
254 757 346
598 1111 347
826 828 348
50 483 349
50 1105 350
159 745 351
640 780 352
772 830 353
175 786 354
553 786 355
574 726 356
201 687 357
50 198 358
313 1012 359
704 879 360
254 690 361
882 982 362
828 874 363
212 787 364
828 1108 365
212 326 366
873 896 367
212 931 368
121 853 369
212 932 370
332 822 371
691 742 372
694 714 373
235 570 374
313 804 375
828 935 376
279 457 377
121 852 378
792 837 379
432 721 380
171 519 381
212 918 382
11 30 383
159 647 384
503 833 385
805 945 386
254 1080 387
798 799 388
164 789 389
531 532 390
254 258 391
286 676 392
164 788 393
212 323 394
805 1085 395
239 499 396
455 512 397
887 892 398
338 718 399
445 943 400
503 504 401
830 831 402
212 324 403
445 958 404
239 342 405
175 342 406
503 832 407
446 457 408
457 693 409
778 965 410
873 897 411
883 1106 412
338 715 413
432 528 414
254 689 415
811 834 416
814 823 417
773 777 418
503 835 419
647 795 420
30 607 421
504 832 422
832 833 423
254 797 424
175 934 425
175 724 426
738 739 427
828 1109 428
212 555 429
331 1074 430
874 1048 431
116 543 432
130 175 433
721 722 434
411 958 435
175 599 436
254 1110 437
159 659 438
165 788 439
445 678 440
455 478 441
50 1095 442
124 428 443
247 1112 444
503 834 445
239 873 446
239 557 447
687 688 448
323 325 449
832 834 450
543 546 451
814 917 452
21 928 453
392 807 454
504 833 455
50 675 456
201 688 457
647 746 458
766 767 459
87 733 460
771 830 461
826 827 462
782 815 463
473 475 464
212 1075 465
337 569 466
43 1078 467
324 325 468
340 562 469
43 941 470
52 546 471
52 116 472
833 834 473
190 597 474
805 874 475
175 396 476
647 659 477
190 195 478
121 179 479
155 157 480
30 559 481
74 376 482
504 835 483
553 668 484
212 325 485
659 746 486
411 899 487
647 794 488
691 692 489
773 776 490
247 781 491
159 588 492
1069 1113 493
887 888 494
212 554 495
159 655 496
286 632 497
725 726 498
736 743 499
553 724 500
175 499 501
1108 1109 502
377 578 503
57 313 504
212 663 505
270 445 506
478 512 507
689 692 508
475 481 509
190 780 510
832 835 511
581 719 512
590 649 513
121 889 514
238 407 515
52 544 516
247 844 517
123 766 518
805 1062 519
43 359 520
588 746 521
52 545 522
212 535 523
323 324 524
581 726 525
716 717 526
231 232 527
865 867 528
504 834 529
446 737 530
123 125 531
525 829 532
580 581 533
247 577 534
481 482 535
190 963 536
11 582 537
11 744 538
171 877 539
74 771 540
212 534 541
74 831 542
326 787 543
130 247 544
543 544 545
11 549 546
11 680 547
833 835 548
805 908 549
164 420 550
175 490 551
30 606 552
247 1050 553
225 234 554
323 326 555
432 722 556
717 718 557
874 908 558
461 814 559
557 756 560
1028 1113 561
210 519 562
475 482 563
818 819 564
30 549 565
834 835 566
11 683 567
525 527 568
286 673 569
548 777 570
212 454 571
245 247 572
482 601 573
581 725 574
349 796 575
384 519 576
165 789 577
377 547 578
716 718 579
2 888 580
171 210 581
527 829 582
908 1048 583
21 499 584
175 916 585
270 622 586
880 982 587
475 601 588
165 420 589
588 659 590
715 717 591
880 881 592
326 453 593
339 557 594
11 191 595
262 652 596
526 527 597
768 769 598
11 579 599
324 326 600
47 477 601
850 1092 602
519 877 603
525 526 604
886 888 605
30 558 606
594 929 607
788 789 608
407 947 609
511 512 610
12 445 611
232 809 612
239 724 613
325 326 614
30 759 615
331 906 616
456 765 617
407 599 618
11 821 619
554 555 620
60 313 621
190 552 622
11 575 623
873 887 624
262 651 625
116 544 626
345 480 627
678 1055 628
689 691 629
116 546 630
159 656 631
254 591 632
30 115 633
654 738 634
190 816 635
543 545 636
115 837 637
11 558 638
211 1026 639
371 372 640
225 561 641
493 594 642
539 771 643
345 371 644
977 978 645
43 115 646
845 846 647
87 176 648
690 765 649
881 982 650
594 649 651
210 211 652
512 586 653
873 886 654
248 648 655
976 977 656
456 690 657
11 84 658
11 938 659
334 768 660
50 101 661
331 407 662
363 392 663
57 804 664
678 679 665
826 1087 666
11 939 667
90 392 668
229 230 669
187 191 670
195 780 671
253 254 672
124 1025 673
234 561 674
392 674 675
11 387 676
198 483 677
651 652 678
982 1094 679
30 683 680
334 769 681
232 946 682
811 1082 683
2 886 684
715 718 685
130 599 686
342 343 687
344 345 688
441 583 689
846 847 690
654 739 691
190 551 692
246 247 693
125 335 694
326 454 695
519 817 696
407 714 697
241 242 698
228 248 699
172 175 700
340 665 701
453 454 702
881 1094 703
220 221 704
588 655 705
11 761 706
350 562 707
11 389 708
655 656 709
805 1013 710
1028 1069 711
512 753 712
544 546 713
130 577 714
396 599 715
8 477 716
590 594 717
235 236 718
446 447 719
430 759 720
588 656 721
611 842 722
195 597 723
689 690 724
2 873 725
805 1014 726
154 286 727
380 381 728
611 913 729
715 716 730
239 307 731
524 1055 732
30 898 733
41 190 734
239 756 735
585 812 736
346 582 737
116 545 738
190 642 739
430 607 740
407 694 741
810 811 742
485 486 743
191 582 744
347 457 745
632 850 746
118 622 747
371 461 748
24 377 749
172 611 750
392 521 751
13 50 752
530 565 753
606 607 754
900 902 755
976 978 756
60 804 757
242 556 758
99 103 759
345 372 760
187 582 761
171 462 762
11 681 763
24 190 764
180 190 765
987 1005 766
346 821 767
414 566 768
169 301 769
220 222 770
11 576 771
69 242 772
99 100 773
430 898 774
195 552 775
195 816 776
174 175 777
212 538 778
30 429 779
168 301 780
544 545 781
11 177 782
551 552 783
99 218 784
373 1028 785
304 499 786
260 262 787
422 512 788
291 548 789
349 585 790
262 263 791
141 144 792
191 575 793
430 606 794
160 187 795
171 472 796
187 575 797
8 510 798
165 191 799
171 464 800
208 560 801
212 539 802
545 546 803
101 200 804
231 946 805
124 225 806
242 407 807
166 301 808
1013 1014 809
349 812 810
539 831 811
144 166 812
164 424 813
171 330 814
534 535 815
965 1083 816
948 1094 817
483 484 818
192 926 819
141 166 820
486 548 821
67 121 822
171 589 823
175 668 824
373 1027 825
547 578 826
948 1005 827
204 205 828
149 197 829
1033 1086 830
130 396 831
445 957 832
33 415 833
212 540 834
221 222 835
648 790 836
11 427 837
83 84 838
11 140 839
11 893 840
445 491 841
881 948 842
972 986 843
190 550 844
167 168 845
684 812 846
139 357 847
345 461 848
192 925 849
121 299 850
490 916 851
195 551 852
11 54 853
237 1023 854
948 1046 855
191 192 856
30 884 857
37 171 858
166 169 859
304 307 860
965 1084 861
948 982 862
212 542 863
194 270 864
585 684 865
926 1070 866
127 477 867
172 463 868
16 660 869
57 60 870
168 169 871
199 560 872
477 510 873
150 151 874
1083 1084 875
147 470 876
153 460 877
160 237 878
167 301 879
180 195 880
582 821 881
190 311 882
140 177 883
349 684 884
130 1050 885
948 987 886
1027 1028 887
24 195 888
291 648 889
171 661 890
1032 1033 891
167 169 892
291 790 893
925 926 894
164 419 895
166 167 896
595 900 897
195 642 898
199 208 899
166 168 900
62 235 901
204 242 902
212 541 903
74 539 904
291 385 905
575 582 906
33 414 907
538 541 908
339 668 909
41 195 910
191 216 911
899 915 912
35 248 913
304 305 914
262 465 915
246 781 916
820 928 917
195 550 918
195 311 919
35 648 920
194 268 921
12 958 922
187 233 923
204 407 924
228 230 925
49 1033 926
403 484 927
538 540 928
540 542 929
541 542 930
94 95 931
149 218 932
899 914 933
151 196 934
430 884 935
228 685 936
171 255 937
811 1089 938
666 667 939
118 119 940
190 863 941
250 493 942
538 542 943
539 542 944
809 975 945
228 229 946
308 518 947
228 648 948
173 175 949
90 414 950
76 680 951
30 960 952
195 529 953
250 594 954
540 541 955
948 1093 956
194 354 957
539 541 958
207 208 959
670 672 960
35 228 961
347 348 962
299 459 963
407 454 964
225 959 965
914 915 966
8 161 967
64 235 968
262 334 969
165 423 970
148 149 971
499 928 972
669 670 973
538 539 974
1006 1007 975
127 510 976
8 872 977
347 349 978
981 982 979
8 974 980
30 266 981
54 558 982
195 748 983
199 202 984
243 595 985
441 747 986
8 412 987
162 584 988
140 427 989
186 187 990
539 540 991
139 530 992
350 735 993
90 91 994
259 262 995
164 423 996
250 347 997
165 424 998
175 339 999
515 516 1000
631 632 1001
670 671 1002
667 668 1003
339 666 1004
118 479 1005
173 174 1006
172 173 1007
632 633 1008
172 174 1009
8 650 1010
491 957 1011
358 670 1012
1089 1090 1013
90 188 1014
261 334 1015
358 672 1016
1032 1035 1017
12 491 1018
919 997 1019
60 215 1020
67 568 1021
948 1006 1022
339 667 1023
630 632 1024
35 98 1025
214 215 1026
218 219 1027
406 407 1028
140 893 1029
195 749 1030
49 1032 1031
139 222 1032
67 224 1033
60 108 1034
350 352 1035
8 836 1036
41 311 1037
124 959 1038
470 500 1039
311 529 1040
419 420 1041
811 1090 1042
8 964 1043
108 215 1044
358 671 1045
567 928 1046
60 214 1047
958 1047 1048
148 218 1049
245 246 1050
202 203 1051
250 349 1052
355 629 1053
358 654 1054
654 669 1055
193 194 1056
270 354 1057
108 214 1058
427 602 1059
430 600 1060
140 1019 1061
333 334 1062
353 426 1063
616 958 1064
261 262 1065
305 307 1066
232 664 1067
654 671 1068
666 668 1069
195 863 1070
365 1054 1071
1032 1086 1072
671 672 1073
499 924 1074
654 672 1075
92 307 1076
669 672 1077
92 95 1078
95 458 1079
320 321 1080
161 964 1081
669 671 1082
95 307 1083
184 185 1084
466 467 1085
173 698 1086
3 34 1087
499 567 1088
928 1049 1089
164 418 1090
183 185 1091
630 631 1092
38 340 1093
307 495 1094
948 1007 1095
348 349 1096
653 654 1097
181 498 1098
139 565 1099
262 333 1100
909 911 1101
654 670 1102
938 939 1103
24 311 1104
93 95 1105
226 227 1106
307 458 1107
62 236 1108
93 458 1109
140 227 1110
351 352 1111
372 461 1112
38 124 1113
418 420 1114
162 226 1115
226 584 1116
414 415 1117
30 54 1118
92 93 1119
911 1101 1120
49 1053 1121
259 263 1122
92 458 1123
630 633 1124
259 260 1125
948 972 1126
92 516 1127
181 182 1128
358 669 1129
259 334 1130
936 937 1131
177 227 1132
499 885 1133
64 236 1134
202 291 1135
412 413 1136
250 348 1137
441 662 1138
365 860 1139
631 633 1140
9 30 1141
270 317 1142
1 631 1143
3 319 1144
268 270 1145
1 630 1146
307 516 1147
90 521 1148
421 422 1149
550 863 1150
451 1104 1151
183 184 1152
257 365 1153
713 869 1154
748 749 1155
750 751 1156
948 986 1157
11 409 1158
95 516 1159
603 604 1160
30 410 1161
93 307 1162
350 351 1163
177 257 1164
177 893 1165
8 413 1166
365 859 1167
45 223 1168
458 516 1169
88 471 1170
93 516 1171
1 632 1172
418 419 1173
603 605 1174
471 523 1175
317 318 1176
259 333 1177
1032 1036 1178
451 605 1179
259 261 1180
261 465 1181
261 333 1182
270 318 1183
1003 1052 1184
259 465 1185
353 427 1186
20 308 1187
139 629 1188
45 67 1189
139 355 1190
67 299 1191
616 1047 1192
605 878 1193
89 500 1194
67 223 1195
30 409 1196
426 427 1197
451 878 1198
605 1104 1199
30 635 1200
137 735 1201
177 256 1202
404 1077 1203
327 328 1204
9 11 1205
653 713 1206
49 1036 1207
593 634 1208
592 593 1209
349 620 1210
605 627 1211
20 919 1212
25 42 1213
1 633 1214
24 522 1215
605 626 1216
751 846 1217
937 1003 1218
750 846 1219
256 257 1220
605 625 1221
627 878 1222
20 321 1223
625 626 1224
1003 1051 1225
604 605 1226
750 858 1227
751 858 1228
1051 1052 1229
177 395 1230
423 424 1231
11 408 1232
20 320 1233
40 227 1234
751 990 1235
146 439 1236
859 860 1237
62 64 1238
70 439 1239
54 410 1240
89 416 1241
653 728 1242
76 1018 1243
249 250 1244
70 146 1245
937 1052 1246
76 1017 1247
145 439 1248
30 408 1249
410 635 1250
937 1051 1251
750 989 1252
28 78 1253
54 409 1254
388 389 1255
625 627 1256
76 1016 1257
751 989 1258
30 293 1259
404 405 1260
751 980 1261
387 389 1262
626 627 1263
449 732 1264
54 408 1265
89 417 1266
750 904 1267
9 54 1268
9 410 1269
38 126 1270
980 990 1271
416 417 1272
592 634 1273
751 904 1274
846 990 1275
145 146 1276
409 635 1277
750 990 1278
64 405 1279
988 989 1280
54 635 1281
904 990 1282
40 425 1283
750 980 1284
846 989 1285
989 990 1286
846 858 1287
980 989 1288
409 410 1289
751 988 1290
416 500 1291
1017 1018 1292
439 508 1293
293 410 1294
408 410 1295
858 990 1296
1016 1017 1297
9 635 1298
858 904 1299
988 990 1300
387 388 1301
9 409 1302
38 39 1303
846 988 1304
408 409 1305
20 28 1306
38 77 1307
846 980 1308
63 356 1309
266 960 1310
750 988 1311
64 356 1312
904 989 1313
858 989 1314
9 293 1315
64 404 1316
54 293 1317
429 960 1318
408 635 1319
980 988 1320
846 904 1321
14 636 1322
38 1015 1323
63 64 1324
904 988 1325
904 980 1326
9 408 1327
293 635 1328
858 988 1329
40 249 1330
293 409 1331
62 356 1332
145 508 1333
620 653 1334
858 980 1335
293 408 1336
62 63 1337
1016 1018 1338
266 429 1339
623 653 1340
146 508 1341
20 78 1342
620 623 1343
