692 891 1
839 930 2
783 839 3
993 994 4
15 839 5
783 930 6
891 920 7
15 783 8
692 873 9
692 994 10
610 891 11
891 994 12
15 930 13
610 1002 14
436 531 15
891 1002 16
595 900 17
692 791 18
762 854 19
243 595 20
890 891 21
610 920 22
692 888 23
213 609 24
692 793 25
839 979 26
436 840 27
854 855 28
791 891 29
920 1002 30
238 803 31
609 774 32
213 995 33
175 238 34
251 742 35
873 891 36
839 840 37
251 764 38
783 979 39
15 979 40
213 240 41
286 632 42
531 840 43
474 721 44
692 992 45
783 784 46
930 979 47
11 474 48
692 870 49
692 1096 50
609 775 51
436 952 52
213 871 53
536 557 54
238 1102 55
993 1103 56
609 995 57
762 966 58
213 792 59
175 803 60
838 839 61
839 841 62
873 994 63
139 222 64
840 930 65
238 239 66
774 775 67
940 1000 68
213 763 69
11 30 70
436 738 71
647 794 72
238 998 73
762 855 74
900 902 75
240 871 76
254 1080 77
851 852 78
933 972 79
436 654 80
531 738 81
296 900 82
692 752 83
121 851 84
557 762 85
15 658 86
121 853 87
838 930 88
531 952 89
888 891 90
763 792 91
254 692 92
436 739 93
536 537 94
251 252 95
954 955 96
632 850 97
608 792 98
201 717 99
291 341 100
841 930 101
121 852 102
531 654 103
723 760 104
694 714 105
557 966 106
794 800 107
940 1100 108
239 557 109
254 752 110
608 763 111
341 441 112
828 996 113
159 525 114
646 721 115
254 1081 116
955 956 117
238 736 118
531 532 119
113 212 120
213 608 121
164 799 122
851 853 123
850 1092 124
238 743 125
785 933 126
50 955 127
531 739 128
792 848 129
933 973 130
43 763 131
262 778 132
805 933 133
954 956 134
11 84 135
121 179 136
742 764 137
852 853 138
159 741 139
21 658 140
240 968 141
43 213 142
331 1074 143
121 889 144
474 646 145
920 922 146
933 971 147
714 947 148
341 548 149
175 239 150
376 771 151
213 1076 152
341 397 153
720 721 154
933 1085 155
43 941 156
213 837 157
338 717 158
654 738 159
908 933 160
763 837 161
873 1096 162
221 222 163
220 222 164
840 952 165
933 1107 166
159 745 167
240 970 168
557 756 169
175 553 170
43 1078 171
1080 1081 172
968 970 173
201 338 174
894 895 175
213 533 176
933 945 177
159 647 178
322 745 179
895 896 180
873 895 181
159 322 182
920 921 183
741 745 184
933 1048 185
43 837 186
873 894 187
331 332 188
212 535 189
690 692 190
205 1071 191
254 740 192
254 1110 193
873 896 194
225 849 195
721 722 196
205 723 197
322 741 198
894 896 199
30 430 200
159 588 201
254 757 202
647 659 203
827 828 204
205 760 205
828 967 206
50 954 207
895 897 208
574 771 209
205 1072 210
455 512 211
894 897 212
105 658 213
519 940 214
880 882 215
254 690 216
159 655 217
377 721 218
871 962 219
407 714 220
647 746 221
291 548 222
726 771 223
892 895 224
691 692 225
838 840 226
455 727 227
892 894 228
827 996 229
175 786 230
896 897 231
455 856 232
798 799 233
376 772 234
738 739 235
770 782 236
159 659 237
164 798 238
262 723 239
873 897 240
525 745 241
43 359 242
113 705 243
791 888 244
455 734 245
828 935 246
746 770 247
212 1075 248
407 694 249
840 841 250
248 341 251
329 341 252
52 543 253
363 392 254
881 882 255
331 906 256
341 583 257
430 759 258
376 831 259
793 888 260
792 837 261
455 733 262
220 221 263
647 795 264
828 1109 265
704 837 266
892 896 267
948 972 268
838 841 269
254 742 270
286 676 271
455 478 272
159 746 273
212 932 274
235 571 275
1081 1110 276
159 656 277
212 918 278
212 534 279
254 691 280
338 474 281
341 428 282
376 726 283
574 726 284
254 797 285
149 197 286
941 1078 287
392 446 288
967 996 289
483 484 290
826 828 291
254 591 292
87 332 293
175 490 294
430 607 295
972 973 296
553 632 297
175 724 298
445 958 299
205 1079 300
341 1025 301
828 1108 302
461 814 303
446 737 304
442 608 305
11 683 306
50 956 307
148 149 308
654 739 309
11 939 310
573 574 311
239 724 312
969 970 313
11 579 314
239 756 315
504 832 316
11 549 317
43 123 318
11 938 319
175 916 320
468 628 321
341 365 322
20 919 323
534 535 324
832 834 325
15 469 326
874 933 327
238 407 328
771 772 329
1071 1072 330
235 570 331
778 779 332
212 326 333
254 689 334
553 724 335
771 830 336
121 299 337
254 258 338
503 504 339
771 831 340
972 986 341
445 622 342
503 833 343
139 530 344
212 663 345
52 206 346
212 787 347
341 657 348
519 877 349
15 677 350
239 553 351
570 571 352
873 888 353
716 717 354
566 770 355
30 474 356
171 877 357
820 928 358
21 499 359
164 788 360
726 772 361
338 716 362
504 833 363
928 1049 364
171 519 365
588 659 366
225 493 367
1069 1113 368
123 767 369
11 761 370
164 789 371
834 1004 372
74 376 373
15 476 374
715 717 375
21 598 376
832 833 377
15 500 378
291 385 379
504 834 380
919 997 381
244 468 382
432 721 383
239 342 384
212 555 385
499 567 386
446 807 387
202 291 388
689 692 389
21 928 390
239 499 391
338 569 392
503 834 393
392 807 394
571 758 395
67 121 396
430 898 397
478 512 398
543 991 399
262 779 400
11 744 401
118 622 402
468 682 403
833 834 404
566 782 405
503 832 406
332 1099 407
87 733 408
553 786 409
8 964 410
11 681 411
659 746 412
470 500 413
225 959 414
212 554 415
286 673 416
503 835 417
116 543 418
772 831 419
567 928 420
588 655 421
201 688 422
175 668 423
814 927 424
11 558 425
225 234 426
581 725 427
880 881 428
504 835 429
474 612 430
691 742 431
411 958 432
499 928 433
139 629 434
411 445 435
826 827 436
11 54 437
212 931 438
407 947 439
172 611 440
291 790 441
164 953 442
468 469 443
52 598 444
445 943 445
571 572 446
785 971 447
837 1098 448
52 116 449
1028 1113 450
172 175 451
403 484 452
430 606 453
834 835 454
832 835 455
588 746 456
262 651 457
432 722 458
778 965 459
446 457 460
116 206 461
155 254 462
190 792 463
655 656 464
175 342 465
805 1085 466
173 175 467
543 999 468
548 777 469
1028 1069 470
11 680 471
210 519 472
174 175 473
805 945 474
811 972 475
139 355 476
474 482 477
581 726 478
27 87 479
782 815 480
883 1106 481
570 572 482
811 834 483
291 648 484
148 218 485
147 470 486
788 789 487
805 908 488
717 718 489
50 483 490
948 986 491
52 546 492
338 715 493
337 338 494
296 1008 495
175 934 496
971 1048 497
11 389 498
332 712 499
12 958 500
474 475 501
948 1046 502
116 546 503
254 322 504
474 481 505
123 766 506
8 161 507
526 527 508
8 412 509
87 1099 510
124 1025 511
725 726 512
772 830 513
486 548 514
553 668 515
585 684 516
882 982 517
225 561 518
543 544 519
581 719 520
580 581 521
554 555 522
948 1007 523
588 656 524
392 674 525
704 879 526
1108 1109 527
828 874 528
948 1093 529
118 119 530
332 822 531
814 917 532
212 454 533
171 210 534
27 332 535
52 189 536
52 545 537
338 612 538
640 883 539
525 527 540
766 767 541
201 687 542
704 923 543
116 544 544
874 1048 545
50 247 546
338 718 547
833 835 548
124 428 549
175 499 550
52 544 551
30 549 552
83 84 553
805 874 554
270 622 555
704 843 556
948 987 557
948 1094 558
12 445 559
814 823 560
161 964 561
52 117 562
149 218 563
539 771 564
874 908 565
198 483 566
921 922 567
54 558 568
139 565 569
52 563 570
212 323 571
377 386 572
377 578 573
525 526 574
430 600 575
585 812 576
11 187 577
253 254 578
326 787 579
11 576 580
299 459 581
543 546 582
715 716 583
543 971 584
715 718 585
958 1047 586
527 829 587
689 691 588
247 781 589
11 821 590
640 1106 591
377 587 592
908 1048 593
646 875 594
976 977 595
881 1094 596
456 690 597
8 413 598
270 445 599
475 601 600
178 201 601
323 326 602
116 545 603
139 357 604
830 831 605
212 325 606
881 948 607
115 213 608
977 978 609
805 1062 610
948 1005 611
948 1006 612
262 652 613
873 887 614
938 939 615
11 582 616
881 982 617
50 198 618
689 690 619
124 959 620
813 814 621
30 683 622
339 557 623
716 718 624
132 646 625
473 474 626
512 753 627
684 812 628
43 115 629
545 546 630
469 628 631
512 586 632
805 1014 633
616 958 634
525 829 635
326 454 636
74 771 637
611 842 638
412 413 639
11 575 640
482 601 641
490 916 642
11 387 643
50 754 644
976 978 645
377 547 646
331 407 647
544 545 648
690 765 649
432 528 650
190 767 651
543 545 652
11 191 653
218 219 654
451 605 655
115 837 656
530 565 657
453 454 658
451 1104 659
37 171 660
880 982 661
323 325 662
15 50 663
87 176 664
175 396 665
191 582 666
524 1055 667
394 646 668
171 464 669
445 678 670
204 407 671
511 512 672
948 982 673
171 589 674
234 561 675
544 546 676
687 688 677
130 175 678
2 873 679
155 157 680
326 453 681
736 743 682
1032 1086 683
164 424 684
325 326 685
651 652 686
187 191 687
428 441 688
337 569 689
30 54 690
123 125 691
446 447 692
606 607 693
1006 1007 694
475 482 695
547 578 696
327 328 697
611 913 698
11 427 699
991 999 700
519 817 701
422 512 702
987 1005 703
190 552 704
575 582 705
590 649 706
191 575 707
212 539 708
235 236 709
50 476 710
164 420 711
8 872 712
195 552 713
1032 1033 714
8 974 715
49 1032 716
164 165 717
242 407 718
187 575 719
239 307 720
239 873 721
154 286 722
678 1055 723
175 339 724
826 1087 725
8 510 726
248 365 727
873 886 728
485 486 729
189 206 730
582 821 731
349 585 732
171 472 733
349 684 734
982 1094 735
171 462 736
8 477 737
9 11 738
210 211 739
11 409 740
349 812 741
50 85 742
1033 1086 743
430 884 744
805 1013 745
598 1111 746
171 661 747
248 648 748
810 811 749
473 475 750
30 558 751
773 777 752
187 582 753
21 232 754
124 225 755
50 675 756
8 836 757
187 233 758
194 270 759
457 818 760
186 187 761
212 538 762
117 206 763
49 1033 764
172 463 765
49 1036 766
67 299 767
811 1082 768
551 552 769
590 594 770
190 195 771
445 491 772
30 559 773
411 899 774
1032 1036 775
457 693 776
605 1104 777
162 584 778
373 1028 779
212 541 780
212 324 781
290 296 782
11 177 783
24 190 784
1032 1035 785
11 408 786
50 1073 787
211 1026 788
190 963 789
451 878 790
74 831 791
24 522 792
30 1097 793
193 194 794
50 101 795
171 330 796
62 235 797
192 925 798
648 790 799
190 311 800
887 892 801
324 325 802
499 885 803
11 140 804
594 649 805
323 324 806
414 566 807
8 650 808
8 33 809
279 457 810
94 95 811
456 765 812
190 780 813
887 888 814
212 542 815
475 481 816
270 354 817
481 482 818
653 654 819
24 195 820
50 950 821
811 1090 822
1027 1028 823
191 216 824
164 418 825
259 262 826
407 454 827
30 759 828
50 951 829
926 1070 830
212 540 831
371 461 832
50 1095 833
262 263 834
24 377 835
74 539 836
324 326 837
925 926 838
20 320 839
247 844 840
304 499 841
373 1027 842
320 321 843
539 831 844
164 423 845
166 169 846
640 780 847
195 816 848
172 173 849
50 135 850
101 200 851
260 262 852
965 1083 853
344 345 854
372 461 855
899 914 856
336 338 857
118 479 858
153 460 859
141 166 860
355 629 861
346 582 862
47 477 863
171 255 864
192 926 865
445 957 866
190 816 867
247 1112 868
166 301 869
262 465 870
965 1084 871
818 819 872
166 168 873
165 788 874
594 929 875
246 247 876
195 311 877
199 560 878
311 529 879
246 781 880
195 597 881
1083 1084 882
228 248 883
173 174 884
347 457 885
493 594 886
11 893 887
140 427 888
195 529 889
24 311 890
166 167 891
441 583 892
538 541 893
539 541 894
168 301 895
30 607 896
1013 1014 897
190 642 898
195 551 899
167 301 900
213 346 901
204 205 902
195 780 903
371 372 904
180 190 905
190 597 906
538 539 907
144 166 908
250 347 909
261 262 910
540 541 911
38 124 912
130 247 913
539 542 914
754 755 915
180 195 916
349 796 917
477 510 918
164 419 919
899 915 920
249 250 921
499 924 922
47 695 923
190 551 924
127 477 925
540 542 926
67 568 927
167 168 928
30 898 929
539 540 930
654 669 931
268 270 932
541 542 933
603 605 934
30 606 935
199 202 936
49 1053 937
168 169 938
172 174 939
173 698 940
538 542 941
250 349 942
50 469 943
342 343 944
41 190 945
165 789 946
406 407 947
50 1105 948
195 642 949
20 321 950
41 311 951
339 668 952
384 519 953
245 247 954
345 461 955
67 224 956
162 226 957
345 480 958
538 540 959
605 878 960
247 577 961
270 318 962
604 605 963
191 192 964
41 195 965
270 317 966
99 218 967
69 242 968
773 776 969
190 550 970
208 560 971
247 1050 972
259 261 973
654 671 974
242 556 975
76 680 976
35 248 977
616 1047 978
250 348 979
346 821 980
12 491 981
250 493 982
169 301 983
226 584 984
199 208 985
183 184 986
194 354 987
407 599 988
605 627 989
140 177 990
140 1019 991
654 672 992
140 893 993
195 863 994
345 371 995
64 235 996
165 191 997
25 42 998
9 30 999
183 185 1000
190 863 1001
195 748 1002
250 594 1003
345 372 1004
60 215 1005
167 169 1006
811 1089 1007
914 915 1008
108 215 1009
259 263 1010
654 670 1011
99 240 1012
127 510 1013
177 395 1014
259 465 1015
348 349 1016
60 214 1017
358 654 1018
669 671 1019
627 878 1020
669 670 1021
92 95 1022
865 867 1023
290 814 1024
60 108 1025
130 1050 1026
35 648 1027
175 599 1028
204 242 1029
358 670 1030
2 888 1031
603 604 1032
670 672 1033
261 465 1034
347 348 1035
108 214 1036
228 685 1037
184 185 1038
339 667 1039
936 937 1040
358 671 1041
195 749 1042
671 672 1043
241 242 1044
140 227 1045
214 215 1046
605 626 1047
229 230 1048
304 307 1049
670 671 1050
669 672 1051
130 577 1052
202 203 1053
358 669 1054
177 893 1055
92 307 1056
30 884 1057
92 458 1058
365 860 1059
160 187 1060
165 420 1061
259 260 1062
95 458 1063
392 521 1064
592 634 1065
60 313 1066
304 305 1067
228 648 1068
667 668 1069
713 869 1070
30 409 1071
13 50 1072
207 208 1073
1089 1090 1074
20 308 1075
358 672 1076
491 957 1077
421 422 1078
886 888 1079
40 249 1080
593 634 1081
195 550 1082
60 804 1083
228 230 1084
981 982 1085
365 1054 1086
307 495 1087
347 349 1088
141 144 1089
416 500 1090
92 93 1091
350 352 1092
550 863 1093
937 1003 1094
350 351 1095
95 307 1096
177 227 1097
93 458 1098
30 408 1099
93 95 1100
626 627 1101
92 516 1102
125 335 1103
165 424 1104
666 667 1105
62 236 1106
262 333 1107
57 60 1108
228 229 1109
259 333 1110
937 1051 1111
427 602 1112
678 679 1113
458 516 1114
653 713 1115
339 666 1116
262 334 1117
95 516 1118
67 223 1119
90 392 1120
307 458 1121
45 67 1122
1003 1052 1123
245 246 1124
365 859 1125
937 1052 1126
35 228 1127
130 396 1128
305 307 1129
351 352 1130
307 516 1131
341 384 1132
350 735 1133
515 516 1134
313 944 1135
592 593 1136
93 516 1137
226 227 1138
353 426 1139
30 115 1140
151 196 1141
99 100 1142
177 257 1143
441 747 1144
33 415 1145
150 151 1146
666 668 1147
859 860 1148
45 223 1149
99 103 1150
259 334 1151
130 599 1152
177 256 1153
605 625 1154
93 307 1155
426 427 1156
625 626 1157
632 633 1158
748 749 1159
313 1012 1160
261 334 1161
38 1015 1162
57 804 1163
256 257 1164
261 333 1165
313 804 1166
1003 1051 1167
30 429 1168
35 98 1169
625 627 1170
317 318 1171
38 77 1172
194 268 1173
353 427 1174
2 886 1175
1051 1052 1176
160 237 1177
20 78 1178
257 365 1179
38 39 1180
57 313 1181
40 425 1182
414 415 1183
653 728 1184
38 340 1185
423 424 1186
333 334 1187
396 599 1188
418 420 1189
38 126 1190
809 975 1191
165 423 1192
630 632 1193
40 227 1194
30 635 1195
137 735 1196
54 409 1197
89 500 1198
631 632 1199
33 414 1200
350 562 1201
9 54 1202
349 620 1203
64 236 1204
30 410 1205
54 408 1206
1 632 1207
441 662 1208
70 146 1209
449 732 1210
631 633 1211
70 439 1212
237 1023 1213
54 410 1214
471 523 1215
845 846 1216
30 960 1217
418 419 1218
846 847 1219
1 631 1220
1 633 1221
30 266 1222
416 417 1223
146 508 1224
90 188 1225
623 653 1226
308 518 1227
334 769 1228
630 633 1229
419 420 1230
340 665 1231
387 389 1232
89 416 1233
90 91 1234
232 809 1235
334 768 1236
20 28 1237
1 630 1238
3 319 1239
88 471 1240
146 439 1241
62 64 1242
630 631 1243
89 417 1244
439 508 1245
30 293 1246
90 521 1247
62 356 1248
340 562 1249
9 410 1250
54 635 1251
145 508 1252
3 34 1253
466 467 1254
232 946 1255
132 961 1256
409 410 1257
9 409 1258
380 381 1259
231 232 1260
409 635 1261
9 408 1262
388 389 1263
76 1018 1264
231 946 1265
64 404 1266
145 146 1267
768 769 1268
408 409 1269
9 635 1270
410 635 1271
232 664 1272
387 388 1273
404 405 1274
909 911 1275
404 1077 1276
408 635 1277
28 78 1278
54 293 1279
145 439 1280
408 410 1281
64 405 1282
76 1017 1283
64 356 1284
904 990 1285
846 990 1286
1017 1018 1287
911 1101 1288
293 409 1289
9 293 1290
293 410 1291
858 904 1292
904 989 1293
1016 1017 1294
76 1016 1295
989 990 1296
858 989 1297
988 989 1298
846 989 1299
62 63 1300
846 858 1301
904 988 1302
90 414 1303
293 408 1304
750 989 1305
751 858 1306
846 904 1307
846 988 1308
751 990 1309
858 990 1310
980 989 1311
1016 1018 1312
858 988 1313
858 980 1314
181 182 1315
980 990 1316
429 960 1317
988 990 1318
620 623 1319
904 980 1320
751 846 1321
14 636 1322
750 980 1323
750 988 1324
751 988 1325
63 356 1326
750 904 1327
750 990 1328
751 980 1329
750 751 1330
751 989 1331
16 660 1332
846 980 1333
750 846 1334
751 904 1335
266 429 1336
293 635 1337
980 988 1338
750 858 1339
63 64 1340
181 498 1341
620 653 1342
266 960 1343
