11 30 1
692 891 2
11 474 3
50 954 4
87 332 5
531 840 6
50 247 7
213 763 8
610 920 9
43 213 10
436 531 11
474 721 12
377 721 13
175 238 14
805 933 15
50 955 16
933 971 17
164 165 18
891 920 19
610 891 20
213 837 21
251 742 22
646 721 23
873 891 24
692 994 25
50 754 26
15 469 27
27 87 28
248 341 29
171 519 30
436 840 31
873 994 32
692 793 33
692 791 34
238 1102 35
205 723 36
531 738 37
21 232 38
238 998 39
11 938 40
15 50 41
201 338 42
90 392 43
121 851 44
139 222 45
238 407 46
692 888 47
50 956 48
254 1080 49
436 654 50
436 952 51
692 1096 52
499 928 53
338 474 54
840 952 55
531 654 56
30 474 57
436 738 58
531 952 59
213 608 60
392 446 61
213 240 62
213 609 63
762 855 64
993 994 65
43 763 66
445 958 67
213 792 68
238 743 69
43 123 70
531 739 71
894 895 72
785 933 73
121 853 74
341 441 75
159 741 76
213 995 77
763 792 78
762 854 79
692 752 80
474 646 81
838 839 82
895 896 83
692 873 84
894 896 85
113 212 86
248 365 87
159 322 88
15 783 89
376 726 90
15 839 91
213 871 92
238 736 93
838 930 94
891 994 95
15 979 96
238 803 97
254 1081 98
363 392 99
50 101 100
873 894 101
920 921 102
254 322 103
608 763 104
50 469 105
407 714 106
839 930 107
262 778 108
11 84 109
121 852 110
43 115 111
254 742 112
338 612 113
21 499 114
190 792 115
840 930 116
933 973 117
376 771 118
854 855 119
474 482 120
873 895 121
50 198 122
720 721 123
920 1002 124
608 792 125
838 840 126
164 799 127
771 772 128
839 840 129
441 747 130
930 979 131
455 512 132
205 1079 133
557 756 134
436 739 135
159 659 136
392 674 137
21 928 138
331 332 139
531 532 140
692 992 141
726 772 142
763 837 143
839 979 144
159 745 145
376 831 146
90 414 147
205 1071 148
557 762 149
692 870 150
892 895 151
254 692 152
839 841 153
841 930 154
246 247 155
475 482 156
254 691 157
888 891 158
840 841 159
15 930 160
175 553 161
881 982 162
908 933 163
933 945 164
446 807 165
805 908 166
933 1107 167
392 521 168
525 745 169
455 733 170
331 1074 171
920 922 172
339 557 173
407 694 174
873 896 175
376 772 176
771 831 177
892 894 178
254 689 179
445 678 180
115 213 181
159 647 182
67 121 183
331 407 184
762 966 185
50 476 186
159 525 187
251 252 188
474 475 189
159 746 190
525 527 191
441 662 192
895 897 193
90 521 194
50 1073 195
726 771 196
892 896 197
231 232 198
322 745 199
971 1048 200
251 764 201
392 807 202
240 968 203
543 971 204
783 979 205
313 804 206
239 557 207
50 1105 208
503 504 209
851 852 210
232 664 211
896 897 212
87 1099 213
590 594 214
785 971 215
968 970 216
503 834 217
304 499 218
713 869 219
9 11 220
50 85 221
121 299 222
428 441 223
27 332 224
338 716 225
213 1076 226
377 587 227
894 897 228
50 951 229
50 1095 230
121 179 231
190 963 232
536 557 233
455 856 234
164 798 235
772 831 236
814 927 237
455 727 238
742 764 239
232 946 240
461 814 241
504 833 242
738 739 243
441 583 244
50 950 245
175 786 246
890 891 247
90 188 248
90 91 249
232 809 250
74 376 251
504 834 252
783 930 253
832 834 254
933 1085 255
175 803 256
201 717 257
254 752 258
503 833 259
240 871 260
338 569 261
238 239 262
504 832 263
594 929 264
919 997 265
50 483 266
121 889 267
338 717 268
610 1002 269
833 834 270
47 477 271
783 839 272
993 1103 273
503 832 274
499 567 275
814 917 276
204 407 277
337 338 278
887 892 279
341 548 280
37 171 281
553 786 282
873 1096 283
407 599 284
432 721 285
832 833 286
205 1072 287
212 326 288
313 1012 289
30 1097 290
748 749 291
205 760 292
446 447 293
646 875 294
8 33 295
329 341 296
574 771 297
377 547 298
891 1002 299
213 533 300
212 663 301
341 428 302
553 632 303
791 891 304
543 991 305
220 222 306
694 714 307
341 583 308
349 796 309
446 737 310
377 386 311
511 512 312
155 254 313
341 657 314
754 755 315
770 782 316
13 50 317
50 135 318
394 646 319
455 734 320
574 726 321
212 1075 322
809 975 323
50 675 324
341 397 325
407 947 326
588 659 327
132 961 328
15 500 329
212 931 330
332 712 331
933 1048 332
525 526 333
647 659 334
11 54 335
254 1110 336
455 478 337
212 932 338
691 742 339
159 588 340
262 723 341
331 906 342
341 365 343
721 722 344
874 933 345
442 608 346
736 743 347
691 692 348
783 784 349
291 548 350
175 916 351
148 149 352
322 741 353
640 780 354
704 837 355
499 924 356
254 797 357
446 457 358
525 829 359
220 221 360
132 646 361
239 499 362
609 995 363
123 125 364
474 481 365
594 649 366
190 195 367
654 738 368
512 753 369
212 787 370
689 692 371
715 717 372
11 821 373
262 651 374
826 827 375
377 578 376
933 972 377
171 877 378
291 341 379
349 620 380
30 683 381
43 941 382
240 970 383
725 726 384
805 945 385
468 469 386
588 746 387
87 733 388
336 338 389
201 688 390
798 799 391
880 881 392
940 1000 393
474 612 394
723 760 395
175 342 396
239 553 397
212 918 398
341 1025 399
469 628 400
772 830 401
880 982 402
164 420 403
171 255 404
432 722 405
332 822 406
967 996 407
33 414 408
15 658 409
313 944 410
519 940 411
175 934 412
332 1099 413
175 599 414
1081 1110 415
338 715 416
204 205 417
259 263 418
813 814 419
171 661 420
828 967 421
792 837 422
159 655 423
221 222 424
414 415 425
468 682 426
175 724 427
201 687 428
47 695 429
504 835 430
539 831 431
159 656 432
164 953 433
828 1109 434
338 718 435
512 586 436
609 774 437
557 966 438
52 116 439
175 239 440
414 566 441
773 777 442
882 982 443
253 254 444
8 964 445
341 384 446
406 407 447
15 677 448
543 999 449
814 823 450
83 84 451
244 468 452
873 897 453
8 974 454
171 472 455
874 1048 456
164 789 457
247 1112 458
11 582 459
811 834 460
1080 1081 461
543 546 462
828 1108 463
116 544 464
340 562 465
874 908 466
254 591 467
123 766 468
851 853 469
940 1100 470
499 885 471
62 235 472
254 757 473
171 464 474
254 740 475
881 882 476
171 330 477
553 668 478
171 210 479
334 768 480
30 115 481
52 544 482
827 996 483
981 982 484
165 789 485
792 848 486
833 835 487
468 628 488
640 883 489
124 428 490
210 519 491
647 746 492
178 201 493
850 1092 494
805 874 495
247 844 496
456 765 497
830 831 498
8 650 499
123 767 500
771 830 501
212 454 502
716 717 503
832 835 504
411 958 505
647 795 506
30 549 507
714 947 508
165 420 509
116 546 510
171 589 511
456 690 512
1071 1072 513
11 389 514
478 512 515
43 837 516
8 872 517
175 490 518
190 767 519
548 777 520
588 656 521
567 928 522
526 527 523
741 745 524
581 726 525
590 649 526
954 955 527
543 544 528
174 175 529
261 465 530
969 970 531
536 537 532
553 724 533
566 770 534
482 601 535
778 965 536
116 543 537
921 922 538
21 598 539
239 724 540
938 939 541
609 775 542
347 349 543
640 1106 544
239 342 545
334 769 546
805 1013 547
820 928 548
189 206 549
8 836 550
407 454 551
67 299 552
768 769 553
828 935 554
11 939 555
12 958 556
883 1106 557
116 545 558
490 916 559
1108 1109 560
74 771 561
171 462 562
475 601 563
493 594 564
43 359 565
451 878 566
715 716 567
805 1085 568
827 828 569
834 835 570
299 459 571
834 1004 572
689 690 573
678 679 574
422 512 575
486 548 576
113 705 577
457 693 578
588 655 579
654 739 580
21 658 581
247 781 582
539 771 583
503 835 584
117 206 585
11 177 586
873 888 587
473 474 588
101 200 589
231 946 590
149 197 591
445 943 592
248 648 593
262 779 594
481 482 595
678 1055 596
211 1026 597
519 817 598
11 683 599
766 767 600
139 530 601
349 684 602
15 476 603
175 668 604
262 652 605
527 829 606
778 779 607
958 1047 608
687 688 609
716 718 610
52 546 611
262 333 612
52 545 613
212 555 614
908 1048 615
774 775 616
717 718 617
746 770 618
828 996 619
164 418 620
333 334 621
791 888 622
954 956 623
259 465 624
432 528 625
475 481 626
16 660 627
243 595 628
543 545 629
210 211 630
261 333 631
805 1014 632
948 987 633
873 887 634
57 313 635
242 407 636
982 1094 637
175 339 638
337 569 639
451 1104 640
247 577 641
976 977 642
704 879 643
254 690 644
715 718 645
457 818 646
190 780 647
52 543 648
838 841 649
52 189 650
262 334 651
573 574 652
239 756 653
689 691 654
871 962 655
11 549 656
116 206 657
349 585 658
955 956 659
928 1049 660
837 1098 661
11 387 662
651 652 663
190 597 664
547 578 665
991 999 666
519 877 667
948 1007 668
411 445 669
38 340 670
60 804 671
349 812 672
11 575 673
175 499 674
690 692 675
880 882 676
52 117 677
115 837 678
212 542 679
259 333 680
690 765 681
852 853 682
1006 1007 683
632 633 684
965 1083 685
279 457 686
387 389 687
190 816 688
308 518 689
655 656 690
38 39 691
987 1005 692
190 642 693
204 242 694
246 781 695
826 1087 696
250 349 697
30 559 698
342 343 699
575 582 700
881 1094 701
659 746 702
261 334 703
57 804 704
344 345 705
33 415 706
773 776 707
87 176 708
202 291 709
704 923 710
30 558 711
52 206 712
192 926 713
653 654 714
704 843 715
782 815 716
616 1047 717
172 463 718
585 812 719
43 1078 720
191 575 721
421 422 722
38 1015 723
611 913 724
8 413 725
212 535 726
453 454 727
20 919 728
38 77 729
60 215 730
828 874 731
130 247 732
234 561 733
52 598 734
69 242 735
976 978 736
191 582 737
323 326 738
941 1078 739
524 1055 740
245 246 741
60 313 742
67 224 743
241 242 744
213 346 745
811 1090 746
810 811 747
118 479 748
166 168 749
257 365 750
326 787 751
262 263 752
793 888 753
242 556 754
326 454 755
130 577 756
164 419 757
826 828 758
127 477 759
948 1046 760
291 648 761
485 486 762
262 465 763
235 571 764
595 900 765
611 842 766
172 174 767
172 611 768
195 748 769
38 126 770
260 262 771
948 1006 772
254 258 773
669 672 774
473 475 775
616 958 776
348 349 777
139 355 778
1033 1086 779
190 552 780
582 821 781
162 584 782
190 550 783
881 948 784
118 119 785
11 744 786
208 560 787
193 194 788
350 562 789
190 863 790
141 144 791
384 519 792
530 565 793
195 780 794
585 684 795
166 167 796
545 546 797
948 1093 798
165 424 799
164 788 800
977 978 801
165 788 802
118 622 803
225 234 804
925 926 805
198 483 806
124 1025 807
648 790 808
566 782 809
149 218 810
52 563 811
108 215 812
887 888 813
155 157 814
199 560 815
684 812 816
811 972 817
259 262 818
358 672 819
76 680 820
259 260 821
1083 1084 822
137 735 823
380 381 824
124 959 825
24 377 826
14 636 827
388 389 828
340 665 829
195 597 830
580 581 831
67 223 832
540 542 833
30 607 834
125 335 835
445 622 836
187 575 837
74 539 838
539 541 839
173 175 840
212 554 841
286 632 842
94 95 843
139 357 844
926 1070 845
35 648 846
544 546 847
67 568 848
324 326 849
346 582 850
226 584 851
195 816 852
373 1027 853
1013 1014 854
212 539 855
11 558 856
38 124 857
811 1082 858
1027 1028 859
304 305 860
325 326 861
466 467 862
581 725 863
54 558 864
11 681 865
161 964 866
570 571 867
347 457 868
483 484 869
190 551 870
666 667 871
167 301 872
571 758 873
41 190 874
139 565 875
948 1005 876
326 453 877
965 1084 878
430 759 879
192 925 880
212 540 881
235 236 882
430 606 883
445 491 884
630 632 885
900 902 886
162 226 887
166 301 888
345 480 889
30 759 890
45 223 891
11 579 892
195 642 893
320 321 894
540 541 895
202 203 896
212 534 897
239 307 898
632 850 899
654 672 900
45 67 901
20 320 902
11 680 903
144 166 904
598 1111 905
346 821 906
899 915 907
12 445 908
140 1019 909
387 388 910
169 301 911
214 215 912
554 555 913
653 728 914
972 973 915
570 572 916
180 190 917
304 307 918
261 262 919
539 542 920
1028 1113 921
1032 1033 922
35 98 923
291 790 924
470 500 925
581 719 926
167 168 927
541 542 928
11 187 929
11 409 930
212 541 931
247 1050 932
11 408 933
30 884 934
534 535 935
166 169 936
168 301 937
305 307 938
153 460 939
74 831 940
544 545 941
948 1094 942
60 214 943
291 385 944
20 308 945
1069 1113 946
207 208 947
551 552 948
239 873 949
1 632 950
11 576 951
168 169 952
671 672 953
93 516 954
140 427 955
571 572 956
195 749 957
788 789 958
195 529 959
105 658 960
631 632 961
25 42 962
371 461 963
653 713 964
229 230 965
670 672 966
311 529 967
538 540 968
794 800 969
41 311 970
167 169 971
270 354 972
538 542 973
30 898 974
353 427 975
225 561 976
11 191 977
195 552 978
11 761 979
296 900 980
259 261 981
307 516 982
11 140 983
130 599 984
373 1028 985
225 493 986
372 461 987
603 604 988
430 607 989
1028 1069 990
140 177 991
147 470 992
195 311 993
647 794 994
40 249 995
212 538 996
228 248 997
225 849 998
538 539 999
187 582 1000
404 1077 1001
539 540 1002
30 635 1003
124 225 1004
130 175 1005
11 427 1006
99 218 1007
235 570 1008
669 671 1009
818 819 1010
1003 1052 1011
140 227 1012
605 1104 1013
445 957 1014
62 236 1015
538 541 1016
60 108 1017
339 668 1018
296 1008 1019
20 78 1020
195 551 1021
250 594 1022
154 286 1023
191 216 1024
350 352 1025
164 424 1026
184 185 1027
604 605 1028
130 1050 1029
190 311 1030
351 352 1031
667 668 1032
195 550 1033
57 60 1034
199 202 1035
148 218 1036
108 214 1037
199 208 1038
226 227 1039
350 735 1040
95 516 1041
180 195 1042
256 257 1043
427 602 1044
948 982 1045
8 161 1046
324 325 1047
1003 1051 1048
914 915 1049
339 667 1050
173 174 1051
937 1052 1052
41 195 1053
1089 1090 1054
165 191 1055
212 325 1056
477 510 1057
865 867 1058
371 372 1059
218 219 1060
491 957 1061
173 698 1062
805 1062 1063
92 516 1064
286 676 1065
404 405 1066
250 493 1067
606 607 1068
20 321 1069
249 250 1070
411 899 1071
172 173 1072
550 863 1073
70 439 1074
430 898 1075
666 668 1076
669 670 1077
358 669 1078
345 461 1079
62 356 1080
1051 1052 1081
70 146 1082
430 600 1083
1032 1035 1084
899 914 1085
20 28 1086
141 166 1087
345 372 1088
35 248 1089
127 510 1090
183 184 1091
307 458 1092
515 516 1093
259 334 1094
212 323 1095
245 247 1096
396 599 1097
937 1051 1098
183 185 1099
403 484 1100
195 863 1101
339 666 1102
430 884 1103
11 893 1104
194 354 1105
627 878 1106
172 175 1107
654 671 1108
270 622 1109
592 634 1110
811 1089 1111
8 510 1112
323 325 1113
365 860 1114
28 78 1115
151 196 1116
654 670 1117
670 671 1118
936 937 1119
603 605 1120
307 495 1121
605 627 1122
358 671 1123
426 427 1124
191 192 1125
625 627 1126
345 371 1127
89 417 1128
859 860 1129
93 95 1130
290 814 1131
140 893 1132
30 960 1133
458 516 1134
937 1003 1135
99 240 1136
212 324 1137
654 669 1138
64 235 1139
3 34 1140
175 396 1141
270 318 1142
40 227 1143
150 151 1144
355 629 1145
139 629 1146
286 673 1147
290 296 1148
592 593 1149
323 324 1150
911 1101 1151
228 685 1152
948 986 1153
909 911 1154
93 307 1155
317 318 1156
327 328 1157
1032 1086 1158
350 351 1159
12 491 1160
358 670 1161
410 635 1162
30 410 1163
358 654 1164
408 635 1165
92 307 1166
24 311 1167
89 416 1168
353 426 1169
270 445 1170
93 458 1171
186 187 1172
187 233 1173
164 423 1174
30 606 1175
160 187 1176
266 429 1177
416 500 1178
423 424 1179
3 319 1180
449 732 1181
365 1054 1182
419 420 1183
64 236 1184
416 417 1185
228 648 1186
177 257 1187
130 396 1188
64 404 1189
165 423 1190
76 1018 1191
95 458 1192
630 633 1193
409 635 1194
1 633 1195
225 959 1196
625 626 1197
228 230 1198
451 605 1199
181 182 1200
64 356 1201
92 93 1202
620 623 1203
631 633 1204
8 477 1205
95 307 1206
846 847 1207
1016 1018 1208
54 635 1209
365 859 1210
177 227 1211
972 986 1212
92 458 1213
92 95 1214
266 960 1215
49 1032 1216
99 103 1217
593 634 1218
626 627 1219
250 348 1220
347 348 1221
88 471 1222
49 1033 1223
160 237 1224
471 523 1225
49 1053 1226
845 846 1227
886 888 1228
268 270 1229
418 420 1230
412 413 1231
9 30 1232
605 878 1233
181 498 1234
2 888 1235
35 228 1236
2 886 1237
270 317 1238
146 508 1239
30 409 1240
873 886 1241
40 425 1242
1032 1036 1243
63 64 1244
439 508 1245
177 256 1246
9 635 1247
24 522 1248
187 191 1249
250 347 1250
30 54 1251
30 408 1252
194 270 1253
1017 1018 1254
177 893 1255
948 972 1256
99 100 1257
409 410 1258
1 631 1259
293 635 1260
145 508 1261
2 873 1262
1 630 1263
623 653 1264
54 410 1265
62 63 1266
89 500 1267
237 1023 1268
429 960 1269
630 631 1270
146 439 1271
64 405 1272
49 1036 1273
989 990 1274
620 653 1275
980 990 1276
8 412 1277
24 195 1278
904 990 1279
9 54 1280
76 1016 1281
605 626 1282
228 229 1283
408 410 1284
24 190 1285
418 419 1286
54 409 1287
194 268 1288
9 408 1289
76 1017 1290
9 410 1291
63 356 1292
293 410 1293
1016 1017 1294
54 408 1295
605 625 1296
988 990 1297
9 409 1298
30 293 1299
408 409 1300
177 395 1301
9 293 1302
293 409 1303
293 408 1304
846 990 1305
54 293 1306
858 990 1307
751 990 1308
750 990 1309
62 64 1310
980 989 1311
30 429 1312
751 980 1313
904 980 1314
751 904 1315
750 904 1316
751 989 1317
846 904 1318
988 989 1319
751 846 1320
904 988 1321
846 989 1322
904 989 1323
858 904 1324
846 980 1325
858 980 1326
750 980 1327
750 858 1328
846 858 1329
858 989 1330
751 858 1331
145 146 1332
846 988 1333
145 439 1334
980 988 1335
750 751 1336
30 430 1337
750 988 1338
751 988 1339
30 266 1340
750 846 1341
750 989 1342
858 988 1343
