87 332 1
783 930 2
783 979 3
839 930 4
930 979 5
610 891 6
783 839 7
543 991 8
891 920 9
15 783 10
455 512 11
692 791 12
646 721 13
543 999 14
920 1002 15
762 854 16
762 855 17
791 891 18
436 531 19
692 994 20
436 840 21
692 870 22
190 767 23
692 891 24
531 840 25
457 693 26
891 1002 27
531 952 28
377 721 29
692 873 30
954 955 31
839 979 32
436 952 33
783 784 34
557 756 35
457 818 36
692 992 37
469 628 38
175 238 39
762 966 40
851 852 41
11 30 42
704 837 43
21 598 44
240 871 45
536 557 46
332 1099 47
254 692 48
21 232 49
121 851 50
87 1099 51
164 953 52
646 875 53
851 853 54
52 598 55
692 752 56
15 930 57
474 646 58
531 532 59
692 793 60
139 222 61
610 920 62
331 407 63
341 428 64
598 1111 65
557 762 66
531 654 67
763 792 68
15 839 69
296 900 70
205 723 71
955 956 72
11 821 73
794 800 74
890 891 75
566 782 76
341 397 77
164 165 78
474 612 79
50 951 80
446 457 81
954 956 82
296 1008 83
394 646 84
543 546 85
213 792 86
286 676 87
468 469 88
115 837 89
341 441 90
499 928 91
30 430 92
279 457 93
262 778 94
933 971 95
121 889 96
557 966 97
201 338 98
436 654 99
785 971 100
553 632 101
121 853 102
190 597 103
421 422 104
993 1103 105
828 996 106
436 739 107
52 189 108
713 869 109
50 950 110
543 544 111
834 1004 112
175 499 113
531 739 114
159 322 115
403 484 116
692 1096 117
543 545 118
610 1002 119
933 973 120
67 121 121
331 332 122
818 819 123
894 896 124
254 752 125
525 745 126
654 738 127
159 741 128
531 738 129
246 247 130
689 692 131
891 994 132
852 853 133
238 743 134
244 468 135
771 772 136
854 855 137
892 894 138
704 923 139
27 332 140
15 979 141
770 782 142
27 87 143
895 896 144
11 474 145
841 930 146
892 896 147
921 922 148
692 888 149
121 179 150
968 970 151
892 895 152
436 738 153
52 117 154
407 714 155
920 921 156
837 1098 157
87 733 158
238 803 159
468 682 160
121 852 161
430 884 162
15 658 163
778 779 164
896 897 165
21 658 166
30 759 167
647 795 168
894 897 169
87 176 170
376 771 171
894 895 172
993 994 173
430 759 174
704 879 175
262 779 176
566 770 177
691 692 178
164 789 179
430 898 180
332 822 181
933 1048 182
30 1097 183
30 474 184
159 647 185
113 212 186
332 712 187
154 286 188
647 794 189
190 780 190
830 831 191
1080 1081 192
213 837 193
763 837 194
839 841 195
105 658 196
238 239 197
839 840 198
1071 1072 199
647 746 200
24 377 201
30 898 202
474 721 203
653 713 204
840 952 205
159 525 206
785 933 207
895 897 208
254 740 209
377 587 210
840 930 211
43 763 212
15 469 213
159 745 214
478 512 215
838 840 216
838 930 217
792 837 218
838 839 219
873 894 220
208 560 221
659 746 222
920 922 223
828 967 224
933 945 225
195 749 226
254 691 227
407 694 228
933 1107 229
543 971 230
736 743 231
793 888 232
499 567 233
690 692 234
908 933 235
21 499 236
50 469 237
175 724 238
468 628 239
1081 1110 240
52 563 241
341 657 242
827 996 243
238 407 244
50 954 245
238 736 246
240 970 247
805 908 248
771 830 249
313 944 250
213 240 251
536 537 252
828 874 253
873 994 254
50 101 255
52 543 256
594 929 257
30 884 258
608 763 259
967 996 260
254 1081 261
8 872 262
339 557 263
341 548 264
503 834 265
714 947 266
432 721 267
553 786 268
590 594 269
721 722 270
504 834 271
694 714 272
11 187 273
175 803 274
212 454 275
828 1108 276
928 1049 277
991 999 278
213 763 279
778 965 280
232 664 281
231 946 282
238 1102 283
432 722 284
640 780 285
212 535 286
164 798 287
190 816 288
376 831 289
771 831 290
329 341 291
52 546 292
254 322 293
377 386 294
933 972 295
828 1109 296
840 841 297
871 962 298
446 447 299
113 705 300
212 931 301
50 1105 302
52 544 303
341 1025 304
873 891 305
159 659 306
704 843 307
132 646 308
50 956 309
132 961 310
570 572 311
820 928 312
15 50 313
50 955 314
262 723 315
726 771 316
232 946 317
574 726 318
654 739 319
30 559 320
594 649 321
455 727 322
608 792 323
832 834 324
828 935 325
919 997 326
175 786 327
212 787 328
376 726 329
571 758 330
212 1075 331
213 608 332
647 659 333
442 608 334
503 833 335
238 998 336
574 771 337
11 761 338
74 376 339
792 848 340
483 484 341
50 198 342
376 772 343
504 832 344
407 947 345
512 753 346
773 777 347
1027 1028 348
50 1073 349
341 583 350
373 1028 351
175 239 352
21 928 353
190 792 354
723 760 355
254 1080 356
175 396 357
805 945 358
486 548 359
827 828 360
299 459 361
331 906 362
805 874 363
50 135 364
933 1085 365
503 835 366
286 673 367
254 1110 368
609 774 369
270 445 370
11 744 371
30 606 372
1013 1014 373
392 446 374
290 296 375
548 777 376
720 721 377
811 834 378
826 827 379
235 570 380
1028 1113 381
165 789 382
331 1074 383
308 518 384
52 545 385
212 326 386
874 1048 387
190 863 388
254 797 389
204 407 390
485 486 391
504 835 392
116 543 393
248 341 394
254 690 395
588 659 396
826 828 397
873 1096 398
291 548 399
772 831 400
30 607 401
791 888 402
212 663 403
833 835 404
124 959 405
212 932 406
239 557 407
432 528 408
11 579 409
205 1071 410
473 474 411
377 547 412
874 933 413
253 254 414
159 655 415
159 746 416
164 799 417
326 787 418
15 500 419
231 232 420
67 299 421
969 970 422
101 200 423
164 423 424
195 780 425
313 1012 426
377 578 427
254 591 428
130 247 429
322 745 430
455 733 431
116 544 432
445 622 433
123 767 434
50 247 435
201 717 436
210 519 437
873 896 438
838 841 439
52 206 440
254 757 441
175 342 442
199 208 443
798 799 444
567 928 445
50 85 446
175 553 447
240 968 448
748 749 449
9 11 450
11 191 451
313 804 452
834 835 453
8 33 454
11 54 455
503 832 456
503 504 457
873 897 458
201 687 459
123 766 460
525 829 461
873 895 462
130 175 463
553 668 464
805 1085 465
8 964 466
270 622 467
43 115 468
504 833 469
766 767 470
687 688 471
239 553 472
338 612 473
475 482 474
774 775 475
201 688 476
832 833 477
43 941 478
212 534 479
239 499 480
976 978 481
11 408 482
50 675 483
199 202 484
164 424 485
190 642 486
116 545 487
338 716 488
8 477 489
11 575 490
164 788 491
232 809 492
323 326 493
805 933 494
178 201 495
159 588 496
50 476 497
50 754 498
60 313 499
124 428 500
174 175 501
338 717 502
52 116 503
118 119 504
171 472 505
689 691 506
50 1095 507
121 299 508
213 871 509
338 718 510
782 815 511
971 1048 512
123 125 513
446 737 514
195 748 515
205 1072 516
725 726 517
124 225 518
511 512 519
805 1013 520
74 771 521
115 213 522
254 689 523
254 742 524
832 835 525
41 190 526
124 1025 527
212 555 528
609 775 529
726 772 530
171 462 531
242 407 532
8 412 533
717 718 534
37 171 535
212 918 536
338 715 537
754 755 538
1028 1069 539
43 837 540
15 677 541
640 883 542
407 454 543
746 770 544
474 475 545
977 978 546
874 908 547
525 526 548
16 660 549
57 313 550
30 115 551
338 474 552
8 510 553
482 601 554
239 342 555
474 482 556
24 190 557
171 255 558
609 995 559
30 683 560
590 649 561
805 1014 562
888 891 563
11 427 564
50 483 565
116 546 566
118 479 567
445 958 568
155 254 569
190 552 570
407 599 571
716 718 572
428 441 573
199 560 574
326 454 575
833 834 576
11 582 577
171 589 578
198 483 579
544 546 580
1083 1084 581
190 311 582
171 661 583
175 934 584
336 338 585
527 829 586
573 574 587
475 601 588
213 1076 589
456 690 590
525 527 591
117 206 592
30 549 593
125 335 594
976 977 595
175 916 596
11 576 597
165 420 598
190 195 599
475 481 600
809 975 601
322 741 602
11 549 603
139 530 604
171 210 605
455 734 606
74 831 607
653 728 608
588 746 609
239 756 610
247 781 611
247 1112 612
512 586 613
159 656 614
526 527 615
445 943 616
205 1079 617
262 652 618
456 765 619
715 717 620
195 597 621
715 718 622
11 409 623
164 420 624
451 605 625
334 768 626
595 900 627
207 208 628
8 836 629
11 683 630
194 268 631
325 326 632
43 213 633
373 1027 634
247 577 635
948 1005 636
716 717 637
948 1046 638
8 974 639
175 490 640
195 816 641
406 407 642
213 609 643
446 807 644
262 651 645
195 529 646
38 124 647
164 418 648
908 1048 649
640 1106 650
24 311 651
773 776 652
290 814 653
171 464 654
900 902 655
880 882 656
651 652 657
451 878 658
948 1093 659
8 413 660
690 765 661
140 427 662
455 478 663
116 206 664
67 224 665
580 581 666
411 958 667
1089 1090 668
611 913 669
371 372 670
813 814 671
588 655 672
422 512 673
234 561 674
883 1106 675
130 1050 676
588 656 677
190 551 678
544 545 679
213 995 680
202 291 681
11 387 682
345 480 683
205 760 684
225 959 685
212 323 686
239 724 687
11 389 688
453 454 689
41 195 690
547 578 691
30 558 692
445 957 693
814 917 694
130 577 695
341 365 696
165 788 697
286 632 698
1006 1007 699
15 476 700
164 419 701
225 561 702
826 1087 703
689 690 704
865 867 705
882 982 706
772 830 707
948 1007 708
814 927 709
948 987 710
499 885 711
193 194 712
291 341 713
474 481 714
171 877 715
248 365 716
445 678 717
190 963 718
585 684 719
137 735 720
948 1006 721
881 882 722
1108 1109 723
11 558 724
811 972 725
965 1084 726
187 582 727
191 582 728
738 739 729
43 1078 730
490 916 731
965 1083 732
14 636 733
43 123 734
326 453 735
160 187 736
245 247 737
655 656 738
554 555 739
162 584 740
195 863 741
545 546 742
691 742 743
168 301 744
324 326 745
88 471 746
11 177 747
611 842 748
60 215 749
195 551 750
172 611 751
187 575 752
235 571 753
1069 1113 754
57 804 755
570 571 756
175 668 757
499 924 758
481 482 759
715 716 760
334 769 761
455 856 762
99 240 763
212 554 764
653 654 765
430 600 766
605 627 767
173 698 768
814 823 769
1032 1035 770
155 157 771
8 650 772
445 491 773
57 60 774
850 1092 775
684 812 776
941 1078 777
262 263 778
471 523 779
539 540 780
788 789 781
411 445 782
451 1104 783
338 569 784
60 804 785
247 844 786
337 338 787
11 84 788
187 191 789
404 1077 790
195 311 791
344 345 792
539 541 793
880 982 794
958 1047 795
11 939 796
139 357 797
581 725 798
948 972 799
191 575 800
427 602 801
195 552 802
11 938 803
165 423 804
118 622 805
581 726 806
441 747 807
551 552 808
873 888 809
169 301 810
605 1104 811
195 642 812
811 1082 813
47 695 814
67 568 815
168 169 816
43 359 817
190 550 818
41 311 819
250 493 820
212 325 821
470 500 822
938 939 823
24 522 824
880 881 825
461 814 826
172 463 827
323 325 828
304 499 829
493 594 830
139 565 831
162 226 832
12 958 833
171 330 834
212 541 835
239 873 836
571 572 837
741 745 838
582 821 839
553 724 840
172 175 841
982 1094 842
387 389 843
430 606 844
412 413 845
654 671 846
172 174 847
604 605 848
805 1062 849
213 533 850
473 475 851
987 1005 852
742 764 853
74 539 854
346 582 855
948 1094 856
11 681 857
538 542 858
768 769 859
254 258 860
180 190 861
539 542 862
60 214 863
654 669 864
887 892 865
353 427 866
337 569 867
430 607 868
291 790 869
67 223 870
345 372 871
358 654 872
12 445 873
291 648 874
519 940 875
251 252 876
981 982 877
30 429 878
538 541 879
534 535 880
881 948 881
925 926 882
147 470 883
926 1070 884
603 604 885
881 1094 886
262 465 887
524 1055 888
239 307 889
11 140 890
194 270 891
539 771 892
89 416 893
212 542 894
192 925 895
12 491 896
581 719 897
192 926 898
881 982 899
204 205 900
212 539 901
94 95 902
45 67 903
11 680 904
225 493 905
539 831 906
194 354 907
243 595 908
540 542 909
167 168 910
346 821 911
291 385 912
936 937 913
212 538 914
449 732 915
1032 1033 916
8 161 917
24 195 918
261 262 919
202 203 920
220 222 921
30 54 922
550 863 923
62 63 924
191 216 925
347 457 926
9 30 927
189 206 928
538 539 929
972 973 930
515 516 931
538 540 932
161 964 933
225 849 934
541 542 935
212 540 936
426 427 937
873 887 938
89 417 939
458 516 940
204 242 941
441 583 942
166 301 943
172 173 944
248 648 945
225 234 946
187 233 947
127 477 948
173 175 949
175 339 950
211 1026 951
342 343 952
235 236 953
212 324 954
311 529 955
171 519 956
62 235 957
411 899 958
30 960 959
213 346 960
380 381 961
45 223 962
605 878 963
810 811 964
247 1050 965
259 262 966
93 516 967
167 169 968
540 541 969
365 1054 970
575 582 971
20 308 972
166 168 973
250 594 974
887 888 975
226 584 976
261 465 977
603 605 978
519 877 979
93 458 980
648 790 981
180 195 982
93 95 983
625 627 984
221 222 985
616 1047 986
605 626 987
654 670 988
268 270 989
30 408 990
165 191 991
108 214 992
307 458 993
218 219 994
130 396 995
49 1053 996
372 461 997
259 261 998
669 672 999
530 565 1000
60 108 1001
605 625 1002
353 426 1003
229 230 1004
270 354 1005
167 301 1006
35 228 1007
251 764 1008
349 796 1009
358 669 1010
627 878 1011
33 415 1012
11 893 1013
251 742 1014
62 236 1015
186 187 1016
323 324 1017
914 915 1018
324 325 1019
350 352 1020
392 674 1021
404 405 1022
899 915 1023
340 562 1024
811 1090 1025
140 1019 1026
911 1101 1027
940 1000 1028
250 348 1029
339 668 1030
350 562 1031
184 185 1032
259 333 1033
392 521 1034
95 458 1035
173 174 1036
358 672 1037
30 266 1038
93 307 1039
127 510 1040
246 781 1041
846 847 1042
150 151 1043
350 735 1044
62 356 1045
166 167 1046
416 417 1047
654 672 1048
260 262 1049
345 371 1050
1033 1086 1051
348 349 1052
214 215 1053
183 184 1054
242 556 1055
69 242 1056
92 307 1057
339 667 1058
140 177 1059
220 221 1060
261 334 1061
35 248 1062
54 558 1063
317 318 1064
183 185 1065
259 465 1066
948 982 1067
259 263 1068
340 665 1069
899 914 1070
519 817 1071
1032 1086 1072
491 957 1073
666 667 1074
1032 1036 1075
388 389 1076
30 409 1077
64 235 1078
347 349 1079
92 516 1080
191 192 1081
270 318 1082
671 672 1083
108 215 1084
358 671 1085
670 672 1086
35 98 1087
63 356 1088
632 633 1089
320 321 1090
1003 1052 1091
616 958 1092
76 680 1093
99 100 1094
667 668 1095
2 886 1096
669 671 1097
670 671 1098
237 1023 1099
358 670 1100
175 599 1101
99 218 1102
166 169 1103
195 550 1104
20 320 1105
181 182 1106
259 260 1107
392 807 1108
845 846 1109
245 246 1110
606 607 1111
151 196 1112
62 64 1113
669 670 1114
371 461 1115
20 919 1116
339 666 1117
811 1089 1118
940 1100 1119
90 188 1120
593 634 1121
351 352 1122
365 859 1123
632 850 1124
349 684 1125
181 498 1126
678 1055 1127
626 627 1128
972 986 1129
35 648 1130
140 893 1131
304 307 1132
466 467 1133
92 458 1134
130 599 1135
90 521 1136
153 460 1137
141 144 1138
160 237 1139
345 461 1140
1003 1051 1141
3 34 1142
92 95 1143
49 1032 1144
95 516 1145
139 355 1146
99 103 1147
226 227 1148
241 242 1149
165 424 1150
262 334 1151
333 334 1152
250 347 1153
350 351 1154
140 227 1155
365 860 1156
363 392 1157
25 42 1158
859 860 1159
349 585 1160
92 93 1161
355 629 1162
30 410 1163
228 685 1164
261 333 1165
90 392 1166
1051 1052 1167
396 599 1168
139 629 1169
937 1003 1170
937 1051 1171
13 50 1172
228 229 1173
228 648 1174
384 519 1175
20 321 1176
38 1015 1177
259 334 1178
414 566 1179
249 250 1180
228 230 1181
90 91 1182
177 893 1183
262 333 1184
95 307 1185
250 349 1186
477 510 1187
49 1033 1188
47 477 1189
631 633 1190
937 1052 1191
909 911 1192
38 340 1193
64 236 1194
144 166 1195
256 257 1196
63 64 1197
630 632 1198
38 39 1199
149 197 1200
592 593 1201
148 149 1202
948 986 1203
38 126 1204
418 420 1205
270 317 1206
228 248 1207
585 812 1208
177 227 1209
625 626 1210
630 631 1211
64 404 1212
210 211 1213
307 495 1214
423 424 1215
20 78 1216
678 679 1217
141 166 1218
177 257 1219
2 873 1220
630 633 1221
666 668 1222
307 516 1223
886 888 1224
38 77 1225
873 886 1226
414 415 1227
341 384 1228
40 425 1229
2 888 1230
83 84 1231
408 635 1232
3 319 1233
30 635 1234
177 256 1235
257 365 1236
623 653 1237
148 218 1238
28 78 1239
347 348 1240
416 500 1241
387 388 1242
631 632 1243
349 620 1244
1 631 1245
40 227 1246
327 328 1247
49 1036 1248
33 414 1249
349 812 1250
9 410 1251
30 293 1252
751 990 1253
980 990 1254
1 632 1255
70 439 1256
1 633 1257
89 500 1258
441 662 1259
70 146 1260
592 634 1261
54 635 1262
293 410 1263
9 408 1264
1 630 1265
904 990 1266
418 419 1267
419 420 1268
751 980 1269
20 28 1270
54 410 1271
293 408 1272
9 635 1273
40 249 1274
146 439 1275
304 305 1276
1017 1018 1277
9 293 1278
751 904 1279
149 218 1280
408 409 1281
54 408 1282
410 635 1283
846 904 1284
9 54 1285
9 409 1286
64 356 1287
408 410 1288
904 980 1289
904 988 1290
54 293 1291
54 409 1292
409 410 1293
904 989 1294
858 904 1295
409 635 1296
305 307 1297
620 653 1298
751 988 1299
980 988 1300
750 858 1301
751 846 1302
293 635 1303
858 980 1304
64 405 1305
145 508 1306
750 989 1307
858 989 1308
293 409 1309
846 980 1310
1016 1018 1311
750 904 1312
750 980 1313
989 990 1314
750 751 1315
858 990 1316
751 989 1317
846 990 1318
846 988 1319
846 858 1320
620 623 1321
751 858 1322
988 990 1323
177 395 1324
146 508 1325
846 989 1326
980 989 1327
858 988 1328
429 960 1329
988 989 1330
750 988 1331
750 846 1332
750 990 1333
1016 1017 1334
90 414 1335
76 1018 1336
439 508 1337
76 1017 1338
145 146 1339
145 439 1340
76 1016 1341
266 429 1342
266 960 1343
