109 131 1
109 140 2
68 109 3
5 99 4
91 99 5
109 139 6
110 139 7
131 138 8
131 140 9
68 131 10
109 146 11
20 124 12
109 134 13
68 140 14
109 142 15
108 109 16
128 138 17
109 110 18
109 117 19
122 138 20
24 99 21
109 152 22
110 117 23
16 20 24
117 134 25
137 138 26
5 154 27
108 112 28
138 141 29
109 148 30
14 62 31
17 20 32
16 17 33
5 72 34
122 132 35
20 43 36
128 129 37
69 124 38
63 68 39
45 109 40
20 46 41
20 118 42
45 108 43
5 70 44
37 154 45
5 27 46
5 26 47
5 100 48
64 68 49
41 127 50
41 42 51
41 130 52
48 49 53
41 150 54
5 54 55
62 114 56
72 113 57
41 125 58
5 111 59
5 104 60
40 41 61
44 109 62
45 148 63
5 155 64
36 72 65
20 45 66
6 68 67
40 42 68
24 101 69
94 122 70
44 45 71
44 148 72
61 62 73
5 87 74
36 106 75
44 48 76
44 49 77
24 25 78
20 65 79
9 105 80
5 37 81
45 65 82
63 64 83
9 10 84
24 29 85
66 67 86
11 135 87
61 114 88
115 153 89
20 44 90
9 153 91
115 126 92
9 126 93
44 65 94
9 115 95
126 153 96
5 86 97
1 24 98
61 107 99
6 63 100
22 44 101
6 64 102
39 88 103
11 88 104
86 87 105
11 39 106
55 65 107
47 65 108
19 65 109
34 44 110
38 44 111
115 116 112
60 156 113
83 88 114
59 60 115
25 115 116
88 96 117
38 88 118
38 83 119
25 101 120
83 96 121
19 94 122
5 61 123
25 116 124
14 102 125
14 103 126
38 96 127
6 85 128
6 7 129
44 89 130
97 98 131
95 96 132
93 94 133
6 8 134
38 95 135
7 85 136
19 93 137
34 89 138
1 2 139
102 103 140
13 44 141
29 30 142
7 8 143
8 85 144
13 34 145
28 29 146
28 30 147
