122 132 1
109 131 2
109 152 3
109 146 4
109 117 5
109 139 6
109 140 7
5 155 8
5 99 9
109 148 10
109 110 11
131 140 12
109 142 13
122 138 14
108 109 15
97 98 16
45 109 17
91 99 18
128 129 19
5 100 20
44 109 21
109 134 22
40 41 23
41 42 24
5 27 25
128 138 26
68 109 27
94 122 28
14 103 29
131 138 30
110 117 31
5 72 32
14 62 33
41 127 34
24 99 35
41 130 36
137 138 37
40 42 38
138 141 39
41 125 40
5 111 41
41 150 42
110 139 43
72 113 44
20 118 45
45 148 46
68 131 47
68 140 48
14 102 49
108 112 50
5 61 51
69 124 52
102 103 53
45 108 54
20 43 55
20 44 56
5 37 57
20 124 58
117 134 59
17 20 60
44 148 61
62 114 62
20 46 63
61 114 64
5 154 65
36 72 66
44 45 67
5 104 68
20 45 69
61 62 70
22 44 71
5 54 72
48 49 73
24 25 74
5 26 75
44 48 76
45 65 77
16 20 78
25 101 79
63 64 80
37 154 81
20 65 82
25 116 83
44 65 84
24 101 85
25 115 86
115 153 87
16 17 88
115 126 89
5 70 90
36 106 91
1 2 92
6 64 93
126 153 94
9 126 95
9 153 96
64 68 97
5 86 98
6 63 99
63 68 100
1 24 101
9 115 102
44 49 103
5 87 104
115 116 105
61 107 106
6 85 107
24 29 108
7 85 109
6 7 110
6 68 111
47 65 112
66 67 113
39 88 114
55 65 115
86 87 116
34 44 117
38 44 118
9 105 119
44 89 120
7 8 121
38 88 122
83 96 123
38 96 124
38 83 125
83 88 126
11 88 127
88 96 128
93 94 129
6 8 130
9 10 131
19 65 132
38 95 133
8 85 134
11 39 135
95 96 136
34 89 137
59 60 138
29 30 139
60 156 140
11 135 141
19 93 142
19 94 143
13 34 144
13 44 145
28 29 146
28 30 147
