109 131 1
109 142 2
109 152 3
68 109 4
109 146 5
109 110 6
5 155 7
94 122 8
109 139 9
128 138 10
137 138 11
122 138 12
109 140 13
108 109 14
138 141 15
109 117 16
122 132 17
110 117 18
16 20 19
131 138 20
14 62 21
17 20 22
44 109 23
131 140 24
16 17 25
45 109 26
5 111 27
20 46 28
109 148 29
36 72 30
45 148 31
22 44 32
5 104 33
110 139 34
108 112 35
5 37 36
5 86 37
45 108 38
44 148 39
5 72 40
20 45 41
20 65 42
20 118 43
40 42 44
109 134 45
5 70 46
20 43 47
20 124 48
68 131 49
128 129 50
45 65 51
68 140 52
72 113 53
5 100 54
117 134 55
5 26 56
41 130 57
5 154 58
44 65 59
5 54 60
115 153 61
40 41 62
44 49 63
63 64 64
37 154 65
69 124 66
8 85 67
20 44 68
41 42 69
44 45 70
24 29 71
38 44 72
41 127 73
47 65 74
9 10 75
5 87 76
126 153 77
63 68 78
115 116 79
5 27 80
9 153 81
36 106 82
115 126 83
55 65 84
64 68 85
9 126 86
48 49 87
60 156 88
61 107 89
9 115 90
9 105 91
62 114 92
91 99 93
39 88 94
41 150 95
41 125 96
11 39 97
61 62 98
1 24 99
14 103 100
38 83 101
25 115 102
44 48 103
86 87 104
1 2 105
38 88 106
6 63 107
5 99 108
6 68 109
38 96 110
83 88 111
34 44 112
25 116 113
61 114 114
24 25 115
6 8 116
6 64 117
7 8 118
19 65 119
25 101 120
44 89 121
28 29 122
59 60 123
6 85 124
24 99 125
24 101 126
29 30 127
83 96 128
88 96 129
14 102 130
28 30 131
6 7 132
11 88 133
5 61 134
102 103 135
7 85 136
11 135 137
34 89 138
38 95 139
95 96 140
66 67 141
93 94 142
19 94 143
13 34 144
97 98 145
13 44 146
19 93 147
