109 131 1
122 138 2
131 138 3
5 155 4
5 104 5
5 27 6
109 140 7
110 117 8
109 139 9
5 100 10
5 26 11
5 37 12
131 140 13
5 111 14
109 110 15
94 122 16
5 70 17
5 54 18
109 134 19
138 141 20
5 72 21
137 138 22
68 109 23
5 154 24
122 132 25
20 124 26
68 140 27
5 86 28
128 138 29
109 117 30
68 131 31
5 87 32
109 148 33
109 146 34
45 108 35
110 139 36
109 152 37
14 62 38
108 109 39
5 61 40
16 20 41
109 142 42
41 125 43
45 148 44
41 127 45
41 130 46
17 20 47
41 150 48
20 43 49
45 109 50
20 46 51
117 134 52
37 154 53
40 42 54
20 118 55
40 41 56
20 45 57
72 113 58
41 42 59
9 105 60
61 62 61
9 10 62
69 124 63
44 148 64
108 112 65
5 99 66
44 49 67
44 48 68
11 135 69
126 153 70
24 25 71
45 65 72
16 17 73
20 65 74
44 45 75
48 49 76
97 98 77
9 153 78
9 126 79
128 129 80
115 126 81
61 114 82
62 114 83
64 68 84
66 67 85
115 153 86
44 109 87
6 68 88
47 65 89
63 68 90
86 87 91
36 72 92
38 83 93
61 107 94
55 65 95
19 94 96
7 8 97
39 88 98
44 65 99
44 89 100
20 44 101
11 88 102
25 115 103
38 88 104
11 39 105
9 115 106
1 24 107
8 85 108
24 29 109
115 116 110
6 8 111
34 44 112
24 101 113
13 44 114
38 96 115
38 95 116
83 88 117
63 64 118
25 116 119
38 44 120
7 85 121
83 96 122
6 7 123
34 89 124
6 85 125
95 96 126
25 101 127
88 96 128
36 106 129
102 103 130
6 63 131
59 60 132
6 64 133
14 102 134
13 34 135
28 30 136
91 99 137
14 103 138
24 99 139
19 65 140
60 156 141
22 44 142
93 94 143
19 93 144
1 2 145
29 30 146
28 29 147
