26 27 1
22 23 2
26 28 3
27 28 4
27 29 5
26 29 6
22 24 7
23 24 8
28 29 9
21 22 10
19 22 11
20 22 12
5 6 13
4 5 14
5 8 15
4 6 16
6 8 17
19 21 18
27 30 19
22 25 20
223 224 21
4 8 22
23 25 23
26 30 24
19 20 25
20 21 26
1 2 27
16 17 28
28 30 29
16 18 30
24 25 31
8 9 32
29 30 33
5 9 34
6 9 35
4 9 36
1 3 37
2 3 38
9 17 39
128 129 40
32 33 41
130 131 42
73 74 43
10 11 44
7 10 45
4 7 46
33 37 47
73 75 48
10 12 49
33 48 50
31 33 51
52 54 52
96 97 53
53 54 54
32 36 55
83 84 56
51 54 57
73 76 58
94 97 59
32 54 60
33 43 61
7 11 62
34 36 63
35 36 64
54 55 65
61 62 66
31 32 67
36 62 68
52 55 69
11 14 70
36 61 71
52 53 72
32 52 73
36 39 74
36 38 75
53 55 76
51 53 77
54 57 78
51 52 79
33 60 80
37 43 81
11 13 82
62 63 83
36 41 84
31 36 85
77 78 86
33 59 87
83 85 88
52 56 89
11 15 90
91 92 91
32 42 92
13 14 93
43 44 94
48 59 95
42 64 96
41 42 97
74 75 98
36 42 99
78 81 100
32 34 101
32 39 102
84 86 103
31 34 104
42 43 105
36 43 106
34 35 107
91 94 108
32 35 109
51 55 110
77 81 111
69 70 112
78 80 113
32 55 114
52 57 115
68 69 116
34 39 117
13 15 118
56 57 119
32 53 120
34 41 121
32 41 122
35 39 123
32 37 124
80 81 125
12 14 126
32 43 127
32 51 128
44 46 129
43 46 130
77 80 131
32 67 132
83 86 133
14 15 134
32 48 135
35 41 136
35 55 137
46 48 138
31 43 139
55 56 140
35 43 141
32 44 142
55 57 143
43 45 144
32 58 145
95 99 146
32 56 147
32 46 148
38 43 149
48 60 150
34 38 151
44 45 152
31 37 153
68 70 154
31 35 155
52 66 156
94 103 157
31 41 158
39 42 159
34 42 160
87 88 161
91 93 162
39 41 163
32 57 164
32 45 165
43 48 166
31 39 167
34 43 168
52 58 169
44 48 170
32 49 171
35 42 172
35 38 173
92 94 174
41 43 175
64 65 176
38 44 177
45 46 178
61 63 179
42 65 180
39 43 181
36 63 182
45 48 183
31 38 184
91 95 185
31 42 186
32 38 187
43 49 188
38 41 189
43 47 190
88 89 191
32 50 192
47 48 193
98 99 194
38 39 195
54 66 196
38 48 197
55 67 198
38 45 199
69 71 200
38 46 201
78 82 202
81 82 203
44 47 204
38 42 205
95 98 206
44 49 207
46 47 208
77 82 209
78 79 210
55 58 211
77 79 212
45 47 213
48 49 214
69 72 215
32 47 216
40 68 217
56 58 218
100 101 219
46 49 220
45 49 221
38 49 222
88 90 223
48 50 224
59 60 225
70 71 226
40 69 227
99 100 228
81 89 229
57 66 230
46 50 231
80 82 232
57 58 233
95 100 234
35 67 235
70 72 236
99 101 237
38 47 238
40 70 239
98 100 240
87 89 241
47 49 242
31 40 243
87 90 244
95 101 245
35 49 246
89 90 247
71 72 248
99 102 249
98 101 250
38 40 251
132 136 252
132 134 253
134 136 254
157 158 255
132 133 256
121 122 257
104 106 258
134 156 259
155 158 260
136 156 261
124 127 262
143 144 263
113 114 264
142 144 265
136 157 266
112 114 267
139 155 268
153 159 269
139 157 270
137 141 271
147 158 272
147 154 273
138 157 274
139 147 275
138 155 276
137 138 277
153 158 278
139 151 279
138 139 280
137 139 281
144 145 282
139 152 283
139 140 284
139 153 285
138 140 286
143 149 287
142 149 288
137 140 289
143 145 290
145 148 291
147 157 292
138 153 293
138 150 294
142 143 295
142 145 296
136 153 297
119 122 298
145 154 299
155 157 300
143 156 301
153 157 302
108 110 303
132 135 304
111 114 305
138 151 306
147 153 307
110 114 308
145 146 309
145 150 310
151 157 311
145 151 312
142 146 313
150 151 314
125 127 315
151 155 316
145 149 317
139 158 318
107 119 319
106 112 320
146 148 321
143 146 322
151 152 323
110 112 324
145 152 325
143 148 326
152 155 327
142 148 328
147 151 329
151 158 330
105 119 331
144 146 332
146 151 333
153 155 334
105 121 335
151 153 336
119 121 337
106 118 338
123 127 339
107 122 340
152 153 341
143 147 342
145 147 343
148 151 344
107 121 345
125 126 346
139 141 347
108 109 348
133 134 349
105 107 350
140 153 351
134 135 352
138 158 353
109 110 354
110 111 355
133 137 356
142 147 357
105 122 358
104 105 359
120 122 360
135 136 361
123 126 362
140 151 363
133 136 364
135 157 365
133 139 366
109 112 367
108 112 368
119 120 369
135 139 370
133 141 371
135 143 372
138 141 373
146 152 374
111 112 375
112 113 376
133 138 377
108 114 378
150 152 379
140 141 380
107 120 381
108 111 382
135 145 383
133 156 384
112 118 385
110 113 386
133 143 387
135 155 388
133 140 389
135 147 390
135 150 391
106 115 392
135 159 393
135 152 394
106 107 395
105 120 396
135 142 397
108 113 398
148 152 399
135 146 400
146 150 401
105 106 402
109 111 403
114 116 404
104 107 405
106 117 406
114 118 407
135 148 408
115 118 409
114 117 410
112 115 411
135 151 412
135 158 413
124 125 414
123 124 415
112 116 416
116 118 417
106 116 418
111 116 419
117 118 420
112 117 421
113 116 422
135 153 423
111 118 424
120 121 425
111 113 426
111 117 427
109 113 428
135 149 429
115 117 430
113 118 431
115 116 432
140 150 433
113 117 434
148 149 435
116 117 436
148 150 437
123 125 438
203 222 439
183 187 440
172 173 441
214 219 442
202 205 443
197 198 444
173 181 445
185 186 446
215 216 447
217 218 448
196 198 449
220 221 450
167 168 451
218 220 452
170 171 453
182 184 454
177 180 455
180 182 456
173 178 457
169 171 458
194 198 459
213 216 460
182 183 461
200 220 462
167 171 463
176 180 464
193 205 465
188 190 466
189 208 467
188 189 468
208 209 469
162 171 470
190 211 471
179 180 472
189 209 473
160 161 474
200 221 475
210 216 476
212 217 477
177 179 478
193 203 479
196 211 480
218 221 481
192 205 482
212 216 483
174 178 484
174 175 485
207 219 486
166 170 487
199 217 488
176 179 489
207 217 490
169 170 491
206 219 492
213 215 493
201 202 494
179 221 495
186 210 496
206 217 497
160 164 498
196 197 499
165 170 500
166 169 501
167 170 502
166 167 503
206 220 504
200 218 505
176 177 506
174 180 507
161 169 508
160 165 509
165 167 510
164 166 511
165 166 512
210 215 513
164 165 514
161 166 515
163 167 516
162 170 517
160 163 518
179 191 519
206 214 520
194 197 521
212 215 522
179 200 523
207 214 524
161 164 525
163 166 526
195 218 527
206 221 528
212 218 529
191 193 530
163 164 531
204 217 532
193 202 533
194 196 534
161 165 535
193 201 536
204 216 537
192 202 538
163 165 539
174 177 540
199 218 541
192 201 542
162 167 543
191 192 544
160 162 545
210 213 546
174 179 547
162 166 548
193 200 549
162 164 550
179 193 551
161 163 552
199 200 553
174 176 554
200 206 555
212 213 556
207 218 557
194 195 558
206 218 559
162 165 560
173 174 561
195 207 562
179 192 563
204 214 564
195 206 565
161 162 566
199 212 567
186 204 568
190 204 569
210 212 570
207 212 571
162 163 572
204 215 573
204 211 574
193 199 575
206 212 576
202 204 577
201 204 578
192 193 579
199 207 580
192 199 581
199 206 582
206 207 583
204 218 584
204 213 585
200 204 586
193 204 587
204 210 588
204 212 589
204 207 590
199 204 591
192 204 592
204 206 593
