26 27 1
26 28 2
27 28 3
22 23 4
11 13 5
26 29 6
27 29 7
10 11 8
22 24 9
5 6 10
21 22 11
28 29 12
23 24 13
7 11 14
19 22 15
5 8 16
13 14 17
11 14 18
6 8 19
4 5 20
20 22 21
10 12 22
4 6 23
4 8 24
7 10 25
12 14 26
19 21 27
1 2 28
11 15 29
27 30 30
13 15 31
5 9 32
26 30 33
19 20 34
20 21 35
8 9 36
6 9 37
22 25 38
23 25 39
16 17 40
28 30 41
14 15 42
4 9 43
9 17 44
24 25 45
16 18 46
29 30 47
4 7 48
1 3 49
2 3 50
73 74 51
77 78 52
55 56 53
52 55 54
78 80 55
78 81 56
54 55 57
52 56 58
52 54 59
42 64 60
55 57 61
77 80 62
69 70 63
61 62 64
77 81 65
36 62 66
56 57 67
54 57 68
52 57 69
53 55 70
80 81 71
68 69 72
33 37 73
32 46 74
94 97 75
42 43 76
46 48 77
32 43 78
37 43 79
51 54 80
33 60 81
98 100 82
52 53 83
32 35 84
33 48 85
52 66 86
32 54 87
32 55 88
96 97 89
36 63 90
36 61 91
32 52 92
51 55 93
48 59 94
36 41 95
52 58 96
64 65 97
91 92 98
32 44 99
91 94 100
73 75 101
53 54 102
41 42 103
32 67 104
91 95 105
32 36 106
73 76 107
95 100 108
36 39 109
36 42 110
51 52 111
35 43 112
68 70 113
41 43 114
43 46 115
32 58 116
33 59 117
36 43 118
33 43 119
32 56 120
32 45 121
40 69 122
35 36 123
32 34 124
45 46 125
31 43 126
32 53 127
39 43 128
32 38 129
32 49 130
34 36 131
32 39 132
45 48 133
36 38 134
35 55 135
99 100 136
34 35 137
69 71 138
62 63 139
34 41 140
55 67 141
43 48 142
32 42 143
42 65 144
44 46 145
32 33 146
31 32 147
31 36 148
39 41 149
32 48 150
34 42 151
32 37 152
35 67 153
39 42 154
34 43 155
31 41 156
51 53 157
43 44 158
55 58 159
43 45 160
31 35 161
32 50 162
32 41 163
87 88 164
34 39 165
35 41 166
32 57 167
35 38 168
61 63 169
38 43 170
35 39 171
44 48 172
38 41 173
31 37 174
70 71 175
31 34 176
38 42 177
31 42 178
31 39 179
31 38 180
54 66 181
46 47 182
43 49 183
88 89 184
56 58 185
34 38 186
98 101 187
43 47 188
92 94 189
74 75 190
47 48 191
40 70 192
38 39 193
48 60 194
35 42 195
40 68 196
44 45 197
95 101 198
81 89 199
31 33 200
57 66 201
35 49 202
32 51 203
98 99 204
32 47 205
78 82 206
91 93 207
38 44 208
38 46 209
57 58 210
45 47 211
69 72 212
100 101 213
77 82 214
78 79 215
94 103 216
38 45 217
83 84 218
95 99 219
31 40 220
46 49 221
99 101 222
70 72 223
77 79 224
44 47 225
81 82 226
38 40 227
44 49 228
95 98 229
83 85 230
38 49 231
45 49 232
48 49 233
46 50 234
59 60 235
80 82 236
38 48 237
128 129 238
88 90 239
99 102 240
48 50 241
87 89 242
38 47 243
84 86 244
83 86 245
71 72 246
87 90 247
89 90 248
47 49 249
130 131 250
124 127 251
157 158 252
121 122 253
144 145 254
145 154 255
136 157 256
183 187 257
145 149 258
124 125 259
132 136 260
142 145 261
142 143 262
137 141 263
182 183 264
147 157 265
155 158 266
142 144 267
155 157 268
113 114 269
147 158 270
137 140 271
134 136 272
138 158 273
108 110 274
143 145 275
147 154 276
144 146 277
139 157 278
137 138 279
138 157 280
138 140 281
119 122 282
139 155 283
145 148 284
139 140 285
119 121 286
138 155 287
142 149 288
137 139 289
138 139 290
136 156 291
145 152 292
152 155 293
142 146 294
110 112 295
140 141 296
151 157 297
105 121 298
125 127 299
145 151 300
139 152 301
143 144 302
125 126 303
132 134 304
153 159 305
139 151 306
151 158 307
138 141 308
108 109 309
145 146 310
123 127 311
153 158 312
145 150 313
106 118 314
148 151 315
139 153 316
150 152 317
123 124 318
142 147 319
139 158 320
105 122 321
105 119 322
138 150 323
123 126 324
153 157 325
134 156 326
107 119 327
138 151 328
138 153 329
139 147 330
136 153 331
146 148 332
132 133 333
120 122 334
151 152 335
146 152 336
146 151 337
109 110 338
106 112 339
148 152 340
110 111 341
150 151 342
151 155 343
140 153 344
132 135 345
152 153 346
145 147 347
109 112 348
133 156 349
112 114 350
140 151 351
135 139 352
143 146 353
135 145 354
135 143 355
151 153 356
143 149 357
108 112 358
119 120 359
112 113 360
133 138 361
147 153 362
135 136 363
106 117 364
133 141 365
108 111 366
111 112 367
135 152 368
147 151 369
105 107 370
107 122 371
107 121 372
146 150 373
112 118 374
143 147 375
106 116 376
133 137 377
153 155 378
139 141 379
111 114 380
133 140 381
135 142 382
135 157 383
112 115 384
143 156 385
135 147 386
140 150 387
135 151 388
110 114 389
112 116 390
134 135 391
133 136 392
133 134 393
104 105 394
133 139 395
105 120 396
135 155 397
115 118 398
116 118 399
110 113 400
113 116 401
135 146 402
111 116 403
104 106 404
120 121 405
117 118 406
112 117 407
135 150 408
108 113 409
135 148 410
107 120 411
148 149 412
182 184 413
111 117 414
115 116 415
142 148 416
115 117 417
116 117 418
109 111 419
113 117 420
106 115 421
104 107 422
114 116 423
111 118 424
108 114 425
135 153 426
148 150 427
143 148 428
172 173 429
114 117 430
114 118 431
113 118 432
123 125 433
135 159 434
111 113 435
135 158 436
180 182 437
109 113 438
106 107 439
133 143 440
105 106 441
135 149 442
173 181 443
214 219 444
223 224 445
177 180 446
176 180 447
217 218 448
173 178 449
203 222 450
179 180 451
174 178 452
218 220 453
174 180 454
196 198 455
202 205 456
174 175 457
197 198 458
207 219 459
169 171 460
170 171 461
215 216 462
188 190 463
206 219 464
167 168 465
207 217 466
162 171 467
220 221 468
185 186 469
167 171 470
206 217 471
213 216 472
210 216 473
190 211 474
176 177 475
212 217 476
196 211 477
194 198 478
196 197 479
169 170 480
206 220 481
212 216 482
199 217 483
177 179 484
166 170 485
165 170 486
173 174 487
208 209 488
207 214 489
206 214 490
200 220 491
176 179 492
166 169 493
174 177 494
189 209 495
192 205 496
201 202 497
193 205 498
179 221 499
188 189 500
164 166 501
213 215 502
160 164 503
167 170 504
165 166 505
174 176 506
179 191 507
166 167 508
218 221 509
161 169 510
162 170 511
164 165 512
207 218 513
210 215 514
160 161 515
165 167 516
186 210 517
160 165 518
212 218 519
174 179 520
163 164 521
160 163 522
212 215 523
161 166 524
199 218 525
163 166 526
206 218 527
161 164 528
195 218 529
163 167 530
189 208 531
163 165 532
210 213 533
194 197 534
194 196 535
162 166 536
193 203 537
204 217 538
161 165 539
179 200 540
212 213 541
162 164 542
162 167 543
204 216 544
160 162 545
206 221 546
192 202 547
161 163 548
193 202 549
191 192 550
200 218 551
200 221 552
162 165 553
210 212 554
191 193 555
195 207 556
207 212 557
192 201 558
179 193 559
193 201 560
199 212 561
194 195 562
179 192 563
161 162 564
206 207 565
206 212 566
195 206 567
199 207 568
162 163 569
204 214 570
190 204 571
199 206 572
204 215 573
204 211 574
199 200 575
200 206 576
202 204 577
201 204 578
186 204 579
204 218 580
204 213 581
193 199 582
193 200 583
192 199 584
192 193 585
204 210 586
204 212 587
204 207 588
199 204 589
204 206 590
200 204 591
193 204 592
192 204 593
