22 23 1
26 27 2
11 13 3
27 28 4
26 28 5
22 24 6
10 11 7
23 24 8
7 11 9
11 14 10
21 22 11
13 14 12
19 22 13
27 29 14
5 6 15
26 29 16
20 22 17
5 8 18
7 10 19
4 5 20
10 12 21
12 14 22
6 8 23
11 15 24
4 6 25
4 8 26
13 15 27
28 29 28
22 25 29
19 21 30
1 2 31
5 9 32
8 9 33
4 7 34
23 25 35
6 9 36
20 21 37
19 20 38
14 15 39
24 25 40
4 9 41
9 17 42
16 18 43
27 30 44
1 3 45
16 17 46
2 3 47
73 74 48
26 30 49
28 30 50
29 30 51
73 75 52
73 76 53
74 75 54
52 54 55
61 62 56
54 57 57
69 70 58
42 64 59
52 57 60
83 84 61
64 65 62
33 48 63
33 37 64
32 52 65
36 62 66
51 54 67
53 54 68
52 56 69
51 52 70
52 55 71
32 46 72
32 38 73
52 53 74
54 55 75
68 69 76
37 43 77
98 100 78
32 43 79
36 63 80
41 42 81
95 100 82
33 60 83
80 81 84
69 71 85
42 43 86
96 97 87
46 48 88
78 81 89
62 63 90
77 81 91
32 54 92
32 39 93
83 85 94
51 55 95
32 51 96
53 55 97
35 43 98
39 42 99
36 61 100
32 44 101
56 57 102
42 65 103
55 56 104
36 41 105
52 66 106
33 59 107
81 89 108
36 42 109
61 63 110
36 39 111
32 67 112
91 95 113
41 43 114
43 46 115
34 36 116
34 41 117
32 45 118
68 70 119
32 36 120
32 33 121
32 53 122
34 39 123
36 43 124
32 57 125
35 39 126
39 41 127
52 58 128
34 43 129
43 44 130
32 35 131
32 58 132
35 36 133
55 57 134
35 38 135
39 43 136
43 45 137
87 88 138
32 37 139
34 35 140
38 43 141
32 34 142
48 59 143
34 42 144
32 42 145
32 41 146
32 49 147
87 89 148
91 92 149
45 46 150
35 41 151
99 100 152
31 43 153
34 38 154
51 53 155
32 56 156
44 46 157
84 86 158
38 41 159
35 67 160
88 89 161
33 43 162
36 38 163
31 37 164
31 36 165
32 55 166
40 69 167
38 39 168
32 50 169
83 86 170
35 42 171
31 39 172
54 66 173
70 71 174
31 41 175
43 47 176
77 80 177
69 72 178
32 47 179
78 80 180
45 48 181
94 97 182
31 35 183
98 99 184
48 60 185
128 129 186
31 34 187
92 94 188
95 99 189
81 82 190
95 98 191
100 101 192
31 32 193
43 48 194
31 38 195
38 42 196
44 45 197
38 44 198
38 46 199
91 94 200
31 33 201
98 101 202
95 101 203
35 55 204
31 42 205
46 47 206
40 70 207
88 90 208
32 48 209
55 67 210
35 49 211
43 49 212
38 45 213
77 78 214
47 48 215
70 72 216
94 103 217
57 66 218
44 48 219
56 58 220
45 47 221
55 58 222
80 82 223
46 49 224
91 93 225
78 82 226
57 58 227
44 47 228
59 60 229
99 101 230
38 40 231
31 40 232
48 49 233
87 90 234
38 47 235
71 72 236
78 79 237
89 90 238
38 49 239
38 48 240
46 50 241
77 82 242
48 50 243
45 49 244
44 49 245
99 102 246
77 79 247
47 49 248
40 68 249
130 131 250
132 133 251
121 122 252
124 127 253
157 158 254
132 134 255
133 137 256
137 141 257
144 145 258
145 154 259
155 158 260
183 187 261
124 125 262
145 149 263
137 140 264
113 114 265
134 156 266
132 136 267
136 157 268
133 134 269
139 157 270
119 122 271
125 126 272
155 157 273
125 127 274
138 157 275
133 156 276
139 158 277
139 155 278
137 138 279
142 144 280
144 146 281
151 157 282
133 141 283
136 156 284
134 136 285
147 157 286
138 155 287
145 151 288
138 140 289
138 158 290
153 159 291
119 121 292
145 152 293
151 158 294
120 122 295
152 155 296
123 126 297
123 127 298
139 140 299
112 114 300
108 112 301
142 149 302
147 158 303
142 145 304
153 158 305
147 154 306
139 152 307
123 124 308
137 139 309
145 148 310
108 110 311
145 150 312
109 110 313
105 121 314
145 147 315
110 112 316
150 152 317
151 155 318
110 114 319
139 141 320
108 109 321
142 146 322
105 122 323
140 141 324
143 145 325
142 148 326
138 139 327
153 157 328
139 147 329
146 150 330
106 118 331
139 153 332
109 112 333
139 151 334
133 138 335
146 151 336
110 113 337
146 152 338
145 146 339
142 143 340
110 111 341
107 119 342
153 155 343
150 151 344
182 183 345
111 114 346
143 144 347
147 153 348
138 141 349
108 114 350
105 119 351
151 152 352
138 150 353
107 122 354
148 151 355
136 153 356
135 157 357
143 148 358
107 121 359
133 140 360
142 147 361
146 148 362
112 113 363
138 153 364
132 135 365
108 113 366
152 153 367
143 146 368
111 112 369
106 112 370
120 121 371
143 147 372
140 150 373
151 153 374
109 111 375
147 151 376
108 111 377
135 136 378
140 151 379
135 147 380
133 139 381
135 152 382
135 155 383
140 153 384
138 151 385
119 120 386
106 117 387
143 149 388
104 106 389
112 118 390
135 145 391
115 118 392
148 152 393
109 113 394
135 159 395
133 136 396
112 115 397
114 116 398
113 116 399
107 120 400
106 116 401
135 143 402
105 107 403
135 146 404
105 120 405
134 135 406
135 142 407
133 143 408
143 156 409
135 158 410
148 149 411
114 118 412
112 116 413
111 116 414
135 150 415
123 125 416
135 139 417
135 151 418
113 118 419
115 116 420
113 117 421
111 113 422
115 117 423
148 150 424
111 118 425
114 117 426
112 117 427
182 184 428
116 118 429
111 117 430
135 149 431
104 105 432
135 148 433
117 118 434
106 115 435
135 153 436
116 117 437
104 107 438
223 224 439
214 219 440
106 107 441
180 182 442
105 106 443
196 198 444
203 222 445
185 186 446
217 218 447
215 216 448
197 198 449
173 181 450
196 211 451
194 198 452
213 216 453
210 216 454
218 220 455
202 205 456
190 211 457
170 171 458
207 219 459
220 221 460
169 171 461
173 178 462
212 217 463
172 173 464
207 217 465
167 168 466
206 219 467
196 197 468
212 216 469
213 215 470
188 190 471
206 217 472
167 171 473
186 210 474
199 217 475
177 180 476
162 171 477
210 215 478
200 220 479
176 180 480
206 220 481
208 209 482
174 178 483
179 180 484
194 197 485
174 175 486
207 214 487
192 205 488
194 196 489
193 205 490
169 170 491
206 214 492
160 164 493
189 209 494
166 170 495
212 215 496
174 180 497
165 170 498
210 213 499
167 170 500
194 195 501
166 169 502
201 202 503
179 221 504
188 189 505
218 221 506
160 161 507
164 166 508
204 217 509
161 169 510
160 165 511
177 179 512
179 191 513
166 167 514
212 218 515
176 177 516
204 216 517
160 163 518
165 166 519
212 213 520
189 208 521
162 170 522
161 164 523
161 166 524
195 218 525
164 165 526
176 179 527
193 203 528
165 167 529
200 221 530
210 212 531
160 162 532
191 192 533
163 164 534
200 218 535
179 200 536
206 221 537
163 166 538
174 177 539
191 193 540
207 218 541
161 165 542
163 167 543
207 212 544
199 218 545
204 214 546
174 176 547
192 202 548
199 212 549
163 165 550
204 211 551
204 215 552
174 179 553
195 207 554
162 166 555
190 204 556
192 201 557
206 218 558
161 163 559
193 202 560
162 164 561
193 201 562
186 204 563
206 212 564
173 174 565
162 167 566
195 206 567
161 162 568
200 206 569
199 200 570
179 193 571
179 192 572
204 213 573
162 165 574
201 204 575
199 207 576
202 204 577
206 207 578
162 163 579
204 218 580
199 206 581
193 200 582
193 199 583
204 210 584
192 199 585
204 212 586
192 193 587
204 207 588
200 204 589
199 204 590
204 206 591
193 204 592
192 204 593
