26 27 1
26 28 2
27 28 3
22 23 4
26 29 5
27 29 6
5 6 7
4 5 8
5 8 9
22 24 10
6 8 11
4 6 12
23 24 13
28 29 14
4 8 15
21 22 16
19 22 17
1 2 18
10 11 19
20 22 20
5 9 21
7 11 22
6 9 23
27 30 24
8 9 25
26 30 26
7 10 27
22 25 28
11 14 29
11 13 30
4 7 31
16 17 32
4 9 33
9 17 34
10 12 35
23 25 36
19 21 37
13 14 38
20 21 39
28 30 40
16 18 41
19 20 42
11 15 43
1 3 44
12 14 45
24 25 46
2 3 47
29 30 48
13 15 49
32 33 50
14 15 51
73 74 52
69 70 53
83 84 54
61 62 55
36 62 56
51 54 57
69 71 58
73 75 59
78 81 60
52 56 61
52 54 62
53 54 63
51 53 64
68 69 65
54 57 66
53 55 67
33 37 68
52 53 69
77 78 70
96 97 71
32 36 72
78 80 73
55 56 74
51 52 75
73 76 76
36 61 77
94 97 78
77 81 79
43 46 80
33 43 81
43 44 82
34 36 83
56 57 84
52 57 85
36 39 86
80 81 87
70 71 88
52 66 89
52 58 90
36 41 91
54 55 92
36 42 93
35 36 94
42 64 95
98 100 96
33 60 97
36 63 98
32 34 99
37 43 100
36 43 101
51 55 102
95 98 103
32 35 104
33 59 105
98 99 106
77 80 107
32 53 108
35 43 109
44 46 110
68 70 111
32 43 112
32 39 113
41 42 114
43 47 115
33 48 116
48 59 117
31 36 118
34 35 119
95 99 120
95 100 121
32 46 122
43 45 123
32 58 124
32 67 125
32 44 126
36 38 127
34 41 128
35 39 129
41 43 130
83 85 131
52 55 132
32 38 133
55 57 134
34 39 135
40 69 136
32 42 137
43 48 138
31 32 139
35 41 140
91 95 141
32 41 142
34 43 143
42 43 144
35 38 145
32 49 146
32 37 147
31 34 148
39 41 149
38 43 150
39 42 151
31 43 152
34 38 153
34 42 154
39 43 155
31 35 156
46 48 157
43 49 158
32 51 159
45 46 160
31 33 161
32 48 162
44 47 163
32 45 164
74 75 165
32 50 166
62 63 167
64 65 168
35 42 169
44 45 170
38 41 171
44 48 172
38 44 173
46 47 174
31 38 175
45 47 176
55 67 177
31 41 178
81 89 179
45 48 180
47 48 181
31 39 182
38 46 183
38 39 184
84 86 185
32 47 186
32 57 187
69 72 188
32 54 189
32 56 190
99 100 191
55 58 192
92 94 193
61 63 194
42 65 195
35 67 196
78 82 197
40 70 198
38 42 199
56 58 200
91 94 201
83 86 202
54 66 203
44 49 204
31 37 205
38 49 206
77 82 207
38 45 208
48 60 209
78 79 210
32 52 211
31 42 212
81 82 213
38 48 214
70 72 215
77 79 216
95 101 217
91 92 218
98 101 219
94 103 220
100 101 221
35 49 222
45 49 223
38 47 224
46 49 225
35 55 226
57 58 227
80 82 228
57 66 229
99 101 230
46 50 231
48 49 232
32 55 233
71 72 234
87 88 235
48 50 236
40 68 237
59 60 238
88 90 239
38 40 240
91 93 241
88 89 242
47 49 243
99 102 244
89 90 245
87 90 246
31 40 247
87 89 248
104 106 249
106 115 250
132 136 251
132 134 252
172 173 253
124 127 254
147 158 255
147 154 256
136 157 257
128 129 258
139 155 259
134 136 260
132 133 261
138 155 262
144 145 263
121 122 264
137 138 265
155 158 266
137 140 267
157 158 268
112 114 269
155 157 270
138 140 271
138 139 272
137 139 273
145 154 274
108 110 275
139 153 276
139 140 277
136 156 278
138 153 279
123 124 280
147 157 281
145 148 282
152 155 283
110 112 284
113 114 285
138 150 286
138 157 287
145 149 288
148 151 289
139 151 290
139 157 291
124 125 292
136 153 293
130 131 294
151 155 295
142 145 296
153 159 297
143 145 298
151 158 299
110 111 300
139 147 301
139 152 302
140 153 303
138 151 304
108 109 305
123 127 306
145 151 307
153 155 308
150 151 309
153 158 310
142 143 311
142 144 312
145 150 313
144 146 314
140 141 315
146 148 316
133 137 317
123 126 318
135 139 319
132 135 320
145 146 321
151 153 322
146 151 323
109 112 324
140 151 325
135 155 326
109 110 327
146 150 328
108 112 329
138 158 330
151 157 331
147 153 332
145 152 333
140 150 334
137 141 335
143 148 336
138 141 337
106 112 338
110 113 339
111 112 340
133 134 341
152 153 342
112 113 343
142 148 344
148 150 345
145 147 346
108 111 347
142 146 348
150 152 349
106 118 350
143 146 351
134 156 352
142 147 353
151 152 354
139 158 355
147 151 356
146 152 357
133 139 358
135 145 359
125 127 360
112 118 361
135 143 362
133 138 363
142 149 364
143 147 365
133 136 366
125 126 367
135 150 368
112 116 369
135 148 370
135 147 371
135 136 372
153 157 373
135 153 374
139 141 375
110 114 376
133 140 377
111 114 378
112 115 379
135 151 380
109 111 381
148 152 382
106 117 383
135 142 384
113 116 385
134 135 386
108 113 387
114 116 388
135 146 389
111 116 390
116 118 391
143 144 392
135 157 393
105 106 394
135 152 395
112 117 396
119 122 397
106 116 398
115 118 399
105 122 400
133 143 401
117 118 402
111 118 403
120 122 404
111 117 405
115 116 406
113 117 407
106 107 408
116 117 409
123 125 410
115 117 411
113 118 412
135 159 413
114 117 414
143 149 415
135 158 416
107 122 417
108 114 418
143 156 419
133 156 420
133 141 421
148 149 422
111 113 423
109 113 424
114 118 425
135 149 426
173 181 427
119 121 428
120 121 429
104 105 430
107 121 431
105 121 432
104 107 433
119 120 434
107 119 435
173 178 436
223 224 437
105 107 438
183 187 439
107 120 440
105 119 441
160 161 442
182 183 443
105 120 444
203 222 445
174 178 446
182 184 447
160 164 448
185 186 449
214 219 450
215 216 451
174 175 452
217 218 453
202 205 454
213 216 455
180 182 456
170 171 457
167 168 458
169 171 459
197 198 460
196 211 461
190 211 462
162 171 463
196 198 464
220 221 465
218 220 466
210 216 467
160 163 468
169 170 469
167 171 470
173 174 471
194 198 472
212 217 473
177 180 474
176 180 475
213 215 476
188 190 477
212 216 478
174 180 479
179 180 480
167 170 481
161 164 482
200 220 483
207 219 484
193 205 485
207 217 486
165 170 487
206 219 488
192 205 489
166 170 490
206 217 491
199 217 492
186 210 493
162 170 494
161 169 495
163 164 496
206 220 497
208 209 498
166 169 499
189 209 500
210 215 501
176 177 502
201 202 503
166 167 504
188 189 505
177 179 506
164 166 507
179 221 508
174 176 509
160 165 510
196 197 511
160 162 512
164 165 513
212 215 514
165 167 515
179 191 516
165 166 517
174 177 518
176 179 519
161 163 520
210 213 521
161 166 522
218 221 523
163 167 524
193 203 525
161 165 526
212 213 527
163 166 528
174 179 529
162 164 530
206 214 531
207 214 532
163 165 533
189 208 534
212 218 535
204 217 536
194 197 537
162 167 538
204 216 539
179 200 540
192 202 541
193 202 542
191 192 543
200 221 544
191 193 545
161 162 546
195 218 547
194 196 548
162 166 549
200 218 550
194 195 551
192 201 552
193 201 553
210 212 554
206 221 555
162 165 556
162 163 557
199 218 558
179 193 559
179 192 560
207 218 561
204 211 562
199 212 563
204 214 564
206 218 565
195 207 566
207 212 567
190 204 568
204 215 569
206 212 570
195 206 571
193 200 572
199 200 573
186 204 574
202 204 575
201 204 576
200 206 577
204 213 578
192 193 579
193 199 580
199 207 581
192 199 582
199 206 583
206 207 584
204 218 585
204 210 586
204 212 587
200 204 588
204 207 589
193 204 590
199 204 591
192 204 592
204 206 593
