26 27 1
22 23 2
26 28 3
27 28 4
22 24 5
23 24 6
11 13 7
26 29 8
10 11 9
27 29 10
21 22 11
19 22 12
20 22 13
7 11 14
28 29 15
11 14 16
4 5 17
5 6 18
5 8 19
13 14 20
4 8 21
4 6 22
10 12 23
6 8 24
22 25 25
7 10 26
23 25 27
19 21 28
4 7 29
11 15 30
12 14 31
19 20 32
20 21 33
26 30 34
13 15 35
27 30 36
24 25 37
5 9 38
8 9 39
4 9 40
28 30 41
6 9 42
14 15 43
29 30 44
52 54 45
77 78 46
16 18 47
52 57 48
33 48 49
52 56 50
9 17 51
54 57 52
73 74 53
54 55 54
52 53 55
52 55 56
53 54 57
36 62 58
51 54 59
16 17 60
51 52 61
53 55 62
78 81 63
33 43 64
77 81 65
78 80 66
1 2 67
98 100 68
56 57 69
51 55 70
36 61 71
95 99 72
33 37 73
55 56 74
98 99 75
36 41 76
95 100 77
99 100 78
32 53 79
46 48 80
55 57 81
61 62 82
51 53 83
35 43 84
77 80 85
32 57 86
34 36 87
32 52 88
36 42 89
48 59 90
37 43 91
91 95 92
36 39 93
32 54 94
43 46 95
32 36 96
36 43 97
32 43 98
33 59 99
34 41 100
32 33 101
95 98 102
36 63 103
35 36 104
36 38 105
32 46 106
33 60 107
80 81 108
32 56 109
69 70 110
31 36 111
94 97 112
32 39 113
68 69 114
39 41 115
32 67 116
35 39 117
34 39 118
43 44 119
41 43 120
32 55 121
35 41 122
31 33 123
64 65 124
32 58 125
34 43 126
44 46 127
45 46 128
32 41 129
32 44 130
43 45 131
35 38 132
34 42 133
31 43 134
39 43 135
41 42 136
32 37 137
45 48 138
34 35 139
32 45 140
32 38 141
73 75 142
42 43 143
43 48 144
31 41 145
43 47 146
73 76 147
96 97 148
1 3 149
34 38 150
32 42 151
35 55 152
62 63 153
47 48 154
83 84 155
38 41 156
32 49 157
31 34 158
81 89 159
39 42 160
35 67 161
35 42 162
32 35 163
2 3 164
38 43 165
46 47 166
32 51 167
31 40 168
91 94 169
32 47 170
44 48 171
31 39 172
52 66 173
44 45 174
38 46 175
31 35 176
38 39 177
32 34 178
43 49 179
52 58 180
48 60 181
40 69 182
32 48 183
32 50 184
69 71 185
68 70 186
31 38 187
31 37 188
45 47 189
38 42 190
54 66 191
31 42 192
88 89 193
61 63 194
38 44 195
31 32 196
44 47 197
128 129 198
100 101 199
42 64 200
78 82 201
74 75 202
98 101 203
87 88 204
95 101 205
42 65 206
35 49 207
40 68 208
38 45 209
38 48 210
55 67 211
38 49 212
87 89 213
38 40 214
78 79 215
56 58 216
99 101 217
94 103 218
81 82 219
70 71 220
55 58 221
83 85 222
92 94 223
77 82 224
46 49 225
44 49 226
48 49 227
38 47 228
77 79 229
91 93 230
45 49 231
91 92 232
57 66 233
57 58 234
40 70 235
48 50 236
99 102 237
88 90 238
46 50 239
84 86 240
69 72 241
80 82 242
89 90 243
83 86 244
70 72 245
59 60 246
87 90 247
47 49 248
71 72 249
104 106 250
130 131 251
132 136 252
132 133 253
134 136 254
132 134 255
121 122 256
147 158 257
172 173 258
157 158 259
147 154 260
155 158 261
136 156 262
136 157 263
133 134 264
155 157 265
124 127 266
147 157 267
144 145 268
134 156 269
137 141 270
132 135 271
119 121 272
153 159 273
119 122 274
112 114 275
142 145 276
137 140 277
145 154 278
153 158 279
139 158 280
145 149 281
108 110 282
143 145 283
138 157 284
138 158 285
139 157 286
139 155 287
142 146 288
145 146 289
138 155 290
151 158 291
145 148 292
105 121 293
107 119 294
142 143 295
137 138 296
136 153 297
113 114 298
106 118 299
138 141 300
107 121 301
110 112 302
152 155 303
139 141 304
137 139 305
140 141 306
142 144 307
138 140 308
139 140 309
109 110 310
108 109 311
105 122 312
139 152 313
133 136 314
145 152 315
143 146 316
144 146 317
145 151 318
140 153 319
120 122 320
105 119 321
153 157 322
119 120 323
133 156 324
110 111 325
146 148 326
151 157 327
138 153 328
138 150 329
148 151 330
139 147 331
150 151 332
145 150 333
135 145 334
151 152 335
139 153 336
107 122 337
152 153 338
151 155 339
146 151 340
135 143 341
142 149 342
134 135 343
135 136 344
109 112 345
145 147 346
139 151 347
133 137 348
110 114 349
106 112 350
143 144 351
125 127 352
140 151 353
105 107 354
142 147 355
146 150 356
147 153 357
107 120 358
125 126 359
135 142 360
123 127 361
108 114 362
138 139 363
108 111 364
133 141 365
111 112 366
135 146 367
110 113 368
106 115 369
120 121 370
123 126 371
106 117 372
142 148 373
112 113 374
147 151 375
135 152 376
111 114 377
151 153 378
133 140 379
143 147 380
138 151 381
146 152 382
108 112 383
133 138 384
150 152 385
133 139 386
153 155 387
124 125 388
112 118 389
106 107 390
140 150 391
114 116 392
115 118 393
105 120 394
109 111 395
183 187 396
143 148 397
135 157 398
123 124 399
135 155 400
143 149 401
106 116 402
135 150 403
143 156 404
105 106 405
135 147 406
108 113 407
113 116 408
111 116 409
148 152 410
135 148 411
117 118 412
116 118 413
104 105 414
112 115 415
135 139 416
135 159 417
111 117 418
112 116 419
112 117 420
109 113 421
135 151 422
111 118 423
115 117 424
135 158 425
114 117 426
115 116 427
114 118 428
113 117 429
113 118 430
135 153 431
116 117 432
148 150 433
111 113 434
148 149 435
133 143 436
135 149 437
123 125 438
104 107 439
173 181 440
182 183 441
223 224 442
182 184 443
173 178 444
203 222 445
214 219 446
185 186 447
160 161 448
202 205 449
217 218 450
215 216 451
196 198 452
180 182 453
220 221 454
197 198 455
218 220 456
174 178 457
213 216 458
170 171 459
169 171 460
188 190 461
179 180 462
174 175 463
177 180 464
167 168 465
193 205 466
190 211 467
188 189 468
194 198 469
176 180 470
210 216 471
200 220 472
196 211 473
212 217 474
167 171 475
192 205 476
174 180 477
208 209 478
218 221 479
212 216 480
177 179 481
189 209 482
162 171 483
207 219 484
160 164 485
213 215 486
179 221 487
196 197 488
207 217 489
206 219 490
199 217 491
176 177 492
186 210 493
206 217 494
201 202 495
176 179 496
169 170 497
206 220 498
193 203 499
166 170 500
179 191 501
165 170 502
166 169 503
161 169 504
189 208 505
210 215 506
200 221 507
167 170 508
164 166 509
174 177 510
179 200 511
165 166 512
200 218 513
161 164 514
212 215 515
174 176 516
191 193 517
166 167 518
160 163 519
173 174 520
191 192 521
164 165 522
160 165 523
165 167 524
194 197 525
161 166 526
207 214 527
206 214 528
192 202 529
174 179 530
204 217 531
193 202 532
195 218 533
162 170 534
204 216 535
179 193 536
206 221 537
210 213 538
163 164 539
194 196 540
161 165 541
212 218 542
163 166 543
163 167 544
160 162 545
193 201 546
192 201 547
212 213 548
179 192 549
163 165 550
162 164 551
199 218 552
161 163 553
162 166 554
162 167 555
207 218 556
194 195 557
200 206 558
161 162 559
162 165 560
206 218 561
204 214 562
195 207 563
199 200 564
210 212 565
199 212 566
186 204 567
193 200 568
195 206 569
190 204 570
204 215 571
207 212 572
204 211 573
202 204 574
162 163 575
201 204 576
206 212 577
192 193 578
193 199 579
199 207 580
192 199 581
204 213 582
199 206 583
206 207 584
204 218 585
200 204 586
204 210 587
204 212 588
204 207 589
193 204 590
192 204 591
199 204 592
204 206 593
