26 27 1
27 28 2
26 28 3
22 23 4
11 13 5
27 29 6
26 29 7
22 24 8
10 11 9
23 24 10
11 14 11
28 29 12
13 14 13
5 6 14
4 5 15
7 11 16
5 8 17
21 22 18
19 22 19
12 14 20
20 22 21
6 8 22
4 8 23
11 15 24
4 6 25
10 12 26
5 9 27
13 15 28
22 25 29
23 25 30
8 9 31
4 9 32
6 9 33
27 30 34
26 30 35
14 15 36
28 30 37
24 25 38
9 17 39
29 30 40
19 21 41
16 18 42
16 17 43
19 20 44
20 21 45
73 74 46
32 33 47
7 10 48
32 46 49
69 70 50
36 62 51
32 36 52
54 57 53
55 56 54
61 62 55
4 7 56
33 43 57
42 64 58
33 48 59
33 60 60
98 100 61
52 56 62
64 65 63
32 34 64
54 55 65
33 37 66
34 36 67
32 39 68
32 37 69
37 43 70
53 54 71
52 57 72
52 55 73
95 100 74
99 100 75
42 43 76
55 57 77
53 55 78
36 63 79
95 99 80
36 61 81
35 36 82
32 38 83
1 2 84
36 39 85
32 42 86
48 59 87
73 75 88
31 43 89
83 84 90
56 57 91
33 59 92
98 99 93
43 46 94
52 54 95
73 76 96
36 41 97
32 52 98
68 69 99
36 43 100
95 98 101
32 43 102
46 48 103
32 53 104
34 43 105
35 43 106
41 43 107
78 81 108
2 3 109
62 63 110
32 51 111
34 39 112
32 55 113
34 41 114
91 95 115
32 41 116
32 44 117
39 43 118
32 56 119
32 35 120
69 71 121
36 38 122
1 3 123
32 54 124
91 94 125
36 42 126
34 35 127
31 36 128
96 97 129
35 39 130
34 38 131
35 67 132
31 38 133
43 44 134
43 45 135
77 81 136
52 66 137
51 54 138
32 45 139
31 32 140
43 48 141
32 67 142
77 78 143
31 33 144
34 42 145
31 34 146
52 58 147
32 58 148
61 63 149
35 41 150
44 46 151
45 46 152
39 41 153
94 97 154
80 81 155
42 65 156
31 37 157
38 43 158
35 38 159
81 89 160
31 39 161
88 89 162
41 42 163
87 88 164
83 85 165
55 67 166
100 101 167
92 94 168
48 60 169
31 41 170
38 41 171
45 48 172
51 55 173
78 80 174
43 47 175
32 49 176
35 42 177
39 42 178
91 92 179
55 58 180
38 39 181
31 35 182
32 57 183
54 66 184
32 48 185
77 80 186
35 49 187
38 42 188
44 48 189
52 53 190
43 49 191
38 46 192
70 71 193
32 50 194
74 75 195
32 47 196
44 45 197
40 69 198
31 42 199
38 44 200
94 103 201
98 101 202
68 70 203
84 86 204
88 90 205
69 72 206
95 101 207
46 47 208
91 93 209
47 48 210
38 45 211
56 58 212
51 52 213
99 101 214
45 47 215
51 53 216
57 66 217
83 86 218
59 60 219
46 49 220
57 58 221
44 47 222
70 72 223
48 49 224
38 40 225
81 82 226
38 48 227
89 90 228
31 40 229
44 49 230
48 50 231
46 50 232
35 55 233
45 49 234
87 89 235
99 102 236
87 90 237
71 72 238
38 47 239
38 49 240
80 82 241
78 82 242
40 70 243
47 49 244
78 79 245
77 82 246
77 79 247
40 68 248
128 129 249
137 141 250
157 158 251
121 122 252
124 127 253
133 156 254
144 145 255
144 146 256
133 140 257
145 154 258
145 149 259
133 141 260
132 136 261
155 158 262
137 140 263
133 137 264
147 157 265
113 114 266
140 141 267
138 158 268
139 157 269
155 157 270
130 131 271
138 157 272
142 145 273
139 155 274
143 145 275
139 140 276
138 140 277
145 148 278
138 155 279
137 139 280
138 139 281
145 151 282
134 156 283
139 158 284
108 110 285
132 134 286
142 143 287
138 141 288
137 138 289
145 152 290
139 152 291
110 112 292
145 146 293
153 159 294
143 148 295
142 148 296
148 151 297
136 157 298
139 153 299
132 135 300
140 153 301
124 125 302
151 157 303
138 150 304
139 151 305
183 187 306
125 127 307
138 153 308
142 144 309
146 148 310
125 126 311
108 109 312
134 136 313
142 146 314
123 124 315
147 158 316
146 151 317
145 150 318
112 114 319
139 147 320
145 147 321
143 146 322
146 152 323
106 118 324
151 155 325
147 154 326
153 157 327
123 127 328
135 139 329
136 153 330
136 156 331
123 126 332
135 145 333
138 151 334
153 158 335
132 133 336
148 150 337
142 147 338
146 150 339
135 157 340
140 150 341
139 141 342
150 151 343
140 151 344
152 155 345
106 112 346
109 112 347
152 153 348
153 155 349
135 143 350
151 152 351
119 122 352
143 147 353
133 138 354
120 122 355
135 136 356
108 112 357
142 149 358
119 121 359
135 142 360
112 113 361
135 152 362
133 136 363
151 153 364
111 112 365
147 153 366
133 139 367
105 119 368
134 135 369
135 147 370
133 134 371
106 117 372
135 155 373
106 116 374
135 146 375
148 149 376
148 152 377
135 148 378
112 118 379
106 115 380
111 114 381
113 116 382
107 119 383
147 151 384
108 113 385
112 116 386
110 114 387
135 150 388
112 115 389
133 143 390
150 152 391
115 118 392
120 121 393
104 106 394
143 144 395
105 107 396
111 116 397
105 121 398
110 113 399
151 158 400
116 118 401
108 111 402
109 110 403
135 151 404
108 114 405
114 116 406
119 120 407
112 117 408
115 116 409
113 117 410
135 159 411
117 118 412
106 107 413
196 211 414
107 121 415
115 117 416
116 117 417
111 117 418
143 149 419
105 106 420
135 153 421
105 122 422
182 183 423
143 156 424
107 120 425
109 113 426
135 158 427
107 122 428
110 111 429
105 120 430
114 117 431
104 105 432
109 111 433
114 118 434
113 118 435
111 113 436
196 197 437
135 149 438
123 125 439
182 184 440
194 196 441
111 118 442
196 198 443
223 224 444
104 107 445
197 198 446
194 198 447
214 219 448
194 197 449
217 218 450
180 182 451
218 220 452
190 211 453
202 205 454
203 222 455
173 181 456
172 173 457
215 216 458
207 219 459
207 217 460
206 219 461
185 186 462
213 216 463
170 171 464
173 178 465
188 190 466
210 216 467
206 217 468
220 221 469
169 171 470
167 168 471
212 217 472
194 195 473
206 220 474
177 180 475
212 216 476
167 171 477
192 205 478
208 209 479
179 180 480
199 217 481
174 178 482
193 205 483
174 175 484
176 180 485
162 171 486
207 214 487
206 214 488
179 191 489
200 220 490
201 202 491
213 215 492
160 161 493
218 221 494
189 209 495
174 180 496
165 170 497
186 210 498
169 170 499
160 164 500
166 170 501
165 166 502
188 189 503
207 218 504
164 166 505
210 215 506
167 170 507
177 179 508
166 169 509
206 218 510
191 192 511
212 218 512
179 221 513
164 165 514
176 177 515
166 167 516
160 165 517
165 167 518
192 202 519
195 218 520
212 215 521
160 163 522
161 169 523
199 218 524
204 217 525
193 203 526
191 193 527
163 164 528
176 179 529
162 170 530
189 208 531
163 166 532
161 164 533
161 166 534
204 216 535
193 202 536
163 167 537
210 213 538
163 165 539
200 218 540
174 177 541
161 165 542
206 221 543
192 201 544
212 213 545
160 162 546
179 200 547
204 211 548
162 166 549
193 201 550
162 164 551
179 192 552
173 174 553
174 176 554
174 179 555
162 167 556
179 193 557
195 207 558
161 163 559
207 212 560
190 204 561
210 212 562
204 214 563
162 165 564
206 212 565
200 221 566
206 207 567
195 206 568
199 212 569
204 215 570
199 207 571
161 162 572
200 206 573
162 163 574
202 204 575
186 204 576
201 204 577
199 206 578
199 200 579
204 218 580
192 193 581
192 199 582
193 199 583
204 213 584
193 200 585
204 210 586
204 212 587
204 207 588
204 206 589
200 204 590
192 204 591
193 204 592
199 204 593
