296 300 1
10 300 2
234 300 3
270 300 4
73 300 5
300 334 6
241 300 7
300 414 8
27 300 9
300 349 10
281 300 11
300 351 12
190 300 13
116 300 14
300 318 15
300 333 16
300 413 17
300 356 18
300 481 19
300 453 20
300 408 21
14 300 22
224 300 23
90 300 24
86 300 25
284 300 26
76 300 27
149 300 28
155 300 29
209 300 30
134 300 31
104 300 32
300 433 33
170 300 34
20 300 35
300 309 36
302 409 37
147 165 38
36 294 39
383 443 40
174 300 41
35 36 42
35 294 43
222 293 44
332 339 45
150 165 46
339 443 47
390 443 48
332 390 49
147 150 50
36 300 51
339 383 52
195 443 53
322 374 54
300 328 55
16 300 56
57 222 57
245 314 58
195 383 59
2 322 60
307 463 61
151 300 62
245 315 63
172 426 64
34 340 65
239 307 66
52 374 67
174 373 68
307 473 69
22 57 70
342 473 71
57 396 72
222 343 73
176 370 74
50 370 75
165 443 76
168 374 77
178 374 78
382 462 79
57 204 80
183 250 81
57 142 82
166 374 83
232 444 84
62 89 85
139 426 86
263 370 87
361 373 88
452 465 89
57 141 90
187 225 91
13 459 92
232 381 93
312 469 94
107 222 95
124 239 96
271 374 97
446 477 98
28 268 99
275 330 100
150 188 101
129 230 102
94 248 103
276 303 104
12 106 105
97 300 106
203 340 107
88 463 108
188 384 109
130 137 110
236 467 111
215 408 112
62 326 113
88 443 114
125 202 115
13 65 116
364 430 117
44 62 118
191 303 119
8 304 120
11 472 121
32 443 122
135 400 123
15 128 124
54 361 125
202 355 126
283 423 127
139 416 128
227 296 129
64 469 130
38 364 131
277 303 132
218 228 133
54 467 134
122 219 135
245 344 136
46 62 137
39 146 138
202 445 139
316 463 140
8 148 141
182 340 142
238 401 143
151 352 144
116 480 145
288 340 146
34 130 147
317 463 148
196 234 149
292 297 150
256 447 151
201 235 152
74 407 153
48 196 154
151 388 155
397 418 156
136 273 157
456 469 158
171 432 159
39 173 160
93 240 161
137 471 162
376 377 163
78 482 164
131 449 165
4 157 166
206 401 167
122 173 168
242 419 169
16 274 170
151 461 171
16 121 172
210 240 173
157 261 174
332 340 175
94 404 176
154 362 177
91 437 178
140 377 179
49 343 180
156 291 181
294 465 182
19 399 183
229 331 184
339 390 185
225 402 186
212 377 187
335 360 188
398 406 189
18 364 190
53 340 191
146 365 192
117 475 193
151 251 194
246 415 195
0 367 196
153 375 197
81 428 198
246 289 199
362 425 200
279 347 201
211 249 202
320 378 203
105 163 204
167 377 205
179 463 206
185 252 207
216 306 208
133 207 209
265 435 210
9 383 211
340 405 212
145 220 213
25 282 214
84 391 215
109 305 216
372 409 217
69 344 218
43 55 219
321 322 220
337 348 221
277 436 222
62 229 223
40 172 224
72 330 225
112 298 226
9 455 227
143 272 228
81 293 229
109 394 230
180 393 231
136 278 232
81 409 233
293 302 234
425 436 235
120 451 236
217 470 237
115 247 238
165 377 239
161 285 240
301 406 241
75 422 242
150 463 243
213 474 244
372 421 245
99 317 246
363 366 247
132 427 248
208 210 249
212 267 250
80 160 251
1 161 252
193 294 253
21 210 254
71 212 255
101 220 256
195 379 257
3 172 258
147 339 259
257 475 260
40 302 261
47 420 262
126 317 263
17 464 264
246 405 265
118 199 266
147 246 267
316 478 268
442 475 269
2 475 270
33 353 271
379 390 272
66 389 273
71 165 274
198 466 275
214 223 276
387 421 277
118 335 278
194 212 279
32 147 280
79 92 281
98 350 282
338 361 283
33 67 284
180 317 285
181 184 286
177 454 287
75 286 288
123 156 289
259 361 290
319 373 291
317 366 292
56 164 293
431 463 294
361 366 295
51 409 296
353 484 297
30 96 298
6 75 299
23 101 300
34 280 301
75 254 302
2 95 303
24 325 304
29 317 305
68 147 306
431 450 307
2 260 308
395 458 309
361 383 310
199 329 311
237 458 312
175 350 313
458 479 314
2 205 315
269 339 316
23 410 317
314 315 318
16 210 319
420 458 320
67 484 321
197 350 322
147 368 323
158 220 324
51 464 325
59 431 326
458 460 327
42 295 328
101 350 329
151 164 330
77 458 331
85 180 332
287 295 333
85 441 334
313 458 335
325 392 336
210 441 337
174 350 338
189 328 339
3 158 340
85 361 341
2 361 342
164 199 343
189 199 344
23 35 345
319 431 346
2 464 347
169 295 348
63 295 349
169 325 350
63 325 351
75 458 352
41 409 353
403 411 354
41 302 355
403 457 356
411 457 357
345 403 358
103 403 359
345 457 360
103 457 361
97 296 362
