174 300 1
151 300 2
36 300 3
16 300 4
296 300 5
234 300 6
116 300 7
300 408 8
76 300 9
300 433 10
134 300 11
190 300 12
20 300 13
97 300 14
27 300 15
300 414 16
300 351 17
241 300 18
281 300 19
10 300 20
86 300 21
270 300 22
90 300 23
104 300 24
224 300 25
300 334 26
170 300 27
284 300 28
73 300 29
300 328 30
209 300 31
300 413 32
149 300 33
300 318 34
155 300 35
300 453 36
300 356 37
300 309 38
300 481 39
300 349 40
300 333 41
14 300 42
2 361 43
361 373 44
361 383 45
383 443 46
57 222 47
339 443 48
174 373 49
2 464 50
339 383 51
322 374 52
165 443 53
2 475 54
317 463 55
51 409 56
75 458 57
34 340 58
147 165 59
2 322 60
302 409 61
54 361 62
222 293 63
147 339 64
364 430 65
245 314 66
307 463 67
202 355 68
332 340 69
35 294 70
271 374 71
18 364 72
52 374 73
57 204 74
161 285 75
38 364 76
245 315 77
125 202 78
339 390 79
44 62 80
283 423 81
202 445 82
11 472 83
332 339 84
446 477 85
232 381 86
168 374 87
51 464 88
193 294 89
1 161 90
36 294 91
166 374 92
150 165 93
67 484 94
456 469 95
4 157 96
431 463 97
57 141 98
57 396 99
312 469 100
78 482 101
147 150 102
157 261 103
203 340 104
33 67 105
74 407 106
22 57 107
338 361 108
57 142 109
259 361 110
288 340 111
182 340 112
225 402 113
245 344 114
361 366 115
13 459 116
187 225 117
353 484 118
35 36 119
64 469 120
126 317 121
390 443 122
99 317 123
12 106 124
33 353 125
154 362 126
232 444 127
178 374 128
143 272 129
13 65 130
275 330 131
81 428 132
135 400 133
62 89 134
69 344 135
81 409 136
29 317 137
62 229 138
294 465 139
227 296 140
46 62 141
165 377 142
62 326 143
48 196 144
81 293 145
180 317 146
216 306 147
362 425 148
53 340 149
120 451 150
372 409 151
72 330 152
85 361 153
167 377 154
319 431 155
431 450 156
94 248 157
151 352 158
115 247 159
140 377 160
59 431 161
91 437 162
145 220 163
151 388 164
150 463 165
23 35 166
238 401 167
105 163 168
301 406 169
94 404 170
153 375 171
210 240 172
376 377 173
71 165 174
131 449 175
137 471 176
293 302 177
452 465 178
212 377 179
256 447 180
398 406 181
420 458 182
340 405 183
179 463 184
265 435 185
71 212 186
32 443 187
229 331 188
180 393 189
206 401 190
151 251 191
93 240 192
236 467 193
107 222 194
279 347 195
176 370 196
316 463 197
317 366 198
79 92 199
242 419 200
387 421 201
171 432 202
208 210 203
47 420 204
101 220 205
9 383 206
136 278 207
151 461 208
158 220 209
116 480 210
88 463 211
183 250 212
185 252 213
198 466 214
213 474 215
319 373 216
425 436 217
215 408 218
40 302 219
19 399 220
21 210 221
88 443 222
372 421 223
222 343 224
156 291 225
17 464 226
50 370 227
321 322 228
25 282 229
196 234 230
75 422 231
85 180 232
84 391 233
136 273 234
269 339 235
181 184 236
129 230 237
201 235 238
23 410 239
28 268 240
263 370 241
395 458 242
379 390 243
150 188 244
292 297 245
239 307 246
32 147 247
23 101 248
112 298 249
210 441 250
320 378 251
337 348 252
2 260 253
458 479 254
54 467 255
0 367 256
77 458 257
109 305 258
237 458 259
66 389 260
307 473 261
313 458 262
342 473 263
85 441 264
188 384 265
75 286 266
189 328 267
458 460 268
75 254 269
214 223 270
169 295 271
123 156 272
80 160 273
212 267 274
2 95 275
122 219 276
117 475 277
314 315 278
9 455 279
257 475 280
2 205 281
43 55 282
397 418 283
195 443 284
6 75 285
130 137 286
132 427 287
30 96 288
133 207 289
195 379 290
169 325 291
382 462 292
124 239 293
147 368 294
109 394 295
246 405 296
8 148 297
68 147 298
174 350 299
332 390 300
194 212 301
287 295 302
177 454 303
40 172 304
63 295 305
146 365 306
211 249 307
217 470 308
15 128 309
41 409 310
442 475 311
41 302 312
363 366 313
42 295 314
24 325 315
3 158 316
122 173 317
191 303 318
175 350 319
325 392 320
8 304 321
63 325 322
151 164 323
3 172 324
98 350 325
277 436 326
218 228 327
16 274 328
34 280 329
49 343 330
147 246 331
34 130 332
39 146 333
197 350 334
56 164 335
316 478 336
16 121 337
189 199 338
246 415 339
276 303 340
16 210 341
39 173 342
246 289 343
139 416 344
172 426 345
101 350 346
195 383 347
277 303 348
199 329 349
139 426 350
164 199 351
335 360 352
118 199 353
97 296 354
118 335 355
411 457 356
403 411 357
103 403 358
345 457 359
345 403 360
103 457 361
403 457 362
