165 443 1
151 300 2
339 443 3
383 443 4
147 165 5
332 390 6
3 172 7
34 340 8
302 409 9
147 339 10
22 57 11
296 300 12
88 443 13
339 383 14
36 300 15
32 443 16
36 294 17
57 222 18
317 366 19
202 355 20
3 158 21
52 374 22
293 302 23
332 340 24
53 340 25
203 340 26
332 339 27
71 212 28
35 294 29
339 390 30
317 463 31
174 300 32
288 340 33
97 300 34
322 374 35
71 165 36
182 340 37
125 202 38
32 147 39
195 443 40
212 377 41
222 293 42
9 383 43
40 172 44
81 409 45
116 300 46
34 280 47
57 204 48
168 374 49
379 390 50
202 445 51
361 383 52
57 141 53
81 428 54
166 374 55
300 328 56
57 142 57
361 366 58
150 188 59
81 293 60
130 137 61
275 330 62
2 361 63
178 374 64
227 296 65
340 405 66
390 443 67
99 317 68
195 383 69
271 374 70
64 469 71
172 426 72
300 333 73
90 300 74
29 317 75
67 484 76
300 481 77
57 396 78
245 344 79
158 220 80
294 465 81
194 212 82
171 432 83
234 300 84
40 302 85
187 225 86
10 300 87
88 463 88
353 484 89
27 300 90
212 267 91
139 426 92
165 377 93
217 470 94
300 453 95
151 461 96
34 130 97
270 300 98
300 356 99
314 315 100
300 408 101
321 322 102
193 294 103
300 433 104
97 296 105
76 300 106
281 300 107
150 165 108
283 423 109
38 364 110
209 300 111
224 300 112
170 300 113
35 36 114
115 247 115
154 362 116
73 300 117
300 351 118
135 400 119
137 471 120
312 469 121
151 352 122
43 55 123
211 249 124
120 451 125
180 317 126
456 469 127
86 300 128
75 458 129
225 402 130
319 431 131
41 302 132
300 413 133
48 196 134
47 420 135
300 334 136
364 430 137
126 317 138
25 282 139
190 300 140
196 234 141
241 300 142
136 273 143
94 248 144
382 462 145
284 300 146
149 300 147
259 361 148
363 366 149
94 404 150
300 309 151
104 300 152
195 379 153
256 447 154
188 384 155
153 375 156
183 250 157
151 388 158
269 339 159
403 457 160
189 328 161
101 220 162
292 297 163
300 414 164
362 425 165
452 465 166
134 300 167
300 318 168
431 450 169
15 128 170
33 67 171
300 349 172
33 353 173
118 335 174
136 278 175
14 300 176
155 300 177
180 393 178
139 416 179
238 401 180
320 378 181
201 235 182
6 75 183
23 101 184
338 361 185
75 286 186
75 422 187
107 222 188
151 251 189
181 184 190
279 347 191
245 315 192
85 361 193
276 303 194
361 373 195
12 106 196
245 314 197
214 223 198
122 219 199
185 252 200
74 407 201
425 436 202
208 210 203
69 344 204
17 464 205
376 377 206
232 444 207
222 343 208
20 300 209
75 254 210
9 455 211
21 210 212
18 364 213
206 401 214
16 300 215
143 272 216
319 373 217
51 409 218
116 480 219
431 463 220
0 367 221
2 322 222
145 220 223
167 377 224
140 377 225
277 436 226
85 180 227
257 475 228
62 229 229
215 408 230
442 475 231
72 330 232
59 431 233
62 89 234
242 419 235
131 449 236
80 160 237
246 405 238
420 458 239
164 199 240
117 475 241
232 381 242
156 291 243
44 62 244
42 295 245
189 199 246
236 467 247
191 303 248
150 463 249
337 348 250
199 329 251
335 360 252
28 268 253
62 326 254
30 96 255
316 478 256
51 464 257
176 370 258
85 441 259
46 62 260
229 331 261
112 298 262
23 35 263
210 240 264
2 475 265
146 365 266
397 418 267
398 406 268
213 474 269
147 150 270
161 285 271
174 373 272
174 350 273
157 261 274
307 463 275
2 464 276
122 173 277
105 163 278
39 173 279
50 370 280
216 306 281
265 435 282
109 394 283
210 441 284
2 205 285
19 399 286
91 437 287
316 463 288
124 239 289
84 391 290
129 230 291
93 240 292
101 350 293
177 454 294
198 466 295
11 472 296
1 161 297
78 482 298
16 121 299
66 389 300
98 350 301
118 199 302
179 463 303
342 473 304
132 427 305
79 92 306
446 477 307
4 157 308
239 307 309
39 146 310
109 305 311
133 207 312
41 409 313
246 289 314
218 228 315
263 370 316
277 303 317
313 458 318
54 361 319
151 164 320
246 415 321
307 473 322
103 403 323
2 95 324
23 410 325
458 479 326
2 260 327
13 65 328
49 343 329
16 274 330
123 156 331
301 406 332
56 164 333
175 350 334
147 368 335
387 421 336
13 459 337
63 295 338
68 147 339
325 392 340
24 325 341
54 467 342
169 295 343
103 457 344
458 460 345
237 458 346
372 421 347
287 295 348
197 350 349
8 304 350
8 148 351
372 409 352
77 458 353
169 325 354
345 403 355
395 458 356
403 411 357
345 457 358
63 325 359
147 246 360
411 457 361
16 210 362
