1 2 1
1 24 2
2 24 3
1 30 4
30 51 5
30 39 6
30 154 7
33 51 8
30 41 9
30 47 10
30 159 11
32 51 12
33 78 13
30 76 14
2 159 15
30 43 16
28 76 17
30 42 18
28 78 19
28 47 20
30 45 21
2 76 22
1 22 23
30 78 24
33 76 25
33 46 26
33 47 27
28 51 28
30 38 29
2 22 30
30 46 31
30 171 32
33 43 33
33 154 34
33 39 35
30 37 36
2 47 37
1 20 38
2 39 39
1 33 40
28 39 41
28 154 42
28 41 43
1 31 44
1 47 45
2 78 46
2 177 47
2 40 48
1 154 49
28 75 50
11 75 51
33 41 52
2 43 53
28 42 54
11 76 55
32 39 56
32 78 57
28 37 58
33 42 59
28 177 60
11 39 61
1 39 62
33 45 63
2 154 64
27 76 65
24 167 66
2 45 67
33 171 68
28 45 69
28 179 70
30 179 71
2 6 72
2 30 73
28 43 74
2 77 75
2 46 76
30 177 77
32 179 78
28 159 79
1 76 80
24 30 81
30 175 82
11 159 83
32 75 84
1 43 85
2 8 86
11 43 87
2 171 88
27 78 89
2 42 90
30 157 91
1 171 92
22 24 93
1 25 94
11 78 95
27 51 96
2 75 97
2 25 98
30 167 99
33 37 100
1 51 101
1 28 102
2 28 103
30 75 104
11 177 105
27 45 106
33 177 107
1 37 108
1 45 109
1 158 110
11 51 111
2 44 112
30 158 113
9 154 114
32 177 115
28 46 116
32 154 117
1 78 118
2 33 119
2 157 120
24 171 121
25 47 122
1 40 123
25 39 124
1 77 125
24 33 126
32 46 127
30 77 128
11 45 129
27 39 130
27 41 131
33 159 132
2 41 133
24 39 134
30 61 135
2 38 136
32 47 137
1 41 138
11 46 139
25 171 140
11 37 141
28 38 142
2 175 143
1 46 144
11 154 145
29 47 146
25 38 147
2 20 148
29 51 149
33 38 150
2 51 151
4 78 152
1 16 153
24 78 154
27 38 155
2 61 156
2 29 157
28 167 158
1 15 159
24 154 160
30 134 161
33 179 162
2 12 163
16 24 164
24 51 165
1 23 166
24 157 167
24 26 168
1 34 169
30 63 170
31 47 171
33 175 172
1 32 173
24 76 174
24 43 175
11 38 176
29 39 177
2 62 178
27 47 179
4 175 180
30 44 181
2 126 182
1 175 183
28 36 184
30 49 185
33 167 186
2 23 187
24 25 188
24 63 189
28 175 190
1 18 191
24 177 192
30 66 193
2 37 194
2 118 195
4 38 196
29 167 197
32 38 198
1 27 199
1 29 200
2 49 201
2 79 202
1 12 203
30 48 204
9 39 205
32 76 206
2 63 207
9 78 208
1 13 209
2 19 210
2 27 211
4 45 212
2 32 213
24 47 214
1 6 215
2 107 216
33 75 217
2 101 218
1 10 219
1 159 220
22 171 221
1 67 222
2 158 223
2 16 224
2 113 225
6 171 226
15 39 227
24 159 228
29 171 229
2 130 230
24 161 231
25 78 232
2 167 233
16 47 234
27 43 235
24 134 236
4 47 237
11 175 238
1 38 239
11 41 240
30 40 241
1 48 242
1 167 243
24 61 244
25 45 245
1 35 246
1 42 247
24 28 248
25 76 249
11 167 250
29 76 251
2 13 252
31 76 253
6 24 254
27 75 255
31 51 256
1 44 257
2 134 258
25 154 259
23 24 260
32 41 261
11 157 262
25 41 263
30 36 264
30 140 265
2 36 266
20 154 267
25 75 268
27 36 269
30 35 270
28 171 271
31 78 272
1 49 273
29 45 274
18 76 275
32 45 276
33 157 277
29 78 278
6 154 279
27 37 280
32 43 281
1 36 282
24 42 283
25 177 284
27 179 285
32 175 286
2 114 287
24 37 288
1 8 289
24 77 290
30 32 291
2 179 292
1 19 293
30 60 294
32 37 295
29 38 296
25 46 297
24 27 298
1 118 299
2 60 300
29 154 301
2 73 302
1 157 303
2 161 304
27 30 305
28 61 306
22 30 307
27 46 308
24 44 309
32 36 310
30 161 311
1 90 312
24 175 313
20 43 314
1 26 315
18 154 316
12 24 317
30 118 318
2 119 319
6 30 320
2 69 321
21 78 322
29 37 323
30 129 324
11 179 325
18 51 326
2 70 327
4 46 328
20 78 329
24 158 330
22 154 331
33 158 332
2 97 333
8 78 334
13 78 335
1 66 336
25 157 337
22 39 338
29 75 339
29 159 340
31 37 341
17 39 342
29 179 343
1 75 344
2 65 345
25 30 346
11 47 347
33 61 348
25 167 349
32 42 350
4 154 351
29 41 352
2 127 353
1 177 354
20 24 355
10 24 356
18 41 357
24 40 358
2 140 359
25 42 360
1 61 361
1 65 362
2 129 363
24 45 364
11 24 365
25 179 366
30 33 367
30 79 368
31 39 369
25 51 370
27 175 371
33 36 372
21 75 373
30 62 374
29 43 375
16 154 376
1 140 377
9 46 378
16 171 379
21 76 380
27 29 381
1 179 382
24 29 383
30 138 384
24 38 385
31 41 386
2 52 387
4 42 388
2 7 389
29 177 390
1 125 391
30 164 392
1 17 393
33 63 394
1 11 395
28 157 396
2 143 397
2 183 398
4 76 399
29 46 400
4 177 401
2 172 402
21 45 403
30 71 404
31 43 405
32 157 406
20 33 407
12 39 408
21 154 409
30 69 410
3 154 411
4 37 412
13 177 413
4 43 414
8 154 415
16 61 416
1 164 417
13 39 418
30 162 419
2 68 420
15 78 421
16 158 422
29 42 423
31 46 424
2 11 425
4 179 426
27 177 427
30 141 428
2 26 429
2 90 430
13 75 431
4 51 432
2 10 433
8 47 434
2 135 435
2 56 436
10 78 437
2 164 438
18 39 439
2 15 440
16 76 441
31 45 442
25 33 443
2 48 444
20 41 445
2 174 446
4 39 447
20 31 448
18 179 449
24 46 450
29 36 451
2 168 452
9 167 453
25 175 454
1 63 455
29 48 456
29 157 457
24 48 458
30 70 459
19 24 460
30 65 461
1 107 462
2 71 463
25 43 464
16 45 465
20 46 466
18 177 467
30 31 468
9 75 469
24 140 470
30 174 471
32 159 472
1 162 473
9 159 474
24 36 475
20 30 476
9 179 477
25 159 478
33 134 479
19 33 480
16 32 481
16 157 482
16 167 483
29 61 484
2 144 485
19 154 486
24 41 487
4 75 488
22 42 489
27 159 490
30 125 491
20 51 492
16 39 493
21 37 494
30 90 495
14 27 496
12 47 497
32 33 498
24 75 499
22 37 500
1 161 501
18 24 502
16 20 503
2 148 504
28 158 505
8 42 506
18 37 507
2 4 508
24 31 509
1 7 510
18 45 511
15 154 512
33 49 513
1 70 514
2 100 515
9 37 516
9 51 517
14 39 518
31 177 519
2 96 520
4 167 521
14 41 522
18 78 523
1 129 524
9 61 525
14 78 526
19 30 527
2 18 528
24 118 529
22 46 530
24 35 531
1 52 532
1 62 533
2 5 534
9 177 535
9 171 536
33 35 537
8 37 538
29 44 539
30 67 540
4 158 541
11 36 542
21 46 543
6 47 544
20 25 545
2 136 546
6 63 547
31 175 548
16 175 549
1 50 550
2 128 551
13 46 552
20 76 553
2 35 554
24 65 555
21 41 556
6 45 557
21 159 558
2 9 559
27 33 560
31 75 561
23 154 562
2 151 563
13 159 564
22 159 565
6 38 566
20 32 567
8 159 568
21 43 569
22 47 570
2 74 571
25 29 572
8 46 573
1 144 574
18 20 575
24 32 576
10 51 577
9 175 578
18 47 579
22 175 580
22 77 581
28 30 582
4 36 583
33 77 584
31 33 585
2 124 586
33 48 587
13 154 588
26 45 589
30 50 590
24 49 591
9 42 592
20 75 593
2 66 594
12 159 595
31 154 596
2 14 597
24 183 598
27 42 599
2 104 600
2 178 601
23 47 602
22 29 603
29 30 604
14 177 605
19 42 606
1 68 607
2 162 608
6 46 609
8 43 610
26 39 611
20 45 612
16 51 613
8 24 614
2 17 615
33 74 616
23 75 617
33 66 618
18 46 619
20 39 620
23 45 621
30 139 622
18 30 623
9 41 624
10 41 625
2 103 626
13 37 627
27 154 628
9 47 629
25 32 630
1 9 631
18 31 632
18 32 633
21 38 634
20 28 635
33 161 636
6 77 637
25 36 638
24 34 639
26 177 640
2 31 641
10 43 642
33 140 643
30 34 644
18 75 645
20 177 646
22 35 647
2 102 648
8 175 649
6 49 650
8 171 651
24 179 652
1 170 653
22 45 654
22 63 655
12 29 656
8 30 657
3 75 658
10 76 659
6 39 660
13 175 661
19 159 662
33 138 663
13 24 664
16 28 665
28 31 666
2 34 667
17 29 668
2 106 669
12 154 670
33 129 671
30 156 672
29 161 673
18 43 674
30 68 675
1 143 676
19 25 677
7 154 678
30 170 679
31 159 680
2 88 681
5 39 682
30 172 683
1 60 684
29 33 685
15 29 686
34 42 687
5 78 688
18 159 689
29 138 690
19 75 691
25 37 692
29 158 693
22 61 694
12 157 695
19 20 696
15 46 697
15 175 698
4 41 699
6 118 700
6 78 701
8 76 702
28 29 703
11 22 704
2 50 705
12 78 706
2 133 707
2 141 708
1 21 709
33 65 710
33 118 711
32 158 712
13 38 713
22 49 714
2 125 715
1 183 716
7 175 717
1 3 718
22 33 719
16 78 720
17 28 721
20 175 722
14 76 723
24 66 724
20 29 725
26 78 726
1 134 727
2 98 728
12 177 729
1 101 730
6 76 731
9 76 732
15 47 733
17 25 734
10 29 735
13 51 736
21 177 737
2 153 738
8 48 739
15 24 740
19 171 741
28 63 742
6 28 743
21 175 744
22 38 745
26 27 746
16 43 747
29 134 748
17 45 749
18 42 750
29 175 751
18 175 752
10 45 753
1 168 754
6 159 755
14 75 756
9 43 757
2 72 758
13 36 759
30 168 760
8 45 761
13 47 762
12 41 763
30 74 764
3 78 765
9 157 766
2 64 767
19 43 768
6 37 769
9 24 770
1 73 771
3 39 772
29 65 773
13 179 774
23 43 775
4 159 776
10 39 777
16 159 778
20 179 779
2 67 780
31 38 781
23 48 782
16 177 783
23 39 784
4 24 785
23 38 786
21 51 787
27 157 788
3 46 789
23 51 790
20 47 791
24 70 792
9 38 793
10 36 794
31 171 795
6 51 796
6 157 797
22 66 798
20 23 799
28 32 800
1 136 801
33 40 802
1 174 803
29 32 804
8 177 805
31 179 806
17 78 807
33 44 808
1 69 809
8 39 810
9 158 811
10 12 812
25 63 813
21 179 814
3 30 815
30 136 816
19 177 817
21 39 818
1 138 819
22 76 820
2 89 821
16 75 822
32 167 823
1 71 824
1 172 825
12 75 826
23 46 827
29 140 828
16 42 829
26 37 830
28 33 831
34 43 832
10 177 833
18 38 834
22 75 835
10 46 836
13 43 837
16 38 838
30 52 839
22 51 840
22 44 841
19 45 842
28 134 843
28 77 844
30 144 845
21 36 846
20 171 847
12 179 848
20 37 849
20 42 850
8 77 851
23 42 852
16 40 853
16 30 854
18 36 855
21 47 856
10 154 857
25 61 858
9 45 859
10 47 860
6 177 861
16 37 862
22 177 863
26 179 864
18 27 865
22 78 866
25 49 867
11 171 868
3 175 869
3 179 870
2 108 871
30 130 872
31 42 873
1 139 874
6 75 875
25 134 876
33 141 877
30 95 878
9 30 879
5 27 880
22 167 881
1 119 882
16 41 883
18 22 884
6 41 885
12 42 886
7 158 887
1 126 888
15 43 889
31 36 890
19 179 891
20 159 892
30 127 893
15 177 894
1 95 895
22 134 896
34 51 897
2 138 898
21 31 899
4 61 900
17 75 901
13 22 902
33 71 903
23 157 904
2 55 905
2 80 906
2 99 907
2 111 908
19 39 909
25 31 910
2 21 911
13 42 912
1 127 913
10 175 914
19 38 915
24 50 916
4 171 917
19 47 918
32 61 919
2 166 920
16 77 921
8 61 922
9 48 923
29 49 924
23 76 925
3 47 926
11 158 927
29 63 928
17 24 929
5 43 930
30 56 931
9 27 932
8 22 933
23 171 934
18 28 935
28 48 936
29 141 937
23 28 938
6 61 939
16 134 940
2 187 941
2 3 942
3 171 943
6 42 944
6 43 945
16 29 946
2 170 947
12 46 948
23 30 949
1 141 950
8 75 951
28 49 952
19 175 953
21 28 954
22 158 955
16 46 956
16 33 957
1 99 958
30 73 959
22 27 960
12 15 961
23 78 962
10 38 963
1 14 964
27 171 965
23 37 966
23 167 967
33 119 968
19 51 969
3 159 970
26 154 971
31 134 972
2 94 973
2 86 974
12 38 975
12 16 976
24 79 977
5 30 978
3 177 979
33 62 980
33 162 981
2 85 982
29 35 983
33 60 984
28 74 985
9 36 986
19 46 987
12 43 988
16 63 989
6 29 990
19 31 991
32 171 992
6 167 993
22 179 994
3 24 995
7 51 996
1 85 997
6 179 998
28 44 999
12 76 1000
16 19 1001
30 128 1002
1 5 1003
29 31 1004
8 27 1005
12 36 1006
28 66 1007
14 175 1008
22 118 1009
1 79 1010
20 36 1011
22 28 1012
7 171 1013
16 18 1014
30 135 1015
14 179 1016
5 159 1017
3 37 1018
22 31 1019
23 177 1020
2 146 1021
12 45 1022
26 46 1023
22 157 1024
15 38 1025
20 157 1026
30 98 1027
1 113 1028
8 179 1029
10 37 1030
26 75 1031
34 45 1032
7 29 1033
12 175 1034
12 51 1035
15 159 1036
6 65 1037
14 47 1038
19 23 1039
26 159 1040
30 114 1041
16 36 1042
1 153 1043
31 61 1044
8 36 1045
13 41 1046
7 43 1047
28 118 1048
27 167 1049
16 179 1050
15 16 1051
3 51 1052
19 22 1053
19 76 1054
9 77 1055
2 87 1056
15 75 1057
21 167 1058
23 175 1059
5 154 1060
29 40 1061
2 105 1062
2 115 1063
28 65 1064
29 77 1065
1 88 1066
15 37 1067
34 47 1068
8 51 1069
10 179 1070
8 158 1071
6 32 1072
19 29 1073
3 76 1074
30 146 1075
24 172 1076
19 28 1077
23 159 1078
25 158 1079
1 128 1080
3 38 1081
3 41 1082
23 179 1083
15 42 1084
24 129 1085
17 22 1086
16 66 1087
13 27 1088
8 12 1089
6 44 1090
14 43 1091
23 31 1092
15 51 1093
6 33 1094
22 48 1095
25 65 1096
28 129 1097
34 39 1098
26 175 1099
34 76 1100
16 22 1101
12 37 1102
9 134 1103
17 18 1104
1 96 1105
17 76 1106
4 30 1107
8 66 1108
19 157 1109
24 174 1110
22 140 1111
18 171 1112
13 45 1113
13 167 1114
1 111 1115
28 138 1116
13 157 1117
17 179 1118
30 143 1119
25 138 1120
23 32 1121
13 29 1122
16 44 1123
8 167 1124
8 10 1125
17 38 1126
24 138 1127
15 179 1128
30 64 1129
7 48 1130
2 156 1131
7 30 1132
17 43 1133
5 179 1134
17 47 1135
28 148 1136
24 90 1137
7 47 1138
22 41 1139
24 107 1140
6 134 1141
6 175 1142
16 25 1143
1 55 1144
22 43 1145
24 71 1146
33 70 1147
2 95 1148
28 35 1149
30 113 1150
33 127 1151
22 36 1152
8 41 1153
5 29 1154
5 177 1155
31 161 1156
15 23 1157
16 161 1158
17 154 1159
5 37 1160
23 36 1161
8 11 1162
30 151 1163
8 38 1164
33 50 1165
18 19 1166
2 173 1167
33 79 1168
27 158 1169
15 36 1170
16 49 1171
20 21 1172
22 23 1173
7 22 1174
25 28 1175
34 78 1176
26 41 1177
31 157 1178
26 47 1179
23 29 1180
18 21 1181
33 172 1182
6 20 1183
34 37 1184
24 141 1185
12 13 1186
20 167 1187
21 30 1188
1 97 1189
6 25 1190
14 159 1191
7 38 1192
2 181 1193
6 48 1194
12 33 1195
14 24 1196
13 16 1197
31 32 1198
32 63 1199
12 22 1200
15 19 1201
23 158 1202
17 23 1203
30 99 1204
28 161 1205
6 158 1206
20 61 1207
23 33 1208
24 164 1209
14 38 1210
29 34 1211
19 158 1212
5 33 1213
16 48 1214
18 25 1215
24 52 1216
3 45 1217
17 159 1218
20 38 1219
22 25 1220
29 174 1221
33 69 1222
12 23 1223
5 75 1224
29 66 1225
30 103 1226
7 167 1227
6 11 1228
26 38 1229
28 140 1230
8 161 1231
12 30 1232
15 45 1233
6 35 1234
13 23 1235
13 19 1236
22 65 1237
2 91 1238
19 78 1239
6 27 1240
9 63 1241
7 24 1242
12 27 1243
12 167 1244
7 159 1245
9 29 1246
23 61 1247
17 20 1248
8 18 1249
6 18 1250
24 73 1251
33 156 1252
1 106 1253
5 47 1254
33 164 1255
15 22 1256
33 168 1257
23 41 1258
10 22 1259
34 75 1260
21 171 1261
28 141 1262
20 158 1263
5 28 1264
33 106 1265
33 170 1266
20 63 1267
10 42 1268
30 57 1269
2 123 1270
28 40 1271
1 114 1272
18 23 1273
3 22 1274
6 22 1275
24 139 1276
30 96 1277
5 157 1278
7 39 1279
7 78 1280
15 76 1281
5 175 1282
2 163 1283
14 45 1284
26 36 1285
26 42 1286
21 29 1287
3 29 1288
1 72 1289
24 98 1290
3 33 1291
32 134 1292
1 100 1293
7 177 1294
13 76 1295
26 51 1296
3 42 1297
30 72 1298
1 98 1299
31 65 1300
3 43 1301
24 68 1302
22 161 1303
24 143 1304
25 118 1305
13 15 1306
16 17 1307
18 158 1308
33 68 1309
34 41 1310
30 88 1311
21 42 1312
19 167 1313
28 60 1314
34 46 1315
28 71 1316
22 40 1317
25 44 1318
5 20 1319
19 21 1320
14 17 1321
19 41 1322
24 69 1323
15 41 1324
16 31 1325
30 116 1326
23 27 1327
1 64 1328
9 22 1329
14 46 1330
28 127 1331
32 65 1332
20 22 1333
17 41 1334
18 33 1335
31 118 1336
16 172 1337
1 74 1338
10 159 1339
14 36 1340
24 170 1341
12 158 1342
3 48 1343
9 66 1344
14 51 1345
5 51 1346
6 9 1347
29 118 1348
23 25 1349
6 66 1350
30 115 1351
27 134 1352
19 37 1353
1 124 1354
4 27 1355
28 70 1356
1 105 1357
34 38 1358
6 19 1359
31 35 1360
22 26 1361
29 79 1362
9 11 1363
18 167 1364
24 127 1365
6 40 1366
7 42 1367
26 76 1368
24 62 1369
30 97 1370
31 63 1371
13 158 1372
6 14 1373
7 76 1374
17 51 1375
24 106 1376
33 174 1377
5 41 1378
7 37 1379
17 175 1380
1 53 1381
6 31 1382
8 157 1383
34 36 1384
1 4 1385
6 36 1386
4 48 1387
29 170 1388
10 158 1389
14 37 1390
29 60 1391
24 162 1392
1 56 1393
16 23 1394
6 174 1395
33 139 1396
18 157 1397
30 166 1398
24 56 1399
33 136 1400
1 94 1401
13 17 1402
24 60 1403
30 102 1404
30 91 1405
25 35 1406
8 17 1407
28 69 1408
30 131 1409
7 61 1410
8 140 1411
6 12 1412
1 135 1413
2 137 1414
3 28 1415
4 22 1416
7 45 1417
25 48 1418
31 167 1419
3 12 1420
10 27 1421
20 140 1422
1 151 1423
6 8 1424
5 24 1425
7 179 1426
21 24 1427
14 157 1428
22 32 1429
7 36 1430
9 35 1431
7 41 1432
24 102 1433
8 20 1434
8 23 1435
26 29 1436
30 133 1437
32 140 1438
14 33 1439
30 87 1440
6 15 1441
4 77 1442
16 138 1443
17 46 1444
27 61 1445
34 61 1446
8 33 1447
33 90 1448
6 17 1449
8 13 1450
3 36 1451
7 46 1452
10 23 1453
24 148 1454
32 49 1455
34 48 1456
17 177 1457
3 14 1458
12 25 1459
25 77 1460
7 27 1461
16 35 1462
11 27 1463
22 34 1464
3 23 1465
33 144 1466
10 157 1467
30 85 1468
29 52 1469
24 136 1470
2 57 1471
3 20 1472
16 21 1473
1 86 1474
17 36 1475
31 158 1476
1 166 1477
11 16 1478
26 43 1479
5 38 1480
4 134 1481
30 105 1482
33 52 1483
34 77 1484
7 12 1485
1 103 1486
1 91 1487
26 157 1488
9 25 1489
23 26 1490
5 46 1491
6 161 1492
2 116 1493
20 65 1494
30 153 1495
29 164 1496
15 17 1497
10 13 1498
8 19 1499
25 140 1500
30 111 1501
3 5 1502
31 140 1503
8 63 1504
8 35 1505
29 50 1506
33 34 1507
27 49 1508
9 19 1509
16 140 1510
1 146 1511
2 93 1512
6 140 1513
28 73 1514
29 69 1515
21 25 1516
21 22 1517
2 53 1518
2 139 1519
28 164 1520
1 102 1521
7 8 1522
8 49 1523
30 137 1524
1 123 1525
10 11 1526
12 171 1527
7 157 1528
7 75 1529
19 61 1530
25 40 1531
30 104 1532
24 128 1533
32 77 1534
13 26 1535
5 45 1536
19 36 1537
8 148 1538
6 23 1539
30 86 1540
3 8 1541
33 67 1542
9 23 1543
33 57 1544
28 50 1545
28 90 1546
2 84 1547
3 15 1548
3 31 1549
13 25 1550
32 35 1551
14 154 1552
25 34 1553
5 171 1554
16 65 1555
10 19 1556
3 158 1557
18 29 1558
8 65 1559
24 64 1560
29 127 1561
4 8 1562
3 11 1563
24 125 1564
5 13 1565
33 146 1566
22 141 1567
28 143 1568
26 33 1569
5 15 1570
30 80 1571
5 42 1572
17 19 1573
24 168 1574
5 76 1575
24 156 1576
3 10 1577
31 49 1578
28 144 1579
29 71 1580
34 66 1581
26 158 1582
33 128 1583
15 26 1584
9 20 1585
21 157 1586
33 95 1587
7 66 1588
8 134 1589
24 95 1590
3 63 1591
25 141 1592
30 55 1593
24 67 1594
9 28 1595
5 23 1596
9 33 1597
18 61 1598
33 98 1599
8 29 1600
8 170 1601
15 157 1602
20 49 1603
7 63 1604
23 77 1605
33 56 1606
17 42 1607
33 116 1608
15 167 1609
1 137 1610
11 101 1611
24 88 1612
28 174 1613
30 123 1614
34 49 1615
11 12 1616
22 62 1617
27 140 1618
13 14 1619
29 172 1620
9 17 1621
26 167 1622
23 118 1623
11 17 1624
3 167 1625
1 115 1626
2 142 1627
12 26 1628
21 23 1629
21 61 1630
28 136 1631
17 37 1632
23 170 1633
25 66 1634
28 68 1635
1 93 1636
9 118 1637
17 157 1638
5 36 1639
8 44 1640
23 63 1641
20 134 1642
6 13 1643
16 170 1644
28 52 1645
3 157 1646
7 20 1647
1 57 1648
12 134 1649
1 108 1650
3 9 1651
28 139 1652
30 53 1653
7 134 1654
30 84 1655
9 170 1656
5 12 1657
32 44 1658
24 72 1659
8 31 1660
14 42 1661
18 63 1662
28 172 1663
33 137 1664
2 82 1665
10 167 1666
27 44 1667
30 145 1668
9 18 1669
23 161 1670
7 34 1671
8 95 1672
24 91 1673
12 14 1674
27 77 1675
10 25 1676
23 66 1677
3 61 1678
4 26 1679
29 139 1680
31 44 1681
25 129 1682
29 90 1683
29 156 1684
31 77 1685
33 87 1686
6 16 1687
24 89 1688
25 71 1689
5 6 1690
1 116 1691
8 26 1692
20 77 1693
29 62 1694
10 14 1695
16 34 1696
1 145 1697
2 117 1698
34 44 1699
27 35 1700
28 128 1701
8 98 1702
23 40 1703
21 158 1704
3 7 1705
11 134 1706
22 156 1707
27 40 1708
20 35 1709
23 138 1710
11 15 1711
33 125 1712
8 25 1713
9 14 1714
27 60 1715
31 66 1716
15 158 1717
24 144 1718
5 22 1719
27 161 1720
4 170 1721
5 18 1722
14 22 1723
28 146 1724
28 79 1725
3 134 1726
19 44 1727
23 134 1728
6 21 1729
23 49 1730
23 65 1731
3 13 1732
33 153 1733
1 87 1734
12 17 1735
29 70 1736
1 131 1737
6 170 1738
10 16 1739
16 106 1740
2 122 1741
15 61 1742
20 174 1743
2 155 1744
32 161 1745
9 49 1746
10 15 1747
16 168 1748
12 31 1749
28 53 1750
8 127 1751
11 181 1752
22 172 1753
23 34 1754
4 17 1755
6 10 1756
8 118 1757
19 134 1758
29 129 1759
30 92 1760
1 178 1761
13 33 1762
22 79 1763
25 162 1764
19 77 1765
18 134 1766
20 118 1767
24 135 1768
3 6 1769
22 148 1770
2 109 1771
10 171 1772
33 123 1773
5 16 1774
9 44 1775
22 52 1776
23 35 1777
28 98 1778
9 161 1779
33 105 1780
7 10 1781
1 173 1782
16 143 1783
6 26 1784
16 50 1785
6 138 1786
10 17 1787
29 99 1788
20 26 1789
28 56 1790
25 161 1791
30 117 1792
21 49 1793
4 35 1794
8 52 1795
7 11 1796
4 20 1797
28 95 1798
4 29 1799
5 134 1800
29 86 1801
4 63 1802
8 15 1803
30 142 1804
1 104 1805
29 67 1806
19 65 1807
33 145 1808
11 13 1809
25 50 1810
26 28 1811
4 12 1812
8 143 1813
28 105 1814
31 40 1815
7 15 1816
2 131 1817
21 33 1818
25 174 1819
2 92 1820
9 12 1821
6 79 1822
22 170 1823
25 70 1824
1 122 1825
29 136 1826
12 21 1827
7 16 1828
7 25 1829
10 61 1830
3 18 1831
20 44 1832
8 9 1833
20 48 1834
9 15 1835
14 26 1836
7 28 1837
19 140 1838
10 48 1839
9 141 1840
31 48 1841
8 28 1842
22 106 1843
8 138 1844
20 34 1845
17 167 1846
18 140 1847
22 138 1848
24 104 1849
19 35 1850
1 80 1851
9 21 1852
19 48 1853
3 77 1854
13 61 1855
20 161 1856
29 133 1857
2 145 1858
28 153 1859
9 40 1860
11 187 1861
13 134 1862
8 172 1863
19 63 1864
5 31 1865
24 123 1866
24 153 1867
28 156 1868
29 98 1869
4 66 1870
8 16 1871
16 141 1872
18 49 1873
23 140 1874
2 58 1875
25 60 1876
1 163 1877
5 61 1878
23 44 1879
3 66 1880
18 48 1881
28 67 1882
24 55 1883
9 148 1884
7 49 1885
22 174 1886
6 95 1887
27 34 1888
31 79 1889
1 89 1890
11 26 1891
6 34 1892
13 171 1893
19 40 1894
6 146 1895
16 133 1896
27 174 1897
5 7 1898
4 11 1899
5 11 1900
28 34 1901
6 141 1902
24 173 1903
8 156 1904
25 62 1905
4 21 1906
24 86 1907
7 31 1908
8 40 1909
9 13 1910
18 66 1911
25 74 1912
9 31 1913
16 79 1914
18 35 1915
5 158 1916
19 118 1917
5 65 1918
7 19 1919
8 141 1920
25 79 1921
30 147 1922
25 68 1923
25 90 1924
34 63 1925
9 26 1926
11 77 1927
32 118 1928
7 23 1929
7 77 1930
16 107 1931
29 64 1932
17 158 1933
5 10 1934
32 79 1935
3 40 1936
33 97 1937
4 49 1938
5 8 1939
22 127 1940
7 44 1941
8 21 1942
16 71 1943
3 49 1944
27 70 1945
22 129 1946
10 26 1947
14 61 1948
28 170 1949
6 127 1950
17 26 1951
4 15 1952
5 63 1953
24 105 1954
3 118 1955
6 62 1956
17 171 1957
24 97 1958
13 18 1959
32 69 1960
4 44 1961
22 60 1962
1 187 1963
20 66 1964
7 33 1965
21 134 1966
1 84 1967
9 140 1968
16 174 1969
33 147 1970
24 114 1971
18 118 1972
16 183 1973
4 40 1974
7 13 1975
8 62 1976
26 171 1977
28 64 1978
33 86 1979
14 15 1980
16 90 1981
24 93 1982
9 10 1983
25 170 1984
25 172 1985
18 65 1986
19 34 1987
3 26 1988
4 128 1989
7 138 1990
8 14 1991
22 146 1992
8 34 1993
18 161 1994
6 7 1995
11 89 1996
24 137 1997
19 49 1998
5 167 1999
28 84 2000
7 170 2001
6 50 2002
21 63 2003
29 125 2004
29 128 2005
18 77 2006
33 133 2007
13 77 2008
24 146 2009
12 34 2010
26 61 2011
29 97 2012
34 118 2013
4 6 2014
8 146 2015
23 172 2016
29 148 2017
28 125 2018
9 156 2019
6 172 2020
23 174 2021
4 141 2022
2 110 2023
32 50 2024
24 166 2025
2 147 2026
18 60 2027
22 50 2028
24 87 2029
29 88 2030
9 50 2031
22 70 2032
19 161 2033
4 9 2034
34 35 2035
6 70 2036
16 62 2037
28 72 2038
9 98 2039
16 127 2040
29 68 2041
22 168 2042
7 172 2043
24 133 2044
25 69 2045
32 129 2046
4 60 2047
31 34 2048
21 161 2049
22 144 2050
20 40 2051
4 32 2052
24 99 2053
22 133 2054
29 56 2055
31 164 2056
6 98 2057
22 69 2058
11 44 2059
32 90 2060
31 172 2061
6 60 2062
11 14 2063
18 138 2064
7 35 2065
22 162 2066
30 82 2067
31 141 2068
1 117 2069
4 138 2070
19 66 2071
4 33 2072
3 35 2073
20 138 2074
29 55 2075
22 71 2076
27 138 2077
34 40 2078
29 153 2079
31 174 2080
1 142 2081
26 63 2082
29 95 2083
31 138 2084
4 5 2085
7 26 2086
5 49 2087
21 77 2088
25 143 2089
32 138 2090
22 143 2091
2 180 2092
22 136 2093
26 134 2094
4 65 2095
16 67 2096
3 60 2097
4 52 2098
4 69 2099
25 183 2100
23 79 2101
16 128 2102
26 40 2103
18 40 2104
32 48 2105
6 162 2106
22 74 2107
24 116 2108
29 162 2109
24 80 2110
21 60 2111
17 61 2112
21 44 2113
24 53 2114
25 164 2115
9 174 2116
25 153 2117
3 4 2118
9 95 2119
2 169 2120
32 174 2121
7 161 2122
22 97 2123
4 23 2124
8 32 2125
34 65 2126
18 71 2127
15 34 2128
3 138 2129
6 90 2130
6 129 2131
7 18 2132
8 174 2133
17 134 2134
25 139 2135
4 7 2136
4 118 2137
18 141 2138
24 96 2139
6 128 2140
11 119 2141
22 164 2142
22 90 2143
2 81 2144
21 140 2145
21 65 2146
18 44 2147
29 93 2148
34 62 2149
8 133 2150
34 71 2151
29 143 2152
5 161 2153
6 106 2154
25 56 2155
23 60 2156
32 34 2157
2 120 2158
7 14 2159
5 44 2160
2 149 2161
4 146 2162
1 147 2163
4 143 2164
17 65 2165
7 17 2166
11 85 2167
30 155 2168
11 140 2169
29 115 2170
6 52 2171
21 174 2172
9 119 2173
4 70 2174
7 140 2175
4 28 2176
21 70 2177
20 172 2178
24 145 2179
26 48 2180
4 95 2181
7 62 2182
18 69 2183
6 97 2184
5 48 2185
4 62 2186
13 63 2187
18 50 2188
8 144 2189
29 72 2190
7 9 2191
29 146 2192
29 106 2193
31 60 2194
16 129 2195
19 174 2196
30 83 2197
1 58 2198
33 55 2199
10 107 2200
25 52 2201
19 79 2202
22 68 2203
29 123 2204
24 163 2205
25 53 2206
3 65 2207
29 113 2208
24 131 2209
4 129 2210
32 170 2211
5 9 2212
20 79 2213
4 144 2214
14 134 2215
31 50 2216
12 161 2217
16 70 2218
4 79 2219
4 174 2220
16 56 2221
21 118 2222
3 161 2223
11 35 2224
8 107 2225
9 62 2226
16 162 2227
3 140 2228
5 35 2229
16 164 2230
22 139 2231
24 57 2232
3 44 2233
8 99 2234
11 100 2235
9 127 2236
34 60 2237
4 31 2238
7 118 2239
10 134 2240
24 112 2241
14 48 2242
18 162 2243
2 152 2244
18 62 2245
29 137 2246
29 147 2247
26 34 2248
2 150 2249
34 50 2250
17 63 2251
4 136 2252
3 16 2253
29 102 2254
16 98 2255
8 90 2256
4 55 2257
32 60 2258
2 184 2259
29 131 2260
31 129 2261
8 122 2262
5 140 2263
7 40 2264
29 53 2265
31 62 2266
16 153 2267
7 146 2268
4 172 2269
18 79 2270
4 50 2271
12 77 2272
6 69 2273
16 126 2274
34 90 2275
29 84 2276
10 77 2277
29 166 2278
7 98 2279
15 48 2280
16 55 2281
9 136 2282
13 161 2283
18 90 2284
19 170 2285
31 156 2286
18 174 2287
1 181 2288
29 173 2289
9 34 2290
27 146 2291
31 69 2292
6 71 2293
20 71 2294
23 50 2295
22 55 2296
23 90 2297
17 60 2298
24 84 2299
5 40 2300
3 79 2301
23 69 2302
25 67 2303
2 83 2304
6 136 2305
1 110 2306
4 86 2307
1 82 2308
31 162 2309
5 118 2310
34 79 2311
20 60 2312
4 56 2313
22 56 2314
16 69 2315
24 58 2316
26 118 2317
17 49 2318
14 171 2319
8 101 2320
20 170 2321
29 145 2322
25 84 2323
7 95 2324
13 44 2325
21 69 2326
7 122 2327
3 174 2328
4 68 2329
16 64 2330
28 55 2331
6 122 2332
34 98 2333
32 172 2334
25 106 2335
2 165 2336
16 73 2337
19 60 2338
10 34 2339
31 90 2340
16 102 2341
7 79 2342
8 57 2343
9 16 2344
8 91 2345
17 140 2346
21 71 2347
22 125 2348
8 119 2349
29 57 2350
8 79 2351
16 136 2352
1 112 2353
16 114 2354
21 40 2355
34 106 2356
3 170 2357
16 97 2358
34 69 2359
34 70 2360
17 44 2361
19 138 2362
26 65 2363
34 95 2364
16 93 2365
20 70 2366
22 67 2367
7 52 2368
34 119 2369
4 99 2370
14 63 2371
18 146 2372
29 85 2373
1 180 2374
7 71 2375
21 79 2376
6 68 2377
21 138 2378
23 70 2379
3 172 2380
25 86 2381
9 164 2382
19 141 2383
10 66 2384
8 131 2385
16 125 2386
6 56 2387
8 105 2388
19 172 2389
12 148 2390
21 66 2391
3 71 2392
16 86 2393
23 62 2394
7 116 2395
20 162 2396
34 105 2397
6 139 2398
12 170 2399
8 139 2400
22 166 2401
1 155 2402
34 67 2403
8 164 2404
22 102 2405
16 94 2406
22 153 2407
9 133 2408
9 139 2409
10 70 2410
7 156 2411
6 135 2412
31 170 2413
4 34 2414
18 136 2415
26 49 2416
2 121 2417
4 137 2418
18 172 2419
13 69 2420
25 92 2421
26 50 2422
11 162 2423
18 70 2424
26 161 2425
1 149 2426
16 68 2427
25 147 2428
34 125 2429
7 162 2430
34 127 2431
4 90 2432
9 151 2433
21 48 2434
25 136 2435
27 156 2436
5 77 2437
1 92 2438
34 74 2439
13 65 2440
5 79 2441
12 140 2442
1 169 2443
10 138 2444
16 135 2445
4 125 2446
2 160 2447
25 125 2448
3 62 2449
11 106 2450
13 34 2451
31 137 2452
10 170 2453
16 115 2454
34 68 2455
25 123 2456
8 93 2457
9 97 2458
19 50 2459
1 83 2460
31 67 2461
23 129 2462
6 87 2463
11 94 2464
17 161 2465
25 81 2466
34 122 2467
7 50 2468
7 136 2469
4 71 2470
17 118 2471
31 127 2472
34 55 2473
16 103 2474
8 50 2475
20 164 2476
19 69 2477
31 136 2478
7 127 2479
4 139 2480
18 164 2481
34 123 2482
17 77 2483
11 170 2484
22 115 2485
11 133 2486
23 164 2487
11 86 2488
29 91 2489
5 174 2490
18 68 2491
10 49 2492
9 57 2493
5 138 2494
9 129 2495
10 144 2496
16 96 2497
34 99 2498
3 70 2499
6 164 2500
10 162 2501
16 123 2502
22 53 2503
20 67 2504
24 160 2505
9 131 2506
17 90 2507
10 99 2508
16 116 2509
17 35 2510
18 67 2511
19 70 2512
17 69 2513
20 141 2514
13 35 2515
12 66 2516
16 130 2517
16 139 2518
22 123 2519
12 99 2520
25 128 2521
31 52 2522
11 144 2523
12 139 2524
9 86 2525
9 91 2526
34 128 2527
21 34 2528
9 125 2529
1 120 2530
4 153 2531
16 100 2532
17 70 2533
1 150 2534
4 130 2535
34 86 2536
23 55 2537
7 174 2538
18 98 2539
20 62 2540
23 68 2541
17 34 2542
3 141 2543
1 81 2544
7 139 2545
11 137 2546
13 66 2547
34 97 2548
9 122 2549
12 162 2550
8 153 2551
17 48 2552
1 152 2553
34 87 2554
9 108 2555
8 137 2556
11 143 2557
14 74 2558
9 109 2559
14 138 2560
17 68 2561
6 57 2562
7 60 2563
1 109 2564
23 162 2565
3 90 2566
13 148 2567
18 52 2568
21 147 2569
1 165 2570
13 68 2571
10 164 2572
23 87 2573
6 125 2574
9 116 2575
19 87 2576
31 125 2577
8 117 2578
22 137 2579
3 69 2580
13 172 2581
4 88 2582
9 85 2583
10 183 2584
15 119 2585
24 169 2586
9 94 2587
10 156 2588
9 144 2589
7 67 2590
11 156 2591
23 56 2592
23 71 2593
3 156 2594
19 71 2595
7 164 2596
10 106 2597
16 145 2598
3 57 2599
34 56 2600
19 162 2601
10 133 2602
7 115 2603
10 65 2604
1 160 2605
17 141 2606
4 82 2607
22 145 2608
3 99 2609
18 144 2610
32 136 2611
22 105 2612
10 67 2613
34 116 2614
15 101 2615
22 147 2616
13 90 2617
15 107 2618
6 81 2619
18 139 2620
18 147 2621
33 142 2622
3 93 2623
26 106 2624
23 144 2625
3 133 2626
16 105 2627
18 143 2628
8 70 2629
10 136 2630
26 119 2631
16 147 2632
19 128 2633
8 84 2634
31 53 2635
12 93 2636
29 142 2637
11 131 2638
1 121 2639
26 178 2640
16 144 2641
10 122 2642
23 67 2643
13 108 2644
7 90 2645
7 65 2646
27 93 2647
20 127 2648
8 94 2649
8 85 2650
11 122 2651
29 178 2652
12 86 2653
15 168 2654
34 115 2655
8 135 2656
19 129 2657
14 129 2658
14 68 2659
4 84 2660
15 129 2661
15 74 2662
19 164 2663
3 68 2664
4 80 2665
15 99 2666
31 124 2667
12 133 2668
12 88 2669
14 106 2670
10 35 2671
19 68 2672
34 53 2673
14 174 2674
19 67 2675
7 69 2676
24 147 2677
15 66 2678
15 148 2679
15 183 2680
16 89 2681
7 101 2682
12 141 2683
23 97 2684
23 136 2685
9 152 2686
23 95 2687
12 124 2688
6 137 2689
31 55 2690
18 170 2691
10 143 2692
6 67 2693
9 84 2694
29 105 2695
15 141 2696
15 106 2697
26 95 2698
13 164 2699
8 124 2700
15 146 2701
7 173 2702
14 172 2703
26 138 2704
23 139 2705
10 63 2706
34 85 2707
20 151 2708
34 64 2709
34 110 2710
26 98 2711
34 93 2712
9 123 2713
5 128 2714
7 21 2715
8 103 2716
3 67 2717
14 67 2718
9 117 2719
16 80 2720
19 90 2721
23 125 2722
26 156 2723
21 150 2724
9 68 2725
4 67 2726
23 153 2727
26 172 2728
13 122 2729
19 139 2730
10 168 2731
15 95 2732
19 56 2733
31 133 2734
12 87 2735
3 144 2736
18 125 2737
21 115 2738
23 123 2739
24 122 2740
14 147 2741
8 173 2742
8 151 2743
12 53 2744
7 125 2745
34 94 2746
3 129 2747
19 125 2748
18 55 2749
34 102 2750
3 87 2751
17 170 2752
34 126 2753
10 18 2754
10 131 2755
5 170 2756
12 97 2757
12 156 2758
9 182 2759
8 181 2760
8 180 2761
20 125 2762
17 66 2763
9 169 2764
10 140 2765
26 141 2766
3 56 2767
32 86 2768
34 114 2769
31 146 2770
14 118 2771
23 72 2772
15 138 2773
6 185 2774
5 50 2775
14 44 2776
5 66 2777
13 91 2778
25 166 2779
26 66 2780
15 122 2781
31 56 2782
14 98 2783
34 124 2784
34 58 2785
34 113 2786
3 125 2787
5 144 2788
4 16 2789
34 72 2790
7 113 2791
12 91 2792
2 185 2793
12 122 2794
14 144 2795
15 170 2796
7 56 2797
34 73 2798
6 173 2799
21 139 2800
10 126 2801
34 80 2802
26 80 2803
1 184 2804
9 53 2805
23 53 2806
9 163 2807
12 146 2808
5 143 2809
14 34 2810
23 111 2811
5 125 2812
5 34 2813
12 117 2814
3 126 2815
26 144 2816
23 106 2817
14 95 2818
34 88 2819
31 97 2820
12 147 2821
12 116 2822
15 100 2823
17 166 2824
15 128 2825
22 163 2826
16 84 2827
22 84 2828
14 116 2829
7 130 2830
6 145 2831
12 143 2832
15 172 2833
13 117 2834
25 55 2835
5 130 2836
20 52 2837
1 185 2838
20 109 2839
26 131 2840
15 97 2841
23 145 2842
34 96 2843
16 165 2844
34 117 2845
3 187 2846
7 149 2847
17 156 2848
3 123 2849
10 117 2850
8 108 2851
10 187 2852
1 182 2853
14 128 2854
34 103 2855
7 152 2856
16 155 2857
5 162 2858
13 87 2859
34 111 2860
15 156 2861
15 133 2862
10 94 2863
12 184 2864
10 178 2865
34 104 2866
17 173 2867
15 186 2868
