1 2 1
2 154 2
1 154 3
1 65 4
1 161 5
2 51 6
2 76 7
2 78 8
27 76 9
30 154 10
1 140 11
2 43 12
24 161 13
1 35 14
2 47 15
24 65 16
2 46 17
30 179 18
24 140 19
30 42 20
2 106 21
24 49 22
2 95 23
16 161 24
22 161 25
30 51 26
24 35 27
2 49 28
11 76 29
27 51 30
30 159 31
2 42 32
2 22 33
2 24 34
1 49 35
2 75 36
2 177 37
2 161 38
2 179 39
2 45 40
2 140 41
27 41 42
11 43 43
2 50 44
2 162 45
11 45 46
2 41 47
22 77 48
2 164 49
9 161 50
22 35 51
30 75 52
22 30 53
27 45 54
2 65 55
12 76 56
27 78 57
30 161 58
16 140 59
2 90 60
30 167 61
30 47 62
22 154 63
2 175 64
27 39 65
2 159 66
22 49 67
2 37 68
2 35 69
22 65 70
1 77 71
2 60 72
11 51 73
1 47 74
30 175 75
11 41 76
27 38 77
1 43 78
6 49 79
1 76 80
2 68 81
30 78 82
16 35 83
6 161 84
12 78 85
22 171 86
27 46 87
30 177 88
2 30 89
30 41 90
22 140 91
11 39 92
1 179 93
24 77 94
27 43 95
1 45 96
9 77 97
9 154 98
16 65 99
1 42 100
1 158 101
2 39 102
1 159 103
2 146 104
11 75 105
30 39 106
11 78 107
27 47 108
2 77 109
30 76 110
1 51 111
2 171 112
1 24 113
1 37 114
1 118 115
2 38 116
6 65 117
30 43 118
31 51 119
31 76 120
1 78 121
27 37 122
16 49 123
11 175 124
2 67 125
12 43 126
2 118 127
2 128 128
30 65 129
1 177 130
11 37 131
11 38 132
12 47 133
9 49 134
30 37 135
1 27 136
16 77 137
9 140 138
24 30 139
24 154 140
30 49 141
12 45 142
27 36 143
2 71 144
1 171 145
30 45 146
31 78 147
2 129 148
12 51 149
24 118 150
29 154 151
11 154 152
6 35 153
30 77 154
13 76 155
30 35 156
6 77 157
29 42 158
2 125 159
29 179 160
30 46 161
1 175 162
1 75 163
24 63 164
6 140 165
2 56 166
9 75 167
30 138 168
31 45 169
11 46 170
12 37 171
26 51 172
13 51 173
1 39 174
1 63 175
2 33 176
30 140 177
1 106 178
2 62 179
15 76 180
30 38 181
31 43 182
1 138 183
2 139 184
3 154 185
9 175 186
13 43 187
12 38 188
22 66 189
12 39 190
9 177 191
11 177 192
24 171 193
11 36 194
29 47 195
2 70 196
7 154 197
2 36 198
24 43 199
11 47 200
11 159 201
1 41 202
2 79 203
30 157 204
9 35 205
13 36 206
26 43 207
26 76 208
29 51 209
27 175 210
9 179 211
1 30 212
1 44 213
1 66 214
12 46 215
12 154 216
22 42 217
1 38 218
1 95 219
29 161 220
16 63 221
22 44 222
26 39 223
1 46 224
20 51 225
30 158 226
9 167 227
29 76 228
29 159 229
24 47 230
22 37 231
2 69 232
22 177 233
12 36 234
1 157 235
1 167 236
26 45 237
29 177 238
6 30 239
13 39 240
20 45 241
2 63 242
24 51 243
2 40 244
31 47 245
22 118 246
12 41 247
6 171 248
13 78 249
24 175 250
31 41 251
24 177 252
22 138 253
24 76 254
22 63 255
29 75 256
1 40 257
16 154 258
26 154 259
22 76 260
16 171 261
25 30 262
27 75 263
22 159 264
29 45 265
6 118 266
15 51 267
24 42 268
2 44 269
29 65 270
1 50 271
2 28 272
2 158 273
9 171 274
22 158 275
29 167 276
1 61 277
15 45 278
9 63 279
22 175 280
31 37 281
24 78 282
24 158 283
31 46 284
9 42 285
9 159 286
24 39 287
24 138 288
1 90 289
9 30 290
31 175 291
26 37 292
29 140 293
24 179 294
26 75 295
29 35 296
29 43 297
2 136 298
2 138 299
30 63 300
2 27 301
18 51 302
2 6 303
12 175 304
18 76 305
24 44 306
24 37 307
29 175 308
30 50 309
30 66 310
9 157 311
26 175 312
27 154 313
30 36 314
2 8 315
15 78 316
20 43 317
13 46 318
20 76 319
30 118 320
3 175 321
13 38 322
13 45 323
9 158 324
31 38 325
21 45 326
1 22 327
13 41 328
15 43 329
26 41 330
7 175 331
22 179 332
26 36 333
21 76 334
8 30 335
9 118 336
22 167 337
29 39 338
22 43 339
24 75 340
2 167 341
2 32 342
16 175 343
2 157 344
32 76 345
9 66 346
24 159 347
30 171 348
3 38 349
32 175 350
4 76 351
15 39 352
32 51 353
27 30 354
29 38 355
2 20 356
22 75 357
22 47 358
13 75 359
22 78 360
33 78 361
3 37 362
16 179 363
22 46 364
22 45 365
24 45 366
1 146 367
7 158 368
24 157 369
27 42 370
29 37 371
29 49 372
29 158 373
2 127 374
18 175 375
26 78 376
28 76 377
2 174 378
13 47 379
30 61 380
2 143 381
30 134 382
13 42 383
9 44 384
30 32 385
30 70 386
1 36 387
2 144 388
16 138 389
4 43 390
21 51 391
24 41 392
30 60 393
22 134 394
15 46 395
22 51 396
29 157 397
1 128 398
3 78 399
16 44 400
2 16 401
20 39 402
30 33 403
4 51 404
22 24 405
28 51 406
26 38 407
7 177 408
16 158 409
18 177 410
20 78 411
9 51 412
28 78 413
16 75 414
22 157 415
28 43 416
31 154 417
18 154 418
20 46 419
22 28 420
31 39 421
13 37 422
7 42 423
22 27 424
16 177 425
29 78 426
30 90 427
26 179 428
33 51 429
11 179 430
1 33 431
8 161 432
15 41 433
24 66 434
7 159 435
29 171 436
7 75 437
24 46 438
20 154 439
2 98 440
7 167 441
3 76 442
15 38 443
24 106 444
33 43 445
9 134 446
28 177 447
1 79 448
26 159 449
21 78 450
6 28 451
9 22 452
20 175 453
3 46 454
24 167 455
26 47 456
1 70 457
20 47 458
1 143 459
22 41 460
27 159 461
3 45 462
20 38 463
23 161 464
4 75 465
6 22 466
6 63 467
20 22 468
4 154 469
28 30 470
33 154 471
15 47 472
28 42 473
11 157 474
3 51 475
18 179 476
7 179 477
31 36 478
10 51 479
30 44 480
2 25 481
2 156 482
24 27 483
33 76 484
3 177 485
28 154 486
32 45 487
9 37 488
15 37 489
24 38 490
18 41 491
29 30 492
33 46 493
18 43 494
3 42 495
18 45 496
22 33 497
27 179 498
7 43 499
1 32 500
3 75 501
3 43 502
31 179 503
16 167 504
24 50 505
13 175 506
26 42 507
29 41 508
8 77 509
2 134 510
21 175 511
10 43 512
7 51 513
22 38 514
7 76 515
16 30 516
21 154 517
2 29 518
30 79 519
16 42 520
26 46 521
16 157 522
21 43 523
4 175 524
5 43 525
10 76 526
21 41 527
6 44 528
8 35 529
15 36 530
3 159 531
21 37 532
16 159 533
13 154 534
22 29 535
10 78 536
12 75 537
3 179 538
2 66 539
21 47 540
24 90 541
34 49 542
33 42 543
18 22 544
18 159 545
20 41 546
13 159 547
16 66 548
8 49 549
22 39 550
2 133 551
4 37 552
12 42 553
25 76 554
7 47 555
3 39 556
4 45 557
12 159 558
18 75 559
21 46 560
26 177 561
1 67 562
29 138 563
2 97 564
7 37 565
16 90 566
24 70 567
28 47 568
25 51 569
24 33 570
20 179 571
29 63 572
8 22 573
30 174 574
28 175 575
30 40 576
22 61 577
30 146 578
30 139 579
3 47 580
18 78 581
16 134 582
28 179 583
30 162 584
30 68 585
24 61 586
2 52 587
18 42 588
27 158 589
33 175 590
1 20 591
24 36 592
24 95 593
25 33 594
15 154 595
1 136 596
26 157 597
32 43 598
7 161 599
19 76 600
2 61 601
9 76 602
12 179 603
19 43 604
1 60 605
30 71 606
8 65 607
7 157 608
29 77 609
2 55 610
7 38 611
25 42 612
18 47 613
3 41 614
16 79 615
12 177 616
10 38 617
24 40 618
32 177 619
25 154 620
28 45 621
5 175 622
16 50 623
30 67 624
29 134 625
17 51 626
18 46 627
30 95 628
3 171 629
4 177 630
9 38 631
16 174 632
1 28 633
17 76 634
8 154 635
3 36 636
7 171 637
31 75 638
5 76 639
4 42 640
29 36 641
30 69 642
9 39 643
20 36 644
31 42 645
30 164 646
15 175 647
33 177 648
32 78 649
22 36 650
10 39 651
13 179 652
6 66 653
20 159 654
8 171 655
11 158 656
22 32 657
9 43 658
24 134 659
15 75 660
16 51 661
23 154 662
7 45 663
2 178 664
32 75 665
29 46 666
20 37 667
16 40 668
24 28 669
33 47 670
4 46 671
22 50 672
1 25 673
6 154 674
22 25 675
27 157 676
7 78 677
16 76 678
21 38 679
1 164 680
33 37 681
9 41 682
4 158 683
10 47 684
20 75 685
29 118 686
8 140 687
32 154 688
17 43 689
4 38 690
1 162 691
4 41 692
10 41 693
4 47 694
4 159 695
17 45 696
32 38 697
4 77 698
2 141 699
6 138 700
22 48 701
1 170 702
25 47 703
20 42 704
30 48 705
13 177 706
16 24 707
28 159 708
2 74 709
7 77 710
27 177 711
18 37 712
10 46 713
27 171 714
9 170 715
28 75 716
33 161 717
16 43 718
29 66 719
24 29 720
28 37 721
16 170 722
24 162 723
1 16 724
30 62 725
29 44 726
18 39 727
3 157 728
10 154 729
10 45 730
19 51 731
25 43 732
2 9 733
2 122 734
32 46 735
31 177 736
14 76 737
28 46 738
32 42 739
2 147 740
6 25 741
30 125 742
6 33 743
2 181 744
9 46 745
24 25 746
22 31 747
23 140 748
4 179 749
21 75 750
28 41 751
4 78 752
13 157 753
5 51 754
4 36 755
6 9 756
9 78 757
33 39 758
9 61 759
25 41 760
28 39 761
27 29 762
1 127 763
7 35 764
2 34 765
20 177 766
31 159 767
21 39 768
22 90 769
1 17 770
34 77 771
1 48 772
19 45 773
1 174 774
24 79 775
24 32 776
33 38 777
10 37 778
33 159 779
4 39 780
7 41 781
21 179 782
25 78 783
1 31 784
10 36 785
33 41 786
7 46 787
16 47 788
25 46 789
1 134 790
14 51 791
16 37 792
2 111 793
1 69 794
9 47 795
7 49 796
34 65 797
18 38 798
14 39 799
30 141 800
9 45 801
11 167 802
7 134 803
24 129 804
24 69 805
2 109 806
32 39 807
33 75 808
3 158 809
14 43 810
16 106 811
17 75 812
21 159 813
5 78 814
21 42 815
5 45 816
19 78 817
25 45 818
26 158 819
23 49 820
24 174 821
32 47 822
6 24 823
16 22 824
28 33 825
2 31 826
28 161 827
6 20 828
17 38 829
25 38 830
22 174 831
32 37 832
34 75 833
9 50 834
22 106 835
2 19 836
24 146 837
25 179 838
3 77 839
34 37 840
1 56 841
19 154 842
19 175 843
29 61 844
7 36 845
32 41 846
5 41 847
19 37 848
12 157 849
16 28 850
24 164 851
25 32 852
32 179 853
14 45 854
17 39 855
24 68 856
25 75 857
25 177 858
23 175 859
1 129 860
4 171 861
24 60 862
3 167 863
9 48 864
25 175 865
1 68 866
34 35 867
17 175 868
28 38 869
22 79 870
2 81 871
19 46 872
2 104 873
6 43 874
30 129 875
7 39 876
1 98 877
15 42 878
25 28 879
24 143 880
23 43 881
24 48 882
30 31 883
16 61 884
21 36 885
6 158 886
34 51 887
9 40 888
25 161 889
2 53 890
2 172 891
28 32 892
33 179 893
2 17 894
25 37 895
14 38 896
23 77 897
24 67 898
25 159 899
14 47 900
21 177 901
1 125 902
31 161 903
33 45 904
6 170 905
7 140 906
16 45 907
2 18 908
9 174 909
31 158 910
18 36 911
23 37 912
2 23 913
1 52 914
1 55 915
6 37 916
6 134 917
19 179 918
23 75 919
7 65 920
8 43 921
8 28 922
16 70 923
23 158 924
20 157 925
32 158 926
14 78 927
15 177 928
32 36 929
7 66 930
23 159 931
5 36 932
22 26 933
1 97 934
6 50 935
32 33 936
31 49 937
32 157 938
5 37 939
5 46 940
16 41 941
20 30 942
26 171 943
19 39 944
30 128 945
14 36 946
23 35 947
17 78 948
15 179 949
34 42 950
4 49 951
8 37 952
23 177 953
8 33 954
17 154 955
30 170 956
1 74 957
18 30 958
31 171 959
9 24 960
13 158 961
31 77 962
17 41 963
8 51 964
23 63 965
20 24 966
9 36 967
23 65 968
15 159 969
22 40 970
28 36 971
25 49 972
9 28 973
5 39 974
5 154 975
1 139 976
25 29 977
26 27 978
22 70 979
29 33 980
10 175 981
24 62 982
24 139 983
8 177 984
19 171 985
19 177 986
5 47 987
1 34 988
17 37 989
22 170 990
19 42 991
33 36 992
31 157 993
34 43 994
23 138 995
23 157 996
29 48 997
16 33 998
34 76 999
6 51 1000
19 38 1001
20 171 1002
33 49 1003
5 38 1004
34 66 1005
3 134 1006
15 158 1007
16 78 1008
2 12 1009
31 167 1010
8 175 1011
20 158 1012
1 18 1013
23 76 1014
6 177 1015
28 65 1016
25 65 1017
5 179 1018
16 46 1019
5 75 1020
23 171 1021
32 159 1022
1 6 1023
6 75 1024
14 75 1025
11 171 1026
1 62 1027
2 87 1028
30 172 1029
25 39 1030
17 46 1031
1 8 1032
2 26 1033
1 26 1034
25 157 1035
6 8 1036
2 86 1037
1 71 1038
16 38 1039
8 63 1040
2 123 1041
8 158 1042
24 98 1043
33 35 1044
17 36 1045
23 42 1046
24 127 1047
7 63 1048
9 25 1049
2 7 1050
8 20 1051
8 47 1052
8 76 1053
34 39 1054
8 27 1055
20 33 1056
19 158 1057
2 108 1058
29 32 1059
1 29 1060
14 154 1061
1 9 1062
1 141 1063
14 41 1064
19 75 1065
12 158 1066
33 65 1067
34 63 1068
1 144 1069
19 159 1070
28 140 1071
34 41 1072
34 118 1073
28 35 1074
21 22 1075
4 35 1076
28 29 1077
30 56 1078
31 35 1079
7 61 1080
8 179 1081
8 24 1082
24 128 1083
23 179 1084
34 36 1085
27 167 1086
6 174 1087
24 71 1088
14 175 1089
20 28 1090
19 41 1091
19 36 1092
24 125 1093
8 42 1094
19 47 1095
22 34 1096
6 32 1097
28 138 1098
2 103 1099
20 32 1100
23 167 1101
24 170 1102
24 26 1103
8 25 1104
24 56 1105
34 38 1106
20 77 1107
34 47 1108
8 75 1109
21 158 1110
9 68 1111
17 47 1112
30 127 1113
14 46 1114
17 177 1115
12 167 1116
1 147 1117
3 49 1118
1 19 1119
26 167 1120
18 32 1121
24 156 1122
6 29 1123
23 45 1124
24 141 1125
27 33 1126
34 45 1127
7 30 1128
2 3 1129
6 90 1130
23 30 1131
8 66 1132
10 42 1133
10 159 1134
9 29 1135
2 21 1136
24 136 1137
15 157 1138
16 36 1139
24 144 1140
1 172 1141
6 42 1142
19 157 1143
7 44 1144
25 77 1145
17 22 1146
18 25 1147
2 142 1148
7 138 1149
30 34 1150
25 140 1151
2 113 1152
9 141 1153
8 138 1154
34 44 1155
30 147 1156
28 167 1157
4 167 1158
6 45 1159
22 162 1160
3 22 1161
2 151 1162
30 98 1163
9 33 1164
16 31 1165
33 138 1166
6 157 1167
8 9 1168
10 177 1169
31 65 1170
8 44 1171
21 30 1172
20 25 1173
24 172 1174
13 171 1175
2 114 1176
18 157 1177
29 50 1178
19 77 1179
25 36 1180
30 136 1181
5 177 1182
6 159 1183
23 44 1184
33 167 1185
6 27 1186
8 118 1187
12 22 1188
34 78 1189
5 171 1190
2 92 1191
3 161 1192
2 155 1193
2 48 1194
16 39 1195
8 159 1196
20 167 1197
6 179 1198
31 140 1199
18 27 1200
16 25 1201
9 31 1202
22 69 1203
29 90 1204
2 126 1205
19 22 1206
2 137 1207
23 51 1208
18 24 1209
33 157 1210
34 46 1211
3 30 1212
21 157 1213
23 66 1214
16 20 1215
22 23 1216
28 49 1217
31 138 1218
6 31 1219
31 134 1220
5 157 1221
30 143 1222
8 45 1223
7 27 1224
16 71 1225
6 48 1226
22 60 1227
1 21 1228
2 105 1229
14 37 1230
29 31 1231
16 32 1232
27 77 1233
30 97 1234
5 42 1235
6 18 1236
17 179 1237
20 49 1238
17 159 1239
28 157 1240
29 170 1241
16 67 1242
8 78 1243
24 97 1244
4 134 1245
6 175 1246
18 167 1247
1 122 1248
14 179 1249
30 144 1250
12 171 1251
18 158 1252
5 159 1253
32 77 1254
6 38 1255
22 141 1256
6 47 1257
11 26 1258
31 63 1259
25 35 1260
6 76 1261
16 68 1262
9 164 1263
33 140 1264
3 140 1265
6 61 1266
30 53 1267
31 33 1268
8 38 1269
11 77 1270
21 167 1271
17 24 1272
23 28 1273
22 146 1274
6 46 1275
9 125 1276
23 39 1277
1 23 1278
9 139 1279
26 134 1280
27 61 1281
23 38 1282
27 134 1283
29 40 1284
11 22 1285
6 167 1286
18 28 1287
1 111 1288
16 48 1289
16 69 1290
23 47 1291
24 147 1292
2 153 1293
30 86 1294
9 95 1295
28 77 1296
2 82 1297
23 134 1298
9 20 1299
2 89 1300
5 158 1301
25 158 1302
4 66 1303
14 42 1304
1 73 1305
6 40 1306
12 26 1307
25 167 1308
8 32 1309
17 42 1310
18 21 1311
30 156 1312
23 24 1313
24 34 1314
6 79 1315
8 46 1316
3 35 1317
14 157 1318
16 128 1319
32 171 1320
6 60 1321
17 157 1322
17 171 1323
2 163 1324
23 46 1325
20 140 1326
24 31 1327
16 164 1328
2 99 1329
30 55 1330
4 65 1331
31 32 1332
16 29 1333
19 30 1334
30 74 1335
20 29 1336
30 87 1337
13 167 1338
14 159 1339
2 170 1340
13 77 1341
2 96 1342
11 12 1343
30 113 1344
16 141 1345
33 77 1346
8 167 1347
25 138 1348
14 27 1349
14 177 1350
18 33 1351
30 111 1352
6 36 1353
22 71 1354
22 172 1355
2 130 1356
8 18 1357
1 113 1358
8 157 1359
30 133 1360
33 158 1361
2 101 1362
2 84 1363
8 29 1364
2 124 1365
3 61 1366
6 39 1367
1 103 1368
25 134 1369
22 62 1370
34 95 1371
4 63 1372
10 179 1373
4 138 1374
20 21 1375
7 118 1376
23 118 1377
23 170 1378
29 79 1379
2 187 1380
12 24 1381
4 61 1382
8 31 1383
22 164 1384
30 104 1385
7 170 1386
2 183 1387
20 134 1388
25 171 1389
2 73 1390
25 31 1391
24 122 1392
2 180 1393
6 106 1394
9 27 1395
3 66 1396
24 123 1397
2 131 1398
16 125 1399
8 134 1400
25 63 1401
19 167 1402
22 68 1403
30 103 1404
1 87 1405
6 70 1406
16 162 1407
28 63 1408
34 50 1409
19 134 1410
33 171 1411
1 53 1412
23 78 1413
24 55 1414
28 158 1415
3 63 1416
6 23 1417
18 171 1418
6 26 1419
13 134 1420
9 62 1421
6 78 1422
30 73 1423
4 44 1424
6 21 1425
23 41 1426
30 135 1427
31 61 1428
1 131 1429
8 39 1430
30 123 1431
2 58 1432
8 90 1433
2 135 1434
17 158 1435
2 148 1436
2 110 1437
3 65 1438
22 67 1439
22 129 1440
26 61 1441
34 90 1442
6 67 1443
30 52 1444
34 79 1445
8 36 1446
2 116 1447
8 41 1448
20 161 1449
2 100 1450
12 77 1451
18 161 1452
21 25 1453
29 174 1454
7 22 1455
29 70 1456
2 93 1457
2 165 1458
6 95 1459
24 87 1460
34 60 1461
1 85 1462
1 86 1463
6 69 1464
2 152 1465
11 106 1466
2 169 1467
1 135 1468
4 170 1469
6 162 1470
29 106 1471
1 178 1472
33 118 1473
6 56 1474
23 40 1475
24 52 1476
33 40 1477
28 31 1478
28 44 1479
23 33 1480
6 16 1481
18 77 1482
29 141 1483
24 53 1484
34 40 1485
1 104 1486
23 36 1487
10 157 1488
21 171 1489
25 66 1490
14 26 1491
20 61 1492
24 133 1493
31 66 1494
6 41 1495
23 61 1496
23 174 1497
12 13 1498
10 158 1499
24 86 1500
29 60 1501
31 44 1502
20 65 1503
3 44 1504
22 127 1505
1 123 1506
21 28 1507
1 183 1508
16 129 1509
16 172 1510
30 131 1511
30 116 1512
9 156 1513
20 63 1514
34 61 1515
34 48 1516
30 137 1517
2 5 1518
22 56 1519
2 13 1520
16 139 1521
1 105 1522
22 156 1523
14 22 1524
22 143 1525
5 77 1526
3 48 1527
33 63 1528
2 11 1529
30 114 1530
16 62 1531
22 136 1532
6 71 1533
32 134 1534
33 141 1535
1 96 1536
9 18 1537
21 61 1538
4 50 1539
16 97 1540
28 66 1541
4 79 1542
15 167 1543
28 171 1544
29 172 1545
30 142 1546
20 26 1547
33 134 1548
2 10 1549
6 146 1550
34 106 1551
3 6 1552
13 61 1553
33 34 1554
2 14 1555
8 95 1556
18 20 1557
11 44 1558
28 134 1559
5 134 1560
2 107 1561
23 25 1562
30 153 1563
12 21 1564
11 134 1565
20 35 1566
28 118 1567
1 12 1568
18 49 1569
22 139 1570
31 53 1571
32 61 1572
9 136 1573
19 24 1574
28 34 1575
30 151 1576
3 138 1577
12 27 1578
3 24 1579
6 68 1580
6 141 1581
29 69 1582
23 79 1583
23 48 1584
8 50 1585
24 93 1586
1 5 1587
4 174 1588
21 77 1589
13 26 1590
21 29 1591
22 125 1592
8 174 1593
30 105 1594
6 12 1595
13 27 1596
30 96 1597
8 40 1598
24 105 1599
34 70 1600
5 167 1601
25 61 1602
1 126 1603
33 174 1604
5 61 1605
18 31 1606
4 30 1607
6 34 1608
32 167 1609
6 62 1610
6 129 1611
8 61 1612
8 21 1613
31 118 1614
6 127 1615
13 22 1616
16 133 1617
9 16 1618
18 134 1619
6 11 1620
11 140 1621
25 44 1622
26 106 1623
19 35 1624
11 24 1625
2 91 1626
7 31 1627
24 137 1628
1 153 1629
18 65 1630
31 48 1631
2 57 1632
4 60 1633
4 118 1634
2 149 1635
22 133 1636
18 29 1637
3 28 1638
20 31 1639
24 153 1640
28 40 1641
23 29 1642
19 49 1643
17 26 1644
33 61 1645
28 174 1646
12 134 1647
21 31 1648
3 33 1649
31 174 1650
10 27 1651
6 19 1652
7 48 1653
4 48 1654
11 13 1655
16 143 1656
15 61 1657
16 18 1658
18 61 1659
28 74 1660
23 106 1661
8 170 1662
19 140 1663
28 53 1664
30 88 1665
5 27 1666
6 172 1667
1 93 1668
24 116 1669
8 79 1670
20 44 1671
33 44 1672
25 118 1673
12 14 1674
28 61 1675
2 184 1676
4 22 1677
8 26 1678
18 35 1679
25 34 1680
26 28 1681
20 23 1682
21 24 1683
29 95 1684
30 130 1685
29 146 1686
1 137 1687
8 12 1688
2 83 1689
27 49 1690
31 79 1691
4 70 1692
33 172 1693
12 30 1694
16 136 1695
34 69 1696
31 141 1697
21 33 1698
1 173 1699
19 33 1700
8 23 1701
11 170 1702
22 147 1703
30 72 1704
33 66 1705
5 22 1706
1 88 1707
1 91 1708
1 72 1709
3 118 1710
33 79 1711
7 79 1712
1 114 1713
30 84 1714
18 140 1715
25 40 1716
17 134 1717
2 160 1718
31 137 1719
8 16 1720
1 57 1721
4 40 1722
5 30 1723
12 29 1724
23 90 1725
9 21 1726
19 63 1727
19 161 1728
17 77 1729
2 119 1730
33 98 1731
2 64 1732
7 33 1733
14 17 1734
1 81 1735
6 98 1736
1 64 1737
7 24 1738
8 48 1739
1 181 1740
26 63 1741
29 164 1742
6 164 1743
23 31 1744
7 20 1745
1 109 1746
24 148 1747
7 174 1748
3 170 1749
29 68 1750
33 127 1751
8 11 1752
6 136 1753
7 40 1754
30 91 1755
1 3 1756
32 86 1757
34 67 1758
31 34 1759
27 44 1760
31 50 1761
2 85 1762
25 48 1763
28 79 1764
24 84 1765
2 117 1766
30 64 1767
23 50 1768
31 172 1769
22 52 1770
30 166 1771
17 167 1772
23 95 1773
2 173 1774
18 138 1775
34 71 1776
1 11 1777
4 90 1778
1 102 1779
1 116 1780
30 57 1781
1 7 1782
6 17 1783
10 167 1784
2 72 1785
11 27 1786
16 127 1787
19 61 1788
28 141 1789
24 104 1790
1 101 1791
7 28 1792
33 60 1793
24 99 1794
1 166 1795
33 147 1796
16 55 1797
19 44 1798
6 139 1799
26 95 1800
20 34 1801
29 71 1802
2 150 1803
16 147 1804
3 8 1805
3 9 1806
6 122 1807
11 14 1808
3 20 1809
7 25 1810
27 35 1811
2 88 1812
2 120 1813
27 161 1814
31 40 1815
30 102 1816
8 34 1817
6 14 1818
32 49 1819
2 185 1820
4 71 1821
1 99 1822
31 127 1823
1 115 1824
24 131 1825
8 19 1826
10 171 1827
18 63 1828
25 79 1829
25 50 1830
25 141 1831
30 85 1832
4 6 1833
2 102 1834
19 138 1835
16 56 1836
26 48 1837
7 29 1838
28 105 1839
25 174 1840
34 125 1841
19 25 1842
29 34 1843
20 118 1844
23 172 1845
1 14 1846
24 183 1847
4 141 1848
33 68 1849
8 146 1850
21 134 1851
22 74 1852
26 50 1853
17 20 1854
22 97 1855
1 108 1856
29 67 1857
9 23 1858
29 139 1859
1 142 1860
20 138 1861
1 84 1862
29 127 1863
7 21 1864
28 50 1865
30 117 1866
30 99 1867
8 98 1868
16 21 1869
30 115 1870
2 4 1871
22 144 1872
2 15 1873
8 70 1874
23 60 1875
13 24 1876
26 29 1877
29 97 1878
29 156 1879
23 32 1880
2 80 1881
30 92 1882
31 129 1883
22 55 1884
33 48 1885
14 171 1886
31 146 1887
2 115 1888
1 117 1889
4 56 1890
28 90 1891
1 155 1892
2 94 1893
27 140 1894
19 66 1895
31 90 1896
20 48 1897
31 60 1898
2 166 1899
32 44 1900
9 34 1901
1 163 1902
18 23 1903
13 14 1904
3 26 1905
14 134 1906
33 90 1907
26 49 1908
26 33 1909
33 50 1910
30 80 1911
33 170 1912
15 48 1913
16 144 1914
2 145 1915
11 144 1916
25 172 1917
25 147 1918
27 34 1919
33 62 1920
30 155 1921
32 161 1922
33 116 1923
4 69 1924
26 161 1925
4 68 1926
1 94 1927
8 172 1928
25 53 1929
28 153 1930
11 162 1931
33 106 1932
4 172 1933
20 174 1934
11 133 1935
21 48 1936
3 18 1937
14 24 1938
32 65 1939
4 62 1940
34 68 1941
8 127 1942
19 29 1943
32 140 1944
17 28 1945
7 8 1946
13 44 1947
1 107 1948
3 29 1949
9 133 1950
1 151 1951
20 66 1952
19 21 1953
33 129 1954
6 125 1955
19 28 1956
7 9 1957
11 35 1958
11 156 1959
7 172 1960
11 17 1961
9 98 1962
26 138 1963
26 66 1964
18 66 1965
4 136 1966
25 60 1967
7 18 1968
11 143 1969
14 61 1970
33 70 1971
33 67 1972
9 97 1973
16 98 1974
28 60 1975
6 7 1976
28 68 1977
5 48 1978
12 66 1979
2 168 1980
25 170 1981
4 8 1982
17 61 1983
8 141 1984
28 48 1985
33 71 1986
17 29 1987
33 55 1988
28 172 1989
4 125 1990
12 33 1991
25 90 1992
9 129 1993
32 35 1994
1 13 1995
29 162 1996
19 48 1997
33 137 1998
27 60 1999
3 40 2000
12 17 2001
11 15 2002
26 98 2003
30 145 2004
33 86 2005
10 26 2006
22 53 2007
23 70 2008
33 74 2009
7 50 2010
1 80 2011
24 58 2012
34 62 2013
27 138 2014
29 125 2015
12 15 2016
29 62 2017
33 164 2018
24 73 2019
33 87 2020
9 144 2021
10 24 2022
10 61 2023
16 23 2024
16 73 2025
6 128 2026
23 27 2027
28 127 2028
31 162 2029
21 49 2030
10 11 2031
33 105 2032
3 174 2033
31 170 2034
6 13 2035
28 143 2036
27 146 2037
32 174 2038
17 25 2039
33 52 2040
16 34 2041
32 34 2042
34 128 2043
30 82 2044
27 174 2045
29 98 2046
4 28 2047
20 40 2048
8 14 2049
28 67 2050
6 52 2051
8 17 2052
29 55 2053
29 128 2054
32 63 2055
1 10 2056
4 139 2057
9 85 2058
31 62 2059
29 143 2060
31 164 2061
4 67 2062
29 56 2063
21 147 2064
1 119 2065
8 62 2066
7 90 2067
16 153 2068
23 68 2069
9 26 2070
32 50 2071
3 31 2072
29 136 2073
31 55 2074
8 122 2075
29 129 2076
28 71 2077
5 138 2078
33 123 2079
10 22 2080
28 55 2081
32 48 2082
5 6 2083
8 164 2084
16 105 2085
25 86 2086
28 98 2087
17 18 2088
24 57 2089
24 91 2090
4 95 2091
25 70 2092
28 70 2093
33 162 2094
8 143 2095
32 79 2096
21 66 2097
5 24 2098
16 93 2099
1 92 2100
2 121 2101
10 134 2102
18 174 2103
18 44 2104
7 95 2105
32 136 2106
16 116 2107
5 12 2108
1 89 2109
33 153 2110
15 26 2111
28 84 2112
25 143 2113
18 147 2114
23 67 2115
5 44 2116
12 25 2117
19 65 2118
29 52 2119
28 170 2120
14 48 2121
26 156 2122
16 19 2123
16 135 2124
22 148 2125
1 145 2126
3 172 2127
4 24 2128
11 86 2129
28 95 2130
16 84 2131
27 70 2132
31 69 2133
13 161 2134
25 68 2135
10 77 2136
31 67 2137
4 88 2138
18 50 2139
3 11 2140
20 79 2141
8 13 2142
26 65 2143
28 148 2144
29 133 2145
3 79 2146
21 63 2147
12 170 2148
14 68 2149
20 60 2150
28 164 2151
29 147 2152
32 90 2153
25 106 2154
16 183 2155
19 170 2156
23 71 2157
19 87 2158
1 124 2159
33 69 2160
7 60 2161
9 86 2162
16 123 2163
4 143 2164
13 66 2165
1 15 2166
10 12 2167
18 146 2168
4 86 2169
10 48 2170
1 58 2171
12 31 2172
17 44 2173
5 8 2174
32 170 2175
3 14 2176
5 49 2177
9 11 2178
16 80 2179
34 97 2180
1 82 2181
4 146 2182
8 156 2183
22 123 2184
5 29 2185
18 19 2186
25 69 2187
6 97 2188
12 133 2189
27 40 2190
33 97 2191
29 88 2192
15 170 2193
12 161 2194
19 174 2195
13 68 2196
27 156 2197
21 23 2198
25 71 2199
25 74 2200
16 115 2201
33 139 2202
3 90 2203
18 60 2204
21 161 2205
28 129 2206
1 169 2207
16 165 2208
18 40 2209
29 86 2210
25 164 2211
12 140 2212
9 117 2213
25 62 2214
28 146 2215
12 146 2216
20 71 2217
9 127 2218
20 141 2219
22 137 2220
7 146 2221
34 56 2222
5 35 2223
13 63 2224
26 144 2225
11 187 2226
23 69 2227
30 168 2228
24 135 2229
29 93 2230
16 102 2231
4 129 2232
13 35 2233
5 20 2234
9 17 2235
16 94 2236
8 52 2237
8 139 2238
18 118 2239
21 44 2240
25 129 2241
29 131 2242
3 60 2243
33 95 2244
4 9 2245
5 11 2246
28 73 2247
24 89 2248
15 66 2249
18 79 2250
22 105 2251
19 20 2252
25 123 2253
26 40 2254
10 13 2255
32 69 2256
4 144 2257
23 162 2258
19 40 2259
33 57 2260
18 98 2261
1 168 2262
10 170 2263
29 115 2264
3 12 2265
4 29 2266
18 141 2267
31 52 2268
3 141 2269
13 25 2270
13 33 2271
4 32 2272
15 22 2273
33 56 2274
7 19 2275
25 52 2276
29 53 2277
13 172 2278
32 60 2279
16 168 2280
24 145 2281
29 91 2282
16 130 2283
23 139 2284
4 21 2285
4 80 2286
8 10 2287
9 19 2288
16 103 2289
33 136 2290
10 14 2291
23 97 2292
6 10 2293
18 143 2294
20 172 2295
5 170 2296
28 139 2297
14 33 2298
24 88 2299
5 63 2300
15 138 2301
7 16 2302
4 52 2303
28 52 2304
1 187 2305
3 13 2306
13 29 2307
20 162 2308
24 163 2309
6 87 2310
9 122 2311
19 60 2312
3 7 2313
14 15 2314
4 33 2315
14 98 2316
22 84 2317
3 16 2318
13 17 2319
20 127 2320
9 94 2321
12 139 2322
31 97 2323
4 55 2324
31 156 2325
11 181 2326
16 107 2327
29 85 2328
28 69 2329
21 65 2330
24 72 2331
29 166 2332
25 67 2333
16 126 2334
13 65 2335
29 72 2336
7 26 2337
34 98 2338
20 70 2339
8 133 2340
9 91 2341
14 44 2342
8 148 2343
5 28 2344
26 172 2345
29 123 2346
3 23 2347
4 31 2348
5 18 2349
23 164 2350
12 16 2351
19 172 2352
21 138 2353
16 86 2354
33 145 2355
1 4 2356
4 27 2357
7 98 2358
9 131 2359
32 138 2360
23 125 2361
4 26 2362
5 66 2363
18 71 2364
25 84 2365
33 146 2366
19 79 2367
18 90 2368
7 12 2369
6 137 2370
16 17 2371
29 64 2372
13 164 2373
13 69 2374
24 173 2375
4 20 2376
23 34 2377
29 113 2378
21 140 2379
24 96 2380
9 12 2381
18 48 2382
19 141 2383
24 169 2384
16 145 2385
17 35 2386
19 50 2387
20 62 2388
23 62 2389
26 141 2390
7 17 2391
26 118 2392
6 15 2393
17 140 2394
31 136 2395
1 100 2396
6 81 2397
25 153 2398
17 49 2399
18 172 2400
31 56 2401
27 93 2402
7 23 2403
28 136 2404
9 148 2405
12 86 2406
16 64 2407
5 143 2408
23 55 2409
24 102 2410
28 128 2411
34 86 2412
24 114 2413
5 140 2414
21 79 2415
24 64 2416
21 174 2417
14 63 2418
32 129 2419
25 55 2420
1 165 2421
9 119 2422
18 70 2423
24 107 2424
24 80 2425
25 56 2426
8 93 2427
25 162 2428
29 99 2429
7 52 2430
16 114 2431
5 161 2432
12 143 2433
7 69 2434
24 112 2435
1 152 2436
13 15 2437
29 137 2438
34 127 2439
21 71 2440
10 66 2441
19 71 2442
24 160 2443
33 144 2444
20 67 2445
31 125 2446
4 11 2447
7 67 2448
7 122 2449
32 172 2450
5 65 2451
20 170 2452
31 133 2453
7 115 2454
21 60 2455
8 131 2456
29 173 2457
34 55 2458
17 63 2459
17 48 2460
12 162 2461
14 106 2462
17 68 2463
14 147 2464
19 56 2465
28 56 2466
4 137 2467
18 68 2468
23 87 2469
25 139 2470
3 4 2471
33 133 2472
9 116 2473
18 164 2474
13 18 2475
10 138 2476
21 70 2477
29 153 2478
17 170 2479
12 97 2480
14 138 2481
15 24 2482
8 105 2483
22 163 2484
14 174 2485
23 26 2486
11 89 2487
18 62 2488
7 62 2489
8 15 2490
13 90 2491
12 147 2492
18 55 2493
5 50 2494
7 127 2495
18 162 2496
19 31 2497
28 156 2498
3 133 2499
19 23 2500
19 118 2501
18 69 2502
23 129 2503
29 57 2504
15 17 2505
5 13 2506
5 174 2507
22 115 2508
32 118 2509
16 96 2510
5 9 2511
28 72 2512
12 156 2513
7 11 2514
29 148 2515
26 131 2516
9 84 2517
3 69 2518
21 34 2519
1 112 2520
3 62 2521
25 136 2522
20 164 2523
34 122 2524
3 67 2525
16 155 2526
8 144 2527
9 14 2528
7 13 2529
10 29 2530
11 137 2531
4 128 2532
12 53 2533
3 5 2534
9 57 2535
21 40 2536
30 83 2537
23 136 2538
29 178 2539
15 172 2540
3 70 2541
17 60 2542
22 153 2543
29 84 2544
33 125 2545
5 79 2546
14 67 2547
23 123 2548
7 14 2549
15 106 2550
29 102 2551
4 7 2552
20 151 2553
6 57 2554
12 34 2555
7 71 2556
26 34 2557
7 101 2558
18 67 2559
19 68 2560
9 123 2561
3 71 2562
3 93 2563
29 142 2564
11 131 2565
11 122 2566
20 125 2567
14 74 2568
14 144 2569
8 91 2570
10 17 2571
17 161 2572
23 53 2573
1 180 2574
17 23 2575
21 69 2576
7 125 2577
1 110 2578
19 164 2579
17 65 2580
23 72 2581
7 173 2582
1 149 2583
23 56 2584
8 57 2585
28 125 2586
33 168 2587
3 156 2588
8 181 2589
5 7 2590
5 40 2591
8 137 2592
14 95 2593
33 119 2594
33 156 2595
4 130 2596
17 70 2597
5 33 2598
16 89 2599
31 124 2600
34 123 2601
7 139 2602
10 25 2603
5 162 2604
17 34 2605
29 145 2606
7 156 2607
19 129 2608
18 52 2609
14 172 2610
17 19 2611
19 67 2612
13 87 2613
4 153 2614
12 87 2615
11 94 2616
10 15 2617
14 116 2618
4 84 2619
22 168 2620
17 69 2621
6 145 2622
5 16 2623
19 128 2624
12 141 2625
11 16 2626
23 153 2627
19 69 2628
5 144 2629
7 162 2630
19 139 2631
18 136 2632
12 93 2633
11 85 2634
19 162 2635
10 136 2636
25 128 2637
7 10 2638
19 34 2639
8 117 2640
9 109 2641
4 12 2642
3 15 2643
12 23 2644
28 64 2645
8 101 2646
8 84 2647
10 143 2648
10 106 2649
17 156 2650
3 57 2651
3 68 2652
10 49 2653
7 130 2654
24 166 2655
7 113 2656
1 160 2657
34 74 2658
18 139 2659
19 125 2660
15 95 2661
29 105 2662
13 108 2663
34 53 2664
33 142 2665
4 99 2666
5 125 2667
15 146 2668
18 170 2669
22 102 2670
22 166 2671
24 168 2672
7 116 2673
26 178 2674
8 99 2675
3 56 2676
10 35 2677
18 144 2678
8 180 2679
14 129 2680
17 66 2681
25 125 2682
3 129 2683
6 135 2684
7 136 2685
3 87 2686
9 13 2687
5 15 2688
5 128 2689
15 74 2690
34 105 2691
13 122 2692
7 164 2693
12 122 2694
8 153 2695
26 80 2696
1 120 2697
15 141 2698
13 91 2699
34 87 2700
10 144 2701
28 144 2702
9 15 2703
33 128 2704
4 23 2705
19 90 2706
34 85 2707
7 15 2708
8 107 2709
34 88 2710
13 19 2711
22 145 2712
13 16 2713
9 108 2714
1 150 2715
34 113 2716
9 169 2717
18 125 2718
19 70 2719
16 100 2720
8 173 2721
11 100 2722
12 88 2723
10 133 2724
9 10 2725
21 139 2726
8 135 2727
12 91 2728
17 90 2729
5 23 2730
13 117 2731
21 118 2732
4 34 2733
15 129 2734
8 94 2735
9 151 2736
23 144 2737
9 53 2738
8 103 2739
9 152 2740
3 125 2741
34 103 2742
9 163 2743
10 63 2744
34 73 2745
8 119 2746
34 64 2747
20 52 2748
34 117 2749
10 140 2750
15 133 2751
10 70 2752
34 99 2753
34 116 2754
14 118 2755
15 156 2756
7 34 2757
13 34 2758
34 80 2759
25 166 2760
10 67 2761
1 121 2762
10 65 2763
10 162 2764
13 23 2765
8 85 2766
12 99 2767
34 115 2768
21 115 2769
1 184 2770
25 92 2771
1 83 2772
3 99 2773
10 164 2774
3 10 2775
3 144 2776
12 116 2777
15 29 2778
6 173 2779
7 56 2780
34 58 2781
15 122 2782
15 128 2783
17 118 2784
12 117 2785
14 128 2786
25 183 2787
25 81 2788
34 114 2789
23 111 2790
20 109 2791
10 156 2792
17 141 2793
34 110 2794
8 151 2795
5 10 2796
3 123 2797
34 94 2798
10 16 2799
11 119 2800
12 184 2801
4 82 2802
11 101 2803
7 149 2804
3 126 2805
23 145 2806
10 18 2807
34 104 2808
5 118 2809
10 34 2810
34 126 2811
34 96 2812
1 185 2813
17 166 2814
4 5 2815
5 31 2816
34 93 2817
5 130 2818
4 16 2819
13 148 2820
14 34 2821
10 94 2822
34 72 2823
26 119 2824
12 148 2825
12 124 2826
3 187 2827
10 122 2828
15 99 2829
8 108 2830
34 111 2831
10 23 2832
34 102 2833
15 100 2834
15 97 2835
15 168 2836
34 124 2837
10 19 2838
4 17 2839
5 34 2840
15 16 2841
6 185 2842
34 119 2843
8 124 2844
10 131 2845
15 34 2846
7 152 2847
15 19 2848
21 150 2849
10 168 2850
15 23 2851
15 119 2852
17 173 2853
15 148 2854
1 182 2855
4 15 2856
15 101 2857
10 187 2858
10 107 2859
10 117 2860
9 182 2861
10 178 2862
15 107 2863
10 99 2864
10 126 2865
10 183 2866
15 183 2867
15 186 2868
