1 2 1
1 24 2
2 8 3
2 24 4
2 6 5
2 3 6
2 30 7
1 30 8
1 29 9
2 23 10
1 6 11
2 29 12
1 16 13
1 8 14
2 25 15
1 25 16
1 18 17
2 9 18
1 23 19
2 4 20
2 16 21
24 30 22
2 22 23
1 22 24
2 7 25
2 19 26
2 18 27
29 30 28
24 28 29
2 28 30
6 24 31
30 33 32
1 7 33
4 30 34
28 30 35
1 3 36
18 24 37
1 28 38
23 24 39
1 19 40
16 24 41
24 25 42
6 30 43
22 30 44
24 29 45
2 5 46
16 29 47
18 30 48
1 33 49
18 22 50
16 30 51
22 29 52
2 33 53
7 30 54
23 30 55
22 23 56
2 31 57
2 34 58
2 46 59
23 29 60
28 29 61
2 134 62
2 159 63
22 24 64
30 31 65
24 33 66
2 13 67
25 29 68
18 29 69
6 29 70
1 9 71
2 12 72
2 177 73
16 33 74
30 174 75
2 170 76
7 24 77
2 20 78
2 32 79
1 31 80
2 171 81
23 28 82
2 47 83
16 18 84
2 161 85
7 16 86
2 154 87
6 16 88
6 33 89
2 75 90
19 29 91
2 63 92
3 29 93
30 42 94
25 33 95
1 21 96
4 24 97
2 21 98
29 33 99
30 77 100
8 24 101
16 23 102
30 134 103
30 161 104
30 177 105
2 76 106
1 4 107
2 26 108
1 5 109
2 40 110
2 39 111
18 28 112
3 30 113
30 171 114
2 38 115
30 63 116
30 138 117
21 30 118
29 31 119
1 12 120
2 65 121
2 141 122
22 28 123
22 25 124
30 78 125
2 10 126
2 27 127
2 158 128
2 167 129
2 77 130
30 35 131
1 32 132
2 140 133
16 21 134
30 159 135
30 140 136
1 34 137
18 23 138
30 170 139
4 29 140
19 22 141
30 49 142
2 17 143
7 29 144
2 42 145
30 47 146
2 36 147
2 43 148
2 98 149
30 39 150
30 157 151
1 42 152
2 136 153
30 51 154
1 20 155
2 157 156
1 13 157
2 49 158
18 33 159
23 33 160
30 179 161
2 51 162
2 78 163
2 52 164
1 10 165
2 44 166
2 61 167
8 30 168
21 22 169
16 22 170
6 22 171
28 33 172
30 38 173
30 118 174
2 70 175
1 170 176
1 47 177
2 164 178
30 60 179
19 24 180
30 41 181
30 175 182
2 123 183
30 75 184
2 175 185
1 158 186
30 40 187
30 79 188
30 65 189
2 106 190
2 35 191
29 161 192
2 11 193
30 46 194
29 76 195
2 45 196
22 33 197
30 61 198
3 24 199
2 71 200
2 174 201
2 56 202
2 172 203
2 37 204
30 37 205
2 57 206
19 30 207
1 40 208
2 60 209
18 31 210
29 167 211
30 43 212
30 48 213
30 158 214
2 127 215
29 38 216
29 47 217
1 154 218
2 67 219
1 141 220
29 34 221
30 44 222
1 17 223
1 161 224
2 97 225
30 167 226
1 175 227
2 62 228
1 67 229
33 39 230
2 90 231
2 138 232
30 172 233
6 23 234
30 90 235
2 79 236
1 63 237
2 156 238
25 30 239
2 135 240
19 25 241
29 140 242
1 106 243
1 140 244
8 22 245
2 48 246
29 36 247
21 29 248
1 49 249
1 171 250
2 129 251
16 28 252
29 51 253
1 65 254
18 25 255
1 159 256
29 177 257
30 154 258
24 31 259
30 70 260
1 36 261
2 118 262
2 69 263
3 22 264
29 39 265
29 42 266
1 38 267
1 39 268
22 31 269
4 22 270
2 50 271
2 143 272
2 66 273
2 68 274
2 105 275
4 158 276
29 159 277
29 179 278
2 133 279
24 63 280
29 65 281
4 78 282
20 29 283
4 43 284
30 66 285
23 31 286
7 22 287
21 28 288
28 31 289
30 34 290
2 14 291
1 44 292
1 35 293
30 36 294
30 69 295
2 139 296
22 27 297
1 136 298
9 24 299
30 129 300
2 125 301
1 157 302
3 16 303
26 27 304
2 179 305
2 128 306
4 51 307
30 141 308
1 76 309
30 76 310
2 146 311
24 34 312
1 125 313
29 63 314
2 87 315
1 138 316
16 31 317
29 43 318
31 33 319
2 144 320
3 18 321
2 153 322
16 47 323
2 137 324
4 47 325
1 172 326
9 30 327
24 157 328
1 52 329
24 43 330
18 20 331
27 30 332
1 90 333
5 30 334
8 23 335
29 171 336
28 75 337
2 119 338
24 134 339
1 66 340
16 75 341
4 8 342
8 16 343
29 134 344
2 145 345
21 24 346
1 139 347
30 50 348
4 75 349
20 24 350
29 37 351
16 19 352
2 162 353
29 138 354
4 61 355
2 84 356
2 168 357
8 29 358
28 43 359
3 7 360
1 37 361
4 134 362
2 95 363
19 33 364
1 46 365
1 167 366
30 62 367
1 75 368
2 41 369
18 19 370
4 76 371
30 32 372
1 50 373
33 43 374
2 85 375
2 99 376
6 19 377
6 25 378
3 33 379
4 39 380
24 158 381
30 156 382
4 35 383
1 45 384
1 61 385
16 51 386
4 177 387
29 49 388
4 31 389
24 167 390
29 75 391
30 45 392
4 42 393
29 78 394
2 55 395
33 75 396
33 157 397
17 29 398
1 27 399
5 16 400
18 21 401
23 34 402
29 157 403
1 137 404
2 122 405
4 77 406
4 175 407
1 60 408
1 174 409
1 134 410
2 74 411
4 23 412
1 14 413
1 179 414
30 71 415
24 26 416
13 24 417
30 144 418
1 56 419
29 45 420
4 46 421
1 71 422
2 131 423
20 30 424
23 25 425
29 35 426
3 39 427
1 144 428
4 36 429
20 22 430
24 39 431
29 61 432
1 26 433
28 78 434
1 79 435
24 47 436
1 43 437
2 86 438
19 23 439
4 28 440
16 20 441
18 43 442
4 45 443
1 77 444
30 139 445
20 23 446
28 177 447
5 29 448
7 28 449
28 61 450
33 177 451
1 48 452
1 70 453
1 118 454
24 32 455
1 164 456
16 78 457
24 78 458
6 28 459
9 29 460
3 28 461
30 57 462
4 7 463
28 36 464
12 16 465
4 63 466
25 31 467
33 42 468
1 57 469
4 171 470
24 161 471
1 41 472
1 129 473
6 8 474
4 38 475
1 146 476
33 78 477
7 33 478
8 18 479
19 21 480
1 69 481
28 167 482
7 18 483
28 171 484
4 37 485
1 177 486
16 134 487
29 32 488
29 77 489
4 170 490
22 177 491
13 29 492
3 159 493
17 24 494
1 62 495
1 145 496
20 28 497
25 157 498
30 164 499
33 170 500
16 171 501
29 172 502
4 6 503
22 171 504
6 75 505
20 33 506
4 33 507
1 153 508
1 166 509
6 7 510
16 158 511
29 141 512
4 167 513
22 39 514
23 43 515
4 16 516
27 29 517
2 115 518
1 98 519
1 123 520
12 21 521
1 68 522
24 70 523
6 18 524
2 82 525
30 87 526
6 51 527
1 162 528
7 175 529
2 111 530
8 19 531
29 60 532
25 28 533
30 127 534
4 154 535
24 118 536
29 48 537
30 137 538
1 143 539
2 94 540
5 33 541
2 116 542
4 21 543
16 32 544
22 75 545
24 61 546
6 31 547
1 168 548
33 158 549
5 24 550
7 36 551
21 31 552
33 49 553
1 51 554
24 159 555
29 46 556
8 154 557
16 34 558
4 179 559
16 157 560
18 154 561
29 154 562
25 76 563
25 140 564
12 23 565
3 158 566
22 157 567
30 146 568
29 69 569
14 22 570
30 68 571
2 103 572
24 77 573
25 63 574
20 25 575
30 56 576
33 167 577
1 78 578
8 36 579
2 102 580
28 159 581
24 27 582
29 44 583
4 20 584
5 8 585
7 167 586
28 140 587
2 53 588
2 117 589
2 181 590
7 23 591
24 177 592
2 101 593
3 154 594
6 9 595
6 157 596
24 44 597
30 125 598
3 4 599
30 162 600
4 159 601
1 11 602
7 31 603
25 47 604
29 170 605
1 86 606
6 38 607
7 154 608
28 42 609
28 175 610
29 174 611
6 39 612
18 39 613
33 171 614
2 173 615
16 38 616
24 51 617
2 163 618
4 138 619
28 77 620
24 75 621
28 76 622
8 20 623
30 67 624
4 174 625
18 175 626
28 51 627
29 158 628
28 47 629
6 43 630
16 46 631
2 178 632
3 20 633
22 159 634
28 49 635
33 47 636
3 76 637
6 70 638
18 36 639
29 41 640
4 49 641
1 95 642
19 28 643
24 154 644
29 175 645
28 48 646
12 22 647
7 47 648
16 154 649
24 38 650
28 134 651
2 113 652
3 43 653
3 78 654
13 22 655
22 134 656
22 77 657
16 25 658
17 25 659
25 38 660
2 93 661
9 33 662
2 147 663
2 187 664
16 77 665
2 151 666
30 133 667
4 41 668
29 66 669
33 51 670
13 16 671
8 26 672
10 24 673
6 47 674
31 43 675
31 78 676
1 128 677
2 107 678
33 77 679
2 91 680
6 20 681
1 85 682
24 49 683
3 75 684
2 183 685
22 32 686
23 63 687
3 38 688
24 76 689
6 171 690
6 76 691
16 63 692
9 16 693
28 63 694
25 66 695
7 134 696
24 42 697
1 93 698
4 66 699
12 30 700
16 161 701
19 39 702
22 167 703
24 65 704
18 61 705
18 159 706
23 47 707
33 134 708
33 63 709
1 127 710
19 51 711
5 7 712
29 50 713
16 167 714
2 96 715
1 135 716
26 29 717
2 80 718
6 167 719
31 75 720
2 73 721
8 21 722
25 171 723
2 166 724
19 78 725
8 47 726
3 23 727
6 63 728
6 14 729
31 134 730
7 170 731
22 41 732
7 25 733
8 33 734
18 76 735
25 134 736
6 46 737
3 61 738
12 36 739
28 161 740
3 8 741
2 148 742
4 70 743
30 136 744
33 35 745
2 81 746
28 179 747
7 14 748
18 140 749
18 170 750
33 154 751
3 47 752
24 140 753
3 167 754
18 46 755
29 40 756
22 78 757
25 170 758
28 35 759
21 33 760
14 33 761
22 37 762
30 52 763
23 45 764
8 9 765
8 28 766
29 164 767
22 76 768
24 37 769
7 78 770
16 177 771
25 49 772
1 105 773
1 131 774
4 9 775
3 140 776
18 27 777
21 25 778
25 32 779
18 158 780
3 5 781
18 75 782
24 138 783
33 140 784
7 19 785
28 158 786
13 23 787
28 34 788
2 126 789
22 175 790
25 159 791
3 6 792
23 158 793
4 44 794
6 78 795
16 61 796
28 46 797
33 46 798
30 128 799
2 88 800
28 37 801
28 174 802
4 34 803
20 31 804
7 38 805
25 43 806
16 65 807
24 171 808
23 75 809
3 36 810
12 31 811
18 51 812
28 32 813
28 154 814
7 43 815
1 183 816
33 159 817
12 24 818
17 22 819
25 167 820
29 67 821
11 177 822
7 9 823
24 46 824
7 39 825
24 40 826
24 41 827
2 89 828
5 22 829
22 66 830
16 174 831
2 114 832
24 48 833
24 174 834
33 76 835
16 140 836
16 42 837
22 174 838
1 53 839
28 39 840
10 29 841
1 55 842
18 78 843
28 60 844
9 154 845
24 36 846
6 154 847
16 43 848
12 25 849
6 36 850
7 20 851
19 167 852
29 156 853
6 77 854
3 46 855
33 45 856
18 167 857
22 43 858
1 147 859
29 70 860
3 179 861
7 158 862
8 61 863
1 87 864
3 177 865
6 61 866
28 44 867
19 43 868
19 75 869
16 37 870
25 75 871
28 45 872
33 48 873
6 170 874
12 34 875
28 138 876
28 157 877
30 86 878
33 38 879
23 77 880
8 46 881
1 96 882
22 35 883
1 97 884
22 61 885
25 39 886
31 76 887
2 109 888
22 44 889
4 65 890
7 157 891
23 39 892
28 69 893
5 18 894
23 37 895
1 116 896
3 31 897
22 36 898
22 49 899
24 35 900
3 157 901
23 161 902
18 157 903
2 108 904
30 95 905
23 51 906
22 138 907
33 175 908
3 12 909
6 134 910
2 152 911
18 63 912
33 61 913
2 92 914
18 38 915
31 39 916
29 90 917
8 43 918
24 170 919
19 31 920
19 76 921
28 38 922
31 177 923
8 75 924
16 35 925
28 118 926
8 179 927
22 65 928
24 141 929
25 45 930
8 31 931
8 171 932
22 154 933
8 78 934
22 63 935
23 76 936
22 45 937
22 140 938
23 134 939
16 175 940
24 69 941
9 39 942
18 35 943
2 142 944
24 79 945
27 33 946
25 42 947
2 72 948
25 158 949
33 66 950
8 41 951
4 26 952
9 23 953
22 179 954
19 47 955
32 33 956
31 47 957
8 39 958
12 51 959
16 41 960
1 74 961
1 99 962
2 130 963
14 27 964
23 167 965
8 177 966
18 177 967
33 36 968
25 51 969
4 118 970
22 51 971
29 62 972
4 12 973
18 37 974
4 27 975
9 34 976
12 76 977
16 76 978
6 159 979
8 159 980
18 134 981
22 158 982
29 129 983
8 37 984
12 29 985
6 177 986
5 28 987
12 140 988
20 43 989
23 170 990
23 171 991
30 98 992
29 118 993
23 78 994
7 75 995
22 42 996
3 48 997
4 79 998
14 24 999
24 172 1000
1 84 1001
7 8 1002
23 32 1003
27 167 1004
2 155 1005
3 9 1006
9 22 1007
1 107 1008
19 61 1009
3 63 1010
23 159 1011
2 58 1012
25 61 1013
16 79 1014
1 103 1015
19 157 1016
27 36 1017
4 5 1018
4 40 1019
33 44 1020
6 175 1021
25 35 1022
22 47 1023
30 97 1024
2 180 1025
16 90 1026
4 48 1027
11 75 1028
24 90 1029
8 158 1030
2 64 1031
3 170 1032
4 60 1033
8 157 1034
18 49 1035
19 159 1036
9 19 1037
33 34 1038
25 79 1039
13 25 1040
22 34 1041
22 38 1042
2 104 1043
11 140 1044
28 170 1045
17 28 1046
31 61 1047
23 177 1048
1 91 1049
6 158 1050
1 72 1051
3 171 1052
5 12 1053
23 174 1054
3 37 1055
16 49 1056
4 11 1057
8 17 1058
8 170 1059
16 50 1060
16 36 1061
21 38 1062
11 46 1063
25 138 1064
33 174 1065
19 36 1066
6 37 1067
18 66 1068
8 167 1069
7 66 1070
24 139 1071
31 63 1072
8 76 1073
29 125 1074
33 164 1075
18 161 1076
19 77 1077
1 102 1078
22 170 1079
16 44 1080
16 138 1081
24 129 1082
28 40 1083
1 115 1084
27 158 1085
16 170 1086
1 73 1087
16 48 1088
33 161 1089
5 6 1090
30 99 1091
21 36 1092
18 47 1093
25 36 1094
25 179 1095
8 38 1096
8 63 1097
30 123 1098
6 21 1099
8 140 1100
31 38 1101
8 25 1102
19 46 1103
24 179 1104
28 65 1105
3 138 1106
23 175 1107
25 161 1108
7 63 1109
19 161 1110
31 157 1111
7 51 1112
1 81 1113
6 32 1114
18 48 1115
25 78 1116
1 94 1117
6 42 1118
8 175 1119
20 39 1120
7 41 1121
21 154 1122
7 171 1123
12 159 1124
16 45 1125
6 45 1126
2 100 1127
3 134 1128
8 11 1129
22 46 1130
23 61 1131
1 58 1132
19 158 1133
12 167 1134
28 90 1135
3 11 1136
18 32 1137
33 133 1138
6 41 1139
18 41 1140
19 171 1141
4 71 1142
1 117 1143
13 26 1144
33 179 1145
24 56 1146
1 101 1147
19 45 1148
21 161 1149
1 88 1150
22 118 1151
33 138 1152
1 64 1153
4 141 1154
21 78 1155
24 45 1156
8 10 1157
23 154 1158
25 41 1159
30 84 1160
31 36 1161
14 17 1162
20 26 1163
25 34 1164
6 49 1165
18 45 1166
11 37 1167
9 167 1168
19 41 1169
33 65 1170
19 38 1171
6 26 1172
24 60 1173
1 126 1174
12 47 1175
20 46 1176
30 131 1177
29 68 1178
1 80 1179
25 46 1180
8 134 1181
1 113 1182
31 51 1183
19 37 1184
23 36 1185
11 78 1186
5 20 1187
9 11 1188
19 179 1189
24 50 1190
7 27 1191
12 154 1192
24 175 1193
18 179 1194
2 124 1195
3 141 1196
23 157 1197
3 45 1198
3 175 1199
7 140 1200
12 158 1201
30 145 1202
31 77 1203
5 27 1204
9 46 1205
4 69 1206
12 33 1207
18 77 1208
21 75 1209
22 161 1210
7 61 1211
7 77 1212
25 44 1213
1 163 1214
23 38 1215
7 44 1216
19 177 1217
1 114 1218
1 169 1219
3 118 1220
30 151 1221
33 40 1222
33 68 1223
23 138 1224
5 15 1225
16 159 1226
1 155 1227
19 63 1228
30 147 1229
6 174 1230
3 161 1231
28 66 1232
23 140 1233
29 162 1234
7 45 1235
31 140 1236
7 76 1237
3 49 1238
16 66 1239
12 39 1240
28 164 1241
24 66 1242
6 138 1243
5 171 1244
30 117 1245
30 153 1246
30 168 1247
7 177 1248
11 159 1249
14 26 1250
12 175 1251
31 167 1252
23 118 1253
12 78 1254
31 171 1255
33 41 1256
20 51 1257
12 38 1258
16 39 1259
1 119 1260
4 129 1261
8 49 1262
26 75 1263
1 122 1264
8 32 1265
18 138 1266
31 158 1267
18 44 1268
27 76 1269
27 159 1270
8 27 1271
23 46 1272
6 35 1273
30 115 1274
22 26 1275
7 46 1276
30 116 1277
16 17 1278
3 26 1279
29 79 1280
3 172 1281
6 44 1282
31 159 1283
31 161 1284
21 76 1285
16 70 1286
25 77 1287
29 139 1288
1 111 1289
6 34 1290
8 65 1291
9 159 1292
25 177 1293
20 140 1294
3 174 1295
10 27 1296
27 51 1297
7 159 1298
19 49 1299
33 79 1300
6 65 1301
28 156 1302
3 14 1303
8 45 1304
21 158 1305
19 175 1306
23 40 1307
13 33 1308
12 177 1309
6 140 1310
25 175 1311
33 118 1312
9 18 1313
19 154 1314
1 178 1315
4 172 1316
20 78 1317
8 48 1318
12 170 1319
19 42 1320
19 140 1321
1 187 1322
9 134 1323
12 43 1324
20 21 1325
8 51 1326
9 35 1327
11 154 1328
21 134 1329
3 40 1330
9 20 1331
31 175 1332
6 161 1333
7 179 1334
8 174 1335
25 154 1336
31 154 1337
11 38 1338
21 43 1339
31 170 1340
1 82 1341
6 66 1342
19 170 1343
19 138 1344
25 70 1345
27 39 1346
22 48 1347
20 175 1348
23 44 1349
33 70 1350
19 20 1351
31 42 1352
1 185 1353
9 179 1354
14 43 1355
12 134 1356
18 171 1357
19 35 1358
27 38 1359
5 11 1360
28 41 1361
1 173 1362
6 48 1363
11 17 1364
12 179 1365
21 70 1366
26 37 1367
29 133 1368
8 34 1369
23 27 1370
3 13 1371
13 75 1372
30 143 1373
2 160 1374
7 37 1375
7 48 1376
9 14 1377
17 75 1378
1 124 1379
9 63 1380
2 169 1381
11 175 1382
27 43 1383
34 78 1384
9 61 1385
3 66 1386
24 68 1387
20 61 1388
20 75 1389
1 108 1390
6 27 1391
9 158 1392
19 48 1393
11 167 1394
26 45 1395
28 79 1396
13 14 1397
13 27 1398
32 78 1399
9 66 1400
23 35 1401
5 78 1402
21 23 1403
27 78 1404
30 135 1405
8 14 1406
19 65 1407
31 34 1408
26 179 1409
18 42 1410
20 32 1411
22 60 1412
31 45 1413
27 47 1414
2 165 1415
7 49 1416
16 68 1417
29 136 1418
23 49 1419
28 71 1420
26 134 1421
11 47 1422
1 181 1423
33 52 1424
5 9 1425
6 118 1426
31 41 1427
20 34 1428
25 60 1429
11 26 1430
19 174 1431
3 77 1432
11 76 1433
19 34 1434
25 65 1435
12 41 1436
16 179 1437
26 28 1438
30 55 1439
11 171 1440
17 26 1441
2 149 1442
8 42 1443
25 174 1444
27 157 1445
20 154 1446
4 32 1447
20 49 1448
2 120 1449
11 14 1450
13 34 1451
6 179 1452
11 41 1453
4 68 1454
8 66 1455
11 134 1456
24 146 1457
16 106 1458
29 52 1459
12 75 1460
3 35 1461
3 41 1462
7 35 1463
23 65 1464
2 15 1465
23 26 1466
7 26 1467
24 106 1468
6 141 1469
8 77 1470
23 42 1471
24 162 1472
19 134 1473
19 44 1474
25 40 1475
28 172 1476
31 32 1477
24 127 1478
3 51 1479
8 161 1480
33 62 1481
16 67 1482
33 69 1483
5 140 1484
27 171 1485
6 69 1486
21 167 1487
25 37 1488
27 134 1489
9 45 1490
9 157 1491
4 62 1492
30 74 1493
34 42 1494
33 37 1495
29 137 1496
24 164 1497
31 37 1498
2 83 1499
22 40 1500
7 42 1501
17 38 1502
8 138 1503
31 35 1504
9 27 1505
22 172 1506
9 41 1507
4 67 1508
21 77 1509
25 129 1510
20 159 1511
34 75 1512
12 171 1513
20 63 1514
22 156 1515
26 154 1516
3 65 1517
3 71 1518
9 12 1519
19 66 1520
11 77 1521
20 170 1522
33 162 1523
33 71 1524
11 44 1525
11 158 1526
25 52 1527
7 174 1528
11 45 1529
9 75 1530
8 70 1531
27 140 1532
2 110 1533
1 142 1534
9 175 1535
30 91 1536
31 46 1537
4 125 1538
22 79 1539
24 71 1540
31 179 1541
29 146 1542
1 151 1543
11 27 1544
29 106 1545
17 43 1546
4 146 1547
27 75 1548
11 170 1549
1 100 1550
16 71 1551
9 28 1552
20 38 1553
20 36 1554
1 89 1555
1 152 1556
12 42 1557
6 79 1558
21 44 1559
10 16 1560
23 70 1561
16 62 1562
21 39 1563
4 50 1564
21 171 1565
16 164 1566
7 172 1567
30 105 1568
13 167 1569
25 69 1570
8 40 1571
28 141 1572
1 180 1573
9 25 1574
17 18 1575
8 118 1576
9 78 1577
18 60 1578
21 45 1579
14 76 1580
24 67 1581
24 62 1582
26 39 1583
7 161 1584
25 50 1585
13 38 1586
28 70 1587
12 27 1588
34 63 1589
20 157 1590
8 44 1591
8 172 1592
24 52 1593
25 48 1594
30 53 1595
23 48 1596
11 22 1597
6 139 1598
26 175 1599
3 44 1600
17 167 1601
24 137 1602
8 35 1603
32 171 1604
11 51 1605
13 18 1606
2 185 1607
9 47 1608
32 75 1609
17 39 1610
11 157 1611
20 77 1612
24 123 1613
20 177 1614
26 76 1615
29 56 1616
31 49 1617
1 92 1618
18 174 1619
24 98 1620
30 85 1621
6 40 1622
9 118 1623
31 174 1624
5 31 1625
26 159 1626
21 157 1627
9 77 1628
10 12 1629
20 134 1630
12 77 1631
4 90 1632
20 76 1633
10 22 1634
34 41 1635
6 68 1636
16 40 1637
29 86 1638
32 140 1639
4 99 1640
1 160 1641
21 41 1642
16 172 1643
20 174 1644
12 14 1645
23 87 1646
20 41 1647
21 138 1648
21 37 1649
12 161 1650
8 13 1651
16 127 1652
19 70 1653
13 134 1654
6 50 1655
4 136 1656
24 95 1657
27 41 1658
20 48 1659
20 158 1660
33 136 1661
33 156 1662
7 65 1663
22 67 1664
28 68 1665
26 47 1666
26 177 1667
24 87 1668
5 10 1669
31 44 1670
34 118 1671
19 71 1672
21 159 1673
34 77 1674
3 42 1675
9 170 1676
26 41 1677
17 157 1678
3 15 1679
3 60 1680
28 127 1681
34 38 1682
13 157 1683
6 13 1684
11 35 1685
16 133 1686
32 157 1687
21 175 1688
31 65 1689
8 50 1690
6 90 1691
29 97 1692
7 118 1693
6 71 1694
18 141 1695
27 45 1696
20 70 1697
1 83 1698
16 129 1699
27 61 1700
9 38 1701
9 31 1702
26 158 1703
22 162 1704
21 177 1705
26 36 1706
28 139 1707
24 156 1708
9 161 1709
25 143 1710
5 154 1711
8 164 1712
17 134 1713
18 162 1714
20 167 1715
6 11 1716
31 48 1717
34 36 1718
9 76 1719
17 159 1720
6 164 1721
33 90 1722
12 157 1723
23 66 1724
23 41 1725
32 177 1726
2 121 1727
4 139 1728
5 61 1729
10 14 1730
25 118 1731
28 67 1732
21 49 1733
25 141 1734
5 43 1735
24 86 1736
34 45 1737
18 146 1738
31 66 1739
25 172 1740
28 136 1741
32 63 1742
29 55 1743
31 118 1744
7 164 1745
20 47 1746
17 46 1747
9 49 1748
10 36 1749
30 130 1750
30 166 1751
22 70 1752
6 60 1753
5 47 1754
9 177 1755
25 162 1756
30 103 1757
29 131 1758
13 159 1759
11 36 1760
34 43 1761
19 118 1762
13 19 1763
8 141 1764
23 68 1765
20 42 1766
23 79 1767
2 150 1768
13 47 1769
11 43 1770
12 66 1771
7 67 1772
21 140 1773
28 125 1774
7 79 1775
9 17 1776
12 26 1777
22 133 1778
11 13 1779
29 143 1780
3 70 1781
27 161 1782
29 71 1783
13 177 1784
21 46 1785
25 56 1786
32 159 1787
14 159 1788
22 50 1789
25 68 1790
11 39 1791
31 138 1792
16 69 1793
27 179 1794
7 50 1795
26 171 1796
21 42 1797
34 49 1798
24 93 1799
26 63 1800
4 52 1801
4 128 1802
29 127 1803
17 158 1804
24 144 1805
34 39 1806
32 36 1807
20 45 1808
25 139 1809
9 171 1810
16 141 1811
20 179 1812
26 51 1813
28 50 1814
33 60 1815
27 49 1816
28 129 1817
7 139 1818
22 143 1819
27 44 1820
7 52 1821
18 118 1822
33 141 1823
18 172 1824
26 61 1825
17 61 1826
23 50 1827
29 99 1828
7 13 1829
9 26 1830
8 95 1831
28 52 1832
13 51 1833
2 184 1834
26 40 1835
4 86 1836
6 127 1837
7 12 1838
19 79 1839
25 164 1840
17 78 1841
9 37 1842
26 167 1843
6 162 1844
34 51 1845
3 69 1846
10 61 1847
5 158 1848
9 140 1849
23 172 1850
5 39 1851
24 125 1852
30 113 1853
6 62 1854
17 140 1855
14 36 1856
30 80 1857
28 56 1858
5 157 1859
26 66 1860
18 70 1861
17 47 1862
1 120 1863
5 77 1864
32 51 1865
24 97 1866
4 56 1867
7 62 1868
20 66 1869
14 51 1870
34 44 1871
22 141 1872
32 37 1873
27 154 1874
11 179 1875
14 47 1876
29 95 1877
1 121 1878
12 46 1879
28 146 1880
9 21 1881
33 67 1882
32 76 1883
14 63 1884
19 141 1885
32 158 1886
21 51 1887
23 69 1888
14 39 1889
13 76 1890
14 78 1891
6 172 1892
30 96 1893
32 43 1894
14 175 1895
14 75 1896
18 40 1897
30 82 1898
33 106 1899
26 161 1900
32 161 1901
18 164 1902
10 51 1903
19 40 1904
17 45 1905
5 167 1906
8 79 1907
31 156 1908
9 42 1909
19 60 1910
30 102 1911
6 136 1912
12 45 1913
5 75 1914
25 71 1915
7 71 1916
29 98 1917
11 24 1918
25 136 1919
7 10 1920
29 128 1921
33 172 1922
24 105 1923
5 23 1924
24 136 1925
26 33 1926
12 13 1927
9 13 1928
17 177 1929
5 159 1930
8 12 1931
17 51 1932
26 38 1933
30 142 1934
6 10 1935
9 141 1936
32 39 1937
34 35 1938
26 157 1939
25 90 1940
18 71 1941
6 146 1942
7 138 1943
22 164 1944
26 78 1945
27 77 1946
12 141 1947
7 40 1948
9 156 1949
21 47 1950
32 154 1951
16 139 1952
16 144 1953
14 134 1954
31 79 1955
27 177 1956
9 43 1957
21 174 1958
24 145 1959
33 146 1960
22 62 1961
31 141 1962
32 34 1963
13 43 1964
26 118 1965
7 146 1966
32 167 1967
32 45 1968
17 76 1969
10 46 1970
30 88 1971
10 134 1972
22 71 1973
18 69 1974
19 69 1975
9 36 1976
21 48 1977
23 179 1978
25 62 1979
23 60 1980
23 164 1981
29 123 1982
6 12 1983
7 60 1984
23 62 1985
7 34 1986
9 50 1987
18 65 1988
26 42 1989
28 144 1990
5 37 1991
9 40 1992
29 153 1993
34 48 1994
32 61 1995
32 179 1996
32 77 1997
34 56 1998
34 69 1999
14 34 2000
13 161 2001
31 172 2002
21 60 2003
14 41 2004
17 23 2005
26 46 2006
6 129 2007
20 35 2008
30 64 2009
11 12 2010
13 41 2011
7 156 2012
32 47 2013
21 118 2014
3 79 2015
10 76 2016
17 171 2017
8 90 2018
19 129 2019
14 61 2020
14 157 2021
22 136 2022
5 51 2023
17 36 2024
22 52 2025
22 144 2026
33 50 2027
10 11 2028
33 127 2029
24 173 2030
30 111 2031
32 35 2032
14 42 2033
1 110 2034
4 137 2035
7 162 2036
33 98 2037
13 36 2038
24 128 2039
5 134 2040
17 34 2041
13 78 2042
23 71 2043
5 65 2044
14 177 2045
6 17 2046
6 106 2047
12 139 2048
14 171 2049
16 143 2050
33 129 2051
16 56 2052
21 63 2053
33 139 2054
18 68 2055
27 138 2056
1 149 2057
26 138 2058
14 46 2059
5 38 2060
7 15 2061
13 158 2062
17 77 2063
23 90 2064
31 40 2065
13 175 2066
22 69 2067
32 42 2068
5 49 2069
8 139 2070
6 128 2071
6 52 2072
12 17 2073
34 125 2074
5 13 2075
10 25 2076
22 106 2077
5 63 2078
11 16 2079
8 62 2080
6 95 2081
8 127 2082
29 93 2083
9 10 2084
16 128 2085
16 147 2086
30 73 2087
5 44 2088
13 63 2089
30 72 2090
10 41 2091
28 84 2092
4 95 2093
17 154 2094
21 61 2095
32 134 2096
34 61 2097
14 138 2098
5 34 2099
13 77 2100
26 48 2101
5 35 2102
13 39 2103
20 65 2104
22 129 2105
22 146 2106
10 47 2107
9 127 2108
16 93 2109
32 38 2110
11 156 2111
20 118 2112
28 98 2113
31 60 2114
23 67 2115
27 37 2116
4 84 2117
12 37 2118
28 128 2119
28 143 2120
20 171 2121
29 166 2122
7 17 2123
28 148 2124
7 11 2125
23 162 2126
10 26 2127
13 179 2128
5 177 2129
17 70 2130
24 53 2131
13 17 2132
30 114 2133
1 150 2134
5 42 2135
5 46 2136
9 51 2137
27 60 2138
10 158 2139
30 92 2140
10 39 2141
31 50 2142
34 62 2143
20 40 2144
21 71 2145
26 141 2146
4 143 2147
10 138 2148
21 179 2149
5 41 2150
21 34 2151
34 90 2152
17 63 2153
18 50 2154
34 47 2155
34 60 2156
19 50 2157
24 143 2158
32 65 2159
24 64 2160
9 86 2161
5 48 2162
3 67 2163
5 174 2164
9 62 2165
33 144 2166
18 143 2167
5 36 2168
29 145 2169
18 136 2170
24 73 2171
24 153 2172
8 156 2173
6 137 2174
33 56 2175
16 123 2176
17 161 2177
30 104 2178
13 61 2179
31 162 2180
20 71 2181
32 44 2182
1 104 2183
10 17 2184
5 170 2185
15 75 2186
34 46 2187
34 76 2188
9 48 2189
6 98 2190
23 56 2191
24 88 2192
25 67 2193
3 156 2194
1 165 2195
13 37 2196
13 154 2197
27 46 2198
34 71 2199
31 62 2200
24 55 2201
31 164 2202
32 48 2203
13 44 2204
29 53 2205
5 175 2206
21 147 2207
31 133 2208
26 65 2209
20 37 2210
21 69 2211
28 153 2212
32 175 2213
15 175 2214
13 171 2215
22 90 2216
23 106 2217
23 123 2218
20 161 2219
33 116 2220
18 79 2221
22 68 2222
29 91 2223
9 174 2224
34 65 2225
24 91 2226
17 170 2227
25 106 2228
8 144 2229
26 43 2230
26 49 2231
32 41 2232
9 85 2233
34 37 2234
15 39 2235
13 46 2236
17 41 2237
33 87 2238
14 48 2239
12 15 2240
3 129 2241
16 168 2242
28 95 2243
19 162 2244
20 62 2245
29 115 2246
34 70 2247
5 76 2248
27 40 2249
29 147 2250
33 57 2251
33 125 2252
6 125 2253
8 133 2254
24 57 2255
8 105 2256
27 42 2257
11 86 2258
20 141 2259
32 49 2260
33 86 2261
10 13 2262
18 62 2263
22 125 2264
32 170 2265
19 90 2266
6 135 2267
8 146 2268
29 72 2269
9 95 2270
20 60 2271
24 135 2272
12 156 2273
7 69 2274
4 55 2275
25 147 2276
28 105 2277
1 109 2278
6 87 2279
19 68 2280
20 138 2281
17 49 2282
15 177 2283
31 69 2284
16 145 2285
15 41 2286
19 139 2287
22 127 2288
21 66 2289
7 125 2290
23 129 2291
11 137 2292
4 153 2293
8 98 2294
24 72 2295
24 102 2296
29 85 2297
33 137 2298
30 155 2299
15 47 2300
18 52 2301
24 99 2302
18 98 2303
27 35 2304
31 146 2305
27 175 2306
6 56 2307
14 179 2308
4 144 2309
29 84 2310
17 19 2311
17 20 2312
19 164 2313
19 56 2314
33 153 2315
5 45 2316
8 84 2317
10 37 2318
23 95 2319
7 90 2320
3 56 2321
6 15 2322
15 51 2323
14 45 2324
29 173 2325
3 133 2326
10 154 2327
33 123 2328
6 145 2329
29 57 2330
23 125 2331
4 88 2332
10 48 2333
15 46 2334
12 162 2335
5 161 2336
10 179 2337
16 94 2338
17 37 2339
33 55 2340
17 175 2341
8 107 2342
5 179 2343
27 70 2344
11 162 2345
24 116 2346
24 148 2347
28 55 2348
33 97 2349
16 183 2350
20 44 2351
13 45 2352
5 128 2353
14 37 2354
7 136 2355
17 44 2356
6 57 2357
29 178 2358
10 175 2359
34 97 2360
5 138 2361
20 162 2362
16 86 2363
21 79 2364
27 146 2365
33 147 2366
24 80 2367
23 139 2368
20 172 2369
10 78 2370
5 118 2371
3 68 2372
8 131 2373
22 139 2374
34 68 2375
24 168 2376
16 97 2377
24 183 2378
32 46 2379
32 118 2380
25 86 2381
3 90 2382
34 66 2383
7 101 2384
13 68 2385
26 50 2386
19 87 2387
9 117 2388
23 136 2389
30 83 2390
17 35 2391
25 153 2392
6 122 2393
13 65 2394
16 136 2395
28 53 2396
29 88 2397
1 112 2398
22 56 2399
14 154 2400
32 174 2401
15 159 2402
18 144 2403
34 123 2404
34 67 2405
17 42 2406
18 67 2407
32 138 2408
17 65 2409
24 133 2410
25 123 2411
1 15 2412
22 153 2413
14 38 2414
1 182 2415
6 97 2416
8 99 2417
7 122 2418
11 85 2419
15 158 2420
18 139 2421
26 156 2422
33 168 2423
19 67 2424
3 62 2425
10 171 2426
9 44 2427
9 122 2428
8 85 2429
9 133 2430
22 137 2431
24 84 2432
8 153 2433
15 42 2434
9 129 2435
22 55 2436
17 48 2437
28 72 2438
16 162 2439
8 137 2440
16 116 2441
34 79 2442
33 74 2443
16 153 2444
27 34 2445
16 55 2446
7 127 2447
32 60 2448
33 105 2449
13 69 2450
27 93 2451
16 98 2452
25 53 2453
6 81 2454
9 148 2455
14 44 2456
15 19 2457
34 87 2458
16 115 2459
24 96 2460
33 95 2461
15 23 2462
13 42 2463
28 74 2464
12 86 2465
24 166 2466
11 119 2467
7 98 2468
10 45 2469
34 127 2470
34 50 2471
10 159 2472
13 172 2473
26 98 2474
16 105 2475
34 106 2476
14 129 2477
15 78 2478
31 129 2479
33 145 2480
9 123 2481
21 40 2482
9 139 2483
9 164 2484
20 67 2485
8 101 2486
23 55 2487
25 81 2488
19 172 2489
23 97 2490
24 58 2491
10 177 2492
17 60 2493
14 68 2494
34 98 2495
17 69 2496
17 156 2497
17 68 2498
31 67 2499
18 147 2500
31 127 2501
3 10 2502
32 129 2503
10 43 2504
11 106 2505
8 93 2506
13 35 2507
8 122 2508
9 97 2509
6 67 2510
22 97 2511
22 123 2512
17 179 2513
18 90 2514
28 64 2515
9 57 2516
16 107 2517
31 52 2518
17 118 2519
32 172 2520
24 89 2521
8 143 2522
18 55 2523
29 64 2524
14 174 2525
17 141 2526
10 77 2527
20 127 2528
3 93 2529
8 94 2530
16 96 2531
31 137 2532
12 146 2533
11 133 2534
11 187 2535
16 102 2536
16 84 2537
31 125 2538
3 57 2539
12 91 2540
28 73 2541
32 79 2542
25 74 2543
7 95 2544
25 92 2545
16 103 2546
24 163 2547
11 122 2548
10 65 2549
13 66 2550
8 15 2551
24 114 2552
22 148 2553
10 49 2554
19 125 2555
25 166 2556
10 167 2557
16 125 2558
6 173 2559
5 40 2560
32 90 2561
10 38 2562
31 55 2563
10 70 2564
7 116 2565
8 52 2566
23 145 2567
15 157 2568
24 160 2569
27 156 2570
8 135 2571
7 56 2572
15 22 2573
9 136 2574
8 57 2575
15 170 2576
24 169 2577
10 66 2578
33 119 2579
15 43 2580
25 55 2581
11 181 2582
16 135 2583
9 119 2584
9 131 2585
25 183 2586
21 139 2587
11 15 2588
3 99 2589
12 99 2590
19 128 2591
25 128 2592
23 153 2593
29 113 2594
8 119 2595
24 131 2596
11 143 2597
4 130 2598
23 72 2599
26 106 2600
4 80 2601
12 133 2602
22 53 2603
15 37 2604
15 154 2605
20 79 2606
31 97 2607
26 119 2608
22 147 2609
22 166 2610
9 144 2611
10 42 2612
25 84 2613
12 97 2614
10 19 2615
8 103 2616
26 95 2617
9 84 2618
9 98 2619
20 164 2620
34 40 2621
22 145 2622
16 73 2623
15 138 2624
23 53 2625
3 123 2626
16 114 2627
31 124 2628
16 126 2629
14 147 2630
5 79 2631
25 125 2632
11 94 2633
15 36 2634
29 148 2635
14 106 2636
15 38 2637
15 61 2638
29 142 2639
24 147 2640
26 172 2641
31 136 2642
34 105 2643
14 67 2644
5 66 2645
7 115 2646
23 111 2647
22 115 2648
24 107 2649
15 179 2650
4 82 2651
9 91 2652
16 64 2653
18 125 2654
31 90 2655
6 185 2656
5 143 2657
9 151 2658
11 89 2659
12 93 2660
7 21 2661
9 15 2662
9 94 2663
22 74 2664
34 128 2665
8 91 2666
5 50 2667
29 102 2668
32 50 2669
32 86 2670
10 157 2671
11 144 2672
34 86 2673
21 65 2674
14 118 2675
21 150 2676
3 125 2677
16 130 2678
10 63 2679
14 98 2680
11 101 2681
27 174 2682
9 125 2683
17 166 2684
15 26 2685
12 143 2686
10 170 2687
15 45 2688
8 181 2689
16 100 2690
5 125 2691
17 66 2692
13 91 2693
16 80 2694
32 136 2695
24 122 2696
9 68 2697
14 172 2698
21 115 2699
14 74 2700
16 165 2701
16 89 2702
15 129 2703
8 117 2704
13 15 2705
4 17 2706
14 95 2707
33 142 2708
9 163 2709
14 15 2710
15 146 2711
10 15 2712
4 15 2713
10 35 2714
26 131 2715
12 122 2716
33 128 2717
24 112 2718
8 180 2719
15 66 2720
23 144 2721
15 24 2722
17 173 2723
29 105 2724
12 148 2725
34 116 2726
34 55 2727
7 113 2728
22 102 2729
10 140 2730
10 136 2731
20 125 2732
31 56 2733
12 117 2734
26 178 2735
3 87 2736
34 93 2737
15 128 2738
3 187 2739
10 144 2740
10 162 2741
9 152 2742
11 131 2743
9 116 2744
15 48 2745
34 72 2746
20 151 2747
3 144 2748
24 104 2749
26 80 2750
12 87 2751
7 130 2752
17 90 2753
1 184 2754
10 143 2755
15 76 2756
13 117 2757
22 105 2758
14 116 2759
14 144 2760
5 162 2761
12 147 2762
34 64 2763
13 164 2764
10 18 2765
10 106 2766
34 115 2767
32 69 2768
13 148 2769
3 126 2770
13 90 2771
10 131 2772
12 88 2773
31 53 2774
20 52 2775
34 88 2776
34 99 2777
34 102 2778
34 113 2779
34 95 2780
5 144 2781
10 23 2782
26 144 2783
22 84 2784
10 67 2785
9 169 2786
8 148 2787
22 168 2788
9 109 2789
10 122 2790
5 130 2791
9 182 2792
15 167 2793
8 173 2794
10 183 2795
10 34 2796
12 124 2797
15 29 2798
7 173 2799
10 156 2800
10 164 2801
8 108 2802
15 95 2803
15 74 2804
15 97 2805
9 108 2806
10 94 2807
11 100 2808
15 106 2809
9 53 2810
7 149 2811
15 172 2812
10 99 2813
10 178 2814
34 114 2815
26 34 2816
12 116 2817
34 80 2818
12 53 2819
22 163 2820
34 74 2821
15 17 2822
15 141 2823
16 155 2824
10 117 2825
34 117 2826
15 16 2827
34 53 2828
13 122 2829
8 124 2830
13 87 2831
13 108 2832
15 156 2833
8 151 2834
14 128 2835
15 99 2836
15 148 2837
12 184 2838
15 183 2839
34 96 2840
34 126 2841
10 107 2842
34 122 2843
7 152 2844
15 34 2845
20 109 2846
15 168 2847
34 124 2848
34 119 2849
34 85 2850
15 119 2851
10 168 2852
15 100 2853
10 133 2854
34 58 2855
34 73 2856
15 122 2857
34 111 2858
15 133 2859
34 94 2860
34 103 2861
10 126 2862
10 187 2863
15 101 2864
15 107 2865
34 104 2866
34 110 2867
15 186 2868
