1 2 1
2 6 2
2 24 3
2 3 4
1 24 5
9 16 6
2 13 7
2 75 8
2 46 9
9 34 10
1 46 11
1 42 12
1 157 13
2 42 14
1 37 15
1 179 16
1 6 17
24 30 18
2 159 19
2 157 20
1 3 21
2 37 22
2 175 23
30 42 24
2 177 25
8 34 26
1 13 27
1 75 28
1 159 29
2 78 30
1 175 31
1 146 32
22 30 33
23 29 34
1 177 35
2 23 36
1 45 37
1 106 38
1 30 39
1 78 40
2 41 41
22 34 42
2 32 43
2 29 44
23 30 45
1 101 46
30 51 47
25 30 48
1 47 49
1 38 50
1 141 51
22 23 52
2 146 53
2 5 54
30 177 55
1 161 56
2 30 57
2 97 58
1 43 59
22 28 60
30 78 61
1 171 62
30 41 63
18 22 64
3 30 65
6 30 66
12 22 67
28 34 68
30 159 69
1 41 70
2 47 71
2 170 72
2 137 73
1 90 74
1 181 75
2 90 76
2 161 77
2 156 78
30 75 79
1 11 80
1 95 81
2 43 82
2 62 83
2 179 84
30 140 85
30 47 86
22 25 87
2 8 88
30 157 89
2 171 90
30 154 91
30 39 92
1 77 93
1 125 94
1 140 95
2 45 96
2 67 97
30 46 98
18 30 99
2 57 100
1 129 101
1 187 102
24 34 103
3 22 104
29 30 105
1 49 106
12 23 107
1 144 108
1 76 109
30 174 110
2 129 111
2 133 112
25 29 113
30 43 114
2 68 115
2 19 116
2 119 117
1 57 118
12 25 119
29 179 120
30 161 121
2 18 122
1 170 123
30 175 124
1 12 125
2 141 126
21 22 127
2 39 128
2 154 129
16 21 130
1 65 131
1 118 132
2 52 133
2 98 134
1 158 135
2 35 136
1 10 137
2 51 138
2 76 139
1 23 140
2 174 141
2 27 142
24 43 143
1 32 144
1 39 145
1 154 146
2 38 147
8 30 148
30 179 149
1 52 150
22 27 151
2 77 152
30 170 153
2 106 154
2 138 155
24 78 156
1 137 157
2 134 158
2 22 159
2 60 160
2 95 161
28 30 162
30 134 163
30 77 164
29 167 165
1 35 166
25 28 167
27 43 168
1 51 169
1 67 170
4 30 171
1 16 172
30 171 173
23 28 174
2 7 175
2 187 176
2 125 177
6 24 178
2 122 179
1 44 180
2 127 181
1 63 182
21 30 183
1 8 184
14 78 185
27 30 186
2 12 187
12 14 188
2 144 189
1 33 190
2 172 191
1 22 192
2 17 193
14 27 194
30 158 195
27 36 196
30 38 197
2 101 198
1 27 199
24 28 200
25 75 201
30 45 202
1 174 203
2 44 204
3 16 205
2 135 206
30 60 207
12 47 208
9 24 209
22 177 210
30 36 211
1 138 212
30 146 213
2 36 214
2 139 215
1 172 216
1 17 217
1 66 218
1 5 219
1 48 220
2 140 221
21 25 222
12 15 223
2 4 224
7 24 225
1 68 226
24 177 227
22 43 228
25 33 229
1 127 230
12 43 231
2 93 232
7 29 233
1 134 234
18 43 235
24 61 236
2 63 237
30 129 238
2 158 239
1 62 240
4 22 241
30 37 242
30 79 243
30 90 244
12 78 245
8 24 246
14 177 247
30 33 248
29 34 249
30 62 250
18 25 251
29 76 252
14 43 253
23 24 254
4 29 255
1 119 256
30 66 257
24 161 258
16 78 259
30 35 260
1 98 261
21 28 262
29 140 263
1 79 264
8 23 265
2 28 266
1 18 267
2 61 268
22 77 269
24 42 270
1 135 271
1 122 272
2 48 273
2 49 274
12 21 275
1 60 276
16 18 277
4 43 278
7 22 279
33 78 280
1 97 281
22 75 282
22 171 283
29 43 284
24 51 285
24 174 286
1 139 287
8 22 288
24 75 289
1 61 290
1 25 291
14 39 292
16 29 293
24 37 294
2 185 295
30 48 296
30 49 297
1 36 298
24 46 299
24 25 300
1 185 301
2 11 302
2 66 303
12 175 304
4 6 305
2 21 306
2 181 307
30 87 308
2 145 309
25 34 310
2 99 311
2 79 312
22 24 313
24 45 314
13 24 315
24 170 316
18 28 317
30 63 318
1 28 319
12 36 320
14 51 321
22 33 322
1 162 323
2 33 324
29 49 325
6 8 326
16 42 327
2 148 328
29 78 329
30 61 330
1 50 331
28 177 332
33 177 333
1 163 334
1 89 335
18 24 336
29 159 337
30 138 338
33 51 339
16 24 340
24 41 341
14 36 342
1 34 343
18 39 344
1 81 345
3 9 346
29 36 347
30 34 348
23 25 349
30 156 350
6 7 351
6 16 352
29 171 353
22 46 354
7 16 355
2 128 356
22 29 357
22 134 358
25 51 359
2 74 360
33 43 361
2 10 362
30 118 363
1 56 364
30 52 365
14 22 366
1 40 367
24 171 368
33 75 369
2 56 370
23 33 371
29 47 372
22 39 373
30 172 374
14 75 375
30 97 376
12 38 377
13 22 378
29 38 379
2 34 380
1 167 381
2 70 382
1 21 383
2 20 384
14 175 385
30 44 386
25 43 387
16 51 388
22 31 389
24 158 390
2 87 391
4 78 392
24 39 393
1 29 394
7 30 395
12 16 396
1 9 397
33 39 398
22 36 399
24 47 400
21 43 401
1 7 402
8 16 403
22 78 404
30 32 405
2 162 406
1 145 407
2 71 408
18 29 409
29 158 410
24 140 411
20 24 412
30 167 413
4 51 414
6 23 415
16 22 416
18 51 417
24 179 418
30 125 419
2 26 420
30 31 421
29 161 422
12 24 423
16 177 424
12 179 425
24 134 426
1 136 427
24 159 428
25 177 429
24 79 430
30 65 431
30 76 432
22 140 433
2 100 434
12 154 435
24 49 436
30 162 437
20 28 438
12 33 439
12 39 440
2 107 441
24 77 442
30 139 443
1 128 444
16 77 445
22 159 446
30 70 447
12 159 448
22 42 449
1 87 450
25 159 451
29 39 452
1 58 453
2 116 454
19 22 455
2 82 456
3 24 457
14 41 458
22 51 459
24 36 460
34 42 461
14 42 462
30 69 463
2 65 464
24 157 465
33 77 466
2 40 467
29 157 468
34 78 469
1 70 470
30 57 471
30 141 472
1 184 473
8 33 474
12 51 475
14 134 476
18 177 477
29 51 478
29 61 479
6 29 480
2 16 481
2 118 482
20 25 483
23 34 484
30 127 485
1 94 486
28 43 487
22 35 488
29 154 489
18 78 490
13 25 491
16 23 492
2 164 493
16 20 494
28 75 495
29 177 496
19 30 497
21 78 498
30 50 499
30 164 500
29 33 501
33 36 502
2 25 503
24 29 504
24 65 505
1 93 506
25 31 507
33 42 508
2 86 509
4 76 510
1 149 511
24 154 512
18 75 513
22 32 514
1 19 515
2 14 516
16 43 517
2 85 518
25 39 519
16 75 520
1 74 521
1 143 522
12 76 523
18 27 524
24 44 525
4 39 526
2 126 527
1 120 528
22 47 529
28 29 530
2 136 531
12 177 532
24 33 533
29 134 534
25 171 535
1 85 536
19 25 537
2 124 538
7 23 539
1 178 540
2 9 541
14 171 542
2 50 543
9 30 544
33 171 545
30 40 546
25 47 547
13 43 548
11 39 549
27 158 550
29 41 551
16 175 552
24 175 553
29 46 554
2 89 555
6 25 556
6 43 557
4 7 558
11 17 559
22 41 560
22 76 561
30 56 562
12 157 563
29 35 564
6 77 565
8 43 566
16 174 567
22 161 568
1 109 569
1 152 570
2 94 571
30 71 572
29 42 573
16 35 574
16 157 575
1 173 576
4 12 577
25 42 578
13 16 579
30 137 580
5 22 581
11 46 582
24 27 583
1 86 584
16 171 585
25 41 586
29 45 587
1 82 588
27 51 589
30 68 590
11 37 591
22 44 592
24 35 593
6 75 594
21 24 595
18 76 596
18 47 597
1 182 598
1 126 599
2 81 600
3 28 601
25 45 602
1 105 603
1 71 604
2 142 605
22 49 606
28 33 607
18 36 608
1 116 609
2 105 610
2 113 611
21 75 612
2 69 613
16 134 614
33 157 615
27 39 616
16 61 617
16 158 618
13 14 619
28 31 620
24 76 621
2 103 622
9 21 623
24 38 624
29 65 625
25 78 626
2 184 627
5 30 628
24 138 629
3 43 630
30 133 631
16 41 632
18 159 633
27 78 634
33 140 635
6 33 636
20 22 637
33 41 638
2 167 639
12 75 640
28 39 641
2 58 642
4 41 643
23 43 644
6 51 645
18 23 646
27 157 647
33 158 648
1 100 649
1 180 650
6 171 651
9 27 652
33 37 653
20 43 654
16 37 655
22 45 656
2 120 657
14 179 658
4 9 659
28 51 660
1 142 661
29 75 662
25 37 663
29 170 664
4 31 665
24 63 666
1 151 667
14 46 668
16 46 669
18 167 670
21 36 671
27 159 672
21 45 673
14 37 674
16 79 675
14 157 676
22 167 677
2 168 678
11 75 679
27 75 680
8 29 681
25 134 682
27 45 683
1 107 684
2 163 685
30 144 686
5 29 687
14 159 688
33 46 689
25 46 690
22 175 691
24 167 692
34 118 693
16 32 694
2 123 695
22 154 696
29 63 697
11 137 698
33 47 699
22 37 700
4 46 701
27 154 702
1 113 703
28 77 704
2 131 705
24 118 706
4 23 707
11 159 708
3 78 709
25 76 710
5 78 711
16 33 712
2 173 713
22 133 714
8 28 715
5 16 716
27 76 717
30 67 718
1 20 719
4 167 720
18 179 721
22 66 722
14 76 723
14 61 724
16 159 725
34 39 726
3 29 727
1 108 728
33 179 729
21 39 730
22 61 731
4 37 732
2 31 733
33 159 734
21 154 735
4 45 736
8 157 737
16 28 738
16 36 739
16 140 740
12 30 741
30 128 742
27 41 743
33 76 744
4 171 745
27 47 746
25 38 747
27 179 748
29 77 749
28 36 750
18 41 751
25 32 752
27 167 753
1 164 754
33 175 755
16 34 756
21 33 757
11 157 758
25 36 759
4 38 760
4 77 761
11 175 762
16 47 763
20 29 764
22 146 765
28 78 766
6 154 767
1 183 768
6 28 769
16 167 770
23 78 771
24 66 772
33 170 773
4 177 774
34 49 775
4 179 776
17 43 777
1 99 778
4 28 779
24 127 780
4 158 781
1 121 782
5 43 783
14 45 784
14 47 785
16 39 786
33 167 787
1 26 788
4 36 789
33 161 790
2 151 791
1 111 792
2 143 793
6 78 794
8 11 795
22 138 796
1 103 797
2 91 798
18 37 799
19 29 800
11 38 801
11 167 802
4 20 803
4 42 804
13 75 805
31 78 806
33 134 807
1 69 808
13 33 809
31 43 810
3 8 811
14 26 812
30 116 813
24 48 814
6 9 815
22 158 816
20 23 817
8 159 818
2 111 819
6 46 820
16 30 821
30 136 822
33 154 823
18 61 824
24 172 825
1 168 826
20 78 827
9 19 828
9 28 829
2 88 830
20 36 831
34 61 832
25 77 833
23 39 834
8 154 835
1 115 836
5 36 837
6 12 838
24 146 839
16 161 840
9 22 841
29 175 842
14 174 843
5 24 844
1 96 845
6 22 846
34 75 847
24 141 848
4 8 849
21 177 850
21 51 851
29 138 852
6 36 853
9 167 854
10 24 855
22 170 856
22 65 857
20 75 858
22 157 859
11 26 860
19 43 861
33 45 862
13 47 863
3 51 864
7 157 865
23 177 866
18 171 867
25 157 868
8 167 869
1 123 870
33 174 871
18 157 872
24 122 873
11 27 874
12 41 875
28 159 876
8 39 877
29 37 878
1 31 879
3 39 880
7 39 881
8 19 882
14 38 883
7 8 884
18 46 885
18 33 886
28 134 887
6 47 888
18 21 889
19 24 890
24 125 891
20 177 892
11 24 893
2 160 894
1 92 895
1 131 896
1 165 897
30 147 898
25 79 899
2 121 900
19 28 901
7 154 902
1 91 903
6 26 904
29 174 905
25 60 906
12 45 907
3 159 908
5 12 909
28 157 910
13 39 911
23 51 912
31 76 913
2 96 914
4 47 915
28 154 916
29 31 917
7 78 918
1 155 919
29 66 920
11 36 921
27 34 922
16 170 923
18 45 924
22 156 925
22 38 926
24 67 927
23 161 928
20 34 929
25 161 930
28 61 931
31 33 932
34 43 933
7 25 934
3 12 935
21 159 936
26 179 937
7 179 938
8 18 939
34 63 940
29 133 941
14 17 942
21 157 943
34 77 944
29 60 945
4 75 946
2 183 947
3 36 948
5 39 949
23 75 950
30 145 951
16 19 952
34 51 953
1 124 954
8 78 955
11 158 956
16 76 957
19 51 958
12 46 959
6 37 960
5 51 961
11 78 962
1 160 963
28 161 964
29 172 965
34 36 966
23 171 967
24 90 968
27 33 969
7 167 970
20 21 971
20 39 972
1 153 973
6 41 974
20 30 975
24 31 976
12 42 977
1 166 978
12 158 979
2 108 980
19 21 981
1 14 982
4 24 983
16 17 984
3 75 985
20 159 986
24 32 987
28 37 988
1 110 989
6 170 990
8 179 991
18 38 992
6 18 993
33 49 994
18 19 995
2 178 996
26 39 997
30 98 998
7 158 999
25 138 1000
28 175 1001
6 45 1002
11 12 1003
22 60 1004
16 48 1005
25 61 1006
20 175 1007
6 14 1008
6 61 1009
2 180 1010
9 133 1011
33 156 1012
12 13 1013
23 77 1014
5 167 1015
22 79 1016
2 109 1017
7 12 1018
33 66 1019
12 167 1020
24 52 1021
12 140 1022
8 47 1023
23 159 1024
29 44 1025
24 87 1026
27 175 1027
19 34 1028
30 86 1029
1 4 1030
16 38 1031
26 27 1032
33 38 1033
16 31 1034
1 150 1035
18 175 1036
25 140 1037
9 66 1038
23 134 1039
3 18 1040
19 39 1041
2 115 1042
29 164 1043
34 44 1044
11 76 1045
16 154 1046
22 174 1047
12 133 1048
25 66 1049
13 159 1050
30 151 1051
24 164 1052
6 159 1053
6 179 1054
30 123 1055
25 49 1056
22 118 1057
6 34 1058
22 179 1059
31 51 1060
16 49 1061
11 181 1062
6 20 1063
27 177 1064
32 43 1065
9 23 1066
23 37 1067
1 169 1068
5 6 1069
25 35 1070
28 171 1071
28 179 1072
3 179 1073
24 60 1074
23 31 1075
32 36 1076
9 18 1077
18 134 1078
6 140 1079
17 51 1080
18 154 1081
25 175 1082
4 33 1083
6 134 1084
16 66 1085
7 38 1086
28 32 1087
2 117 1088
8 158 1089
16 45 1090
18 31 1091
3 154 1092
34 48 1093
16 25 1094
9 29 1095
2 104 1096
22 97 1097
23 174 1098
6 76 1099
34 66 1100
33 162 1101
9 37 1102
25 170 1103
28 140 1104
31 159 1105
8 26 1106
11 47 1107
20 51 1108
17 75 1109
20 134 1110
21 47 1111
31 36 1112
25 174 1113
33 35 1114
33 133 1115
2 84 1116
9 36 1117
28 76 1118
16 65 1119
28 41 1120
2 153 1121
29 40 1122
29 52 1123
34 35 1124
22 26 1125
1 117 1126
19 75 1127
29 162 1128
4 154 1129
23 158 1130
18 158 1131
8 14 1132
19 33 1133
9 179 1134
14 33 1135
8 175 1136
14 24 1137
28 47 1138
1 55 1139
4 175 1140
4 49 1141
21 41 1142
4 159 1143
29 127 1144
4 174 1145
2 83 1146
28 45 1147
9 31 1148
24 40 1149
1 112 1150
12 170 1151
27 140 1152
33 138 1153
2 130 1154
23 36 1155
19 78 1156
25 44 1157
4 35 1158
24 156 1159
2 92 1160
8 25 1161
8 49 1162
24 116 1163
20 32 1164
20 46 1165
12 162 1166
19 20 1167
29 50 1168
12 161 1169
33 61 1170
32 33 1171
32 78 1172
22 62 1173
24 70 1174
29 90 1175
22 162 1176
29 146 1177
11 179 1178
1 73 1179
9 171 1180
20 31 1181
4 134 1182
27 38 1183
34 38 1184
2 166 1185
12 86 1186
28 42 1187
1 84 1188
31 39 1189
21 171 1190
1 83 1191
21 23 1192
24 129 1193
32 75 1194
8 27 1195
32 167 1196
34 125 1197
3 33 1198
5 27 1199
6 158 1200
12 17 1201
20 167 1202
4 32 1203
33 34 1204
6 49 1205
6 42 1206
21 29 1207
20 76 1208
18 20 1209
5 76 1210
24 95 1211
7 31 1212
30 74 1213
13 36 1214
5 41 1215
5 47 1216
13 34 1217
18 32 1218
9 77 1219
33 146 1220
8 76 1221
3 23 1222
5 9 1223
16 179 1224
8 36 1225
8 38 1226
20 154 1227
21 44 1228
3 14 1229
7 26 1230
12 134 1231
2 169 1232
18 42 1233
24 139 1234
3 49 1235
17 36 1236
16 44 1237
25 56 1238
27 171 1239
5 154 1240
29 141 1241
34 45 1242
5 7 1243
9 25 1244
11 154 1245
22 48 1246
11 41 1247
21 38 1248
20 157 1249
2 102 1250
5 157 1251
9 61 1252
9 46 1253
5 158 1254
20 26 1255
30 95 1256
20 77 1257
17 24 1258
29 62 1259
2 110 1260
7 9 1261
8 51 1262
14 154 1263
8 46 1264
8 61 1265
28 49 1266
6 167 1267
27 61 1268
5 8 1269
28 167 1270
2 165 1271
13 78 1272
28 46 1273
11 156 1274
25 158 1275
27 46 1276
17 78 1277
24 97 1278
29 69 1279
5 175 1280
11 51 1281
4 27 1282
9 118 1283
21 175 1284
23 61 1285
29 79 1286
33 52 1287
6 32 1288
6 39 1289
6 146 1290
11 171 1291
4 61 1292
22 52 1293
20 33 1294
8 37 1295
28 79 1296
29 156 1297
32 39 1298
2 64 1299
7 41 1300
28 174 1301
2 149 1302
8 75 1303
23 41 1304
29 118 1305
6 175 1306
25 154 1307
18 140 1308
12 77 1309
3 167 1310
6 157 1311
7 33 1312
13 51 1313
29 48 1314
23 76 1315
11 177 1316
1 104 1317
16 172 1318
30 99 1319
3 45 1320
9 42 1321
3 41 1322
20 37 1323
20 47 1324
3 76 1325
6 27 1326
7 76 1327
21 46 1328
6 35 1329
17 22 1330
10 34 1331
33 60 1332
17 18 1333
26 41 1334
8 161 1335
4 63 1336
23 46 1337
7 75 1338
22 172 1339
13 179 1340
3 61 1341
20 61 1342
19 177 1343
9 49 1344
6 11 1345
3 20 1346
9 33 1347
32 171 1348
6 177 1349
7 175 1350
23 167 1351
7 42 1352
9 43 1353
7 146 1354
8 41 1355
9 17 1356
13 15 1357
6 31 1358
32 177 1359
5 159 1360
6 21 1361
2 147 1362
31 167 1363
33 44 1364
9 134 1365
34 41 1366
27 37 1367
1 88 1368
30 84 1369
21 76 1370
22 141 1371
24 62 1372
3 47 1373
17 76 1374
21 37 1375
28 38 1376
14 44 1377
3 7 1378
2 155 1379
28 40 1380
3 38 1381
22 56 1382
17 47 1383
30 117 1384
17 34 1385
33 164 1386
31 75 1387
7 45 1388
30 135 1389
4 79 1390
5 46 1391
23 47 1392
31 41 1393
15 17 1394
20 45 1395
30 168 1396
3 171 1397
34 37 1398
25 167 1399
9 39 1400
33 48 1401
5 179 1402
12 31 1403
4 21 1404
6 44 1405
10 12 1406
20 41 1407
13 38 1408
19 36 1409
2 73 1410
8 177 1411
25 172 1412
4 44 1413
17 39 1414
11 43 1415
23 42 1416
7 36 1417
14 118 1418
8 17 1419
30 91 1420
24 148 1421
8 31 1422
28 48 1423
31 177 1424
12 27 1425
6 38 1426
8 48 1427
24 56 1428
7 43 1429
11 22 1430
13 157 1431
31 133 1432
9 156 1433
14 48 1434
23 49 1435
2 80 1436
3 177 1437
6 65 1438
7 159 1439
8 171 1440
5 75 1441
8 20 1442
33 79 1443
24 69 1444
7 171 1445
1 53 1446
5 177 1447
20 158 1448
7 77 1449
33 65 1450
9 35 1451
23 140 1452
9 175 1453
5 171 1454
13 29 1455
25 71 1456
29 129 1457
31 34 1458
25 70 1459
32 45 1460
30 53 1461
32 157 1462
2 150 1463
4 60 1464
12 171 1465
19 159 1466
21 158 1467
24 50 1468
3 158 1469
6 66 1470
19 76 1471
7 52 1472
20 179 1473
9 62 1474
19 47 1475
11 134 1476
32 76 1477
19 167 1478
7 17 1479
11 14 1480
17 159 1481
16 138 1482
28 35 1483
8 134 1484
17 46 1485
4 170 1486
27 134 1487
6 122 1488
9 177 1489
32 179 1490
33 118 1491
18 77 1492
24 147 1493
2 152 1494
5 38 1495
17 26 1496
19 171 1497
28 60 1498
3 11 1499
3 46 1500
22 74 1501
24 98 1502
4 26 1503
24 106 1504
29 32 1505
20 38 1506
3 134 1507
19 61 1508
18 174 1509
28 44 1510
23 45 1511
24 128 1512
28 158 1513
24 26 1514
5 77 1515
6 174 1516
9 75 1517
7 47 1518
3 6 1519
8 9 1520
13 23 1521
23 27 1522
1 64 1523
33 127 1524
18 66 1525
20 171 1526
25 125 1527
7 18 1528
18 49 1529
30 92 1530
20 42 1531
34 65 1532
4 65 1533
16 63 1534
31 158 1535
11 77 1536
19 41 1537
17 41 1538
32 51 1539
8 140 1540
4 34 1541
7 11 1542
12 29 1543
31 38 1544
21 34 1545
26 45 1546
32 154 1547
31 157 1548
2 114 1549
8 44 1550
19 77 1551
6 19 1552
29 97 1553
8 42 1554
29 70 1555
24 71 1556
31 61 1557
24 86 1558
32 41 1559
18 146 1560
14 147 1561
11 13 1562
19 154 1563
4 16 1564
32 158 1565
31 134 1566
13 46 1567
4 5 1568
13 177 1569
26 159 1570
25 48 1571
23 179 1572
3 15 1573
10 11 1574
15 75 1575
33 172 1576
3 140 1577
19 45 1578
24 162 1579
23 35 1580
17 45 1581
26 33 1582
31 47 1583
25 141 1584
7 51 1585
24 133 1586
26 36 1587
31 140 1588
2 55 1589
25 86 1590
34 79 1591
9 161 1592
6 63 1593
13 154 1594
20 66 1595
20 140 1596
25 62 1597
26 43 1598
29 136 1599
22 127 1600
13 167 1601
22 129 1602
25 52 1603
7 140 1604
9 47 1605
30 143 1606
30 115 1607
33 97 1608
19 134 1609
26 157 1610
28 66 1611
32 37 1612
17 167 1613
32 77 1614
7 14 1615
4 11 1616
18 44 1617
8 32 1618
33 62 1619
18 48 1620
18 161 1621
33 129 1622
12 37 1623
13 18 1624
26 78 1625
23 32 1626
3 157 1627
1 147 1628
25 147 1629
22 70 1630
17 171 1631
33 40 1632
1 15 1633
3 175 1634
9 50 1635
9 76 1636
21 31 1637
21 179 1638
28 69 1639
12 156 1640
31 42 1641
4 48 1642
24 137 1643
9 170 1644
7 66 1645
10 14 1646
21 167 1647
32 140 1648
24 93 1649
25 179 1650
7 170 1651
20 49 1652
9 158 1653
7 20 1654
7 63 1655
19 38 1656
28 65 1657
27 161 1658
30 142 1659
19 23 1660
5 45 1661
28 170 1662
4 70 1663
33 90 1664
21 134 1665
30 82 1666
28 156 1667
11 140 1668
23 38 1669
3 174 1670
4 66 1671
24 68 1672
27 44 1673
19 46 1674
30 131 1675
32 61 1676
33 147 1677
23 44 1678
23 175 1679
28 118 1680
31 45 1681
15 39 1682
22 143 1683
23 60 1684
26 154 1685
7 156 1686
6 161 1687
13 76 1688
1 114 1689
7 65 1690
1 102 1691
5 61 1692
6 13 1693
22 40 1694
17 61 1695
26 29 1696
25 129 1697
19 157 1698
33 139 1699
8 170 1700
9 159 1701
21 42 1702
12 26 1703
8 21 1704
29 125 1705
31 49 1706
16 127 1707
25 40 1708
13 27 1709
30 88 1710
13 175 1711
32 175 1712
30 85 1713
5 37 1714
16 40 1715
23 65 1716
25 74 1717
33 70 1718
10 159 1719
22 125 1720
34 127 1721
5 140 1722
23 157 1723
3 4 1724
30 55 1725
2 53 1726
34 60 1727
10 39 1728
31 154 1729
5 15 1730
9 40 1731
11 187 1732
17 154 1733
4 146 1734
16 141 1735
11 170 1736
17 179 1737
27 77 1738
11 44 1739
22 71 1740
30 153 1741
8 63 1742
15 47 1743
17 25 1744
19 37 1745
2 15 1746
23 154 1747
29 71 1748
5 28 1749
13 26 1750
25 139 1751
27 49 1752
30 105 1753
4 69 1754
17 175 1755
26 171 1756
33 137 1757
25 69 1758
30 111 1759
5 134 1760
26 37 1761
6 127 1762
30 113 1763
10 16 1764
26 167 1765
32 47 1766
7 28 1767
9 140 1768
34 50 1769
14 34 1770
2 72 1771
29 137 1772
31 46 1773
19 179 1774
32 159 1775
5 18 1776
7 10 1777
24 57 1778
29 56 1779
34 69 1780
8 10 1781
21 61 1782
28 90 1783
3 77 1784
28 63 1785
7 177 1786
10 29 1787
3 42 1788
23 170 1789
4 137 1790
4 138 1791
8 95 1792
29 106 1793
23 66 1794
20 161 1795
10 22 1796
9 41 1797
28 71 1798
3 161 1799
6 138 1800
31 161 1801
9 48 1802
6 90 1803
27 29 1804
24 53 1805
24 144 1806
19 175 1807
22 63 1808
24 84 1809
5 42 1810
5 11 1811
8 35 1812
9 127 1813
11 45 1814
23 138 1815
31 179 1816
3 37 1817
7 35 1818
7 49 1819
8 45 1820
19 42 1821
9 14 1822
22 90 1823
16 125 1824
13 134 1825
1 80 1826
7 27 1827
23 48 1828
25 162 1829
8 77 1830
11 119 1831
4 52 1832
24 143 1833
16 70 1834
9 154 1835
26 158 1836
17 77 1837
9 144 1838
9 26 1839
22 148 1840
9 95 1841
6 60 1842
6 79 1843
21 77 1844
11 35 1845
23 40 1846
9 85 1847
13 41 1848
29 86 1849
24 168 1850
16 67 1851
26 76 1852
4 118 1853
18 138 1854
29 95 1855
20 52 1856
8 138 1857
24 136 1858
31 37 1859
10 26 1860
18 60 1861
25 118 1862
3 44 1863
31 156 1864
17 28 1865
22 67 1866
7 37 1867
23 79 1868
1 72 1869
19 158 1870
22 164 1871
14 138 1872
29 67 1873
7 19 1874
9 51 1875
17 158 1876
8 66 1877
20 60 1878
9 45 1879
26 51 1880
26 75 1881
17 37 1882
17 20 1883
25 65 1884
6 17 1885
8 65 1886
25 90 1887
26 175 1888
20 174 1889
6 48 1890
8 119 1891
10 27 1892
26 38 1893
15 154 1894
8 118 1895
31 35 1896
9 129 1897
13 158 1898
33 71 1899
7 61 1900
17 177 1901
28 172 1902
31 171 1903
6 10 1904
34 47 1905
30 103 1906
24 99 1907
28 50 1908
3 63 1909
7 134 1910
11 106 1911
31 77 1912
33 141 1913
19 140 1914
3 48 1915
6 97 1916
15 46 1917
28 127 1918
28 164 1919
28 125 1920
6 118 1921
9 119 1922
25 63 1923
11 131 1924
34 98 1925
3 31 1926
28 138 1927
5 33 1928
20 65 1929
32 161 1930
18 79 1931
18 118 1932
32 34 1933
13 17 1934
31 127 1935
24 169 1936
30 130 1937
13 45 1938
32 134 1939
6 70 1940
8 156 1941
33 74 1942
4 90 1943
4 136 1944
14 63 1945
3 170 1946
23 70 1947
31 60 1948
16 71 1949
32 46 1950
4 17 1951
18 35 1952
20 170 1953
9 12 1954
24 123 1955
7 161 1956
13 161 1957
32 38 1958
8 13 1959
30 102 1960
29 139 1961
13 37 1962
3 5 1963
30 166 1964
27 42 1965
34 40 1966
11 162 1967
20 71 1968
17 134 1969
9 78 1970
16 90 1971
4 40 1972
22 69 1973
24 58 1974
17 38 1975
34 46 1976
29 93 1977
33 50 1978
13 42 1979
31 138 1980
20 162 1981
9 44 1982
10 61 1983
21 48 1984
10 17 1985
18 65 1986
9 141 1987
29 99 1988
33 63 1989
20 35 1990
33 69 1991
24 105 1992
15 51 1993
6 52 1994
31 141 1995
20 127 1996
31 52 1997
12 66 1998
17 140 1999
6 40 2000
26 134 2001
33 98 2002
9 131 2003
4 172 2004
28 52 2005
11 101 2006
26 28 2007
18 172 2008
22 144 2009
20 40 2010
22 137 2011
24 91 2012
26 177 2013
28 70 2014
31 32 2015
18 162 2016
19 31 2017
23 63 2018
33 67 2019
9 97 2020
20 48 2021
25 67 2022
7 44 2023
9 38 2024
10 51 2025
23 118 2026
26 47 2027
6 172 2028
8 12 2029
8 174 2030
15 26 2031
30 72 2032
20 172 2033
13 171 2034
22 147 2035
24 183 2036
30 64 2037
28 98 2038
7 98 2039
31 174 2040
15 175 2041
24 145 2042
20 118 2043
5 20 2044
7 46 2045
16 93 2046
23 90 2047
6 98 2048
17 157 2049
19 174 2050
5 44 2051
9 136 2052
13 44 2053
7 48 2054
28 141 2055
21 140 2056
31 170 2057
4 143 2058
3 172 2059
10 76 2060
19 161 2061
25 68 2062
21 174 2063
31 175 2064
22 50 2065
29 143 2066
4 71 2067
12 34 2068
16 162 2069
24 163 2070
15 36 2071
6 71 2072
28 56 2073
30 96 2074
16 62 2075
19 44 2076
15 157 2077
6 137 2078
4 125 2079
5 35 2080
34 95 2081
6 141 2082
31 62 2083
8 133 2084
9 157 2085
22 168 2086
26 46 2087
33 136 2088
16 139 2089
16 164 2090
34 67 2091
4 62 2092
21 161 2093
34 70 2094
19 49 2095
6 128 2096
16 97 2097
18 147 2098
20 138 2099
24 104 2100
7 13 2101
8 172 2102
6 50 2103
7 162 2104
29 85 2105
27 174 2106
24 55 2107
15 177 2108
25 50 2109
17 42 2110
31 162 2111
28 139 2112
3 60 2113
4 50 2114
11 15 2115
32 48 2116
20 44 2117
8 98 2118
16 50 2119
10 47 2120
22 136 2121
33 144 2122
5 34 2123
11 16 2124
34 62 2125
5 49 2126
10 25 2127
29 98 2128
29 115 2129
31 79 2130
33 57 2131
33 119 2132
8 94 2133
20 79 2134
28 148 2135
9 20 2136
28 67 2137
10 46 2138
22 106 2139
13 61 2140
31 66 2141
12 91 2142
3 79 2143
23 26 2144
3 65 2145
28 129 2146
9 125 2147
20 63 2148
28 146 2149
25 92 2150
33 125 2151
7 172 2152
15 22 2153
20 62 2154
25 128 2155
21 49 2156
22 139 2157
34 90 2158
10 179 2159
24 88 2160
23 172 2161
9 122 2162
5 13 2163
6 162 2164
32 42 2165
33 68 2166
33 116 2167
15 37 2168
11 133 2169
9 63 2170
25 164 2171
9 10 2172
18 98 2173
33 56 2174
3 118 2175
15 159 2176
29 131 2177
7 138 2178
8 146 2179
16 128 2180
15 38 2181
34 76 2182
11 85 2183
32 35 2184
22 102 2185
9 164 2186
16 56 2187
18 40 2188
27 138 2189
32 170 2190
10 15 2191
16 129 2192
20 141 2193
34 87 2194
7 174 2195
17 44 2196
19 35 2197
22 55 2198
3 69 2199
8 40 2200
6 69 2201
34 68 2202
25 123 2203
6 95 2204
30 104 2205
20 70 2206
31 172 2207
5 174 2208
18 63 2209
26 61 2210
23 71 2211
17 23 2212
31 65 2213
18 71 2214
10 38 2215
16 69 2216
14 67 2217
8 15 2218
28 136 2219
31 164 2220
16 133 2221
23 69 2222
10 171 2223
31 69 2224
15 19 2225
9 139 2226
5 23 2227
10 36 2228
24 173 2229
29 128 2230
32 44 2231
31 146 2232
31 40 2233
5 161 2234
15 41 2235
31 118 2236
8 122 2237
3 26 2238
21 138 2239
8 101 2240
10 42 2241
24 64 2242
24 135 2243
30 83 2244
9 11 2245
8 127 2246
15 158 2247
26 42 2248
31 124 2249
19 48 2250
3 35 2251
23 50 2252
18 70 2253
3 133 2254
28 68 2255
31 48 2256
21 79 2257
32 174 2258
12 147 2259
33 87 2260
29 55 2261
5 48 2262
23 162 2263
9 98 2264
11 89 2265
15 42 2266
5 10 2267
30 80 2268
5 65 2269
4 141 2270
9 86 2271
14 172 2272
32 49 2273
33 106 2274
4 56 2275
6 164 2276
24 73 2277
28 74 2278
21 147 2279
31 129 2280
8 164 2281
5 138 2282
19 79 2283
29 123 2284
10 41 2285
19 65 2286
10 78 2287
30 73 2288
25 143 2289
6 62 2290
31 137 2291
18 125 2292
23 164 2293
26 119 2294
18 52 2295
27 35 2296
10 167 2297
11 143 2298
16 147 2299
15 43 2300
7 122 2301
10 37 2302
14 129 2303
24 153 2304
29 57 2305
15 179 2306
12 97 2307
10 43 2308
25 53 2309
33 86 2310
9 13 2311
5 162 2312
29 84 2313
7 90 2314
7 60 2315
16 98 2316
31 50 2317
12 143 2318
5 170 2319
22 123 2320
34 71 2321
3 40 2322
23 62 2323
29 178 2324
8 90 2325
3 138 2326
24 131 2327
26 106 2328
16 106 2329
21 66 2330
26 161 2331
17 49 2332
28 143 2333
20 164 2334
3 66 2335
15 78 2336
3 13 2337
14 98 2338
30 155 2339
13 19 2340
23 95 2341
18 69 2342
7 164 2343
7 95 2344
33 55 2345
10 175 2346
26 98 2347
9 53 2348
18 62 2349
12 141 2350
4 128 2351
6 129 2352
7 50 2353
6 139 2354
9 174 2355
34 56 2356
13 63 2357
32 63 2358
13 172 2359
24 89 2360
26 131 2361
29 147 2362
19 170 2363
21 63 2364
12 139 2365
6 68 2366
11 144 2367
3 10 2368
4 129 2369
27 156 2370
3 70 2371
22 68 2372
31 136 2373
6 15 2374
8 105 2375
18 90 2376
21 60 2377
18 50 2378
30 114 2379
10 154 2380
28 64 2381
10 49 2382
19 63 2383
26 63 2384
29 148 2385
32 65 2386
16 84 2387
13 77 2388
5 63 2389
22 115 2390
14 95 2391
7 118 2392
17 161 2393
6 57 2394
10 158 2395
31 44 2396
4 95 2397
16 68 2398
17 48 2399
10 23 2400
9 94 2401
28 128 2402
5 79 2403
5 66 2404
19 60 2405
4 84 2406
27 40 2407
7 40 2408
22 105 2409
31 97 2410
8 50 2411
9 57 2412
9 123 2413
31 90 2414
6 87 2415
6 136 2416
8 141 2417
29 68 2418
8 144 2419
33 105 2420
33 95 2421
28 105 2422
6 106 2423
23 139 2424
23 97 2425
20 125 2426
3 71 2427
6 56 2428
25 81 2429
7 62 2430
16 143 2431
22 53 2432
13 69 2433
23 67 2434
19 66 2435
28 53 2436
28 72 2437
27 60 2438
29 153 2439
29 145 2440
18 141 2441
7 69 2442
18 164 2443
23 129 2444
25 136 2445
10 157 2446
31 55 2447
29 166 2448
26 156 2449
28 55 2450
3 156 2451
11 86 2452
15 76 2453
29 102 2454
29 173 2455
25 84 2456
29 142 2457
25 55 2458
24 72 2459
7 127 2460
4 130 2461
23 56 2462
26 40 2463
18 170 2464
26 178 2465
23 87 2466
29 91 2467
16 94 2468
4 139 2469
17 170 2470
31 56 2471
16 136 2472
28 95 2473
4 55 2474
22 153 2475
3 129 2476
26 49 2477
26 65 2478
5 143 2479
21 70 2480
8 79 2481
29 53 2482
32 138 2483
6 125 2484
7 34 2485
10 45 2486
18 143 2487
21 71 2488
18 55 2489
8 70 2490
4 86 2491
7 136 2492
17 35 2493
32 79 2494
23 136 2495
34 97 2496
7 139 2497
18 136 2498
19 71 2499
8 62 2500
8 139 2501
20 67 2502
16 116 2503
29 64 2504
26 138 2505
21 118 2506
28 144 2507
7 79 2508
8 148 2509
17 156 2510
22 84 2511
19 40 2512
28 73 2513
17 65 2514
33 168 2515
13 65 2516
11 122 2517
23 125 2518
14 74 2519
12 148 2520
18 67 2521
7 101 2522
24 96 2523
16 86 2524
29 88 2525
24 107 2526
8 131 2527
6 135 2528
24 102 2529
17 19 2530
19 172 2531
10 18 2532
34 53 2533
19 138 2534
8 137 2535
14 106 2536
8 143 2537
10 13 2538
10 63 2539
12 87 2540
33 153 2541
15 167 2542
32 172 2543
34 106 2544
9 148 2545
15 128 2546
34 123 2547
7 71 2548
4 144 2549
16 135 2550
19 69 2551
9 15 2552
10 138 2553
4 68 2554
11 100 2555
16 183 2556
15 138 2557
8 107 2558
12 117 2559
29 113 2560
33 145 2561
18 68 2562
18 139 2563
7 173 2564
31 63 2565
7 15 2566
16 105 2567
12 146 2568
26 95 2569
4 88 2570
26 48 2571
32 86 2572
4 82 2573
14 116 2574
15 170 2575
5 128 2576
14 144 2577
23 53 2578
4 99 2579
17 60 2580
18 144 2581
25 153 2582
26 50 2583
23 123 2584
25 106 2585
14 15 2586
8 52 2587
34 122 2588
16 153 2589
27 146 2590
6 145 2591
31 53 2592
23 106 2593
11 94 2594
33 123 2595
25 166 2596
21 69 2597
5 40 2598
7 115 2599
24 80 2600
13 35 2601
14 68 2602
23 55 2603
16 55 2604
32 60 2605
34 128 2606
13 91 2607
4 153 2608
15 61 2609
28 153 2610
32 118 2611
9 84 2612
23 68 2613
9 116 2614
9 151 2615
16 123 2616
24 112 2617
19 87 2618
15 45 2619
17 63 2620
12 122 2621
19 50 2622
12 116 2623
15 172 2624
8 99 2625
8 181 2626
14 128 2627
9 91 2628
10 134 2629
17 70 2630
16 103 2631
29 72 2632
13 68 2633
3 56 2634
16 115 2635
12 93 2636
3 62 2637
19 128 2638
4 67 2639
13 66 2640
31 67 2641
34 55 2642
6 67 2643
8 85 2644
19 70 2645
19 141 2646
20 151 2647
32 50 2648
19 118 2649
16 126 2650
13 164 2651
19 129 2652
10 48 2653
19 162 2654
3 68 2655
12 99 2656
10 177 2657
34 105 2658
3 90 2659
22 163 2660
26 118 2661
9 163 2662
6 185 2663
23 111 2664
4 80 2665
17 29 2666
16 64 2667
10 178 2668
31 125 2669
8 91 2670
8 84 2671
10 106 2672
21 65 2673
10 77 2674
26 172 2675
26 144 2676
32 136 2677
17 118 2678
16 168 2679
27 93 2680
33 142 2681
3 123 2682
32 129 2683
16 130 2684
16 102 2685
3 93 2686
13 148 2687
13 117 2688
3 125 2689
24 166 2690
15 66 2691
17 69 2692
21 40 2693
28 84 2694
16 144 2695
7 125 2696
10 70 2697
3 67 2698
6 81 2699
23 72 2700
9 68 2701
17 66 2702
29 105 2703
24 160 2704
32 90 2705
3 187 2706
7 67 2707
19 56 2708
3 141 2709
16 107 2710
26 141 2711
15 24 2712
33 128 2713
7 21 2714
34 119 2715
17 68 2716
16 89 2717
19 125 2718
22 145 2719
5 118 2720
3 87 2721
23 153 2722
5 31 2723
15 23 2724
24 114 2725
10 65 2726
16 100 2727
34 116 2728
5 125 2729
17 90 2730
16 80 2731
17 173 2732
19 68 2733
3 99 2734
15 119 2735
8 93 2736
22 166 2737
34 72 2738
8 153 2739
15 141 2740
26 66 2741
19 139 2742
9 152 2743
6 173 2744
8 117 2745
10 140 2746
34 74 2747
19 90 2748
8 124 2749
19 164 2750
10 19 2751
27 70 2752
15 48 2753
16 73 2754
15 129 2755
16 114 2756
3 126 2757
23 144 2758
19 67 2759
13 90 2760
17 166 2761
15 106 2762
3 57 2763
34 113 2764
5 50 2765
21 150 2766
26 80 2767
10 170 2768
16 96 2769
10 131 2770
3 144 2771
5 144 2772
13 108 2773
16 145 2774
10 156 2775
32 69 2776
9 117 2777
10 162 2778
10 67 2779
34 115 2780
8 173 2781
17 141 2782
12 88 2783
15 168 2784
10 183 2785
21 139 2786
8 57 2787
34 86 2788
25 183 2789
15 97 2790
15 183 2791
5 130 2792
34 85 2793
7 113 2794
10 122 2795
15 100 2796
26 34 2797
21 115 2798
16 155 2799
10 136 2800
23 145 2801
8 180 2802
7 56 2803
34 117 2804
15 133 2805
13 122 2806
7 116 2807
8 103 2808
9 108 2809
10 66 2810
10 164 2811
10 35 2812
34 99 2813
8 135 2814
15 156 2815
15 99 2816
34 111 2817
34 64 2818
12 53 2819
20 109 2820
10 144 2821
10 143 2822
8 151 2823
10 187 2824
7 130 2825
10 99 2826
10 107 2827
15 146 2828
9 169 2829
4 15 2830
15 74 2831
15 29 2832
34 94 2833
34 80 2834
10 133 2835
15 95 2836
16 165 2837
34 88 2838
34 114 2839
10 94 2840
12 124 2841
8 108 2842
10 117 2843
13 87 2844
7 149 2845
10 126 2846
34 104 2847
7 152 2848
34 124 2849
34 126 2850
34 93 2851
15 16 2852
15 148 2853
9 109 2854
15 122 2855
34 102 2856
34 58 2857
34 96 2858
9 182 2859
10 168 2860
34 103 2861
15 101 2862
34 73 2863
12 184 2864
15 34 2865
15 107 2866
34 110 2867
15 186 2868
