1 2 1
2 24 2
2 22 3
30 32 4
11 78 5
27 45 6
27 76 7
1 24 8
27 78 9
2 6 10
2 30 11
27 30 12
2 27 13
28 51 14
6 30 15
22 27 16
24 30 17
6 171 18
22 30 19
28 78 20
28 76 21
33 51 22
24 161 23
28 154 24
28 43 25
25 30 26
27 29 27
11 76 28
22 24 29
33 43 30
28 177 31
27 46 32
32 76 33
28 45 34
2 32 35
1 22 36
28 37 37
20 78 38
27 38 39
28 175 40
28 179 41
27 51 42
28 75 43
24 140 44
2 8 45
20 154 46
28 46 47
29 32 48
33 76 49
22 171 50
2 25 51
27 41 52
1 27 53
20 45 54
28 38 55
32 45 56
6 24 57
27 36 58
28 161 59
8 171 60
28 42 61
28 157 62
20 76 63
28 30 64
33 171 65
33 154 66
24 49 67
26 78 68
28 159 69
24 63 70
28 47 71
33 42 72
33 157 73
2 33 74
18 154 75
24 27 76
24 33 77
30 33 78
28 39 79
6 77 80
20 51 81
27 39 82
33 45 83
25 38 84
11 45 85
2 28 86
28 167 87
28 138 88
2 40 89
27 43 90
25 51 91
31 51 92
28 41 93
33 39 94
32 78 95
18 76 96
20 38 97
28 158 98
20 30 99
33 170 100
25 154 101
31 161 102
33 75 103
18 30 104
31 45 105
8 30 106
31 154 107
33 47 108
33 177 109
24 28 110
27 37 111
30 78 112
25 76 113
1 30 114
31 76 115
6 66 116
1 6 117
33 78 118
6 63 119
13 78 120
11 39 121
16 32 122
30 51 123
25 171 124
20 43 125
33 37 126
30 139 127
2 161 128
20 46 129
28 170 130
24 25 131
24 65 132
32 46 133
31 158 134
20 175 135
25 45 136
30 31 137
33 46 138
25 29 139
2 29 140
28 65 141
30 175 142
28 49 143
30 76 144
33 161 145
22 32 146
28 140 147
18 51 148
11 38 149
24 44 150
2 140 151
16 30 152
32 51 153
25 33 154
24 32 155
33 38 156
33 175 157
22 25 158
25 37 159
25 75 160
30 39 161
2 79 162
21 30 163
33 41 164
12 78 165
25 157 166
11 46 167
25 47 168
33 179 169
24 77 170
33 138 171
27 47 172
16 24 173
18 45 174
31 78 175
20 41 176
25 43 177
28 36 178
2 16 179
30 162 180
7 27 181
6 44 182
28 171 183
27 33 184
31 38 185
33 140 186
6 49 187
26 45 188
31 171 189
11 43 190
2 20 191
28 48 192
31 48 193
31 43 194
30 90 195
30 159 196
33 167 197
20 37 198
29 76 199
30 41 200
24 171 201
30 46 202
31 175 203
31 37 204
30 43 205
22 28 206
16 20 207
28 66 208
2 49 209
25 138 210
30 60 211
31 42 212
32 38 213
18 175 214
21 76 215
9 30 216
18 38 217
33 159 218
1 8 219
18 78 220
2 65 221
30 38 222
1 76 223
9 25 224
26 76 225
18 46 226
6 170 227
8 27 228
31 47 229
11 51 230
11 47 231
21 78 232
25 177 233
2 90 234
25 39 235
30 177 236
24 35 237
30 37 238
20 24 239
1 136 240
25 179 241
28 63 242
29 30 243
25 78 244
16 28 245
25 32 246
11 37 247
24 40 248
1 25 249
31 140 250
31 75 251
21 45 252
25 28 253
30 157 254
2 50 255
6 29 256
31 157 257
25 175 258
33 158 259
21 38 260
22 33 261
25 41 262
16 171 263
18 158 264
30 70 265
1 43 266
11 36 267
31 49 268
25 158 269
1 32 270
2 60 271
14 78 272
32 33 273
25 46 274
2 44 275
6 161 276
18 177 277
20 39 278
28 32 279
30 62 280
29 33 281
18 37 282
28 33 283
30 71 284
32 154 285
20 36 286
31 41 287
2 63 288
5 30 289
25 161 290
18 179 291
6 134 292
8 24 293
29 51 294
13 76 295
30 42 296
1 39 297
18 157 298
22 157 299
25 42 300
33 65 301
30 179 302
24 29 303
15 78 304
20 158 305
1 90 306
2 174 307
18 41 308
33 36 309
25 49 310
29 43 311
31 36 312
2 18 313
30 45 314
1 139 315
31 170 316
9 18 317
32 43 318
2 136 319
6 158 320
18 43 321
1 78 322
2 77 323
12 76 324
16 18 325
24 174 326
25 167 327
8 158 328
9 28 329
32 41 330
20 42 331
33 49 332
2 171 333
31 46 334
18 75 335
20 75 336
31 39 337
30 154 338
20 29 339
32 39 340
1 161 341
2 76 342
30 79 343
1 38 344
6 140 345
31 167 346
25 63 347
8 77 348
20 47 349
29 78 350
30 75 351
6 28 352
24 79 353
31 177 354
11 41 355
31 66 356
18 42 357
31 65 358
24 118 359
32 36 360
20 177 361
22 29 362
25 159 363
20 157 364
10 78 365
18 25 366
28 29 367
33 77 368
1 33 369
24 170 370
31 138 371
31 159 372
1 40 373
18 39 374
30 50 375
9 20 376
18 47 377
28 35 378
21 51 379
22 77 380
22 76 381
30 47 382
1 16 383
6 35 384
24 157 385
6 25 386
22 78 387
1 60 388
1 162 389
32 175 390
1 62 391
33 35 392
2 43 393
26 36 394
9 33 395
1 46 396
26 39 397
30 167 398
2 187 399
33 63 400
13 45 401
29 31 402
1 52 403
30 156 404
22 158 405
20 161 406
6 22 407
24 26 408
31 179 409
20 171 410
18 24 411
30 36 412
30 125 413
30 136 414
28 134 415
12 45 416
26 38 417
6 9 418
25 36 419
28 77 420
2 26 421
32 37 422
33 66 423
9 27 424
16 25 425
31 77 426
5 154 427
22 66 428
2 38 429
22 38 430
9 31 431
17 78 432
20 33 433
28 61 434
32 47 435
26 46 436
3 38 437
31 63 438
16 33 439
9 24 440
6 33 441
25 134 442
22 45 443
26 47 444
29 38 445
2 78 446
2 31 447
2 39 448
6 157 449
33 134 450
29 46 451
12 39 452
29 37 453
2 70 454
12 38 455
21 43 456
26 43 457
7 175 458
16 21 459
16 31 460
18 159 461
25 65 462
20 22 463
25 170 464
8 157 465
16 157 466
29 41 467
20 25 468
14 76 469
3 154 470
25 140 471
23 30 472
2 13 473
8 63 474
21 29 475
1 56 476
31 134 477
1 67 478
22 175 479
21 41 480
18 29 481
21 36 482
22 37 483
25 35 484
22 39 485
33 48 486
32 75 487
2 62 488
9 76 489
21 154 490
2 9 491
1 70 492
2 46 493
1 125 494
25 31 495
16 158 496
21 46 497
18 161 498
2 159 499
3 76 500
16 22 501
1 50 502
30 161 503
8 78 504
1 51 505
28 44 506
16 76 507
6 16 508
18 167 509
1 123 510
31 35 511
3 171 512
25 77 513
29 47 514
9 29 515
21 22 516
7 154 517
8 51 518
9 154 519
9 21 520
16 77 521
30 69 522
2 95 523
16 154 524
24 31 525
1 45 526
20 140 527
2 67 528
19 154 529
22 46 530
25 66 531
29 39 532
23 171 533
26 51 534
1 171 535
2 157 536
18 22 537
1 41 538
2 118 539
1 71 540
13 38 541
26 41 542
2 35 543
12 43 544
25 48 545
2 47 546
4 43 547
20 48 548
29 45 549
6 76 550
16 177 551
26 37 552
2 156 553
30 164 554
2 37 555
8 154 556
20 179 557
33 44 558
8 175 559
31 33 560
1 36 561
29 159 562
1 68 563
29 171 564
33 61 565
24 90 566
34 43 567
23 28 568
30 158 569
15 76 570
27 154 571
20 159 572
17 76 573
1 164 574
2 36 575
1 77 576
13 46 577
12 36 578
31 61 579
22 154 580
1 140 581
13 43 582
23 43 583
1 37 584
13 47 585
8 134 586
22 51 587
25 44 588
1 79 589
12 46 590
19 30 591
20 23 592
28 172 593
2 51 594
2 69 595
8 177 596
30 68 597
1 49 598
9 38 599
9 51 600
9 171 601
30 170 602
24 134 603
2 133 604
7 171 605
23 32 606
23 78 607
24 177 608
30 144 609
22 49 610
6 27 611
24 50 612
18 36 613
30 49 614
12 47 615
18 28 616
17 45 617
18 33 618
32 42 619
1 174 620
24 66 621
30 40 622
1 153 623
29 167 624
22 43 625
5 175 626
9 22 627
29 154 628
13 36 629
5 29 630
9 45 631
6 154 632
12 24 633
2 125 634
2 15 635
6 43 636
23 37 637
3 39 638
9 43 639
22 63 640
12 51 641
28 79 642
23 154 643
27 34 644
21 37 645
1 28 646
2 162 647
22 41 648
6 20 649
2 56 650
8 76 651
29 170 652
2 45 653
2 75 654
22 134 655
23 76 656
6 65 657
30 95 658
30 129 659
22 31 660
1 47 661
4 76 662
17 29 663
29 157 664
20 63 665
22 61 666
9 78 667
1 29 668
16 175 669
16 43 670
14 46 671
2 106 672
8 49 673
1 105 674
13 39 675
1 144 676
17 38 677
34 76 678
1 127 679
22 44 680
22 177 681
28 139 682
6 51 683
1 143 684
33 79 685
4 78 686
2 164 687
1 187 688
23 45 689
27 175 690
4 30 691
21 47 692
30 67 693
30 127 694
29 177 695
10 47 696
16 29 697
20 28 698
1 63 699
3 78 700
15 46 701
10 12 702
21 39 703
17 43 704
18 23 705
8 159 706
20 49 707
8 43 708
8 32 709
2 154 710
24 172 711
29 36 712
2 175 713
4 51 714
7 76 715
9 39 716
10 76 717
27 75 718
33 172 719
2 66 720
2 127 721
2 129 722
6 61 723
30 140 724
24 70 725
1 157 726
2 52 727
18 140 728
2 17 729
9 175 730
18 171 731
16 159 732
10 45 733
6 48 734
22 159 735
15 51 736
30 174 737
3 43 738
28 127 739
2 139 740
1 154 741
34 39 742
1 65 743
16 17 744
22 75 745
6 138 746
15 45 747
7 38 748
3 46 749
24 138 750
8 47 751
2 71 752
3 45 753
12 37 754
28 31 755
2 41 756
24 60 757
19 76 758
34 78 759
22 47 760
32 158 761
23 51 762
8 38 763
12 41 764
23 38 765
8 28 766
17 22 767
19 43 768
7 158 769
17 24 770
23 33 771
24 158 772
24 43 773
34 51 774
1 159 775
9 75 776
9 157 777
22 179 778
30 141 779
29 158 780
1 175 781
2 21 782
5 76 783
16 167 784
20 77 785
8 167 786
10 38 787
24 167 788
24 78 789
8 45 790
22 26 791
29 179 792
14 22 793
28 118 794
13 51 795
22 167 796
30 56 797
1 26 798
17 154 799
6 18 800
9 159 801
14 45 802
4 45 803
6 38 804
8 37 805
9 46 806
30 61 807
24 159 808
13 24 809
23 47 810
2 12 811
6 78 812
8 35 813
8 66 814
23 46 815
28 50 816
9 158 817
16 134 818
10 43 819
23 25 820
9 37 821
1 95 822
8 44 823
7 157 824
11 24 825
16 78 826
9 177 827
23 175 828
19 175 829
31 44 830
2 143 831
15 39 832
7 78 833
8 46 834
17 51 835
29 75 836
1 129 837
17 39 838
22 36 839
9 17 840
16 51 841
22 170 842
30 52 843
1 44 844
10 39 845
21 25 846
34 38 847
11 175 848
20 65 849
24 76 850
18 138 851
6 167 852
7 43 853
15 38 854
17 46 855
23 158 856
2 144 857
3 51 858
9 179 859
19 75 860
19 51 861
23 27 862
6 175 863
1 20 864
28 141 865
34 37 866
18 32 867
20 61 868
3 37 869
15 24 870
2 146 871
30 146 872
18 170 873
23 177 874
4 38 875
21 28 876
5 158 877
22 140 878
10 36 879
1 69 880
34 45 881
2 14 882
8 170 883
1 134 884
16 75 885
29 175 886
30 171 887
13 37 888
14 38 889
20 134 890
29 77 891
32 34 892
7 51 893
9 14 894
19 45 895
28 71 896
8 179 897
13 41 898
6 37 899
1 9 900
18 48 901
2 5 902
10 51 903
25 61 904
20 170 905
2 177 906
9 41 907
15 43 908
30 63 909
4 37 910
27 42 911
9 47 912
4 47 913
19 78 914
29 42 915
2 68 916
28 90 917
8 22 918
9 42 919
16 45 920
22 42 921
20 167 922
16 47 923
2 167 924
16 61 925
30 66 926
23 24 927
21 75 928
24 175 929
14 43 930
33 118 931
2 170 932
7 179 933
32 177 934
1 18 935
5 78 936
19 38 937
6 32 938
34 47 939
20 66 940
2 179 941
18 63 942
14 24 943
4 154 944
33 71 945
26 29 946
2 19 947
14 39 948
34 77 949
33 40 950
6 46 951
8 39 952
3 175 953
12 154 954
31 118 955
8 20 956
28 40 957
16 38 958
7 45 959
22 161 960
33 62 961
8 161 962
24 38 963
14 36 964
1 55 965
5 16 966
10 46 967
14 51 968
3 41 969
3 75 970
28 60 971
1 17 972
6 118 973
18 49 974
34 41 975
7 167 976
1 177 977
6 45 978
31 172 979
1 146 980
16 66 981
25 172 982
5 171 983
9 167 984
18 134 985
3 36 986
14 47 987
19 179 988
5 33 989
2 42 990
7 177 991
8 61 992
30 151 993
6 41 994
21 175 995
17 36 996
24 154 997
2 153 998
18 61 999
13 33 1000
26 154 1001
6 8 1002
18 31 1003
4 171 1004
19 42 1005
28 70 1006
8 33 1007
22 35 1008
3 159 1009
8 41 1010
24 37 1011
30 65 1012
15 37 1013
30 77 1014
8 25 1015
21 158 1016
5 75 1017
16 37 1018
22 65 1019
3 179 1020
29 134 1021
32 179 1022
33 70 1023
21 24 1024
19 177 1025
1 13 1026
16 44 1027
18 66 1028
2 134 1029
5 9 1030
16 42 1031
16 39 1032
5 38 1033
23 77 1034
24 51 1035
4 36 1036
28 105 1037
29 63 1038
29 161 1039
16 46 1040
19 46 1041
18 20 1042
7 18 1043
2 10 1044
3 47 1045
4 46 1046
15 36 1047
23 39 1048
30 134 1049
2 123 1050
23 29 1051
23 31 1052
34 46 1053
1 75 1054
7 37 1055
12 33 1056
1 106 1057
17 47 1058
33 50 1059
4 158 1060
12 26 1061
1 170 1062
30 133 1063
21 33 1064
13 16 1065
23 41 1066
5 179 1067
23 159 1068
2 61 1069
6 39 1070
13 29 1071
3 158 1072
7 20 1073
8 14 1074
3 30 1075
8 42 1076
10 27 1077
7 21 1078
1 42 1079
23 179 1080
2 89 1081
12 30 1082
29 66 1083
24 75 1084
5 48 1085
9 26 1086
19 39 1087
2 23 1088
13 22 1089
33 139 1090
9 36 1091
12 171 1092
7 47 1093
24 69 1094
1 14 1095
1 15 1096
23 157 1097
11 159 1098
6 75 1099
23 36 1100
4 175 1101
5 138 1102
9 16 1103
20 31 1104
1 21 1105
6 159 1106
1 145 1107
9 19 1108
8 75 1109
5 45 1110
33 60 1111
15 29 1112
5 28 1113
17 25 1114
17 75 1115
8 26 1116
1 167 1117
5 22 1118
32 171 1119
1 179 1120
7 42 1121
24 39 1122
8 36 1123
2 11 1124
10 24 1125
14 41 1126
14 37 1127
26 42 1128
8 29 1129
18 65 1130
30 123 1131
26 175 1132
24 45 1133
6 31 1134
19 37 1135
2 128 1136
24 46 1137
24 139 1138
26 33 1139
29 49 1140
23 42 1141
19 171 1142
1 98 1143
16 63 1144
17 41 1145
30 143 1146
20 35 1147
30 114 1148
4 24 1149
5 47 1150
5 51 1151
1 118 1152
16 41 1153
32 48 1154
7 159 1155
34 36 1156
19 25 1157
33 90 1158
33 141 1159
7 14 1160
15 47 1161
12 22 1162
24 164 1163
7 46 1164
12 42 1165
30 105 1166
7 75 1167
24 61 1168
19 29 1169
19 47 1170
24 125 1171
4 39 1172
9 77 1173
10 37 1174
28 52 1175
1 72 1176
6 36 1177
28 174 1178
8 18 1179
9 23 1180
14 33 1181
11 12 1182
18 77 1183
1 86 1184
3 177 1185
16 49 1186
32 157 1187
31 79 1188
1 137 1189
7 39 1190
33 162 1191
6 47 1192
10 41 1193
6 42 1194
30 142 1195
15 41 1196
3 42 1197
6 23 1198
17 37 1199
5 43 1200
31 40 1201
28 136 1202
24 62 1203
2 172 1204
24 47 1205
7 25 1206
19 159 1207
24 36 1208
7 41 1209
8 140 1210
11 22 1211
24 179 1212
3 77 1213
25 34 1214
5 170 1215
13 154 1216
2 34 1217
19 36 1218
16 23 1219
30 138 1220
6 14 1221
29 61 1222
16 179 1223
1 12 1224
2 158 1225
1 66 1226
11 154 1227
23 75 1228
30 128 1229
21 42 1230
34 42 1231
2 126 1232
17 175 1233
24 41 1234
6 179 1235
9 61 1236
30 34 1237
6 177 1238
2 98 1239
3 157 1240
24 42 1241
1 35 1242
12 175 1243
3 33 1244
2 105 1245
1 31 1246
24 68 1247
7 31 1248
11 75 1249
29 138 1250
18 27 1251
4 179 1252
7 36 1253
17 28 1254
30 130 1255
21 157 1256
11 26 1257
5 37 1258
8 21 1259
30 98 1260
16 36 1261
23 63 1262
2 111 1263
21 179 1264
10 11 1265
28 156 1266
30 111 1267
30 118 1268
1 10 1269
6 174 1270
12 161 1271
30 35 1272
30 113 1273
7 30 1274
13 42 1275
30 44 1276
6 40 1277
1 111 1278
2 55 1279
8 16 1280
22 138 1281
27 171 1282
5 42 1283
24 141 1284
27 159 1285
24 67 1286
24 71 1287
21 23 1288
24 129 1289
8 11 1290
12 159 1291
6 21 1292
19 41 1293
1 158 1294
16 19 1295
20 138 1296
4 29 1297
4 77 1298
7 61 1299
3 49 1300
2 4 1301
5 46 1302
32 159 1303
15 154 1304
30 96 1305
24 48 1306
33 174 1307
12 16 1308
23 134 1309
29 44 1310
1 57 1311
1 141 1312
5 39 1313
22 172 1314
3 29 1315
9 12 1316
11 16 1317
9 11 1318
30 172 1319
7 26 1320
9 134 1321
33 68 1322
33 136 1323
5 161 1324
26 75 1325
4 9 1326
5 177 1327
28 68 1328
18 35 1329
26 159 1330
24 34 1331
30 103 1332
25 118 1333
21 171 1334
3 167 1335
1 126 1336
33 127 1337
26 27 1338
12 29 1339
19 33 1340
11 177 1341
1 11 1342
10 154 1343
19 28 1344
34 49 1345
4 75 1346
16 161 1347
12 77 1348
26 34 1349
3 63 1350
4 177 1351
3 134 1352
27 158 1353
20 44 1354
28 69 1355
1 128 1356
21 159 1357
1 5 1358
2 138 1359
4 41 1360
22 40 1361
32 61 1362
1 93 1363
5 36 1364
19 22 1365
22 79 1366
22 118 1367
33 123 1368
29 140 1369
1 87 1370
8 31 1371
1 94 1372
25 79 1373
30 86 1374
19 24 1375
34 75 1376
1 61 1377
5 61 1378
10 22 1379
3 9 1380
6 172 1381
28 34 1382
6 12 1383
16 35 1384
2 141 1385
2 148 1386
5 41 1387
1 23 1388
14 34 1389
15 22 1390
3 28 1391
5 24 1392
2 3 1393
12 75 1394
15 16 1395
23 167 1396
25 40 1397
20 118 1398
7 28 1399
4 6 1400
20 34 1401
4 22 1402
5 157 1403
2 142 1404
8 13 1405
14 27 1406
30 153 1407
19 161 1408
24 123 1409
24 136 1410
10 26 1411
30 48 1412
28 74 1413
12 27 1414
23 49 1415
8 17 1416
24 162 1417
22 133 1418
5 140 1419
8 65 1420
20 40 1421
24 156 1422
27 157 1423
7 77 1424
22 48 1425
1 116 1426
3 24 1427
6 17 1428
13 175 1429
28 143 1430
5 66 1431
2 163 1432
22 174 1433
1 53 1434
2 108 1435
12 134 1436
8 12 1437
8 138 1438
18 21 1439
30 97 1440
27 179 1441
4 134 1442
22 90 1443
5 49 1444
19 157 1445
33 164 1446
13 159 1447
17 42 1448
1 96 1449
4 33 1450
9 13 1451
2 151 1452
14 154 1453
28 95 1454
8 9 1455
1 89 1456
5 27 1457
1 34 1458
4 42 1459
26 177 1460
28 164 1461
2 7 1462
7 33 1463
2 168 1464
30 104 1465
28 129 1466
12 13 1467
26 179 1468
22 106 1469
1 173 1470
2 86 1471
4 28 1472
30 137 1473
29 48 1474
28 144 1475
4 20 1476
12 177 1477
21 34 1478
2 145 1479
25 141 1480
18 19 1481
9 66 1482
22 23 1483
5 7 1484
31 174 1485
4 49 1486
20 172 1487
6 34 1488
32 161 1489
33 105 1490
20 174 1491
21 177 1492
6 26 1493
2 181 1494
13 25 1495
8 118 1496
32 140 1497
15 42 1498
26 171 1499
1 88 1500
5 77 1501
21 48 1502
31 141 1503
20 32 1504
2 97 1505
5 18 1506
27 177 1507
16 140 1508
7 17 1509
27 61 1510
5 23 1511
10 13 1512
10 42 1513
21 138 1514
33 34 1515
1 178 1516
2 178 1517
3 161 1518
6 79 1519
19 23 1520
4 35 1521
19 158 1522
1 85 1523
25 62 1524
3 18 1525
22 34 1526
22 60 1527
24 105 1528
29 35 1529
1 97 1530
30 135 1531
31 62 1532
33 69 1533
1 151 1534
8 48 1535
25 50 1536
13 75 1537
31 32 1538
9 15 1539
16 170 1540
28 53 1541
1 4 1542
1 64 1543
21 161 1544
5 159 1545
23 161 1546
33 52 1547
3 140 1548
17 171 1549
22 141 1550
14 42 1551
31 50 1552
23 66 1553
14 106 1554
24 153 1555
29 65 1556
6 11 1557
34 63 1558
4 159 1559
29 79 1560
2 88 1561
2 117 1562
10 159 1563
15 175 1564
1 84 1565
7 170 1566
28 56 1567
34 61 1568
9 63 1569
2 74 1570
4 63 1571
5 35 1572
10 29 1573
17 159 1574
18 52 1575
14 175 1576
1 168 1577
11 171 1578
2 96 1579
9 49 1580
7 134 1581
1 138 1582
33 156 1583
28 153 1584
4 16 1585
20 52 1586
28 146 1587
30 55 1588
32 35 1589
28 98 1590
2 93 1591
4 61 1592
19 49 1593
2 57 1594
10 171 1595
12 140 1596
3 20 1597
24 56 1598
22 70 1599
29 133 1600
31 127 1601
1 163 1602
23 35 1603
29 141 1604
28 67 1605
30 116 1606
11 179 1607
25 139 1608
29 60 1609
18 118 1610
7 29 1611
30 72 1612
3 22 1613
2 137 1614
5 65 1615
25 71 1616
8 15 1617
20 79 1618
21 66 1619
30 73 1620
32 63 1621
3 31 1622
1 19 1623
30 87 1624
32 65 1625
18 44 1626
3 61 1627
18 40 1628
19 77 1629
1 115 1630
9 44 1631
22 69 1632
2 113 1633
19 140 1634
1 101 1635
24 144 1636
23 61 1637
18 146 1638
22 129 1639
29 70 1640
4 170 1641
33 67 1642
24 106 1643
32 49 1644
1 131 1645
11 101 1646
17 179 1647
28 84 1648
18 136 1649
30 64 1650
18 172 1651
12 179 1652
16 94 1653
23 140 1654
25 162 1655
31 34 1656
2 131 1657
13 26 1658
21 31 1659
1 124 1660
2 72 1661
2 64 1662
14 75 1663
17 177 1664
24 127 1665
29 69 1666
1 135 1667
16 65 1668
25 70 1669
30 57 1670
1 91 1671
34 44 1672
6 13 1673
4 31 1674
4 167 1675
31 162 1676
31 52 1677
1 3 1678
2 80 1679
33 129 1680
29 34 1681
2 116 1682
10 16 1683
5 20 1684
2 53 1685
2 115 1686
23 26 1687
14 74 1688
8 172 1689
10 175 1690
11 144 1691
25 174 1692
1 103 1693
23 138 1694
32 77 1695
24 95 1696
30 84 1697
30 88 1698
26 28 1699
29 156 1700
1 73 1701
1 80 1702
17 23 1703
5 134 1704
12 14 1705
21 61 1706
2 173 1707
15 48 1708
4 27 1709
18 174 1710
2 103 1711
7 9 1712
13 177 1713
19 48 1714
21 167 1715
1 142 1716
23 170 1717
20 127 1718
12 34 1719
22 156 1720
29 90 1721
2 114 1722
3 170 1723
19 134 1724
32 170 1725
25 90 1726
11 134 1727
13 171 1728
2 91 1729
3 44 1730
24 143 1731
5 6 1732
7 66 1733
17 34 1734
30 53 1735
22 71 1736
32 134 1737
3 48 1738
28 125 1739
23 44 1740
24 98 1741
3 16 1742
7 22 1743
25 60 1744
20 21 1745
31 136 1746
34 35 1747
9 34 1748
29 105 1749
10 177 1750
30 115 1751
33 87 1752
17 158 1753
15 159 1754
22 50 1755
2 87 1756
33 144 1757
5 31 1758
2 85 1759
4 23 1760
6 19 1761
19 138 1762
1 113 1763
31 60 1764
19 170 1765
33 57 1766
5 63 1767
21 134 1768
7 23 1769
9 161 1770
16 153 1771
33 137 1772
1 108 1773
4 8 1774
16 70 1775
30 145 1776
7 19 1777
17 134 1778
19 65 1779
10 25 1780
9 35 1781
18 143 1782
7 13 1783
33 116 1784
11 143 1785
12 25 1786
18 79 1787
18 162 1788
12 157 1789
29 123 1790
12 17 1791
29 40 1792
9 170 1793
21 49 1794
24 52 1795
9 10 1796
1 104 1797
4 66 1798
24 87 1799
9 85 1800
13 34 1801
14 26 1802
27 161 1803
8 34 1804
11 27 1805
19 63 1806
19 87 1807
33 153 1808
21 140 1809
6 7 1810
6 10 1811
11 140 1812
7 24 1813
31 137 1814
4 48 1815
9 94 1816
13 161 1817
11 106 1818
18 71 1819
26 134 1820
29 172 1821
22 62 1822
14 159 1823
16 145 1824
29 106 1825
1 74 1826
3 35 1827
11 77 1828
10 49 1829
16 138 1830
29 71 1831
13 179 1832
25 68 1833
1 181 1834
19 61 1835
24 137 1836
2 94 1837
33 145 1838
15 170 1839
1 117 1840
2 166 1841
3 23 1842
9 57 1843
1 147 1844
3 138 1845
8 174 1846
18 62 1847
9 140 1848
18 147 1849
29 62 1850
14 128 1851
29 139 1852
1 166 1853
33 56 1854
2 104 1855
6 87 1856
10 65 1857
23 65 1858
2 100 1859
5 167 1860
8 40 1861
32 138 1862
31 129 1863
32 44 1864
17 18 1865
10 14 1866
27 134 1867
2 101 1868
17 157 1869
26 161 1870
10 17 1871
11 17 1872
4 32 1873
22 162 1874
24 133 1875
3 6 1876
19 20 1877
24 145 1878
8 10 1879
26 40 1880
25 129 1881
29 50 1882
16 123 1883
19 31 1884
15 75 1885
23 118 1886
8 23 1887
33 125 1888
24 93 1889
2 135 1890
30 147 1891
3 66 1892
13 134 1893
14 179 1894
2 130 1895
5 44 1896
16 79 1897
6 70 1898
16 80 1899
30 80 1900
10 77 1901
29 95 1902
6 106 1903
16 64 1904
21 77 1905
12 15 1906
23 40 1907
14 177 1908
24 146 1909
19 21 1910
7 63 1911
16 34 1912
5 8 1913
16 50 1914
26 61 1915
19 35 1916
31 90 1917
5 40 1918
10 134 1919
13 61 1920
21 147 1921
12 23 1922
13 77 1923
2 147 1924
8 19 1925
21 71 1926
34 66 1927
1 48 1928
23 48 1929
1 114 1930
19 40 1931
18 141 1932
31 156 1933
22 146 1934
3 40 1935
27 49 1936
2 119 1937
21 63 1938
17 77 1939
10 179 1940
10 170 1941
30 74 1942
2 84 1943
25 69 1944
11 156 1945
5 174 1946
10 61 1947
4 138 1948
7 15 1949
1 172 1950
4 44 1951
23 172 1952
30 131 1953
3 65 1954
29 174 1955
15 34 1956
24 57 1957
4 65 1958
16 40 1959
22 139 1960
2 124 1961
16 115 1962
17 26 1963
28 55 1964
23 34 1965
15 158 1966
16 71 1967
29 136 1968
11 157 1969
28 128 1970
13 27 1971
24 116 1972
4 7 1973
6 141 1974
24 86 1975
16 102 1976
13 158 1977
18 50 1978
18 98 1979
30 85 1980
19 167 1981
9 117 1982
21 174 1983
6 50 1984
8 79 1985
11 162 1986
25 136 1987
30 168 1988
7 16 1989
26 49 1990
18 60 1991
22 125 1992
4 137 1993
32 136 1994
34 65 1995
24 55 1996
33 98 1997
1 109 1998
34 123 1999
16 89 2000
28 148 2001
30 91 2002
14 48 2003
21 65 2004
6 15 2005
4 21 2006
31 69 2007
2 155 2008
12 21 2009
19 66 2010
6 137 2011
10 138 2012
16 106 2013
2 81 2014
10 48 2015
6 145 2016
2 48 2017
27 140 2018
29 52 2019
30 92 2020
5 128 2021
6 69 2022
11 158 2023
29 153 2024
30 82 2025
9 118 2026
2 109 2027
30 166 2028
10 140 2029
4 146 2030
8 70 2031
11 137 2032
12 158 2033
33 74 2034
21 40 2035
7 11 2036
23 87 2037
23 145 2038
16 174 2039
14 17 2040
21 44 2041
24 53 2042
29 146 2043
14 95 2044
29 129 2045
30 99 2046
22 136 2047
34 105 2048
1 100 2049
25 123 2050
11 13 2051
34 40 2052
26 106 2053
30 117 2054
11 181 2055
15 177 2056
17 61 2057
33 106 2058
2 99 2059
2 82 2060
29 64 2061
27 77 2062
28 73 2063
27 138 2064
24 148 2065
31 53 2066
2 102 2067
13 23 2068
32 174 2069
29 97 2070
10 34 2071
25 52 2072
21 79 2073
16 105 2074
2 73 2075
3 5 2076
13 65 2077
33 86 2078
9 91 2079
2 58 2080
16 48 2081
9 156 2082
17 161 2083
27 167 2084
16 93 2085
16 126 2086
20 62 2087
6 90 2088
6 95 2089
26 63 2090
26 158 2091
6 60 2092
5 34 2093
15 138 2094
24 84 2095
18 139 2096
24 128 2097
1 7 2098
16 90 2099
22 143 2100
26 65 2101
27 40 2102
29 118 2103
1 119 2104
11 35 2105
1 99 2106
1 110 2107
3 14 2108
34 118 2109
18 144 2110
32 167 2111
26 157 2112
2 92 2113
6 57 2114
15 179 2115
29 164 2116
23 174 2117
31 133 2118
32 118 2119
3 118 2120
3 172 2121
29 162 2122
16 69 2123
19 44 2124
26 98 2125
20 162 2126
4 84 2127
16 133 2128
7 49 2129
33 147 2130
7 138 2131
4 153 2132
9 123 2133
22 67 2134
18 55 2135
20 141 2136
10 63 2137
26 80 2138
34 85 2139
16 172 2140
1 150 2141
9 148 2142
22 164 2143
24 97 2144
21 60 2145
22 97 2146
22 123 2147
29 86 2148
16 168 2149
22 153 2150
32 172 2151
34 64 2152
3 4 2153
4 118 2154
8 133 2155
6 128 2156
5 118 2157
8 141 2158
4 26 2159
17 20 2160
29 127 2161
29 57 2162
9 48 2163
10 158 2164
34 48 2165
4 34 2166
7 44 2167
17 66 2168
27 35 2169
18 70 2170
16 62 2171
12 31 2172
4 12 2173
18 90 2174
20 71 2175
1 102 2176
30 155 2177
3 7 2178
13 157 2179
25 164 2180
28 64 2181
29 137 2182
3 12 2183
27 44 2184
29 67 2185
25 67 2186
29 68 2187
29 72 2188
12 167 2189
14 157 2190
19 174 2191
29 56 2192
2 169 2193
23 79 2194
23 123 2195
3 79 2196
11 170 2197
4 143 2198
11 44 2199
3 26 2200
11 14 2201
29 128 2202
16 135 2203
14 61 2204
3 8 2205
17 63 2206
14 134 2207
2 122 2208
4 52 2209
17 48 2210
19 79 2211
10 136 2212
25 106 2213
29 145 2214
33 133 2215
10 35 2216
6 129 2217
6 146 2218
11 86 2219
29 143 2220
8 156 2221
25 143 2222
4 95 2223
4 40 2224
19 34 2225
31 164 2226
29 88 2227
9 40 2228
7 48 2229
20 109 2230
9 131 2231
34 88 2232
12 170 2233
11 85 2234
15 157 2235
26 144 2236
21 118 2237
15 106 2238
29 93 2239
34 79 2240
1 155 2241
16 97 2242
24 88 2243
1 149 2244
7 12 2245
25 81 2246
19 172 2247
22 68 2248
9 136 2249
6 97 2250
20 151 2251
1 92 2252
1 82 2253
11 94 2254
8 90 2255
8 146 2256
24 89 2257
34 70 2258
22 127 2259
31 56 2260
3 11 2261
16 73 2262
8 50 2263
16 141 2264
25 56 2265
3 123 2266
4 17 2267
34 71 2268
18 69 2269
4 136 2270
10 157 2271
16 136 2272
1 183 2273
29 85 2274
24 147 2275
9 133 2276
15 26 2277
6 71 2278
17 167 2279
5 12 2280
33 97 2281
20 26 2282
16 164 2283
16 116 2284
25 53 2285
29 115 2286
30 102 2287
27 174 2288
29 98 2289
5 79 2290
15 61 2291
1 122 2292
28 72 2293
32 86 2294
19 128 2295
24 131 2296
26 48 2297
2 183 2298
24 168 2299
9 95 2300
2 110 2301
14 138 2302
20 60 2303
16 107 2304
17 19 2305
13 63 2306
23 72 2307
21 139 2308
17 140 2309
22 144 2310
8 153 2311
34 72 2312
16 84 2313
13 35 2314
8 95 2315
29 84 2316
31 146 2317
14 171 2318
17 35 2319
15 23 2320
13 17 2321
17 49 2322
24 99 2323
3 57 2324
27 146 2325
34 87 2326
10 162 2327
34 93 2328
4 128 2329
34 80 2330
10 144 2331
14 144 2332
1 169 2333
4 79 2334
4 55 2335
22 52 2336
34 94 2337
3 93 2338
11 187 2339
32 79 2340
26 119 2341
26 50 2342
19 118 2343
34 69 2344
11 167 2345
26 95 2346
29 125 2347
4 86 2348
9 97 2349
20 70 2350
16 96 2351
6 98 2352
24 72 2353
24 64 2354
7 8 2355
15 66 2356
11 89 2357
16 129 2358
17 65 2359
29 173 2360
14 174 2361
1 81 2362
4 88 2363
16 127 2364
17 44 2365
29 99 2366
9 50 2367
12 162 2368
24 91 2369
26 178 2370
10 15 2371
13 14 2372
29 142 2373
6 52 2374
29 55 2375
16 143 2376
14 98 2377
14 116 2378
26 167 2379
33 55 2380
33 142 2381
14 147 2382
15 146 2383
16 162 2384
18 68 2385
10 164 2386
29 113 2387
26 118 2388
13 44 2389
7 172 2390
9 84 2391
25 86 2392
4 56 2393
34 62 2394
4 172 2395
26 131 2396
34 116 2397
34 50 2398
3 13 2399
3 174 2400
23 50 2401
23 71 2402
10 23 2403
13 172 2404
25 125 2405
2 152 2406
16 114 2407
18 67 2408
16 68 2409
12 139 2410
23 153 2411
7 35 2412
17 170 2413
25 84 2414
10 167 2415
34 60 2416
1 180 2417
21 70 2418
9 122 2419
9 116 2420
16 183 2421
33 95 2422
34 117 2423
4 62 2424
7 10 2425
31 55 2426
15 172 2427
11 100 2428
24 73 2429
16 100 2430
25 153 2431
21 150 2432
23 62 2433
22 56 2434
1 152 2435
4 70 2436
22 163 2437
9 151 2438
4 50 2439
1 165 2440
4 174 2441
31 97 2442
4 129 2443
16 128 2444
24 80 2445
34 90 2446
29 147 2447
9 119 2448
13 18 2449
34 125 2450
9 108 2451
31 67 2452
1 58 2453
4 5 2454
22 105 2455
29 166 2456
7 140 2457
7 161 2458
25 147 2459
2 150 2460
19 141 2461
22 55 2462
7 116 2463
24 135 2464
21 69 2465
31 125 2466
4 11 2467
16 125 2468
9 141 2469
16 139 2470
16 56 2471
9 174 2472
4 99 2473
3 60 2474
10 143 2475
12 66 2476
6 122 2477
2 149 2478
7 60 2479
32 50 2480
6 62 2481
6 68 2482
11 122 2483
15 95 2484
6 127 2485
25 92 2486
2 180 2487
4 144 2488
34 115 2489
13 164 2490
29 53 2491
5 50 2492
34 102 2493
1 83 2494
4 71 2495
8 105 2496
16 130 2497
24 183 2498
26 156 2499
29 91 2500
2 83 2501
3 71 2502
8 62 2503
33 168 2504
8 57 2505
6 139 2506
25 74 2507
5 13 2508
26 172 2509
29 102 2510
16 98 2511
9 98 2512
27 93 2513
11 119 2514
16 67 2515
34 55 2516
24 173 2517
4 69 2518
6 162 2519
8 137 2520
23 90 2521
7 79 2522
19 56 2523
11 131 2524
16 55 2525
11 133 2526
16 103 2527
2 107 2528
6 81 2529
23 70 2530
3 141 2531
8 99 2532
16 147 2533
19 71 2534
9 127 2535
18 164 2536
33 146 2537
34 86 2538
7 71 2539
19 50 2540
8 117 2541
8 93 2542
5 143 2543
1 160 2544
9 62 2545
6 125 2546
2 165 2547
4 60 2548
34 68 2549
32 129 2550
19 60 2551
8 122 2552
8 164 2553
12 88 2554
7 62 2555
24 102 2556
26 138 2557
4 68 2558
7 50 2559
13 167 2560
20 164 2561
23 162 2562
22 145 2563
3 15 2564
10 156 2565
3 87 2566
34 56 2567
4 90 2568
7 90 2569
29 178 2570
8 98 2571
23 60 2572
4 80 2573
9 125 2574
23 68 2575
34 98 2576
14 63 2577
10 67 2578
8 139 2579
23 129 2580
22 137 2581
5 11 2582
7 122 2583
23 106 2584
7 40 2585
12 143 2586
22 53 2587
1 107 2588
23 111 2589
9 129 2590
9 163 2591
1 120 2592
5 144 2593
10 66 2594
6 164 2595
3 62 2596
8 101 2597
13 19 2598
14 68 2599
29 148 2600
17 60 2601
19 139 2602
10 70 2603
14 172 2604
20 67 2605
7 69 2606
23 164 2607
8 84 2608
8 181 2609
34 110 2610
23 69 2611
24 160 2612
34 53 2613
22 115 2614
7 156 2615
17 173 2616
23 139 2617
34 126 2618
15 101 2619
15 156 2620
19 68 2621
3 99 2622
8 91 2623
8 143 2624
11 15 2625
3 68 2626
7 146 2627
24 163 2628
13 148 2629
9 139 2630
23 136 2631
14 67 2632
27 60 2633
6 135 2634
9 86 2635
15 128 2636
17 68 2637
3 70 2638
34 106 2639
12 156 2640
19 162 2641
2 160 2642
3 69 2643
2 120 2644
7 95 2645
13 66 2646
4 67 2647
17 166 2648
10 106 2649
16 86 2650
24 96 2651
34 97 2652
34 127 2653
2 121 2654
1 121 2655
8 127 2656
8 144 2657
30 83 2658
34 73 2659
13 68 2660
24 58 2661
5 162 2662
6 136 2663
9 144 2664
22 147 2665
25 183 2666
32 60 2667
9 164 2668
27 156 2669
5 10 2670
3 56 2671
8 131 2672
7 162 2673
19 69 2674
23 67 2675
7 98 2676
7 115 2677
3 133 2678
10 19 2679
24 169 2680
14 129 2681
12 93 2682
14 118 2683
6 185 2684
15 141 2685
24 112 2686
15 129 2687
4 139 2688
7 118 2689
7 174 2690
19 129 2691
23 56 2692
23 55 2693
33 119 2694
17 69 2695
7 101 2696
8 52 2697
25 128 2698
26 141 2699
7 52 2700
7 139 2701
29 131 2702
7 65 2703
12 141 2704
22 74 2705
3 156 2706
3 187 2707
24 166 2708
3 129 2709
23 95 2710
34 67 2711
31 124 2712
19 67 2713
34 113 2714
17 70 2715
34 111 2716
6 67 2717
3 67 2718
15 17 2719
34 74 2720
8 94 2721
7 67 2722
34 114 2723
17 118 2724
32 69 2725
8 85 2726
15 167 2727
15 183 2728
9 152 2729
12 148 2730
7 125 2731
23 97 2732
34 99 2733
18 125 2734
7 113 2735
19 70 2736
32 90 2737
1 184 2738
13 69 2739
12 86 2740
16 144 2741
24 104 2742
12 117 2743
34 103 2744
34 128 2745
7 136 2746
22 148 2747
4 141 2748
10 183 2749
15 74 2750
14 44 2751
13 15 2752
1 112 2753
19 90 2754
3 144 2755
3 10 2756
12 87 2757
9 169 2758
13 122 2759
19 164 2760
33 128 2761
3 90 2762
22 84 2763
4 130 2764
5 125 2765
4 125 2766
7 34 2767
12 124 2768
23 53 2769
10 94 2770
7 130 2771
12 146 2772
9 68 2773
16 155 2774
8 148 2775
23 125 2776
6 173 2777
8 180 2778
5 15 2779
3 125 2780
26 66 2781
10 18 2782
15 122 2783
7 173 2784
17 90 2785
23 144 2786
24 122 2787
20 125 2788
25 55 2789
25 166 2790
22 166 2791
8 108 2792
8 151 2793
24 114 2794
12 53 2795
34 96 2796
7 164 2797
1 185 2798
10 178 2799
34 104 2800
13 91 2801
13 117 2802
19 125 2803
13 90 2804
21 115 2805
4 82 2806
5 130 2807
8 135 2808
12 184 2809
3 126 2810
22 102 2811
8 173 2812
9 53 2813
12 116 2814
12 91 2815
15 133 2816
15 168 2817
34 95 2818
7 127 2819
13 108 2820
15 107 2821
2 185 2822
14 15 2823
6 56 2824
17 156 2825
15 99 2826
10 168 2827
8 124 2828
12 97 2829
10 107 2830
15 186 2831
15 19 2832
7 149 2833
10 133 2834
13 87 2835
34 122 2836
9 109 2837
15 100 2838
2 184 2839
15 119 2840
12 133 2841
17 141 2842
22 168 2843
24 107 2844
12 122 2845
4 15 2846
10 99 2847
10 187 2848
12 147 2849
7 56 2850
34 119 2851
27 70 2852
8 107 2853
15 148 2854
8 119 2855
7 152 2856
34 124 2857
1 182 2858
8 103 2859
16 165 2860
15 97 2861
10 122 2862
34 58 2863
10 126 2864
12 99 2865
9 182 2866
10 117 2867
10 131 2868
