0 8 1
8 9 2
5 8 3
2 5 4
9 11 5
3 9 6
0 3 7
0 11 8
3 5 9
5 11 10
2 3 11
9 18 12
0 18 13
9 26 14
8 11 15
5 18 16
0 6 17
0 10 18
9 20 19
9 21 20
3 8 21
0 7 22
2 11 23
9 23 24
0 26 25
9 10 26
0 20 27
9 25 28
6 9 29
7 9 30
9 22 31
0 21 32
5 7 33
0 22 34
5 26 35
0 23 36
0 4 37
5 20 38
0 25 39
5 12 40
4 9 41
8 18 42
9 36 43
8 10 44
5 23 45
5 6 46
2 18 47
1 9 48
0 27 49
5 25 50
0 1 51
2 7 52
2 10 53
7 8 54
10 11 55
9 15 56
11 20 57
3 10 58
9 13 59
8 22 60
0 15 61
2 21 62
0 13 63
2 22 64
9 38 65
3 20 66
2 4 67
2 23 68
9 45 69
9 34 70
9 37 71
5 15 72
5 13 73
0 17 74
8 27 75
0 28 76
11 27 77
5 17 78
5 28 79
0 43 80
18 20 81
5 14 82
5 24 83
3 27 84
6 33 85
11 30 86
11 15 87
6 27 88
6 29 89
20 22 90
8 17 91
23 27 92
6 35 93
26 27 94
6 42 95
18 30 96
2 39 97
25 27 98
11 39 99
8 44 100
6 13 101
6 41 102
10 30 103
8 43 104
12 18 105
22 30 106
3 39 107
16 23 108
26 38 109
1 16 110
31 40 111
31 32 112
35 42 113
42 47 114
33 35 115
41 42 116
36 38 117
33 41 118
29 42 119
21 46 120
6 47 121
29 35 122
4 19 123
