0 8 1
8 9 2
5 8 3
0 6 4
2 5 5
0 3 6
3 8 7
6 33 8
5 6 9
0 7 10
3 5 11
3 9 12
2 3 13
6 9 14
7 8 15
0 26 16
0 4 17
7 9 18
5 7 19
5 12 20
0 1 21
0 23 22
0 25 23
8 10 24
2 7 25
9 10 26
0 21 27
0 10 28
5 26 29
9 26 30
1 9 31
0 20 32
4 9 33
2 4 34
2 10 35
5 23 36
9 36 37
5 25 38
5 20 39
9 21 40
2 21 41
0 18 42
5 18 43
9 23 44
0 11 45
9 25 46
9 20 47
8 18 48
8 11 49
6 29 50
5 11 51
0 22 52
9 18 53
8 22 54
2 23 55
3 10 56
3 20 57
6 42 58
2 22 59
1 16 60
2 18 61
9 22 62
0 13 63
0 17 64
0 28 65
0 43 66
0 27 67
0 15 68
8 44 69
5 13 70
8 17 71
8 43 72
6 41 73
5 17 74
6 13 75
16 23 76
8 27 77
5 28 78
6 35 79
9 13 80
12 18 81
6 27 82
9 34 83
5 15 84
9 38 85
5 14 86
9 45 87
9 37 88
6 47 89
5 24 90
2 39 91
9 15 92
2 11 93
9 11 94
21 46 95
10 30 96
4 19 97
20 22 98
36 38 99
31 32 100
33 41 101
18 20 102
31 40 103
33 35 104
22 30 105
26 38 106
3 27 107
23 27 108
26 27 109
3 39 110
18 30 111
25 27 112
10 11 113
42 47 114
11 20 115
11 30 116
11 27 117
11 39 118
11 15 119
29 42 120
41 42 121
35 42 122
29 35 123
