5 6 1
6 27 2
0 6 3
6 9 4
4 19 5
6 13 6
31 40 7
31 32 8
1 16 9
0 43 10
0 13 11
10 30 12
0 4 13
0 8 14
0 1 15
8 44 16
0 21 17
0 28 18
9 13 19
4 9 20
8 43 21
9 45 22
0 10 23
9 34 24
0 7 25
16 23 26
0 23 27
5 13 28
9 36 29
1 9 30
8 10 31
0 26 32
9 37 33
0 25 34
2 4 35
18 30 36
9 21 37
9 10 38
0 18 39
0 17 40
0 3 41
8 9 42
9 38 43
7 8 44
0 15 45
9 23 46
9 26 47
11 30 48
2 39 49
7 9 50
22 30 51
9 25 52
21 46 53
3 39 54
36 38 55
5 28 56
8 18 57
2 10 58
0 11 59
5 14 60
8 17 61
0 20 62
0 22 63
3 8 64
0 27 65
5 8 66
3 9 67
9 15 68
2 21 69
3 10 70
11 39 71
9 18 72
2 3 73
2 22 74
5 24 75
26 38 76
2 7 77
5 7 78
8 11 79
9 11 80
5 17 81
2 11 82
5 23 83
2 5 84
10 11 85
5 18 86
5 12 87
8 22 88
9 22 89
2 18 90
2 23 91
20 22 92
9 20 93
5 20 94
12 18 95
5 25 96
3 20 97
18 20 98
5 26 99
8 27 100
6 33 101
5 15 102
3 5 103
11 20 104
23 27 105
33 41 106
25 27 107
26 27 108
5 11 109
3 27 110
11 27 111
11 15 112
6 41 113
6 47 114
6 29 115
6 42 116
33 35 117
41 42 118
6 35 119
29 42 120
42 47 121
35 42 122
29 35 123
