0 8 1
8 9 2
2 5 3
9 11 4
5 8 5
3 9 6
0 3 7
3 5 8
0 11 9
9 18 10
2 3 11
9 26 12
9 21 13
5 11 14
9 20 15
9 23 16
2 11 17
9 25 18
0 10 19
5 12 20
0 18 21
9 10 22
8 11 23
9 36 24
7 9 25
0 7 26
2 18 27
0 20 28
0 26 29
9 22 30
3 8 31
5 18 32
0 21 33
2 21 34
2 7 35
5 26 36
1 9 37
5 20 38
5 7 39
2 4 40
4 9 41
2 10 42
3 10 43
8 18 44
10 11 45
11 20 46
0 22 47
8 10 48
5 23 49
0 4 50
0 1 51
5 25 52
2 23 53
0 23 54
0 25 55
12 18 56
9 38 57
2 22 58
9 15 59
3 20 60
9 45 61
9 34 62
9 37 63
9 13 64
6 9 65
18 20 66
2 39 67
31 40 68
31 32 69
11 30 70
11 39 71
0 43 72
0 17 73
0 15 74
10 30 75
7 8 76
18 30 77
11 15 78
1 16 79
0 28 80
0 27 81
11 27 82
22 30 83
20 22 84
5 17 85
3 39 86
5 14 87
21 46 88
5 24 89
0 13 90
5 15 91
8 44 92
16 23 93
5 28 94
8 43 95
3 27 96
26 38 97
36 38 98
8 17 99
5 13 100
26 27 101
8 27 102
8 22 103
4 19 104
23 27 105
25 27 106
42 47 107
6 27 108
6 13 109
35 42 110
41 42 111
29 42 112
6 47 113
33 35 114
33 41 115
29 35 116
5 6 117
6 42 118
6 35 119
6 41 120
0 6 121
6 29 122
6 33 123
