9 21 1
31 40 2
31 32 3
2 5 4
6 9 5
0 6 6
5 6 7
9 18 8
2 4 9
2 18 10
0 21 11
2 21 12
9 11 13
5 17 14
9 22 15
9 26 16
3 5 17
4 9 18
6 27 19
5 11 20
5 12 21
0 18 22
9 25 23
9 34 24
9 20 25
9 37 26
5 18 27
5 20 28
1 9 29
0 1 30
2 11 31
5 23 32
5 25 33
2 3 34
3 9 35
7 9 36
2 22 37
9 23 38
9 36 39
9 38 40
9 13 41
5 28 42
0 7 43
2 7 44
5 7 45
9 45 46
0 4 47
5 26 48
0 13 49
0 26 50
0 28 51
5 8 52
9 15 53
5 13 54
0 17 55
0 11 56
5 15 57
1 16 58
4 19 59
26 27 60
0 25 61
0 23 62
2 23 63
11 27 64
0 3 65
5 14 66
0 22 67
0 15 68
0 20 69
18 20 70
23 27 71
25 27 72
20 22 73
16 23 74
8 9 75
12 18 76
5 24 77
11 20 78
6 13 79
0 27 80
21 46 81
3 20 82
3 27 83
18 30 84
9 10 85
0 8 86
11 15 87
22 30 88
26 38 89
36 38 90
0 43 91
11 30 92
2 39 93
2 10 94
0 10 95
6 33 96
8 27 97
8 18 98
8 17 99
11 39 100
3 39 101
7 8 102
8 11 103
3 8 104
3 10 105
10 11 106
8 22 107
8 44 108
10 30 109
8 43 110
6 47 111
6 29 112
6 41 113
6 42 114
6 35 115
41 42 116
33 41 117
33 35 118
8 10 119
35 42 120
42 47 121
29 42 122
29 35 123
