79 81 1
79 94 2
83 94 3
81 102 4
75 94 5
9 13 6
81 92 7
73 91 8
79 92 9
79 83 10
67 91 11
75 79 12
59 70 13
76 91 14
9 43 15
20 88 16
5 14 17
81 97 18
81 88 19
9 14 20
9 44 21
11 44 22
14 58 23
79 97 24
20 59 25
3 7 26
67 73 27
90 93 28
75 83 29
87 93 30
32 43 31
75 97 32
91 94 33
18 44 34
47 75 35
14 43 36
47 94 37
23 100 38
73 83 39
79 102 40
11 20 41
13 58 42
40 73 43
70 88 44
23 98 45
5 20 46
14 39 47
11 13 48
74 94 49
35 44 50
44 58 51
43 101 52
76 83 53
46 97 54
20 51 55
71 94 56
87 101 57
58 60 58
73 75 59
88 92 60
12 44 61
20 101 62
78 101 63
20 62 64
79 88 65
46 81 66
9 42 67
83 91 68
22 40 69
43 87 70
79 89 71
22 67 72
6 11 73
85 96 74
6 8 75
20 44 76
93 96 77
32 100 78
35 43 79
20 94 80
81 94 81
12 14 82
87 96 83
3 56 84
87 90 85
9 58 86
95 96 87
4 18 88
8 17 89
9 35 90
13 100 91
9 54 92
11 101 93
65 98 94
20 70 95
85 91 96
15 44 97
92 94 98
71 89 99
88 94 100
76 94 101
77 85 102
95 100 103
11 58 104
47 97 105
100 101 106
14 41 107
73 88 108
73 94 109
85 87 110
38 43 111
20 73 112
69 87 113
90 91 114
71 81 115
11 43 116
13 93 117
15 45 118
23 45 119
20 60 120
17 58 121
43 99 122
47 79 123
9 17 124
9 32 125
20 78 126
9 15 127
5 43 128
11 65 129
72 100 130
6 18 131
19 44 132
20 41 133
23 101 134
60 65 135
11 100 136
13 52 137
77 90 138
47 73 139
5 11 140
6 20 141
22 61 142
9 26 143
11 50 144
13 54 145
38 101 146
61 92 147
84 96 148
20 43 149
91 98 150
6 45 151
44 45 152
20 85 153
47 88 154
67 76 155
8 45 156
27 100 157
96 98 158
11 41 159
28 31 160
73 76 161
78 96 162
11 15 163
35 45 164
48 79 165
17 39 166
87 100 167
13 17 168
13 44 169
9 100 170
4 11 171
26 44 172
37 95 173
78 93 174
8 15 175
18 45 176
6 44 177
39 45 178
11 62 179
73 93 180
91 96 181
13 45 182
73 79 183
95 101 184
78 87 185
87 91 186
4 20 187
40 75 188
93 101 189
38 100 190
45 100 191
23 27 192
20 52 193
31 43 194
98 100 195
8 12 196
11 40 197
43 68 198
9 60 199
8 52 200
9 52 201
12 42 202
58 63 203
38 44 204
76 79 205
58 87 206
44 78 207
14 63 208
90 100 209
18 28 210
45 78 211
87 98 212
8 20 213
68 78 214
5 28 215
43 85 216
13 98 217
23 60 218
27 35 219
40 91 220
37 96 221
9 20 222
9 65 223
11 14 224
8 58 225
14 85 226
20 91 227
44 73 228
37 43 229
92 102 230
22 91 231
45 60 232
85 95 233
11 38 234
63 100 235
75 88 236
9 45 237
68 99 238
78 95 239
76 85 240
44 85 241
14 64 242
39 90 243
76 95 244
9 27 245
44 101 246
31 101 247
59 67 248
44 95 249
8 65 250
13 51 251
6 9 252
32 101 253
45 50 254
9 11 255
32 87 256
48 75 257
80 92 258
11 23 259
8 91 260
36 46 261
62 96 262
86 87 263
44 88 264
5 13 265
28 42 266
18 43 267
28 101 268
68 100 269
18 99 270
37 99 271
15 19 272
69 90 273
35 72 274
13 99 275
66 90 276
42 90 277
93 100 278
68 101 279
47 61 280
9 40 281
35 101 282
76 97 283
11 66 284
44 98 285
27 98 286
31 72 287
43 50 288
46 92 289
23 52 290
65 101 291
71 88 292
14 26 293
27 45 294
37 87 295
38 73 296
70 92 297
73 78 298
6 31 299
2 8 300
60 101 301
20 50 302
32 44 303
67 97 304
13 37 305
37 85 306
43 100 307
4 14 308
14 18 309
14 32 310
96 100 311
20 38 312
88 100 313
13 62 314
72 88 315
79 91 316
47 91 317
58 69 318
39 87 319
17 90 320
28 43 321
20 87 322
95 98 323
43 76 324
35 95 325
14 37 326
9 38 327
67 83 328
49 72 329
11 64 330
6 26 331
50 58 332
46 74 333
31 99 334
54 58 335
20 45 336
82 91 337
86 90 338
71 97 339
8 23 340
41 43 341
43 67 342
43 96 343
6 78 344
9 31 345
27 44 346
22 83 347
24 39 348
11 35 349
9 64 350
5 31 351
9 78 352
13 50 353
42 99 354
77 87 355
70 83 356
4 31 357
13 35 358
38 45 359
11 78 360
20 84 361
64 65 362
11 27 363
15 23 364
76 96 365
9 23 366
14 50 367
58 65 368
31 51 369
18 100 370
42 49 371
51 60 372
37 93 373
43 45 374
32 41 375
60 72 376
84 87 377
93 94 378
48 89 379
43 58 380
23 54 381
34 44 382
13 15 383
31 35 384
38 72 385
81 83 386
23 99 387
35 96 388
38 78 389
9 87 390
29 102 391
37 101 392
62 101 393
63 101 394
14 62 395
15 38 396
34 87 397
32 78 398
28 39 399
43 52 400
95 99 401
9 18 402
13 69 403
15 91 404
62 67 405
80 81 406
26 28 407
47 81 408
43 78 409
6 13 410
22 76 411
45 73 412
51 73 413
11 99 414
92 95 415
23 41 416
28 32 417
8 38 418
40 94 419
37 44 420
68 85 421
28 87 422
14 90 423
66 87 424
24 93 425
8 27 426
23 50 427
31 62 428
60 62 429
90 101 430
11 87 431
28 72 432
40 44 433
11 59 434
9 69 435
13 40 436
39 44 437
15 27 438
3 25 439
15 100 440
8 44 441
46 47 442
96 101 443
15 57 444
8 13 445
14 23 446
46 48 447
8 100 448
20 99 449
28 95 450
20 35 451
78 83 452
48 83 453
5 44 454
17 93 455
9 91 456
20 39 457
30 41 458
78 88 459
13 64 460
14 20 461
43 60 462
27 91 463
77 88 464
23 87 465
60 99 466
76 81 467
2 67 468
64 67 469
6 19 470
8 59 471
11 32 472
8 19 473
9 68 474
18 50 475
23 35 476
44 63 477
40 76 478
51 101 479
20 93 480
61 76 481
9 101 482
83 85 483
9 99 484
11 60 485
32 98 486
75 81 487
67 96 488
20 40 489
62 87 490
91 95 491
6 100 492
76 98 493
6 14 494
58 100 495
37 52 496
23 30 497
6 40 498
41 90 499
71 74 500
6 62 501
11 45 502
28 68 503
73 87 504
5 8 505
35 52 506
38 49 507
39 77 508
26 41 509
5 85 510
47 89 511
9 41 512
47 74 513
67 100 514
76 100 515
4 32 516
9 24 517
13 53 518
40 43 519
32 85 520
4 68 521
5 76 522
38 91 523
45 98 524
6 63 525
31 49 526
13 67 527
3 21 528
88 90 529
14 66 530
43 77 531
9 76 532
14 30 533
20 77 534
14 24 535
20 92 536
11 67 537
13 20 538
19 42 539
4 45 540
14 68 541
20 32 542
5 26 543
78 90 544
9 63 545
85 100 546
93 95 547
27 87 548
20 65 549
67 87 550
58 72 551
17 52 552
42 73 553
23 67 554
35 60 555
51 90 556
74 75 557
4 42 558
23 38 559
37 78 560
58 93 561
35 85 562
28 51 563
54 100 564
70 90 565
11 26 566
26 43 567
13 60 568
24 69 569
49 66 570
1 15 571
32 42 572
31 52 573
8 26 574
90 96 575
5 72 576
9 59 577
17 18 578
13 42 579
15 20 580
44 50 581
1 72 582
13 78 583
88 93 584
63 69 585
20 37 586
8 50 587
78 84 588
5 101 589
19 35 590
45 85 591
64 93 592
78 99 593
15 49 594
20 28 595
20 100 596
31 32 597
43 91 598
18 66 599
85 88 600
41 68 601
23 44 602
4 26 603
11 73 604
22 47 605
42 72 606
63 87 607
14 45 608
39 93 609
88 101 610
90 94 611
20 31 612
37 98 613
26 30 614
4 23 615
22 79 616
6 61 617
68 98 618
2 20 619
74 83 620
35 58 621
72 98 622
52 101 623
82 90 624
20 30 625
29 46 626
64 98 627
5 73 628
78 85 629
17 28 630
50 87 631
62 95 632
52 58 633
63 64 634
45 101 635
45 88 636
64 99 637
62 65 638
17 87 639
31 68 640
12 27 641
20 90 642
44 99 643
11 63 644
5 17 645
35 78 646
36 81 647
2 40 648
6 43 649
9 67 650
6 42 651
98 101 652
6 55 653
13 24 654
8 55 655
15 43 656
98 99 657
7 56 658
12 43 659
6 32 660
2 4 661
37 100 662
51 72 663
13 26 664
13 90 665
14 51 666
19 27 667
52 60 668
61 91 669
74 91 670
39 99 671
11 31 672
12 18 673
14 52 674
45 63 675
26 101 676
30 91 677
60 93 678
6 51 679
18 59 680
19 57 681
57 98 682
73 100 683
32 52 684
62 68 685
13 27 686
31 39 687
40 79 688
23 96 689
61 64 690
6 68 691
84 90 692
14 54 693
14 44 694
46 89 695
60 73 696
26 72 697
28 30 698
32 50 699
76 101 700
9 96 701
20 23 702
11 52 703
65 87 704
34 45 705
14 55 706
15 39 707
2 6 708
8 57 709
13 65 710
40 81 711
1 24 712
6 70 713
35 49 714
59 87 715
5 51 716
13 87 717
45 99 718
18 42 719
40 95 720
14 28 721
15 98 722
3 8 723
14 35 724
65 95 725
12 66 726
87 94 727
70 91 728
8 35 729
15 17 730
39 78 731
45 52 732
9 90 733
43 73 734
58 64 735
20 63 736
52 96 737
72 101 738
14 91 739
71 92 740
15 30 741
59 62 742
32 77 743
34 41 744
8 11 745
72 77 746
15 58 747
60 67 748
64 78 749
14 99 750
14 60 751
49 95 752
26 62 753
8 51 754
38 93 755
54 87 756
38 96 757
66 100 758
17 45 759
14 87 760
60 91 761
65 96 762
64 101 763
9 98 764
51 55 765
94 97 766
2 14 767
11 93 768
26 91 769
26 77 770
50 63 771
65 100 772
24 28 773
39 43 774
68 72 775
4 19 776
20 72 777
26 45 778
39 66 779
43 51 780
4 62 781
15 96 782
82 96 783
76 87 784
22 44 785
57 58 786
8 96 787
55 78 788
74 92 789
84 101 790
63 65 791
90 92 792
44 52 793
27 76 794
2 15 795
14 17 796
48 74 797
72 87 798
31 91 799
37 91 800
36 47 801
91 100 802
29 48 803
44 59 804
64 69 805
69 93 806
27 52 807
34 49 808
42 62 809
20 22 810
51 82 811
60 90 812
9 93 813
6 67 814
4 9 815
24 43 816
85 98 817
78 79 818
73 84 819
32 67 820
32 90 821
15 65 822
8 98 823
28 90 824
58 99 825
88 99 826
26 73 827
15 54 828
27 101 829
44 96 830
45 93 831
34 50 832
82 84 833
11 91 834
81 95 835
35 73 836
37 72 837
43 55 838
70 76 839
35 87 840
52 68 841
77 95 842
77 99 843
15 87 844
19 38 845
86 93 846
40 67 847
6 39 848
27 64 849
15 99 850
75 92 851
17 98 852
63 93 853
64 87 854
79 85 855
1 8 856
26 37 857
22 94 858
40 83 859
51 57 860
9 72 861
12 17 862
15 52 863
20 54 864
11 70 865
11 22 866
1 2 867
35 51 868
9 12 869
44 100 870
52 55 871
31 44 872
61 102 873
61 96 874
79 90 875
49 58 876
72 90 877
20 53 878
30 40 879
30 50 880
45 82 881
17 23 882
62 90 883
31 37 884
87 95 885
30 39 886
40 101 887
46 79 888
73 99 889
79 95 890
23 39 891
9 66 892
93 98 893
59 95 894
11 96 895
12 57 896
8 30 897
24 91 898
66 98 899
30 88 900
59 100 901
12 20 902
68 87 903
85 101 904
28 41 905
5 95 906
20 49 907
8 9 908
9 39 909
42 65 910
9 95 911
20 27 912
64 66 913
5 32 914
11 55 915
86 100 916
23 90 917
5 37 918
11 39 919
28 100 920
58 78 921
28 63 922
24 42 923
42 58 924
64 95 925
18 98 926
75 90 927
49 59 928
26 27 929
15 18 930
22 88 931
38 82 932
52 78 933
73 81 934
73 85 935
22 29 936
40 88 937
54 90 938
11 51 939
43 59 940
52 85 941
32 68 942
23 91 943
55 73 944
26 85 945
10 56 946
85 99 947
11 28 948
19 39 949
30 51 950
58 98 951
70 81 952
2 11 953
45 72 954
86 99 955
22 73 956
27 51 957
52 90 958
5 59 959
19 78 960
36 71 961
39 69 962
72 99 963
13 73 964
31 100 965
34 77 966
13 91 967
18 41 968
23 64 969
90 98 970
9 37 971
31 85 972
40 78 973
94 100 974
44 60 975
5 42 976
5 12 977
23 37 978
6 53 979
37 60 980
15 101 981
43 44 982
85 90 983
11 37 984
31 76 985
65 67 986
65 90 987
31 42 988
52 61 989
4 55 990
63 78 991
26 51 992
28 62 993
59 85 994
27 90 995
36 88 996
28 34 997
49 64 998
9 88 999
50 90 1000
20 58 1001
61 71 1002
26 50 1003
49 67 1004
26 32 1005
84 94 1006
23 65 1007
73 77 1008
11 61 1009
23 63 1010
37 67 1011
60 63 1012
17 73 1013
64 96 1014
67 93 1015
35 76 1016
9 62 1017
22 35 1018
31 90 1019
52 62 1020
23 95 1021
28 99 1022
66 99 1023
87 99 1024
5 78 1025
50 78 1026
32 96 1027
12 49 1028
47 83 1029
68 95 1030
38 52 1031
49 96 1032
6 28 1033
75 78 1034
41 63 1035
50 64 1036
59 61 1037
75 89 1038
4 28 1039
40 87 1040
8 22 1041
15 82 1042
73 89 1043
20 64 1044
26 31 1045
94 101 1046
41 44 1047
83 90 1048
27 93 1049
17 30 1050
49 63 1051
4 17 1052
39 50 1053
57 72 1054
17 35 1055
62 93 1056
28 78 1057
6 27 1058
24 31 1059
75 76 1060
40 58 1061
17 41 1062
30 38 1063
21 33 1064
69 73 1065
17 64 1066
70 87 1067
38 90 1068
67 99 1069
63 77 1070
5 52 1071
11 34 1072
38 42 1073
24 90 1074
41 58 1075
17 51 1076
5 9 1077
41 50 1078
49 87 1079
12 51 1080
72 95 1081
26 39 1082
51 68 1083
26 90 1084
37 49 1085
32 45 1086
29 91 1087
52 93 1088
6 41 1089
41 77 1090
18 67 1091
49 60 1092
31 82 1093
41 101 1094
54 60 1095
60 100 1096
35 82 1097
17 57 1098
20 42 1099
5 15 1100
5 93 1101
14 73 1102
14 77 1103
17 62 1104
40 97 1105
78 100 1106
6 64 1107
44 76 1108
18 52 1109
20 82 1110
27 69 1111
13 38 1112
14 59 1113
73 98 1114
4 24 1115
6 99 1116
73 86 1117
8 24 1118
20 26 1119
2 87 1120
31 65 1121
4 87 1122
30 101 1123
94 96 1124
37 57 1125
38 98 1126
11 90 1127
23 85 1128
11 53 1129
11 76 1130
78 81 1131
85 92 1132
38 60 1133
31 54 1134
54 91 1135
38 63 1136
14 15 1137
38 62 1138
8 14 1139
39 63 1140
6 95 1141
13 76 1142
80 88 1143
1 28 1144
4 6 1145
37 51 1146
6 22 1147
65 99 1148
37 90 1149
8 61 1150
14 34 1151
15 76 1152
32 60 1153
45 96 1154
76 90 1155
8 60 1156
8 28 1157
91 93 1158
22 46 1159
38 51 1160
42 55 1161
83 95 1162
12 35 1163
6 52 1164
27 88 1165
8 95 1166
41 91 1167
27 59 1168
94 99 1169
55 100 1170
23 66 1171
60 85 1172
62 63 1173
40 90 1174
17 60 1175
74 79 1176
31 60 1177
36 92 1178
51 78 1179
9 51 1180
20 34 1181
6 24 1182
18 101 1183
87 88 1184
38 87 1185
57 100 1186
45 58 1187
65 84 1188
32 99 1189
70 94 1190
85 86 1191
13 39 1192
32 84 1193
31 38 1194
44 70 1195
1 41 1196
81 89 1197
23 58 1198
27 50 1199
22 75 1200
37 76 1201
45 65 1202
69 96 1203
59 73 1204
35 68 1205
61 79 1206
24 32 1207
18 54 1208
19 61 1209
42 100 1210
35 98 1211
1 19 1212
6 91 1213
18 40 1214
27 73 1215
83 98 1216
82 87 1217
4 72 1218
6 69 1219
58 85 1220
1 14 1221
31 98 1222
61 97 1223
29 79 1224
49 61 1225
73 95 1226
18 35 1227
2 100 1228
58 90 1229
66 95 1230
58 86 1231
38 95 1232
29 81 1233
30 60 1234
42 78 1235
12 53 1236
18 31 1237
31 45 1238
38 84 1239
77 96 1240
8 84 1241
29 71 1242
5 62 1243
43 86 1244
19 52 1245
35 88 1246
44 53 1247
11 19 1248
40 85 1249
37 62 1250
4 5 1251
19 67 1252
59 81 1253
20 83 1254
13 32 1255
61 98 1256
32 69 1257
4 76 1258
14 53 1259
17 37 1260
1 4 1261
11 95 1262
42 101 1263
15 83 1264
31 73 1265
37 88 1266
19 99 1267
69 86 1268
39 41 1269
28 96 1270
42 68 1271
60 98 1272
12 52 1273
35 91 1274
60 82 1275
20 98 1276
88 98 1277
2 41 1278
17 24 1279
39 101 1280
20 66 1281
11 85 1282
9 34 1283
43 72 1284
45 90 1285
77 101 1286
14 31 1287
24 44 1288
27 40 1289
45 66 1290
68 86 1291
52 86 1292
14 19 1293
28 45 1294
8 31 1295
24 41 1296
78 98 1297
1 90 1298
4 51 1299
17 78 1300
27 60 1301
59 101 1302
20 55 1303
64 85 1304
24 63 1305
35 79 1306
30 45 1307
32 86 1308
54 57 1309
73 101 1310
15 41 1311
19 31 1312
36 79 1313
1 11 1314
54 72 1315
6 73 1316
44 64 1317
4 39 1318
47 76 1319
28 44 1320
49 101 1321
81 91 1322
12 72 1323
24 98 1324
13 23 1325
55 76 1326
91 101 1327
12 31 1328
52 95 1329
72 86 1330
81 85 1331
76 93 1332
9 84 1333
18 65 1334
30 34 1335
20 61 1336
20 76 1337
19 65 1338
27 96 1339
46 94 1340
62 76 1341
4 64 1342
84 91 1343
66 85 1344
35 57 1345
42 52 1346
77 79 1347
17 42 1348
73 82 1349
4 63 1350
29 40 1351
23 69 1352
91 92 1353
2 13 1354
25 43 1355
50 73 1356
18 87 1357
30 86 1358
63 66 1359
14 69 1360
69 98 1361
24 26 1362
6 17 1363
6 65 1364
44 87 1365
11 42 1366
94 98 1367
68 96 1368
9 82 1369
52 65 1370
59 65 1371
26 99 1372
70 78 1373
52 63 1374
79 80 1375
2 93 1376
18 73 1377
24 30 1378
9 50 1379
60 87 1380
18 39 1381
79 100 1382
4 58 1383
35 53 1384
59 66 1385
77 78 1386
8 54 1387
27 54 1388
5 77 1389
5 55 1390
8 73 1391
47 58 1392
54 70 1393
5 6 1394
1 30 1395
41 99 1396
2 101 1397
35 83 1398
8 62 1399
47 71 1400
60 61 1401
6 87 1402
27 99 1403
37 38 1404
67 79 1405
66 91 1406
67 81 1407
3 6 1408
80 94 1409
18 38 1410
18 93 1411
24 62 1412
11 68 1413
69 78 1414
4 12 1415
13 61 1416
31 77 1417
26 68 1418
64 100 1419
61 100 1420
59 63 1421
61 62 1422
31 53 1423
44 93 1424
4 59 1425
76 99 1426
81 87 1427
17 44 1428
18 51 1429
30 73 1430
32 38 1431
40 70 1432
6 59 1433
26 40 1434
29 92 1435
11 84 1436
46 102 1437
81 84 1438
81 93 1439
5 100 1440
55 72 1441
87 92 1442
12 87 1443
8 43 1444
8 63 1445
9 55 1446
26 95 1447
71 73 1448
11 17 1449
37 42 1450
54 76 1451
88 97 1452
9 30 1453
49 86 1454
4 90 1455
5 30 1456
11 12 1457
60 68 1458
35 99 1459
12 45 1460
61 81 1461
62 98 1462
57 67 1463
38 85 1464
20 68 1465
15 62 1466
43 53 1467
53 60 1468
6 98 1469
15 53 1470
79 101 1471
27 32 1472
82 86 1473
8 67 1474
42 43 1475
58 66 1476
5 41 1477
27 57 1478
67 101 1479
19 58 1480
28 55 1481
32 40 1482
68 83 1483
1 20 1484
13 84 1485
15 64 1486
43 95 1487
78 94 1488
52 98 1489
69 99 1490
37 40 1491
34 43 1492
5 68 1493
2 27 1494
23 93 1495
52 88 1496
45 87 1497
49 55 1498
4 8 1499
17 38 1500
39 70 1501
51 63 1502
26 52 1503
45 95 1504
57 59 1505
17 43 1506
42 93 1507
61 65 1508
64 90 1509
89 90 1510
35 61 1511
52 53 1512
75 85 1513
62 66 1514
66 96 1515
69 94 1516
60 64 1517
4 13 1518
4 44 1519
20 69 1520
31 96 1521
1 17 1522
40 64 1523
40 74 1524
59 94 1525
15 26 1526
5 40 1527
6 96 1528
30 43 1529
31 87 1530
40 60 1531
43 82 1532
22 81 1533
71 98 1534
17 53 1535
44 61 1536
63 99 1537
51 52 1538
54 66 1539
4 54 1540
43 90 1541
68 91 1542
1 9 1543
4 41 1544
18 78 1545
54 64 1546
44 90 1547
53 86 1548
18 19 1549
23 26 1550
44 72 1551
67 95 1552
23 88 1553
30 58 1554
5 66 1555
18 64 1556
13 63 1557
41 69 1558
55 77 1559
61 67 1560
72 76 1561
57 91 1562
59 96 1563
15 68 1564
32 62 1565
40 48 1566
41 85 1567
44 54 1568
47 48 1569
61 84 1570
41 45 1571
8 40 1572
1 58 1573
17 63 1574
8 49 1575
9 57 1576
39 73 1577
79 98 1578
11 18 1579
19 70 1580
64 72 1581
42 44 1582
72 73 1583
15 88 1584
58 61 1585
3 11 1586
12 19 1587
23 31 1588
58 62 1589
62 85 1590
83 97 1591
12 13 1592
27 61 1593
50 52 1594
50 88 1595
34 88 1596
53 87 1597
41 88 1598
49 57 1599
23 42 1600
82 83 1601
58 95 1602
19 41 1603
1 13 1604
5 39 1605
46 59 1606
58 59 1607
20 86 1608
5 27 1609
49 54 1610
55 63 1611
77 93 1612
39 88 1613
59 93 1614
26 98 1615
31 84 1616
6 57 1617
2 90 1618
14 40 1619
18 27 1620
24 57 1621
44 68 1622
19 82 1623
15 67 1624
17 32 1625
43 54 1626
45 91 1627
14 101 1628
6 85 1629
5 60 1630
70 95 1631
14 49 1632
22 27 1633
2 35 1634
40 45 1635
59 69 1636
6 50 1637
17 34 1638
35 50 1639
41 66 1640
40 47 1641
12 99 1642
85 93 1643
14 95 1644
2 91 1645
42 98 1646
62 100 1647
72 85 1648
39 51 1649
28 77 1650
68 84 1651
13 43 1652
40 46 1653
81 100 1654
13 14 1655
42 87 1656
12 65 1657
47 92 1658
70 74 1659
4 69 1660
8 101 1661
49 51 1662
74 81 1663
42 84 1664
27 78 1665
6 72 1666
61 87 1667
64 76 1668
27 43 1669
90 99 1670
12 58 1671
44 55 1672
19 51 1673
52 72 1674
42 45 1675
45 51 1676
73 90 1677
38 39 1678
43 79 1679
49 82 1680
43 84 1681
71 79 1682
48 91 1683
5 82 1684
11 49 1685
61 88 1686
13 28 1687
96 99 1688
5 45 1689
22 45 1690
23 40 1691
37 54 1692
44 69 1693
59 77 1694
24 66 1695
5 99 1696
27 95 1697
6 66 1698
35 64 1699
70 86 1700
86 91 1701
4 50 1702
29 97 1703
51 58 1704
73 97 1705
15 55 1706
24 99 1707
38 88 1708
55 101 1709
68 76 1710
26 93 1711
38 58 1712
35 37 1713
40 98 1714
67 68 1715
1 12 1716
11 98 1717
17 100 1718
8 88 1719
18 34 1720
26 100 1721
67 94 1722
12 85 1723
24 52 1724
27 49 1725
31 66 1726
54 98 1727
54 82 1728
76 78 1729
52 73 1730
38 41 1731
31 78 1732
54 96 1733
29 67 1734
49 78 1735
18 96 1736
23 84 1737
8 64 1738
17 66 1739
31 50 1740
37 68 1741
19 87 1742
55 59 1743
67 75 1744
69 95 1745
73 96 1746
79 96 1747
4 91 1748
45 64 1749
14 72 1750
11 24 1751
18 30 1752
27 30 1753
48 73 1754
60 78 1755
32 93 1756
32 37 1757
9 22 1758
44 62 1759
28 37 1760
30 100 1761
35 93 1762
8 68 1763
24 87 1764
43 92 1765
49 85 1766
2 70 1767
2 64 1768
83 88 1769
55 95 1770
41 73 1771
79 93 1772
8 37 1773
12 62 1774
19 59 1775
8 82 1776
35 100 1777
6 60 1778
22 98 1779
52 64 1780
88 89 1781
27 62 1782
6 58 1783
15 35 1784
24 101 1785
62 78 1786
8 90 1787
34 64 1788
34 101 1789
37 83 1790
8 33 1791
88 91 1792
50 51 1793
59 68 1794
62 99 1795
92 93 1796
23 34 1797
52 87 1798
20 67 1799
62 73 1800
8 87 1801
54 73 1802
43 64 1803
75 99 1804
44 91 1805
83 96 1806
5 38 1807
26 58 1808
57 90 1809
79 99 1810
11 54 1811
27 37 1812
81 96 1813
44 75 1814
95 97 1815
71 90 1816
20 46 1817
32 83 1818
39 40 1819
9 61 1820
53 62 1821
55 67 1822
15 61 1823
23 61 1824
2 26 1825
88 95 1826
92 100 1827
12 98 1828
37 59 1829
5 87 1830
12 76 1831
22 60 1832
23 72 1833
6 90 1834
9 28 1835
18 84 1836
61 83 1837
4 66 1838
41 72 1839
4 34 1840
53 96 1841
9 16 1842
11 77 1843
46 88 1844
65 69 1845
81 101 1846
82 101 1847
24 72 1848
34 58 1849
74 89 1850
3 12 1851
40 96 1852
18 62 1853
74 87 1854
78 91 1855
31 55 1856
70 71 1857
37 45 1858
17 86 1859
27 58 1860
79 86 1861
65 93 1862
84 98 1863
13 85 1864
42 53 1865
72 83 1866
26 78 1867
68 70 1868
26 65 1869
13 19 1870
42 69 1871
51 93 1872
19 98 1873
45 86 1874
23 76 1875
78 92 1876
43 66 1877
51 96 1878
1 39 1879
12 95 1880
24 58 1881
28 67 1882
54 93 1883
12 26 1884
37 86 1885
59 64 1886
61 73 1887
34 39 1888
39 92 1889
70 75 1890
44 94 1891
63 67 1892
19 20 1893
68 90 1894
86 95 1895
3 15 1896
28 38 1897
67 92 1898
15 24 1899
14 83 1900
23 43 1901
54 63 1902
27 38 1903
70 96 1904
37 69 1905
13 72 1906
54 78 1907
45 57 1908
6 86 1909
63 86 1910
24 60 1911
72 96 1912
70 73 1913
4 65 1914
47 80 1915
19 26 1916
23 28 1917
27 28 1918
70 99 1919
30 44 1920
50 95 1921
1 27 1922
37 77 1923
37 66 1924
38 76 1925
44 51 1926
67 98 1927
24 78 1928
18 85 1929
32 49 1930
17 55 1931
17 50 1932
50 60 1933
62 64 1934
39 94 1935
42 86 1936
12 100 1937
35 62 1938
40 55 1939
19 43 1940
16 55 1941
34 100 1942
52 57 1943
30 32 1944
17 88 1945
58 101 1946
23 78 1947
62 72 1948
54 101 1949
62 69 1950
18 95 1951
37 55 1952
57 88 1953
67 90 1954
41 64 1955
53 73 1956
58 67 1957
84 95 1958
5 70 1959
13 83 1960
45 47 1961
31 83 1962
41 76 1963
12 15 1964
17 85 1965
39 91 1966
66 68 1967
22 48 1968
70 98 1969
5 98 1970
22 23 1971
32 51 1972
92 98 1973
9 19 1974
11 30 1975
57 96 1976
12 61 1977
68 77 1978
31 34 1979
5 90 1980
17 72 1981
38 65 1982
12 77 1983
24 95 1984
12 39 1985
62 88 1986
64 73 1987
24 27 1988
41 92 1989
39 60 1990
40 41 1991
14 65 1992
14 98 1993
1 53 1994
47 65 1995
60 77 1996
61 99 1997
41 54 1998
67 69 1999
23 24 2000
24 38 2001
2 30 2002
34 90 2003
83 84 2004
6 77 2005
60 94 2006
13 88 2007
84 100 2008
8 39 2009
43 49 2010
45 59 2011
6 30 2012
51 88 2013
26 88 2014
29 89 2015
42 60 2016
65 68 2017
28 52 2018
80 102 2019
44 83 2020
78 86 2021
32 64 2022
20 24 2023
1 51 2024
55 87 2025
43 83 2026
5 54 2027
76 77 2028
48 61 2029
86 98 2030
52 67 2031
27 77 2032
51 76 2033
84 86 2034
11 33 2035
24 77 2036
51 62 2037
27 68 2038
19 66 2039
23 94 2040
35 81 2041
44 49 2042
54 62 2043
14 86 2044
22 30 2045
50 85 2046
19 53 2047
14 67 2048
57 64 2049
60 69 2050
72 79 2051
34 73 2052
72 78 2053
81 98 2054
31 41 2055
47 77 2056
68 92 2057
28 76 2058
27 53 2059
11 69 2060
13 18 2061
24 100 2062
32 91 2063
27 72 2064
63 68 2065
93 99 2066
30 69 2067
18 88 2068
43 88 2069
13 68 2070
12 41 2071
52 54 2072
65 73 2073
77 86 2074
60 84 2075
39 54 2076
52 76 2077
57 68 2078
26 86 2079
92 101 2080
5 49 2081
65 78 2082
29 75 2083
64 91 2084
57 73 2085
20 96 2086
42 59 2087
41 59 2088
72 82 2089
83 89 2090
11 88 2091
18 26 2092
50 65 2093
14 82 2094
38 99 2095
40 86 2096
53 59 2097
2 5 2098
43 93 2099
19 62 2100
37 50 2101
2 31 2102
20 95 2103
37 79 2104
17 54 2105
48 51 2106
14 38 2107
22 38 2108
45 49 2109
45 77 2110
45 83 2111
39 52 2112
12 28 2113
5 65 2114
17 26 2115
85 94 2116
69 88 2117
2 23 2118
2 77 2119
26 87 2120
42 88 2121
44 84 2122
51 95 2123
79 87 2124
18 63 2125
75 93 2126
1 73 2127
38 54 2128
42 97 2129
19 40 2130
43 98 2131
40 61 2132
54 99 2133
59 72 2134
61 66 2135
46 80 2136
74 76 2137
15 69 2138
48 81 2139
83 99 2140
5 24 2141
12 54 2142
15 51 2143
59 60 2144
15 72 2145
77 92 2146
19 86 2147
24 54 2148
18 83 2149
9 49 2150
43 63 2151
62 91 2152
40 50 2153
61 95 2154
63 73 2155
42 70 2156
48 92 2157
35 90 2158
28 54 2159
32 72 2160
59 78 2161
82 95 2162
55 99 2163
61 94 2164
68 82 2165
19 30 2166
35 59 2167
43 62 2168
62 86 2169
89 97 2170
1 57 2171
42 63 2172
28 69 2173
7 12 2174
5 96 2175
13 57 2176
23 82 2177
12 73 2178
32 47 2179
31 88 2180
11 72 2181
69 70 2182
8 25 2183
58 68 2184
18 86 2185
5 64 2186
61 93 2187
37 61 2188
13 41 2189
30 54 2190
1 70 2191
49 98 2192
37 63 2193
39 72 2194
5 67 2195
5 75 2196
64 68 2197
19 69 2198
47 62 2199
15 63 2200
40 99 2201
61 80 2202
67 70 2203
8 53 2204
35 63 2205
16 52 2206
23 73 2207
6 33 2208
15 73 2209
17 65 2210
17 27 2211
5 61 2212
13 101 2213
9 83 2214
28 35 2215
45 53 2216
46 76 2217
63 90 2218
89 92 2219
4 15 2220
35 75 2221
3 19 2222
19 60 2223
30 77 2224
57 65 2225
72 93 2226
30 66 2227
34 99 2228
39 68 2229
60 75 2230
18 37 2231
39 75 2232
45 48 2233
69 101 2234
41 67 2235
15 90 2236
32 59 2237
58 84 2238
6 83 2239
23 86 2240
51 84 2241
28 60 2242
62 84 2243
4 30 2244
42 76 2245
86 88 2246
17 20 2247
19 63 2248
47 60 2249
38 77 2250
45 92 2251
50 62 2252
31 40 2253
17 68 2254
35 84 2255
59 91 2256
64 70 2257
58 70 2258
34 91 2259
32 73 2260
40 100 2261
65 86 2262
15 42 2263
99 101 2264
53 55 2265
43 69 2266
5 19 2267
5 25 2268
75 77 2269
23 59 2270
51 67 2271
2 85 2272
68 93 2273
1 18 2274
8 77 2275
13 86 2276
27 39 2277
6 75 2278
2 76 2279
13 59 2280
59 90 2281
39 83 2282
8 41 2283
44 67 2284
46 73 2285
24 45 2286
28 93 2287
65 85 2288
2 78 2289
20 74 2290
52 59 2291
96 97 2292
15 31 2293
19 45 2294
32 63 2295
52 84 2296
39 59 2297
5 35 2298
28 85 2299
46 71 2300
71 85 2301
39 58 2302
28 59 2303
30 67 2304
42 82 2305
83 92 2306
30 92 2307
34 52 2308
12 38 2309
4 61 2310
42 85 2311
15 95 2312
47 55 2313
10 21 2314
17 19 2315
19 28 2316
24 88 2317
47 72 2318
38 40 2319
45 55 2320
72 92 2321
32 35 2322
20 80 2323
26 60 2324
53 57 2325
19 73 2326
49 65 2327
27 67 2328
55 57 2329
64 94 2330
13 96 2331
25 61 2332
89 91 2333
41 96 2334
2 45 2335
31 92 2336
61 69 2337
23 47 2338
94 95 2339
19 49 2340
12 37 2341
54 67 2342
9 77 2343
66 67 2344
14 78 2345
8 83 2346
13 55 2347
77 83 2348
39 42 2349
9 94 2350
51 77 2351
9 73 2352
57 95 2353
40 62 2354
45 69 2355
74 102 2356
6 35 2357
6 12 2358
66 86 2359
39 55 2360
63 98 2361
44 65 2362
72 91 2363
58 73 2364
25 51 2365
60 66 2366
40 92 2367
41 87 2368
42 51 2369
19 90 2370
15 28 2371
12 64 2372
13 95 2373
38 50 2374
54 95 2375
20 25 2376
60 96 2377
75 91 2378
44 86 2379
53 85 2380
91 97 2381
6 54 2382
49 76 2383
55 91 2384
61 101 2385
75 95 2386
29 61 2387
38 79 2388
55 93 2389
14 100 2390
63 95 2391
71 80 2392
26 53 2393
41 42 2394
69 77 2395
52 94 2396
28 66 2397
11 82 2398
66 82 2399
52 70 2400
38 86 2401
87 97 2402
32 94 2403
8 99 2404
37 65 2405
76 88 2406
50 59 2407
51 87 2408
46 75 2409
4 43 2410
37 58 2411
37 92 2412
68 88 2413
8 18 2414
22 42 2415
58 96 2416
75 98 2417
26 66 2418
62 77 2419
23 51 2420
31 86 2421
47 64 2422
35 94 2423
46 77 2424
46 91 2425
63 88 2426
2 50 2427
5 23 2428
32 53 2429
9 86 2430
49 84 2431
75 101 2432
45 67 2433
22 64 2434
45 61 2435
4 77 2436
66 101 2437
57 83 2438
18 58 2439
20 75 2440
5 18 2441
83 93 2442
59 83 2443
13 34 2444
48 55 2445
51 98 2446
38 70 2447
67 84 2448
5 63 2449
66 69 2450
51 66 2451
12 30 2452
12 78 2453
39 57 2454
32 70 2455
35 70 2456
47 90 2457
57 77 2458
14 42 2459
26 63 2460
59 71 2461
51 85 2462
37 84 2463
42 57 2464
1 34 2465
32 66 2466
30 90 2467
22 59 2468
25 40 2469
52 91 2470
43 81 2471
59 99 2472
22 87 2473
8 70 2474
37 39 2475
18 20 2476
24 37 2477
6 23 2478
6 101 2479
11 57 2480
16 45 2481
7 42 2482
44 79 2483
14 76 2484
47 85 2485
73 74 2486
27 65 2487
48 94 2488
90 95 2489
60 95 2490
12 67 2491
64 88 2492
5 91 2493
16 51 2494
44 57 2495
4 75 2496
50 93 2497
32 92 2498
50 101 2499
2 17 2500
53 66 2501
19 54 2502
50 96 2503
71 91 2504
2 28 2505
15 77 2506
48 77 2507
2 39 2508
16 60 2509
27 83 2510
1 5 2511
89 94 2512
25 27 2513
55 62 2514
23 62 2515
12 59 2516
55 70 2517
9 85 2518
35 65 2519
37 47 2520
81 99 2521
6 15 2522
39 64 2523
45 76 2524
22 52 2525
25 26 2526
4 95 2527
22 97 2528
40 93 2529
38 57 2530
45 94 2531
28 88 2532
63 70 2533
71 93 2534
30 52 2535
5 58 2536
8 21 2537
24 51 2538
32 76 2539
5 53 2540
18 60 2541
24 65 2542
37 75 2543
77 91 2544
22 96 2545
2 24 2546
69 91 2547
6 34 2548
42 61 2549
84 88 2550
4 101 2551
31 89 2552
77 100 2553
8 76 2554
54 59 2555
30 98 2556
37 94 2557
25 100 2558
35 39 2559
34 51 2560
41 95 2561
20 47 2562
40 53 2563
40 59 2564
25 31 2565
94 102 2566
28 57 2567
30 93 2568
39 95 2569
50 75 2570
20 57 2571
34 96 2572
41 94 2573
32 54 2574
58 76 2575
19 100 2576
48 76 2577
70 84 2578
25 52 2579
13 30 2580
34 38 2581
37 70 2582
84 93 2583
17 99 2584
34 78 2585
30 65 2586
14 27 2587
66 72 2588
23 83 2589
12 23 2590
19 64 2591
4 99 2592
92 97 2593
11 86 2594
2 55 2595
43 70 2596
15 85 2597
6 84 2598
12 60 2599
13 77 2600
86 92 2601
43 75 2602
53 77 2603
8 86 2604
45 68 2605
17 61 2606
24 67 2607
39 98 2608
49 73 2609
82 85 2610
4 67 2611
3 52 2612
40 65 2613
48 97 2614
41 86 2615
19 93 2616
26 76 2617
54 65 2618
69 100 2619
28 75 2620
53 95 2621
67 85 2622
4 57 2623
26 96 2624
49 77 2625
55 85 2626
25 42 2627
14 88 2628
55 86 2629
1 43 2630
24 96 2631
42 83 2632
83 86 2633
8 32 2634
15 78 2635
57 61 2636
17 67 2637
17 59 2638
31 69 2639
45 54 2640
52 75 2641
36 70 2642
51 83 2643
36 80 2644
20 79 2645
31 59 2646
15 86 2647
55 66 2648
27 31 2649
4 7 2650
64 79 2651
2 32 2652
9 53 2653
18 55 2654
22 43 2655
38 55 2656
74 88 2657
19 83 2658
13 49 2659
30 87 2660
35 77 2661
51 61 2662
15 93 2663
54 61 2664
1 82 2665
41 65 2666
67 86 2667
76 84 2668
24 40 2669
50 69 2670
54 55 2671
17 69 2672
26 54 2673
1 10 2674
1 61 2675
68 94 2676
2 42 2677
38 68 2678
4 93 2679
42 50 2680
53 67 2681
58 88 2682
14 33 2683
18 91 2684
35 42 2685
7 57 2686
31 58 2687
1 55 2688
22 71 2689
29 74 2690
30 53 2691
46 60 2692
50 61 2693
7 20 2694
16 54 2695
35 38 2696
92 99 2697
8 69 2698
66 94 2699
32 95 2700
25 45 2701
49 53 2702
4 52 2703
38 53 2704
55 69 2705
60 70 2706
80 89 2707
67 82 2708
2 73 2709
82 100 2710
17 101 2711
39 86 2712
53 88 2713
1 62 2714
38 75 2715
3 5 2716
12 96 2717
58 79 2718
2 59 2719
28 86 2720
2 43 2721
19 24 2722
39 49 2723
32 39 2724
53 58 2725
58 75 2726
61 70 2727
10 15 2728
17 31 2729
39 65 2730
46 61 2731
70 100 2732
42 89 2733
28 58 2734
50 91 2735
57 99 2736
60 76 2737
26 57 2738
8 42 2739
13 31 2740
51 64 2741
27 55 2742
27 66 2743
47 67 2744
6 93 2745
14 93 2746
7 45 2747
41 60 2748
4 40 2749
28 65 2750
25 35 2751
4 73 2752
79 82 2753
12 69 2754
25 38 2755
39 74 2756
41 52 2757
36 94 2758
17 82 2759
24 47 2760
17 40 2761
63 91 2762
27 92 2763
62 83 2764
28 91 2765
27 85 2766
2 72 2767
72 89 2768
59 75 2769
77 98 2770
51 53 2771
50 94 2772
46 101 2773
31 95 2774
24 59 2775
35 48 2776
72 84 2777
65 91 2778
42 92 2779
25 95 2780
27 94 2781
54 85 2782
62 70 2783
31 70 2784
65 88 2785
31 93 2786
22 78 2787
61 82 2788
1 6 2789
81 90 2790
41 75 2791
44 77 2792
47 49 2793
75 84 2794
76 86 2795
22 50 2796
22 26 2797
50 66 2798
66 77 2799
5 69 2800
23 57 2801
23 32 2802
55 65 2803
71 83 2804
35 97 2805
12 68 2806
35 66 2807
75 87 2808
23 53 2809
41 93 2810
40 63 2811
65 70 2812
82 98 2813
70 93 2814
64 97 2815
49 90 2816
60 83 2817
6 76 2818
55 68 2819
66 88 2820
66 92 2821
23 79 2822
15 32 2823
12 55 2824
53 64 2825
5 47 2826
18 69 2827
36 59 2828
66 70 2829
55 88 2830
31 61 2831
63 94 2832
12 63 2833
32 57 2834
25 76 2835
18 77 2836
69 82 2837
59 76 2838
52 100 2839
53 61 2840
83 101 2841
80 85 2842
18 53 2843
51 54 2844
78 82 2845
30 55 2846
57 82 2847
24 73 2848
43 46 2849
49 69 2850
40 52 2851
45 79 2852
5 86 2853
2 52 2854
2 62 2855
41 74 2856
37 82 2857
57 85 2858
3 33 2859
34 98 2860
76 82 2861
28 73 2862
41 100 2863
70 77 2864
15 34 2865
40 68 2866
22 92 2867
14 57 2868
14 61 2869
59 92 2870
60 97 2871
53 93 2872
4 70 2873
54 69 2874
63 92 2875
52 69 2876
23 75 2877
44 92 2878
49 83 2879
44 81 2880
30 59 2881
35 41 2882
19 23 2883
53 83 2884
35 54 2885
72 75 2886
2 68 2887
6 38 2888
59 84 2889
36 102 2890
28 64 2891
25 88 2892
64 92 2893
77 89 2894
26 55 2895
30 62 2896
41 62 2897
60 71 2898
12 70 2899
14 22 2900
51 86 2901
30 72 2902
34 66 2903
44 66 2904
2 61 2905
12 24 2906
15 37 2907
42 75 2908
64 81 2909
26 34 2910
48 49 2911
65 75 2912
27 86 2913
20 71 2914
4 49 2915
5 79 2916
39 85 2917
45 75 2918
48 101 2919
83 87 2920
59 88 2921
34 62 2922
2 9 2923
63 79 2924
14 96 2925
12 32 2926
26 97 2927
27 75 2928
54 68 2929
22 65 2930
7 59 2931
37 41 2932
2 19 2933
55 58 2934
28 49 2935
55 64 2936
73 102 2937
18 22 2938
16 43 2939
8 34 2940
24 61 2941
32 75 2942
18 61 2943
26 61 2944
58 91 2945
2 88 2946
31 97 2947
66 83 2948
3 51 2949
42 54 2950
18 32 2951
47 101 2952
37 53 2953
32 79 2954
34 42 2955
41 51 2956
63 75 2957
45 70 2958
64 77 2959
49 52 2960
75 100 2961
4 88 2962
57 76 2963
49 68 2964
60 79 2965
24 82 2966
48 71 2967
63 96 2968
5 50 2969
40 42 2970
76 89 2971
2 12 2972
22 82 2973
58 82 2974
68 73 2975
87 89 2976
30 31 2977
8 78 2978
40 54 2979
74 90 2980
17 70 2981
22 74 2982
1 93 2983
22 95 2984
51 99 2985
26 83 2986
30 99 2987
62 75 2988
2 86 2989
27 63 2990
18 57 2991
48 68 2992
69 72 2993
15 59 2994
25 78 2995
37 64 2996
13 82 2997
18 90 2998
26 42 2999
51 94 3000
22 32 3001
32 58 3002
42 77 3003
49 94 3004
26 38 3005
47 69 3006
31 79 3007
47 51 3008
23 49 3009
35 69 3010
27 34 3011
55 83 3012
48 60 3013
15 66 3014
2 18 3015
42 79 3016
2 95 3017
69 92 3018
3 61 3019
74 100 3020
19 77 3021
75 82 3022
1 63 3023
19 101 3024
70 101 3025
6 88 3026
41 79 3027
1 44 3028
2 21 3029
2 34 3030
47 99 3031
6 49 3032
67 74 3033
46 83 3034
19 22 3035
38 94 3036
48 67 3037
4 78 3038
59 98 3039
35 86 3040
45 62 3041
39 100 3042
5 57 3043
26 35 3044
22 34 3045
68 75 3046
67 77 3047
19 84 3048
28 92 3049
9 47 3050
3 20 3051
16 42 3052
48 88 3053
90 97 3054
39 82 3055
84 97 3056
13 66 3057
26 79 3058
25 96 3059
1 49 3060
36 48 3061
54 94 3062
26 70 3063
40 66 3064
50 67 3065
15 33 3066
13 22 3067
76 92 3068
3 10 3069
27 42 3070
55 84 3071
27 41 3072
46 67 3073
52 79 3074
53 68 3075
57 63 3076
54 83 3077
28 70 3078
70 79 3079
41 78 3080
52 83 3081
24 75 3082
45 97 3083
50 68 3084
57 101 3085
53 82 3086
4 27 3087
26 67 3088
2 98 3089
19 34 3090
51 59 3091
58 71 3092
50 57 3093
19 91 3094
36 74 3095
15 40 3096
42 48 3097
34 65 3098
7 31 3099
19 76 3100
55 98 3101
69 75 3102
70 82 3103
26 49 3104
63 84 3105
84 85 3106
28 83 3107
43 97 3108
18 49 3109
32 55 3110
38 69 3111
7 17 3112
24 46 3113
28 50 3114
41 49 3115
58 77 3116
83 100 3117
91 99 3118
26 92 3119
40 71 3120
69 84 3121
30 49 3122
32 65 3123
47 87 3124
97 102 3125
64 86 3126
8 29 3127
34 63 3128
53 72 3129
5 84 3130
31 63 3131
37 48 3132
4 38 3133
25 67 3134
93 102 3135
31 74 3136
41 98 3137
50 99 3138
92 96 3139
4 21 3140
50 98 3141
61 89 3142
43 65 3143
38 46 3144
3 17 3145
88 102 3146
1 60 3147
50 55 3148
22 85 3149
41 83 3150
55 96 3151
57 60 3152
8 72 3153
52 77 3154
7 54 3155
1 66 3156
74 77 3157
8 85 3158
30 37 3159
57 92 3160
4 60 3161
34 68 3162
37 73 3163
47 53 3164
61 78 3165
2 60 3166
46 70 3167
36 78 3168
59 82 3169
34 86 3170
43 74 3171
44 74 3172
57 62 3173
36 98 3174
34 40 3175
43 61 3176
24 55 3177
82 93 3178
7 15 3179
53 78 3180
24 64 3181
35 40 3182
13 70 3183
53 101 3184
38 66 3185
50 100 3186
55 60 3187
7 19 3188
20 81 3189
82 92 3190
54 84 3191
47 98 3192
8 93 3193
28 98 3194
62 94 3195
19 47 3196
29 83 3197
74 96 3198
15 60 3199
10 17 3200
66 93 3201
17 77 3202
26 75 3203
55 82 3204
20 48 3205
50 86 3206
64 84 3207
70 85 3208
19 85 3209
36 93 3210
30 35 3211
2 57 3212
15 22 3213
5 71 3214
3 18 3215
57 93 3216
59 86 3217
52 81 3218
4 25 3219
26 69 3220
52 99 3221
6 29 3222
44 82 3223
25 44 3224
68 79 3225
40 77 3226
65 66 3227
24 34 3228
31 75 3229
54 86 3230
31 46 3231
18 68 3232
44 48 3233
65 77 3234
46 65 3235
38 61 3236
1 91 3237
30 74 3238
51 75 3239
51 79 3240
25 92 3241
5 46 3242
6 46 3243
47 93 3244
22 63 3245
18 76 3246
1 42 3247
74 99 3248
19 37 3249
28 40 3250
4 96 3251
32 61 3252
61 90 3253
2 47 3254
23 29 3255
40 72 3256
45 84 3257
9 75 3258
1 31 3259
39 79 3260
25 73 3261
48 53 3262
50 76 3263
1 87 3264
7 55 3265
39 96 3266
41 81 3267
32 88 3268
28 46 3269
51 65 3270
21 25 3271
54 88 3272
37 81 3273
36 73 3274
44 47 3275
46 99 3276
58 94 3277
2 58 3278
8 74 3279
23 71 3280
6 81 3281
71 82 3282
66 84 3283
69 79 3284
13 21 3285
24 76 3286
30 63 3287
51 70 3288
22 39 3289
36 99 3290
24 49 3291
19 72 3292
36 69 3293
46 58 3294
64 82 3295
43 48 3296
9 36 3297
1 23 3298
22 54 3299
35 92 3300
34 35 3301
51 69 3302
74 101 3303
50 70 3304
57 87 3305
65 76 3306
53 100 3307
61 86 3308
5 88 3309
35 55 3310
42 66 3311
30 48 3312
49 50 3313
62 71 3314
22 90 3315
57 86 3316
4 83 3317
28 61 3318
32 82 3319
53 76 3320
41 55 3321
18 24 3322
44 89 3323
77 82 3324
14 70 3325
6 37 3326
32 46 3327
14 92 3328
32 34 3329
77 102 3330
11 83 3331
19 55 3332
23 68 3333
24 70 3334
24 86 3335
9 25 3336
22 102 3337
47 52 3338
80 93 3339
44 46 3340
33 35 3341
15 50 3342
3 14 3343
12 47 3344
22 58 3345
25 79 3346
89 98 3347
7 8 3348
34 60 3349
27 70 3350
12 93 3351
34 94 3352
34 72 3353
50 79 3354
12 50 3355
64 83 3356
3 35 3357
70 72 3358
47 57 3359
4 37 3360
25 64 3361
43 94 3362
1 32 3363
3 13 3364
5 34 3365
31 48 3366
40 102 3367
22 100 3368
10 25 3369
17 83 3370
21 56 3371
47 63 3372
2 38 3373
41 70 3374
12 34 3375
31 57 3376
12 83 3377
36 44 3378
36 100 3379
1 85 3380
2 92 3381
4 86 3382
74 86 3383
7 72 3384
43 47 3385
63 72 3386
34 82 3387
86 101 3388
28 53 3389
67 78 3390
1 68 3391
82 94 3392
86 96 3393
35 67 3394
42 95 3395
42 96 3396
50 77 3397
25 49 3398
25 62 3399
36 75 3400
67 89 3401
1 47 3402
82 88 3403
20 89 3404
1 54 3405
6 79 3406
22 31 3407
47 66 3408
68 97 3409
12 82 3410
38 71 3411
51 91 3412
4 81 3413
13 75 3414
1 26 3415
22 93 3416
30 76 3417
48 54 3418
8 92 3419
49 70 3420
66 73 3421
7 28 3422
25 101 3423
31 67 3424
71 96 3425
3 23 3426
5 29 3427
6 47 3428
15 25 3429
16 49 3430
48 86 3431
26 46 3432
69 76 3433
50 53 3434
43 102 3435
51 92 3436
28 36 3437
12 101 3438
34 93 3439
23 92 3440
11 47 3441
34 69 3442
48 57 3443
36 42 3444
53 65 3445
74 82 3446
38 83 3447
50 54 3448
24 79 3449
31 64 3450
37 74 3451
14 75 3452
49 62 3453
30 57 3454
34 57 3455
4 84 3456
71 78 3457
25 28 3458
34 59 3459
26 82 3460
58 97 3461
19 32 3462
52 82 3463
18 23 3464
71 100 3465
4 53 3466
59 74 3467
69 85 3468
80 98 3469
4 22 3470
49 74 3471
62 81 3472
36 87 3473
11 75 3474
55 79 3475
52 66 3476
7 27 3477
22 99 3478
24 85 3479
3 45 3480
38 64 3481
75 86 3482
46 68 3483
19 68 3484
26 59 3485
55 97 3486
60 80 3487
63 97 3488
39 76 3489
49 100 3490
44 97 3491
80 97 3492
38 92 3493
71 76 3494
48 80 3495
99 100 3496
57 84 3497
48 78 3498
45 81 3499
49 75 3500
68 81 3501
39 67 3502
14 94 3503
65 97 3504
38 59 3505
42 81 3506
2 99 3507
87 102 3508
47 86 3509
5 7 3510
6 94 3511
73 92 3512
61 68 3513
67 88 3514
7 92 3515
50 83 3516
32 81 3517
36 43 3518
49 93 3519
1 100 3520
4 92 3521
10 100 3522
53 54 3523
3 58 3524
42 91 3525
69 83 3526
4 35 3527
39 53 3528
64 102 3529
4 98 3530
9 71 3531
24 35 3532
71 87 3533
17 84 3534
22 41 3535
6 71 3536
65 94 3537
83 102 3538
48 84 3539
39 84 3540
2 69 3541
32 102 3542
30 94 3543
19 95 3544
20 97 3545
41 61 3546
42 94 3547
29 76 3548
74 80 3549
57 69 3550
20 36 3551
34 85 3552
36 97 3553
46 95 3554
15 48 3555
2 83 3556
1 7 3557
1 86 3558
29 94 3559
25 32 3560
2 22 3561
24 53 3562
31 94 3563
12 86 3564
23 77 3565
34 83 3566
18 33 3567
54 92 3568
2 66 3569
8 16 3570
23 25 3571
50 72 3572
62 89 3573
80 91 3574
7 66 3575
89 99 3576
16 62 3577
1 59 3578
4 36 3579
2 44 3580
30 97 3581
25 55 3582
9 70 3583
16 20 3584
18 82 3585
57 78 3586
53 70 3587
6 7 3588
24 92 3589
86 94 3590
47 78 3591
48 66 3592
2 75 3593
17 21 3594
69 97 3595
84 99 3596
53 99 3597
25 72 3598
1 69 3599
7 61 3600
86 89 3601
9 33 3602
26 64 3603
16 56 3604
16 31 3605
30 68 3606
45 46 3607
46 62 3608
47 68 3609
27 84 3610
39 47 3611
18 47 3612
39 62 3613
97 100 3614
4 79 3615
5 83 3616
7 60 3617
8 97 3618
25 29 3619
80 101 3620
22 62 3621
36 41 3622
58 83 3623
22 53 3624
12 91 3625
23 81 3626
81 86 3627
10 14 3628
29 44 3629
49 88 3630
63 71 3631
1 78 3632
28 48 3633
7 65 3634
1 52 3635
15 84 3636
65 72 3637
9 79 3638
19 50 3639
20 29 3640
1 22 3641
35 71 3642
46 49 3643
12 40 3644
30 78 3645
65 79 3646
60 81 3647
24 83 3648
33 95 3649
17 95 3650
55 90 3651
14 79 3652
16 30 3653
66 74 3654
3 67 3655
67 102 3656
39 48 3657
80 87 3658
16 68 3659
47 95 3660
68 69 3661
27 82 3662
53 98 3663
29 68 3664
1 3 3665
1 77 3666
12 75 3667
14 36 3668
60 89 3669
82 99 3670
26 81 3671
29 62 3672
46 90 3673
46 87 3674
3 53 3675
11 79 3676
54 79 3677
57 102 3678
6 25 3679
43 57 3680
46 84 3681
30 85 3682
18 94 3683
30 95 3684
52 92 3685
35 47 3686
1 37 3687
88 96 3688
36 61 3689
60 74 3690
12 90 3691
30 82 3692
28 47 3693
86 97 3694
25 87 3695
41 48 3696
57 66 3697
34 53 3698
37 97 3699
16 38 3700
36 95 3701
78 80 3702
22 86 3703
49 99 3704
6 97 3705
30 96 3706
26 47 3707
22 84 3708
35 74 3709
61 63 3710
47 102 3711
29 42 3712
50 81 3713
3 42 3714
16 91 3715
55 61 3716
8 66 3717
47 70 3718
1 95 3719
46 63 3720
38 48 3721
30 64 3722
62 97 3723
57 70 3724
66 79 3725
68 89 3726
34 47 3727
27 47 3728
48 90 3729
7 90 3730
16 82 3731
28 29 3732
59 97 3733
75 96 3734
54 77 3735
2 82 3736
48 59 3737
25 37 3738
7 88 3739
11 94 3740
46 52 3741
12 22 3742
37 71 3743
46 96 3744
6 36 3745
17 22 3746
23 102 3747
65 102 3748
17 91 3749
17 75 3750
37 102 3751
36 62 3752
7 38 3753
23 70 3754
4 100 3755
19 88 3756
75 102 3757
28 94 3758
29 31 3759
39 89 3760
28 84 3761
33 85 3762
77 81 3763
34 74 3764
60 88 3765
10 44 3766
15 16 3767
63 82 3768
25 41 3769
47 59 3770
25 33 3771
30 70 3772
67 72 3773
19 46 3774
61 75 3775
61 85 3776
25 97 3777
16 44 3778
71 84 3779
5 48 3780
93 97 3781
36 66 3782
4 94 3783
25 81 3784
47 96 3785
66 89 3786
46 51 3787
71 101 3788
30 89 3789
74 93 3790
57 75 3791
11 46 3792
16 53 3793
77 84 3794
95 102 3795
12 84 3796
3 60 3797
24 36 3798
11 81 3799
12 81 3800
74 97 3801
79 84 3802
23 74 3803
42 67 3804
59 79 3805
7 83 3806
13 47 3807
13 79 3808
22 51 3809
15 92 3810
32 97 3811
36 45 3812
40 89 3813
1 65 3814
27 33 3815
97 98 3816
29 52 3817
8 75 3818
34 55 3819
57 71 3820
16 37 3821
30 42 3822
45 74 3823
57 89 3824
7 25 3825
3 9 3826
48 100 3827
7 44 3828
34 37 3829
36 63 3830
5 22 3831
34 79 3832
34 95 3833
11 25 3834
22 66 3835
70 97 3836
89 101 3837
3 16 3838
17 49 3839
34 70 3840
3 43 3841
19 29 3842
41 89 3843
48 62 3844
33 101 3845
12 88 3846
77 94 3847
18 97 3848
2 54 3849
28 89 3850
1 40 3851
19 33 3852
2 53 3853
3 22 3854
17 76 3855
24 68 3856
16 72 3857
29 47 3858
32 71 3859
25 91 3860
33 44 3861
4 29 3862
5 102 3863
9 46 3864
53 69 3865
3 26 3866
15 94 3867
59 80 3868
21 44 3869
27 36 3870
62 102 3871
2 51 3872
8 46 3873
61 72 3874
3 54 3875
66 75 3876
7 48 3877
38 81 3878
26 94 3879
31 47 3880
91 102 3881
25 99 3882
36 72 3883
3 101 3884
31 36 3885
1 45 3886
7 98 3887
29 77 3888
9 92 3889
13 25 3890
3 38 3891
13 102 3892
29 66 3893
40 51 3894
24 94 3895
27 79 3896
97 101 3897
80 83 3898
3 31 3899
47 100 3900
1 92 3901
5 81 3902
34 76 3903
5 94 3904
7 13 3905
26 89 3906
48 99 3907
53 91 3908
3 57 3909
11 16 3910
3 37 3911
53 90 3912
1 99 3913
26 29 3914
98 102 3915
72 102 3916
17 92 3917
35 46 3918
26 48 3919
1 96 3920
3 100 3921
89 96 3922
48 102 3923
36 67 3924
89 102 3925
62 82 3926
7 39 3927
3 68 3928
10 33 3929
18 102 3930
16 18 3931
49 91 3932
34 71 3933
19 36 3934
29 35 3935
40 82 3936
44 71 3937
63 81 3938
39 71 3939
68 102 3940
29 38 3941
46 86 3942
5 10 3943
25 66 3944
89 93 3945
32 48 3946
40 69 3947
45 89 3948
1 38 3949
46 78 3950
52 97 3951
62 79 3952
54 75 3953
17 94 3954
21 43 3955
8 10 3956
27 89 3957
29 96 3958
63 83 3959
34 92 3960
31 81 3961
74 95 3962
6 48 3963
13 94 3964
66 78 3965
82 89 3966
40 57 3967
21 39 3968
34 75 3969
57 97 3970
50 82 3971
10 60 3972
13 97 3973
25 60 3974
36 89 3975
7 26 3976
12 71 3977
1 50 3978
3 95 3979
18 72 3980
51 89 3981
51 100 3982
33 45 3983
89 95 3984
3 96 3985
39 61 3986
22 55 3987
80 86 3988
14 16 3989
5 21 3990
25 59 3991
5 92 3992
61 77 3993
43 89 3994
13 81 3995
62 92 3996
24 48 3997
45 102 3998
48 93 3999
53 63 4000
8 56 4001
25 84 4002
16 66 4003
7 22 4004
4 33 4005
26 36 4006
48 72 4007
71 99 4008
1 29 4009
7 67 4010
9 102 4011
47 54 4012
38 97 4013
3 98 4014
22 101 4015
25 86 4016
63 76 4017
7 76 4018
7 47 4019
34 54 4020
6 92 4021
22 24 4022
46 85 4023
11 21 4024
8 36 4025
1 46 4026
66 71 4027
6 21 4028
25 90 4029
52 74 4030
49 92 4031
3 88 4032
4 10 4033
29 95 4034
3 84 4035
65 89 4036
33 64 4037
11 92 4038
18 81 4039
36 86 4040
3 55 4041
29 45 4042
34 48 4043
48 52 4044
28 74 4045
60 92 4046
74 85 4047
41 57 4048
8 89 4049
45 71 4050
7 51 4051
26 74 4052
65 83 4053
25 77 4054
3 83 4055
18 36 4056
29 100 4057
90 102 4058
25 53 4059
22 25 4060
22 57 4061
74 78 4062
8 79 4063
19 92 4064
58 102 4065
46 69 4066
14 81 4067
18 70 4068
7 58 4069
13 36 4070
16 41 4071
80 95 4072
7 68 4073
12 79 4074
25 57 4075
54 71 4076
22 77 4077
42 102 4078
36 60 4079
24 71 4080
29 84 4081
10 12 4082
30 84 4083
28 102 4084
29 60 4085
29 73 4086
52 102 4087
71 95 4088
42 71 4089
21 27 4090
58 81 4091
53 84 4092
8 48 4093
15 70 4094
25 70 4095
14 21 4096
48 87 4097
51 71 4098
71 86 4099
1 76 4100
7 40 4101
3 64 4102
29 98 4103
64 71 4104
85 97 4105
6 102 4106
55 92 4107
2 102 4108
22 28 4109
69 81 4110
8 81 4111
36 77 4112
72 97 4113
16 84 4114
34 84 4115
7 11 4116
28 81 4117
24 50 4118
64 80 4119
71 72 4120
5 16 4121
29 101 4122
44 80 4123
33 96 4124
2 84 4125
48 64 4126
18 92 4127
3 78 4128
14 48 4129
17 47 4130
65 92 4131
16 76 4132
3 99 4133
10 13 4134
16 35 4135
100 102 4136
78 97 4137
38 102 4138
28 71 4139
13 71 4140
50 74 4141
41 82 4142
24 25 4143
7 100 4144
4 85 4145
23 46 4146
57 79 4147
39 46 4148
72 94 4149
2 3 4150
30 46 4151
46 55 4152
10 66 4153
53 75 4154
8 94 4155
50 71 4156
27 29 4157
42 47 4158
3 86 4159
25 83 4160
36 90 4161
47 50 4162
11 97 4163
21 45 4164
13 33 4165
55 71 4166
8 102 4167
10 90 4168
16 67 4169
29 36 4170
38 67 4171
53 79 4172
7 95 4173
22 70 4174
25 54 4175
7 82 4176
3 44 4177
7 35 4178
12 25 4179
21 42 4180
22 80 4181
3 50 4182
16 58 4183
19 48 4184
89 100 4185
36 85 4186
1 101 4187
49 79 4188
80 96 4189
10 43 4190
29 65 4191
33 43 4192
1 67 4193
17 97 4194
29 59 4195
2 63 4196
19 96 4197
36 64 4198
38 47 4199
84 89 4200
48 65 4201
3 39 4202
13 46 4203
14 47 4204
16 65 4205
76 102 4206
12 56 4207
3 24 4208
6 82 4209
64 75 4210
27 74 4211
15 74 4212
2 37 4213
8 47 4214
15 80 4215
15 36 4216
19 75 4217
27 48 4218
53 94 4219
7 14 4220
60 86 4221
7 41 4222
25 50 4223
3 85 4224
21 41 4225
1 35 4226
34 97 4227
48 70 4228
9 74 4229
34 67 4230
4 82 4231
29 51 4232
16 39 4233
71 102 4234
46 66 4235
12 48 4236
62 74 4237
16 64 4238
36 83 4239
38 89 4240
17 79 4241
42 46 4242
10 64 4243
27 97 4244
7 52 4245
23 36 4246
36 50 4247
7 43 4248
27 80 4249
12 80 4250
18 79 4251
48 58 4252
14 84 4253
46 93 4254
29 49 4255
1 25 4256
84 92 4257
15 71 4258
21 40 4259
1 88 4260
33 98 4261
7 73 4262
24 97 4263
33 67 4264
72 74 4265
2 7 4266
11 71 4267
32 33 4268
33 34 4269
29 32 4270
32 89 4271
64 89 4272
85 89 4273
35 36 4274
21 64 4275
40 49 4276
36 84 4277
67 71 4278
3 62 4279
33 87 4280
17 29 4281
25 68 4282
28 79 4283
55 94 4284
7 86 4285
22 69 4286
25 93 4287
4 74 4288
42 74 4289
3 59 4290
6 74 4291
20 21 4292
29 50 4293
25 30 4294
33 73 4295
36 58 4296
17 96 4297
57 94 4298
48 63 4299
15 56 4300
1 98 4301
11 36 4302
2 96 4303
63 89 4304
48 85 4305
41 47 4306
80 82 4307
97 99 4308
10 57 4309
16 34 4310
46 100 4311
17 25 4312
18 48 4313
30 79 4314
60 102 4315
99 102 4316
12 46 4317
27 81 4318
1 16 4319
30 83 4320
74 84 4321
22 37 4322
3 76 4323
10 58 4324
7 10 4325
69 89 4326
7 16 4327
34 89 4328
26 80 4329
77 80 4330
17 74 4331
47 82 4332
74 98 4333
7 23 4334
54 74 4335
72 81 4336
10 40 4337
25 48 4338
29 70 4339
22 36 4340
65 81 4341
58 80 4342
7 75 4343
18 71 4344
25 47 4345
3 27 4346
30 47 4347
33 78 4348
33 99 4349
2 81 4350
34 61 4351
70 80 4352
7 9 4353
2 79 4354
3 91 4355
16 32 4356
22 49 4357
7 91 4358
30 61 4359
17 81 4360
27 102 4361
36 57 4362
65 71 4363
31 80 4364
71 75 4365
7 49 4366
24 74 4367
33 100 4368
78 89 4369
19 89 4370
29 90 4371
57 74 4372
4 71 4373
16 87 4374
16 90 4375
17 33 4376
22 72 4377
48 96 4378
29 55 4379
3 63 4380
25 98 4381
15 46 4382
2 65 4383
18 46 4384
35 89 4385
77 97 4386
57 81 4387
12 33 4388
48 69 4389
15 79 4390
36 76 4391
10 16 4392
1 74 4393
15 75 4394
57 80 4395
29 43 4396
10 99 4397
29 80 4398
10 18 4399
55 74 4400
66 97 4401
7 96 4402
53 74 4403
36 37 4404
37 89 4405
17 102 4406
27 71 4407
21 100 4408
7 30 4409
23 55 4410
24 84 4411
29 39 4412
41 97 4413
40 84 4414
41 46 4415
36 101 4416
33 40 4417
7 24 4418
46 50 4419
52 89 4420
53 81 4421
7 37 4422
33 37 4423
56 100 4424
39 97 4425
48 50 4426
3 73 4427
14 29 4428
1 21 4429
7 77 4430
18 21 4431
19 81 4432
15 21 4433
48 82 4434
25 65 4435
36 49 4436
53 92 4437
10 65 4438
7 97 4439
54 97 4440
65 82 4441
69 71 4442
48 95 4443
16 61 4444
29 54 4445
2 33 4446
18 74 4447
7 70 4448
9 48 4449
10 86 4450
5 74 4451
34 46 4452
51 81 4453
23 33 4454
11 29 4455
29 87 4456
30 81 4457
2 94 4458
3 75 4459
10 67 4460
49 71 4461
16 19 4462
51 74 4463
4 48 4464
7 34 4465
33 50 4466
69 80 4467
46 82 4468
54 102 4469
56 57 4470
9 81 4471
14 80 4472
18 75 4473
9 56 4474
9 89 4475
21 34 4476
16 46 4477
16 26 4478
14 46 4479
14 89 4480
11 48 4481
19 79 4482
19 74 4483
36 52 4484
81 82 4485
33 76 4486
21 98 4487
30 80 4488
54 89 4489
29 88 4490
1 75 4491
1 36 4492
7 50 4493
6 10 4494
38 74 4495
39 81 4496
16 25 4497
12 29 4498
15 89 4499
19 71 4500
9 10 4501
64 74 4502
36 91 4503
31 71 4504
29 30 4505
42 80 4506
21 60 4507
7 53 4508
25 85 4509
38 80 4510
46 72 4511
16 101 4512
19 25 4513
29 99 4514
37 46 4515
84 102 4516
21 26 4517
69 74 4518
86 102 4519
66 81 4520
24 81 4521
5 36 4522
15 102 4523
2 56 4524
22 68 4525
41 84 4526
46 98 4527
82 97 4528
61 74 4529
11 89 4530
3 4 4531
31 102 4532
5 80 4533
36 39 4534
49 97 4535
80 90 4536
10 98 4537
51 102 4538
3 81 4539
32 74 4540
25 39 4541
33 63 4542
36 38 4543
46 54 4544
4 46 4545
8 71 4546
7 21 4547
16 57 4548
10 93 4549
73 80 4550
39 102 4551
45 80 4552
21 50 4553
3 30 4554
3 94 4555
10 41 4556
85 102 4557
10 30 4558
58 92 4559
10 53 4560
23 97 4561
25 58 4562
53 89 4563
4 47 4564
70 89 4565
25 71 4566
3 40 4567
49 89 4568
4 89 4569
12 97 4570
16 99 4571
15 47 4572
80 84 4573
43 71 4574
55 89 4575
21 73 4576
22 33 4577
33 39 4578
29 72 4579
67 80 4580
15 81 4581
21 52 4582
25 75 4583
3 93 4584
63 80 4585
21 93 4586
3 28 4587
29 86 4588
33 60 4589
7 18 4590
43 80 4591
75 80 4592
26 33 4593
21 30 4594
35 80 4595
34 81 4596
72 80 4597
1 80 4598
21 67 4599
41 71 4600
50 84 4601
10 87 4602
9 97 4603
49 81 4604
21 76 4605
52 71 4606
18 29 4607
36 96 4608
3 32 4609
33 57 4610
33 61 4611
21 23 4612
21 86 4613
5 89 4614
48 98 4615
23 48 4616
28 82 4617
21 78 4618
8 80 4619
12 16 4620
21 57 4621
4 56 4622
33 42 4623
47 84 4624
3 47 4625
10 45 4626
10 77 4627
14 74 4628
2 46 4629
5 56 4630
10 23 4631
14 25 4632
29 82 4633
36 55 4634
2 71 4635
21 66 4636
80 100 4637
33 52 4638
7 102 4639
3 65 4640
10 19 4641
3 34 4642
13 89 4643
18 25 4644
10 32 4645
25 82 4646
21 101 4647
3 90 4648
21 38 4649
24 102 4650
25 63 4651
54 81 4652
3 82 4653
30 36 4654
3 72 4655
53 80 4656
46 64 4657
7 101 4658
33 66 4659
7 36 4660
16 86 4661
17 46 4662
11 80 4663
10 88 4664
21 77 4665
10 54 4666
32 36 4667
1 81 4668
16 23 4669
53 71 4670
10 38 4671
10 95 4672
21 35 4673
16 17 4674
36 82 4675
16 50 4676
25 94 4677
68 74 4678
7 93 4679
33 75 4680
10 49 4681
10 59 4682
10 91 4683
3 49 4684
40 80 4685
10 11 4686
3 66 4687
7 62 4688
29 37 4689
29 93 4690
3 79 4691
33 56 4692
33 93 4693
24 33 4694
25 46 4695
1 89 4696
27 46 4697
51 97 4698
10 76 4699
21 65 4700
29 63 4701
10 52 4702
2 10 4703
13 92 4704
2 74 4705
16 73 4706
16 100 4707
24 29 4708
25 34 4709
101 102 4710
10 26 4711
39 80 4712
63 102 4713
1 48 4714
80 99 4715
1 102 4716
10 73 4717
21 96 4718
9 80 4719
50 92 4720
10 27 4721
21 24 4722
55 56 4723
62 80 4724
5 33 4725
7 63 4726
3 70 4727
21 59 4728
30 102 4729
33 90 4730
58 74 4731
30 75 4732
59 89 4733
1 33 4734
66 80 4735
14 97 4736
16 33 4737
16 59 4738
22 89 4739
23 80 4740
56 84 4741
30 33 4742
1 71 4743
6 80 4744
5 97 4745
30 71 4746
13 16 4747
16 27 4748
21 58 4749
16 63 4750
19 56 4751
7 32 4752
21 99 4753
10 62 4754
63 74 4755
16 98 4756
6 89 4757
24 89 4758
3 41 4759
7 84 4760
7 99 4761
10 51 4762
7 64 4763
3 97 4764
49 56 4765
56 85 4766
15 97 4767
19 21 4768
21 91 4769
10 55 4770
46 57 4771
7 33 4772
29 85 4773
33 51 4774
56 98 4775
13 74 4776
23 89 4777
28 97 4778
37 80 4779
10 37 4780
66 102 4781
10 20 4782
2 29 4783
51 80 4784
10 50 4785
31 33 4786
33 86 4787
10 70 4788
11 102 4789
16 29 4790
4 16 4791
19 97 4792
33 77 4793
10 42 4794
12 36 4795
33 38 4796
3 69 4797
10 96 4798
29 78 4799
33 68 4800
65 74 4801
36 40 4802
6 16 4803
7 74 4804
16 80 4805
63 85 4806
65 80 4807
7 94 4808
19 94 4809
56 77 4810
33 55 4811
55 102 4812
76 80 4813
16 88 4814
6 56 4815
44 102 4816
2 16 4817
3 77 4818
2 25 4819
10 101 4820
33 41 4821
21 72 4822
96 102 4823
33 53 4824
78 102 4825
21 28 4826
18 89 4827
33 79 4828
36 51 4829
33 58 4830
19 80 4831
41 53 4832
46 53 4833
29 64 4834
56 82 4835
29 34 4836
55 81 4837
10 28 4838
25 56 4839
21 90 4840
1 83 4841
7 46 4842
14 71 4843
16 78 4844
17 36 4845
56 95 4846
68 71 4847
21 95 4848
19 102 4849
12 94 4850
36 68 4851
33 65 4852
7 87 4853
11 56 4854
21 31 4855
28 33 4856
10 68 4857
17 89 4858
42 64 4859
21 82 4860
33 47 4861
56 101 4862
10 24 4863
29 41 4864
33 62 4865
41 102 4866
49 80 4867
33 83 4868
36 65 4869
68 80 4870
2 48 4871
29 58 4872
50 97 4873
70 102 4874
9 21 4875
21 69 4876
53 56 4877
21 37 4878
12 21 4879
16 28 4880
16 71 4881
29 53 4882
33 91 4883
41 80 4884
56 87 4885
11 74 4886
10 39 4887
29 69 4888
58 89 4889
16 48 4890
21 87 4891
21 51 4892
4 102 4893
7 79 4894
21 62 4895
2 89 4896
53 102 4897
10 72 4898
29 33 4899
16 92 4900
36 53 4901
12 74 4902
71 77 4903
16 96 4904
56 99 4905
10 63 4906
16 21 4907
7 81 4908
10 31 4909
45 56 4910
14 102 4911
35 56 4912
33 54 4913
10 97 4914
51 56 4915
24 80 4916
4 80 4917
21 55 4918
16 40 4919
9 29 4920
38 56 4921
52 80 4922
1 64 4923
16 77 4924
21 32 4925
56 86 4926
82 102 4927
16 24 4928
56 96 4929
18 56 4930
21 53 4931
52 56 4932
3 92 4933
7 69 4934
10 47 4935
33 102 4936
15 29 4937
1 56 4938
21 54 4939
21 85 4940
26 71 4941
34 80 4942
37 56 4943
13 80 4944
26 102 4945
44 56 4946
3 80 4947
10 69 4948
16 89 4949
27 56 4950
16 69 4951
21 63 4952
10 34 4953
26 84 4954
25 89 4955
33 49 4956
10 78 4957
56 90 4958
56 72 4959
2 49 4960
12 102 4961
69 102 4962
13 56 4963
7 80 4964
66 76 4965
10 85 4966
42 56 4967
16 81 4968
1 84 4969
56 60 4970
20 102 4971
16 93 4972
33 97 4973
56 59 4974
28 56 4975
33 72 4976
1 79 4977
21 22 4978
10 82 4979
10 94 4980
54 56 4981
56 62 4982
23 56 4983
56 78 4984
10 84 4985
33 69 4986
56 66 4987
17 56 4988
49 102 4989
25 74 4990
54 80 4991
56 70 4992
21 49 4993
10 71 4994
30 56 4995
53 97 4996
56 69 4997
56 93 4998
1 94 4999
16 70 5000
10 83 5001
35 102 5002
10 35 5003
56 80 5004
12 92 5005
2 80 5006
21 70 5007
31 56 5008
56 58 5009
56 92 5010
10 46 5011
59 102 5012
14 56 5013
21 29 5014
29 57 5015
21 83 5016
56 64 5017
3 87 5018
36 56 5019
7 85 5020
21 74 5021
43 56 5022
56 61 5023
21 48 5024
16 36 5025
21 75 5026
16 85 5027
33 89 5028
17 48 5029
56 65 5030
39 56 5031
12 89 5032
25 69 5033
33 84 5034
50 89 5035
32 80 5036
34 36 5037
36 54 5038
7 78 5039
1 97 5040
24 56 5041
4 97 5042
55 80 5043
50 56 5044
34 102 5045
10 89 5046
17 71 5047
17 80 5048
34 56 5049
32 56 5050
13 48 5051
13 29 5052
16 95 5053
28 80 5054
50 102 5055
16 22 5056
2 36 5057
50 80 5058
18 80 5059
21 68 5060
16 97 5061
33 82 5062
21 84 5063
10 74 5064
10 75 5065
10 36 5066
56 63 5067
16 102 5068
20 56 5069
21 94 5070
26 56 5071
56 68 5072
33 48 5073
41 56 5074
56 88 5075
