3 4 1
3 5 2
4 5 3
3 6 4
1 3 5
1 4 6
4 6 7
1 5 8
5 6 9
3 9 10
1 6 11
4 9 12
5 9 13
4 10 14
5 7 15
3 7 16
4 7 17
5 10 18
2 3 19
3 10 20
3 8 21
2 4 22
6 9 23
6 10 24
6 7 25
4 8 26
9 10 27
7 9 28
2 5 29
1 9 30
1 2 31
5 8 32
2 6 33
3 11 34
8 9 35
4 14 36
1 7 37
6 8 38
4 11 39
1 8 40
1 10 41
7 10 42
3 14 43
8 10 44
9 14 45
7 8 46
3 12 47
5 14 48
4 12 49
5 11 50
9 11 51
3 13 52
2 9 53
4 13 54
6 14 55
10 14 56
1 11 57
6 11 58
9 12 59
5 12 60
1 14 61
7 14 62
9 13 63
7 11 64
4 15 65
6 12 66
10 11 67
3 15 68
5 13 69
87 88 70
1 12 71
2 7 72
8 14 73
2 8 74
2 10 75
1 13 76
6 13 77
9 15 78
7 12 79
10 12 80
5 15 81
10 13 82
86 88 83
8 11 84
7 13 85
14 15 86
83 88 87
6 15 88
85 88 89
1 15 90
88 90 91
11 14 92
10 15 93
12 14 94
8 12 95
13 14 96
86 87 97
8 13 98
2 11 99
84 88 100
83 87 101
87 90 102
88 89 103
7 15 104
2 14 105
85 87 106
88 92 107
82 88 108
88 94 109
8 15 110
83 86 111
84 87 112
3 16 113
4 16 114
2 12 115
88 91 116
88 93 117
83 85 118
11 12 119
82 83 120
88 95 121
83 84 122
87 89 123
11 13 124
85 86 125
4 17 126
86 90 127
82 87 128
3 17 129
2 13 130
81 88 131
9 17 132
12 13 133
87 92 134
12 15 135
84 86 136
87 91 137
11 15 138
82 86 139
74 88 140
13 15 141
87 94 142
79 88 143
87 93 144
85 90 145
90 94 146
84 85 147
87 95 148
81 83 149
82 85 150
1 16 151
93 94 152
90 95 153
92 94 154
5 16 155
80 88 156
86 89 157
83 90 158
14 30 159
82 84 160
14 17 161
90 93 162
43 44 163
90 92 164
94 95 165
2 15 166
75 88 167
89 90 168
70 88 169
91 94 170
90 91 171
10 17 172
79 83 173
5 17 174
84 90 175
93 95 176
74 86 177
6 16 178
83 89 179
81 87 180
74 87 181
85 89 182
86 92 183
86 91 184
79 87 185
6 17 186
92 95 187
1 17 188
73 88 189
78 88 190
77 88 191
14 31 192
9 16 193
75 86 194
86 93 195
75 87 196
92 93 197
81 86 198
91 95 199
86 95 200
79 86 201
86 94 202
85 92 203
80 83 204
91 93 205
73 86 206
4 19 207
14 32 208
74 83 209
68 88 210
85 93 211
89 94 212
42 43 213
85 91 214
84 89 215
73 87 216
77 87 217
3 19 218
80 87 219
75 83 220
77 86 221
78 87 222
70 87 223
89 92 224
15 30 225
91 92 226
79 85 227
88 96 228
81 85 229
69 88 230
70 86 231
83 91 232
85 95 233
89 91 234
81 84 235
77 83 236
74 85 237
83 92 238
78 86 239
76 88 240
82 90 241
78 83 242
81 82 243
72 88 244
80 86 245
85 94 246
89 93 247
8 17 248
9 43 249
84 92 250
73 83 251
75 85 252
79 84 253
83 93 254
9 19 255
26 43 256
14 19 257
15 31 258
9 31 259
39 43 260
89 95 261
9 44 262
77 85 263
15 17 264
7 17 265
4 18 266
84 91 267
83 94 268
14 16 269
14 73 270
82 89 271
84 93 272
9 42 273
78 85 274
68 87 275
80 85 276
68 86 277
79 82 278
70 85 279
72 86 280
15 32 281
18 30 282
80 82 283
14 43 284
73 85 285
76 87 286
72 87 287
83 95 288
3 18 289
17 30 290
69 86 291
87 96 292
69 87 293
76 86 294
30 43 295
71 88 296
80 84 297
9 18 298
1 19 299
84 95 300
9 30 301
14 74 302
74 90 303
74 94 304
14 18 305
70 83 306
74 84 307
5 19 308
77 84 309
78 84 310
82 92 311
6 19 312
12 17 313
14 72 314
9 32 315
82 93 316
14 42 317
76 83 318
74 89 319
75 84 320
74 95 321
81 90 322
84 94 323
72 85 324
72 83 325
82 91 326
69 85 327
42 44 328
68 85 329
78 82 330
32 43 331
26 44 332
23 30 333
23 43 334
81 89 335
13 17 336
8 16 337
9 41 338
11 17 339
19 30 340
2 16 341
79 81 342
73 84 343
67 88 344
90 96 345
70 90 346
79 90 347
10 19 348
75 90 349
80 81 350
77 82 351
86 96 352
76 85 353
14 34 354
17 31 355
69 83 356
9 73 357
75 82 358
79 89 359
26 30 360
70 84 361
18 31 362
18 32 363
73 90 364
40 43 365
68 83 366
17 32 367
5 18 368
8 43 369
93 96 370
43 88 371
95 96 372
82 95 373
35 43 374
74 82 375
7 16 376
3 20 377
6 18 378
14 35 379
24 43 380
75 89 381
74 92 382
81 92 383
94 96 384
85 96 385
9 39 386
1 18 387
73 95 388
15 73 389
39 44 390
43 45 391
15 19 392
8 44 393
77 90 394
82 94 395
10 18 396
78 90 397
73 82 398
70 89 399
71 86 400
73 89 401
80 90 402
70 95 403
19 31 404
75 94 405
68 90 406
72 84 407
92 96 408
73 94 409
9 74 410
65 88 411
71 87 412
15 43 413
75 95 414
2 17 415
79 92 416
23 44 417
14 75 418
8 42 419
15 16 420
91 96 421
74 93 422
13 30 423
15 74 424
74 91 425
70 94 426
88 97 427
14 39 428
4 20 429
69 90 430
68 84 431
9 72 432
23 31 433
14 44 434
67 87 435
72 90 436
69 84 437
10 16 438
38 43 439
44 45 440
67 86 441
35 90 442
76 84 443
15 18 444
27 43 445
66 88 446
9 54 447
24 30 448
8 31 449
23 26 450
34 43 451
9 20 452
80 92 453
81 91 454
19 32 455
72 95 456
13 73 457
23 32 458
3 55 459
43 90 460
1 54 461
78 89 462
80 89 463
7 19 464
79 80 465
12 31 466
76 90 467
8 19 468
74 96 469
30 44 470
3 52 471
24 44 472
3 54 473
68 89 474
9 55 475
70 92 476
77 89 477
9 58 478
75 92 479
70 82 480
71 85 481
42 88 482
83 96 483
79 93 484
1 55 485
4 55 486
81 93 487
15 34 488
26 27 489
69 89 490
75 93 491
15 42 492
14 27 493
15 72 494
26 31 495
13 31 496
74 81 497
89 96 498
1 52 499
12 30 500
75 91 501
65 87 502
73 92 503
35 88 504
79 91 505
18 43 506
14 41 507
71 83 508
77 95 509
9 27 510
14 28 511
41 43 512
15 35 513
73 91 514
11 16 515
14 26 516
8 30 517
31 43 518
84 96 519
26 28 520
76 82 521
4 31 522
76 89 523
72 89 524
43 47 525
13 74 526
26 39 527
22 43 528
78 81 529
73 93 530
77 81 531
65 86 532
13 32 533
66 87 534
70 91 535
79 95 536
26 42 537
12 19 538
3 51 539
69 82 540
24 26 541
79 94 542
26 32 543
72 82 544
22 30 545
13 16 546
73 96 547
39 42 548
78 92 549
69 95 550
1 51 551
12 16 552
71 89 553
81 95 554
9 51 555
77 92 556
9 34 557
27 44 558
5 43 559
27 30 560
77 93 561
32 44 562
4 54 563
9 52 564
23 24 565
82 96 566
8 73 567
8 41 568
13 19 569
72 94 570
44 47 571
67 85 572
12 73 573
8 18 574
26 45 575
35 95 576
70 93 577
9 40 578
23 28 579
35 94 580
43 91 581
42 90 582
47 60 583
8 32 584
81 94 585
87 97 586
23 27 587
6 43 588
66 86 589
80 93 590
34 90 591
43 94 592
68 82 593
9 26 594
9 75 595
75 81 596
12 32 597
28 30 598
43 95 599
13 72 600
75 96 601
40 44 602
23 39 603
78 93 604
35 91 605
73 81 606
28 43 607
75 79 608
76 95 609
7 43 610
68 95 611
39 88 612
14 54 613
22 23 614
20 30 615
1 20 616
43 87 617
35 44 618
18 42 619
78 79 620
5 20 621
47 61 622
7 31 623
26 88 624
74 79 625
24 31 626
77 79 627
78 95 628
78 91 629
14 20 630
72 92 631
71 90 632
9 35 633
26 90 634
6 20 635
77 91 636
11 19 637
43 48 638
17 73 639
64 88 640
4 52 641
30 31 642
39 90 643
80 91 644
43 89 645
47 48 646
5 55 647
43 46 648
12 43 649
68 91 650
7 44 651
18 73 652
5 44 653
48 60 654
77 94 655
9 53 656
17 43 657
8 74 658
30 42 659
3 58 660
15 39 661
12 18 662
47 66 663
69 94 664
8 54 665
68 92 666
5 31 667
8 39 668
22 31 669
80 95 670
70 96 671
69 91 672
11 31 673
7 18 674
12 74 675
76 92 676
8 72 677
6 55 678
13 18 679
72 93 680
9 45 681
48 61 682
8 58 683
24 32 684
9 28 685
6 44 686
34 95 687
76 94 688
67 90 689
72 91 690
30 32 691
34 88 692
76 91 693
94 97 694
8 55 695
44 46 696
71 84 697
14 58 698
15 75 699
22 32 700
42 95 701
4 43 702
23 45 703
24 28 704
14 29 705
19 28 706
47 70 707
78 80 708
69 92 709
4 30 710
20 31 711
18 34 712
90 97 713
22 44 714
23 42 715
18 28 716
42 94 717
47 65 718
24 27 719
95 97 720
47 67 721
86 97 722
68 94 723
42 91 724
47 64 725
15 28 726
5 42 727
3 25 728
7 42 729
17 74 730
18 39 731
15 27 732
76 93 733
3 21 734
44 48 735
47 63 736
18 74 737
30 39 738
34 94 739
5 54 740
6 31 741
65 85 742
18 35 743
4 27 744
4 51 745
37 43 746
64 86 747
80 94 748
11 73 749
14 37 750
39 95 751
18 26 752
9 50 753
44 88 754
38 44 755
64 87 756
1 58 757
15 44 758
19 43 759
6 42 760
77 80 761
45 47 762
78 94 763
38 88 764
3 53 765
26 87 766
72 96 767
43 61 768
7 30 769
13 43 770
12 72 771
39 94 772
40 88 773
12 44 774
93 97 775
4 58 776
14 77 777
48 66 778
70 81 779
20 73 780
17 34 781
16 73 782
37 90 783
15 26 784
35 89 785
28 44 786
67 89 787
68 93 788
73 79 789
2 19 790
11 30 791
26 73 792
32 90 793
9 59 794
19 26 795
17 42 796
47 62 797
71 92 798
74 80 799
6 54 800
27 31 801
25 30 802
31 90 803
37 88 804
67 83 805
14 40 806
12 42 807
34 44 808
77 96 809
46 47 810
26 41 811
43 86 812
65 90 813
11 18 814
19 73 815
39 91 816
85 97 817
17 35 818
69 93 819
11 32 820
11 43 821
14 38 822
9 38 823
23 73 824
35 96 825
10 31 826
14 70 827
28 31 828
71 95 829
40 42 830
4 32 831
91 97 832
92 97 833
32 42 834
10 30 835
17 26 836
42 45 837
71 94 838
7 32 839
15 41 840
34 91 841
42 89 842
24 42 843
38 90 844
43 62 845
2 55 846
4 26 847
20 32 848
35 87 849
14 76 850
27 28 851
3 50 852
29 43 853
10 54 854
19 23 855
48 63 856
48 67 857
22 26 858
66 90 859
11 44 860
8 52 861
66 85 862
48 70 863
48 65 864
69 96 865
1 53 866
48 64 867
76 81 868
32 95 869
5 52 870
72 81 871
43 60 872
18 27 873
47 59 874
10 32 875
18 44 876
48 62 877
9 24 878
26 40 879
3 31 880
75 80 881
13 75 882
4 44 883
19 27 884
31 88 885
67 84 886
14 59 887
42 87 888
25 43 889
8 51 890
26 91 891
26 95 892
40 90 893
17 39 894
2 54 895
26 94 896
16 72 897
30 88 898
43 64 899
5 30 900
27 32 901
35 42 902
63 88 903
62 70 904
8 20 905
41 44 906
44 90 907
9 65 908
13 42 909
31 44 910
43 63 911
3 57 912
11 42 913
31 95 914
11 74 915
20 74 916
24 45 917
26 74 918
77 78 919
28 32 920
73 80 921
26 86 922
1 50 923
32 88 924
4 42 925
8 75 926
37 95 927
83 97 928
32 94 929
39 45 930
23 29 931
63 70 932
17 72 933
6 52 934
9 57 935
63 66 936
10 52 937
18 23 938
14 23 939
4 25 940
14 24 941
71 91 942
14 52 943
32 45 944
48 59 945
7 20 946
9 49 947
23 40 948
5 51 949
31 94 950
62 66 951
18 72 952
76 96 953
30 45 954
6 30 955
10 20 956
30 90 957
45 46 958
46 48 959
68 96 960
19 74 961
23 88 962
11 72 963
23 74 964
9 37 965
19 42 966
37 94 967
38 95 968
78 96 969
24 88 970
27 42 971
24 39 972
6 41 973
35 86 974
17 28 975
17 27 976
79 96 977
5 41 978
51 62 979
52 62 980
62 63 981
44 95 982
41 88 983
40 94 984
64 85 985
5 27 986
69 81 987
89 97 988
22 24 989
8 53 990
26 29 991
5 73 992
17 23 993
23 25 994
7 41 995
15 20 996
67 95 997
4 53 998
19 44 999
22 73 1000
65 89 1001
81 96 1002
1 57 1003
45 60 1004
23 41 1005
43 96 1006
15 29 1007
40 91 1008
43 49 1009
25 31 1010
22 28 1011
22 39 1012
24 90 1013
39 89 1014
19 34 1015
31 32 1016
45 61 1017
5 32 1018
26 77 1019
4 24 1020
45 48 1021
46 61 1022
10 58 1023
38 94 1024
44 61 1025
37 91 1026
64 70 1027
46 60 1028
63 64 1029
71 82 1030
63 86 1031
3 27 1032
13 34 1033
58 60 1034
60 66 1035
59 60 1036
8 40 1037
10 43 1038
14 71 1039
60 62 1040
64 66 1041
47 58 1042
63 87 1043
41 90 1044
43 70 1045
49 62 1046
76 79 1047
74 97 1048
34 89 1049
60 61 1050
5 58 1051
17 19 1052
29 30 1053
24 73 1054
67 91 1055
66 89 1056
2 18 1057
57 70 1058
20 43 1059
44 94 1060
15 23 1061
4 73 1062
3 24 1063
47 49 1064
43 65 1065
60 63 1066
3 22 1067
26 89 1068
30 95 1069
75 78 1070
40 95 1071
49 60 1072
5 26 1073
6 51 1074
22 74 1075
27 39 1076
60 70 1077
74 78 1078
39 40 1079
1 31 1080
63 67 1081
6 32 1082
58 62 1083
84 97 1084
8 27 1085
43 93 1086
27 88 1087
2 52 1088
67 94 1089
27 90 1090
6 27 1091
14 55 1092
27 45 1093
23 90 1094
12 41 1095
32 91 1096
31 91 1097
8 59 1098
70 79 1099
68 81 1100
18 29 1101
34 87 1102
17 18 1103
12 39 1104
38 91 1105
58 70 1106
62 64 1107
62 67 1108
61 66 1109
44 60 1110
63 65 1111
19 24 1112
15 37 1113
44 91 1114
71 93 1115
20 26 1116
43 66 1117
3 49 1118
58 66 1119
14 53 1120
13 35 1121
30 94 1122
61 70 1123
25 32 1124
4 57 1125
12 75 1126
61 62 1127
6 58 1128
47 55 1129
19 29 1130
35 93 1131
38 42 1132
49 61 1133
80 96 1134
48 58 1135
14 51 1136
8 34 1137
70 80 1138
8 45 1139
45 64 1140
19 35 1141
12 35 1142
7 39 1143
18 19 1144
34 96 1145
62 65 1146
44 62 1147
32 39 1148
59 70 1149
17 75 1150
22 27 1151
24 87 1152
12 34 1153
67 92 1154
2 58 1155
9 70 1156
73 78 1157
20 28 1158
34 42 1159
6 26 1160
72 79 1161
13 44 1162
42 47 1163
64 67 1164
60 64 1165
19 39 1166
12 27 1167
23 87 1168
64 65 1169
20 23 1170
44 64 1171
6 39 1172
8 26 1173
17 44 1174
41 94 1175
65 84 1176
24 29 1177
57 66 1178
23 77 1179
9 29 1180
64 90 1181
26 72 1182
35 97 1183
44 49 1184
42 86 1185
41 95 1186
65 95 1187
5 39 1188
9 23 1189
25 26 1190
46 66 1191
58 63 1192
48 49 1193
10 42 1194
43 67 1195
74 75 1196
15 38 1197
19 72 1198
59 66 1199
18 75 1200
47 68 1201
61 63 1202
46 62 1203
60 67 1204
65 83 1205
66 95 1206
26 75 1207
55 62 1208
58 61 1209
73 97 1210
42 96 1211
44 63 1212
16 17 1213
18 24 1214
46 64 1215
8 50 1216
59 62 1217
43 58 1218
13 39 1219
60 65 1220
23 38 1221
43 59 1222
47 69 1223
55 70 1224
8 35 1225
39 87 1226
57 60 1227
12 20 1228
40 89 1229
14 33 1230
4 50 1231
41 91 1232
9 66 1233
11 41 1234
46 70 1235
24 74 1236
37 89 1237
12 26 1238
41 42 1239
72 80 1240
58 64 1241
36 88 1242
10 55 1243
25 28 1244
39 96 1245
45 65 1246
22 45 1247
38 89 1248
25 44 1249
29 44 1250
44 89 1251
23 34 1252
75 77 1253
65 66 1254
48 55 1255
2 51 1256
16 58 1257
22 29 1258
24 41 1259
73 75 1260
4 41 1261
45 63 1262
54 62 1263
82 97 1264
66 83 1265
59 61 1266
14 87 1267
42 61 1268
12 28 1269
34 86 1270
45 66 1271
74 77 1272
14 65 1273
27 95 1274
59 63 1275
5 72 1276
18 41 1277
45 62 1278
43 92 1279
47 57 1280
61 64 1281
3 23 1282
51 60 1283
8 57 1284
15 40 1285
53 62 1286
62 68 1287
28 42 1288
66 84 1289
20 44 1290
58 59 1291
22 42 1292
40 45 1293
4 74 1294
20 72 1295
30 91 1296
30 40 1297
37 44 1298
44 65 1299
44 66 1300
11 39 1301
46 65 1302
52 55 1303
14 57 1304
20 27 1305
15 33 1306
13 26 1307
46 63 1308
1 49 1309
76 80 1310
10 51 1311
73 74 1312
8 65 1313
48 57 1314
50 62 1315
43 97 1316
37 96 1317
44 70 1318
5 74 1319
65 91 1320
66 67 1321
3 26 1322
61 67 1323
24 86 1324
32 96 1325
4 28 1326
14 78 1327
5 53 1328
49 63 1329
17 29 1330
36 90 1331
3 30 1332
24 77 1333
57 62 1334
63 68 1335
58 65 1336
71 81 1337
24 95 1338
61 65 1339
26 38 1340
26 34 1341
51 61 1342
58 67 1343
67 93 1344
15 24 1345
4 23 1346
37 87 1347
73 77 1348
26 96 1349
46 67 1350
14 69 1351
28 29 1352
51 55 1353
54 55 1354
27 94 1355
17 24 1356
31 42 1357
30 87 1358
63 85 1359
71 96 1360
65 92 1361
62 88 1362
18 38 1363
29 31 1364
24 94 1365
18 33 1366
31 89 1367
19 22 1368
49 70 1369
5 50 1370
11 20 1371
40 47 1372
75 97 1373
48 68 1374
8 28 1375
32 87 1376
32 89 1377
42 93 1378
51 70 1379
13 41 1380
15 54 1381
24 25 1382
45 70 1383
26 35 1384
59 64 1385
65 67 1386
23 72 1387
24 91 1388
26 78 1389
49 66 1390
39 93 1391
15 77 1392
58 88 1393
28 39 1394
40 87 1395
57 63 1396
7 27 1397
5 24 1398
96 97 1399
19 33 1400
27 29 1401
28 45 1402
30 35 1403
65 94 1404
42 62 1405
1 25 1406
18 54 1407
46 59 1408
24 40 1409
6 53 1410
27 73 1411
23 75 1412
4 72 1413
49 55 1414
17 41 1415
14 50 1416
38 39 1417
3 32 1418
15 76 1419
13 20 1420
23 35 1421
30 34 1422
44 87 1423
69 80 1424
10 53 1425
4 22 1426
25 27 1427
64 68 1428
13 27 1429
9 69 1430
23 54 1431
45 67 1432
38 87 1433
47 51 1434
11 75 1435
9 25 1436
31 96 1437
69 79 1438
8 49 1439
57 67 1440
27 91 1441
49 64 1442
42 46 1443
52 61 1444
6 73 1445
47 71 1446
27 87 1447
36 95 1448
28 88 1449
23 95 1450
66 91 1451
38 96 1452
57 64 1453
31 87 1454
66 92 1455
20 75 1456
48 69 1457
59 65 1458
36 94 1459
57 61 1460
65 70 1461
67 96 1462
5 57 1463
51 66 1464
23 86 1465
9 68 1466
8 38 1467
51 63 1468
35 45 1469
42 48 1470
7 26 1471
35 98 1472
70 97 1473
31 45 1474
9 76 1475
58 87 1476
63 69 1477
66 94 1478
67 82 1479
22 40 1480
57 65 1481
64 89 1482
35 92 1483
23 91 1484
62 69 1485
26 93 1486
42 64 1487
19 75 1488
31 39 1489
20 24 1490
44 67 1491
19 25 1492
42 60 1493
42 63 1494
58 86 1495
42 97 1496
62 87 1497
49 58 1498
14 68 1499
29 32 1500
49 59 1501
59 67 1502
34 93 1503
45 88 1504
1 27 1505
4 39 1506
43 101 1507
54 70 1508
57 58 1509
60 68 1510
6 50 1511
49 65 1512
13 28 1513
62 86 1514
22 77 1515
28 90 1516
39 86 1517
34 97 1518
33 43 1519
22 25 1520
53 55 1521
26 76 1522
6 24 1523
9 77 1524
28 95 1525
1 32 1526
6 25 1527
15 70 1528
18 25 1529
5 25 1530
41 89 1531
39 97 1532
18 40 1533
20 42 1534
64 84 1535
30 86 1536
19 41 1537
23 94 1538
32 86 1539
22 88 1540
44 96 1541
6 57 1542
57 59 1543
1 43 1544
30 89 1545
18 37 1546
70 78 1547
41 45 1548
20 39 1549
35 39 1550
30 41 1551
52 70 1552
15 58 1553
35 101 1554
32 97 1555
39 41 1556
35 99 1557
72 97 1558
27 86 1559
27 41 1560
51 64 1561
64 69 1562
55 58 1563
52 54 1564
4 34 1565
10 59 1566
26 46 1567
36 43 1568
40 61 1569
68 80 1570
9 33 1571
45 59 1572
9 22 1573
44 59 1574
68 79 1575
76 78 1576
24 54 1577
49 67 1578
26 85 1579
39 47 1580
58 85 1581
55 60 1582
37 86 1583
8 24 1584
40 46 1585
72 78 1586
43 77 1587
7 34 1588
43 52 1589
14 88 1590
20 88 1591
52 58 1592
2 57 1593
81 97 1594
27 74 1595
32 40 1596
42 92 1597
45 49 1598
23 33 1599
65 93 1600
63 90 1601
58 68 1602
9 36 1603
61 68 1604
1 30 1605
14 25 1606
43 79 1607
24 75 1608
18 22 1609
6 40 1610
24 89 1611
20 77 1612
60 69 1613
46 49 1614
57 69 1615
64 83 1616
24 72 1617
11 27 1618
51 58 1619
3 28 1620
23 52 1621
51 65 1622
3 59 1623
7 40 1624
17 38 1625
41 96 1626
22 38 1627
31 86 1628
10 34 1629
10 39 1630
51 59 1631
53 70 1632
55 61 1633
40 96 1634
1 24 1635
5 40 1636
55 57 1637
55 66 1638
26 65 1639
23 78 1640
38 45 1641
52 63 1642
11 34 1643
30 96 1644
77 97 1645
88 98 1646
47 52 1647
7 54 1648
17 33 1649
13 77 1650
26 83 1651
52 60 1652
79 97 1653
48 51 1654
58 69 1655
2 20 1656
27 40 1657
51 67 1658
66 70 1659
43 51 1660
5 28 1661
5 75 1662
43 98 1663
57 68 1664
25 42 1665
23 89 1666
36 91 1667
40 86 1668
66 93 1669
8 37 1670
38 97 1671
10 44 1672
18 87 1673
44 97 1674
30 52 1675
39 92 1676
14 66 1677
14 45 1678
18 52 1679
30 73 1680
32 101 1681
11 26 1682
4 49 1683
44 101 1684
55 63 1685
61 69 1686
26 70 1687
65 96 1688
62 85 1689
12 58 1690
20 22 1691
11 58 1692
18 77 1693
30 54 1694
47 54 1695
4 75 1696
38 86 1697
14 86 1698
3 33 1699
5 45 1700
14 95 1701
17 37 1702
48 71 1703
7 52 1704
20 29 1705
24 34 1706
43 68 1707
40 62 1708
63 84 1709
13 54 1710
28 94 1711
50 61 1712
7 51 1713
43 69 1714
27 89 1715
22 75 1716
31 97 1717
26 82 1718
45 95 1719
76 77 1720
42 101 1721
14 36 1722
36 89 1723
37 97 1724
25 33 1725
10 35 1726
23 76 1727
40 60 1728
47 72 1729
2 53 1730
72 73 1731
21 23 1732
6 72 1733
7 45 1734
42 65 1735
25 29 1736
26 47 1737
40 93 1738
32 98 1739
49 57 1740
11 28 1741
50 60 1742
43 50 1743
70 77 1744
16 59 1745
5 49 1746
14 49 1747
3 43 1748
34 45 1749
15 87 1750
67 70 1751
8 66 1752
39 101 1753
42 66 1754
45 90 1755
19 20 1756
4 29 1757
22 90 1758
12 40 1759
54 58 1760
72 77 1761
69 97 1762
26 59 1763
40 48 1764
7 28 1765
5 23 1766
6 28 1767
37 93 1768
19 38 1769
25 90 1770
6 74 1771
24 52 1772
7 55 1773
17 54 1774
51 52 1775
18 88 1776
22 87 1777
9 71 1778
24 78 1779
20 34 1780
76 97 1781
42 70 1782
8 70 1783
33 44 1784
35 100 1785
66 96 1786
30 38 1787
17 20 1788
32 99 1789
47 88 1790
40 97 1791
41 87 1792
40 64 1793
20 87 1794
13 58 1795
17 40 1796
38 93 1797
44 86 1798
32 93 1799
12 54 1800
35 40 1801
11 35 1802
64 91 1803
95 98 1804
43 99 1805
5 34 1806
31 93 1807
9 60 1808
70 74 1809
25 88 1810
31 101 1811
10 41 1812
13 76 1813
59 68 1814
51 57 1815
17 22 1816
37 42 1817
64 95 1818
39 46 1819
46 58 1820
75 76 1821
67 68 1822
9 64 1823
53 60 1824
16 54 1825
40 63 1826
58 72 1827
18 20 1828
72 74 1829
52 59 1830
66 68 1831
25 95 1832
6 23 1833
53 61 1834
15 52 1835
26 54 1836
27 96 1837
72 75 1838
6 45 1839
7 35 1840
5 22 1841
57 72 1842
10 25 1843
13 70 1844
24 38 1845
53 66 1846
27 34 1847
27 72 1848
28 87 1849
65 68 1850
45 94 1851
24 35 1852
39 98 1853
15 71 1854
38 101 1855
34 98 1856
59 69 1857
70 73 1858
24 96 1859
42 98 1860
26 92 1861
52 66 1862
22 41 1863
55 67 1864
4 59 1865
54 61 1866
58 84 1867
1 26 1868
22 34 1869
18 76 1870
54 60 1871
64 92 1872
74 76 1873
15 59 1874
44 93 1875
47 50 1876
55 59 1877
6 22 1878
52 64 1879
12 24 1880
19 87 1881
52 53 1882
14 60 1883
22 72 1884
4 33 1885
39 99 1886
44 58 1887
55 64 1888
43 57 1889
14 22 1890
38 40 1891
43 100 1892
17 77 1893
69 78 1894
52 57 1895
57 88 1896
43 72 1897
34 101 1898
26 52 1899
7 24 1900
34 92 1901
62 72 1902
20 35 1903
42 67 1904
78 97 1905
6 34 1906
1 22 1907
70 75 1908
12 38 1909
73 76 1910
48 52 1911
54 63 1912
45 58 1913
10 57 1914
48 54 1915
6 49 1916
10 73 1917
29 45 1918
26 66 1919
90 98 1920
11 54 1921
36 96 1922
43 78 1923
50 63 1924
53 63 1925
41 97 1926
42 59 1927
26 97 1928
41 61 1929
1 59 1930
34 99 1931
55 65 1932
55 69 1933
94 98 1934
4 40 1935
23 101 1936
71 79 1937
63 89 1938
19 77 1939
53 58 1940
4 35 1941
23 59 1942
38 99 1943
47 94 1944
31 99 1945
1 44 1946
17 87 1947
32 33 1948
2 50 1949
10 27 1950
68 70 1951
11 40 1952
12 65 1953
22 33 1954
30 101 1955
25 39 1956
68 97 1957
71 80 1958
38 98 1959
47 53 1960
4 21 1961
28 91 1962
31 98 1963
19 40 1964
34 39 1965
62 71 1966
23 65 1967
26 79 1968
80 97 1969
1 42 1970
24 33 1971
29 42 1972
43 85 1973
25 54 1974
35 77 1975
3 62 1976
12 59 1977
23 70 1978
65 82 1979
15 51 1980
43 71 1981
20 76 1982
27 75 1983
55 88 1984
24 76 1985
66 69 1986
65 69 1987
8 23 1988
5 35 1989
18 51 1990
30 72 1991
41 101 1992
62 84 1993
54 57 1994
29 88 1995
41 93 1996
45 91 1997
23 46 1998
16 19 1999
35 73 2000
9 63 2001
36 97 2002
42 58 2003
42 99 2004
19 54 2005
20 90 2006
53 54 2007
48 72 2008
63 72 2009
32 100 2010
46 88 2011
37 101 2012
8 29 2013
49 68 2014
17 25 2015
62 90 2016
12 23 2017
39 48 2018
37 98 2019
28 34 2020
40 92 2021
27 35 2022
41 47 2023
51 68 2024
23 37 2025
51 54 2026
13 59 2027
53 64 2028
58 71 2029
46 69 2030
35 85 2031
45 69 2032
30 74 2033
17 76 2034
44 98 2035
38 47 2036
15 22 2037
26 51 2038
26 71 2039
26 67 2040
11 59 2041
18 86 2042
46 71 2043
9 87 2044
63 83 2045
27 101 2046
28 86 2047
54 66 2048
12 29 2049
7 23 2050
1 21 2051
57 87 2052
14 90 2053
29 39 2054
9 67 2055
27 77 2056
40 65 2057
44 99 2058
30 97 2059
93 98 2060
47 95 2061
19 88 2062
29 95 2063
30 65 2064
7 53 2065
3 44 2066
32 41 2067
69 73 2068
23 51 2069
49 51 2070
8 76 2071
40 41 2072
44 69 2073
87 98 2074
25 94 2075
39 100 2076
55 72 2077
28 54 2078
46 68 2079
45 101 2080
57 71 2081
52 65 2082
37 99 2083
17 52 2084
35 62 2085
58 90 2086
17 88 2087
18 53 2088
67 69 2089
32 46 2090
20 25 2091
12 70 2092
30 93 2093
3 42 2094
14 83 2095
50 55 2096
68 78 2097
33 42 2098
24 85 2099
40 67 2100
63 71 2101
28 101 2102
55 68 2103
13 37 2104
34 73 2105
40 101 2106
8 68 2107
32 52 2108
48 88 2109
50 64 2110
52 67 2111
26 101 2112
69 77 2113
53 65 2114
22 95 2115
22 78 2116
57 86 2117
6 35 2118
45 68 2119
64 93 2120
8 77 2121
8 69 2122
43 82 2123
53 67 2124
12 77 2125
42 49 2126
10 26 2127
29 90 2128
37 39 2129
5 65 2130
24 101 2131
20 86 2132
44 51 2133
44 68 2134
9 95 2135
71 97 2136
25 87 2137
40 66 2138
41 60 2139
54 64 2140
19 76 2141
22 35 2142
66 82 2143
13 71 2144
32 35 2145
45 96 2146
55 87 2147
12 45 2148
20 78 2149
42 100 2150
55 71 2151
41 86 2152
48 50 2153
44 92 2154
46 57 2155
49 52 2156
34 40 2157
60 72 2158
32 47 2159
15 78 2160
10 72 2161
38 100 2162
46 51 2163
24 59 2164
31 100 2165
13 29 2166
23 96 2167
57 85 2168
37 92 2169
24 93 2170
11 65 2171
13 40 2172
22 76 2173
15 88 2174
31 73 2175
52 68 2176
22 91 2177
35 41 2178
64 72 2179
15 53 2180
41 62 2181
38 92 2182
55 85 2183
44 100 2184
53 59 2185
1 28 2186
5 59 2187
1 23 2188
28 41 2189
28 40 2190
45 89 2191
69 75 2192
28 33 2193
64 94 2194
7 38 2195
18 45 2196
29 94 2197
35 64 2198
39 61 2199
12 76 2200
22 86 2201
32 73 2202
34 65 2203
13 65 2204
21 32 2205
32 54 2206
7 25 2207
23 53 2208
26 33 2209
51 69 2210
20 41 2211
30 51 2212
54 59 2213
50 70 2214
53 57 2215
49 101 2216
11 55 2217
15 25 2218
48 53 2219
10 74 2220
40 70 2221
26 49 2222
26 84 2223
35 65 2224
55 86 2225
26 53 2226
15 86 2227
45 57 2228
24 55 2229
28 73 2230
26 48 2231
12 37 2232
36 44 2233
91 98 2234
20 54 2235
4 45 2236
6 59 2237
60 88 2238
6 75 2239
69 74 2240
49 54 2241
25 45 2242
36 101 2243
16 18 2244
20 95 2245
38 61 2246
12 55 2247
30 70 2248
30 99 2249
18 55 2250
34 100 2251
2 43 2252
30 75 2253
61 72 2254
27 54 2255
92 98 2256
28 96 2257
28 89 2258
30 66 2259
13 24 2260
23 47 2261
24 82 2262
49 69 2263
32 34 2264
24 83 2265
15 55 2266
30 53 2267
49 95 2268
14 94 2269
24 51 2270
15 36 2271
70 72 2272
64 96 2273
24 65 2274
50 66 2275
11 38 2276
47 101 2277
16 65 2278
22 94 2279
23 58 2280
63 95 2281
28 35 2282
30 46 2283
15 69 2284
19 37 2285
21 22 2286
41 98 2287
6 38 2288
46 55 2289
60 71 2290
43 83 2291
7 50 2292
26 37 2293
47 77 2294
30 33 2295
19 86 2296
25 62 2297
9 62 2298
20 38 2299
23 93 2300
25 91 2301
23 66 2302
61 71 2303
3 60 2304
40 98 2305
8 60 2306
36 87 2307
41 64 2308
41 92 2309
14 85 2310
35 58 2311
64 71 2312
63 91 2313
27 38 2314
23 85 2315
27 93 2316
10 24 2317
18 95 2318
26 50 2319
35 59 2320
5 29 2321
11 45 2322
24 46 2323
37 100 2324
38 79 2325
13 38 2326
26 64 2327
22 101 2328
30 98 2329
41 46 2330
54 67 2331
2 59 2332
23 55 2333
30 37 2334
67 81 2335
31 92 2336
35 83 2337
8 25 2338
21 31 2339
32 65 2340
13 23 2341
59 88 2342
31 40 2343
41 99 2344
58 83 2345
10 28 2346
30 77 2347
35 70 2348
19 45 2349
19 52 2350
25 52 2351
14 63 2352
45 97 2353
31 34 2354
20 101 2355
86 98 2356
54 68 2357
44 57 2358
41 63 2359
48 95 2360
68 77 2361
31 35 2362
1 62 2363
32 92 2364
7 22 2365
36 98 2366
34 72 2367
10 37 2368
15 95 2369
18 58 2370
22 54 2371
44 55 2372
50 59 2373
50 65 2374
36 99 2375
40 59 2376
32 62 2377
59 72 2378
60 87 2379
4 65 2380
31 33 2381
4 62 2382
18 90 2383
25 101 2384
40 99 2385
38 46 2386
14 62 2387
26 98 2388
39 79 2389
38 64 2390
8 22 2391
35 60 2392
22 89 2393
54 65 2394
44 52 2395
53 68 2396
26 68 2397
51 71 2398
59 71 2399
20 94 2400
27 33 2401
39 64 2402
8 64 2403
48 94 2404
35 63 2405
24 53 2406
51 53 2407
40 79 2408
50 58 2409
20 40 2410
29 40 2411
26 99 2412
27 97 2413
44 50 2414
47 97 2415
24 97 2416
11 24 2417
67 97 2418
7 37 2419
18 70 2420
17 51 2421
35 72 2422
10 23 2423
60 85 2424
30 47 2425
5 38 2426
15 65 2427
35 79 2428
42 79 2429
47 79 2430
52 71 2431
9 78 2432
63 92 2433
18 50 2434
35 66 2435
61 88 2436
13 33 2437
30 59 2438
43 76 2439
68 73 2440
23 60 2441
39 60 2442
51 101 2443
38 77 2444
60 86 2445
14 84 2446
28 38 2447
24 47 2448
19 95 2449
35 61 2450
41 100 2451
11 52 2452
12 52 2453
12 51 2454
49 71 2455
11 51 2456
29 89 2457
34 66 2458
52 101 2459
85 98 2460
30 100 2461
38 60 2462
31 54 2463
42 77 2464
6 65 2465
10 40 2466
14 91 2467
17 86 2468
23 100 2469
38 48 2470
14 67 2471
43 55 2472
16 55 2473
10 60 2474
26 69 2475
3 63 2476
10 62 2477
12 66 2478
14 64 2479
39 62 2480
16 57 2481
5 33 2482
6 29 2483
13 52 2484
38 62 2485
38 70 2486
29 91 2487
40 100 2488
8 87 2489
58 95 2490
21 25 2491
46 94 2492
48 77 2493
31 52 2494
68 75 2495
69 70 2496
11 23 2497
25 40 2498
45 55 2499
47 96 2500
26 58 2501
26 60 2502
16 30 2503
45 51 2504
6 33 2505
23 82 2506
32 38 2507
34 77 2508
35 78 2509
40 58 2510
4 64 2511
16 43 2512
50 67 2513
2 44 2514
38 65 2515
25 86 2516
46 52 2517
19 90 2518
23 99 2519
28 74 2520
1 41 2521
15 50 2522
31 77 2523
27 76 2524
58 89 2525
3 64 2526
28 52 2527
27 99 2528
41 65 2529
11 70 2530
39 70 2531
23 79 2532
37 79 2533
54 69 2534
40 77 2535
16 32 2536
9 94 2537
26 55 2538
38 63 2539
18 78 2540
49 88 2541
23 71 2542
12 33 2543
24 58 2544
38 66 2545
24 99 2546
39 63 2547
54 88 2548
15 45 2549
8 71 2550
13 78 2551
39 65 2552
49 94 2553
36 100 2554
10 50 2555
15 57 2556
29 101 2557
27 52 2558
57 84 2559
96 98 2560
28 99 2561
26 100 2562
27 65 2563
53 88 2564
22 52 2565
24 79 2566
43 53 2567
15 68 2568
23 97 2569
23 67 2570
36 86 2571
32 64 2572
44 77 2573
14 79 2574
41 48 2575
30 62 2576
58 101 2577
27 98 2578
27 46 2579
32 59 2580
42 68 2581
31 74 2582
17 70 2583
7 49 2584
48 101 2585
13 87 2586
21 30 2587
16 52 2588
30 64 2589
19 101 2590
53 69 2591
47 76 2592
61 87 2593
44 71 2594
47 89 2595
34 41 2596
62 83 2597
30 55 2598
34 70 2599
55 101 2600
11 37 2601
68 74 2602
72 76 2603
18 101 2604
27 100 2605
31 72 2606
8 36 2607
28 72 2608
17 53 2609
62 89 2610
30 92 2611
64 82 2612
46 89 2613
36 93 2614
18 59 2615
32 72 2616
6 37 2617
5 37 2618
38 41 2619
47 90 2620
25 38 2621
7 58 2622
13 66 2623
16 60 2624
22 37 2625
27 78 2626
2 49 2627
24 92 2628
27 85 2629
63 96 2630
59 85 2631
34 62 2632
23 83 2633
25 55 2634
39 66 2635
39 77 2636
15 101 2637
45 87 2638
8 63 2639
30 50 2640
8 95 2641
33 54 2642
38 67 2643
59 87 2644
20 91 2645
45 99 2646
52 69 2647
5 21 2648
24 100 2649
11 29 2650
23 49 2651
34 85 2652
1 33 2653
28 97 2654
41 70 2655
8 62 2656
24 98 2657
30 67 2658
1 29 2659
47 73 2660
9 47 2661
42 69 2662
63 94 2663
8 33 2664
46 95 2665
9 21 2666
11 66 2667
13 55 2668
24 70 2669
17 58 2670
42 52 2671
68 69 2672
23 50 2673
24 64 2674
46 50 2675
3 34 2676
25 89 2677
70 76 2678
44 79 2679
12 71 2680
31 62 2681
17 55 2682
53 101 2683
50 57 2684
11 77 2685
11 76 2686
34 59 2687
47 78 2688
14 82 2689
14 96 2690
19 55 2691
20 52 2692
23 64 2693
54 71 2694
23 98 2695
28 100 2696
47 91 2697
13 69 2698
14 101 2699
16 70 2700
34 64 2701
45 98 2702
32 66 2703
45 100 2704
19 51 2705
24 50 2706
25 34 2707
1 34 2708
18 36 2709
41 67 2710
29 87 2711
54 87 2712
54 86 2713
17 95 2714
61 86 2715
3 56 2716
24 66 2717
4 63 2718
49 53 2719
16 77 2720
48 79 2721
25 96 2722
69 72 2723
90 101 2724
4 60 2725
23 36 2726
35 74 2727
40 49 2728
41 66 2729
59 86 2730
54 85 2731
8 67 2732
1 60 2733
24 62 2734
27 59 2735
3 65 2736
31 41 2737
9 48 2738
13 95 2739
39 67 2740
32 70 2741
18 94 2742
31 38 2743
38 59 2744
53 87 2745
42 85 2746
13 68 2747
33 45 2748
20 45 2749
55 84 2750
26 61 2751
13 51 2752
34 74 2753
71 78 2754
37 77 2755
53 86 2756
63 93 2757
22 79 2758
49 50 2759
61 85 2760
15 49 2761
58 73 2762
49 96 2763
28 98 2764
35 67 2765
43 73 2766
32 74 2767
38 78 2768
12 53 2769
24 60 2770
83 98 2771
2 31 2772
32 53 2773
50 52 2774
32 77 2775
57 73 2776
65 97 2777
21 43 2778
5 66 2779
1 64 2780
35 82 2781
50 101 2782
9 90 2783
21 39 2784
43 54 2785
54 72 2786
4 38 2787
51 72 2788
6 21 2789
24 84 2790
17 101 2791
27 92 2792
30 76 2793
47 87 2794
39 59 2795
17 78 2796
32 67 2797
37 40 2798
48 96 2799
11 53 2800
25 35 2801
35 76 2802
39 49 2803
58 96 2804
27 64 2805
31 65 2806
1 73 2807
19 78 2808
16 31 2809
23 92 2810
40 78 2811
26 63 2812
55 90 2813
18 71 2814
26 36 2815
37 45 2816
37 82 2817
2 42 2818
5 64 2819
15 21 2820
1 63 2821
4 37 2822
12 57 2823
95 101 2824
5 62 2825
13 53 2826
36 92 2827
16 66 2828
2 62 2829
22 100 2830
30 68 2831
1 48 2832
51 95 2833
9 101 2834
24 49 2835
16 76 2836
25 99 2837
23 48 2838
46 72 2839
94 101 2840
21 33 2841
19 94 2842
84 98 2843
52 86 2844
24 37 2845
52 72 2846
11 33 2847
23 62 2848
31 75 2849
71 74 2850
70 71 2851
24 67 2852
32 63 2853
21 24 2854
27 47 2855
25 100 2856
45 71 2857
62 95 2858
34 67 2859
10 75 2860
52 95 2861
27 70 2862
12 69 2863
34 83 2864
53 71 2865
88 101 2866
32 61 2867
12 68 2868
58 91 2869
16 42 2870
60 90 2871
18 49 2872
42 78 2873
48 76 2874
29 73 2875
11 57 2876
49 72 2877
17 90 2878
32 48 2879
16 62 2880
53 95 2881
93 101 2882
52 88 2883
11 50 2884
14 61 2885
52 87 2886
28 51 2887
46 101 2888
9 88 2889
35 49 2890
15 90 2891
28 55 2892
35 47 2893
35 46 2894
17 71 2895
29 97 2896
29 96 2897
30 49 2898
39 78 2899
47 75 2900
91 101 2901
25 41 2902
58 82 2903
48 78 2904
24 61 2905
28 93 2906
42 72 2907
1 65 2908
32 55 2909
48 97 2910
38 82 2911
68 72 2912
27 83 2913
12 50 2914
30 85 2915
19 53 2916
60 84 2917
62 91 2918
89 98 2919
24 71 2920
48 89 2921
27 66 2922
34 63 2923
25 97 2924
57 90 2925
12 36 2926
32 51 2927
45 50 2928
6 62 2929
22 58 2930
20 89 2931
34 58 2932
40 82 2933
55 95 2934
14 81 2935
28 77 2936
30 71 2937
37 78 2938
34 75 2939
15 83 2940
25 98 2941
2 64 2942
32 60 2943
35 75 2944
25 51 2945
49 97 2946
38 58 2947
2 65 2948
32 75 2949
37 61 2950
43 75 2951
27 71 2952
27 51 2953
23 68 2954
22 46 2955
33 39 2956
22 99 2957
44 72 2958
30 63 2959
23 57 2960
48 90 2961
12 101 2962
20 100 2963
30 60 2964
18 91 2965
46 90 2966
26 62 2967
50 95 2968
47 100 2969
71 73 2970
5 95 2971
62 73 2972
63 82 2973
13 57 2974
20 70 2975
29 86 2976
5 70 2977
20 55 2978
31 46 2979
65 81 2980
66 97 2981
32 49 2982
19 70 2983
28 75 2984
12 87 2985
48 87 2986
34 61 2987
42 82 2988
35 38 2989
34 60 2990
8 94 2991
54 101 2992
6 64 2993
19 21 2994
48 73 2995
33 95 2996
39 82 2997
15 66 2998
25 73 2999
71 77 3000
48 91 3001
52 85 3002
37 60 3003
39 58 3004
24 48 3005
23 61 3006
13 88 3007
32 85 3008
50 68 3009
97 98 3010
12 95 3011
27 55 3012
14 21 3013
50 54 3014
5 60 3015
27 67 3016
22 96 3017
28 46 3018
29 74 3019
1 45 3020
37 85 3021
5 63 3022
50 51 3023
15 85 3024
57 83 3025
69 76 3026
33 55 3027
42 71 3028
45 52 3029
47 99 3030
10 49 3031
42 57 3032
40 69 3033
40 68 3034
44 78 3035
25 58 3036
33 52 3037
23 69 3038
92 101 3039
65 72 3040
37 59 3041
9 86 3042
18 57 3043
12 22 3044
22 82 3045
42 51 3046
20 85 3047
4 66 3048
57 101 3049
29 99 3050
41 59 3051
55 83 3052
12 25 3053
64 97 3054
45 93 3055
21 44 3056
61 90 3057
30 83 3058
58 94 3059
31 85 3060
10 33 3061
31 64 3062
17 50 3063
34 52 3064
10 38 3065
16 68 3066
25 93 3067
39 85 3068
46 91 3069
5 68 3070
46 54 3071
18 85 3072
20 71 3073
47 98 3074
95 99 3075
7 21 3076
30 58 3077
1 39 3078
2 25 3079
26 57 3080
37 62 3081
64 101 3082
31 47 3083
59 84 3084
3 41 3085
15 94 3086
22 59 3087
59 90 3088
31 55 3089
35 84 3090
46 97 3091
2 60 3092
23 63 3093
32 50 3094
31 70 3095
34 35 3096
46 96 3097
71 75 3098
35 48 3099
19 36 3100
35 68 3101
40 83 3102
8 101 3103
34 54 3104
11 68 3105
10 65 3106
11 69 3107
17 36 3108
31 66 3109
34 71 3110
25 53 3111
29 100 3112
19 91 3113
66 81 3114
20 99 3115
13 45 3116
37 64 3117
37 70 3118
6 60 3119
4 48 3120
47 86 3121
22 51 3122
13 101 3123
27 62 3124
3 47 3125
20 96 3126
25 77 3127
25 74 3128
16 53 3129
16 51 3130
2 63 3131
16 71 3132
26 81 3133
21 28 3134
28 53 3135
28 62 3136
37 65 3137
32 58 3138
14 89 3139
82 98 3140
65 71 3141
57 77 3142
5 69 3143
29 41 3144
40 52 3145
49 100 3146
33 62 3147
23 84 3148
24 63 3149
29 98 3150
22 97 3151
17 94 3152
18 83 3153
30 48 3154
6 66 3155
11 71 3156
28 65 3157
63 73 3158
30 78 3159
38 83 3160
74 98 3161
3 35 3162
36 45 3163
65 101 3164
51 94 3165
13 50 3166
50 88 3167
10 63 3168
30 61 3169
37 83 3170
24 57 3171
29 34 3172
53 72 3173
17 59 3174
17 45 3175
22 85 3176
20 79 3177
45 86 3178
58 77 3179
70 101 3180
20 51 3181
27 82 3182
28 64 3183
61 84 3184
13 25 3185
34 76 3186
35 71 3187
22 98 3188
38 69 3189
44 54 3190
62 94 3191
6 63 3192
49 99 3193
53 85 3194
87 101 3195
45 72 3196
62 92 3197
27 61 3198
4 95 3199
36 42 3200
34 78 3201
62 93 3202
34 46 3203
18 96 3204
31 53 3205
67 71 3206
19 58 3207
42 83 3208
8 78 3209
55 73 3210
15 84 3211
1 74 3212
40 72 3213
28 47 3214
4 87 3215
42 50 3216
67 72 3217
19 71 3218
22 83 3219
64 81 3220
38 72 3221
63 101 3222
12 78 3223
33 101 3224
57 95 3225
20 59 3226
27 49 3227
34 47 3228
46 53 3229
67 80 3230
19 50 3231
31 78 3232
49 98 3233
20 53 3234
5 94 3235
20 21 3236
21 26 3237
70 98 3238
29 72 3239
22 55 3240
39 83 3241
49 90 3242
27 60 3243
49 86 3244
3 37 3245
9 83 3246
18 89 3247
20 58 3248
38 52 3249
27 63 3250
1 35 3251
57 89 3252
53 94 3253
62 96 3254
25 61 3255
32 83 3256
49 87 3257
29 35 3258
69 101 3259
7 57 3260
38 85 3261
30 69 3262
39 69 3263
31 76 3264
35 54 3265
22 60 3266
62 101 3267
5 101 3268
15 96 3269
7 73 3270
32 37 3271
58 93 3272
29 33 3273
48 75 3274
52 94 3275
16 35 3276
27 53 3277
10 21 3278
11 101 3279
38 49 3280
68 76 3281
54 95 3282
55 89 3283
31 83 3284
48 86 3285
33 34 3286
40 85 3287
68 71 3288
35 69 3289
42 55 3290
19 100 3291
20 83 3292
8 90 3293
22 93 3294
9 46 3295
35 52 3296
16 63 3297
24 68 3298
13 86 3299
34 68 3300
30 79 3301
19 85 3302
31 51 3303
22 47 3304
67 101 3305
18 65 3306
58 92 3307
20 37 3308
34 79 3309
31 67 3310
4 77 3311
9 91 3312
29 38 3313
73 98 3314
18 100 3315
58 81 3316
3 45 3317
60 73 3318
15 60 3319
11 49 3320
19 59 3321
31 63 3322
72 101 3323
62 82 3324
31 59 3325
11 22 3326
15 91 3327
2 30 3328
12 60 3329
25 64 3330
67 79 3331
94 99 3332
39 52 3333
32 76 3334
55 77 3335
3 40 3336
37 66 3337
1 72 3338
32 68 3339
33 41 3340
37 63 3341
18 21 3342
34 69 3343
22 70 3344
7 33 3345
31 79 3346
28 50 3347
19 96 3348
12 49 3349
28 66 3350
64 73 3351
10 95 3352
12 64 3353
53 96 3354
5 77 3355
32 71 3356
68 101 3357
27 79 3358
85 101 3359
1 47 3360
45 92 3361
8 47 3362
22 53 3363
54 84 3364
4 68 3365
96 101 3366
19 99 3367
88 99 3368
25 63 3369
44 82 3370
48 100 3371
4 70 3372
55 96 3373
13 90 3374
20 98 3375
9 61 3376
33 35 3377
49 77 3378
17 91 3379
50 69 3380
63 97 3381
18 99 3382
50 96 3383
19 89 3384
8 88 3385
22 65 3386
46 77 3387
2 41 3388
20 97 3389
33 40 3390
48 98 3391
51 96 3392
14 98 3393
37 58 3394
14 97 3395
17 85 3396
46 87 3397
20 65 3398
41 69 3399
27 37 3400
54 90 3401
11 95 3402
51 88 3403
29 46 3404
40 71 3405
5 76 3406
13 94 3407
52 96 3408
16 69 3409
18 69 3410
47 74 3411
28 59 3412
4 101 3413
33 98 3414
36 61 3415
95 100 3416
31 61 3417
86 101 3418
50 94 3419
58 97 3420
36 62 3421
58 74 3422
22 36 3423
38 68 3424
1 40 3425
5 87 3426
71 72 3427
4 76 3428
57 75 3429
57 96 3430
41 79 3431
24 36 3432
11 25 3433
32 78 3434
93 99 3435
48 99 3436
3 68 3437
66 72 3438
66 101 3439
72 98 3440
22 62 3441
33 51 3442
33 99 3443
60 101 3444
69 98 3445
49 91 3446
55 94 3447
90 99 3448
27 68 3449
28 85 3450
36 64 3451
63 81 3452
58 75 3453
11 36 3454
44 53 3455
8 48 3456
8 86 3457
15 82 3458
25 60 3459
34 49 3460
45 54 3461
12 94 3462
6 68 3463
9 85 3464
30 82 3465
28 92 3466
61 73 3467
20 82 3468
21 27 3469
11 60 3470
2 27 3471
51 100 3472
50 71 3473
5 67 3474
8 21 3475
66 71 3476
2 73 3477
33 60 3478
15 100 3479
29 62 3480
60 95 3481
18 60 3482
25 59 3483
28 49 3484
25 49 3485
28 37 3486
33 97 3487
42 76 3488
57 74 3489
37 38 3490
49 89 3491
29 77 3492
11 87 3493
12 67 3494
21 54 3495
51 85 3496
51 97 3497
59 95 3498
13 60 3499
73 101 3500
38 76 3501
60 83 3502
19 65 3503
36 79 3504
11 64 3505
17 83 3506
27 48 3507
28 76 3508
68 98 3509
51 86 3510
34 38 3511
17 49 3512
40 76 3513
16 34 3514
33 64 3515
40 51 3516
24 69 3517
44 76 3518
35 55 3519
41 58 3520
39 72 3521
41 68 3522
6 101 3523
17 96 3524
39 68 3525
3 66 3526
57 76 3527
20 93 3528
21 52 3529
51 77 3530
13 62 3531
37 72 3532
12 88 3533
29 54 3534
31 71 3535
46 79 3536
27 84 3537
50 53 3538
16 64 3539
27 58 3540
33 53 3541
19 49 3542
28 67 3543
2 32 3544
27 50 3545
18 79 3546
28 70 3547
10 64 3548
4 47 3549
31 50 3550
14 100 3551
12 62 3552
51 87 3553
97 101 3554
16 44 3555
7 36 3556
32 69 3557
6 70 3558
33 90 3559
22 71 3560
51 99 3561
1 101 3562
17 69 3563
22 61 3564
12 63 3565
21 38 3566
76 101 3567
47 93 3568
59 73 3569
43 74 3570
44 83 3571
13 36 3572
14 93 3573
2 66 3574
41 49 3575
3 39 3576
59 101 3577
25 50 3578
53 90 3579
31 37 3580
46 100 3581
29 75 3582
60 89 3583
58 78 3584
3 61 3585
37 67 3586
29 93 3587
32 79 3588
34 48 3589
39 51 3590
33 49 3591
37 41 3592
45 77 3593
4 69 3594
9 93 3595
18 84 3596
16 39 3597
52 97 3598
30 36 3599
34 84 3600
35 50 3601
9 84 3602
31 60 3603
2 24 3604
18 97 3605
44 85 3606
59 83 3607
64 80 3608
4 94 3609
62 74 3610
92 99 3611
1 66 3612
2 21 3613
15 62 3614
15 79 3615
40 57 3616
53 89 3617
17 100 3618
34 82 3619
31 82 3620
33 100 3621
52 100 3622
94 100 3623
19 83 3624
37 47 3625
50 86 3626
15 98 3627
33 63 3628
37 73 3629
43 84 3630
42 54 3631
53 97 3632
58 76 3633
2 26 3634
46 99 3635
55 91 3636
5 36 3637
50 97 3638
17 65 3639
50 87 3640
2 68 3641
54 96 3642
25 37 3643
25 78 3644
17 57 3645
75 98 3646
54 83 3647
11 62 3648
49 79 3649
13 22 3650
28 63 3651
51 98 3652
62 75 3653
28 78 3654
60 91 3655
7 72 3656
18 66 3657
6 48 3658
25 92 3659
12 90 3660
39 76 3661
59 96 3662
28 61 3663
5 48 3664
46 76 3665
10 66 3666
60 96 3667
17 21 3668
71 76 3669
81 98 3670
4 36 3671
25 85 3672
38 71 3673
34 53 3674
57 78 3675
67 98 3676
28 83 3677
22 92 3678
15 99 3679
49 78 3680
13 64 3681
3 38 3682
37 48 3683
57 82 3684
47 85 3685
18 98 3686
20 84 3687
58 80 3688
13 67 3689
46 98 3690
58 79 3691
45 79 3692
65 80 3693
21 42 3694
29 47 3695
57 94 3696
25 72 3697
52 84 3698
77 101 3699
36 63 3700
91 99 3701
31 68 3702
22 66 3703
8 83 3704
61 101 3705
77 98 3706
7 74 3707
14 99 3708
45 53 3709
11 63 3710
19 98 3711
98 101 3712
19 97 3713
13 83 3714
49 85 3715
10 94 3716
33 58 3717
33 96 3718
22 48 3719
52 99 3720
7 59 3721
18 68 3722
41 77 3723
13 63 3724
5 90 3725
6 69 3726
55 76 3727
6 95 3728
22 49 3729
69 71 3730
20 66 3731
38 51 3732
52 83 3733
6 36 3734
54 94 3735
93 100 3736
28 60 3737
11 21 3738
57 91 3739
8 91 3740
51 79 3741
17 99 3742
35 53 3743
24 81 3744
29 64 3745
36 77 3746
38 73 3747
13 49 3748
27 69 3749
28 71 3750
25 82 3751
49 76 3752
12 86 3753
47 92 3754
48 74 3755
9 98 3756
37 69 3757
55 97 3758
1 68 3759
50 100 3760
8 85 3761
20 36 3762
35 57 3763
47 83 3764
46 78 3765
18 82 3766
48 85 3767
84 101 3768
9 81 3769
33 65 3770
40 73 3771
2 22 3772
42 73 3773
47 82 3774
57 79 3775
1 75 3776
17 89 3777
29 52 3778
52 98 3779
71 101 3780
52 90 3781
87 99 3782
11 67 3783
22 50 3784
58 100 3785
52 77 3786
31 48 3787
11 78 3788
20 50 3789
33 61 3790
35 51 3791
51 78 3792
51 90 3793
9 100 3794
74 101 3795
15 67 3796
52 89 3797
89 101 3798
17 84 3799
64 79 3800
25 57 3801
16 78 3802
19 66 3803
43 81 3804
63 74 3805
34 51 3806
62 81 3807
75 101 3808
46 73 3809
59 94 3810
50 99 3811
58 98 3812
63 80 3813
22 84 3814
40 50 3815
59 89 3816
23 81 3817
34 55 3818
61 89 3819
44 73 3820
9 79 3821
4 67 3822
6 47 3823
15 97 3824
32 82 3825
55 100 3826
55 78 3827
36 60 3828
33 38 3829
96 99 3830
16 41 3831
21 62 3832
90 100 3833
19 57 3834
54 89 3835
13 96 3836
13 91 3837
39 73 3838
29 71 3839
34 50 3840
53 100 3841
13 85 3842
6 67 3843
39 71 3844
20 60 3845
29 61 3846
15 81 3847
22 64 3848
39 50 3849
9 99 3850
27 36 3851
40 55 3852
41 78 3853
61 83 3854
9 96 3855
46 86 3856
19 79 3857
48 93 3858
65 98 3859
15 89 3860
2 101 3861
12 100 3862
15 63 3863
59 91 3864
37 68 3865
36 39 3866
62 77 3867
2 45 3868
50 98 3869
17 60 3870
53 99 3871
31 58 3872
63 75 3873
25 75 3874
4 90 3875
5 93 3876
79 98 3877
31 49 3878
12 21 3879
22 57 3880
37 76 3881
55 82 3882
42 53 3883
83 101 3884
9 82 3885
41 82 3886
65 79 3887
62 97 3888
65 73 3889
20 69 3890
58 99 3891
11 94 3892
21 58 3893
30 57 3894
33 91 3895
37 46 3896
28 48 3897
78 98 3898
53 91 3899
92 100 3900
2 39 3901
16 101 3902
50 72 3903
20 57 3904
19 84 3905
60 82 3906
66 80 3907
53 84 3908
50 85 3909
31 69 3910
7 101 3911
62 78 3912
55 74 3913
1 37 3914
10 90 3915
60 94 3916
76 98 3917
35 37 3918
21 55 3919
8 61 3920
25 47 3921
48 82 3922
43 80 3923
70 99 3924
63 79 3925
96 100 3926
5 47 3927
25 83 3928
19 69 3929
22 67 3930
28 58 3931
30 84 3932
13 100 3933
20 62 3934
29 92 3935
61 91 3936
20 92 3937
37 52 3938
16 50 3939
18 62 3940
17 68 3941
53 98 3942
7 95 3943
17 98 3944
62 79 3945
10 87 3946
60 93 3947
64 74 3948
17 82 3949
36 65 3950
60 92 3951
16 67 3952
64 98 3953
2 72 3954
41 85 3955
8 93 3956
62 76 3957
15 64 3958
33 66 3959
49 93 3960
55 79 3961
78 101 3962
60 75 3963
36 70 3964
57 97 3965
36 78 3966
22 63 3967
29 48 3968
2 74 3969
22 81 3970
25 46 3971
39 57 3972
64 75 3973
5 71 3974
50 90 3975
37 71 3976
61 95 3977
8 84 3978
53 83 3979
67 78 3980
91 100 3981
51 76 3982
10 45 3983
13 84 3984
12 98 3985
62 80 3986
12 99 3987
36 67 3988
29 63 3989
54 97 3990
60 77 3991
55 99 3992
18 93 3993
63 77 3994
17 97 3995
45 78 3996
8 46 3997
16 87 3998
6 77 3999
38 54 4000
17 79 4001
13 98 4002
50 89 4003
88 100 4004
53 77 4005
80 98 4006
48 83 4007
64 78 4008
19 60 4009
36 66 4010
41 71 4011
29 65 4012
36 46 4013
97 99 4014
28 36 4015
67 73 4016
33 47 4017
59 82 4018
55 93 4019
61 92 4020
2 23 4021
33 57 4022
52 79 4023
21 51 4024
6 94 4025
7 65 4026
12 91 4027
66 79 4028
100 101 4029
32 84 4030
36 82 4031
97 100 4032
86 99 4033
6 76 4034
8 100 4035
11 90 4036
21 34 4037
29 76 4038
8 98 4039
1 61 4040
17 62 4041
28 79 4042
54 77 4043
59 92 4044
46 93 4045
36 47 4046
33 50 4047
19 93 4048
54 73 4049
57 81 4050
82 101 4051
25 79 4052
40 75 4053
35 81 4054
13 99 4055
64 77 4056
71 98 4057
10 68 4058
21 40 4059
31 84 4060
52 78 4061
8 99 4062
42 75 4063
52 91 4064
36 85 4065
60 76 4066
10 77 4067
60 74 4068
63 78 4069
38 57 4070
3 85 4071
48 92 4072
1 38 4073
66 98 4074
14 92 4075
20 81 4076
38 55 4077
29 51 4078
99 101 4079
17 66 4080
21 35 4081
20 67 4082
37 54 4083
55 92 4084
46 92 4085
13 82 4086
55 98 4087
4 88 4088
10 76 4089
57 92 4090
59 74 4091
44 75 4092
63 76 4093
19 82 4094
41 57 4095
46 75 4096
13 79 4097
28 82 4098
12 83 4099
3 67 4100
5 91 4101
54 91 4102
37 81 4103
4 61 4104
2 40 4105
19 68 4106
85 99 4107
51 91 4108
57 93 4109
2 67 4110
69 99 4111
27 57 4112
20 49 4113
72 99 4114
13 21 4115
59 77 4116
61 75 4117
3 87 4118
11 100 4119
54 100 4120
12 96 4121
29 37 4122
11 88 4123
59 75 4124
9 97 4125
4 85 4126
4 86 4127
8 82 4128
28 68 4129
4 93 4130
12 85 4131
26 80 4132
45 76 4133
61 96 4134
61 74 4135
38 50 4136
16 20 4137
16 61 4138
29 79 4139
38 81 4140
57 100 4141
2 48 4142
98 100 4143
61 77 4144
1 87 4145
15 61 4146
29 70 4147
10 91 4148
21 41 4149
10 101 4150
29 60 4151
36 59 4152
3 86 4153
18 61 4154
98 99 4155
29 66 4156
40 54 4157
8 96 4158
11 99 4159
51 89 4160
67 77 4161
4 71 4162
61 76 4163
7 94 4164
32 57 4165
10 70 4166
49 73 4167
51 84 4168
54 99 4169
38 75 4170
40 81 4171
64 76 4172
18 81 4173
25 76 4174
29 85 4175
2 33 4176
15 93 4177
41 72 4178
65 77 4179
9 92 4180
60 78 4181
29 55 4182
2 28 4183
10 36 4184
33 87 4185
41 83 4186
63 98 4187
50 91 4188
61 93 4189
25 65 4190
5 100 4191
29 78 4192
39 55 4193
6 87 4194
14 48 4195
51 73 4196
61 94 4197
1 67 4198
51 83 4199
52 82 4200
53 79 4201
34 57 4202
59 93 4203
68 99 4204
65 78 4205
18 67 4206
1 46 4207
36 73 4208
11 86 4209
20 68 4210
37 74 4211
5 98 4212
19 62 4213
13 81 4214
59 97 4215
52 76 4216
67 74 4217
67 99 4218
8 81 4219
29 83 4220
67 75 4221
3 83 4222
65 99 4223
21 53 4224
57 99 4225
64 99 4226
59 76 4227
54 98 4228
64 100 4229
5 78 4230
33 67 4231
36 40 4232
25 48 4233
28 84 4234
57 80 4235
11 98 4236
37 49 4237
4 83 4238
7 75 4239
2 75 4240
9 89 4241
37 75 4242
79 101 4243
39 81 4244
45 82 4245
57 98 4246
5 99 4247
21 101 4248
53 78 4249
21 60 4250
4 91 4251
65 74 4252
5 88 4253
47 81 4254
22 68 4255
41 55 4256
4 78 4257
49 75 4258
29 67 4259
52 73 4260
13 97 4261
59 81 4262
37 84 4263
33 68 4264
42 84 4265
46 82 4266
51 93 4267
34 37 4268
49 82 4269
61 79 4270
50 79 4271
60 97 4272
19 67 4273
3 84 4274
17 93 4275
36 83 4276
61 82 4277
83 99 4278
73 99 4279
55 81 4280
32 36 4281
47 80 4282
39 54 4283
60 79 4284
89 99 4285
29 53 4286
49 92 4287
50 77 4288
2 61 4289
13 89 4290
27 81 4291
31 36 4292
22 69 4293
54 78 4294
65 100 4295
40 53 4296
12 82 4297
8 79 4298
39 75 4299
7 47 4300
53 73 4301
60 81 4302
39 53 4303
63 100 4304
90 102 4305
1 95 4306
66 73 4307
28 57 4308
28 69 4309
63 99 4310
4 100 4311
99 100 4312
87 100 4313
42 74 4314
49 83 4315
59 78 4316
4 98 4317
38 53 4318
6 100 4319
12 97 4320
2 47 4321
16 88 4322
29 82 4323
84 99 4324
5 61 4325
6 71 4326
47 84 4327
21 29 4328
8 97 4329
33 72 4330
62 98 4331
54 79 4332
10 93 4333
29 59 4334
58 102 4335
16 33 4336
46 83 4337
12 84 4338
16 26 4339
74 99 4340
4 46 4341
46 85 4342
6 90 4343
14 80 4344
33 48 4345
54 82 4346
62 100 4347
81 101 4348
11 83 4349
25 84 4350
20 61 4351
29 49 4352
52 93 4353
29 50 4354
46 74 4355
25 66 4356
61 78 4357
65 75 4358
18 92 4359
21 45 4360
49 84 4361
3 69 4362
21 37 4363
51 75 4364
66 99 4365
10 69 4366
7 66 4367
43 102 4368
54 76 4369
66 78 4370
3 101 4371
6 61 4372
91 102 4373
1 56 4374
62 99 4375
48 81 4376
4 99 4377
17 81 4378
45 73 4379
7 48 4380
11 91 4381
38 74 4382
30 81 4383
3 95 4384
21 57 4385
33 37 4386
53 76 4387
12 79 4388
48 80 4389
92 102 4390
19 92 4391
51 82 4392
5 86 4393
36 58 4394
61 81 4395
13 61 4396
38 80 4397
6 46 4398
20 64 4399
12 93 4400
94 102 4401
37 55 4402
70 100 4403
6 98 4404
6 99 4405
36 41 4406
60 100 4407
40 74 4408
10 88 4409
37 80 4410
95 102 4411
33 93 4412
67 100 4413
36 72 4414
45 85 4415
50 78 4416
88 102 4417
50 83 4418
16 37 4419
35 102 4420
41 76 4421
37 51 4422
36 48 4423
53 82 4424
69 100 4425
54 75 4426
13 93 4427
8 92 4428
16 49 4429
18 63 4430
25 67 4431
36 71 4432
86 100 4433
9 102 4434
35 80 4435
52 75 4436
4 84 4437
5 46 4438
12 81 4439
16 86 4440
59 79 4441
71 99 4442
2 29 4443
42 81 4444
54 93 4445
1 100 4446
34 81 4447
1 85 4448
4 82 4449
19 81 4450
60 80 4451
16 95 4452
44 74 4453
66 77 4454
101 102 4455
17 61 4456
37 57 4457
53 93 4458
11 85 4459
39 74 4460
15 102 4461
50 84 4462
45 83 4463
3 93 4464
93 102 4465
59 80 4466
76 99 4467
2 69 4468
39 84 4469
48 84 4470
61 97 4471
54 92 4472
61 80 4473
38 84 4474
21 63 4475
44 102 4476
25 70 4477
40 84 4478
97 102 4479
36 68 4480
75 99 4481
82 99 4482
6 93 4483
36 74 4484
22 102 4485
59 100 4486
80 101 4487
72 100 4488
5 92 4489
29 58 4490
66 100 4491
5 96 4492
77 99 4493
31 81 4494
85 100 4495
41 51 4496
10 98 4497
50 93 4498
60 99 4499
3 72 4500
11 96 4501
16 28 4502
67 76 4503
32 102 4504
2 38 4505
16 100 4506
98 102 4507
40 80 4508
39 80 4509
23 102 4510
16 27 4511
10 71 4512
18 64 4513
24 80 4514
53 75 4515
1 102 4516
31 57 4517
16 38 4518
54 74 4519
15 92 4520
36 76 4521
64 102 4522
2 34 4523
42 102 4524
7 46 4525
33 86 4526
52 102 4527
42 80 4528
47 102 4529
19 61 4530
68 100 4531
17 67 4532
20 102 4533
33 89 4534
10 67 4535
5 85 4536
10 86 4537
39 102 4538
4 81 4539
10 99 4540
85 102 4541
18 47 4542
19 47 4543
14 102 4544
49 102 4545
51 102 4546
8 89 4547
1 86 4548
23 80 4549
59 99 4550
5 102 4551
12 61 4552
50 82 4553
10 96 4554
55 102 4555
36 69 4556
21 59 4557
16 40 4558
55 80 4559
14 47 4560
41 52 4561
3 73 4562
32 81 4563
41 54 4564
18 48 4565
29 36 4566
33 69 4567
87 102 4568
21 64 4569
31 102 4570
62 102 4571
12 102 4572
50 76 4573
7 100 4574
66 74 4575
1 69 4576
11 84 4577
8 102 4578
38 102 4579
17 92 4580
59 98 4581
36 102 4582
4 96 4583
20 63 4584
29 68 4585
76 102 4586
100 102 4587
36 55 4588
1 36 4589
25 71 4590
11 97 4591
4 102 4592
1 98 4593
4 56 4594
7 93 4595
83 102 4596
7 64 4597
12 89 4598
7 90 4599
16 82 4600
48 102 4601
7 99 4602
61 100 4603
89 100 4604
45 75 4605
65 102 4606
3 90 4607
11 81 4608
2 87 4609
25 68 4610
86 102 4611
7 98 4612
81 102 4613
41 50 4614
6 91 4615
44 81 4616
11 82 4617
40 102 4618
77 102 4619
2 100 4620
20 47 4621
63 102 4622
3 81 4623
16 85 4624
5 97 4625
18 102 4626
65 76 4627
73 100 4628
60 98 4629
67 102 4630
1 84 4631
2 70 4632
10 100 4633
1 99 4634
34 102 4635
57 102 4636
11 79 4637
44 84 4638
6 78 4639
36 81 4640
11 93 4641
36 54 4642
19 102 4643
72 102 4644
4 92 4645
73 102 4646
1 94 4647
10 78 4648
61 99 4649
99 102 4650
53 92 4651
66 75 4652
16 84 4653
52 81 4654
29 102 4655
5 83 4656
37 53 4657
3 70 4658
6 102 4659
7 60 4660
19 64 4661
84 102 4662
96 102 4663
11 102 4664
1 83 4665
3 94 4666
17 102 4667
30 102 4668
53 102 4669
10 97 4670
9 80 4671
71 102 4672
28 102 4673
7 62 4674
11 61 4675
78 99 4676
51 92 4677
61 102 4678
19 48 4679
25 81 4680
37 102 4681
27 102 4682
54 81 4683
16 99 4684
79 102 4685
21 100 4686
41 102 4687
49 74 4688
74 102 4689
89 102 4690
2 95 4691
3 82 4692
13 102 4693
45 102 4694
29 69 4695
70 102 4696
2 35 4697
24 102 4698
36 38 4699
41 73 4700
44 80 4701
33 73 4702
51 74 4703
2 102 4704
12 47 4705
22 80 4706
37 50 4707
68 102 4708
21 73 4709
36 75 4710
6 88 4711
11 47 4712
19 63 4713
20 46 4714
69 102 4715
81 99 4716
4 97 4717
78 102 4718
76 100 4719
2 85 4720
54 102 4721
29 84 4722
52 74 4723
52 92 4724
5 84 4725
2 99 4726
7 87 4727
10 83 4728
10 85 4729
46 80 4730
60 102 4731
2 56 4732
7 70 4733
53 74 4734
84 100 4735
26 102 4736
46 81 4737
79 99 4738
5 56 4739
71 100 4740
80 102 4741
16 90 4742
49 81 4743
50 102 4744
1 90 4745
13 92 4746
74 100 4747
17 63 4748
7 68 4749
28 81 4750
66 102 4751
1 70 4752
2 86 4753
36 84 4754
83 100 4755
16 81 4756
7 91 4757
82 102 4758
1 77 4759
15 48 4760
50 92 4761
2 46 4762
36 80 4763
12 92 4764
77 100 4765
75 102 4766
3 92 4767
36 52 4768
5 82 4769
14 46 4770
46 102 4771
1 88 4772
6 96 4773
7 63 4774
21 50 4775
6 86 4776
3 91 4777
19 46 4778
1 82 4779
2 98 4780
11 48 4781
12 48 4782
16 98 4783
21 74 4784
6 97 4785
21 99 4786
75 100 4787
51 81 4788
21 49 4789
2 84 4790
49 80 4791
1 93 4792
16 24 4793
20 80 4794
5 81 4795
50 75 4796
41 75 4797
59 102 4798
7 102 4799
20 48 4800
21 72 4801
2 37 4802
7 69 4803
61 98 4804
3 88 4805
15 80 4806
21 77 4807
50 73 4808
80 99 4809
82 100 4810
2 83 4811
53 81 4812
1 81 4813
17 64 4814
2 94 4815
6 85 4816
56 86 4817
11 89 4818
51 80 4819
10 84 4820
16 29 4821
16 45 4822
6 92 4823
56 90 4824
7 67 4825
15 47 4826
1 76 4827
3 100 4828
52 80 4829
3 75 4830
41 84 4831
8 80 4832
16 91 4833
46 84 4834
54 80 4835
56 87 4836
6 56 4837
3 98 4838
11 92 4839
41 81 4840
29 81 4841
56 85 4842
3 78 4843
9 56 4844
10 47 4845
10 82 4846
5 79 4847
66 76 4848
78 100 4849
35 36 4850
36 49 4851
45 74 4852
3 80 4853
6 83 4854
21 82 4855
41 80 4856
7 97 4857
1 91 4858
4 79 4859
7 96 4860
52 56 4861
2 77 4862
10 89 4863
4 89 4864
17 48 4865
16 102 4866
13 80 4867
45 80 4868
12 46 4869
18 46 4870
27 80 4871
16 23 4872
50 81 4873
17 47 4874
21 65 4875
7 76 4876
7 92 4877
2 90 4878
11 46 4879
31 80 4880
33 102 4881
30 80 4882
21 98 4883
1 96 4884
2 82 4885
3 99 4886
16 25 4887
34 80 4888
56 88 4889
2 81 4890
2 93 4891
3 79 4892
16 96 4893
18 80 4894
6 82 4895
7 77 4896
3 77 4897
2 76 4898
5 89 4899
6 84 4900
1 78 4901
1 97 4902
2 88 4903
21 75 4904
3 76 4905
3 96 4906
4 80 4907
51 56 4908
6 81 4909
45 84 4910
21 78 4911
50 80 4912
45 81 4913
21 83 4914
33 77 4915
79 100 4916
12 80 4917
8 56 4918
33 75 4919
56 101 4920
81 100 4921
36 57 4922
41 53 4923
35 56 4924
1 92 4925
21 48 4926
29 57 4927
2 78 4928
13 47 4929
15 46 4930
7 88 4931
16 36 4932
56 84 4933
33 85 4934
19 80 4935
53 80 4936
21 66 4937
36 53 4938
16 97 4939
2 91 4940
16 89 4941
41 74 4942
10 56 4943
36 37 4944
1 80 4945
32 80 4946
3 97 4947
11 80 4948
2 71 4949
36 51 4950
10 46 4951
16 21 4952
6 79 4953
17 80 4954
43 56 4955
49 56 4956
21 87 4957
50 74 4958
34 36 4959
2 96 4960
7 86 4961
80 100 4962
2 92 4963
16 93 4964
25 69 4965
13 48 4966
37 56 4967
7 56 4968
56 93 4969
1 71 4970
21 76 4971
21 95 4972
53 56 4973
55 56 4974
2 80 4975
34 56 4976
38 56 4977
5 80 4978
56 92 4979
2 79 4980
21 85 4981
21 86 4982
50 56 4983
7 85 4984
54 56 4985
1 79 4986
21 84 4987
29 80 4988
21 67 4989
39 56 4990
6 89 4991
32 56 4992
13 46 4993
21 68 4994
16 80 4995
7 61 4996
28 80 4997
2 36 4998
56 95 4999
7 83 5000
17 46 5001
30 56 5002
44 56 5003
31 56 5004
33 78 5005
36 50 5006
7 78 5007
16 92 5008
42 56 5009
33 84 5010
21 96 5011
7 84 5012
21 70 5013
33 56 5014
33 76 5015
56 82 5016
56 58 5017
56 62 5018
14 56 5019
1 89 5020
6 80 5021
21 94 5022
16 56 5023
16 22 5024
7 82 5025
33 83 5026
56 100 5027
21 90 5028
25 56 5029
23 56 5030
56 96 5031
45 56 5032
21 56 5033
56 57 5034
7 81 5035
11 56 5036
16 48 5037
33 79 5038
2 89 5039
21 91 5040
36 56 5041
56 99 5042
28 56 5043
56 60 5044
17 56 5045
24 56 5046
56 98 5047
12 56 5048
18 56 5049
33 82 5050
56 59 5051
56 61 5052
56 63 5053
56 70 5054
7 79 5055
56 72 5056
56 66 5057
27 56 5058
15 56 5059
21 93 5060
26 56 5061
20 56 5062
56 65 5063
56 64 5064
19 56 5065
16 46 5066
21 69 5067
56 80 5068
41 56 5069
56 69 5070
56 68 5071
56 77 5072
13 56 5073
7 80 5074
56 78 5075
