75 79 1
47 75 2
2 4 3
6 9 4
80 92 5
2 6 6
79 89 7
4 8 8
4 39 9
3 10 10
4 5 11
46 80 12
6 19 13
8 12 14
81 102 15
4 6 16
5 8 17
5 11 18
75 83 19
6 53 20
36 80 21
8 14 22
4 12 23
4 14 24
46 97 25
8 9 26
12 39 27
80 88 28
79 81 29
76 91 30
6 8 31
80 81 32
5 13 33
75 89 34
5 9 35
40 75 36
2 3 37
5 12 38
78 82 39
4 37 40
4 9 41
72 82 42
47 94 43
46 74 44
5 31 45
6 18 46
69 86 47
79 80 48
6 51 49
3 7 50
6 11 51
6 13 52
79 102 53
4 13 54
15 39 55
9 13 56
40 73 57
73 75 58
74 83 59
5 19 60
75 76 61
4 54 62
4 17 63
70 88 64
4 35 65
75 91 66
77 78 67
82 83 68
1 8 69
9 39 70
79 92 71
23 45 72
46 73 73
74 79 74
23 39 75
29 46 76
29 102 77
4 34 78
26 45 79
2 14 80
4 27 81
6 35 82
35 39 83
30 39 84
5 15 85
5 57 86
59 66 87
46 48 88
73 85 89
23 34 90
36 74 91
79 91 92
5 14 93
6 14 94
78 86 95
35 73 96
75 82 97
11 38 98
67 91 99
79 88 100
81 97 101
75 88 102
14 39 103
36 46 104
6 34 105
11 39 106
3 33 107
73 78 108
75 80 109
4 50 110
91 94 111
17 39 112
39 45 113
19 39 114
4 55 115
26 39 116
27 45 117
1 4 118
4 15 119
30 34 120
78 80 121
79 83 122
20 45 123
48 73 124
6 44 125
5 51 126
6 15 127
4 11 128
5 17 129
6 39 130
60 66 131
26 41 132
31 35 133
73 81 134
1 14 135
39 44 136
58 67 137
23 44 138
47 92 139
2 8 140
4 44 141
5 44 142
8 39 143
17 23 144
74 91 145
5 6 146
9 15 147
74 75 148
4 53 149
1 12 150
4 18 151
39 41 152
4 23 153
4 41 154
48 75 155
5 32 156
5 35 157
31 39 158
17 34 159
8 13 160
60 65 161
4 43 162
6 58 163
32 34 164
61 80 165
28 39 166
6 12 167
46 94 168
78 85 169
34 41 170
5 18 171
80 97 172
11 12 173
30 35 174
73 94 175
71 88 176
23 43 177
4 32 178
73 91 179
72 86 180
28 41 181
3 39 182
11 13 183
2 13 184
6 45 185
13 34 186
30 45 187
70 85 188
32 73 189
57 66 190
3 19 191
34 43 192
60 69 193
5 39 194
24 41 195
74 88 196
37 78 197
1 15 198
9 44 199
19 35 200
29 36 201
4 19 202
70 83 203
8 17 204
74 80 205
74 81 206
6 31 207
24 39 208
58 65 209
70 92 210
18 34 211
3 4 212
8 15 213
82 84 214
6 55 215
7 15 216
13 39 217
26 44 218
34 45 219
9 38 220
58 60 221
73 83 222
77 80 223
80 86 224
57 65 225
4 57 226
34 35 227
2 55 228
47 73 229
3 6 230
8 11 231
71 80 232
4 58 233
6 52 234
17 32 235
58 69 236
4 31 237
1 9 238
1 11 239
14 35 240
8 44 241
2 38 242
14 78 243
1 6 244
9 11 245
35 37 246
73 86 247
9 35 248
35 69 249
73 79 250
74 89 251
24 44 252
48 74 253
4 49 254
14 77 255
24 45 256
4 60 257
46 92 258
60 63 259
4 52 260
82 86 261
39 73 262
27 44 263
2 20 264
4 45 265
9 12 266
12 14 267
20 32 268
78 83 269
37 39 270
80 83 271
9 45 272
37 73 273
82 85 274
8 37 275
14 41 276
4 30 277
5 45 278
58 59 279
8 55 280
46 81 281
1 5 282
69 87 283
5 53 284
9 50 285
31 43 286
41 45 287
72 90 288
77 82 289
2 39 290
40 76 291
5 38 292
5 50 293
15 32 294
35 43 295
5 52 296
35 45 297
59 70 298
6 59 299
18 39 300
23 32 301
73 88 302
77 88 303
7 12 304
28 34 305
34 39 306
59 94 307
12 13 308
61 92 309
5 37 310
35 78 311
4 26 312
5 41 313
7 34 314
26 40 315
18 78 316
12 30 317
11 44 318
22 46 319
14 58 320
19 34 321
68 88 322
5 54 323
12 35 324
13 78 325
3 21 326
68 90 327
1 13 328
35 77 329
63 65 330
80 85 331
38 78 332
71 81 333
76 83 334
63 66 335
34 38 336
70 82 337
3 56 338
22 40 339
54 66 340
28 43 341
34 73 342
18 32 343
15 30 344
75 81 345
6 54 346
82 87 347
4 24 348
12 41 349
40 79 350
27 34 351
46 47 352
40 78 353
12 15 354
77 79 355
69 93 356
76 88 357
4 28 358
29 73 359
83 91 360
77 85 361
14 17 362
78 87 363
78 84 364
6 17 365
68 82 366
32 38 367
77 90 368
19 38 369
2 5 370
6 30 371
35 72 372
47 74 373
5 42 374
19 44 375
32 39 376
4 38 377
2 15 378
11 34 379
9 14 380
38 39 381
59 69 382
8 43 383
59 67 384
8 35 385
83 86 386
47 67 387
73 82 388
31 73 389
6 57 390
47 71 391
31 68 392
33 39 393
3 8 394
34 37 395
85 90 396
9 34 397
11 41 398
3 14 399
74 92 400
9 17 401
76 82 402
67 82 403
2 34 404
59 65 405
6 50 406
70 81 407
8 45 408
58 63 409
9 55 410
34 72 411
14 38 412
4 59 413
61 81 414
72 78 415
31 34 416
20 88 417
92 94 418
1 34 419
3 13 420
48 92 421
59 68 422
12 45 423
73 89 424
34 69 425
9 37 426
26 35 427
30 38 428
32 35 429
19 73 430
60 72 431
2 31 432
5 55 433
6 49 434
4 40 435
77 86 436
69 82 437
3 25 438
23 63 439
24 73 440
41 69 441
57 67 442
1 18 443
30 41 444
17 35 445
22 44 446
77 87 447
17 41 448
11 45 449
30 32 450
57 68 451
4 51 452
3 12 453
15 34 454
31 77 455
68 93 456
29 97 457
14 34 458
32 70 459
68 85 460
60 93 461
13 77 462
27 40 463
48 67 464
75 77 465
8 10 466
32 43 467
71 83 468
34 40 469
39 78 470
63 93 471
45 73 472
9 41 473
27 35 474
19 37 475
4 20 476
5 60 477
41 44 478
72 87 479
65 66 480
20 78 481
81 94 482
35 38 483
39 40 484
69 98 485
26 73 486
30 43 487
32 36 488
43 77 489
66 69 490
66 91 491
26 77 492
31 41 493
46 75 494
43 78 495
83 89 496
2 9 497
32 37 498
47 97 499
81 88 500
36 70 501
17 45 502
57 59 503
22 47 504
24 32 505
27 65 506
83 85 507
80 89 508
34 44 509
37 69 510
20 73 511
63 67 512
2 35 513
27 39 514
36 81 515
67 97 516
27 69 517
5 20 518
51 98 519
78 91 520
13 23 521
17 30 522
41 77 523
30 44 524
35 44 525
47 80 526
27 41 527
8 59 528
11 14 529
23 60 530
39 66 531
40 44 532
8 34 533
6 32 534
40 41 535
24 43 536
35 75 537
24 35 538
67 73 539
74 82 540
38 73 541
59 64 542
31 72 543
11 15 544
6 37 545
9 32 546
9 54 547
4 33 548
41 73 549
67 81 550
11 17 551
68 96 552
75 78 553
81 83 554
38 69 555
57 69 556
59 72 557
5 34 558
19 31 559
17 77 560
35 76 561
72 91 562
59 63 563
20 39 564
34 77 565
35 66 566
8 53 567
22 73 568
64 66 569
82 88 570
1 19 571
6 60 572
15 41 573
6 20 574
14 75 575
21 39 576
26 37 577
75 94 578
19 41 579
60 95 580
17 31 581
48 91 582
31 45 583
73 84 584
15 35 585
23 30 586
71 79 587
71 89 588
73 90 589
12 34 590
22 61 591
23 28 592
8 19 593
14 73 594
31 44 595
5 43 596
13 73 597
75 85 598
14 31 599
58 66 600
23 37 601
48 77 602
15 45 603
58 73 604
85 86 605
8 32 606
10 21 607
46 89 608
30 69 609
68 91 610
11 20 611
27 32 612
40 69 613
37 77 614
70 87 615
29 39 616
66 68 617
69 85 618
39 69 619
43 45 620
63 86 621
1 17 622
8 52 623
21 33 624
31 42 625
59 60 626
5 24 627
37 45 628
71 92 629
12 31 630
55 63 631
28 30 632
47 91 633
59 92 634
2 17 635
30 40 636
37 68 637
29 71 638
47 48 639
9 59 640
39 90 641
47 79 642
54 96 643
48 61 644
26 32 645
15 78 646
20 41 647
23 42 648
23 50 649
8 41 650
35 41 651
31 70 652
40 77 653
68 92 654
23 73 655
27 73 656
23 41 657
58 98 658
32 72 659
23 35 660
52 93 661
15 82 662
48 71 663
70 78 664
2 32 665
12 17 666
62 86 667
24 34 668
6 43 669
31 69 670
64 65 671
81 89 672
62 67 673
23 66 674
65 67 675
13 38 676
15 38 677
15 73 678
32 42 679
37 44 680
38 101 681
76 77 682
14 69 683
51 73 684
8 51 685
60 67 686
12 32 687
18 45 688
11 37 689
17 18 690
53 65 691
15 31 692
57 77 693
84 87 694
15 77 695
26 42 696
73 92 697
6 41 698
55 98 699
19 43 700
5 48 701
8 78 702
44 45 703
67 84 704
9 31 705
14 63 706
11 30 707
3 9 708
55 60 709
11 32 710
44 77 711
3 5 712
53 55 713
19 66 714
31 38 715
69 95 716
67 87 717
68 86 718
83 88 719
70 74 720
32 67 721
55 73 722
45 78 723
4 10 724
43 72 725
62 66 726
57 72 727
19 72 728
28 42 729
2 19 730
66 98 731
5 40 732
28 35 733
13 35 734
12 18 735
31 101 736
7 35 737
23 59 738
24 70 739
38 41 740
57 98 741
9 18 742
33 34 743
5 78 744
10 13 745
19 46 746
40 70 747
17 87 748
36 71 749
15 72 750
13 69 751
32 44 752
9 19 753
14 32 754
18 19 755
1 30 756
11 35 757
26 34 758
29 35 759
55 65 760
67 93 761
20 44 762
11 31 763
12 23 764
19 42 765
69 77 766
53 66 767
18 44 768
37 82 769
18 35 770
63 69 771
2 11 772
14 66 773
12 44 774
29 61 775
22 48 776
73 87 777
9 72 778
14 68 779
85 88 780
23 38 781
26 70 782
66 82 783
18 30 784
60 96 785
66 90 786
32 77 787
73 77 788
77 92 789
74 94 790
35 82 791
27 43 792
31 37 793
62 96 794
14 28 795
66 67 796
68 79 797
75 86 798
60 64 799
77 95 800
14 15 801
52 96 802
61 97 803
3 17 804
55 69 805
27 77 806
32 46 807
26 31 808
65 69 809
76 79 810
11 42 811
11 51 812
13 72 813
69 70 814
13 58 815
60 101 816
13 32 817
62 99 818
9 78 819
9 42 820
27 62 821
15 19 822
43 73 823
62 93 824
12 38 825
71 94 826
8 66 827
47 69 828
43 69 829
43 99 830
20 46 831
78 88 832
14 23 833
65 87 834
19 27 835
50 65 836
70 89 837
71 91 838
1 35 839
46 71 840
5 28 841
55 58 842
35 68 843
67 96 844
19 70 845
6 7 846
6 65 847
45 101 848
58 82 849
6 38 850
26 69 851
28 44 852
17 69 853
39 43 854
76 85 855
5 49 856
8 50 857
95 98 858
79 94 859
57 60 860
70 80 861
60 68 862
23 62 863
69 80 864
6 28 865
48 79 866
66 88 867
37 101 868
7 17 869
13 82 870
33 38 871
36 73 872
47 70 873
32 45 874
66 85 875
60 77 876
27 50 877
14 51 878
26 68 879
28 72 880
14 45 881
22 29 882
63 64 883
2 58 884
23 31 885
49 66 886
73 80 887
63 87 888
3 35 889
8 58 890
81 92 891
14 30 892
20 43 893
4 47 894
52 98 895
66 87 896
73 74 897
31 100 898
9 51 899
35 59 900
1 39 901
35 40 902
17 82 903
35 51 904
19 45 905
6 27 906
37 72 907
13 45 908
46 91 909
57 58 910
4 29 911
67 92 912
5 58 913
58 68 914
53 95 915
19 68 916
20 81 917
48 80 918
6 63 919
72 92 920
2 18 921
34 66 922
82 90 923
8 23 924
45 77 925
78 93 926
81 86 927
60 84 928
40 90 929
43 101 930
60 62 931
61 88 932
4 48 933
38 82 934
8 38 935
14 37 936
28 68 937
65 88 938
7 28 939
15 24 940
27 28 941
54 91 942
70 86 943
6 47 944
31 32 945
65 86 946
4 66 947
69 81 948
6 26 949
8 54 950
13 37 951
45 99 952
29 40 953
9 52 954
18 51 955
5 59 956
9 43 957
17 44 958
60 87 959
70 84 960
35 46 961
37 96 962
32 60 963
59 61 964
26 43 965
67 90 966
11 55 967
23 51 968
7 36 969
36 79 970
44 99 971
44 101 972
53 97 973
86 98 974
72 77 975
14 26 976
36 92 977
60 99 978
37 70 979
20 37 980
64 91 981
80 102 982
82 95 983
36 94 984
54 95 985
61 66 986
36 75 987
37 75 988
69 78 989
19 78 990
6 62 991
27 72 992
31 40 993
28 32 994
11 18 995
13 30 996
1 2 997
4 46 998
12 73 999
8 31 1000
69 96 1001
11 58 1002
26 75 1003
78 90 1004
29 74 1005
67 69 1006
13 15 1007
13 68 1008
86 101 1009
38 43 1010
19 30 1011
34 62 1012
34 75 1013
82 91 1014
2 43 1015
37 66 1016
9 30 1017
82 89 1018
59 93 1019
4 72 1020
44 50 1021
76 81 1022
41 98 1023
43 93 1024
13 75 1025
66 96 1026
68 78 1027
41 100 1028
70 76 1029
2 7 1030
22 79 1031
58 85 1032
59 88 1033
59 97 1034
48 97 1035
15 37 1036
15 44 1037
41 90 1038
59 98 1039
30 36 1040
16 39 1041
21 35 1042
50 66 1043
31 78 1044
12 72 1045
40 92 1046
74 85 1047
8 68 1048
81 90 1049
10 17 1050
40 91 1051
45 66 1052
70 91 1053
5 16 1054
47 77 1055
75 90 1056
4 65 1057
13 44 1058
79 85 1059
14 43 1060
38 100 1061
57 95 1062
40 74 1063
62 98 1064
22 38 1065
65 98 1066
9 101 1067
38 44 1068
17 43 1069
7 32 1070
65 96 1071
83 94 1072
51 52 1073
26 50 1074
64 98 1075
5 26 1076
5 30 1077
55 67 1078
6 24 1079
17 40 1080
69 84 1081
2 30 1082
22 83 1083
35 79 1084
67 94 1085
70 79 1086
76 87 1087
62 63 1088
84 86 1089
48 89 1090
23 40 1091
28 45 1092
38 70 1093
66 101 1094
17 60 1095
20 82 1096
61 69 1097
71 74 1098
72 85 1099
24 38 1100
67 98 1101
72 88 1102
19 24 1103
55 59 1104
68 84 1105
79 86 1106
91 95 1107
6 29 1108
8 33 1109
24 42 1110
48 70 1111
7 39 1112
78 79 1113
30 63 1114
14 72 1115
95 96 1116
11 78 1117
18 38 1118
45 98 1119
53 67 1120
15 74 1121
17 38 1122
67 85 1123
53 98 1124
59 95 1125
83 92 1126
39 93 1127
42 78 1128
34 68 1129
45 90 1130
58 93 1131
66 92 1132
54 93 1133
7 38 1134
64 90 1135
59 77 1136
22 67 1137
62 65 1138
27 66 1139
40 71 1140
59 99 1141
39 77 1142
37 65 1143
9 40 1144
17 73 1145
60 78 1146
12 42 1147
8 60 1148
44 78 1149
69 99 1150
77 84 1151
34 78 1152
57 63 1153
48 102 1154
9 73 1155
14 87 1156
8 65 1157
22 34 1158
45 50 1159
55 101 1160
45 60 1161
8 100 1162
9 27 1163
52 65 1164
51 69 1165
50 73 1166
2 51 1167
28 38 1168
76 89 1169
13 14 1170
3 15 1171
14 59 1172
23 58 1173
17 37 1174
40 46 1175
27 38 1176
4 42 1177
57 99 1178
65 101 1179
1 41 1180
43 46 1181
72 84 1182
8 69 1183
26 51 1184
44 91 1185
51 100 1186
72 89 1187
9 77 1188
68 101 1189
12 37 1190
35 91 1191
59 80 1192
70 73 1193
70 90 1194
5 73 1195
6 101 1196
40 43 1197
23 24 1198
31 99 1199
57 96 1200
17 42 1201
47 76 1202
67 83 1203
73 76 1204
37 90 1205
54 77 1206
55 95 1207
58 101 1208
34 101 1209
41 43 1210
55 66 1211
58 96 1212
60 73 1213
26 63 1214
8 73 1215
30 68 1216
69 88 1217
45 96 1218
60 86 1219
79 90 1220
8 18 1221
24 63 1222
25 46 1223
41 50 1224
62 88 1225
8 77 1226
8 82 1227
9 49 1228
36 48 1229
59 62 1230
55 100 1231
59 91 1232
18 31 1233
4 101 1234
24 69 1235
45 46 1236
14 99 1237
67 80 1238
54 92 1239
20 76 1240
59 87 1241
43 55 1242
68 77 1243
19 32 1244
2 40 1245
61 79 1246
30 62 1247
59 75 1248
43 51 1249
14 24 1250
20 75 1251
51 67 1252
46 79 1253
19 20 1254
35 36 1255
20 70 1256
86 87 1257
14 19 1258
5 69 1259
41 72 1260
14 101 1261
51 96 1262
54 98 1263
43 44 1264
18 24 1265
27 68 1266
46 78 1267
2 37 1268
8 57 1269
38 45 1270
14 70 1271
93 96 1272
12 77 1273
38 77 1274
66 77 1275
6 67 1276
22 60 1277
37 62 1278
82 92 1279
18 36 1280
31 75 1281
62 69 1282
15 17 1283
7 13 1284
7 45 1285
37 91 1286
61 98 1287
70 72 1288
74 86 1289
47 81 1290
6 46 1291
11 36 1292
26 78 1293
54 68 1294
35 99 1295
19 77 1296
61 89 1297
24 40 1298
32 41 1299
23 93 1300
69 91 1301
46 77 1302
2 12 1303
55 57 1304
18 72 1305
70 94 1306
40 67 1307
63 70 1308
27 30 1309
54 59 1310
9 20 1311
11 43 1312
58 87 1313
3 11 1314
18 37 1315
6 40 1316
54 101 1317
96 100 1318
50 53 1319
54 94 1320
19 23 1321
22 43 1322
6 68 1323
42 77 1324
20 35 1325
62 94 1326
32 68 1327
68 89 1328
3 52 1329
51 66 1330
72 73 1331
12 27 1332
72 83 1333
3 51 1334
37 76 1335
63 98 1336
17 78 1337
23 47 1338
35 90 1339
51 101 1340
23 78 1341
22 45 1342
61 91 1343
66 100 1344
6 100 1345
9 82 1346
66 99 1347
29 91 1348
11 73 1349
23 69 1350
78 89 1351
6 78 1352
35 70 1353
30 37 1354
44 93 1355
13 41 1356
46 76 1357
61 67 1358
10 15 1359
35 86 1360
5 82 1361
20 79 1362
40 48 1363
57 91 1364
14 74 1365
13 59 1366
20 40 1367
12 43 1368
49 98 1369
44 75 1370
50 69 1371
4 77 1372
40 45 1373
66 72 1374
78 98 1375
50 93 1376
61 87 1377
63 94 1378
15 91 1379
20 34 1380
50 98 1381
19 82 1382
8 95 1383
13 86 1384
24 65 1385
37 79 1386
55 68 1387
13 65 1388
30 31 1389
34 58 1390
15 68 1391
87 99 1392
52 99 1393
13 19 1394
15 18 1395
47 65 1396
50 77 1397
60 98 1398
17 33 1399
7 19 1400
18 88 1401
37 41 1402
66 80 1403
37 67 1404
40 66 1405
59 73 1406
18 40 1407
50 68 1408
74 77 1409
77 83 1410
68 72 1411
61 95 1412
78 101 1413
14 79 1414
44 69 1415
12 82 1416
9 96 1417
55 96 1418
4 69 1419
67 88 1420
11 26 1421
12 78 1422
49 73 1423
68 83 1424
95 101 1425
9 100 1426
28 37 1427
57 73 1428
60 85 1429
35 87 1430
34 99 1431
85 89 1432
45 69 1433
55 97 1434
70 98 1435
45 91 1436
32 75 1437
85 87 1438
10 39 1439
81 82 1440
13 17 1441
48 94 1442
89 94 1443
2 46 1444
62 90 1445
13 50 1446
20 31 1447
59 100 1448
26 38 1449
37 63 1450
57 64 1451
41 42 1452
54 99 1453
54 55 1454
49 67 1455
14 44 1456
35 93 1457
51 76 1458
38 46 1459
35 83 1460
45 100 1461
5 36 1462
30 77 1463
68 70 1464
45 75 1465
18 41 1466
62 64 1467
28 73 1468
19 63 1469
68 98 1470
26 30 1471
50 95 1472
66 86 1473
18 42 1474
59 96 1475
66 95 1476
7 14 1477
26 72 1478
31 46 1479
39 65 1480
58 70 1481
7 51 1482
34 42 1483
61 71 1484
6 48 1485
68 73 1486
13 91 1487
2 53 1488
15 27 1489
50 58 1490
51 68 1491
38 52 1492
15 79 1493
59 71 1494
13 60 1495
27 53 1496
20 38 1497
36 41 1498
37 43 1499
4 99 1500
63 68 1501
15 66 1502
55 92 1503
52 101 1504
23 100 1505
5 47 1506
17 99 1507
66 83 1508
36 47 1509
40 87 1510
62 87 1511
71 82 1512
22 27 1513
62 70 1514
75 87 1515
46 69 1516
65 93 1517
6 85 1518
26 66 1519
57 74 1520
42 93 1521
46 88 1522
72 93 1523
3 58 1524
23 86 1525
63 99 1526
23 52 1527
69 90 1528
40 83 1529
50 72 1530
34 70 1531
33 50 1532
22 30 1533
41 88 1534
63 95 1535
70 75 1536
31 82 1537
4 62 1538
6 36 1539
10 12 1540
23 96 1541
35 80 1542
46 102 1543
22 41 1544
47 52 1545
15 83 1546
42 43 1547
50 100 1548
34 98 1549
77 81 1550
38 72 1551
3 43 1552
14 82 1553
37 95 1554
4 7 1555
6 87 1556
15 28 1557
20 68 1558
22 33 1559
24 37 1560
30 74 1561
90 101 1562
51 60 1563
84 85 1564
17 67 1565
40 80 1566
6 73 1567
93 101 1568
34 82 1569
35 74 1570
61 63 1571
8 87 1572
6 42 1573
23 72 1574
11 23 1575
38 75 1576
14 93 1577
30 72 1578
19 26 1579
38 91 1580
92 102 1581
37 38 1582
46 67 1583
34 65 1584
31 51 1585
38 68 1586
47 58 1587
24 61 1588
58 64 1589
85 92 1590
17 20 1591
51 99 1592
23 36 1593
86 90 1594
57 76 1595
37 71 1596
7 26 1597
32 78 1598
48 83 1599
21 60 1600
36 97 1601
25 61 1602
55 85 1603
72 98 1604
9 68 1605
45 65 1606
29 38 1607
49 99 1608
60 91 1609
2 50 1610
46 65 1611
4 67 1612
1 10 1613
19 59 1614
42 69 1615
7 10 1616
30 65 1617
36 39 1618
74 90 1619
2 23 1620
36 88 1621
7 31 1622
59 74 1623
1 44 1624
22 59 1625
67 89 1626
6 66 1627
27 37 1628
7 43 1629
37 52 1630
86 95 1631
38 40 1632
47 72 1633
5 70 1634
69 83 1635
84 96 1636
1 50 1637
4 21 1638
22 72 1639
73 97 1640
38 63 1641
54 78 1642
39 82 1643
1 57 1644
12 19 1645
77 100 1646
5 27 1647
14 18 1648
19 36 1649
48 51 1650
15 42 1651
22 76 1652
96 101 1653
71 84 1654
11 50 1655
15 86 1656
83 90 1657
12 60 1658
20 51 1659
53 99 1660
9 53 1661
44 73 1662
53 73 1663
35 98 1664
19 40 1665
69 75 1666
23 68 1667
42 44 1668
69 100 1669
45 51 1670
86 100 1671
49 96 1672
55 72 1673
81 85 1674
8 101 1675
8 49 1676
22 80 1677
34 87 1678
60 92 1679
69 72 1680
72 95 1681
86 88 1682
26 76 1683
35 58 1684
32 82 1685
4 22 1686
26 100 1687
47 83 1688
8 99 1689
9 16 1690
39 68 1691
20 85 1692
22 74 1693
75 92 1694
2 36 1695
39 87 1696
78 81 1697
8 20 1698
39 74 1699
39 72 1700
61 86 1701
24 60 1702
31 98 1703
22 75 1704
78 94 1705
1 3 1706
1 20 1707
18 82 1708
23 49 1709
35 85 1710
23 27 1711
32 69 1712
40 60 1713
35 100 1714
29 44 1715
20 101 1716
10 33 1717
9 60 1718
30 33 1719
34 93 1720
93 95 1721
50 64 1722
15 75 1723
19 67 1724
34 76 1725
75 93 1726
9 28 1727
36 43 1728
38 79 1729
2 52 1730
35 65 1731
68 87 1732
93 98 1733
41 68 1734
52 91 1735
60 61 1736
63 92 1737
67 79 1738
81 91 1739
13 31 1740
64 67 1741
39 75 1742
52 69 1743
64 86 1744
63 85 1745
4 96 1746
12 63 1747
52 55 1748
76 90 1749
11 40 1750
31 76 1751
35 96 1752
53 78 1753
40 96 1754
18 66 1755
22 42 1756
7 37 1757
73 95 1758
80 95 1759
51 95 1760
30 42 1761
40 47 1762
63 84 1763
70 77 1764
12 57 1765
18 77 1766
61 102 1767
28 46 1768
14 40 1769
62 68 1770
31 67 1771
47 68 1772
43 92 1773
76 78 1774
19 28 1775
68 94 1776
39 80 1777
45 93 1778
2 45 1779
27 42 1780
88 89 1781
25 38 1782
66 94 1783
15 23 1784
47 51 1785
6 22 1786
82 99 1787
79 82 1788
34 60 1789
37 98 1790
39 62 1791
79 87 1792
28 31 1793
43 63 1794
13 67 1795
48 100 1796
27 86 1797
17 26 1798
85 91 1799
15 59 1800
45 47 1801
17 63 1802
41 65 1803
17 46 1804
42 90 1805
34 64 1806
15 85 1807
62 97 1808
86 99 1809
2 41 1810
39 92 1811
7 59 1812
14 91 1813
26 99 1814
34 86 1815
15 76 1816
52 95 1817
13 66 1818
40 93 1819
54 65 1820
89 91 1821
8 67 1822
54 90 1823
68 80 1824
48 66 1825
18 28 1826
23 53 1827
86 91 1828
6 70 1829
10 30 1830
23 57 1831
14 60 1832
17 19 1833
18 43 1834
43 96 1835
55 94 1836
88 90 1837
12 20 1838
53 96 1839
80 98 1840
96 98 1841
8 64 1842
10 32 1843
1 31 1844
38 99 1845
20 74 1846
37 42 1847
2 42 1848
13 42 1849
22 71 1850
24 30 1851
13 79 1852
58 86 1853
30 73 1854
50 101 1855
51 59 1856
75 95 1857
35 53 1858
3 41 1859
38 88 1860
67 100 1861
34 100 1862
12 86 1863
67 77 1864
18 59 1865
29 34 1866
33 44 1867
13 93 1868
50 99 1869
48 72 1870
52 66 1871
54 58 1872
51 57 1873
18 83 1874
36 72 1875
65 97 1876
7 57 1877
27 33 1878
20 59 1879
55 78 1880
62 72 1881
10 23 1882
48 50 1883
69 97 1884
18 23 1885
83 95 1886
9 58 1887
13 99 1888
20 23 1889
70 95 1890
3 53 1891
51 70 1892
50 96 1893
66 70 1894
83 87 1895
60 100 1896
73 101 1897
34 46 1898
62 91 1899
63 90 1900
81 84 1901
4 90 1902
41 74 1903
19 61 1904
87 101 1905
12 96 1906
27 70 1907
32 40 1908
67 68 1909
28 69 1910
14 76 1911
42 49 1912
1 38 1913
9 57 1914
43 82 1915
88 94 1916
14 85 1917
35 71 1918
11 82 1919
17 84 1920
50 60 1921
84 90 1922
9 26 1923
77 96 1924
80 91 1925
9 85 1926
31 65 1927
8 40 1928
53 77 1929
24 72 1930
35 101 1931
15 26 1932
7 30 1933
38 87 1934
9 91 1935
32 63 1936
59 101 1937
14 55 1938
35 60 1939
48 68 1940
6 33 1941
12 51 1942
31 60 1943
3 49 1944
64 99 1945
44 92 1946
11 19 1947
24 46 1948
17 62 1949
51 74 1950
9 76 1951
31 91 1952
33 40 1953
24 98 1954
18 73 1955
76 80 1956
41 59 1957
52 94 1958
8 27 1959
77 93 1960
51 92 1961
43 47 1962
48 101 1963
17 93 1964
53 91 1965
37 85 1966
35 42 1967
46 70 1968
41 91 1969
51 91 1970
1 59 1971
42 73 1972
22 78 1973
25 72 1974
25 39 1975
61 62 1976
65 80 1977
78 96 1978
39 59 1979
23 65 1980
23 82 1981
9 69 1982
58 62 1983
21 34 1984
8 72 1985
5 23 1986
82 98 1987
10 34 1988
30 82 1989
32 100 1990
35 63 1991
36 78 1992
80 94 1993
50 75 1994
69 79 1995
80 82 1996
65 77 1997
68 81 1998
13 90 1999
27 36 2000
90 92 2001
30 60 2002
65 73 2003
17 59 2004
67 86 2005
18 63 2006
43 91 2007
49 50 2008
38 62 2009
30 52 2010
34 51 2011
44 88 2012
47 99 2013
26 91 2014
51 77 2015
51 94 2016
61 93 2017
71 97 2018
58 94 2019
72 101 2020
20 77 2021
1 45 2022
39 99 2023
28 70 2024
33 35 2025
47 78 2026
57 86 2027
28 63 2028
90 94 2029
60 90 2030
18 22 2031
39 83 2032
45 71 2033
54 57 2034
1 52 2035
6 10 2036
80 90 2037
34 74 2038
41 75 2039
1 32 2040
13 33 2041
15 43 2042
38 65 2043
54 75 2044
47 89 2045
73 93 2046
76 94 2047
45 67 2048
24 67 2049
32 99 2050
48 76 2051
57 92 2052
18 27 2053
35 64 2054
52 53 2055
57 70 2056
10 14 2057
82 93 2058
44 55 2059
31 66 2060
94 97 2061
58 84 2062
39 50 2063
64 85 2064
5 10 2065
32 71 2066
37 60 2067
27 31 2068
47 63 2069
48 49 2070
64 68 2071
26 28 2072
43 85 2073
37 46 2074
2 44 2075
7 8 2076
51 78 2077
53 64 2078
39 94 2079
19 60 2080
35 55 2081
63 72 2082
4 73 2083
17 66 2084
48 69 2085
48 78 2086
4 100 2087
48 99 2088
71 75 2089
6 61 2090
8 26 2091
3 38 2092
21 41 2093
43 79 2094
57 75 2095
8 30 2096
72 94 2097
2 101 2098
23 64 2099
23 71 2100
61 96 2101
76 92 2102
77 99 2103
27 64 2104
30 64 2105
90 91 2106
52 100 2107
59 85 2108
74 76 2109
7 41 2110
8 86 2111
16 34 2112
46 66 2113
2 47 2114
12 46 2115
64 96 2116
90 96 2117
9 67 2118
45 48 2119
20 72 2120
58 80 2121
59 78 2122
14 57 2123
47 93 2124
62 101 2125
17 28 2126
30 78 2127
58 100 2128
47 88 2129
4 36 2130
67 99 2131
91 92 2132
20 69 2133
76 97 2134
43 87 2135
30 100 2136
35 81 2137
63 78 2138
24 49 2139
72 96 2140
90 99 2141
24 51 2142
62 78 2143
69 73 2144
70 96 2145
13 52 2146
30 88 2147
12 98 2148
72 79 2149
12 59 2150
52 58 2151
12 69 2152
90 93 2153
27 74 2154
34 88 2155
43 75 2156
54 69 2157
79 97 2158
49 59 2159
72 75 2160
2 24 2161
9 66 2162
47 55 2163
63 82 2164
38 74 2165
45 92 2166
73 96 2167
30 75 2168
52 72 2169
18 26 2170
6 90 2171
47 49 2172
55 90 2173
71 86 2174
13 63 2175
82 101 2176
8 76 2177
20 36 2178
82 96 2179
19 58 2180
35 62 2181
37 92 2182
35 54 2183
37 80 2184
61 85 2185
15 60 2186
61 82 2187
66 93 2188
41 66 2189
81 93 2190
3 34 2191
13 62 2192
38 90 2193
45 94 2194
17 72 2195
4 78 2196
38 93 2197
44 98 2198
41 86 2199
14 50 2200
37 74 2201
52 54 2202
28 40 2203
29 45 2204
43 95 2205
2 49 2206
47 54 2207
6 23 2208
11 59 2209
13 85 2210
23 67 2211
8 90 2212
64 88 2213
23 54 2214
41 93 2215
24 99 2216
9 63 2217
24 86 2218
25 43 2219
42 45 2220
64 69 2221
43 97 2222
22 66 2223
28 64 2224
72 76 2225
45 72 2226
47 90 2227
7 50 2228
59 90 2229
55 74 2230
77 98 2231
13 87 2232
71 78 2233
2 59 2234
9 47 2235
13 36 2236
46 68 2237
14 62 2238
35 50 2239
13 18 2240
19 86 2241
24 50 2242
52 73 2243
62 75 2244
24 68 2245
2 78 2246
54 67 2247
2 10 2248
18 85 2249
4 93 2250
30 70 2251
10 57 2252
44 47 2253
41 78 2254
48 98 2255
49 77 2256
75 98 2257
21 42 2258
87 93 2259
29 89 2260
9 86 2261
5 62 2262
22 23 2263
24 31 2264
13 98 2265
23 90 2266
41 51 2267
1 51 2268
46 100 2269
14 83 2270
31 90 2271
58 99 2272
92 97 2273
3 28 2274
14 81 2275
50 94 2276
61 73 2277
47 60 2278
60 75 2279
62 77 2280
55 82 2281
2 27 2282
9 90 2283
59 86 2284
19 29 2285
59 81 2286
9 36 2287
25 67 2288
26 62 2289
43 90 2290
49 55 2291
37 40 2292
57 97 2293
62 85 2294
41 101 2295
47 59 2296
10 38 2297
48 59 2298
51 65 2299
39 42 2300
20 92 2301
28 50 2302
28 60 2303
34 85 2304
41 63 2305
31 71 2306
49 65 2307
44 70 2308
61 65 2309
5 63 2310
88 92 2311
22 39 2312
43 68 2313
11 101 2314
98 100 2315
11 60 2316
14 67 2317
47 61 2318
87 100 2319
3 45 2320
42 100 2321
45 49 2322
58 90 2323
53 101 2324
83 98 2325
30 59 2326
29 75 2327
33 47 2328
46 59 2329
65 68 2330
29 81 2331
20 80 2332
49 92 2333
3 57 2334
32 74 2335
58 72 2336
23 46 2337
27 63 2338
12 85 2339
89 92 2340
33 51 2341
59 82 2342
6 98 2343
24 52 2344
54 87 2345
44 51 2346
51 55 2347
4 63 2348
34 63 2349
43 50 2350
6 69 2351
24 27 2352
72 80 2353
7 54 2354
40 100 2355
26 47 2356
5 101 2357
2 16 2358
17 91 2359
34 95 2360
50 87 2361
17 52 2362
31 86 2363
63 96 2364
20 47 2365
1 28 2366
9 23 2367
30 47 2368
48 81 2369
49 78 2370
1 49 2371
11 75 2372
17 85 2373
40 53 2374
60 94 2375
54 72 2376
87 98 2377
22 32 2378
55 91 2379
51 85 2380
3 50 2381
60 82 2382
6 75 2383
39 101 2384
30 101 2385
24 75 2386
55 77 2387
76 101 2388
87 90 2389
43 76 2390
58 78 2391
41 99 2392
43 98 2393
42 82 2394
42 99 2395
91 100 2396
27 59 2397
69 92 2398
14 20 2399
3 16 2400
1 43 2401
39 64 2402
30 53 2403
76 86 2404
2 48 2405
41 53 2406
27 46 2407
31 49 2408
42 72 2409
24 26 2410
28 47 2411
10 56 2412
37 59 2413
17 27 2414
5 66 2415
57 61 2416
15 88 2417
34 67 2418
65 91 2419
20 87 2420
98 99 2421
30 51 2422
61 83 2423
5 93 2424
28 99 2425
45 55 2426
54 60 2427
5 96 2428
54 63 2429
57 90 2430
80 96 2431
2 66 2432
3 37 2433
44 66 2434
85 93 2435
22 36 2436
19 74 2437
71 87 2438
92 95 2439
24 53 2440
76 93 2441
3 27 2442
14 88 2443
30 86 2444
34 80 2445
13 28 2446
87 88 2447
1 7 2448
4 25 2449
33 45 2450
61 72 2451
8 63 2452
12 26 2453
4 85 2454
40 72 2455
53 86 2456
46 98 2457
50 70 2458
20 42 2459
65 100 2460
21 43 2461
9 62 2462
36 77 2463
19 47 2464
28 65 2465
67 95 2466
14 96 2467
24 47 2468
94 102 2469
2 73 2470
37 53 2471
48 57 2472
67 101 2473
14 90 2474
50 92 2475
23 26 2476
17 101 2477
58 97 2478
24 77 2479
78 92 2480
19 65 2481
28 66 2482
31 63 2483
44 49 2484
52 67 2485
28 101 2486
38 95 2487
1 54 2488
14 64 2489
24 91 2490
38 60 2491
40 52 2492
50 78 2493
85 96 2494
37 100 2495
8 98 2496
17 22 2497
32 51 2498
19 90 2499
9 98 2500
26 88 2501
44 96 2502
22 92 2503
66 84 2504
37 83 2505
60 97 2506
64 87 2507
77 91 2508
10 55 2509
38 67 2510
49 54 2511
85 100 2512
13 22 2513
25 35 2514
51 72 2515
53 59 2516
10 59 2517
46 52 2518
62 95 2519
5 7 2520
27 52 2521
41 70 2522
15 20 2523
49 69 2524
66 97 2525
47 100 2526
51 87 2527
34 90 2528
36 59 2529
50 52 2530
22 63 2531
15 98 2532
18 57 2533
45 95 2534
5 65 2535
22 35 2536
99 100 2537
91 93 2538
45 68 2539
61 94 2540
26 79 2541
37 99 2542
95 100 2543
54 82 2544
66 78 2545
18 46 2546
42 70 2547
10 50 2548
13 81 2549
40 99 2550
47 82 2551
44 46 2552
44 90 2553
1 55 2554
62 92 2555
72 74 2556
65 90 2557
31 74 2558
40 42 2559
3 32 2560
61 68 2561
24 82 2562
24 85 2563
55 99 2564
1 42 2565
9 75 2566
58 95 2567
17 58 2568
22 70 2569
22 77 2570
1 37 2571
13 83 2572
45 86 2573
4 68 2574
53 69 2575
25 63 2576
64 93 2577
13 57 2578
31 93 2579
12 62 2580
10 54 2581
38 85 2582
18 74 2583
46 96 2584
11 28 2585
2 68 2586
61 78 2587
9 99 2588
6 82 2589
54 86 2590
96 99 2591
40 59 2592
37 86 2593
53 58 2594
70 93 2595
15 51 2596
1 36 2597
11 49 2598
14 36 2599
48 54 2600
45 59 2601
74 78 2602
5 67 2603
13 76 2604
17 80 2605
12 101 2606
8 42 2607
41 92 2608
57 93 2609
84 93 2610
50 55 2611
36 76 2612
39 52 2613
85 101 2614
29 69 2615
53 63 2616
41 47 2617
20 30 2618
10 18 2619
3 44 2620
23 87 2621
37 93 2622
76 100 2623
43 48 2624
47 87 2625
42 52 2626
65 99 2627
50 85 2628
67 70 2629
5 72 2630
65 85 2631
95 97 2632
40 81 2633
39 86 2634
75 97 2635
39 88 2636
54 64 2637
30 54 2638
29 67 2639
31 79 2640
40 82 2641
91 102 2642
86 93 2643
20 94 2644
40 65 2645
11 100 2646
55 64 2647
40 95 2648
23 91 2649
31 62 2650
71 73 2651
76 98 2652
81 87 2653
20 91 2654
64 92 2655
44 86 2656
23 98 2657
51 82 2658
15 65 2659
14 86 2660
7 40 2661
15 61 2662
65 82 2663
41 49 2664
6 21 2665
45 87 2666
55 70 2667
65 72 2668
15 63 2669
14 46 2670
20 64 2671
22 65 2672
38 96 2673
7 9 2674
2 29 2675
17 75 2676
24 100 2677
26 74 2678
17 81 2679
55 86 2680
57 84 2681
62 73 2682
22 52 2683
67 102 2684
6 74 2685
39 71 2686
45 54 2687
65 70 2688
86 89 2689
11 52 2690
43 70 2691
52 97 2692
3 18 2693
92 98 2694
39 60 2695
40 97 2696
22 81 2697
39 54 2698
21 56 2699
52 62 2700
33 41 2701
40 86 2702
64 94 2703
70 99 2704
76 96 2705
67 72 2706
69 76 2707
91 101 2708
19 92 2709
37 88 2710
50 57 2711
44 72 2712
18 99 2713
45 97 2714
68 76 2715
45 82 2716
23 48 2717
29 43 2718
9 92 2719
58 77 2720
31 61 2721
48 55 2722
82 94 2723
12 87 2724
23 101 2725
48 60 2726
96 97 2727
12 54 2728
29 48 2729
21 52 2730
65 92 2731
52 77 2732
32 52 2733
14 49 2734
19 98 2735
1 23 2736
1 26 2737
70 71 2738
27 49 2739
39 46 2740
20 24 2741
39 48 2742
68 69 2743
49 68 2744
5 46 2745
68 99 2746
89 97 2747
20 60 2748
1 53 2749
39 100 2750
19 51 2751
25 47 2752
37 94 2753
21 23 2754
24 66 2755
17 83 2756
29 47 2757
58 91 2758
29 37 2759
66 89 2760
71 85 2761
11 27 2762
8 91 2763
45 63 2764
24 62 2765
51 90 2766
13 27 2767
43 84 2768
41 87 2769
52 85 2770
8 62 2771
12 28 2772
46 51 2773
19 55 2774
26 27 2775
42 75 2776
43 52 2777
34 36 2778
2 57 2779
8 16 2780
14 65 2781
73 98 2782
18 91 2783
14 80 2784
20 83 2785
41 54 2786
23 99 2787
26 59 2788
39 95 2789
18 58 2790
63 73 2791
11 33 2792
28 67 2793
16 32 2794
83 97 2795
95 99 2796
32 47 2797
94 98 2798
15 55 2799
18 20 2800
35 95 2801
36 69 2802
26 65 2803
38 94 2804
39 70 2805
63 97 2806
20 58 2807
75 84 2808
19 99 2809
76 84 2810
65 78 2811
6 25 2812
13 51 2813
26 49 2814
57 83 2815
94 96 2816
61 100 2817
72 97 2818
31 92 2819
40 88 2820
6 72 2821
39 51 2822
39 91 2823
93 94 2824
25 73 2825
66 73 2826
24 59 2827
30 76 2828
60 74 2829
10 52 2830
54 62 2831
12 49 2832
47 98 2833
45 74 2834
28 90 2835
40 55 2836
60 88 2837
38 42 2838
24 101 2839
9 24 2840
44 87 2841
38 50 2842
45 88 2843
100 101 2844
4 16 2845
26 64 2846
28 98 2847
1 47 2848
18 69 2849
72 81 2850
22 62 2851
36 37 2852
50 51 2853
38 98 2854
23 61 2855
43 66 2856
45 58 2857
11 77 2858
64 73 2859
9 46 2860
46 90 2861
30 67 2862
14 100 2863
61 101 2864
49 95 2865
76 95 2866
3 55 2867
40 63 2868
51 93 2869
54 76 2870
3 101 2871
40 51 2872
25 78 2873
29 42 2874
46 61 2875
9 87 2876
7 44 2877
83 100 2878
19 22 2879
8 74 2880
18 81 2881
24 78 2882
3 23 2883
26 86 2884
33 37 2885
4 64 2886
5 100 2887
43 49 2888
2 54 2889
28 52 2890
15 80 2891
28 77 2892
2 26 2893
13 61 2894
42 84 2895
53 57 2896
5 75 2897
13 55 2898
88 91 2899
7 20 2900
40 94 2901
92 99 2902
74 97 2903
38 80 2904
40 50 2905
64 100 2906
70 97 2907
19 75 2908
20 71 2909
39 47 2910
52 78 2911
72 100 2912
12 99 2913
22 82 2914
30 50 2915
37 87 2916
11 70 2917
22 91 2918
99 101 2919
4 92 2920
18 87 2921
30 46 2922
33 42 2923
9 65 2924
12 40 2925
46 82 2926
12 74 2927
14 84 2928
41 96 2929
69 89 2930
17 24 2931
12 24 2932
68 95 2933
6 96 2934
11 90 2935
46 53 2936
35 47 2937
38 84 2938
47 66 2939
20 66 2940
65 94 2941
92 101 2942
86 96 2943
13 74 2944
57 82 2945
53 60 2946
11 69 2947
29 76 2948
15 57 2949
17 57 2950
12 55 2951
58 92 2952
8 83 2953
55 93 2954
30 91 2955
57 85 2956
6 94 2957
15 58 2958
31 52 2959
34 59 2960
52 60 2961
60 83 2962
71 93 2963
11 24 2964
30 66 2965
13 40 2966
49 52 2967
54 73 2968
25 60 2969
42 68 2970
46 87 2971
55 61 2972
22 64 2973
31 33 2974
27 98 2975
24 33 2976
57 78 2977
20 86 2978
40 61 2979
2 60 2980
8 79 2981
17 64 2982
50 62 2983
18 75 2984
20 67 2985
63 80 2986
17 65 2987
49 57 2988
18 47 2989
42 92 2990
44 67 2991
67 75 2992
50 54 2993
26 85 2994
19 49 2995
36 38 2996
18 50 2997
13 43 2998
36 66 2999
39 81 3000
31 54 3001
74 98 3002
39 76 3003
18 101 3004
60 70 3005
41 62 3006
41 71 3007
53 100 3008
92 96 3009
91 98 3010
15 69 3011
90 98 3012
60 76 3013
73 102 3014
8 24 3015
52 90 3016
48 63 3017
93 100 3018
30 87 3019
11 46 3020
6 99 3021
24 64 3022
14 92 3023
45 52 3024
89 102 3025
25 30 3026
46 101 3027
57 87 3028
26 60 3029
2 72 3030
62 84 3031
7 11 3032
18 76 3033
55 62 3034
48 93 3035
35 49 3036
45 79 3037
7 27 3038
12 95 3039
25 34 3040
5 29 3041
25 75 3042
7 46 3043
27 51 3044
37 54 3045
43 53 3046
15 99 3047
25 51 3048
28 75 3049
40 62 3050
64 95 3051
17 68 3052
2 90 3053
38 66 3054
15 29 3055
27 82 3056
13 80 3057
48 58 3058
59 83 3059
3 54 3060
28 74 3061
58 61 3062
12 88 3063
3 22 3064
92 100 3065
42 98 3066
32 62 3067
33 53 3068
36 61 3069
22 37 3070
27 78 3071
24 58 3072
9 70 3073
23 77 3074
32 57 3075
55 79 3076
12 33 3077
41 52 3078
17 51 3079
36 87 3080
34 48 3081
39 58 3082
46 99 3083
49 72 3084
26 101 3085
55 76 3086
62 79 3087
85 94 3088
71 96 3089
97 102 3090
9 74 3091
13 20 3092
42 60 3093
17 86 3094
15 87 3095
50 63 3096
63 79 3097
20 63 3098
39 85 3099
11 87 3100
35 97 3101
36 45 3102
5 76 3103
17 88 3104
61 84 3105
38 92 3106
87 91 3107
13 24 3108
43 59 3109
52 75 3110
29 77 3111
34 47 3112
10 36 3113
38 51 3114
71 102 3115
42 51 3116
3 26 3117
29 78 3118
85 97 3119
31 50 3120
2 28 3121
53 68 3122
53 85 3123
7 100 3124
14 42 3125
64 101 3126
85 95 3127
20 28 3128
4 70 3129
51 54 3130
12 52 3131
58 75 3132
5 85 3133
5 22 3134
7 47 3135
39 98 3136
43 100 3137
31 36 3138
41 55 3139
63 83 3140
77 89 3141
29 68 3142
32 65 3143
19 64 3144
30 58 3145
45 53 3146
41 79 3147
48 88 3148
75 99 3149
26 87 3150
83 96 3151
34 97 3152
74 87 3153
3 31 3154
10 20 3155
44 95 3156
7 48 3157
30 48 3158
90 100 3159
42 67 3160
79 93 3161
36 89 3162
41 82 3163
50 67 3164
23 88 3165
27 29 3166
11 54 3167
23 29 3168
25 55 3169
64 84 3170
87 96 3171
24 28 3172
53 72 3173
67 71 3174
7 53 3175
62 83 3176
36 68 3177
32 61 3178
45 76 3179
47 96 3180
22 31 3181
46 93 3182
50 90 3183
81 96 3184
19 53 3185
7 18 3186
2 62 3187
36 63 3188
23 74 3189
70 101 3190
12 50 3191
53 93 3192
51 97 3193
15 101 3194
22 51 3195
39 55 3196
35 48 3197
51 88 3198
14 52 3199
66 79 3200
84 100 3201
18 90 3202
61 99 3203
80 84 3204
60 71 3205
78 95 3206
57 100 3207
8 28 3208
12 58 3209
11 93 3210
47 57 3211
25 32 3212
28 36 3213
7 33 3214
8 93 3215
74 93 3216
22 26 3217
15 50 3218
20 48 3219
20 62 3220
41 46 3221
80 99 3222
9 10 3223
90 95 3224
3 59 3225
28 59 3226
65 81 3227
22 69 3228
26 48 3229
36 83 3230
51 58 3231
10 19 3232
39 63 3233
31 58 3234
22 24 3235
33 61 3236
44 52 3237
51 63 3238
24 90 3239
44 59 3240
38 81 3241
4 98 3242
5 95 3243
49 75 3244
2 99 3245
25 45 3246
6 64 3247
15 46 3248
17 79 3249
46 49 3250
42 101 3251
14 27 3252
27 100 3253
44 100 3254
12 61 3255
39 67 3256
44 94 3257
29 101 3258
69 94 3259
38 47 3260
41 48 3261
26 53 3262
17 76 3263
23 79 3264
91 96 3265
36 101 3266
43 65 3267
37 55 3268
65 102 3269
53 92 3270
78 97 3271
5 68 3272
11 65 3273
32 87 3274
13 70 3275
4 82 3276
29 65 3277
16 51 3278
31 95 3279
34 92 3280
32 91 3281
55 84 3282
20 22 3283
27 60 3284
9 95 3285
34 94 3286
42 66 3287
49 101 3288
40 98 3289
20 99 3290
32 98 3291
25 64 3292
10 31 3293
24 79 3294
65 84 3295
38 55 3296
43 67 3297
39 79 3298
92 93 3299
3 42 3300
8 22 3301
11 61 3302
27 61 3303
44 65 3304
77 94 3305
11 68 3306
29 83 3307
31 59 3308
46 55 3309
47 101 3310
64 72 3311
42 88 3312
91 99 3313
34 71 3314
7 88 3315
22 50 3316
49 53 3317
42 87 3318
86 92 3319
11 57 3320
20 100 3321
22 85 3322
52 70 3323
25 77 3324
31 85 3325
30 71 3326
49 74 3327
57 62 3328
21 49 3329
39 57 3330
52 84 3331
31 83 3332
26 52 3333
29 100 3334
36 65 3335
97 100 3336
24 87 3337
37 50 3338
14 53 3339
83 93 3340
20 65 3341
59 76 3342
87 95 3343
52 57 3344
6 91 3345
54 100 3346
14 61 3347
68 75 3348
16 72 3349
7 42 3350
25 92 3351
52 59 3352
62 82 3353
63 81 3354
22 86 3355
58 102 3356
32 59 3357
67 78 3358
10 58 3359
25 42 3360
11 76 3361
18 67 3362
20 84 3363
41 76 3364
73 99 3365
19 85 3366
42 62 3367
83 84 3368
69 71 3369
61 90 3370
38 83 3371
19 87 3372
35 92 3373
94 99 3374
53 70 3375
2 22 3376
33 63 3377
48 96 3378
18 70 3379
27 75 3380
34 57 3381
2 85 3382
23 85 3383
6 80 3384
12 70 3385
45 83 3386
49 100 3387
29 32 3388
6 92 3389
12 65 3390
37 49 3391
49 86 3392
53 90 3393
34 96 3394
57 71 3395
51 53 3396
15 67 3397
38 71 3398
1 24 3399
41 60 3400
49 51 3401
15 40 3402
30 95 3403
79 98 3404
32 76 3405
39 49 3406
21 37 3407
22 97 3408
26 82 3409
28 100 3410
19 79 3411
9 64 3412
10 11 3413
15 33 3414
25 37 3415
45 57 3416
36 82 3417
19 101 3418
72 99 3419
4 91 3420
26 67 3421
18 68 3422
63 100 3423
4 87 3424
53 76 3425
94 100 3426
28 62 3427
44 76 3428
27 57 3429
13 64 3430
42 57 3431
58 79 3432
60 81 3433
71 95 3434
47 62 3435
61 64 3436
12 53 3437
15 22 3438
21 40 3439
42 76 3440
12 67 3441
43 94 3442
50 97 3443
45 70 3444
64 82 3445
32 55 3446
44 48 3447
37 61 3448
9 80 3449
35 67 3450
5 98 3451
8 46 3452
24 74 3453
36 99 3454
44 97 3455
78 99 3456
30 98 3457
25 65 3458
50 88 3459
37 48 3460
38 53 3461
38 76 3462
55 80 3463
18 92 3464
26 92 3465
41 85 3466
36 102 3467
20 93 3468
25 41 3469
34 52 3470
42 80 3471
87 97 3472
10 60 3473
79 101 3474
53 61 3475
22 88 3476
38 54 3477
27 48 3478
17 100 3479
3 24 3480
71 76 3481
81 98 3482
11 99 3483
27 85 3484
19 83 3485
14 29 3486
48 90 3487
11 53 3488
11 86 3489
9 33 3490
17 96 3491
38 86 3492
39 96 3493
18 80 3494
30 92 3495
58 81 3496
23 81 3497
64 97 3498
47 50 3499
5 79 3500
28 51 3501
22 57 3502
49 87 3503
8 96 3504
23 76 3505
29 64 3506
48 65 3507
4 86 3508
22 53 3509
58 88 3510
8 102 3511
15 92 3512
33 48 3513
85 98 3514
85 99 3515
37 58 3516
38 49 3517
18 29 3518
60 80 3519
63 88 3520
42 47 3521
12 83 3522
34 79 3523
43 54 3524
27 76 3525
54 84 3526
44 60 3527
43 88 3528
63 77 3529
52 92 3530
61 70 3531
18 93 3532
19 69 3533
65 95 3534
36 44 3535
16 45 3536
45 64 3537
4 95 3538
37 51 3539
18 53 3540
28 48 3541
43 86 3542
52 87 3543
5 25 3544
15 54 3545
23 70 3546
1 58 3547
69 101 3548
35 88 3549
40 68 3550
10 24 3551
49 60 3552
4 61 3553
21 30 3554
49 97 3555
71 98 3556
93 99 3557
19 89 3558
34 50 3559
28 49 3560
36 67 3561
41 58 3562
17 21 3563
87 102 3564
32 64 3565
28 96 3566
18 86 3567
35 94 3568
84 91 3569
1 25 3570
6 77 3571
24 76 3572
25 98 3573
29 79 3574
3 20 3575
15 48 3576
59 79 3577
93 97 3578
63 89 3579
18 65 3580
47 53 3581
15 21 3582
14 54 3583
94 101 3584
6 95 3585
5 77 3586
62 81 3587
52 86 3588
2 61 3589
48 82 3590
25 48 3591
25 49 3592
47 102 3593
7 55 3594
24 83 3595
11 72 3596
13 101 3597
34 81 3598
48 85 3599
9 94 3600
30 99 3601
40 89 3602
42 74 3603
17 74 3604
30 85 3605
8 36 3606
7 76 3607
26 46 3608
43 58 3609
66 102 3610
26 61 3611
64 89 3612
11 47 3613
32 101 3614
39 89 3615
7 74 3616
32 66 3617
36 40 3618
45 102 3619
61 76 3620
57 88 3621
27 91 3622
63 91 3623
32 96 3624
4 94 3625
44 68 3626
33 52 3627
45 61 3628
50 74 3629
64 77 3630
74 96 3631
10 16 3632
24 48 3633
29 92 3634
4 81 3635
13 97 3636
15 95 3637
5 92 3638
3 99 3639
74 84 3640
2 21 3641
27 47 3642
31 88 3643
14 21 3644
25 91 3645
84 99 3646
13 21 3647
15 96 3648
37 57 3649
43 89 3650
5 87 3651
10 41 3652
25 68 3653
30 94 3654
24 36 3655
26 83 3656
49 93 3657
50 79 3658
22 58 3659
5 33 3660
31 97 3661
5 61 3662
40 57 3663
63 75 3664
84 94 3665
2 100 3666
44 63 3667
11 79 3668
62 100 3669
63 101 3670
9 48 3671
26 36 3672
9 79 3673
31 64 3674
8 48 3675
9 83 3676
37 81 3677
1 27 3678
3 30 3679
74 102 3680
1 63 3681
6 16 3682
15 100 3683
22 28 3684
9 61 3685
96 102 3686
3 62 3687
29 70 3688
9 93 3689
12 66 3690
29 51 3691
53 62 3692
27 88 3693
58 74 3694
13 16 3695
27 67 3696
17 29 3697
5 99 3698
86 97 3699
19 80 3700
75 101 3701
49 63 3702
25 101 3703
26 98 3704
43 81 3705
27 71 3706
10 28 3707
10 51 3708
36 42 3709
37 64 3710
51 64 3711
13 100 3712
46 64 3713
23 83 3714
44 53 3715
17 70 3716
2 98 3717
13 54 3718
16 73 3719
44 85 3720
13 84 3721
28 61 3722
27 87 3723
2 75 3724
15 64 3725
50 71 3726
36 62 3727
28 78 3728
17 90 3729
42 53 3730
25 69 3731
88 97 3732
49 85 3733
13 96 3734
52 68 3735
15 90 3736
11 91 3737
31 57 3738
41 67 3739
15 52 3740
21 32 3741
35 52 3742
80 87 3743
15 36 3744
9 88 3745
15 71 3746
17 61 3747
12 48 3748
34 83 3749
6 81 3750
8 85 3751
51 84 3752
7 101 3753
19 62 3754
64 70 3755
32 85 3756
32 49 3757
17 36 3758
46 50 3759
15 70 3760
29 30 3761
42 48 3762
93 102 3763
1 22 3764
29 59 3765
89 101 3766
49 58 3767
10 53 3768
46 83 3769
19 76 3770
31 102 3771
43 83 3772
53 75 3773
57 101 3774
49 82 3775
26 93 3776
34 49 3777
1 60 3778
29 72 3779
42 97 3780
41 95 3781
42 65 3782
8 97 3783
22 87 3784
3 63 3785
5 90 3786
12 47 3787
25 66 3788
4 74 3789
8 47 3790
31 96 3791
42 96 3792
2 67 3793
9 102 3794
14 95 3795
71 77 3796
74 95 3797
49 79 3798
52 74 3799
19 91 3800
19 93 3801
7 99 3802
44 89 3803
4 80 3804
24 93 3805
25 44 3806
15 81 3807
13 46 3808
42 95 3809
15 53 3810
47 85 3811
8 80 3812
20 50 3813
34 54 3814
52 102 3815
2 63 3816
3 60 3817
38 58 3818
53 54 3819
33 60 3820
73 100 3821
50 91 3822
9 22 3823
21 45 3824
32 53 3825
7 24 3826
11 22 3827
31 87 3828
38 57 3829
55 102 3830
46 58 3831
8 75 3832
84 88 3833
11 74 3834
10 43 3835
32 92 3836
29 66 3837
16 57 3838
25 82 3839
33 49 3840
47 95 3841
66 81 3842
50 76 3843
19 57 3844
6 93 3845
4 97 3846
26 71 3847
28 86 3848
54 85 3849
10 63 3850
25 33 3851
30 84 3852
11 88 3853
24 71 3854
36 93 3855
46 54 3856
25 74 3857
42 91 3858
88 100 3859
15 62 3860
19 52 3861
10 82 3862
22 96 3863
49 76 3864
66 71 3865
2 65 3866
25 52 3867
52 63 3868
64 102 3869
24 95 3870
10 49 3871
35 57 3872
42 71 3873
84 98 3874
18 94 3875
61 74 3876
16 55 3877
60 89 3878
37 102 3879
64 80 3880
17 71 3881
25 59 3882
52 82 3883
20 26 3884
7 83 3885
33 43 3886
76 102 3887
25 86 3888
29 31 3889
52 64 3890
51 86 3891
77 97 3892
9 81 3893
11 62 3894
20 29 3895
36 64 3896
24 57 3897
18 95 3898
18 84 3899
11 63 3900
82 97 3901
7 92 3902
25 71 3903
37 89 3904
55 87 3905
13 26 3906
12 22 3907
10 37 3908
64 79 3909
10 25 3910
12 16 3911
20 21 3912
45 89 3913
66 74 3914
28 85 3915
44 61 3916
4 102 3917
29 99 3918
4 79 3919
21 44 3920
33 55 3921
32 86 3922
48 53 3923
7 66 3924
7 94 3925
37 97 3926
54 97 3927
62 80 3928
20 61 3929
23 75 3930
28 76 3931
5 86 3932
18 61 3933
40 58 3934
29 98 3935
44 71 3936
22 94 3937
32 79 3938
10 98 3939
32 58 3940
1 40 3941
51 62 3942
61 77 3943
16 42 3944
30 49 3945
43 57 3946
3 66 3947
10 100 3948
21 27 3949
30 61 3950
60 79 3951
18 60 3952
19 88 3953
25 97 3954
32 54 3955
40 85 3956
25 50 3957
40 64 3958
17 98 3959
10 62 3960
40 101 3961
97 101 3962
5 80 3963
39 97 3964
18 64 3965
41 80 3966
8 92 3967
55 81 3968
76 99 3969
79 99 3970
11 16 3971
5 81 3972
30 93 3973
50 86 3974
12 36 3975
24 96 3976
34 53 3977
51 79 3978
31 47 3979
46 72 3980
27 58 3981
11 81 3982
21 64 3983
18 100 3984
28 82 3985
28 87 3986
48 52 3987
83 102 3988
51 75 3989
28 102 3990
7 52 3991
28 54 3992
41 94 3993
17 95 3994
43 60 3995
54 74 3996
81 99 3997
34 55 3998
34 84 3999
72 102 4000
41 81 4001
44 54 4002
7 21 4003
12 71 4004
57 89 4005
67 74 4006
4 83 4007
28 71 4008
49 70 4009
36 85 4010
12 81 4011
70 100 4012
49 94 4013
24 55 4014
1 29 4015
80 100 4016
9 84 4017
18 21 4018
7 82 4019
19 48 4020
46 62 4021
20 57 4022
1 16 4023
51 102 4024
75 96 4025
22 49 4026
12 100 4027
29 96 4028
33 66 4029
42 94 4030
50 59 4031
91 97 4032
16 19 4033
12 75 4034
59 84 4035
62 102 4036
7 58 4037
22 95 4038
88 98 4039
25 58 4040
27 80 4041
64 83 4042
39 53 4043
35 61 4044
45 62 4045
97 98 4046
18 79 4047
48 86 4048
79 84 4049
16 77 4050
6 83 4051
20 96 4052
62 76 4053
27 90 4054
4 75 4055
42 55 4056
49 90 4057
25 70 4058
98 101 4059
21 67 4060
12 91 4061
22 68 4062
18 48 4063
40 49 4064
30 57 4065
7 56 4066
33 69 4067
12 97 4068
86 102 4069
16 81 4070
33 65 4071
54 70 4072
11 98 4073
23 92 4074
37 84 4075
49 91 4076
11 80 4077
52 88 4078
17 92 4079
71 90 4080
12 76 4081
42 58 4082
20 95 4083
14 98 4084
42 46 4085
83 101 4086
14 22 4087
64 71 4088
3 68 4089
57 79 4090
5 91 4091
34 91 4092
2 92 4093
18 62 4094
41 89 4095
3 78 4096
27 101 4097
46 95 4098
21 38 4099
33 57 4100
7 75 4101
23 102 4102
43 74 4103
44 57 4104
8 94 4105
28 33 4106
78 100 4107
87 94 4108
18 55 4109
19 50 4110
14 71 4111
38 102 4112
49 64 4113
65 89 4114
23 80 4115
13 95 4116
16 78 4117
10 44 4118
4 88 4119
12 68 4120
35 84 4121
55 88 4122
32 97 4123
2 64 4124
94 95 4125
3 47 4126
54 89 4127
47 64 4128
48 95 4129
56 98 4130
84 95 4131
6 88 4132
21 63 4133
11 85 4134
40 54 4135
95 102 4136
29 41 4137
33 58 4138
25 90 4139
38 59 4140
13 53 4141
6 79 4142
29 62 4143
86 94 4144
10 69 4145
59 89 4146
2 91 4147
7 95 4148
41 57 4149
32 48 4150
7 72 4151
38 97 4152
4 84 4153
28 91 4154
36 90 4155
47 86 4156
28 29 4157
3 96 4158
26 96 4159
44 80 4160
10 35 4161
5 64 4162
12 79 4163
7 49 4164
22 93 4165
22 54 4166
42 54 4167
32 89 4168
26 90 4169
85 102 4170
15 49 4171
84 97 4172
88 101 4173
42 81 4174
56 92 4175
64 81 4176
68 102 4177
32 90 4178
32 93 4179
13 29 4180
18 96 4181
21 48 4182
32 88 4183
31 48 4184
54 61 4185
16 37 4186
38 61 4187
52 76 4188
90 97 4189
14 89 4190
57 94 4191
14 94 4192
13 92 4193
13 71 4194
44 74 4195
64 78 4196
79 95 4197
16 30 4198
29 63 4199
88 93 4200
18 89 4201
30 90 4202
54 79 4203
48 84 4204
53 74 4205
7 98 4206
88 95 4207
89 95 4208
43 62 4209
16 100 4210
17 50 4211
20 49 4212
26 81 4213
29 94 4214
51 71 4215
62 71 4216
20 27 4217
35 89 4218
30 83 4219
56 85 4220
26 58 4221
44 58 4222
54 83 4223
33 99 4224
12 29 4225
53 94 4226
71 99 4227
7 23 4228
53 79 4229
42 63 4230
16 60 4231
17 49 4232
42 50 4233
25 99 4234
83 99 4235
1 101 4236
8 88 4237
21 70 4238
79 96 4239
28 88 4240
19 100 4241
6 76 4242
11 96 4243
31 94 4244
68 100 4245
12 80 4246
6 86 4247
46 85 4248
87 92 4249
10 40 4250
23 84 4251
59 102 4252
2 77 4253
19 33 4254
14 33 4255
2 102 4256
79 100 4257
26 57 4258
22 55 4259
10 101 4260
11 64 4261
23 55 4262
10 72 4263
28 79 4264
81 95 4265
6 102 4266
68 74 4267
68 97 4268
27 99 4269
2 82 4270
16 36 4271
23 33 4272
26 33 4273
88 99 4274
13 88 4275
7 68 4276
21 50 4277
82 100 4278
2 86 4279
5 94 4280
46 60 4281
77 101 4282
21 99 4283
14 47 4284
65 79 4285
42 59 4286
47 84 4287
29 50 4288
22 100 4289
54 102 4290
3 85 4291
21 55 4292
28 92 4293
25 94 4294
34 61 4295
44 79 4296
25 62 4297
15 16 4298
18 71 4299
16 35 4300
2 25 4301
8 70 4302
25 100 4303
44 82 4304
10 42 4305
18 49 4306
7 60 4307
17 94 4308
39 61 4309
25 40 4310
56 90 4311
19 71 4312
20 98 4313
10 96 4314
44 83 4315
53 83 4316
81 101 4317
3 65 4318
28 53 4319
30 96 4320
54 71 4321
8 84 4322
12 90 4323
16 18 4324
21 25 4325
55 83 4326
3 98 4327
61 75 4328
7 22 4329
3 61 4330
65 83 4331
21 51 4332
22 99 4333
97 99 4334
12 64 4335
71 101 4336
23 95 4337
25 96 4338
30 97 4339
43 80 4340
89 99 4341
12 93 4342
15 89 4343
62 89 4344
16 82 4345
7 77 4346
25 83 4347
30 81 4348
19 97 4349
54 88 4350
41 83 4351
16 17 4352
19 96 4353
52 79 4354
33 64 4355
21 26 4356
36 95 4357
28 97 4358
3 77 4359
45 80 4360
24 88 4361
52 61 4362
84 92 4363
20 52 4364
44 102 4365
84 102 4366
10 45 4367
16 43 4368
28 83 4369
55 89 4370
88 102 4371
1 48 4372
6 84 4373
8 81 4374
27 55 4375
19 94 4376
18 52 4377
16 99 4378
29 52 4379
31 81 4380
66 75 4381
21 65 4382
42 79 4383
49 71 4384
2 76 4385
48 62 4386
8 29 4387
7 25 4388
10 26 4389
17 47 4390
19 81 4391
21 53 4392
18 54 4393
21 54 4394
24 29 4395
5 21 4396
20 90 4397
36 58 4398
11 29 4399
16 31 4400
3 82 4401
42 83 4402
11 83 4403
32 50 4404
53 87 4405
65 71 4406
74 99 4407
25 31 4408
31 55 4409
41 97 4410
29 82 4411
4 76 4412
21 68 4413
16 101 4414
16 53 4415
67 76 4416
45 85 4417
22 90 4418
7 80 4419
46 63 4420
16 44 4421
80 101 4422
10 77 4423
26 95 4424
25 54 4425
7 96 4426
33 54 4427
53 82 4428
7 86 4429
12 84 4430
7 16 4431
11 67 4432
43 61 4433
22 98 4434
32 80 4435
9 29 4436
50 80 4437
58 76 4438
21 66 4439
15 84 4440
21 58 4441
3 91 4442
13 89 4443
51 61 4444
29 86 4445
8 61 4446
25 88 4447
5 88 4448
24 92 4449
16 59 4450
36 55 4451
89 98 4452
16 38 4453
3 90 4454
29 87 4455
7 102 4456
25 85 4457
11 48 4458
15 47 4459
13 49 4460
42 89 4461
2 70 4462
10 65 4463
6 97 4464
14 97 4465
43 71 4466
17 97 4467
28 55 4468
53 89 4469
71 72 4470
1 82 4471
36 60 4472
3 95 4473
38 48 4474
27 92 4475
54 80 4476
16 21 4477
50 102 4478
69 74 4479
16 84 4480
42 86 4481
7 97 4482
3 92 4483
8 25 4484
17 102 4485
33 56 4486
53 56 4487
8 21 4488
36 86 4489
1 100 4490
68 71 4491
11 95 4492
29 80 4493
2 94 4494
32 81 4495
87 89 4496
26 55 4497
63 71 4498
31 53 4499
28 94 4500
32 83 4501
11 97 4502
14 48 4503
22 101 4504
25 79 4505
12 92 4506
41 102 4507
44 81 4508
7 78 4509
5 74 4510
19 21 4511
26 97 4512
53 88 4513
1 46 4514
25 89 4515
7 67 4516
21 31 4517
80 93 4518
11 102 4519
29 60 4520
24 54 4521
46 86 4522
63 74 4523
30 80 4524
1 99 4525
3 40 4526
15 25 4527
3 97 4528
10 66 4529
30 79 4530
52 71 4531
51 83 4532
10 97 4533
39 84 4534
21 73 4535
24 102 4536
39 102 4537
27 94 4538
38 64 4539
7 90 4540
11 92 4541
10 99 4542
36 91 4543
22 102 4544
16 41 4545
7 91 4546
11 66 4547
18 33 4548
30 102 4549
9 21 4550
19 54 4551
51 89 4552
65 75 4553
20 53 4554
30 55 4555
36 51 4556
2 69 4557
31 84 4558
33 67 4559
32 33 4560
12 21 4561
29 33 4562
2 93 4563
31 89 4564
27 79 4565
3 100 4566
15 94 4567
28 93 4568
16 54 4569
1 33 4570
10 27 4571
19 84 4572
15 93 4573
16 58 4574
10 73 4575
21 101 4576
23 94 4577
20 55 4578
27 93 4579
41 61 4580
46 84 4581
63 76 4582
34 89 4583
36 84 4584
16 88 4585
16 87 4586
26 80 4587
10 90 4588
17 55 4589
17 48 4590
16 86 4591
7 73 4592
10 86 4593
13 102 4594
18 98 4595
44 62 4596
10 93 4597
44 64 4598
89 90 4599
33 62 4600
26 84 4601
36 96 4602
33 96 4603
17 54 4604
43 102 4605
21 57 4606
3 64 4607
9 89 4608
1 90 4609
2 79 4610
3 94 4611
40 102 4612
53 71 4613
25 87 4614
32 102 4615
32 94 4616
84 89 4617
3 69 4618
4 89 4619
10 95 4620
27 81 4621
1 66 4622
3 73 4623
21 62 4624
24 94 4625
71 100 4626
13 47 4627
21 22 4628
36 100 4629
56 82 4630
2 87 4631
64 75 4632
5 83 4633
48 64 4634
36 53 4635
16 23 4636
18 97 4637
3 72 4638
16 46 4639
21 24 4640
16 96 4641
9 97 4642
33 101 4643
99 102 4644
1 72 4645
2 95 4646
28 58 4647
55 56 4648
75 100 4649
29 49 4650
49 56 4651
17 53 4652
25 27 4653
23 25 4654
44 84 4655
16 22 4656
11 84 4657
2 88 4658
29 54 4659
42 61 4660
12 94 4661
49 80 4662
58 89 4663
16 33 4664
17 89 4665
3 67 4666
21 69 4667
32 95 4668
14 16 4669
25 53 4670
33 100 4671
7 70 4672
11 89 4673
27 54 4674
27 83 4675
49 102 4676
13 94 4677
26 89 4678
1 61 4679
54 56 4680
16 49 4681
36 98 4682
52 80 4683
26 29 4684
9 71 4685
58 83 4686
75 102 4687
38 89 4688
27 97 4689
29 93 4690
22 89 4691
50 56 4692
16 85 4693
25 93 4694
16 52 4695
25 81 4696
58 71 4697
7 69 4698
16 61 4699
24 25 4700
29 90 4701
1 70 4702
57 102 4703
16 91 4704
56 84 4705
60 102 4706
41 64 4707
56 87 4708
3 93 4709
8 71 4710
8 89 4711
84 101 4712
10 74 4713
10 68 4714
21 82 4715
24 97 4716
16 62 4717
52 81 4718
21 59 4719
74 101 4720
1 69 4721
10 78 4722
31 80 4723
33 93 4724
2 33 4725
14 102 4726
36 54 4727
7 93 4728
2 96 4729
16 29 4730
53 84 4731
62 74 4732
49 84 4733
32 84 4734
1 86 4735
10 47 4736
24 81 4737
29 88 4738
56 86 4739
82 102 4740
15 97 4741
22 84 4742
2 74 4743
56 88 4744
77 102 4745
40 84 4746
57 81 4747
34 102 4748
1 98 4749
42 102 4750
10 46 4751
1 68 4752
23 97 4753
36 52 4754
24 89 4755
28 57 4756
3 80 4757
5 71 4758
81 100 4759
20 25 4760
54 81 4761
48 87 4762
49 88 4763
27 95 4764
33 73 4765
1 102 4766
33 86 4767
52 56 4768
69 102 4769
7 65 4770
7 81 4771
57 80 4772
89 100 4773
37 47 4774
21 86 4775
11 21 4776
2 80 4777
49 81 4778
89 96 4779
21 100 4780
33 72 4781
2 83 4782
19 102 4783
11 71 4784
30 89 4785
7 85 4786
21 90 4787
29 55 4788
7 79 4789
5 84 4790
21 77 4791
1 95 4792
46 57 4793
16 28 4794
21 72 4795
20 89 4796
19 95 4797
51 81 4798
100 102 4799
52 83 4800
4 56 4801
21 91 4802
65 74 4803
29 85 4804
5 102 4805
21 78 4806
10 64 4807
10 87 4808
20 97 4809
33 98 4810
16 98 4811
29 58 4812
45 81 4813
3 83 4814
51 56 4815
1 21 4816
6 71 4817
52 89 4818
25 95 4819
1 78 4820
2 56 4821
16 20 4822
16 93 4823
56 59 4824
25 57 4825
41 84 4826
10 94 4827
13 25 4828
56 100 4829
64 74 4830
16 63 4831
43 64 4832
35 56 4833
101 102 4834
10 91 4835
49 62 4836
45 84 4837
10 88 4838
78 102 4839
16 24 4840
27 96 4841
55 71 4842
50 81 4843
53 102 4844
1 81 4845
21 98 4846
4 71 4847
25 29 4848
3 81 4849
1 67 4850
1 91 4851
24 80 4852
3 75 4853
9 56 4854
18 102 4855
7 63 4856
25 76 4857
16 80 4858
21 93 4859
5 97 4860
21 94 4861
1 62 4862
29 53 4863
35 102 4864
36 49 4865
26 54 4866
3 86 4867
28 89 4868
1 85 4869
89 93 4870
21 28 4871
2 81 4872
10 67 4873
53 80 4874
23 89 4875
29 95 4876
16 40 4877
24 84 4878
26 102 4879
9 25 4880
25 84 4881
2 89 4882
21 96 4883
16 90 4884
64 76 4885
25 56 4886
45 56 4887
15 102 4888
16 92 4889
16 27 4890
17 25 4891
3 79 4892
6 89 4893
50 82 4894
1 65 4895
19 25 4896
7 62 4897
16 68 4898
7 87 4899
56 66 4900
1 96 4901
16 50 4902
29 84 4903
1 84 4904
10 76 4905
22 25 4906
33 68 4907
90 102 4908
33 77 4909
8 56 4910
16 102 4911
56 101 4912
27 102 4913
56 57 4914
3 76 4915
3 84 4916
28 81 4917
50 83 4918
33 91 4919
12 25 4920
11 94 4921
63 102 4922
56 80 4923
3 70 4924
10 84 4925
10 85 4926
56 96 4927
2 84 4928
5 56 4929
16 71 4930
33 102 4931
33 85 4932
34 56 4933
25 28 4934
5 89 4935
56 95 4936
1 75 4937
1 94 4938
1 87 4939
32 56 4940
70 102 4941
12 89 4942
33 78 4943
49 83 4944
49 89 4945
16 76 4946
16 64 4947
56 93 4948
16 26 4949
50 61 4950
33 75 4951
56 99 4952
33 87 4953
33 90 4954
51 80 4955
33 97 4956
37 56 4957
31 56 4958
21 87 4959
42 85 4960
1 93 4961
6 56 4962
16 89 4963
27 89 4964
65 76 4965
21 95 4966
27 84 4967
38 56 4968
14 56 4969
18 25 4970
56 77 4971
1 56 4972
21 29 4973
10 70 4974
56 68 4975
1 73 4976
16 69 4977
16 67 4978
20 102 4979
21 83 4980
1 88 4981
23 56 4982
12 102 4983
98 102 4984
10 83 4985
42 64 4986
44 56 4987
21 75 4988
28 95 4989
56 60 4990
10 71 4991
36 56 4992
1 79 4993
10 75 4994
26 94 4995
39 56 4996
16 56 4997
56 62 4998
14 25 4999
88 96 5000
7 64 5001
66 76 5002
17 56 5003
56 58 5004
56 65 5005
1 76 5006
1 83 5007
19 56 5008
16 65 5009
56 72 5010
74 100 5011
30 56 5012
42 56 5013
15 56 5014
56 61 5015
18 56 5016
28 84 5017
49 61 5018
50 84 5019
50 89 5020
20 56 5021
36 57 5022
1 77 5023
7 61 5024
7 84 5025
21 74 5026
24 56 5027
3 88 5028
28 56 5029
33 83 5030
1 64 5031
29 57 5032
3 87 5033
1 97 5034
13 48 5035
12 56 5036
33 95 5037
20 54 5038
28 80 5039
53 81 5040
1 92 5041
16 95 5042
16 70 5043
33 89 5044
16 25 5045
16 66 5046
43 56 5047
56 64 5048
25 26 5049
26 56 5050
1 74 5051
33 82 5052
2 71 5053
16 97 5054
36 50 5055
21 85 5056
56 69 5057
1 80 5058
11 25 5059
33 84 5060
21 84 5061
21 76 5062
1 71 5063
16 48 5064
56 78 5065
10 89 5066
1 89 5067
27 56 5068
33 76 5069
56 63 5070
41 56 5071
11 56 5072
56 70 5073
13 56 5074
33 79 5075
