73 91 1
70 91 2
76 91 3
11 13 4
20 91 5
67 91 6
11 15 7
55 91 8
59 91 9
14 17 10
70 73 11
73 76 12
9 13 13
11 14 14
13 14 15
14 15 16
9 14 17
55 73 18
13 15 19
9 15 20
59 73 21
15 17 22
13 17 23
59 70 24
67 73 25
12 14 26
70 76 27
11 17 28
40 91 29
12 17 30
12 13 31
20 73 32
55 76 33
13 18 34
20 59 35
9 17 36
59 67 37
55 70 38
15 18 39
55 59 40
9 11 41
20 70 42
14 18 43
59 76 44
11 18 45
40 73 46
9 18 47
17 18 48
20 76 49
2 55 50
2 91 51
12 15 52
40 55 53
40 59 54
20 55 55
67 70 56
67 76 57
2 20 58
55 67 59
2 73 60
2 59 61
9 12 62
11 12 63
12 18 64
40 70 65
40 76 66
20 40 67
40 67 68
2 76 69
20 67 70
2 70 71
2 5 72
2 40 73
5 59 74
14 19 75
5 20 76
13 19 77
2 8 78
13 58 79
6 59 80
14 58 81
2 67 82
5 91 83
14 28 84
2 4 85
5 73 86
15 19 87
8 59 88
5 67 89
6 73 90
5 13 91
5 14 92
17 19 93
4 59 94
6 20 95
6 91 96
11 19 97
5 70 98
8 20 99
75 94 100
5 76 101
13 87 102
55 88 103
17 58 104
14 53 105
2 6 106
88 91 107
15 58 108
79 94 109
14 68 110
6 67 111
14 87 112
11 58 113
8 91 114
15 20 115
15 27 116
4 20 117
4 73 118
8 73 119
9 19 120
15 87 121
6 55 122
81 94 123
14 44 124
4 14 125
4 91 126
6 70 127
17 87 128
14 43 129
70 88 130
92 94 131
8 67 132
5 11 133
18 19 134
83 91 135
14 20 136
4 67 137
5 17 138
13 68 139
13 20 140
8 14 141
6 14 142
17 59 143
8 55 144
17 20 145
19 20 146
14 45 147
15 44 148
5 15 149
8 13 150
6 11 151
12 19 152
11 20 153
14 27 154
15 28 155
6 15 156
1 14 157
8 15 158
11 27 159
13 28 160
17 28 161
74 94 162
14 24 163
48 94 164
5 22 165
14 59 166
46 94 167
8 17 168
13 24 169
9 87 170
76 88 171
5 12 172
46 48 173
9 58 174
48 75 175
1 2 176
4 13 177
9 20 178
13 53 179
15 45 180
20 88 181
1 13 182
8 12 183
5 55 184
13 27 185
17 24 186
55 61 187
8 76 188
17 27 189
6 17 190
6 76 191
13 59 192
15 24 193
36 48 194
12 20 195
13 44 196
14 63 197
2 15 198
15 43 199
75 79 200
4 17 201
11 53 202
5 9 203
11 28 204
13 23 205
17 68 206
4 9 207
15 68 208
59 88 209
8 9 210
15 91 211
2 13 212
5 40 213
11 44 214
14 62 215
19 59 216
29 48 217
2 14 218
6 40 219
12 28 220
14 23 221
13 43 222
6 13 223
9 43 224
73 88 225
5 18 226
17 43 227
15 59 228
9 27 229
12 44 230
12 58 231
19 67 232
6 12 233
18 20 234
1 11 235
14 39 236
15 53 237
18 28 238
12 87 239
17 53 240
9 44 241
9 28 242
1 59 243
13 31 244
12 53 245
18 58 246
18 44 247
48 55 248
4 55 249
2 11 250
5 88 251
40 88 252
76 83 253
1 17 254
12 27 255
15 23 256
18 87 257
75 81 258
11 87 259
14 26 260
8 11 261
13 45 262
13 54 263
1 15 264
17 44 265
18 59 266
18 27 267
8 70 268
17 62 269
73 83 270
89 94 271
4 12 272
6 18 273
8 40 274
2 19 275
74 75 276
1 12 277
4 76 278
13 67 279
15 31 280
14 91 281
18 24 282
9 53 283
11 43 284
9 59 285
6 9 286
14 31 287
17 91 288
29 55 289
13 91 290
4 18 291
47 48 292
13 62 293
14 50 294
17 23 295
11 45 296
15 70 297
4 15 298
12 24 299
14 32 300
14 54 301
12 43 302
14 52 303
1 20 304
11 59 305
4 11 306
12 59 307
46 47 308
9 45 309
13 38 310
36 55 311
25 55 312
67 88 313
13 49 314
14 42 315
15 39 316
18 53 317
2 17 318
36 47 319
81 92 320
46 55 321
47 94 322
14 41 323
48 79 324
14 49 325
68 76 326
15 49 327
9 23 328
36 46 329
2 9 330
13 50 331
75 97 332
14 37 333
15 35 334
19 70 335
1 70 336
17 32 337
17 67 338
3 5 339
4 40 340
13 42 341
15 63 342
15 42 343
17 73 344
13 52 345
15 26 346
22 55 347
8 22 348
18 43 349
11 24 350
15 52 351
94 97 352
9 54 353
48 81 354
11 62 355
15 32 356
4 70 357
15 50 358
9 73 359
19 73 360
11 23 361
46 81 362
61 91 363
79 81 364
15 69 365
18 45 366
29 46 367
13 32 368
18 62 369
19 91 370
59 61 371
75 92 372
15 67 373
48 102 374
8 18 375
17 70 376
17 31 377
1 9 378
9 68 379
17 49 380
14 35 381
14 73 382
9 31 383
15 37 384
13 35 385
11 39 386
13 72 387
58 68 388
13 78 389
14 30 390
15 73 391
11 49 392
36 94 393
9 39 394
13 69 395
14 69 396
15 54 397
11 41 398
11 42 399
14 78 400
11 91 401
11 68 402
29 94 403
43 55 404
12 45 405
9 49 406
70 83 407
15 76 408
17 41 409
9 91 410
13 41 411
5 8 412
17 26 413
12 70 414
73 86 415
15 62 416
17 45 417
5 6 418
12 67 419
14 72 420
9 76 421
13 37 422
19 55 423
17 40 424
48 89 425
1 18 426
17 42 427
27 40 428
76 86 429
15 38 430
15 98 431
17 35 432
1 91 433
13 73 434
14 51 435
12 62 436
17 63 437
17 52 438
14 34 439
76 85 440
25 48 441
13 51 442
76 87 443
76 90 444
40 83 445
55 83 446
4 5 447
11 26 448
9 24 449
11 50 450
13 98 451
15 41 452
13 26 453
12 68 454
13 93 455
9 26 456
9 62 457
14 21 458
12 49 459
14 38 460
47 55 461
2 12 462
11 31 463
43 59 464
9 67 465
11 73 466
5 19 467
2 18 468
17 69 469
58 87 470
22 40 471
47 75 472
14 98 473
22 91 474
11 52 475
11 54 476
11 38 477
17 78 478
43 76 479
13 21 480
48 74 481
58 70 482
27 76 483
48 92 484
25 94 485
13 76 486
14 67 487
19 40 488
5 21 489
6 8 490
14 93 491
73 85 492
11 63 493
13 39 494
17 39 495
9 55 496
90 91 497
15 40 498
13 63 499
14 40 500
15 55 501
11 37 502
17 37 503
79 92 504
13 65 505
40 43 506
3 8 507
11 70 508
18 26 509
6 19 510
18 41 511
46 75 512
17 54 513
13 99 514
43 91 515
63 70 516
12 91 517
75 89 518
12 41 519
9 32 520
11 32 521
14 99 522
11 34 523
13 70 524
27 73 525
17 34 526
61 76 527
11 72 528
12 42 529
6 22 530
60 76 531
62 73 532
13 57 533
12 23 534
80 94 535
17 76 536
27 70 537
55 94 538
15 78 539
13 34 540
9 42 541
18 68 542
5 7 543
29 81 544
18 78 545
9 78 546
70 85 547
9 40 548
15 72 549
12 39 550
9 41 551
14 57 552
17 55 553
1 73 554
9 63 555
9 72 556
46 92 557
9 51 558
60 73 559
63 73 560
70 87 561
15 21 562
17 38 563
18 91 564
9 35 565
14 85 566
18 73 567
15 99 568
4 8 569
18 69 570
8 19 571
29 36 572
74 79 573
13 100 574
64 70 575
1 55 576
19 58 577
62 70 578
61 70 579
11 98 580
18 49 581
9 38 582
46 79 583
63 76 584
40 48 585
72 76 586
44 59 587
73 90 588
70 86 589
12 52 590
55 74 591
9 98 592
18 70 593
27 91 594
66 73 595
17 72 596
12 31 597
12 73 598
17 99 599
55 92 600
18 23 601
43 70 602
61 73 603
76 82 604
15 34 605
17 50 606
58 73 607
55 79 608
62 76 609
13 30 610
17 65 611
20 22 612
9 52 613
11 51 614
68 70 615
11 35 616
1 67 617
14 100 618
68 91 619
13 55 620
15 30 621
20 43 622
67 83 623
73 87 624
14 70 625
18 37 626
4 6 627
79 97 628
6 88 629
9 37 630
9 70 631
9 69 632
18 54 633
67 90 634
18 63 635
12 35 636
15 51 637
18 50 638
17 85 639
36 81 640
66 76 641
40 61 642
11 30 643
12 26 644
76 100 645
8 88 646
12 54 647
66 70 648
11 40 649
15 57 650
17 51 651
48 97 652
85 91 653
12 99 654
76 77 655
9 50 656
18 40 657
40 44 658
90 92 659
12 72 660
17 57 661
1 19 662
18 39 663
47 81 664
40 52 665
14 66 666
2 27 667
44 70 668
76 78 669
70 90 670
17 30 671
36 102 672
53 76 673
58 69 674
3 55 675
68 73 676
11 55 677
18 67 678
40 53 679
18 32 680
47 79 681
19 76 682
68 87 683
36 92 684
1 4 685
70 72 686
9 99 687
11 67 688
88 90 689
5 61 690
5 83 691
22 73 692
85 88 693
13 82 694
44 73 695
1 76 696
44 76 697
1 40 698
66 91 699
11 99 700
12 63 701
40 46 702
55 97 703
2 52 704
11 93 705
29 102 706
12 69 707
29 75 708
18 31 709
55 80 710
11 76 711
2 43 712
18 38 713
70 78 714
1 5 715
4 19 716
72 73 717
27 55 718
59 83 719
5 48 720
73 77 721
12 51 722
25 75 723
14 65 724
70 77 725
43 58 726
36 79 727
22 59 728
52 76 729
40 94 730
58 76 731
12 55 732
55 102 733
11 78 734
3 21 735
12 32 736
14 64 737
18 52 738
17 98 739
70 93 740
87 91 741
21 33 742
44 91 743
64 73 744
14 55 745
27 59 746
42 76 747
52 55 748
75 76 749
51 70 750
53 70 751
94 102 752
40 75 753
37 76 754
44 55 755
11 21 756
14 82 757
77 88 758
15 100 759
81 97 760
51 55 761
73 78 762
22 27 763
14 76 764
57 70 765
12 76 766
46 102 767
69 76 768
9 57 769
46 74 770
53 55 771
25 47 772
76 96 773
2 26 774
12 40 775
44 53 776
73 100 777
15 85 778
55 68 779
53 58 780
59 66 781
48 90 782
29 40 783
11 69 784
20 27 785
64 76 786
86 88 787
13 40 788
9 100 789
12 50 790
58 59 791
18 35 792
43 87 793
18 30 794
29 47 795
18 57 796
60 67 797
7 55 798
12 98 799
18 42 800
43 73 801
51 76 802
12 34 803
15 65 804
59 68 805
40 90 806
11 57 807
75 88 808
36 75 809
11 65 810
62 87 811
86 91 812
9 30 813
9 34 814
47 97 815
73 84 816
25 29 817
57 73 818
17 100 819
69 70 820
17 21 821
40 47 822
82 87 823
6 61 824
51 73 825
13 86 826
19 44 827
13 66 828
69 87 829
74 92 830
43 49 831
12 78 832
18 76 833
2 23 834
52 59 835
76 93 836
35 76 837
69 73 838
26 70 839
74 81 840
4 22 841
37 70 842
53 87 843
40 85 844
18 22 845
40 42 846
44 58 847
15 93 848
59 63 849
68 88 850
34 76 851
54 76 852
22 76 853
12 37 854
34 73 855
61 67 856
90 94 857
6 21 858
13 33 859
18 55 860
18 72 861
18 85 862
79 88 863
13 60 864
11 100 865
22 67 866
29 92 867
17 93 868
78 87 869
78 91 870
42 59 871
59 72 872
19 22 873
26 76 874
28 58 875
8 21 876
70 84 877
92 97 878
58 62 879
44 87 880
70 82 881
40 86 882
52 70 883
55 100 884
37 73 885
45 58 886
12 57 887
14 60 888
15 86 889
14 101 890
37 59 891
4 21 892
15 66 893
57 76 894
12 65 895
40 58 896
72 91 897
43 44 898
46 89 899
47 89 900
52 73 901
13 77 902
59 60 903
60 70 904
75 91 905
77 91 906
28 87 907
35 55 908
41 55 909
46 97 910
40 87 911
4 88 912
13 85 913
14 33 914
82 91 915
13 64 916
42 48 917
17 82 918
55 81 919
55 89 920
40 60 921
9 21 922
18 100 923
18 21 924
8 83 925
12 38 926
17 86 927
40 79 928
40 51 929
12 30 930
27 28 931
79 89 932
40 41 933
26 40 934
71 94 935
1 8 936
9 82 937
47 74 938
76 84 939
70 100 940
1 6 941
2 58 942
37 91 943
42 73 944
59 90 945
87 98 946
55 60 947
2 42 948
9 93 949
18 34 950
55 72 951
91 100 952
51 59 953
58 72 954
59 64 955
68 78 956
75 90 957
27 44 958
18 51 959
7 17 960
42 55 961
7 13 962
9 85 963
65 87 964
29 79 965
64 91 966
75 83 967
15 82 968
28 43 969
31 76 970
67 68 971
40 57 972
62 67 973
19 28 974
73 99 975
14 96 976
55 63 977
49 76 978
58 63 979
59 62 980
17 22 981
53 59 982
64 67 983
13 90 984
42 70 985
43 53 986
83 90 987
60 91 988
15 22 989
25 46 990
65 70 991
2 88 992
20 44 993
88 94 994
45 55 995
14 90 996
27 67 997
88 92 998
49 55 999
57 67 1000
5 46 1001
43 88 1002
14 77 1003
41 91 1004
85 92 1005
48 86 1006
62 68 1007
14 86 1008
17 66 1009
45 76 1010
24 87 1011
44 67 1012
18 98 1013
51 67 1014
72 87 1015
43 45 1016
66 67 1017
47 92 1018
67 72 1019
19 43 1020
81 89 1021
18 65 1022
31 58 1023
40 63 1024
15 88 1025
26 73 1026
51 91 1027
19 27 1028
50 76 1029
59 100 1030
53 73 1031
53 91 1032
73 82 1033
76 95 1034
35 73 1035
83 88 1036
8 61 1037
25 79 1038
67 77 1039
73 93 1040
37 55 1041
63 91 1042
70 99 1043
5 29 1044
12 66 1045
59 87 1046
7 27 1047
32 55 1048
40 62 1049
53 68 1050
18 93 1051
20 26 1052
32 76 1053
67 87 1054
55 66 1055
76 99 1056
18 99 1057
91 96 1058
41 70 1059
43 68 1060
47 102 1061
39 70 1062
2 51 1063
83 85 1064
20 41 1065
55 90 1066
17 60 1067
39 59 1068
57 59 1069
63 68 1070
5 10 1071
45 87 1072
55 58 1073
89 92 1074
2 44 1075
2 90 1076
3 14 1077
40 97 1078
48 77 1079
6 83 1080
11 22 1081
41 59 1082
41 76 1083
49 53 1084
41 58 1085
43 67 1086
15 96 1087
29 97 1088
24 43 1089
43 52 1090
52 67 1091
55 77 1092
26 91 1093
67 86 1094
11 60 1095
52 91 1096
58 78 1097
36 97 1098
63 87 1099
18 66 1100
29 74 1101
3 6 1102
59 77 1103
39 87 1104
11 66 1105
54 59 1106
2 54 1107
50 55 1108
19 53 1109
22 70 1110
9 65 1111
27 58 1112
32 70 1113
54 55 1114
44 45 1115
86 92 1116
48 85 1117
91 95 1118
2 41 1119
35 48 1120
59 86 1121
40 50 1122
20 34 1123
39 40 1124
54 58 1125
13 95 1126
87 93 1127
76 101 1128
20 51 1129
27 43 1130
12 22 1131
45 49 1132
67 84 1133
12 85 1134
36 74 1135
45 59 1136
36 40 1137
70 96 1138
13 101 1139
83 94 1140
10 14 1141
12 86 1142
38 87 1143
80 92 1144
10 21 1145
17 77 1146
20 83 1147
45 91 1148
53 62 1149
2 68 1150
12 100 1151
15 33 1152
19 87 1153
65 76 1154
68 72 1155
11 85 1156
35 59 1157
55 62 1158
7 15 1159
41 87 1160
68 82 1161
70 94 1162
17 90 1163
17 33 1164
17 64 1165
27 87 1166
40 100 1167
15 95 1168
9 66 1169
67 85 1170
39 55 1171
48 80 1172
77 92 1173
2 64 1174
19 88 1175
12 88 1176
4 61 1177
54 68 1178
55 86 1179
2 34 1180
7 8 1181
40 89 1182
81 88 1183
54 87 1184
43 50 1185
13 22 1186
19 24 1187
37 58 1188
58 65 1189
41 73 1190
88 89 1191
41 43 1192
45 73 1193
83 86 1194
24 70 1195
37 53 1196
39 76 1197
40 54 1198
58 67 1199
62 91 1200
20 90 1201
48 76 1202
2 100 1203
15 60 1204
32 87 1205
27 45 1206
90 97 1207
49 58 1208
40 66 1209
31 53 1210
42 53 1211
63 67 1212
29 89 1213
40 45 1214
62 72 1215
70 92 1216
5 36 1217
65 73 1218
59 85 1219
70 75 1220
20 61 1221
11 64 1222
35 49 1223
37 40 1224
19 26 1225
37 43 1226
67 82 1227
92 102 1228
45 70 1229
5 43 1230
45 53 1231
12 82 1232
15 16 1233
35 70 1234
85 87 1235
73 96 1236
5 25 1237
43 48 1238
41 53 1239
76 94 1240
84 91 1241
3 4 1242
17 88 1243
32 59 1244
23 28 1245
42 88 1246
74 89 1247
39 58 1248
42 43 1249
9 22 1250
44 49 1251
27 53 1252
27 88 1253
40 77 1254
75 77 1255
40 92 1256
18 33 1257
40 99 1258
28 44 1259
28 59 1260
2 49 1261
28 45 1262
18 82 1263
86 94 1264
48 100 1265
69 72 1266
91 93 1267
2 53 1268
11 86 1269
19 68 1270
35 58 1271
15 64 1272
72 78 1273
4 43 1274
70 95 1275
3 17 1276
24 58 1277
32 40 1278
55 57 1279
9 101 1280
14 16 1281
20 28 1282
59 69 1283
67 96 1284
23 43 1285
41 44 1286
2 60 1287
31 91 1288
13 16 1289
13 88 1290
18 86 1291
10 13 1292
2 50 1293
55 78 1294
35 91 1295
7 9 1296
9 88 1297
43 54 1298
28 31 1299
53 69 1300
53 72 1301
57 91 1302
19 23 1303
24 76 1304
86 87 1305
44 50 1306
41 45 1307
9 60 1308
55 85 1309
43 51 1310
24 28 1311
50 73 1312
37 88 1313
7 19 1314
72 88 1315
2 22 1316
34 55 1317
2 57 1318
31 73 1319
58 82 1320
19 21 1321
44 62 1322
43 62 1323
26 55 1324
12 93 1325
19 62 1326
48 52 1327
31 87 1328
42 91 1329
50 58 1330
67 78 1331
25 81 1332
32 91 1333
7 12 1334
49 87 1335
5 47 1336
40 49 1337
68 83 1338
32 58 1339
87 88 1340
15 101 1341
37 48 1342
46 90 1343
75 86 1344
7 48 1345
11 77 1346
37 87 1347
31 40 1348
91 99 1349
73 75 1350
35 43 1351
68 69 1352
27 31 1353
15 77 1354
39 91 1355
19 52 1356
24 53 1357
64 88 1358
54 70 1359
2 63 1360
15 83 1361
75 85 1362
42 67 1363
5 28 1364
6 7 1365
32 43 1366
18 101 1367
24 91 1368
34 70 1369
44 54 1370
37 44 1371
55 82 1372
20 32 1373
43 83 1374
87 96 1375
91 94 1376
30 48 1377
40 78 1378
23 73 1379
59 78 1380
61 88 1381
75 80 1382
40 72 1383
14 88 1384
7 46 1385
19 37 1386
43 78 1387
12 60 1388
38 58 1389
11 82 1390
5 102 1391
37 67 1392
48 91 1393
14 95 1394
9 64 1395
34 58 1396
17 47 1397
14 48 1398
40 64 1399
66 87 1400
43 72 1401
9 86 1402
40 81 1403
2 31 1404
26 59 1405
48 60 1406
20 58 1407
34 59 1408
32 73 1409
38 53 1410
67 100 1411
2 62 1412
9 95 1413
35 40 1414
59 99 1415
50 70 1416
69 78 1417
7 43 1418
19 61 1419
23 27 1420
20 31 1421
76 98 1422
1 22 1423
19 35 1424
14 22 1425
42 58 1426
5 33 1427
6 43 1428
51 53 1429
11 90 1430
19 54 1431
23 76 1432
7 94 1433
20 86 1434
58 91 1435
73 95 1436
89 97 1437
6 44 1438
22 42 1439
28 76 1440
50 59 1441
42 87 1442
51 58 1443
9 96 1444
19 31 1445
9 90 1446
20 100 1447
58 60 1448
36 89 1449
38 76 1450
54 73 1451
55 87 1452
4 83 1453
7 11 1454
19 39 1455
54 91 1456
3 7 1457
12 21 1458
20 87 1459
60 88 1460
62 65 1461
28 63 1462
34 40 1463
27 49 1464
3 15 1465
34 91 1466
39 44 1467
49 54 1468
80 81 1469
2 37 1470
48 51 1471
63 78 1472
31 55 1473
42 47 1474
26 28 1475
63 69 1476
49 59 1477
65 68 1478
72 82 1479
8 10 1480
20 62 1481
79 80 1482
58 98 1483
8 48 1484
20 52 1485
17 101 1486
40 74 1487
74 88 1488
88 100 1489
8 44 1490
7 14 1491
19 63 1492
2 32 1493
4 44 1494
8 27 1495
48 101 1496
52 58 1497
45 50 1498
62 69 1499
31 70 1500
23 45 1501
5 27 1502
15 48 1503
31 43 1504
54 67 1505
20 42 1506
20 60 1507
24 55 1508
12 96 1509
5 58 1510
23 87 1511
20 45 1512
48 71 1513
88 95 1514
68 93 1515
65 69 1516
39 48 1517
38 70 1518
68 98 1519
88 93 1520
2 85 1521
87 90 1522
91 92 1523
74 97 1524
27 68 1525
55 99 1526
59 65 1527
2 87 1528
41 67 1529
85 94 1530
2 24 1531
20 50 1532
80 88 1533
2 45 1534
49 52 1535
15 61 1536
36 80 1537
22 43 1538
40 68 1539
50 87 1540
76 97 1541
2 86 1542
28 53 1543
45 62 1544
8 43 1545
15 90 1546
46 80 1547
78 82 1548
88 97 1549
23 32 1550
45 68 1551
17 48 1552
22 44 1553
84 88 1554
9 77 1555
20 35 1556
24 27 1557
38 59 1558
35 88 1559
44 69 1560
49 70 1561
31 49 1562
19 50 1563
23 40 1564
18 88 1565
42 44 1566
49 51 1567
13 84 1568
20 53 1569
44 52 1570
79 102 1571
58 88 1572
26 43 1573
35 44 1574
27 62 1575
17 61 1576
39 73 1577
17 84 1578
53 67 1579
43 63 1580
19 45 1581
37 49 1582
38 49 1583
44 78 1584
55 69 1585
19 41 1586
18 96 1587
49 73 1588
53 78 1589
18 60 1590
69 91 1591
43 69 1592
57 58 1593
28 55 1594
42 46 1595
63 72 1596
31 59 1597
45 52 1598
5 44 1599
44 88 1600
5 92 1601
6 48 1602
87 99 1603
78 88 1604
24 40 1605
11 33 1606
40 96 1607
7 36 1608
30 76 1609
17 95 1610
41 52 1611
7 47 1612
23 44 1613
31 44 1614
1 28 1615
19 83 1616
28 30 1617
47 58 1618
43 85 1619
66 88 1620
81 102 1621
11 88 1622
49 50 1623
73 101 1624
19 42 1625
27 32 1626
30 40 1627
17 36 1628
24 59 1629
27 38 1630
26 44 1631
60 68 1632
92 95 1633
41 50 1634
67 99 1635
17 83 1636
40 82 1637
46 88 1638
50 53 1639
24 44 1640
94 95 1641
34 43 1642
48 57 1643
61 75 1644
48 88 1645
76 79 1646
5 53 1647
8 25 1648
25 90 1649
82 83 1650
12 48 1651
10 15 1652
9 48 1653
12 95 1654
53 65 1655
52 53 1656
78 83 1657
6 53 1658
38 43 1659
38 55 1660
74 76 1661
28 42 1662
30 58 1663
54 72 1664
92 96 1665
20 68 1666
40 101 1667
27 52 1668
2 30 1669
89 90 1670
6 58 1671
20 85 1672
24 73 1673
13 83 1674
13 96 1675
70 98 1676
44 51 1677
63 88 1678
82 88 1679
9 33 1680
2 38 1681
14 83 1682
42 92 1683
91 101 1684
9 16 1685
25 40 1686
23 91 1687
62 78 1688
45 54 1689
55 96 1690
65 67 1691
35 83 1692
7 85 1693
59 82 1694
73 98 1695
92 101 1696
27 72 1697
28 52 1698
31 68 1699
20 39 1700
25 92 1701
26 53 1702
76 81 1703
25 97 1704
19 34 1705
38 45 1706
20 23 1707
82 94 1708
18 64 1709
26 27 1710
8 36 1711
49 68 1712
65 91 1713
28 70 1714
23 58 1715
14 47 1716
35 87 1717
19 49 1718
72 83 1719
60 72 1720
20 99 1721
37 68 1722
45 67 1723
58 100 1724
55 64 1725
14 84 1726
19 48 1727
27 48 1728
77 94 1729
2 99 1730
7 18 1731
55 65 1732
3 47 1733
39 68 1734
18 77 1735
28 35 1736
35 68 1737
74 90 1738
2 35 1739
84 94 1740
31 45 1741
38 91 1742
23 24 1743
23 70 1744
22 26 1745
27 41 1746
35 54 1747
79 91 1748
41 88 1749
45 48 1750
5 45 1751
11 101 1752
2 66 1753
42 52 1754
7 52 1755
8 45 1756
36 57 1757
24 26 1758
35 53 1759
20 24 1760
42 49 1761
68 92 1762
74 102 1763
36 42 1764
69 82 1765
76 89 1766
4 7 1767
59 96 1768
36 86 1769
7 25 1770
22 35 1771
26 67 1772
35 45 1773
7 57 1774
20 37 1775
22 86 1776
4 53 1777
37 62 1778
43 60 1779
34 87 1780
36 90 1781
68 90 1782
32 68 1783
17 96 1784
24 41 1785
26 58 1786
44 68 1787
65 78 1788
82 92 1789
7 23 1790
7 90 1791
77 83 1792
34 44 1793
43 86 1794
43 100 1795
53 54 1796
49 72 1797
52 88 1798
17 46 1799
69 88 1800
77 87 1801
28 91 1802
57 88 1803
2 61 1804
7 26 1805
28 49 1806
41 49 1807
32 53 1808
47 86 1809
70 101 1810
31 52 1811
13 48 1812
27 35 1813
62 88 1814
8 29 1815
51 52 1816
47 90 1817
48 49 1818
89 102 1819
2 28 1820
65 72 1821
79 90 1822
83 100 1823
24 62 1824
9 84 1825
7 35 1826
15 84 1827
50 51 1828
7 42 1829
39 43 1830
28 68 1831
60 65 1832
5 24 1833
31 62 1834
59 93 1835
5 68 1836
18 90 1837
20 66 1838
20 84 1839
7 100 1840
83 84 1841
87 95 1842
75 102 1843
24 31 1844
66 68 1845
28 39 1846
39 45 1847
18 95 1848
72 90 1849
8 58 1850
1 58 1851
65 88 1852
3 13 1853
79 83 1854
18 47 1855
19 32 1856
38 52 1857
64 87 1858
5 16 1859
70 81 1860
5 87 1861
23 53 1862
38 73 1863
23 49 1864
38 68 1865
32 44 1866
67 93 1867
23 39 1868
28 72 1869
27 63 1870
5 56 1871
27 69 1872
28 32 1873
18 83 1874
45 69 1875
60 87 1876
40 93 1877
2 72 1878
3 12 1879
12 90 1880
26 88 1881
27 65 1882
8 50 1883
28 73 1884
2 77 1885
52 68 1886
55 101 1887
58 86 1888
8 28 1889
8 33 1890
20 57 1891
72 86 1892
37 54 1893
13 47 1894
24 48 1895
19 30 1896
24 63 1897
59 95 1898
44 99 1899
32 52 1900
8 87 1901
11 96 1902
28 54 1903
89 91 1904
40 69 1905
30 55 1906
54 78 1907
2 93 1908
12 77 1909
74 91 1910
37 45 1911
57 87 1912
23 59 1913
36 88 1914
4 52 1915
6 10 1916
19 51 1917
26 31 1918
46 77 1919
55 71 1920
30 43 1921
52 72 1922
9 47 1923
39 41 1924
45 51 1925
55 95 1926
41 51 1927
87 100 1928
23 31 1929
62 63 1930
67 69 1931
8 52 1932
22 57 1933
44 48 1934
22 85 1935
26 45 1936
28 98 1937
45 88 1938
76 92 1939
2 39 1940
38 50 1941
24 68 1942
23 41 1943
75 95 1944
88 101 1945
28 34 1946
22 90 1947
8 53 1948
32 67 1949
45 78 1950
57 69 1951
13 36 1952
38 40 1953
3 25 1954
51 68 1955
30 44 1956
40 102 1957
35 46 1958
50 91 1959
82 90 1960
19 38 1961
41 54 1962
38 44 1963
51 88 1964
30 53 1965
8 23 1966
19 98 1967
20 64 1968
4 58 1969
81 83 1970
12 101 1971
50 54 1972
62 66 1973
48 84 1974
8 46 1975
22 58 1976
44 98 1977
23 68 1978
39 53 1979
12 64 1980
23 34 1981
88 99 1982
82 96 1983
17 29 1984
64 92 1985
2 78 1986
46 57 1987
20 72 1988
34 67 1989
48 99 1990
26 41 1991
71 88 1992
11 16 1993
40 95 1994
42 54 1995
44 63 1996
62 82 1997
28 41 1998
26 48 1999
92 93 2000
68 99 2001
24 65 2002
19 69 2003
5 75 2004
7 37 2005
23 48 2006
68 85 2007
28 62 2008
35 50 2009
40 84 2010
48 96 2011
49 91 2012
47 80 2013
5 50 2014
42 68 2015
52 87 2016
26 87 2017
19 99 2018
41 68 2019
12 33 2020
20 63 2021
7 75 2022
48 82 2023
18 48 2024
19 78 2025
32 49 2026
40 65 2027
2 83 2028
23 88 2029
44 65 2030
6 45 2031
26 68 2032
42 45 2033
8 51 2034
31 50 2035
35 67 2036
32 48 2037
22 52 2038
4 50 2039
31 54 2040
1 43 2041
5 23 2042
52 54 2043
4 45 2044
19 57 2045
39 67 2046
3 18 2047
35 62 2048
42 83 2049
28 40 2050
2 82 2051
63 65 2052
58 66 2053
68 96 2054
23 62 2055
53 63 2056
64 68 2057
84 87 2058
12 47 2059
27 83 2060
49 65 2061
60 69 2062
36 52 2063
48 53 2064
43 82 2065
66 72 2066
97 102 2067
24 32 2068
42 50 2069
4 28 2070
43 65 2071
46 76 2072
2 101 2073
75 82 2074
85 97 2075
2 96 2076
60 62 2077
80 97 2078
22 37 2079
28 37 2080
88 96 2081
30 73 2082
84 92 2083
23 63 2084
31 32 2085
32 88 2086
49 60 2087
57 68 2088
60 75 2089
83 96 2090
24 38 2091
37 47 2092
53 57 2093
29 80 2094
50 88 2095
83 93 2096
27 39 2097
11 84 2098
37 50 2099
24 69 2100
39 54 2101
2 65 2102
23 26 2103
50 52 2104
67 95 2105
37 83 2106
46 85 2107
4 23 2108
12 61 2109
50 62 2110
58 85 2111
19 47 2112
29 90 2113
30 88 2114
45 72 2115
13 46 2116
57 83 2117
30 91 2118
38 62 2119
24 45 2120
72 98 2121
50 67 2122
6 33 2123
30 59 2124
44 86 2125
7 40 2126
47 52 2127
39 49 2128
43 92 2129
20 77 2130
68 86 2131
48 50 2132
69 86 2133
23 30 2134
30 45 2135
27 37 2136
32 54 2137
52 65 2138
58 90 2139
62 98 2140
67 101 2141
24 88 2142
8 47 2143
78 92 2144
6 87 2145
8 54 2146
20 54 2147
20 30 2148
46 52 2149
24 39 2150
1 27 2151
30 87 2152
6 27 2153
73 94 2154
8 102 2155
44 85 2156
34 53 2157
62 86 2158
46 101 2159
28 69 2160
2 84 2161
49 67 2162
83 95 2163
31 98 2164
7 50 2165
11 95 2166
48 66 2167
29 76 2168
22 64 2169
28 38 2170
35 72 2171
14 36 2172
44 60 2173
18 36 2174
46 86 2175
23 54 2176
17 92 2177
27 51 2178
61 66 2179
4 54 2180
54 69 2181
10 17 2182
23 35 2183
49 62 2184
8 68 2185
29 91 2186
1 53 2187
4 48 2188
19 66 2189
70 74 2190
13 61 2191
14 92 2192
19 72 2193
34 45 2194
59 84 2195
27 54 2196
7 86 2197
47 71 2198
39 51 2199
7 51 2200
46 49 2201
71 75 2202
16 18 2203
25 89 2204
52 62 2205
71 81 2206
92 100 2207
25 42 2208
50 68 2209
7 24 2210
54 57 2211
22 99 2212
51 83 2213
1 88 2214
35 41 2215
47 88 2216
54 63 2217
44 46 2218
27 50 2219
43 98 2220
22 77 2221
67 75 2222
94 96 2223
31 51 2224
66 83 2225
53 60 2226
55 93 2227
5 51 2228
24 35 2229
15 47 2230
60 63 2231
37 51 2232
44 57 2233
44 72 2234
24 30 2235
6 28 2236
37 52 2237
43 99 2238
68 75 2239
20 49 2240
34 52 2241
45 63 2242
47 57 2243
30 94 2244
41 69 2245
48 70 2246
22 45 2247
22 23 2248
35 52 2249
10 11 2250
26 39 2251
32 45 2252
7 44 2253
19 36 2254
54 62 2255
19 29 2256
38 88 2257
22 24 2258
22 53 2259
66 92 2260
14 25 2261
3 19 2262
34 49 2263
41 62 2264
47 85 2265
47 91 2266
5 94 2267
25 30 2268
20 82 2269
65 86 2270
82 85 2271
48 68 2272
83 89 2273
23 55 2274
39 52 2275
18 29 2276
27 34 2277
12 83 2278
69 98 2279
4 87 2280
7 58 2281
43 46 2282
72 85 2283
29 85 2284
40 98 2285
32 50 2286
58 93 2287
34 50 2288
23 37 2289
3 33 2290
31 82 2291
82 84 2292
27 30 2293
52 78 2294
83 87 2295
27 98 2296
44 47 2297
71 92 2298
1 21 2299
35 51 2300
74 83 2301
24 49 2302
35 86 2303
41 42 2304
23 42 2305
40 80 2306
5 62 2307
5 42 2308
66 94 2309
51 87 2310
61 86 2311
83 99 2312
8 26 2313
46 60 2314
48 59 2315
4 62 2316
49 63 2317
5 52 2318
37 69 2319
39 62 2320
5 57 2321
55 84 2322
22 60 2323
5 41 2324
25 88 2325
5 26 2326
39 88 2327
86 97 2328
36 70 2329
19 65 2330
22 31 2331
27 61 2332
30 41 2333
45 99 2334
72 96 2335
27 47 2336
48 58 2337
10 55 2338
13 25 2339
27 57 2340
43 47 2341
37 63 2342
85 89 2343
7 39 2344
42 62 2345
16 17 2346
59 101 2347
62 99 2348
52 57 2349
24 42 2350
26 32 2351
38 54 2352
50 78 2353
14 46 2354
61 77 2355
48 62 2356
60 83 2357
30 50 2358
11 47 2359
35 47 2360
44 90 2361
45 82 2362
87 101 2363
31 88 2364
53 86 2365
43 96 2366
70 97 2367
22 62 2368
39 83 2369
32 62 2370
61 68 2371
51 54 2372
75 93 2373
37 82 2374
68 100 2375
7 53 2376
45 46 2377
46 71 2378
28 50 2379
45 98 2380
17 25 2381
9 83 2382
51 62 2383
58 77 2384
94 100 2385
18 61 2386
44 83 2387
35 57 2388
11 48 2389
37 57 2390
74 80 2391
34 62 2392
9 36 2393
1 68 2394
52 63 2395
53 88 2396
22 51 2397
77 79 2398
29 86 2399
44 82 2400
1 44 2401
1 87 2402
24 67 2403
25 100 2404
29 57 2405
38 48 2406
64 83 2407
4 10 2408
7 81 2409
22 30 2410
19 93 2411
22 88 2412
5 72 2413
37 46 2414
60 66 2415
22 100 2416
78 98 2417
8 49 2418
24 99 2419
44 100 2420
45 65 2421
54 65 2422
55 56 2423
82 86 2424
31 60 2425
24 54 2426
7 49 2427
47 76 2428
58 75 2429
31 41 2430
91 97 2431
43 57 2432
7 31 2433
8 24 2434
23 50 2435
25 76 2436
82 98 2437
7 32 2438
7 101 2439
31 67 2440
32 63 2441
31 72 2442
92 99 2443
20 38 2444
37 72 2445
27 29 2446
6 68 2447
37 60 2448
94 101 2449
54 60 2450
76 80 2451
80 102 2452
81 91 2453
44 93 2454
50 60 2455
85 93 2456
6 63 2457
5 31 2458
43 93 2459
57 78 2460
65 82 2461
45 57 2462
47 77 2463
46 70 2464
38 41 2465
48 61 2466
36 59 2467
25 101 2468
39 50 2469
52 69 2470
58 92 2471
34 68 2472
48 63 2473
69 93 2474
38 78 2475
64 94 2476
24 52 2477
27 46 2478
35 42 2479
60 92 2480
35 92 2481
37 42 2482
41 63 2483
63 83 2484
28 60 2485
38 98 2486
68 77 2487
77 78 2488
8 41 2489
43 95 2490
65 66 2491
3 11 2492
5 49 2493
30 70 2494
9 10 2495
31 35 2496
31 63 2497
23 67 2498
49 57 2499
25 77 2500
31 100 2501
29 100 2502
6 26 2503
7 84 2504
28 78 2505
48 95 2506
53 85 2507
37 39 2508
5 54 2509
32 98 2510
62 83 2511
28 67 2512
22 39 2513
36 44 2514
36 100 2515
1 24 2516
37 92 2517
60 82 2518
43 90 2519
63 66 2520
25 85 2521
8 37 2522
53 98 2523
30 68 2524
46 91 2525
83 101 2526
22 63 2527
36 77 2528
87 92 2529
45 60 2530
41 100 2531
42 69 2532
50 72 2533
41 48 2534
35 98 2535
63 75 2536
7 30 2537
26 37 2538
61 90 2539
57 62 2540
49 69 2541
25 27 2542
60 94 2543
70 79 2544
28 57 2545
24 98 2546
27 36 2547
89 95 2548
8 62 2549
27 42 2550
58 99 2551
32 51 2552
58 64 2553
75 84 2554
8 42 2555
90 96 2556
64 69 2557
95 97 2558
23 60 2559
23 100 2560
80 90 2561
6 46 2562
35 78 2563
38 72 2564
24 72 2565
25 74 2566
72 77 2567
59 75 2568
49 78 2569
36 71 2570
48 69 2571
60 61 2572
20 101 2573
1 50 2574
26 65 2575
60 78 2576
83 92 2577
7 74 2578
42 82 2579
18 84 2580
34 54 2581
35 65 2582
72 100 2583
42 86 2584
31 38 2585
23 98 2586
43 61 2587
63 90 2588
32 60 2589
30 47 2590
26 35 2591
31 48 2592
6 47 2593
7 68 2594
20 96 2595
38 82 2596
5 35 2597
51 72 2598
41 72 2599
23 36 2600
62 77 2601
68 84 2602
4 27 2603
48 73 2604
8 34 2605
43 66 2606
12 46 2607
43 101 2608
38 67 2609
9 46 2610
19 100 2611
24 29 2612
30 52 2613
35 39 2614
26 50 2615
39 46 2616
57 61 2617
42 72 2618
51 57 2619
61 62 2620
64 82 2621
26 62 2622
3 9 2623
49 88 2624
47 68 2625
60 90 2626
8 35 2627
7 45 2628
47 53 2629
57 75 2630
14 61 2631
28 99 2632
36 85 2633
82 89 2634
26 63 2635
65 90 2636
72 84 2637
23 69 2638
52 60 2639
64 75 2640
32 42 2641
38 39 2642
39 92 2643
48 65 2644
68 94 2645
48 78 2646
48 83 2647
63 85 2648
27 92 2649
74 77 2650
30 49 2651
53 66 2652
3 10 2653
22 32 2654
36 43 2655
6 57 2656
6 102 2657
57 82 2658
1 23 2659
62 96 2660
15 29 2661
52 100 2662
37 85 2663
19 82 2664
27 78 2665
28 85 2666
36 101 2667
27 99 2668
46 51 2669
69 85 2670
36 49 2671
36 60 2672
78 84 2673
5 32 2674
5 34 2675
7 76 2676
32 39 2677
6 54 2678
58 83 2679
63 86 2680
19 46 2681
36 76 2682
23 38 2683
48 64 2684
72 93 2685
7 77 2686
38 60 2687
91 98 2688
66 75 2689
45 100 2690
24 50 2691
32 72 2692
63 82 2693
86 93 2694
51 69 2695
23 52 2696
61 100 2697
93 94 2698
6 24 2699
12 29 2700
24 34 2701
30 92 2702
44 66 2703
11 61 2704
64 65 2705
15 36 2706
30 51 2707
29 42 2708
37 98 2709
42 78 2710
5 39 2711
32 57 2712
31 39 2713
38 63 2714
47 60 2715
59 98 2716
34 41 2717
54 66 2718
37 41 2719
4 51 2720
8 31 2721
23 57 2722
62 93 2723
7 20 2724
34 72 2725
38 42 2726
6 52 2727
14 29 2728
77 97 2729
67 94 2730
8 39 2731
37 94 2732
66 85 2733
27 60 2734
49 99 2735
1 3 2736
37 65 2737
5 63 2738
41 98 2739
38 51 2740
39 47 2741
31 65 2742
39 94 2743
84 97 2744
36 58 2745
60 64 2746
28 51 2747
39 72 2748
42 60 2749
44 96 2750
53 82 2751
54 100 2752
23 72 2753
41 57 2754
50 65 2755
61 63 2756
7 60 2757
28 65 2758
37 78 2759
49 82 2760
48 54 2761
41 99 2762
30 31 2763
64 72 2764
1 26 2765
6 50 2766
11 83 2767
48 93 2768
54 82 2769
82 95 2770
65 96 2771
4 26 2772
23 65 2773
57 72 2774
31 37 2775
46 100 2776
24 37 2777
46 59 2778
50 63 2779
65 77 2780
69 77 2781
47 59 2782
35 60 2783
29 101 2784
48 72 2785
76 102 2786
3 94 2787
3 40 2788
30 62 2789
9 61 2790
6 42 2791
61 64 2792
70 80 2793
4 24 2794
45 47 2795
29 77 2796
52 61 2797
13 92 2798
47 51 2799
42 94 2800
36 45 2801
39 78 2802
10 12 2803
4 33 2804
22 41 2805
24 57 2806
4 63 2807
30 32 2808
4 31 2809
4 41 2810
30 46 2811
31 86 2812
31 99 2813
65 98 2814
9 94 2815
39 69 2816
49 98 2817
70 89 2818
4 42 2819
22 66 2820
29 70 2821
36 53 2822
38 69 2823
26 49 2824
30 67 2825
6 36 2826
32 83 2827
22 72 2828
60 77 2829
22 34 2830
51 78 2831
63 92 2832
30 54 2833
39 65 2834
4 72 2835
35 82 2836
11 25 2837
29 88 2838
51 82 2839
12 84 2840
52 86 2841
24 51 2842
62 90 2843
12 36 2844
53 100 2845
34 57 2846
36 95 2847
36 99 2848
39 57 2849
41 83 2850
8 72 2851
7 72 2852
2 95 2853
26 47 2854
85 98 2855
61 85 2856
35 36 2857
37 100 2858
78 93 2859
86 89 2860
18 25 2861
31 69 2862
10 18 2863
34 88 2864
39 63 2865
61 72 2866
83 97 2867
26 54 2868
41 78 2869
52 83 2870
36 37 2871
37 90 2872
46 53 2873
58 96 2874
8 30 2875
26 38 2876
46 58 2877
6 29 2878
31 90 2879
42 100 2880
53 99 2881
64 78 2882
24 46 2883
32 82 2884
5 37 2885
30 63 2886
92 98 2887
94 99 2888
27 66 2889
42 65 2890
47 101 2891
58 95 2892
22 61 2893
32 69 2894
32 41 2895
82 93 2896
41 65 2897
8 16 2898
31 78 2899
1 41 2900
32 38 2901
26 34 2902
20 47 2903
57 65 2904
26 52 2905
41 60 2906
11 92 2907
34 65 2908
42 51 2909
51 60 2910
46 96 2911
22 65 2912
34 51 2913
45 86 2914
49 66 2915
19 60 2916
45 66 2917
26 36 2918
27 100 2919
26 51 2920
66 82 2921
78 85 2922
59 92 2923
6 31 2924
19 92 2925
28 82 2926
39 99 2927
28 93 2928
63 93 2929
66 69 2930
8 57 2931
13 29 2932
63 64 2933
78 94 2934
75 100 2935
74 86 2936
1 61 2937
22 49 2938
24 100 2939
39 82 2940
52 66 2941
19 85 2942
13 94 2943
24 78 2944
39 86 2945
62 85 2946
68 95 2947
23 29 2948
60 86 2949
67 92 2950
45 92 2951
6 39 2952
23 82 2953
47 49 2954
54 88 2955
27 86 2956
86 98 2957
53 93 2958
34 48 2959
12 92 2960
8 38 2961
23 99 2962
47 62 2963
7 99 2964
78 96 2965
69 92 2966
22 68 2967
35 100 2968
50 57 2969
37 38 2970
1 52 2971
42 61 2972
23 47 2973
43 84 2974
49 100 2975
8 92 2976
43 77 2977
19 86 2978
65 100 2979
42 63 2980
30 98 2981
39 98 2982
44 77 2983
34 60 2984
47 99 2985
58 84 2986
22 87 2987
35 37 2988
81 90 2989
4 35 2990
41 82 2991
4 36 2992
28 100 2993
24 36 2994
88 98 2995
53 61 2996
35 66 2997
39 100 2998
47 100 2999
55 98 3000
26 94 3001
47 69 3002
23 46 3003
32 100 3004
38 46 3005
6 49 3006
7 28 3007
15 92 3008
7 79 3009
22 38 3010
15 25 3011
18 46 3012
45 85 3013
16 55 3014
2 69 3015
52 98 3016
69 83 3017
32 37 3018
9 25 3019
26 72 3020
74 85 3021
25 86 3022
7 38 3023
31 42 3024
26 42 3025
26 83 3026
45 101 3027
8 32 3028
18 92 3029
7 96 3030
38 86 3031
75 96 3032
42 90 3033
78 86 3034
51 61 3035
1 57 3036
5 100 3037
25 43 3038
23 25 3039
80 89 3040
85 86 3041
36 64 3042
12 25 3043
34 98 3044
50 69 3045
24 94 3046
42 57 3047
85 96 3048
6 41 3049
8 99 3050
8 100 3051
38 83 3052
63 98 3053
35 90 3054
77 85 3055
6 62 3056
47 50 3057
15 46 3058
30 36 3059
4 16 3060
30 72 3061
44 92 3062
71 74 3063
19 90 3064
23 78 3065
7 70 3066
46 95 3067
35 85 3068
47 73 3069
48 98 3070
24 83 3071
47 67 3072
29 52 3073
58 61 3074
37 99 3075
38 85 3076
40 71 3077
5 78 3078
63 100 3079
77 82 3080
63 77 3081
1 54 3082
53 83 3083
78 100 3084
23 92 3085
47 64 3086
67 98 3087
26 30 3088
37 86 3089
23 96 3090
26 92 3091
30 57 3092
5 60 3093
35 69 3094
7 87 3095
29 30 3096
31 83 3097
45 90 3098
52 101 3099
53 77 3100
31 101 3101
66 78 3102
6 23 3103
31 85 3104
11 46 3105
29 64 3106
59 94 3107
54 98 3108
69 95 3109
65 93 3110
46 68 3111
1 51 3112
60 98 3113
25 57 3114
96 98 3115
65 99 3116
68 101 3117
77 81 3118
72 92 3119
7 102 3120
1 49 3121
20 65 3122
26 69 3123
58 101 3124
39 85 3125
6 69 3126
26 29 3127
28 66 3128
1 62 3129
35 38 3130
42 97 3131
49 96 3132
22 50 3133
41 86 3134
6 51 3135
35 63 3136
19 64 3137
84 89 3138
18 94 3139
45 83 3140
47 66 3141
73 81 3142
1 7 3143
4 68 3144
5 38 3145
53 90 3146
29 59 3147
20 93 3148
35 99 3149
36 51 3150
1 83 3151
30 78 3152
75 78 3153
60 100 3154
52 82 3155
41 90 3156
82 97 3157
9 92 3158
34 82 3159
42 98 3160
51 63 3161
61 79 3162
1 45 3163
50 100 3164
65 84 3165
26 99 3166
35 61 3167
32 65 3168
52 85 3169
5 66 3170
38 57 3171
4 37 3172
27 93 3173
86 90 3174
51 65 3175
2 98 3176
4 39 3177
31 96 3178
57 66 3179
37 101 3180
32 78 3181
38 100 3182
32 34 3183
72 101 3184
3 56 3185
8 94 3186
7 92 3187
39 42 3188
61 84 3189
27 64 3190
41 85 3191
64 90 3192
4 57 3193
65 85 3194
82 101 3195
84 90 3196
24 60 3197
47 63 3198
29 71 3199
38 101 3200
53 96 3201
46 84 3202
85 90 3203
48 67 3204
79 84 3205
23 66 3206
47 70 3207
62 100 3208
96 97 3209
64 86 3210
36 96 3211
36 61 3212
43 75 3213
23 94 3214
78 99 3215
84 96 3216
22 83 3217
24 92 3218
65 92 3219
30 34 3220
39 90 3221
17 102 3222
5 74 3223
64 79 3224
63 95 3225
34 78 3226
51 90 3227
6 65 3228
25 60 3229
34 69 3230
32 47 3231
42 85 3232
71 79 3233
14 94 3234
31 57 3235
72 95 3236
6 25 3237
37 61 3238
6 35 3239
11 36 3240
57 94 3241
88 102 3242
9 29 3243
11 29 3244
8 78 3245
4 49 3246
95 98 3247
78 90 3248
38 84 3249
25 91 3250
6 37 3251
23 51 3252
61 83 3253
29 39 3254
43 94 3255
28 88 3256
47 72 3257
24 86 3258
25 84 3259
4 47 3260
16 19 3261
89 96 3262
57 85 3263
7 62 3264
34 83 3265
6 92 3266
24 47 3267
26 57 3268
31 34 3269
52 92 3270
14 71 3271
23 101 3272
50 83 3273
86 96 3274
98 99 3275
73 92 3276
47 83 3277
27 77 3278
35 101 3279
4 34 3280
47 87 3281
7 82 3282
91 102 3283
28 48 3284
19 33 3285
19 96 3286
59 81 3287
26 100 3288
52 90 3289
60 84 3290
98 100 3291
46 66 3292
54 96 3293
44 61 3294
29 84 3295
61 87 3296
62 64 3297
29 61 3298
30 69 3299
36 68 3300
57 63 3301
8 63 3302
46 99 3303
35 75 3304
44 64 3305
53 95 3306
61 82 3307
23 86 3308
29 53 3309
37 96 3310
7 59 3311
38 96 3312
29 49 3313
5 99 3314
54 83 3315
69 99 3316
20 95 3317
68 74 3318
61 80 3319
73 97 3320
24 93 3321
51 98 3322
34 37 3323
62 92 3324
4 25 3325
30 35 3326
82 100 3327
22 29 3328
26 78 3329
7 95 3330
8 56 3331
26 86 3332
38 65 3333
72 94 3334
64 89 3335
22 78 3336
69 75 3337
53 101 3338
77 90 3339
95 96 3340
41 96 3341
23 90 3342
30 39 3343
33 55 3344
60 96 3345
73 79 3346
12 16 3347
25 52 3348
37 66 3349
29 51 3350
66 90 3351
66 98 3352
36 62 3353
84 86 3354
57 92 3355
6 60 3356
23 64 3357
29 95 3358
61 78 3359
41 101 3360
45 94 3361
46 78 3362
28 86 3363
69 96 3364
93 98 3365
44 84 3366
60 101 3367
6 16 3368
29 60 3369
34 96 3370
8 75 3371
22 28 3372
46 64 3373
47 65 3374
17 94 3375
32 101 3376
46 50 3377
62 75 3378
51 92 3379
30 65 3380
30 42 3381
24 82 3382
96 100 3383
45 96 3384
34 42 3385
34 100 3386
7 93 3387
36 39 3388
38 90 3389
24 89 3390
29 35 3391
26 98 3392
58 74 3393
4 46 3394
24 85 3395
29 45 3396
39 101 3397
49 90 3398
83 98 3399
34 86 3400
30 37 3401
90 98 3402
6 32 3403
51 66 3404
5 93 3405
38 47 3406
36 84 3407
4 38 3408
50 98 3409
64 97 3410
25 64 3411
24 75 3412
48 87 3413
7 91 3414
17 75 3415
34 39 3416
4 60 3417
73 89 3418
93 96 3419
29 96 3420
44 95 3421
53 64 3422
63 99 3423
20 48 3424
30 100 3425
69 100 3426
5 65 3427
32 86 3428
4 32 3429
23 83 3430
32 85 3431
54 101 3432
77 89 3433
4 99 3434
79 86 3435
19 25 3436
57 77 3437
28 101 3438
57 60 3439
46 65 3440
1 34 3441
22 48 3442
42 93 3443
90 100 3444
36 69 3445
44 94 3446
4 29 3447
30 101 3448
62 94 3449
4 78 3450
61 81 3451
36 83 3452
49 95 3453
24 25 3454
24 90 3455
54 99 3456
30 38 3457
21 55 3458
24 101 3459
27 82 3460
53 75 3461
27 94 3462
38 99 3463
46 62 3464
8 65 3465
66 96 3466
47 98 3467
26 60 3468
36 72 3469
25 35 3470
47 61 3471
44 101 3472
32 96 3473
49 86 3474
64 74 3475
7 54 3476
26 46 3477
54 92 3478
45 93 3479
25 37 3480
32 90 3481
20 92 3482
75 101 3483
87 94 3484
54 64 3485
78 95 3486
1 30 3487
34 85 3488
57 64 3489
31 92 3490
57 86 3491
43 64 3492
7 64 3493
74 82 3494
15 75 3495
30 75 3496
42 79 3497
27 85 3498
36 50 3499
41 61 3500
32 99 3501
25 95 3502
31 46 3503
47 84 3504
7 98 3505
42 101 3506
54 77 3507
26 61 3508
49 64 3509
94 98 3510
5 69 3511
24 61 3512
64 66 3513
71 91 3514
72 99 3515
30 60 3516
34 63 3517
39 75 3518
66 77 3519
75 98 3520
6 34 3521
29 99 3522
19 77 3523
36 78 3524
49 84 3525
65 95 3526
24 66 3527
29 58 3528
22 101 3529
69 90 3530
22 93 3531
6 78 3532
50 90 3533
21 56 3534
63 94 3535
79 85 3536
34 99 3537
21 27 3538
20 94 3539
77 86 3540
27 75 3541
7 41 3542
31 47 3543
49 61 3544
12 94 3545
29 37 3546
71 76 3547
30 83 3548
65 83 3549
1 39 3550
41 94 3551
32 46 3552
39 61 3553
6 30 3554
6 98 3555
7 65 3556
36 65 3557
34 38 3558
65 75 3559
20 46 3560
41 93 3561
61 92 3562
74 96 3563
6 75 3564
30 82 3565
62 95 3566
1 63 3567
22 96 3568
74 84 3569
36 91 3570
57 98 3571
51 85 3572
97 100 3573
29 83 3574
80 91 3575
81 86 3576
7 21 3577
7 34 3578
30 89 3579
36 63 3580
51 86 3581
46 69 3582
51 100 3583
30 86 3584
54 90 3585
28 96 3586
10 33 3587
4 100 3588
39 66 3589
1 31 3590
69 84 3591
35 94 3592
60 85 3593
14 75 3594
8 60 3595
42 75 3596
74 95 3597
72 75 3598
4 66 3599
25 31 3600
62 84 3601
6 72 3602
46 93 3603
20 98 3604
74 101 3605
28 64 3606
3 75 3607
34 90 3608
27 90 3609
61 69 3610
30 99 3611
25 61 3612
34 101 3613
39 60 3614
50 64 3615
67 81 3616
46 73 3617
29 32 3618
16 21 3619
37 75 3620
6 99 3621
29 43 3622
35 64 3623
46 83 3624
46 63 3625
25 51 3626
47 95 3627
60 74 3628
75 99 3629
1 10 3630
7 69 3631
26 75 3632
49 83 3633
47 96 3634
67 97 3635
97 101 3636
1 72 3637
36 66 3638
77 80 3639
85 100 3640
29 68 3641
25 96 3642
42 96 3643
45 61 3644
52 77 3645
71 97 3646
35 96 3647
22 54 3648
45 77 3649
39 96 3650
5 101 3651
36 93 3652
52 96 3653
26 66 3654
28 83 3655
12 75 3656
6 100 3657
25 26 3658
25 45 3659
35 77 3660
53 92 3661
77 96 3662
30 85 3663
71 87 3664
57 74 3665
24 64 3666
39 93 3667
5 79 3668
41 77 3669
64 98 3670
89 101 3671
31 66 3672
41 95 3673
96 101 3674
1 32 3675
4 65 3676
29 73 3677
53 84 3678
20 69 3679
46 82 3680
85 99 3681
45 64 3682
8 98 3683
64 96 3684
42 99 3685
50 86 3686
90 95 3687
22 84 3688
25 49 3689
15 71 3690
5 86 3691
35 95 3692
54 86 3693
29 63 3694
41 64 3695
29 44 3696
47 82 3697
66 86 3698
38 66 3699
6 85 3700
34 66 3701
5 85 3702
57 90 3703
28 47 3704
4 69 3705
5 30 3706
15 94 3707
32 35 3708
3 88 3709
7 97 3710
90 93 3711
22 95 3712
37 77 3713
60 89 3714
8 69 3715
1 37 3716
36 87 3717
84 85 3718
6 38 3719
63 96 3720
20 25 3721
20 36 3722
1 42 3723
50 95 3724
51 101 3725
30 97 3726
61 99 3727
90 101 3728
66 84 3729
52 99 3730
4 92 3731
46 72 3732
87 89 3733
4 30 3734
52 95 3735
1 35 3736
4 77 3737
13 75 3738
83 102 3739
13 74 3740
49 101 3741
47 78 3742
50 82 3743
22 69 3744
24 97 3745
49 92 3746
54 93 3747
60 93 3748
27 96 3749
38 92 3750
8 85 3751
42 66 3752
49 77 3753
8 82 3754
17 74 3755
23 93 3756
1 69 3757
6 77 3758
25 83 3759
54 85 3760
32 61 3761
36 38 3762
4 82 3763
21 29 3764
30 61 3765
57 97 3766
13 102 3767
69 89 3768
29 67 3769
30 74 3770
6 94 3771
21 24 3772
35 97 3773
26 64 3774
77 98 3775
64 81 3776
5 77 3777
6 86 3778
61 94 3779
5 96 3780
31 84 3781
45 95 3782
19 95 3783
32 92 3784
49 93 3785
96 99 3786
29 82 3787
50 99 3788
57 99 3789
25 44 3790
8 101 3791
38 94 3792
50 101 3793
54 75 3794
69 94 3795
79 82 3796
6 66 3797
36 98 3798
7 66 3799
24 77 3800
58 94 3801
61 89 3802
79 95 3803
65 101 3804
1 38 3805
42 89 3806
22 82 3807
22 98 3808
29 62 3809
30 79 3810
29 66 3811
37 93 3812
1 100 3813
25 99 3814
30 96 3815
69 71 3816
21 28 3817
45 89 3818
45 84 3819
4 102 3820
36 82 3821
39 95 3822
51 96 3823
28 90 3824
66 93 3825
32 66 3826
62 101 3827
45 75 3828
27 101 3829
99 100 3830
68 71 3831
8 66 3832
60 97 3833
5 90 3834
25 59 3835
19 94 3836
47 93 3837
54 95 3838
86 99 3839
8 86 3840
26 93 3841
7 63 3842
71 84 3843
84 98 3844
93 95 3845
25 70 3846
31 77 3847
68 89 3848
78 89 3849
50 66 3850
52 94 3851
39 89 3852
80 83 3853
20 78 3854
78 101 3855
57 100 3856
51 75 3857
4 90 3858
8 77 3859
34 47 3860
60 95 3861
34 95 3862
19 101 3863
22 46 3864
41 92 3865
42 95 3866
11 94 3867
36 54 3868
39 77 3869
79 101 3870
24 95 3871
46 87 3872
89 98 3873
34 35 3874
51 95 3875
59 97 3876
32 93 3877
75 87 3878
27 84 3879
61 65 3880
2 7 3881
36 41 3882
47 54 3883
54 61 3884
15 74 3885
46 61 3886
64 85 3887
86 100 3888
7 78 3889
21 43 3890
21 23 3891
3 16 3892
60 99 3893
23 95 3894
20 29 3895
37 95 3896
4 93 3897
5 97 3898
50 92 3899
23 85 3900
20 75 3901
50 61 3902
34 64 3903
37 97 3904
1 99 3905
41 66 3906
51 99 3907
54 94 3908
32 64 3909
7 73 3910
26 77 3911
12 102 3912
74 98 3913
93 97 3914
68 97 3915
46 98 3916
50 77 3917
64 80 3918
74 78 3919
25 82 3920
61 95 3921
11 75 3922
33 87 3923
80 86 3924
93 99 3925
27 97 3926
31 95 3927
46 67 3928
18 74 3929
24 96 3930
31 75 3931
5 98 3932
8 74 3933
98 101 3934
1 85 3935
60 79 3936
17 97 3937
39 64 3938
93 100 3939
21 41 3940
13 97 3941
3 76 3942
41 46 3943
3 92 3944
32 75 3945
54 84 3946
34 77 3947
82 99 3948
36 73 3949
65 94 3950
58 71 3951
57 89 3952
70 71 3953
72 74 3954
26 101 3955
13 71 3956
14 56 3957
30 93 3958
31 36 3959
63 84 3960
13 56 3961
14 74 3962
67 79 3963
93 101 3964
50 96 3965
1 86 3966
31 93 3967
61 74 3968
18 75 3969
38 95 3970
69 74 3971
99 101 3972
29 31 3973
15 102 3974
71 98 3975
25 38 3976
50 85 3977
57 96 3978
42 74 3979
31 64 3980
68 79 3981
21 44 3982
21 58 3983
9 74 3984
84 95 3985
25 50 3986
8 90 3987
25 39 3988
64 100 3989
6 93 3990
67 89 3991
8 93 3992
95 99 3993
21 87 3994
64 101 3995
79 98 3996
1 78 3997
5 80 3998
10 19 3999
33 53 4000
37 79 4001
50 75 4002
22 47 4003
26 82 4004
81 84 4005
32 94 4006
34 93 4007
80 84 4008
25 58 4009
6 101 4010
28 77 4011
50 93 4012
57 84 4013
14 79 4014
41 47 4015
78 79 4016
23 75 4017
26 97 4018
4 98 4019
26 95 4020
37 64 4021
51 94 4022
100 101 4023
35 79 4024
66 99 4025
32 95 4026
90 99 4027
53 89 4028
5 82 4029
23 89 4030
71 85 4031
30 66 4032
49 94 4033
25 54 4034
38 64 4035
14 102 4036
51 77 4037
77 95 4038
42 84 4039
39 97 4040
81 85 4041
26 90 4042
30 64 4043
52 64 4044
59 80 4045
74 100 4046
25 41 4047
1 82 4048
5 89 4049
62 71 4050
63 101 4051
25 93 4052
77 102 4053
17 89 4054
23 61 4055
23 77 4056
34 61 4057
52 75 4058
71 89 4059
13 79 4060
77 93 4061
38 77 4062
4 96 4063
7 88 4064
77 100 4065
59 74 4066
73 74 4067
84 100 4068
14 89 4069
43 79 4070
58 79 4071
71 82 4072
65 74 4073
27 95 4074
33 43 4075
21 22 4076
50 94 4077
1 98 4078
38 93 4079
86 95 4080
21 30 4081
53 94 4082
67 102 4083
8 96 4084
1 60 4085
25 62 4086
44 75 4087
19 75 4088
95 100 4089
80 85 4090
84 93 4091
6 96 4092
58 89 4093
61 96 4094
30 77 4095
49 75 4096
59 89 4097
66 97 4098
66 100 4099
77 99 4100
1 65 4101
25 53 4102
74 93 4103
4 85 4104
84 101 4105
29 38 4106
30 95 4107
65 71 4108
29 98 4109
42 81 4110
49 71 4111
51 64 4112
77 84 4113
62 89 4114
79 99 4115
71 78 4116
73 80 4117
20 74 4118
37 84 4119
39 84 4120
28 84 4121
29 93 4122
1 47 4123
3 77 4124
20 21 4125
1 33 4126
74 87 4127
19 84 4128
1 93 4129
25 32 4130
26 85 4131
35 84 4132
85 95 4133
16 45 4134
29 78 4135
80 95 4136
78 81 4137
66 101 4138
71 72 4139
7 80 4140
32 36 4141
26 96 4142
41 84 4143
79 96 4144
66 95 4145
69 79 4146
17 71 4147
23 84 4148
10 58 4149
23 71 4150
64 77 4151
62 79 4152
80 96 4153
34 46 4154
63 79 4155
20 81 4156
79 100 4157
90 102 4158
52 97 4159
7 22 4160
24 84 4161
29 65 4162
57 79 4163
24 74 4164
32 77 4165
25 73 4166
9 102 4167
43 97 4168
81 82 4169
19 97 4170
71 90 4171
16 58 4172
33 48 4173
42 77 4174
61 101 4175
25 71 4176
5 95 4177
4 86 4178
28 29 4179
16 48 4180
57 95 4181
8 80 4182
35 89 4183
5 64 4184
46 54 4185
59 71 4186
79 93 4187
80 82 4188
49 85 4189
63 74 4190
28 92 4191
69 101 4192
29 50 4193
60 80 4194
9 75 4195
81 87 4196
5 81 4197
97 99 4198
16 44 4199
78 97 4200
2 48 4201
77 101 4202
13 89 4203
35 93 4204
29 54 4205
85 101 4206
32 84 4207
72 89 4208
8 95 4209
21 26 4210
21 48 4211
22 75 4212
8 64 4213
21 42 4214
1 90 4215
27 33 4216
6 90 4217
64 95 4218
9 56 4219
14 81 4220
52 84 4221
4 64 4222
57 101 4223
29 87 4224
81 95 4225
71 83 4226
64 93 4227
66 74 4228
30 90 4229
28 46 4230
7 67 4231
31 94 4232
16 24 4233
61 93 4234
62 97 4235
64 102 4236
65 89 4237
52 93 4238
16 23 4239
9 79 4240
16 49 4241
39 79 4242
25 68 4243
72 79 4244
28 94 4245
33 44 4246
4 94 4247
25 78 4248
29 72 4249
57 93 4250
26 79 4251
60 81 4252
8 97 4253
38 61 4254
71 77 4255
6 82 4256
16 27 4257
9 71 4258
69 81 4259
29 69 4260
21 25 4261
28 61 4262
6 95 4263
41 97 4264
79 87 4265
2 21 4266
31 61 4267
29 34 4268
59 79 4269
62 74 4270
3 59 4271
38 97 4272
71 80 4273
35 74 4274
42 80 4275
66 89 4276
6 56 4277
3 58 4278
25 72 4279
19 102 4280
41 89 4281
3 43 4282
71 101 4283
27 89 4284
69 97 4285
6 64 4286
43 89 4287
63 89 4288
24 33 4289
25 87 4290
51 93 4291
57 81 4292
41 75 4293
2 47 4294
3 91 4295
25 28 4296
8 84 4297
28 33 4298
28 36 4299
34 92 4300
33 58 4301
22 36 4302
33 45 4303
74 99 4304
49 74 4305
70 102 4306
38 79 4307
21 68 4308
27 71 4309
87 97 4310
15 56 4311
34 94 4312
64 84 4313
33 99 4314
21 64 4315
26 89 4316
3 42 4317
16 33 4318
67 74 4319
30 84 4320
78 80 4321
73 102 4322
45 71 4323
66 79 4324
86 101 4325
16 28 4326
36 67 4327
37 74 4328
57 80 4329
1 48 4330
21 40 4331
16 43 4332
16 87 4333
20 79 4334
21 45 4335
3 51 4336
26 74 4337
3 61 4338
12 74 4339
15 89 4340
32 71 4341
8 79 4342
17 81 4343
22 79 4344
30 81 4345
54 89 4346
71 95 4347
20 89 4348
45 97 4349
22 25 4350
25 34 4351
33 40 4352
27 79 4353
31 89 4354
32 89 4355
16 32 4356
89 99 4357
64 99 4358
25 66 4359
1 66 4360
23 97 4361
71 86 4362
45 79 4363
16 52 4364
28 95 4365
44 74 4366
71 96 4367
3 79 4368
38 75 4369
24 71 4370
18 102 4371
54 79 4372
84 102 4373
52 89 4374
99 102 4375
18 71 4376
58 81 4377
28 75 4378
14 97 4379
32 97 4380
3 64 4381
89 93 4382
34 97 4383
11 71 4384
33 51 4385
61 102 4386
53 71 4387
71 102 4388
4 56 4389
21 90 4390
3 57 4391
10 27 4392
35 71 4393
24 79 4394
25 98 4395
37 89 4396
16 53 4397
38 89 4398
61 97 4399
8 89 4400
3 20 4401
32 74 4402
12 97 4403
25 67 4404
2 75 4405
4 75 4406
49 97 4407
49 89 4408
18 81 4409
86 102 4410
44 89 4411
27 74 4412
44 97 4413
57 71 4414
29 41 4415
9 89 4416
16 46 4417
51 74 4418
4 101 4419
65 81 4420
21 34 4421
23 79 4422
54 71 4423
9 97 4424
32 79 4425
3 53 4426
21 39 4427
42 102 4428
10 40 4429
30 102 4430
63 81 4431
20 97 4432
81 93 4433
33 57 4434
21 37 4435
10 24 4436
25 63 4437
17 79 4438
97 98 4439
19 74 4440
34 84 4441
72 97 4442
52 74 4443
3 83 4444
21 53 4445
63 97 4446
33 37 4447
18 97 4448
1 77 4449
12 56 4450
60 71 4451
14 80 4452
17 80 4453
62 81 4454
1 101 4455
64 71 4456
43 81 4457
30 71 4458
51 84 4459
11 79 4460
54 74 4461
3 27 4462
16 35 4463
84 99 4464
5 71 4465
18 89 4466
9 81 4467
63 71 4468
25 65 4469
43 74 4470
21 65 4471
68 81 4472
6 97 4473
34 75 4474
4 84 4475
89 100 4476
21 49 4477
81 96 4478
23 33 4479
11 97 4480
16 51 4481
18 79 4482
67 71 4483
1 29 4484
3 45 4485
16 98 4486
21 85 4487
11 74 4488
53 74 4489
65 79 4490
39 74 4491
30 80 4492
71 93 4493
65 97 4494
50 74 4495
45 74 4496
16 41 4497
72 81 4498
16 40 4499
21 32 4500
23 74 4501
44 79 4502
10 23 4503
22 94 4504
16 37 4505
21 86 4506
33 35 4507
28 71 4508
33 42 4509
53 79 4510
42 71 4511
30 33 4512
10 53 4513
16 50 4514
27 81 4515
16 42 4516
43 80 4517
37 71 4518
58 97 4519
12 71 4520
21 62 4521
10 87 4522
16 31 4523
21 77 4524
19 89 4525
16 20 4526
33 52 4527
44 71 4528
3 22 4529
41 81 4530
51 79 4531
96 102 4532
21 35 4533
38 71 4534
3 67 4535
16 54 4536
66 81 4537
16 39 4538
31 97 4539
80 87 4540
21 99 4541
33 41 4542
39 81 4543
13 81 4544
21 31 4545
69 80 4546
81 98 4547
3 54 4548
6 80 4549
6 74 4550
50 84 4551
3 60 4552
3 90 4553
33 50 4554
67 80 4555
21 82 4556
15 97 4557
11 56 4558
80 101 4559
18 56 4560
11 89 4561
33 68 4562
68 80 4563
38 74 4564
51 97 4565
4 97 4566
33 49 4567
3 81 4568
22 74 4569
57 102 4570
1 95 4571
1 96 4572
15 79 4573
80 93 4574
3 52 4575
1 36 4576
1 102 4577
3 24 4578
49 79 4579
58 80 4580
17 56 4581
1 16 4582
16 30 4583
45 81 4584
31 79 4585
43 71 4586
71 99 4587
21 69 4588
24 102 4589
10 45 4590
39 71 4591
51 89 4592
95 101 4593
50 97 4594
85 102 4595
12 89 4596
37 81 4597
22 92 4598
22 102 4599
3 86 4600
21 50 4601
10 49 4602
21 52 4603
20 80 4604
33 34 4605
81 101 4606
20 102 4607
61 71 4608
32 33 4609
50 71 4610
16 36 4611
33 39 4612
22 71 4613
3 62 4614
41 79 4615
16 84 4616
21 57 4617
52 79 4618
3 49 4619
33 54 4620
101 102 4621
21 67 4622
22 81 4623
3 68 4624
16 82 4625
15 81 4626
31 74 4627
21 78 4628
3 23 4629
11 102 4630
16 26 4631
43 102 4632
60 102 4633
18 80 4634
4 74 4635
21 100 4636
3 30 4637
10 44 4638
50 79 4639
31 71 4640
34 89 4641
3 100 4642
7 83 4643
2 25 4644
31 33 4645
51 71 4646
59 102 4647
23 81 4648
2 92 4649
10 57 4650
52 71 4651
33 47 4652
37 102 4653
51 102 4654
21 63 4655
22 97 4656
3 28 4657
5 84 4658
16 38 4659
1 46 4660
41 71 4661
22 89 4662
24 81 4663
33 69 4664
16 101 4665
39 102 4666
2 3 4667
3 97 4668
33 72 4669
20 71 4670
100 102 4671
3 101 4672
10 99 4673
13 80 4674
10 28 4675
10 98 4676
42 64 4677
8 81 4678
82 102 4679
3 44 4680
12 81 4681
16 85 4682
21 59 4683
10 56 4684
16 86 4685
12 80 4686
81 99 4687
37 80 4688
1 25 4689
16 100 4690
38 81 4691
1 92 4692
19 79 4693
21 54 4694
2 29 4695
62 80 4696
28 89 4697
16 99 4698
39 80 4699
26 84 4700
32 81 4701
33 98 4702
68 102 4703
3 39 4704
95 102 4705
16 68 4706
3 85 4707
4 95 4708
28 74 4709
72 80 4710
10 62 4711
2 46 4712
21 84 4713
26 33 4714
80 99 4715
10 43 4716
65 80 4717
16 91 4718
93 102 4719
16 57 4720
21 60 4721
21 101 4722
3 37 4723
53 81 4724
66 80 4725
80 98 4726
21 98 4727
35 81 4728
50 89 4729
16 90 4730
3 35 4731
10 94 4732
35 80 4733
21 51 4734
26 81 4735
19 81 4736
3 50 4737
16 62 4738
21 94 4739
16 78 4740
34 71 4741
21 72 4742
87 102 4743
9 80 4744
6 89 4745
1 64 4746
49 81 4747
71 73 4748
80 100 4749
3 70 4750
33 78 4751
33 77 4752
54 81 4753
7 16 4754
16 25 4755
24 80 4756
66 102 4757
10 26 4758
16 96 4759
21 38 4760
56 88 4761
3 99 4762
12 79 4763
41 80 4764
16 88 4765
10 52 4766
16 77 4767
8 71 4768
10 20 4769
10 90 4770
6 79 4771
28 97 4772
6 81 4773
33 86 4774
10 31 4775
11 81 4776
31 81 4777
71 100 4778
16 34 4779
44 81 4780
54 97 4781
33 65 4782
23 102 4783
10 54 4784
28 79 4785
34 79 4786
1 84 4787
3 26 4788
21 91 4789
33 62 4790
35 102 4791
10 30 4792
3 41 4793
10 42 4794
34 74 4795
3 95 4796
26 71 4797
3 73 4798
22 33 4799
3 63 4800
6 71 4801
10 64 4802
16 64 4803
3 78 4804
10 41 4805
26 80 4806
45 80 4807
34 36 4808
25 33 4809
58 102 4810
16 63 4811
3 31 4812
10 51 4813
16 60 4814
66 71 4815
63 80 4816
10 50 4817
19 71 4818
33 64 4819
33 91 4820
54 80 4821
16 22 4822
33 82 4823
61 98 4824
6 84 4825
16 29 4826
7 33 4827
10 101 4828
53 80 4829
19 56 4830
29 33 4831
10 16 4832
33 100 4833
33 38 4834
33 90 4835
53 97 4836
2 16 4837
10 68 4838
65 102 4839
10 77 4840
33 63 4841
10 88 4842
38 80 4843
23 80 4844
19 80 4845
4 80 4846
3 32 4847
3 82 4848
1 56 4849
4 89 4850
27 102 4851
33 101 4852
33 56 4853
16 56 4854
52 81 4855
45 102 4856
3 65 4857
3 72 4858
26 102 4859
27 80 4860
33 85 4861
54 102 4862
7 56 4863
22 80 4864
32 102 4865
52 102 4866
16 92 4867
21 74 4868
10 65 4869
21 70 4870
44 80 4871
4 79 4872
3 38 4873
16 72 4874
10 60 4875
10 63 4876
16 102 4877
25 69 4878
3 66 4879
10 84 4880
3 84 4881
21 96 4882
62 102 4883
21 83 4884
81 100 4885
4 71 4886
33 67 4887
10 91 4888
10 96 4889
16 65 4890
34 81 4891
16 67 4892
78 102 4893
16 69 4894
1 75 4895
3 80 4896
56 90 4897
7 10 4898
10 86 4899
33 96 4900
54 56 4901
10 47 4902
16 59 4903
10 32 4904
10 69 4905
41 56 4906
49 56 4907
45 56 4908
10 34 4909
10 39 4910
31 80 4911
10 78 4912
53 102 4913
72 102 4914
21 66 4915
2 94 4916
52 80 4917
56 58 4918
33 102 4919
36 56 4920
10 72 4921
51 80 4922
28 81 4923
10 37 4924
21 73 4925
2 71 4926
15 80 4927
41 102 4928
10 59 4929
3 69 4930
10 93 4931
2 102 4932
4 81 4933
10 38 4934
10 85 4935
28 102 4936
56 87 4937
43 56 4938
3 96 4939
33 84 4940
34 80 4941
2 33 4942
2 89 4943
21 95 4944
34 102 4945
2 74 4946
11 80 4947
16 95 4948
16 76 4949
35 56 4950
3 98 4951
42 56 4952
3 34 4953
49 80 4954
56 77 4955
10 35 4956
10 46 4957
2 79 4958
33 93 4959
25 56 4960
53 56 4961
33 83 4962
52 56 4963
10 100 4964
51 81 4965
10 67 4966
2 81 4967
44 102 4968
10 25 4969
10 95 4970
23 56 4971
33 75 4972
44 56 4973
1 94 4974
7 61 4975
56 57 4976
33 73 4977
41 74 4978
2 10 4979
31 102 4980
24 56 4981
49 102 4982
38 102 4983
51 56 4984
32 80 4985
50 56 4986
63 102 4987
21 75 4988
56 70 4989
3 93 4990
56 68 4991
69 102 4992
16 81 4993
56 64 4994
33 76 4995
1 74 4996
3 87 4997
50 102 4998
56 78 4999
37 56 5000
56 82 5001
10 76 5002
98 102 5003
33 60 5004
16 73 5005
33 66 5006
16 80 5007
56 84 5008
56 92 5009
16 93 5010
56 69 5011
10 70 5012
21 93 5013
32 56 5014
2 36 5015
2 80 5016
10 82 5017
56 72 5018
56 65 5019
30 56 5020
56 60 5021
56 99 5022
56 101 5023
1 80 5024
31 56 5025
38 56 5026
50 81 5027
28 56 5028
16 71 5029
33 95 5030
56 61 5031
56 62 5032
56 95 5033
39 56 5034
34 56 5035
1 81 5036
56 96 5037
10 75 5038
50 80 5039
2 56 5040
16 61 5041
16 89 5042
56 59 5043
1 97 5044
56 86 5045
10 73 5046
28 80 5047
56 98 5048
56 100 5049
10 66 5050
21 76 5051
33 97 5052
26 56 5053
10 83 5054
16 70 5055
27 56 5056
16 97 5057
16 66 5058
1 89 5059
10 71 5060
1 71 5061
1 79 5062
10 36 5063
10 97 5064
20 56 5065
33 61 5066
33 89 5067
56 85 5068
56 63 5069
56 93 5070
10 89 5071
56 66 5072
33 79 5073
10 74 5074
56 80 5075
