684 690 1
690 1800 2
684 1800 3
684 1801 4
684 1802 5
690 1801 6
1800 1801 7
1800 1802 8
690 966 9
690 1802 10
183 684 11
684 1804 12
1801 1802 13
615 616 14
684 1805 15
684 1035 16
1804 1805 17
684 1427 18
1637 1806 19
439 690 20
690 1754 21
102 1898 22
690 1771 23
11 200 24
11 1807 25
1369 1925 26
690 1788 27
635 740 28
1369 2010 29
690 915 30
1771 1832 31
44 569 32
615 966 33
380 1745 34
102 1959 35
684 755 36
11 1464 37
102 1960 38
488 740 39
380 396 40
102 751 41
495 740 42
380 1746 43
380 1747 44
1369 1519 45
1369 1827 46
102 1904 47
1898 1960 48
362 396 49
1373 1720 50
1745 1746 51
965 966 52
44 1196 53
380 1785 54
1575 1720 55
1759 1761 56
102 1905 57
380 1438 58
943 982 59
1898 1959 60
1369 1552 61
1745 1747 62
1720 1961 63
396 1755 64
380 1640 65
1803 1989 66
178 1557 67
1959 1960 68
48 438 69
1559 1637 70
1746 1747 71
396 1745 72
380 1842 73
396 1803 74
495 635 75
1406 1407 76
102 1899 77
1450 1761 78
644 1246 79
1060 1061 80
44 268 81
396 691 82
1557 1828 83
1438 1640 84
219 495 85
1439 1454 86
655 1557 87
751 1761 88
423 1808 89
11 753 90
380 1843 91
705 1835 92
1575 1636 93
396 1989 94
291 292 95
1555 1556 96
703 1720 97
583 1821 98
1438 1842 99
688 690 100
1640 1842 101
362 1821 102
713 1815 103
44 1421 104
291 1129 105
102 1902 106
644 1196 107
948 966 108
396 1747 109
422 423 110
488 507 111
943 1514 112
533 743 113
421 423 114
102 1886 115
1439 1533 116
1720 1819 117
291 1970 118
423 1451 119
1404 1768 120
475 488 121
1760 1761 122
1438 1843 123
1968 1969 124
1748 1749 125
1636 1720 126
1244 1245 127
705 1559 128
1640 1843 129
642 1306 130
678 1761 131
1967 1968 132
727 752 133
44 610 134
396 1987 135
178 655 136
396 1821 137
279 713 138
710 1061 139
1432 1720 140
315 1821 141
44 1026 142
102 103 143
438 1844 144
705 1903 145
1444 1758 146
502 705 147
520 1821 148
1759 1760 149
1815 1816 150
531 533 151
703 1819 152
1967 1969 153
642 1267 154
1404 1767 155
93 1834 156
678 1450 157
526 1244 158
1416 2001 159
1842 1843 160
1552 1827 161
526 1245 162
655 1828 163
531 743 164
751 1450 165
1795 1809 166
456 1749 167
689 690 168
438 617 169
438 1078 170
488 495 171
1449 1450 172
530 743 173
642 1314 174
1359 1791 175
103 1759 176
530 533 177
533 650 178
943 1585 179
11 404 180
420 943 181
507 1639 182
156 1404 183
362 583 184
421 422 185
44 237 186
467 916 187
1108 1455 188
1416 1591 189
1814 1815 190
394 396 191
448 642 192
219 740 193
1450 1453 194
93 1515 195
44 1139 196
728 1614 197
922 1833 198
534 743 199
44 1589 200
103 1761 201
93 137 202
103 751 203
279 1815 204
1904 1905 205
393 396 206
703 1432 207
220 396 208
1458 1459 209
219 488 210
1416 1603 211
1432 1819 212
279 705 213
507 927 214
806 1311 215
531 534 216
569 1421 217
936 1513 218
728 1968 219
1427 2005 220
44 1890 221
773 1558 222
1478 1479 223
1614 1653 224
488 635 225
1078 1456 226
1175 1458 227
1175 1459 228
2054 2055 229
1895 1896 230
44 641 231
530 531 232
291 653 233
44 1770 234
650 743 235
533 534 236
642 1307 237
801 1298 238
530 534 239
44 639 240
237 594 241
531 650 242
3 268 243
534 650 244
237 1139 245
740 1434 246
530 650 247
520 668 248
44 1418 249
123 1964 250
423 806 251
642 1313 252
642 1224 253
507 926 254
617 1783 255
237 658 256
678 751 257
438 1456 258
533 1590 259
1459 1460 260
56 2040 261
526 936 262
1443 1444 263
123 2044 264
292 653 265
926 1639 266
1444 1851 267
1481 1966 268
438 1020 269
84 1459 270
801 1297 271
103 1450 272
655 1436 273
728 1967 274
1459 1638 275
237 1589 276
1043 1880 277
642 1446 278
678 1452 279
44 1784 280
1404 1976 281
1814 1816 282
2 438 283
507 922 284
530 1590 285
1570 1897 286
279 1816 287
1129 1970 288
1821 1822 289
728 1969 290
381 475 291
438 475 292
156 1465 293
1043 1044 294
1298 1299 295
1306 1307 296
291 508 297
438 620 298
1444 2045 299
531 1590 300
396 1015 301
1361 1748 302
520 1435 303
1043 1765 304
2 1421 305
362 668 306
736 1164 307
44 898 308
290 533 309
448 1306 310
693 752 311
576 1809 312
922 973 313
192 618 314
650 1590 315
743 1590 316
794 1592 317
356 495 318
44 1901 319
396 950 320
594 1317 321
672 674 322
533 1584 323
710 1060 324
668 1435 325
2 594 326
237 1026 327
794 2050 328
215 1838 329
642 1595 330
533 535 331
724 1337 332
1592 2050 333
475 635 334
594 936 335
290 531 336
704 1246 337
1297 1299 338
279 1814 339
103 678 340
439 440 341
534 1590 342
1522 1533 343
697 698 344
1163 1164 345
631 1424 346
702 2001 347
1437 1438 348
395 1318 349
44 971 350
290 530 351
290 743 352
237 258 353
530 1584 354
1459 1757 355
1614 1845 356
220 709 357
1899 1902 358
794 2051 359
1755 1809 360
105 1296 361
531 535 362
725 1337 363
736 1163 364
44 1744 365
927 1639 366
650 1584 367
753 1635 368
534 535 369
1964 2044 370
50 123 371
1043 1881 372
1432 1884 373
290 650 374
475 620 375
438 469 376
751 1886 377
1592 2051 378
617 1775 379
1765 1880 380
2050 2051 381
44 658 382
438 1250 383
535 650 384
628 672 385
702 1416 386
644 1309 387
720 721 388
736 1480 389
531 1584 390
594 1579 391
631 699 392
1164 1592 393
1889 1897 394
663 678 395
936 1440 396
2044 2049 397
93 1393 398
644 1852 399
44 1102 400
531 532 401
801 1299 402
702 904 403
362 520 404
1420 1428 405
189 466 406
239 932 407
396 397 408
290 534 409
44 1398 410
753 821 411
609 610 412
88 1196 413
658 1139 414
44 232 415
396 637 416
1444 1971 417
1163 1592 418
672 1847 419
300 672 420
419 1303 421
794 1164 422
846 1896 423
1164 2050 424
191 1556 425
396 1014 426
530 535 427
520 667 428
237 1421 429
658 1026 430
1173 1359 431
103 1760 432
277 613 433
672 673 434
11 268 435
1159 1525 436
44 1900 437
1136 1459 438
672 1553 439
137 1834 440
794 1163 441
1570 1927 442
726 728 443
239 654 444
315 362 445
1196 1302 446
594 1147 447
44 233 448
576 1755 449
51 241 450
665 666 451
728 1845 452
1304 1619 453
44 1422 454
900 1304 455
1043 1340 456
237 1890 457
947 948 458
183 1427 459
724 725 460
187 613 461
44 425 462
237 610 463
556 1479 464
356 396 465
258 624 466
955 1316 467
1163 2050 468
438 470 469
617 1679 470
1838 1915 471
31 402 472
530 532 473
26 27 474
663 1452 475
438 1429 476
395 730 477
1432 1885 478
218 220 479
658 1589 480
753 2023 481
239 359 482
475 591 483
1043 2047 484
1880 1881 485
576 1219 486
277 1490 487
1765 1881 488
187 277 489
438 1211 490
123 686 491
617 756 492
724 1686 493
1335 1336 494
1525 1888 495
58 724 496
362 1822 497
971 1102 498
451 533 499
725 1686 500
134 1060 501
673 674 502
761 1416 503
1164 2051 504
43 237 505
1526 1888 506
191 1555 507
123 2049 508
697 1228 509
727 728 510
502 735 511
716 1153 512
434 932 513
299 773 514
237 569 515
88 644 516
448 1314 517
698 1136 518
404 753 519
1296 2008 520
728 1653 521
1159 1526 522
1044 1765 523
664 665 524
1044 1880 525
451 531 526
761 1409 527
44 1413 528
753 2022 529
237 1147 530
594 1151 531
451 530 532
237 941 533
926 927 534
177 178 535
26 1301 536
63 362 537
630 631 538
724 1522 539
1838 1914 540
628 1847 541
237 639 542
218 709 543
237 940 544
1163 2051 545
662 663 546
1313 1314 547
290 535 548
551 705 549
1570 1889 550
385 432 551
726 727 552
176 1776 553
315 583 554
626 900 555
1416 1425 556
610 641 557
753 2012 558
1964 2049 559
667 668 560
1164 1480 561
1653 1954 562
641 1026 563
338 339 564
1444 2030 565
610 658 566
507 1596 567
628 1553 568
437 438 569
520 1822 570
608 1420 571
1838 1913 572
724 1521 573
448 1224 574
451 534 575
176 1777 576
728 2026 577
3 937 578
290 1590 579
362 1435 580
1776 1777 581
612 1593 582
796 1416 583
258 293 584
2012 2023 585
579 644 586
631 748 587
1524 1525 588
1584 1590 589
58 942 590
630 748 591
1525 1526 592
300 673 593
533 1520 594
542 1519 595
532 533 596
156 806 597
58 1679 598
594 941 599
753 1894 600
1159 1888 601
1753 1823 602
44 1924 603
612 1095 604
532 534 605
1614 2026 606
220 587 607
439 441 608
971 1421 609
556 630 610
1127 1506 611
156 1159 612
385 949 613
450 451 614
2 187 615
410 617 616
1753 1769 617
1095 1682 618
237 641 619
610 639 620
594 940 621
1163 1480 622
160 569 623
580 581 624
594 1150 625
613 614 626
742 743 627
448 1313 628
530 1520 629
540 583 630
448 1307 631
2 1139 632
451 453 633
709 919 634
2022 2023 635
279 502 636
1159 1524 637
948 1363 638
1253 1441 639
160 467 640
554 644 641
237 1196 642
279 1503 643
176 410 644
644 1310 645
1765 2047 646
697 1433 647
1336 1882 648
1403 1404 649
664 666 650
1553 1847 651
136 277 652
165 1060 653
1303 1361 654
1524 1526 655
48 1830 656
2012 2022 657
413 919 658
1095 1683 659
489 1203 660
1682 1683 661
654 932 662
413 414 663
724 1533 664
1914 1915 665
725 1521 666
105 935 667
676 1823 668
50 1964 669
639 1026 670
796 1425 671
237 939 672
293 720 673
356 740 674
467 1503 675
466 467 676
583 1782 677
129 728 678
290 1584 679
1190 1191 680
270 314 681
547 946 682
796 1543 683
1752 1753 684
410 1777 685
1044 1881 686
48 1844 687
315 1782 688
608 1428 689
290 451 690
1919 1927 691
239 1417 692
993 1336 693
905 906 694
160 916 695
451 535 696
270 1415 697
2 237 698
451 452 699
136 603 700
1174 1359 701
371 1516 702
393 394 703
728 1191 704
134 710 705
712 713 706
193 580 707
237 1770 708
612 717 709
753 1141 710
51 239 711
556 748 712
624 625 713
1421 1422 714
142 239 715
704 1541 716
413 634 717
1653 1953 718
63 315 719
946 1312 720
3 1142 721
1136 1757 722
569 916 723
705 909 724
75 591 725
44 754 726
556 631 727
472 704 728
905 1240 729
1930 1931 730
43 44 731
237 1418 732
702 723 733
612 1682 734
448 1446 735
605 606 736
751 921 737
826 932 738
1340 1765 739
110 644 740
293 721 741
51 872 742
647 1934 743
489 1889 744
136 613 745
1463 1753 746
582 583 747
658 738 748
591 1950 749
1208 1209 750
164 467 751
748 749 752
258 632 753
704 1626 754
1253 1849 755
1135 1136 756
315 316 757
911 912 758
2 1375 759
44 1399 760
743 1887 761
709 1836 762
486 487 763
946 1582 764
394 397 765
434 826 766
488 506 767
276 277 768
84 1460 769
656 1188 770
612 1690 771
103 1810 772
410 1776 773
42 44 774
333 486 775
371 1423 776
728 1926 777
1614 1958 778
9 123 779
612 1689 780
489 1897 781
644 649 782
701 702 783
191 761 784
50 1164 785
728 1958 786
731 732 787
1954 1956 788
475 1429 789
729 731 790
75 1950 791
646 647 792
333 487 793
1444 1922 794
258 308 795
594 939 796
1570 1919 797
579 1852 798
603 613 799
729 732 800
237 504 801
345 449 802
626 899 803
432 1906 804
532 535 805
80 1318 806
1361 1576 807
105 1226 808
258 1493 809
142 932 810
535 1520 811
495 1131 812
80 670 813
572 1432 814
618 619 815
399 400 816
694 695 817
697 1327 818
1119 1396 819
413 694 820
533 927 821
1095 1790 822
1361 1962 823
187 237 824
698 1135 825
1073 1303 826
710 711 827
33 729 828
258 1172 829
2 1147 830
556 749 831
651 652 832
187 244 833
345 737 834
399 401 835
219 1434 836
448 1595 837
525 743 838
940 941 839
971 1422 840
741 743 841
1930 1932 842
137 1457 843
32 33 844
1191 1926 845
1569 1570 846
156 1527 847
239 909 848
525 1444 849
697 1328 850
136 244 851
704 1577 852
425 658 853
1953 1954 854
700 701 855
704 1627 856
638 955 857
44 567 858
688 689 859
1954 1955 860
103 921 861
494 495 862
2 1477 863
183 1177 864
78 917 865
707 709 866
739 1444 867
536 1179 868
686 1380 869
123 643 870
753 2021 871
315 1537 872
750 751 873
1346 1347 874
239 358 875
1931 1932 876
51 651 877
611 1095 878
1157 1159 879
2038 2039 880
729 730 881
43 658 882
644 1345 883
63 1194 884
575 576 885
32 729 886
646 1867 887
717 718 888
1044 2047 889
51 909 890
718 719 891
385 1906 892
434 654 893
1467 1583 894
43 1026 895
1931 1933 896
165 710 897
338 1372 898
993 1663 899
722 2055 900
448 1239 901
686 1468 902
715 1153 903
900 931 904
413 695 905
1044 1342 906
279 467 907
993 1206 908
2021 2023 909
84 1638 910
49 345 911
686 1469 912
1044 1999 913
2 569 914
717 719 915
49 737 916
279 466 917
1930 1933 918
760 1773 919
54 1966 920
156 1525 921
2037 2038 922
1303 1576 923
93 279 924
27 1301 925
51 652 926
393 397 927
591 1949 928
2037 2039 929
338 343 930
338 473 931
1380 1468 932
400 1342 933
540 1620 934
103 1551 935
700 702 936
33 249 937
858 1873 938
993 1137 939
1044 1995 940
253 1347 941
653 1045 942
130 339 943
715 716 944
751 1179 945
51 136 946
258 1053 947
136 237 948
1884 1885 949
704 1951 950
1203 1897 951
640 641 952
191 1409 953
356 1131 954
448 1165 955
54 1481 956
488 1762 957
63 520 958
508 515 959
1689 1690 960
252 839 961
270 1442 962
909 1326 963
973 1833 964
105 1862 965
638 1316 966
78 79 967
556 622 968
51 359 969
336 1426 970
431 432 971
704 860 972
872 909 973
32 249 974
603 614 975
1468 1469 976
1380 1469 977
96 488 978
130 1127 979
846 1778 980
270 1494 981
448 1529 982
1027 1406 983
612 1790 984
137 938 985
1179 1484 986
669 670 987
704 820 988
755 1615 989
103 750 990
362 1195 991
639 641 992
657 1188 993
685 686 994
611 612 995
899 900 996
123 1176 997
382 620 998
1151 1579 999
1342 1999 1000
1614 1929 1001
1932 1933 1002
722 2054 1003
730 731 1004
417 419 1005
320 321 1006
708 709 1007
67 320 1008
249 729 1009
658 1075 1010
670 671 1011
1044 1340 1012
27 1155 1013
290 532 1014
1161 1164 1015
123 131 1016
156 1526 1017
745 746 1018
1995 2039 1019
338 1569 1020
591 1123 1021
1949 1950 1022
356 637 1023
658 1988 1024
1206 1663 1025
258 2025 1026
331 1179 1027
80 671 1028
362 607 1029
617 1020 1030
1124 1432 1031
400 401 1032
156 1524 1033
730 732 1034
419 1073 1035
1955 1956 1036
2 236 1037
400 1995 1038
474 591 1039
1929 1930 1040
741 742 1041
534 930 1042
34 395 1043
400 2052 1044
1445 1447 1045
105 1225 1046
111 762 1047
1194 1982 1048
183 1594 1049
290 664 1050
620 1429 1051
241 242 1052
1044 1928 1053
63 601 1054
400 1928 1055
404 405 1056
658 1924 1057
51 116 1058
286 339 1059
105 1269 1060
1995 2037 1061
219 356 1062
21 23 1063
1162 1164 1064
1228 1433 1065
1441 1849 1066
839 1239 1067
1995 2038 1068
339 1402 1069
103 426 1070
385 1143 1071
1687 1688 1072
181 448 1073
39 946 1074
939 940 1075
400 1343 1076
1569 1889 1077
1430 1431 1078
321 1431 1079
686 687 1080
416 419 1081
1044 1341 1082
137 1315 1083
638 1031 1084
1340 1342 1085
656 657 1086
1928 1999 1087
233 1923 1088
405 433 1089
105 1350 1090
129 946 1091
78 918 1092
3 1475 1093
2 1878 1094
103 1817 1095
820 1577 1096
383 385 1097
400 1044 1098
67 321 1099
1995 1999 1100
253 1346 1101
520 1489 1102
375 377 1103
788 1179 1104
475 1472 1105
405 1329 1106
356 608 1107
1158 1159 1108
1343 1999 1109
79 131 1110
88 1309 1111
130 1402 1112
730 1318 1113
362 601 1114
232 234 1115
1445 1448 1116
1445 1824 1117
400 1999 1118
1239 1854 1119
485 1108 1120
922 923 1121
447 448 1122
739 1922 1123
1044 2000 1124
404 433 1125
639 640 1126
1194 1195 1127
1138 1889 1128
451 930 1129
321 1430 1130
1342 1343 1131
1340 1341 1132
578 579 1133
1342 2000 1134
745 747 1135
189 873 1136
846 1912 1137
1157 1158 1138
1999 2052 1139
922 924 1140
654 826 1141
180 1177 1142
237 907 1143
290 927 1144
2 3 1145
105 1227 1146
456 986 1147
1929 1932 1148
2 1580 1149
939 941 1150
1156 1159 1151
1929 1931 1152
148 1896 1153
63 316 1154
137 138 1155
1958 1983 1156
579 1528 1157
442 657 1158
58 973 1159
1155 1488 1160
1484 1562 1161
579 649 1162
141 239 1163
495 636 1164
237 523 1165
338 1889 1166
839 1347 1167
1155 1965 1168
80 669 1169
1878 1879 1170
450 453 1171
1194 1920 1172
26 945 1173
536 1484 1174
54 68 1175
388 647 1176
2 248 1177
75 1949 1178
1180 1182 1179
1415 1442 1180
289 530 1181
686 1921 1182
653 927 1183
1342 1928 1184
78 80 1185
282 283 1186
1401 1896 1187
2000 2052 1188
682 834 1189
50 1163 1190
311 312 1191
1044 1343 1192
419 1130 1193
1221 1484 1194
63 1195 1195
246 915 1196
362 1489 1197
488 1334 1198
533 1253 1199
539 540 1200
418 419 1201
252 1346 1202
839 1346 1203
80 730 1204
316 1537 1205
1009 1031 1206
1180 1181 1207
1139 1332 1208
338 1586 1209
253 839 1210
762 1238 1211
1425 1543 1212
136 614 1213
532 1520 1214
252 253 1215
258 908 1216
242 495 1217
419 1305 1218
845 846 1219
141 816 1220
189 1837 1221
1173 1174 1222
2 872 1223
111 1238 1224
601 1195 1225
1181 1182 1226
252 1347 1227
1447 1448 1228
112 755 1229
536 1562 1230
1445 1466 1231
462 512 1232
2 1170 1233
682 683 1234
400 2000 1235
63 1537 1236
267 268 1237
603 1414 1238
1426 1581 1239
268 1831 1240
290 1520 1241
27 379 1242
591 1472 1243
54 1957 1244
2 925 1245
405 1209 1246
1340 1343 1247
359 1417 1248
410 1630 1249
1131 1132 1250
274 638 1251
1161 1163 1252
304 619 1253
1342 1995 1254
601 602 1255
420 873 1256
591 1561 1257
452 453 1258
685 687 1259
452 509 1260
536 1221 1261
575 1219 1262
1155 1980 1263
1228 1327 1264
54 1588 1265
78 131 1266
156 566 1267
63 1920 1268
1995 2000 1269
1219 1384 1270
338 1607 1271
556 928 1272
63 1982 1273
2 1169 1274
187 907 1275
237 355 1276
757 1571 1277
385 386 1278
419 1952 1279
26 944 1280
79 918 1281
450 509 1282
448 1324 1283
237 248 1284
750 921 1285
1928 2000 1286
1929 1933 1287
306 419 1288
357 905 1289
420 1132 1290
1178 1179 1291
2 623 1292
1225 1227 1293
508 509 1294
268 312 1295
2 1879 1296
31 743 1297
534 1253 1298
1027 1153 1299
648 1257 1300
751 1178 1301
80 131 1302
338 1203 1303
410 1945 1304
707 708 1305
508 517 1306
1162 1163 1307
1343 2000 1308
239 551 1309
34 362 1310
385 1362 1311
681 1517 1312
1155 1487 1313
1387 1388 1314
845 1778 1315
474 475 1316
1999 2000 1317
268 645 1318
148 1436 1319
436 1181 1320
756 1679 1321
374 375 1322
593 594 1323
110 554 1324
1203 1889 1325
79 660 1326
236 594 1327
535 927 1328
29 1465 1329
436 1180 1330
63 602 1331
136 831 1332
532 927 1333
944 945 1334
88 1344 1335
189 1605 1336
1154 1155 1337
79 133 1338
410 756 1339
79 917 1340
450 452 1341
189 190 1342
669 671 1343
236 237 1344
495 1132 1345
134 711 1346
686 1325 1347
374 377 1348
1538 1539 1349
2 577 1350
54 931 1351
436 1182 1352
31 533 1353
475 1684 1354
79 80 1355
245 246 1356
27 375 1357
51 371 1358
551 909 1359
830 1187 1360
26 308 1361
239 1367 1362
1155 1530 1363
715 1387 1364
1732 1742 1365
375 376 1366
1928 1995 1367
473 1889 1368
44 424 1369
349 1517 1370
1008 1031 1371
591 1684 1372
141 142 1373
420 556 1374
1228 1328 1375
376 377 1376
2 1265 1377
237 1187 1378
51 512 1379
304 1410 1380
1144 1145 1381
2 1883 1382
388 646 1383
78 661 1384
473 1569 1385
475 894 1386
554 1345 1387
331 751 1388
48 1020 1389
289 535 1390
1167 1502 1391
1150 1151 1392
63 607 1393
136 1490 1394
27 377 1395
620 1554 1396
126 1173 1397
638 1248 1398
123 412 1399
701 1225 1400
27 481 1401
304 900 1402
105 1505 1403
1268 1269 1404
1269 1565 1405
1221 1562 1406
131 133 1407
1119 1134 1408
335 336 1409
427 428 1410
1613 1614 1411
103 1403 1412
357 906 1413
1539 1796 1414
908 1053 1415
1560 1687 1416
53 239 1417
1343 1928 1418
21 94 1419
715 1388 1420
211 693 1421
605 657 1422
2 1332 1423
29 638 1424
268 929 1425
1567 1568 1426
283 1149 1427
289 533 1428
88 1310 1429
680 1168 1430
2 1264 1431
450 1385 1432
1268 1565 1433
136 283 1434
1254 1732 1435
3 408 1436
244 1145 1437
1143 1362 1438
21 195 1439
148 1895 1440
209 413 1441
578 1528 1442
1539 1812 1443
133 660 1444
1507 1897 1445
917 918 1446
84 217 1447
268 311 1448
1269 2024 1449
244 1144 1450
385 1578 1451
289 534 1452
1400 1614 1453
88 1345 1454
239 705 1455
1486 1487 1456
716 1027 1457
908 2025 1458
51 242 1459
420 1171 1460
591 1673 1461
38 462 1462
270 1366 1463
1159 1527 1464
136 282 1465
1343 1995 1466
28 686 1467
909 1146 1468
381 620 1469
475 1288 1470
308 945 1471
636 1131 1472
349 681 1473
351 696 1474
539 542 1475
44 373 1476
371 373 1477
1796 1812 1478
343 473 1479
356 905 1480
182 183 1481
1031 1248 1482
1119 1877 1483
1213 1628 1484
857 1396 1485
244 1339 1486
1254 1742 1487
3 5 1488
1044 1996 1489
1241 1907 1490
915 1563 1491
852 1940 1492
420 928 1493
246 1563 1494
36 1361 1495
472 860 1496
1155 1666 1497
165 711 1498
1375 1564 1499
29 873 1500
51 152 1501
1195 1982 1502
2 408 1503
410 1662 1504
551 1146 1505
1241 1243 1506
659 660 1507
1530 1980 1508
1488 1980 1509
237 1201 1510
420 1391 1511
549 1426 1512
268 783 1513
913 915 1514
388 1934 1515
351 352 1516
475 1673 1517
808 1143 1518
290 1253 1519
1242 1243 1520
870 1139 1521
1219 1383 1522
191 1535 1523
239 1200 1524
246 1917 1525
180 183 1526
541 542 1527
1269 1351 1528
686 1176 1529
105 1351 1530
110 1345 1531
1486 1488 1532
34 520 1533
282 1149 1534
1572 1573 1535
63 796 1536
54 1386 1537
715 1027 1538
244 831 1539
1184 1185 1540
1487 1488 1541
246 304 1542
2 5 1543
973 1787 1544
336 1090 1545
1263 1426 1546
1155 1486 1547
1183 1185 1548
337 351 1549
103 1404 1550
1219 1382 1551
258 1612 1552
1201 1202 1553
239 435 1554
374 376 1555
620 1504 1556
81 84 1557
676 1101 1558
950 1984 1559
489 1192 1560
1763 1765 1561
1412 1543 1562
1183 1184 1563
331 536 1564
1213 1259 1565
308 944 1566
129 547 1567
348 349 1568
1119 1876 1569
144 145 1570
143 144 1571
783 1259 1572
356 1240 1573
1195 1920 1574
50 1162 1575
274 1248 1576
410 538 1577
431 1249 1578
1058 1059 1579
126 1174 1580
722 933 1581
27 376 1582
105 934 1583
1038 1183 1584
384 385 1585
1044 1994 1586
1038 1184 1587
1038 1185 1588
331 1484 1589
215 1975 1590
1161 1162 1591
43 1988 1592
839 1854 1593
2 460 1594
110 1189 1595
1044 1998 1596
1293 1320 1597
1507 1508 1598
237 1202 1599
418 1130 1600
1320 1371 1601
136 715 1602
636 1132 1603
1764 1765 1604
268 1259 1605
1293 1371 1606
371 372 1607
2 53 1608
27 378 1609
1400 1613 1610
1241 1242 1611
1269 1350 1612
1014 1015 1613
715 1491 1614
304 899 1615
10 164 1616
478 933 1617
1383 1384 1618
215 1825 1619
189 629 1620
831 1058 1621
738 959 1622
242 475 1623
1269 1611 1624
1388 1491 1625
659 661 1626
1572 1574 1627
1044 1997 1628
27 374 1629
973 1186 1630
38 1875 1631
533 563 1632
1382 1384 1633
131 660 1634
29 274 1635
1282 1333 1636
299 1571 1637
136 1387 1638
824 1543 1639
361 362 1640
1412 1425 1641
50 1161 1642
27 66 1643
572 1124 1644
388 1685 1645
136 604 1646
1387 1491 1647
51 435 1648
136 1149 1649
268 778 1650
923 924 1651
84 280 1652
131 661 1653
1342 1996 1654
424 425 1655
1475 1476 1656
1488 1909 1657
27 501 1658
489 1622 1659
112 1615 1660
268 1213 1661
19 51 1662
857 1414 1663
10 1007 1664
950 1979 1665
1044 1974 1666
216 217 1667
533 564 1668
123 411 1669
538 620 1670
488 636 1671
1166 1502 1672
950 1015 1673
1340 1764 1674
244 1058 1675
1342 1997 1676
381 1052 1677
379 1277 1678
148 1148 1679
1710 1981 1680
272 1038 1681
569 834 1682
1264 1265 1683
917 1516 1684
2 323 1685
478 722 1686
712 1848 1687
1995 1996 1688
123 132 1689
532 1253 1690
36 1616 1691
82 84 1692
84 1471 1693
129 130 1694
131 134 1695
262 1022 1696
21 391 1697
362 1604 1698
1377 1379 1699
112 368 1700
1488 1530 1701
53 462 1702
272 1183 1703
1155 1853 1704
272 1185 1705
388 833 1706
675 676 1707
1995 1997 1708
383 949 1709
27 1087 1710
29 1248 1711
79 1237 1712
1044 1764 1713
361 520 1714
675 677 1715
144 1223 1716
147 148 1717
824 1425 1718
1160 1258 1719
215 1859 1720
1342 1994 1721
1342 1974 1722
288 533 1723
1710 1741 1724
27 429 1725
906 1254 1726
337 352 1727
80 1236 1728
134 661 1729
80 1237 1730
1350 1862 1731
1378 1379 1732
1327 1328 1733
30 31 1734
41 115 1735
134 165 1736
148 496 1737
51 722 1738
358 359 1739
387 388 1740
525 1338 1741
1343 1996 1742
53 358 1743
136 1215 1744
686 1499 1745
712 1846 1746
37 38 1747
1488 1724 1748
1994 1995 1749
1642 1659 1750
236 1160 1751
144 503 1752
1320 1779 1753
1320 1781 1754
107 1568 1755
261 262 1756
272 1184 1757
298 621 1758
215 1858 1759
2 870 1760
63 360 1761
1308 1411 1762
219 1255 1763
676 677 1764
123 465 1765
94 195 1766
1364 1499 1767
682 1659 1768
934 1269 1769
1928 1996 1770
29 1379 1771
680 1818 1772
756 1020 1773
130 1670 1774
136 573 1775
44 372 1776
1343 1997 1777
1474 1820 1778
354 355 1779
128 356 1780
63 1124 1781
79 1236 1782
136 593 1783
1510 1527 1784
1320 1323 1785
1928 1997 1786
353 355 1787
656 778 1788
360 362 1789
1321 1322 1790
288 534 1791
1320 1322 1792
215 1860 1793
2 1089 1794
524 525 1795
1320 1321 1796
136 1388 1797
144 1260 1798
934 1225 1799
16 215 1800
1044 1763 1801
1342 1998 1802
63 361 1803
241 1510 1804
950 1014 1805
83 84 1806
760 2032 1807
676 2019 1808
1319 1321 1809
356 1255 1810
927 1045 1811
6 1243 1812
148 1518 1813
1995 1998 1814
143 145 1815
824 825 1816
1321 1323 1817
593 808 1818
1319 1320 1819
1979 1984 1820
1254 1365 1821
1928 1994 1822
988 1349 1823
31 290 1824
1269 1505 1825
734 1389 1826
1261 1262 1827
472 1370 1828
1319 1322 1829
31 403 1830
148 1986 1831
1573 1574 1832
686 1364 1833
626 839 1834
208 462 1835
660 661 1836
1114 1669 1837
148 1789 1838
1343 1994 1839
191 685 1840
296 297 1841
1419 1578 1842
986 1166 1843
156 1659 1844
156 1642 1845
461 462 1846
355 958 1847
682 1642 1848
2 324 1849
51 603 1850
733 734 1851
259 262 1852
304 1917 1853
144 430 1854
331 1461 1855
1382 1383 1856
128 357 1857
148 1985 1858
1322 1323 1859
1343 1974 1860
1 1152 1861
824 1412 1862
2 199 1863
738 1368 1864
37 462 1865
331 1178 1866
1320 1780 1867
388 1600 1868
1319 1323 1869
1377 1378 1870
195 807 1871
135 136 1872
1274 1282 1873
1974 1995 1874
973 1566 1875
38 53 1876
1 27 1877
547 549 1878
34 63 1879
107 1567 1880
219 1365 1881
206 734 1882
656 1667 1883
136 1491 1884
308 1602 1885
358 1397 1886
180 182 1887
356 357 1888
1928 1974 1889
31 1668 1890
456 1166 1891
1928 1998 1892
1218 1675 1893
1155 2018 1894
136 281 1895
156 682 1896
1155 1991 1897
512 593 1898
626 983 1899
769 1483 1900
206 1598 1901
297 298 1902
337 1587 1903
136 512 1904
356 1365 1905
1849 2053 1906
331 524 1907
378 379 1908
1780 1781 1909
683 834 1910
379 1687 1911
1709 1710 1912
3 872 1913
648 1281 1914
265 656 1915
778 1667 1916
272 1918 1917
136 1948 1918
297 299 1919
1343 1998 1920
219 1254 1921
27 72 1922
290 1032 1923
1876 1877 1924
620 973 1925
148 1492 1926
87 485 1927
1991 2018 1928
1166 1167 1929
2 2011 1930
289 290 1931
381 382 1932
1354 1355 1933
549 1992 1934
839 983 1935
29 1751 1936
145 1223 1937
520 1604 1938
1996 1997 1939
1985 1986 1940
156 1641 1941
330 337 1942
337 1963 1943
143 1223 1944
337 458 1945
988 1348 1946
547 1992 1947
603 1948 1948
1203 1586 1949
1859 1975 1950
136 1257 1951
1203 1607 1952
29 1377 1953
6 1242 1954
934 1351 1955
569 627 1956
184 756 1957
91 489 1958
296 298 1959
251 252 1960
215 1840 1961
296 299 1962
404 1534 1963
934 1350 1964
289 1253 1965
357 1222 1966
549 1263 1967
262 263 1968
1350 1351 1969
1996 1998 1970
145 503 1971
1482 1483 1972
265 778 1973
411 1176 1974
107 1323 1975
341 342 1976
27 951 1977
63 1604 1978
246 914 1979
387 1856 1980
1994 1996 1981
331 1462 1982
143 503 1983
81 82 1984
744 746 1985
1598 1599 1986
136 407 1987
1155 1990 1988
1997 1998 1989
914 915 1990
265 1667 1991
538 973 1992
648 1500 1993
734 1599 1994
600 1333 1995
128 1221 1996
331 525 1997
356 1254 1998
456 565 1999
769 1482 2000
1461 1462 2001
136 854 2002
525 1210 2003
1470 1471 2004
34 1195 2005
128 1222 2006
1044 1794 2007
31 532 2008
34 1583 2009
549 766 2010
1385 1918 2011
5 408 2012
260 262 2013
934 1227 2014
145 1260 2015
1354 1826 2016
6 1241 2017
31 322 2018
288 1253 2019
361 1489 2020
1974 1996 2021
143 1260 2022
367 379 2023
1994 1997 2024
1351 1505 2025
1889 2035 2026
34 1467 2027
404 1235 2028
1495 1496 2029
298 757 2030
1351 1352 2031
15 215 2032
78 132 2033
357 1221 2034
74 1277 2035
340 342 2036
734 1598 2037
334 336 2038
1155 1733 2039
1221 1222 2040
756 1710 2041
331 1485 2042
838 839 2043
1234 1253 2044
179 344 2045
241 1664 2046
702 1225 2047
16 1975 2048
1990 1991 2049
1991 2017 2050
289 532 2051
852 1392 2052
69 1578 2053
1348 1623 2054
1990 2018 2055
760 2034 2056
1348 1349 2057
84 1300 2058
412 1376 2059
679 680 2060
1994 1998 2061
29 1378 2062
196 359 2063
1974 1997 2064
346 484 2065
51 1232 2066
455 456 2067
525 1498 2068
1155 2017 2069
145 430 2070
241 1527 2071
256 390 2072
236 939 2073
1974 1998 2074
760 1772 2075
131 132 2076
136 406 2077
280 1140 2078
29 71 2079
337 347 2080
134 167 2081
744 745 2082
2017 2018 2083
44 350 2084
1133 1308 2085
569 870 2086
308 771 2087
272 1385 2088
331 1473 2089
29 255 2090
685 1535 2091
71 1266 2092
388 2004 2093
1356 1826 2094
382 973 2095
456 457 2096
143 256 2097
323 1089 2098
460 462 2099
143 430 2100
323 324 2101
324 1089 2102
298 299 2103
271 272 2104
598 1523 2105
255 1549 2106
1350 1505 2107
148 1401 2108
29 204 2109
71 454 2110
241 1574 2111
51 1231 2112
548 549 2113
1022 1669 2114
406 512 2115
23 287 2116
124 202 2117
379 1560 2118
547 548 2119
1353 1826 2120
208 475 2121
206 1855 2122
65 1376 2123
837 839 2124
1392 1496 2125
442 444 2126
744 747 2127
407 592 2128
29 127 2129
331 1474 2130
143 390 2131
1210 1498 2132
679 1818 2133
196 358 2134
63 1193 2135
23 1394 2136
1990 2017 2137
43 1399 2138
331 788 2139
788 1485 2140
51 604 2141
132 661 2142
1974 1994 2143
31 331 2144
307 1602 2145
197 475 2146
568 569 2147
756 1741 2148
5 872 2149
340 341 2150
81 83 2151
353 354 2152
1733 2018 2153
136 202 2154
383 386 2155
31 1233 2156
1473 1474 2157
1354 1356 2158
771 1602 2159
1488 1601 2160
134 706 2161
242 494 2162
383 384 2163
951 1087 2164
129 1670 2165
1247 1248 2166
29 94 2167
129 458 2168
71 108 2169
108 1266 2170
1733 1991 2171
152 1256 2172
29 679 2173
34 427 2174
598 599 2175
1354 1358 2176
29 1266 2177
566 1374 2178
43 754 2179
299 757 2180
198 475 2181
442 714 2182
934 1248 2183
1334 1856 2184
334 355 2185
330 1018 2186
71 107 2187
1107 1252 2188
1858 1859 2189
31 1234 2190
388 1856 2191
29 1405 2192
29 1549 2193
50 313 2194
252 1612 2195
132 134 2196
331 985 2197
1079 1855 2198
1763 1764 2199
294 343 2200
53 461 2201
1405 1511 2202
307 308 2203
206 1079 2204
1733 1990 2205
837 838 2206
566 1993 2207
872 2011 2208
94 95 2209
27 391 2210
288 290 2211
566 1756 2212
329 330 2213
633 1133 2214
589 1229 2215
603 604 2216
1236 1237 2217
1 1597 2218
388 1334 2219
198 566 2220
1599 1855 2221
16 1859 2222
913 914 2223
290 563 2224
442 443 2225
814 1107 2226
814 1252 2227
857 1864 2228
74 1262 2229
349 1014 2230
132 412 2231
206 1599 2232
934 1247 2233
566 1531 2234
199 872 2235
484 1606 2236
44 371 2237
308 1289 2238
1353 1354 2239
29 108 2240
1733 2017 2241
39 1532 2242
34 912 2243
29 95 2244
247 248 2245
331 1233 2246
1859 1860 2247
1356 1358 2248
23 113 2249
242 1288 2250
406 592 2251
1772 2034 2252
127 1220 2253
484 1674 2254
71 501 2255
459 1911 2256
343 1681 2257
1027 1857 2258
29 1220 2259
288 532 2260
29 454 2261
402 757 2262
65 412 2263
16 1858 2264
31 289 2265
330 347 2266
29 1511 2267
307 771 2268
406 593 2269
252 258 2270
970 1247 2271
1858 1860 2272
532 563 2273
760 970 2274
1022 1114 2275
50 1300 2276
463 464 2277
760 2033 2278
42 43 2279
1037 1235 2280
1544 1916 2281
404 744 2282
23 409 2283
35 36 2284
604 1948 2285
474 1673 2286
1512 1855 2287
1642 1786 2288
379 561 2289
77 1274 2290
1022 1868 2291
296 757 2292
350 373 2293
1002 1911 2294
288 1032 2295
914 1563 2296
206 1512 2297
9 389 2298
1889 2036 2299
84 407 2300
16 1860 2301
532 564 2302
1079 1599 2303
317 318 2304
34 342 2305
84 445 2306
34 428 2307
76 1097 2308
760 969 2309
26 1289 2310
290 564 2311
459 1002 2312
1774 1813 2313
72 1549 2314
2033 2034 2315
788 985 2316
1356 1861 2317
53 199 2318
298 402 2319
124 136 2320
211 284 2321
365 366 2322
50 920 2323
1600 2004 2324
411 412 2325
1973 1974 2326
484 633 2327
107 108 2328
204 1855 2329
990 1544 2330
1763 1794 2331
208 242 2332
934 970 2333
474 894 2334
31 563 2335
34 1604 2336
1764 1794 2337
1353 1356 2338
1358 1774 2339
1512 1599 2340
970 1248 2341
194 195 2342
209 210 2343
369 370 2344
1544 1545 2345
7 389 2346
1348 1793 2347
484 485 2348
1972 1974 2349
34 209 2350
833 2020 2351
1772 2033 2352
970 2034 2353
1019 1020 2354
1840 1859 2355
15 1859 2356
108 501 2357
211 285 2358
74 1261 2359
134 497 2360
43 567 2361
363 365 2362
1544 1546 2363
1353 1358 2364
1527 1664 2365
165 497 2366
165 498 2367
446 1547 2368
34 1381 2369
313 1300 2370
34 910 2371
571 1857 2372
31 288 2373
8 389 2374
1079 1512 2375
459 1670 2376
72 255 2377
682 1793 2378
569 1910 2379
204 1079 2380
571 1027 2381
968 1889 2382
990 1916 2383
209 476 2384
34 361 2385
134 1621 2386
204 206 2387
460 461 2388
15 1860 2389
34 1229 2390
34 776 2391
15 1858 2392
198 208 2393
134 498 2394
34 341 2395
284 285 2396
317 1544 2397
31 564 2398
242 1625 2399
14 16 2400
1353 1861 2401
370 398 2402
560 561 2403
209 477 2404
406 407 2405
836 839 2406
72 1266 2407
160 163 2408
483 484 2409
15 16 2410
833 1270 2411
1840 1860 2412
833 1600 2413
682 1786 2414
682 1792 2415
211 212 2416
969 2034 2417
16 1840 2418
364 365 2419
1231 1232 2420
74 464 2421
360 361 2422
1358 1861 2423
1574 1664 2424
483 485 2425
1908 1909 2426
1840 1858 2427
881 1863 2428
23 74 2429
34 1230 2430
1401 1799 2431
159 160 2432
198 781 2433
53 460 2434
1203 2035 2435
468 1390 2436
14 15 2437
29 72 2438
1786 1793 2439
317 1916 2440
1792 1793 2441
379 560 2442
71 72 2443
36 915 2444
970 1772 2445
1353 1357 2446
363 364 2447
361 1604 2448
1348 1792 2449
119 468 2450
334 353 2451
1358 1813 2452
157 158 2453
212 284 2454
204 1599 2455
990 1545 2456
94 194 2457
107 501 2458
833 2004 2459
836 838 2460
73 74 2461
870 1910 2462
199 460 2463
7 9 2464
134 207 2465
334 354 2466
1527 1574 2467
6 7 2468
412 465 2469
74 463 2470
969 1772 2471
34 340 2472
8 9 2473
443 444 2474
74 1501 2475
589 1230 2476
1357 1358 2477
76 77 2478
970 2033 2479
152 242 2480
204 1512 2481
990 1546 2482
1348 1786 2483
682 1348 2484
744 1235 2485
1786 1792 2486
1229 1230 2487
99 160 2488
212 285 2489
411 465 2490
317 990 2491
317 1545 2492
6 8 2493
364 804 2494
1235 1534 2495
72 501 2496
77 598 2497
497 498 2498
1724 1909 2499
39 40 2500
313 920 2501
72 1511 2502
129 459 2503
210 476 2504
119 744 2505
139 325 2506
299 402 2507
15 1840 2508
210 477 2509
969 2033 2510
34 1021 2511
47 48 2512
7 8 2513
6 9 2514
1353 1866 2515
132 411 2516
288 289 2517
1230 1536 2518
970 1540 2519
34 589 2520
317 1546 2521
132 465 2522
836 837 2523
161 163 2524
72 454 2525
19 85 2526
160 162 2527
454 1408 2528
1401 1798 2529
72 107 2530
597 600 2531
1203 2036 2532
1724 1908 2533
94 1947 2534
160 161 2535
94 2003 2536
259 261 2537
920 1300 2538
72 108 2539
445 1547 2540
511 1295 2541
836 1550 2542
34 210 2543
36 914 2544
159 163 2545
197 198 2546
879 881 2547
34 1193 2548
40 1891 2549
161 162 2550
1797 1798 2551
476 477 2552
968 1203 2553
1401 1797 2554
214 970 2555
214 1540 2556
969 1540 2557
159 162 2558
289 563 2559
159 161 2560
969 970 2561
600 2002 2562
289 564 2563
99 163 2564
99 161 2565
1051 1542 2566
35 914 2567
91 1811 2568
744 1534 2569
45 48 2570
99 159 2571
213 1540 2572
72 1056 2573
162 163 2574
29 1408 2575
72 1548 2576
1358 1866 2577
99 162 2578
198 242 2579
46 48 2580
40 1608 2581
74 409 2582
213 970 2583
40 48 2584
261 263 2585
207 1621 2586
213 214 2587
259 263 2588
214 969 2589
94 1609 2590
288 563 2591
445 446 2592
72 204 2593
260 261 2594
563 564 2595
197 474 2596
951 1251 2597
213 969 2598
529 557 2599
72 1408 2600
260 263 2601
527 529 2602
89 91 2603
90 91 2604
94 505 2605
1050 1051 2606
288 564 2607
259 260 2608
1050 1542 2609
795 1054 2610
557 2048 2611
529 1360 2612
72 1610 2613
74 1678 2614
557 1360 2615
2035 2036 2616
392 893 2617
1054 1055 2618
545 546 2619
795 1055 2620
893 968 2621
77 108 2622
77 1408 2623
1947 2003 2624
46 47 2625
74 1677 2626
85 86 2627
1677 1678 2628
89 90 2629
169 490 2630
392 968 2631
543 545 2632
1609 2003 2633
543 546 2634
544 546 2635
40 47 2636
544 545 2637
505 2003 2638
170 490 2639
1609 1947 2640
505 1947 2641
72 77 2642
169 170 2643
45 46 2644
45 47 2645
40 46 2646
505 1609 2647
543 544 2648
168 169 2649
40 45 2650
59 60 2651
168 170 2652
1330 1331 2653
1617 1618 2654
1046 1618 2655
1116 1618 2656
1117 1618 2657
1116 1617 2658
1046 1617 2659
1046 1116 2660
1117 1617 2661
1046 1117 2662
1116 1117 2663
