684 690 1
44 237 2
102 1904 3
102 1899 4
690 966 5
102 1905 6
102 1898 7
690 1800 8
421 422 9
44 658 10
690 1801 11
423 1451 12
237 658 13
690 1802 14
422 423 15
1637 1806 16
421 423 17
102 1902 18
102 103 19
423 1808 20
1419 1578 21
102 1959 22
102 1960 23
103 751 24
44 1196 25
69 1578 26
362 396 27
1369 1552 28
690 1754 29
1369 1925 30
1228 1328 31
1552 1827 32
728 1926 33
1899 1902 34
1745 1747 35
1904 1905 36
678 1761 37
396 1803 38
380 1785 39
684 1800 40
690 915 41
678 751 42
1967 1968 43
702 1416 44
1136 1459 45
103 1450 46
1190 1191 47
362 1821 48
1555 1556 49
189 873 50
1459 1757 51
396 1989 52
1136 1757 53
102 1886 54
520 1821 55
728 1191 56
178 655 57
1759 1761 58
362 583 59
488 495 60
380 1746 61
688 690 62
1450 1453 63
1898 1959 64
690 1788 65
423 806 66
655 1557 67
475 488 68
684 1805 69
1228 1327 70
1369 1827 71
1432 1720 72
1557 1828 73
703 1720 74
728 1614 75
1575 1720 76
380 1745 77
655 1828 78
697 1328 79
1898 1960 80
1361 1962 81
380 1747 82
1228 1433 83
237 258 84
1746 1747 85
315 362 86
678 1450 87
1803 1989 88
1745 1746 89
655 1436 90
1191 1926 91
1369 2010 92
1968 1969 93
635 740 94
137 138 95
439 690 96
315 1821 97
1327 1328 98
1821 1822 99
690 1771 100
703 1432 101
728 1967 102
583 1821 103
973 1833 104
380 396 105
1450 1761 106
1967 1969 107
191 1556 108
751 1450 109
1800 1801 110
806 1311 111
1760 1761 112
44 569 113
566 1756 114
1720 1819 115
705 1835 116
1416 2001 117
380 1438 118
1361 1748 119
183 684 120
362 1435 121
1801 1802 122
751 1761 123
1748 1749 124
385 1578 125
697 1228 126
137 1457 127
709 1836 128
1559 1637 129
728 1653 130
290 533 131
362 1822 132
697 1433 133
728 1968 134
1575 1636 135
684 1427 136
178 1557 137
684 1801 138
84 1459 139
102 751 140
123 1964 141
1759 1760 142
396 1745 143
1449 1450 144
1959 1960 145
177 178 146
678 1452 147
396 1747 148
148 1896 149
728 1969 150
2054 2055 151
468 1390 152
697 1327 153
663 678 154
1800 1802 155
1720 1961 156
44 1418 157
44 1589 158
279 705 159
1459 1638 160
1570 1897 161
191 1555 162
338 339 163
684 1804 164
1463 1753 165
1640 1842 166
1753 1769 167
1842 1843 168
728 1845 169
1640 1843 170
1359 1791 171
44 1770 172
218 709 173
794 1163 174
396 1755 175
103 678 176
1636 1720 177
534 743 178
705 1559 179
566 1374 180
1373 1720 181
689 690 182
794 1164 183
137 938 184
475 591 185
520 1435 186
1753 1823 187
279 713 188
290 743 189
438 1456 190
1459 1460 191
1438 1640 192
291 653 193
1404 1768 194
1303 1361 195
1432 1819 196
1438 1842 197
726 728 198
1804 1805 199
44 1890 200
688 689 201
846 1896 202
1444 1758 203
728 2026 204
857 1864 205
1044 1765 206
29 1465 207
642 1306 208
642 1595 209
137 1315 210
380 1843 211
156 1404 212
684 1802 213
44 1901 214
237 594 215
672 674 216
642 1267 217
713 1815 218
438 475 219
502 735 220
644 1196 221
1175 1459 222
380 1640 223
707 709 224
926 927 225
533 743 226
1369 1519 227
1438 1843 228
566 1531 229
315 583 230
566 1993 231
702 2001 232
237 1589 233
103 1761 234
362 668 235
507 926 236
279 502 237
1458 1459 238
119 468 239
1795 1809 240
1416 1591 241
1752 1753 242
650 743 243
54 1966 244
44 1784 245
380 1842 246
560 561 247
137 1834 248
44 641 249
44 1421 250
495 740 251
531 743 252
438 1844 253
965 966 254
642 1314 255
857 1396 256
922 973 257
642 1446 258
252 258 259
520 668 260
183 1427 261
219 1434 262
279 1814 263
1432 1884 264
576 1755 265
927 1639 266
1135 1136 267
356 495 268
1889 1897 269
290 534 270
2 438 271
439 441 272
1313 1314 273
520 1822 274
705 1903 275
48 1844 276
530 743 277
740 1434 278
123 2044 279
1427 2005 280
662 663 281
702 904 282
1196 1302 283
237 1770 284
773 1558 285
722 2054 286
1406 1407 287
39 1532 288
467 916 289
304 900 290
396 1821 291
507 927 292
44 610 293
371 1516 294
520 667 295
943 982 296
220 709 297
215 1825 298
420 1132 299
1755 1809 300
658 1589 301
300 672 302
502 705 303
708 709 304
103 1759 305
123 2049 306
845 846 307
2044 2049 308
507 1639 309
50 1964 310
724 1337 311
1043 1044 312
237 1890 313
572 1432 314
663 1452 315
44 639 316
1163 1592 317
658 1026 318
700 702 319
1044 1880 320
290 530 321
381 475 322
631 1424 323
794 1592 324
1954 1955 325
279 1815 326
279 1816 327
531 1584 328
63 362 329
631 748 330
156 1465 331
794 2050 332
1124 1432 333
1964 2049 334
362 607 335
760 970 336
1404 1976 337
631 699 338
943 1514 339
846 1778 340
475 1429 341
531 533 342
1955 1956 343
1432 1885 344
530 533 345
84 1638 346
237 1418 347
438 1429 348
44 1900 349
668 1435 350
1043 1765 351
54 1481 352
48 438 353
495 635 354
1164 1592 355
1361 1576 356
337 1587 357
396 691 358
475 620 359
379 561 360
103 1760 361
438 1078 362
679 1818 363
1163 2050 364
727 728 365
530 650 366
215 1838 367
237 610 368
642 1313 369
680 1818 370
26 1301 371
156 806 372
728 1958 373
44 1398 374
615 966 375
362 520 376
642 1224 377
1164 2050 378
1814 1816 379
44 898 380
156 1159 381
219 495 382
531 534 383
1163 2051 384
192 618 385
673 674 386
1481 1966 387
610 658 388
93 137 389
1592 2050 390
290 531 391
1164 2051 392
507 922 393
44 1413 394
594 936 395
702 723 396
34 362 397
533 534 398
743 1590 399
948 966 400
237 1196 401
530 534 402
44 268 403
27 1155 404
794 2051 405
1814 1815 406
1174 1359 407
44 1744 408
219 488 409
943 1585 410
612 1095 411
724 1521 412
1815 1816 413
88 1196 414
638 955 415
642 1307 416
658 1139 417
31 402 418
31 743 419
531 1590 420
756 1020 421
946 1582 422
1173 1359 423
44 971 424
439 440 425
1478 1479 426
103 1817 427
438 620 428
1330 1331 429
39 946 430
44 1026 431
1044 1881 432
1175 1458 433
1043 2047 434
899 900 435
1416 1603 436
396 1987 437
576 1809 438
703 1819 439
2050 2051 440
531 535 441
628 1847 442
672 673 443
183 1177 444
1303 1576 445
237 639 446
29 1751 447
1895 1896 448
134 1060 449
315 1782 450
533 1584 451
534 1590 452
530 1584 453
846 1912 454
43 44 455
1525 1888 456
534 650 457
608 1428 458
50 1164 459
556 1479 460
27 1301 461
1078 1456 462
48 1020 463
182 183 464
292 653 465
438 1020 466
1437 1438 467
379 560 468
1306 1307 469
362 1489 470
1884 1885 471
1150 1151 472
2022 2023 473
272 1918 474
530 531 475
337 352 476
591 1684 477
43 237 478
900 1304 479
300 673 480
220 587 481
530 1590 482
608 1420 483
742 743 484
926 1639 485
475 635 486
751 1886 487
796 1416 488
44 1924 489
857 1414 490
1044 1340 491
1151 1579 492
845 1778 493
1592 2051 494
29 873 495
50 1163 496
356 396 497
58 724 498
237 504 499
594 1147 500
741 743 501
1420 1428 502
1421 1422 503
438 469 504
533 650 505
724 1522 506
1163 1164 507
1253 1441 508
1253 1849 509
58 973 510
2012 2023 511
290 650 512
724 1686 513
218 220 514
594 1151 515
1954 1956 516
160 467 517
93 1515 518
594 1579 519
304 899 520
1404 1767 521
220 396 522
698 1136 523
1964 2044 524
84 1460 525
1507 1897 526
1304 1619 527
156 1526 528
946 1312 529
1526 1888 530
1203 1897 531
136 277 532
290 1584 533
252 1612 534
187 237 535
50 123 536
525 1444 537
219 740 538
591 1472 539
489 1897 540
534 535 541
913 914 542
134 711 543
438 1250 544
569 1421 545
156 566 546
533 535 547
760 1773 548
400 1044 549
533 1590 550
1443 1444 551
751 1179 552
1553 1847 553
488 740 554
507 1596 555
26 27 556
413 695 557
725 1337 558
556 631 559
530 535 560
93 1393 561
676 1823 562
722 2055 563
1416 1425 564
1525 1526 565
720 721 566
741 742 567
1444 2045 568
437 438 569
535 650 570
413 414 571
1765 1880 572
451 531 573
1159 1525 574
3 937 575
672 1847 576
237 1026 577
531 650 578
180 183 579
43 658 580
379 1560 581
438 470 582
679 680 583
707 708 584
451 453 585
753 2022 586
237 641 587
630 631 588
575 576 589
1765 2047 590
489 1203 591
1159 1526 592
626 900 593
656 657 594
1880 1881 595
44 425 596
914 915 597
727 752 598
1044 2047 599
1570 1889 600
1043 1340 601
1133 1308 602
922 1833 603
955 1316 604
971 1421 605
672 1553 606
1524 1525 607
1234 1253 608
1444 1851 609
451 535 610
488 635 611
134 710 612
1173 1174 613
396 637 614
2 237 615
396 950 616
624 625 617
425 658 618
650 1584 619
394 396 620
594 1150 621
54 1957 622
611 612 623
628 1553 624
693 752 625
129 728 626
156 1525 627
54 931 628
338 343 629
1043 1880 630
3 1475 631
1119 1396 632
1159 1524 633
271 272 634
646 647 635
1166 1502 636
44 233 637
160 569 638
272 1385 639
396 1015 640
315 316 641
274 638 642
293 720 643
610 641 644
1340 1765 645
657 1188 646
1163 1480 647
183 1594 648
379 1687 649
290 1590 650
667 668 651
743 1887 652
1444 1971 653
1060 1061 654
451 452 655
638 1316 656
1159 1888 657
26 1289 658
413 694 659
413 634 660
84 1471 661
93 1834 662
1164 1480 663
1444 2030 664
290 535 665
337 351 666
291 292 667
1524 1526 668
142 932 669
156 1524 670
583 1782 671
2012 2022 672
103 1810 673
579 644 674
103 426 675
448 1446 676
451 533 677
556 622 678
612 1790 679
1166 1167 680
3 1142 681
615 616 682
650 1590 683
1336 1882 684
58 942 685
371 1423 686
1560 1687 687
290 451 688
219 1255 689
628 672 690
103 1551 691
26 944 692
947 948 693
724 725 694
971 1102 695
572 1124 696
913 915 697
684 755 698
395 730 699
594 941 700
293 721 701
438 1211 702
701 702 703
610 639 704
658 738 705
1475 1476 706
417 419 707
351 352 708
438 617 709
44 1422 710
973 1186 711
1953 1954 712
1426 1581 713
971 1422 714
609 610 715
656 1188 716
700 701 717
1178 1179 718
119 744 719
219 356 720
527 529 721
753 2012 722
472 704 723
653 1045 724
973 1787 725
321 1430 726
646 1867 727
1027 1406 728
156 1527 729
620 1429 730
209 413 731
191 1409 732
75 1950 733
337 1963 734
345 737 735
641 1026 736
239 1417 737
434 932 738
710 1060 739
1044 1764 740
986 1166 741
1073 1303 742
2 1421 743
379 1277 744
712 1846 745
1044 2000 746
286 339 747
395 1318 748
2 187 749
488 507 750
660 661 751
725 1521 752
237 1421 753
420 873 754
1949 1950 755
1044 1341 756
1614 2026 757
93 279 758
237 569 759
1308 1411 760
639 640 761
748 749 762
591 1950 763
638 1031 764
612 1682 765
51 242 766
180 1177 767
237 1147 768
1044 1763 769
1108 1455 770
356 608 771
365 366 772
399 400 773
531 532 774
617 1020 775
594 940 776
44 1102 777
321 1431 778
725 1686 779
44 1139 780
123 643 781
724 1533 782
900 931 783
694 695 784
393 396 785
58 1679 786
697 698 787
640 641 788
1653 1954 789
712 713 790
136 237 791
489 1889 792
345 449 793
396 397 794
591 1949 795
49 345 796
2021 2023 797
525 743 798
736 1164 799
639 1026 800
1119 1877 801
1043 1881 802
75 591 803
279 467 804
908 2025 805
26 945 806
948 1363 807
419 1303 808
612 1593 809
1027 1857 810
1522 1533 811
54 1588 812
382 620 813
618 619 814
594 1317 815
712 1848 816
736 1163 817
1377 1378 818
547 946 819
136 244 820
542 1519 821
1584 1590 822
26 308 823
448 1595 824
452 453 825
698 1135 826
299 773 827
51 651 828
103 921 829
239 932 830
364 804 831
356 740 832
1765 1881 833
258 908 834
644 1852 835
647 1934 836
1167 1502 837
75 1949 838
363 365 839
556 749 840
651 652 841
451 530 842
49 737 843
308 945 844
367 379 845
620 973 846
148 1895 847
751 1178 848
88 644 849
237 523 850
630 748 851
148 1985 852
591 1123 853
726 727 854
973 1566 855
702 1225 856
40 1891 857
753 2021 858
1405 1511 859
448 1306 860
686 1380 861
34 1467 862
315 1537 863
549 1426 864
658 1924 865
1430 1431 866
44 424 867
571 1027 868
272 1038 869
639 641 870
1570 1919 871
1570 1927 872
180 182 873
364 365 874
2 594 875
451 534 876
826 932 877
1377 1379 878
237 940 879
612 1690 880
1614 1845 881
141 239 882
448 642 883
33 729 884
612 1689 885
400 2052 886
576 1219 887
136 1490 888
658 1075 889
1444 1922 890
40 1608 891
63 315 892
556 928 893
617 756 894
908 1053 895
32 33 896
280 1140 897
381 620 898
272 1184 899
399 401 900
729 730 901
237 939 902
450 451 903
1044 1999 904
103 750 905
456 1749 906
730 1318 907
675 677 908
258 1612 909
456 986 910
1614 1958 911
54 68 912
123 686 913
556 748 914
1995 2038 915
686 1469 916
1119 1134 917
495 636 918
753 2023 919
252 839 920
488 636 921
617 1775 922
944 945 923
363 364 924
78 80 925
1378 1379 926
44 754 927
448 1314 928
148 1436 929
1929 1931 930
258 1172 931
796 1543 932
1653 1953 933
1876 1877 934
1380 1469 935
211 693 936
336 1426 937
362 1195 938
1179 1484 939
237 941 940
33 249 941
1044 1343 942
1385 1918 943
1569 1889 944
626 899 945
1445 1824 946
796 1425 947
579 649 948
63 607 949
709 919 950
753 1894 951
1929 1930 952
710 1061 953
349 681 954
141 142 955
1771 1832 956
852 1940 957
237 1139 958
1263 1426 959
420 943 960
298 621 961
753 1635 962
579 1852 963
252 253 964
557 1360 965
1995 2037 966
290 927 967
556 630 968
1157 1158 969
351 696 970
142 239 971
80 730 972
84 280 973
571 1857 974
750 751 975
603 1414 976
739 1922 977
78 661 978
1445 1447 979
450 453 980
664 665 981
682 834 982
1931 1932 983
32 249 984
420 556 985
356 1131 986
1358 1774 987
644 1309 988
290 664 989
1044 1995 990
51 239 991
333 486 992
400 1995 993
419 1952 994
739 1444 995
279 1503 996
2 577 997
50 1162 998
569 627 999
736 1480 1000
1774 1813 1001
91 1811 1002
413 919 1003
320 321 1004
251 252 1005
675 676 1006
290 532 1007
160 916 1008
940 941 1009
277 1490 1010
1380 1468 1011
80 669 1012
557 2048 1013
722 933 1014
753 1141 1015
1468 1469 1016
1689 1690 1017
2000 2052 1018
29 679 1019
129 946 1020
658 1988 1021
1929 1932 1022
1614 1653 1023
753 821 1024
2 872 1025
1447 1448 1026
538 620 1027
1930 1932 1028
43 1026 1029
110 644 1030
339 1402 1031
67 321 1032
451 930 1033
710 711 1034
1930 1931 1035
611 1095 1036
32 729 1037
1157 1159 1038
44 1399 1039
388 647 1040
1929 1933 1041
1445 1466 1042
917 1516 1043
80 671 1044
495 1131 1045
1095 1790 1046
1119 1876 1047
333 487 1048
644 649 1049
136 831 1050
729 731 1051
530 1520 1052
131 660 1053
456 1166 1054
1161 1163 1055
1241 1907 1056
148 1789 1057
1158 1159 1058
156 682 1059
148 1401 1060
1044 1928 1061
1439 1454 1062
107 1323 1063
1474 1820 1064
569 916 1065
272 1185 1066
1401 1896 1067
1445 1448 1068
308 1289 1069
529 1360 1070
1467 1583 1071
1930 1933 1072
536 1179 1073
1044 1342 1074
400 401 1075
1958 1983 1076
533 927 1077
535 1520 1078
683 834 1079
27 379 1080
103 1403 1081
617 1783 1082
1161 1164 1083
730 732 1084
1999 2052 1085
80 670 1086
1995 2000 1087
526 936 1088
270 1494 1089
331 1179 1090
237 1202 1091
1999 2000 1092
44 232 1093
187 244 1094
1194 1195 1095
917 918 1096
31 1234 1097
148 1518 1098
400 1999 1099
839 1347 1100
299 1571 1101
676 677 1102
39 40 1103
44 567 1104
644 1310 1105
665 666 1106
682 683 1107
258 1493 1108
400 2000 1109
78 79 1110
922 924 1111
239 1200 1112
939 940 1113
343 1681 1114
745 746 1115
189 1605 1116
594 939 1117
603 614 1118
529 557 1119
730 731 1120
50 1161 1121
1919 1927 1122
126 1173 1123
1932 1933 1124
434 654 1125
349 1517 1126
448 1313 1127
729 732 1128
34 395 1129
356 637 1130
936 1513 1131
636 1132 1132
1144 1145 1133
237 907 1134
448 1307 1135
532 533 1136
255 1549 1137
78 918 1138
237 1201 1139
404 405 1140
133 660 1141
404 433 1142
331 751 1143
51 909 1144
105 1296 1145
676 1101 1146
1764 1765 1147
680 1168 1148
253 839 1149
475 1472 1150
915 1563 1151
239 909 1152
360 362 1153
249 729 1154
294 343 1155
681 1517 1156
1340 1341 1157
362 601 1158
575 1219 1159
128 356 1160
731 732 1161
252 1346 1162
29 72 1163
549 1263 1164
239 654 1165
686 1468 1166
922 923 1167
80 1318 1168
189 466 1169
419 1073 1170
1155 1488 1171
1358 1813 1172
1044 1794 1173
78 131 1174
1095 1682 1175
308 944 1176
450 452 1177
486 487 1178
258 632 1179
189 190 1180
189 1837 1181
394 397 1182
530 532 1183
617 1679 1184
272 1183 1185
1567 1568 1186
593 808 1187
648 1281 1188
466 467 1189
29 1405 1190
237 1187 1191
2 569 1192
27 378 1193
253 1346 1194
1346 1347 1195
1 27 1196
474 475 1197
934 1351 1198
1221 1484 1199
682 1659 1200
276 277 1201
636 1131 1202
337 347 1203
591 1561 1204
648 1257 1205
1425 1543 1206
242 475 1207
304 619 1208
331 1474 1209
258 2025 1210
338 1203 1211
29 1377 1212
152 242 1213
356 357 1214
839 1346 1215
603 613 1216
34 63 1217
252 1347 1218
1931 1933 1219
716 1153 1220
659 661 1221
653 927 1222
378 379 1223
78 132 1224
34 1583 1225
126 1174 1226
914 1563 1227
1439 1533 1228
520 1489 1229
664 666 1230
2037 2038 1231
939 941 1232
424 425 1233
2 1139 1234
147 148 1235
233 1923 1236
534 930 1237
400 1928 1238
2 3 1239
136 613 1240
538 973 1241
148 1148 1242
356 905 1243
79 917 1244
1221 1562 1245
19 51 1246
156 1642 1247
654 826 1248
494 495 1249
80 131 1250
757 1571 1251
1155 1487 1252
78 917 1253
532 535 1254
551 909 1255
1572 1573 1256
462 512 1257
148 496 1258
485 1108 1259
1195 1920 1260
253 1347 1261
551 705 1262
751 921 1263
1979 1984 1264
388 646 1265
1470 1471 1266
51 652 1267
181 448 1268
79 660 1269
467 1503 1270
744 746 1271
927 1045 1272
909 1326 1273
54 1386 1274
338 1372 1275
475 1684 1276
682 1642 1277
761 1416 1278
134 661 1279
434 826 1280
686 1921 1281
1335 1336 1282
189 629 1283
644 1345 1284
1269 1565 1285
536 1484 1286
400 1342 1287
685 686 1288
578 579 1289
165 711 1290
316 1537 1291
400 1343 1292
659 660 1293
532 927 1294
79 918 1295
536 1562 1296
447 448 1297
105 934 1298
51 371 1299
187 907 1300
1342 2000 1301
1569 1570 1302
136 407 1303
87 485 1304
448 1529 1305
598 1523 1306
1155 1486 1307
270 1366 1308
35 914 1309
620 1554 1310
1995 2039 1311
1486 1487 1312
879 881 1313
1155 1530 1314
244 1145 1315
191 761 1316
716 1027 1317
29 1379 1318
648 1500 1319
488 506 1320
554 644 1321
934 1350 1322
1343 2000 1323
593 594 1324
270 314 1325
852 1392 1326
638 1248 1327
579 1528 1328
1268 1269 1329
246 915 1330
1320 1371 1331
187 277 1332
141 816 1333
450 1385 1334
580 581 1335
745 747 1336
338 473 1337
1928 2000 1338
258 293 1339
1268 1565 1340
1486 1488 1341
29 1378 1342
1180 1181 1343
536 1221 1344
1162 1164 1345
612 717 1346
110 1345 1347
686 1325 1348
669 670 1349
1027 1153 1350
1162 1163 1351
701 1225 1352
1201 1202 1353
1114 1669 1354
244 1144 1355
839 1854 1356
1473 1474 1357
1995 1999 1358
1155 1965 1359
258 624 1360
388 1934 1361
51 722 1362
881 1863 1363
1441 1849 1364
110 554 1365
239 435 1366
63 1195 1367
148 1986 1368
1155 1666 1369
1241 1242 1370
123 1176 1371
343 473 1372
67 320 1373
1401 1799 1374
338 1586 1375
29 95 1376
448 1224 1377
84 217 1378
84 407 1379
633 1133 1380
1095 1683 1381
934 1269 1382
598 599 1383
1687 1688 1384
338 1569 1385
51 152 1386
110 1189 1387
2 1477 1388
306 419 1389
1484 1562 1390
936 1440 1391
258 308 1392
356 1255 1393
478 722 1394
107 1568 1395
654 932 1396
136 603 1397
258 1053 1398
1239 1854 1399
50 920 1400
131 133 1401
388 833 1402
839 1239 1403
909 1146 1404
31 403 1405
130 339 1406
448 1165 1407
495 1132 1408
50 313 1409
331 788 1410
532 534 1411
535 927 1412
788 1179 1413
820 1577 1414
356 1240 1415
760 969 1416
988 1349 1417
43 1988 1418
63 1920 1419
1044 1974 1420
2 925 1421
923 924 1422
165 1060 1423
670 671 1424
10 1007 1425
420 1171 1426
554 1345 1427
239 705 1428
396 1014 1429
472 860 1430
669 671 1431
30 31 1432
187 613 1433
136 282 1434
2 1169 1435
2 623 1436
34 520 1437
96 488 1438
27 66 1439
1383 1384 1440
290 1253 1441
53 358 1442
371 373 1443
136 614 1444
239 359 1445
1180 1182 1446
219 1365 1447
34 342 1448
51 359 1449
215 1975 1450
31 331 1451
474 591 1452
808 1143 1453
442 657 1454
993 1336 1455
705 909 1456
1154 1155 1457
1156 1159 1458
684 1035 1459
950 1984 1460
605 657 1461
715 1027 1462
1269 2024 1463
79 80 1464
337 458 1465
338 1889 1466
1155 1980 1467
2037 2039 1468
289 530 1469
2038 2039 1470
385 1362 1471
11 753 1472
2 1883 1473
82 84 1474
420 928 1475
267 268 1476
79 133 1477
289 534 1478
2 1147 1479
136 283 1480
134 165 1481
715 716 1482
297 298 1483
27 72 1484
27 951 1485
1038 1185 1486
548 549 1487
165 710 1488
1340 1764 1489
1159 1527 1490
2 1580 1491
1985 1986 1492
1219 1384 1493
475 1673 1494
744 745 1495
83 84 1496
704 820 1497
1242 1243 1498
136 715 1499
970 1772 1500
1131 1132 1501
28 686 1502
36 1361 1503
533 1253 1504
1038 1184 1505
1412 1425 1506
21 23 1507
193 580 1508
1184 1185 1509
1340 1343 1510
1183 1184 1511
1351 1352 1512
1403 1404 1513
744 747 1514
788 985 1515
268 929 1516
289 535 1517
79 131 1518
107 1567 1519
419 1305 1520
473 1889 1521
1530 1980 1522
51 1231 1523
1194 1920 1524
19 85 1525
74 1277 1526
436 1180 1527
331 1178 1528
136 406 1529
237 355 1530
112 368 1531
950 1979 1532
1321 1323 1533
2 1170 1534
348 349 1535
1269 1611 1536
239 1367 1537
270 1415 1538
103 1404 1539
105 1227 1540
1038 1183 1541
1139 1332 1542
72 255 1543
420 1391 1544
569 834 1545
274 1248 1546
111 762 1547
1296 2008 1548
1009 1031 1549
111 1238 1550
1269 1351 1551
475 1288 1552
1392 1496 1553
613 614 1554
1219 1383 1555
361 362 1556
105 1225 1557
34 1195 1558
76 1097 1559
1143 1362 1560
1293 1320 1561
81 84 1562
131 661 1563
105 935 1564
2 408 1565
484 485 1566
134 706 1567
686 687 1568
268 1831 1569
704 1577 1570
448 1239 1571
830 1187 1572
704 860 1573
620 1504 1574
304 1917 1575
1195 1982 1576
1183 1185 1577
198 566 1578
656 778 1579
136 1149 1580
1241 1243 1581
676 2019 1582
270 1442 1583
2 1332 1584
34 1193 1585
3 268 1586
50 1300 1587
282 283 1588
216 217 1589
371 372 1590
1488 1530 1591
511 1295 1592
761 1409 1593
715 1153 1594
1225 1227 1595
1320 1323 1596
549 1992 1597
31 1668 1598
1343 1995 1599
27 1087 1600
84 445 1601
686 1364 1602
340 342 1603
591 1673 1604
488 1762 1605
112 1615 1606
405 433 1607
387 388 1608
1928 1999 1609
1022 1669 1610
1387 1388 1611
356 1365 1612
239 551 1613
756 1679 1614
3 872 1615
239 358 1616
236 237 1617
23 287 1618
1488 1980 1619
2 1375 1620
533 1520 1621
53 239 1622
356 1254 1623
1219 1382 1624
41 115 1625
969 970 1626
1044 1998 1627
1181 1182 1628
148 1492 1629
296 297 1630
51 1232 1631
27 377 1632
478 933 1633
601 1195 1634
94 195 1635
418 419 1636
51 512 1637
72 1511 1638
534 1253 1639
112 755 1640
405 1329 1641
404 753 1642
1682 1683 1643
1155 1853 1644
359 1417 1645
1322 1323 1646
1382 1384 1647
1231 1232 1648
578 1528 1649
130 1402 1650
29 638 1651
23 1394 1652
1203 1586 1653
1495 1496 1654
27 481 1655
1412 1543 1656
105 1862 1657
393 394 1658
788 1485 1659
1269 1350 1660
1614 1929 1661
1342 1999 1662
1838 1914 1663
244 1339 1664
1382 1383 1665
289 290 1666
1320 1780 1667
1357 1358 1668
436 1182 1669
136 854 1670
136 1215 1671
1487 1488 1672
600 2002 1673
1763 1765 1674
132 661 1675
686 1176 1676
1342 1995 1677
105 1350 1678
762 1238 1679
1320 1781 1680
72 1549 1681
1343 1999 1682
1838 1915 1683
448 1324 1684
1642 1659 1685
410 617 1686
1488 1909 1687
338 1607 1688
2 53 1689
734 1389 1690
331 1484 1691
131 132 1692
341 342 1693
1780 1781 1694
51 435 1695
436 1181 1696
488 1334 1697
268 645 1698
644 1246 1699
291 1970 1700
405 1209 1701
134 497 1702
331 1473 1703
1044 1994 1704
27 429 1705
164 467 1706
1415 1442 1707
1838 1913 1708
1340 1342 1709
296 757 1710
1573 1574 1711
1348 1349 1712
131 134 1713
289 533 1714
134 498 1715
388 2004 1716
1400 1614 1717
1022 1114 1718
682 1348 1719
136 1387 1720
283 1149 1721
715 1388 1722
733 734 1723
541 542 1724
268 778 1725
1358 1866 1726
21 94 1727
1995 1997 1728
355 958 1729
525 1338 1730
27 375 1731
135 136 1732
65 1376 1733
525 1210 1734
246 914 1735
1138 1889 1736
136 281 1737
136 573 1738
472 1370 1739
1319 1322 1740
136 1388 1741
105 1351 1742
29 1220 1743
208 462 1744
215 1859 1745
1044 1996 1746
760 1772 1747
331 525 1748
291 1129 1749
105 1269 1750
23 113 1751
1022 1868 1752
1269 1505 1753
1343 1928 1754
63 1124 1755
715 1387 1756
331 985 1757
1319 1323 1758
34 910 1759
824 1425 1760
375 376 1761
1572 1574 1762
51 136 1763
134 167 1764
582 583 1765
1488 1724 1766
2 5 1767
824 1543 1768
2 236 1769
968 1889 1770
29 127 1771
123 465 1772
277 613 1773
246 304 1774
419 1130 1775
526 1245 1776
970 2034 1777
63 1194 1778
1194 1982 1779
376 377 1780
2 1264 1781
27 376 1782
63 1982 1783
682 1792 1784
1859 1975 1785
29 1549 1786
1995 1996 1787
29 204 1788
755 1615 1789
6 1242 1790
44 373 1791
105 1226 1792
540 583 1793
1994 1995 1794
51 116 1795
1274 1282 1796
483 485 1797
1342 1928 1798
1995 1998 1799
1044 1997 1800
85 86 1801
682 1793 1802
1221 1222 1803
88 1344 1804
51 241 1805
244 831 1806
1008 1031 1807
10 164 1808
375 377 1809
750 921 1810
872 909 1811
299 757 1812
331 536 1813
358 1397 1814
1928 1995 1815
23 409 1816
184 756 1817
1387 1491 1818
16 1975 1819
404 744 1820
682 1786 1821
304 1410 1822
1353 1357 1823
31 1233 1824
79 1237 1825
1710 1981 1826
331 1485 1827
383 385 1828
760 2032 1829
219 1254 1830
2 324 1831
382 973 1832
778 1667 1833
1353 1866 1834
385 1143 1835
1321 1322 1836
88 1310 1837
870 1139 1838
906 1254 1839
1161 1162 1840
29 1248 1841
136 1491 1842
179 344 1843
1203 1607 1844
1320 1779 1845
1364 1499 1846
525 1498 1847
1293 1371 1848
29 274 1849
291 508 1850
9 123 1851
290 1520 1852
34 1381 1853
387 1856 1854
656 1667 1855
626 983 1856
905 906 1857
1264 1265 1858
1320 1321 1859
156 1659 1860
547 549 1861
11 404 1862
242 1288 1863
237 248 1864
357 906 1865
597 600 1866
686 1499 1867
297 299 1868
11 268 1869
412 1376 1870
1031 1248 1871
16 215 1872
29 1511 1873
3 408 1874
88 1309 1875
715 1491 1876
532 1253 1877
1342 1343 1878
123 412 1879
1320 1322 1880
84 1300 1881
547 1992 1882
1388 1491 1883
136 202 1884
626 839 1885
551 1146 1886
1914 1915 1887
27 374 1888
388 1685 1889
1319 1320 1890
265 656 1891
361 520 1892
1319 1321 1893
3 5 1894
51 872 1895
406 407 1896
241 242 1897
456 457 1898
31 322 1899
374 375 1900
450 509 1901
282 1149 1902
346 484 1903
290 1032 1904
31 290 1905
265 778 1906
934 1227 1907
31 289 1908
298 757 1909
34 776 1910
839 983 1911
136 1257 1912
176 1776 1913
738 1368 1914
29 255 1915
406 592 1916
1244 1245 1917
331 524 1918
361 1489 1919
934 970 1920
406 593 1921
296 299 1922
299 402 1923
2 460 1924
48 1830 1925
547 548 1926
88 1345 1927
128 1221 1928
1849 2053 1929
298 299 1930
473 1569 1931
1375 1564 1932
769 1482 1933
1351 1505 1934
411 1176 1935
31 533 1936
89 90 1937
63 1193 1938
246 1917 1939
532 1520 1940
242 494 1941
1928 1998 1942
236 1160 1943
1282 1333 1944
1353 1826 1945
1342 1974 1946
988 1348 1947
1613 1614 1948
72 1056 1949
1354 1826 1950
2 1879 1951
824 1412 1952
756 1710 1953
838 839 1954
374 377 1955
265 1667 1956
383 384 1957
29 108 1958
769 1483 1959
1507 1508 1960
21 391 1961
1343 1998 1962
1974 1995 1963
72 1548 1964
455 456 1965
63 796 1966
127 1220 1967
362 1604 1968
1160 1258 1969
2 1089 1970
407 592 1971
44 372 1972
215 1858 1973
381 382 1974
132 134 1975
524 525 1976
1353 1358 1977
416 419 1978
1354 1358 1979
268 311 1980
374 376 1981
128 357 1982
384 385 1983
72 1266 1984
1350 1505 1985
484 1674 1986
738 959 1987
136 1948 1988
934 1248 1989
31 532 1990
156 1641 1991
31 288 1992
357 1221 1993
34 1230 1994
1343 1997 1995
2 248 1996
334 355 1997
27 501 1998
1994 1996 1999
872 2011 2000
1928 1974 2001
2 1265 2002
209 476 2003
65 412 2004
1203 1889 2005
1261 1262 2006
475 894 2007
108 1266 2008
459 1002 2009
393 397 2010
717 719 2011
568 569 2012
484 1606 2013
29 71 2014
1928 1996 2015
209 477 2016
489 1192 2017
1343 1974 2018
307 308 2019
38 1875 2020
905 1240 2021
1482 1483 2022
72 1610 2023
80 1237 2024
244 1058 2025
1350 1351 2026
63 520 2027
34 427 2028
717 718 2029
1343 1994 2030
2 323 2031
1776 1777 2032
2 1878 2033
474 1673 2034
1342 1998 2035
1996 1997 2036
90 91 2037
196 358 2038
549 766 2039
704 1951 2040
1210 1498 2041
1343 1996 2042
1334 1856 2043
44 350 2044
5 408 2045
196 359 2046
1127 1506 2047
37 462 2048
289 1253 2049
40 48 2050
474 894 2051
2 2011 2052
128 1222 2053
1928 1997 2054
1354 1355 2055
970 2033 2056
1155 1991 2057
1342 1994 2058
1878 1879 2059
1996 1998 2060
34 428 2061
1348 1623 2062
1928 1994 2063
833 2020 2064
354 355 2065
526 1244 2066
410 1630 2067
1155 2018 2068
37 38 2069
1058 1059 2070
152 1256 2071
91 489 2072
191 1535 2073
215 1860 2074
1356 1358 2075
232 234 2076
268 312 2077
381 1052 2078
540 1620 2079
1342 1996 2080
129 130 2081
970 1540 2082
1994 1997 2083
123 411 2084
340 341 2085
837 838 2086
63 361 2087
23 74 2088
1254 1365 2089
1 1152 2090
71 1266 2091
760 2034 2092
970 1247 2093
1342 1997 2094
246 1563 2095
16 1859 2096
94 194 2097
357 1222 2098
483 484 2099
34 1021 2100
72 204 2101
208 475 2102
307 1602 2103
950 1015 2104
406 512 2105
476 477 2106
289 532 2107
431 1249 2108
704 1627 2109
951 1087 2110
262 1022 2111
331 1233 2112
349 1014 2113
1155 2017 2114
1994 1998 2115
5 872 2116
331 1462 2117
129 459 2118
323 324 2119
72 108 2120
410 756 2121
176 1777 2122
34 912 2123
215 1840 2124
71 72 2125
324 1089 2126
307 771 2127
418 1130 2128
105 1505 2129
42 44 2130
968 1203 2131
268 1259 2132
330 337 2133
1401 1797 2134
357 905 2135
1247 1248 2136
29 1266 2137
94 95 2138
1997 1998 2139
15 215 2140
1218 1675 2141
1236 1237 2142
385 949 2143
214 970 2144
6 1243 2145
63 601 2146
771 1602 2147
308 1602 2148
427 428 2149
603 1948 2150
605 606 2151
1 1597 2152
934 1225 2153
388 1600 2154
1155 1990 2155
79 1236 2156
824 825 2157
1353 1861 2158
308 771 2159
80 1236 2160
143 1260 2161
484 633 2162
388 1334 2163
539 542 2164
410 1776 2165
760 2033 2166
1354 1356 2167
71 108 2168
21 195 2169
130 1127 2170
353 355 2171
756 1741 2172
209 210 2173
358 359 2174
1763 1764 2175
814 1107 2176
512 593 2177
288 1032 2178
600 1333 2179
744 1534 2180
34 1229 2181
34 340 2182
388 1856 2183
456 565 2184
1155 1733 2185
1600 2004 2186
331 1461 2187
1356 1826 2188
452 509 2189
136 512 2190
443 444 2191
402 757 2192
970 1248 2193
124 202 2194
74 1262 2195
459 1911 2196
89 91 2197
53 462 2198
837 839 2199
63 316 2200
16 1858 2201
27 391 2202
1488 1601 2203
431 432 2204
1642 1786 2205
279 466 2206
311 312 2207
410 538 2208
1002 1911 2209
1858 1859 2210
814 1252 2211
317 318 2212
1400 1613 2213
1107 1252 2214
199 872 2215
2 870 2216
36 1616 2217
288 1253 2218
72 1408 2219
288 533 2220
385 432 2221
1797 1798 2222
296 298 2223
993 1137 2224
6 1241 2225
969 2034 2226
1710 1741 2227
29 94 2228
72 454 2229
934 1247 2230
71 454 2231
63 602 2232
72 107 2233
43 754 2234
1974 1998 2235
520 1604 2236
1796 1812 2237
242 1625 2238
1235 1534 2239
1974 1997 2240
350 373 2241
1772 2034 2242
36 914 2243
81 82 2244
969 1772 2245
1574 1664 2246
34 589 2247
44 371 2248
410 1662 2249
1353 1356 2250
288 290 2251
247 248 2252
1539 1796 2253
51 604 2254
454 1408 2255
35 36 2256
1859 1860 2257
1974 1996 2258
323 1089 2259
63 360 2260
211 284 2261
129 1670 2262
442 714 2263
1358 1861 2264
43 1399 2265
34 210 2266
73 74 2267
1764 1794 2268
74 1261 2269
1974 1994 2270
15 16 2271
38 462 2272
143 1223 2273
920 1300 2274
1792 1793 2275
31 563 2276
236 939 2277
1763 1794 2278
76 77 2279
383 949 2280
1353 1354 2281
2 199 2282
1350 1862 2283
136 593 2284
313 920 2285
353 354 2286
157 158 2287
1709 1710 2288
241 1510 2289
508 509 2290
11 1807 2291
34 341 2292
383 386 2293
63 1537 2294
206 1599 2295
210 476 2296
539 540 2297
288 534 2298
206 1598 2299
34 361 2300
145 1260 2301
385 386 2302
29 1408 2303
129 547 2304
783 1259 2305
801 1298 2306
199 460 2307
1539 1812 2308
1858 1860 2309
191 685 2310
1598 1599 2311
77 108 2312
197 475 2313
833 2004 2314
77 1274 2315
6 9 2316
1213 1259 2317
204 206 2318
1840 1859 2319
833 1270 2320
334 354 2321
410 1777 2322
236 594 2323
801 1297 2324
1348 1793 2325
31 564 2326
1991 2018 2327
139 325 2328
411 465 2329
1990 2018 2330
81 83 2331
124 136 2332
313 1300 2333
16 1860 2334
1037 1235 2335
2017 2018 2336
34 1604 2337
289 564 2338
858 1873 2339
330 347 2340
1772 2033 2341
204 1599 2342
370 398 2343
1401 1798 2344
1356 1861 2345
1990 1991 2346
704 1541 2347
1991 2017 2348
1129 1970 2349
1019 1020 2350
143 430 2351
1733 2018 2352
268 1213 2353
198 475 2354
74 1501 2355
1538 1539 2356
334 336 2357
911 912 2358
211 285 2359
1079 1512 2360
404 1534 2361
1990 2017 2362
744 1235 2363
411 412 2364
72 501 2365
210 477 2366
204 1079 2367
734 1598 2368
160 163 2369
836 838 2370
445 1547 2371
1733 1990 2372
1733 1991 2373
143 145 2374
445 446 2375
176 410 2376
108 501 2377
369 370 2378
685 1535 2379
1724 1909 2380
532 564 2381
71 107 2382
145 430 2383
204 1855 2384
242 495 2385
288 289 2386
1733 2017 2387
107 108 2388
136 604 2389
208 242 2390
603 604 2391
833 1600 2392
1512 1855 2393
1079 1855 2394
734 1599 2395
59 60 2396
532 563 2397
1599 1855 2398
143 256 2399
268 783 2400
11 200 2401
7 389 2402
836 839 2403
1206 1663 2404
241 1527 2405
533 564 2406
1510 1527 2407
144 1260 2408
71 501 2409
198 781 2410
685 687 2411
143 144 2412
206 1855 2413
211 212 2414
213 970 2415
289 563 2416
206 734 2417
1203 2035 2418
63 1604 2419
801 1299 2420
1203 2036 2421
16 1840 2422
194 195 2423
15 1859 2424
1908 1909 2425
43 567 2426
145 1223 2427
993 1663 2428
1512 1599 2429
206 1079 2430
256 390 2431
360 361 2432
463 464 2433
1298 1299 2434
14 15 2435
1079 1599 2436
129 458 2437
204 1512 2438
704 1626 2439
569 1910 2440
1786 1792 2441
206 1512 2442
1973 1974 2443
143 390 2444
1254 1742 2445
8 389 2446
51 603 2447
1972 1974 2448
130 1670 2449
144 430 2450
1348 1792 2451
77 598 2452
99 160 2453
11 1464 2454
197 474 2455
36 915 2456
432 1906 2457
1840 1858 2458
74 464 2459
489 1622 2460
969 1540 2461
1461 1462 2462
160 161 2463
53 460 2464
74 463 2465
795 1054 2466
14 16 2467
53 199 2468
245 246 2469
563 564 2470
1297 1299 2471
335 336 2472
461 462 2473
197 198 2474
442 444 2475
969 2033 2476
165 497 2477
533 563 2478
143 503 2479
77 1408 2480
288 532 2481
442 443 2482
1254 1732 2483
1786 1793 2484
144 145 2485
385 1906 2486
317 1544 2487
993 1206 2488
1544 1916 2489
9 389 2490
290 564 2491
2033 2034 2492
165 498 2493
460 462 2494
718 719 2495
317 1916 2496
950 1014 2497
159 160 2498
1840 1860 2499
334 353 2500
132 412 2501
34 209 2502
990 1544 2503
1724 1908 2504
990 1916 2505
410 1945 2506
38 53 2507
412 465 2508
951 1251 2509
15 1858 2510
893 968 2511
214 969 2512
144 1223 2513
288 563 2514
317 1546 2515
1544 1545 2516
460 461 2517
831 1058 2518
836 837 2519
161 163 2520
569 870 2521
15 1860 2522
7 9 2523
29 454 2524
361 1604 2525
459 1670 2526
123 132 2527
704 1246 2528
107 501 2529
497 498 2530
1527 1574 2531
589 1229 2532
53 461 2533
795 1055 2534
336 1090 2535
123 131 2536
589 1230 2537
290 563 2538
317 990 2539
446 1547 2540
990 1545 2541
288 564 2542
1348 1786 2543
1544 1546 2544
1208 1209 2545
159 163 2546
1051 1542 2547
1050 1051 2548
15 1840 2549
159 161 2550
1054 1055 2551
1213 1628 2552
1527 1664 2553
134 1621 2554
1229 1230 2555
404 1235 2556
134 207 2557
330 1018 2558
8 9 2559
74 1678 2560
132 411 2561
601 602 2562
870 1910 2563
214 1540 2564
42 43 2565
317 1545 2566
94 1609 2567
40 46 2568
213 1540 2569
836 1550 2570
198 208 2571
990 1546 2572
1230 1536 2573
40 47 2574
160 162 2575
198 242 2576
284 285 2577
1050 1542 2578
1014 1015 2579
132 465 2580
604 1948 2581
392 968 2582
241 1664 2583
241 1574 2584
213 969 2585
6 8 2586
74 409 2587
298 402 2588
6 7 2589
99 163 2590
72 77 2591
259 263 2592
161 162 2593
162 163 2594
207 1621 2595
1889 2035 2596
168 169 2597
169 490 2598
213 214 2599
508 517 2600
1732 1742 2601
99 161 2602
40 45 2603
195 807 2604
329 330 2605
1889 2036 2606
169 170 2607
145 503 2608
392 893 2609
47 48 2610
94 1947 2611
159 162 2612
99 159 2613
2035 2036 2614
94 2003 2615
212 284 2616
45 48 2617
545 546 2618
168 170 2619
170 490 2620
543 546 2621
94 505 2622
261 263 2623
7 8 2624
259 262 2625
144 503 2626
56 2040 2627
544 546 2628
259 261 2629
46 48 2630
74 1677 2631
1609 1947 2632
1609 2003 2633
544 545 2634
262 263 2635
508 515 2636
505 1609 2637
261 262 2638
543 545 2639
212 285 2640
99 162 2641
46 47 2642
505 2003 2643
1947 2003 2644
45 47 2645
1617 1618 2646
1046 1618 2647
259 260 2648
505 1947 2649
260 263 2650
543 544 2651
260 262 2652
45 46 2653
260 261 2654
1116 1618 2655
1117 1618 2656
1677 1678 2657
1046 1617 2658
1117 1617 2659
1116 1617 2660
1046 1117 2661
1116 1117 2662
1046 1116 2663
