684 690 1
684 1800 2
684 1801 3
684 1802 4
684 1805 5
1175 1458 6
102 1904 7
1800 1801 8
1801 1802 9
380 396 10
1800 1802 11
380 1785 12
684 1804 13
102 1898 14
690 1802 15
1419 1578 16
1904 1905 17
1190 1191 18
237 1196 19
690 1800 20
1191 1926 21
102 1960 22
728 1191 23
1458 1459 24
690 1801 25
1361 1748 26
102 1959 27
44 658 28
396 1745 29
237 658 30
1745 1747 31
1898 1960 32
396 1755 33
1745 1746 34
137 1834 35
380 1843 36
1175 1459 37
380 1746 38
1898 1959 39
183 684 40
1575 1720 41
102 1902 42
684 1427 43
380 1747 44
1552 1827 45
728 1926 46
380 1842 47
69 1578 48
137 1457 49
380 1745 50
191 1555 51
1746 1747 52
728 1968 53
102 1899 54
44 1196 55
1459 1757 56
396 1747 57
1136 1459 58
102 1905 59
1959 1960 60
728 1967 61
1748 1749 62
315 583 63
1432 1720 64
396 1989 65
44 569 66
1967 1968 67
1968 1969 68
93 1834 69
1404 1768 70
1636 1720 71
1752 1753 72
488 740 73
684 755 74
1804 1805 75
137 138 76
237 569 77
315 1782 78
684 1035 79
103 678 80
1720 1961 81
191 761 82
2 187 83
44 237 84
703 1720 85
393 396 86
315 362 87
380 1438 88
137 1315 89
644 1196 90
697 1328 91
728 1969 92
761 1409 93
338 339 94
380 1640 95
420 943 96
1720 1819 97
315 1821 98
678 1761 99
137 938 100
93 137 101
44 1398 102
189 1605 103
1463 1753 104
48 438 105
688 690 106
1404 1767 107
1361 1962 108
191 1409 109
1753 1769 110
1481 1966 111
1759 1761 112
1432 1819 113
189 190 114
1557 1828 115
760 1773 116
189 1837 117
44 268 118
1755 1809 119
396 1803 120
655 1557 121
703 1432 122
689 690 123
1899 1902 124
1967 1969 125
54 1481 126
2 237 127
678 1450 128
690 1771 129
396 1987 130
697 1228 131
189 629 132
396 397 133
598 599 134
922 1833 135
943 982 136
191 1556 137
237 1139 138
51 371 139
279 713 140
394 396 141
44 1784 142
1450 1761 143
44 1421 144
655 1828 145
315 316 146
1404 1976 147
102 1886 148
576 1755 149
44 1900 150
1196 1302 151
569 1421 152
1108 1455 153
1803 1989 154
44 1744 155
54 1966 156
727 728 157
1373 1720 158
1416 1591 159
598 1523 160
396 1821 161
688 689 162
362 583 163
1359 1791 164
189 466 165
315 1537 166
488 507 167
726 728 168
1753 1823 169
943 1585 170
1427 2005 171
900 931 172
44 1589 173
1459 1638 174
913 915 175
1640 1842 176
678 1452 177
697 1327 178
728 1845 179
971 1421 180
1369 1552 181
84 1459 182
1575 1636 183
1459 1460 184
187 237 185
2 569 186
290 743 187
655 1436 188
1640 1843 189
44 1139 190
703 1819 191
943 1514 192
705 1559 193
63 315 194
103 1450 195
712 713 196
663 678 197
44 1901 198
237 258 199
1795 1809 200
279 1814 201
583 1782 202
237 1589 203
44 898 204
237 355 205
690 915 206
362 396 207
279 705 208
794 1164 209
794 1592 210
304 900 211
713 1815 212
794 1163 213
658 1589 214
794 2050 215
103 1761 216
290 533 217
237 594 218
1842 1843 219
1592 2050 220
290 530 221
237 1421 222
576 1809 223
926 927 224
50 123 225
753 2012 226
44 754 227
44 1418 228
178 655 229
44 1890 230
102 103 231
1821 1822 232
362 1821 233
1432 1884 234
1555 1556 235
44 1770 236
760 2032 237
1559 1637 238
2 1421 239
520 1821 240
183 1427 241
1403 1404 242
178 1557 243
44 1413 244
1228 1328 245
801 1298 246
1416 1603 247
93 1515 248
44 1026 249
237 939 250
177 178 251
300 672 252
1163 2050 253
594 1317 254
44 639 255
1043 1880 256
1136 1757 257
84 1638 258
396 691 259
299 773 260
697 1433 261
1369 1827 262
1438 1843 263
237 610 264
1159 1525 265
690 1754 266
237 1890 267
1432 1885 268
1450 1453 269
672 673 270
3 1142 271
290 531 272
583 1821 273
215 1825 274
356 740 275
531 535 276
617 756 277
650 743 278
1438 1640 279
1298 1299 280
1449 1450 281
237 504 282
531 650 283
794 2051 284
1814 1815 285
761 1416 286
922 973 287
1369 1925 288
900 1304 289
1043 1881 290
236 237 291
1525 1888 292
507 927 293
940 941 294
84 1460 295
582 583 296
44 610 297
520 1822 298
279 1815 299
1637 1806 300
955 1316 301
576 1219 302
751 1886 303
88 1196 304
672 1847 305
44 233 306
419 1303 307
926 1639 308
672 1553 309
3 268 310
237 1026 311
756 1020 312
44 1924 313
533 743 314
420 1132 315
300 673 316
420 556 317
628 672 318
1119 1134 319
690 966 320
1164 2050 321
63 362 322
806 1311 323
338 1203 324
658 1139 325
502 735 326
801 1297 327
270 1415 328
672 674 329
663 1452 330
1765 1880 331
3 1475 332
1327 1328 333
1553 1847 334
927 1639 335
2044 2049 336
44 641 337
1228 1433 338
1369 2010 339
1335 1336 340
1336 1882 341
1958 1983 342
102 751 343
635 740 344
728 1958 345
753 1894 346
2012 2022 347
531 743 348
96 488 349
475 620 350
801 1299 351
1163 2051 352
1173 1359 353
531 534 354
678 751 355
572 1432 356
1124 1432 357
753 2022 358
2050 2051 359
631 1424 360
1438 1842 361
237 1418 362
1296 2008 363
396 637 364
628 1553 365
268 1831 366
103 751 367
1174 1359 368
103 1404 369
1964 2049 370
1592 2051 371
530 650 372
1880 1881 373
751 1761 374
290 650 375
290 535 376
290 1590 377
751 1450 378
237 907 379
594 941 380
899 900 381
54 931 382
1297 1299 383
1228 1327 384
423 1451 385
1765 1881 386
1043 1765 387
531 1584 388
507 926 389
644 1852 390
2 438 391
44 1399 392
316 1537 393
680 1818 394
1163 1592 395
530 743 396
534 650 397
2 1139 398
530 533 399
272 1385 400
594 940 401
1167 1502 402
304 1410 403
507 922 404
753 2021 405
1526 1888 406
420 1171 407
3 937 408
48 1020 409
423 1808 410
530 531 411
690 1788 412
187 613 413
237 639 414
535 650 415
1441 1849 416
362 668 417
697 698 418
1043 1340 419
44 971 420
123 1964 421
488 1762 422
44 567 423
44 371 424
1164 2051 425
136 613 426
673 674 427
1760 1761 428
239 932 429
270 1442 430
642 1314 431
43 44 432
420 1391 433
1159 1888 434
50 1164 435
540 583 436
628 1847 437
915 1563 438
531 1590 439
726 727 440
44 232 441
110 644 442
183 1594 443
237 1770 444
1815 1816 445
1159 1526 446
530 1590 447
237 940 448
534 1590 449
43 237 450
339 1402 451
638 1316 452
1119 1396 453
531 533 454
31 402 455
156 1159 456
1814 1816 457
246 304 458
594 939 459
130 339 460
448 1314 461
594 936 462
93 1393 463
507 1639 464
631 748 465
279 1816 466
475 1684 467
698 1136 468
773 1558 469
1164 1592 470
290 534 471
556 1479 472
44 1102 473
725 1521 474
728 2026 475
396 1015 476
187 277 477
1524 1525 478
176 1776 479
388 647 480
103 1759 481
219 488 482
338 1586 483
530 535 484
594 1151 485
939 941 486
534 743 487
1421 1422 488
2012 2023 489
187 907 490
647 1934 491
740 1434 492
1361 1576 493
448 642 494
286 339 495
1771 1832 496
2022 2023 497
304 619 498
905 906 499
1689 1690 500
1765 2047 501
1964 2044 502
180 183 503
450 1385 504
502 705 505
44 372 506
682 683 507
1173 1174 508
630 631 509
1043 1044 510
556 631 511
1163 1480 512
134 1060 513
136 277 514
191 1535 515
393 397 516
1849 2053 517
176 1777 518
290 451 519
2 594 520
530 534 521
279 502 522
304 1917 523
535 927 524
245 246 525
236 594 526
381 475 527
19 85 528
1385 1918 529
237 641 530
1478 1479 531
388 646 532
939 940 533
220 396 534
438 1429 535
299 757 536
362 1822 537
533 1590 538
736 1163 539
725 1686 540
1303 1361 541
753 1635 542
525 1444 543
1253 1441 544
650 1590 545
662 663 546
134 710 547
594 1147 548
160 467 549
612 1593 550
658 1026 551
438 475 552
610 641 553
452 453 554
533 650 555
547 946 556
1095 1682 557
51 872 558
679 1818 559
575 576 560
36 1361 561
676 1823 562
237 1147 563
396 950 564
1043 2047 565
1416 1425 566
720 721 567
129 728 568
290 927 569
594 1150 570
620 1429 571
534 535 572
1525 1526 573
646 647 574
362 607 575
530 1584 576
1133 1308 577
1163 1164 578
105 1296 579
156 1404 580
728 1653 581
448 1306 582
520 668 583
451 535 584
136 237 585
452 509 586
1524 1526 587
638 955 588
1415 1442 589
1776 1777 590
156 1525 591
533 535 592
142 239 593
50 1163 594
246 1917 595
42 44 596
1164 1480 597
423 806 598
579 1852 599
268 778 600
356 396 601
743 1887 602
879 881 603
1166 1502 604
2 236 605
1416 2001 606
1073 1303 607
650 1584 608
611 1095 609
1774 1813 610
712 1848 611
736 1164 612
219 740 613
338 1607 614
533 927 615
246 1563 616
126 1173 617
594 1579 618
668 1435 619
75 1950 620
736 1480 621
488 1334 622
239 1417 623
679 680 624
279 466 625
1313 1314 626
394 397 627
357 905 628
297 299 629
971 1422 630
413 695 631
1351 1352 632
475 1429 633
182 183 634
237 941 635
420 928 636
475 635 637
1159 1524 638
338 1372 639
743 1590 640
44 425 641
475 591 642
84 1471 643
337 351 644
103 1551 645
579 644 646
756 1741 647
91 1811 648
591 1950 649
796 1416 650
708 709 651
267 268 652
626 900 653
1044 1880 654
399 400 655
612 1690 656
219 356 657
451 533 658
393 394 659
728 1614 660
75 591 661
237 248 662
371 1423 663
123 2044 664
727 752 665
488 506 666
646 1867 667
707 709 668
40 1891 669
451 531 670
725 1337 671
753 2023 672
31 1668 673
1044 1340 674
881 1863 675
656 657 676
63 316 677
707 708 678
123 2049 679
712 1846 680
709 919 681
156 1527 682
1203 1586 683
971 1102 684
1044 2047 685
40 1608 686
705 1835 687
183 1177 688
413 694 689
612 1682 690
1953 1954 691
569 916 692
1044 1765 693
84 280 694
756 1710 695
609 610 696
1135 1136 697
533 534 698
2021 2023 699
507 1596 700
218 709 701
591 1949 702
388 1934 703
1119 1877 704
417 419 705
913 914 706
1949 1950 707
612 1689 708
88 644 709
268 645 710
50 1964 711
603 613 712
44 1422 713
631 699 714
704 860 715
973 1833 716
296 299 717
534 930 718
1269 1351 719
239 705 720
448 1307 721
103 1403 722
702 1416 723
1303 1576 724
1653 1954 725
239 654 726
1468 1469 727
400 401 728
413 919 729
575 1219 730
304 899 731
451 530 732
44 373 733
434 826 734
1475 1476 735
451 534 736
291 508 737
385 1578 738
3 872 739
993 1336 740
54 1588 741
93 279 742
579 649 743
1095 1790 744
1653 1953 745
63 607 746
475 1472 747
644 649 748
1380 1468 749
2037 2039 750
156 1526 751
450 452 752
2038 2039 753
63 1537 754
75 1949 755
413 414 756
709 1836 757
84 445 758
488 635 759
644 1309 760
1166 1167 761
438 620 762
1340 1765 763
450 509 764
610 639 765
1614 1958 766
180 182 767
530 1520 768
1239 1854 769
1351 1505 770
126 1174 771
2 1170 772
187 244 773
338 1569 774
753 1141 775
1044 1881 776
422 423 777
613 614 778
54 1957 779
751 1178 780
485 1108 781
80 1318 782
508 517 783
296 757 784
475 488 785
130 1402 786
1584 1590 787
556 622 788
237 1187 789
1380 1469 790
156 1524 791
617 1775 792
705 1903 793
742 743 794
1401 1896 795
237 523 796
268 929 797
1178 1179 798
142 932 799
610 658 800
165 711 801
419 1073 802
399 401 803
1253 1849 804
43 658 805
219 1255 806
2037 2038 807
1759 1760 808
299 1571 809
456 1749 810
451 452 811
1401 1798 812
400 2052 813
290 1584 814
658 738 815
438 1844 816
105 1862 817
682 834 818
218 220 819
438 1020 820
1158 1159 821
640 641 822
395 730 823
371 372 824
472 704 825
936 1513 826
43 1026 827
520 1435 828
220 709 829
741 743 830
442 714 831
751 1179 832
1919 1927 833
451 930 834
618 619 835
520 667 836
1470 1471 837
2 623 838
141 239 839
667 668 840
180 1177 841
413 634 842
724 725 843
39 1532 844
1884 1885 845
745 746 846
351 696 847
246 915 848
686 1469 849
356 905 850
33 249 851
279 467 852
2 1477 853
908 1053 854
1995 2039 855
1342 1999 856
448 1313 857
675 677 858
249 729 859
58 942 860
337 1963 861
371 1516 862
442 444 863
136 603 864
2 1883 865
1929 1930 866
103 1760 867
239 358 868
526 936 869
531 532 870
400 1342 871
236 939 872
362 520 873
425 658 874
658 1924 875
611 612 876
750 751 877
1401 1797 878
356 1255 879
434 932 880
626 899 881
58 1679 882
1150 1151 883
1203 1607 884
103 921 885
362 1195 886
612 1095 887
27 1155 888
556 630 889
698 1135 890
252 1346 891
1119 1876 892
872 909 893
296 297 894
615 966 895
2 1169 896
29 679 897
345 449 898
1151 1579 899
400 1999 900
54 68 901
451 453 902
641 1026 903
525 743 904
356 637 905
362 1435 906
1304 1619 907
33 729 908
290 664 909
1358 1774 910
1044 1341 911
2 577 912
253 1346 913
694 695 914
1439 1454 915
1308 1411 916
148 1436 917
1342 1343 918
644 1310 919
123 643 920
730 1318 921
639 641 922
676 1101 923
51 359 924
1343 1999 925
80 670 926
280 1140 927
965 966 928
333 486 929
448 1529 930
656 1188 931
63 1194 932
620 1504 933
556 748 934
1400 1613 935
1929 1932 936
442 443 937
936 1440 938
27 379 939
450 453 940
572 1124 941
486 487 942
1932 1933 943
420 873 944
448 1446 945
442 657 946
533 1520 947
944 945 948
556 749 949
1929 1933 950
359 1417 951
381 620 952
184 756 953
83 84 954
239 1200 955
290 1520 956
946 1582 957
1999 2052 958
642 1313 959
839 1346 960
105 1505 961
675 676 962
103 750 963
630 748 964
49 345 965
636 1132 966
1614 1845 967
2 1580 968
578 579 969
1929 1931 970
63 1195 971
360 362 972
615 616 973
400 1343 974
905 1240 975
1044 1343 976
2 925 977
290 532 978
474 475 979
1420 1428 980
1995 2037 981
400 1928 982
530 532 983
1342 2000 984
633 1133 985
189 873 986
839 1239 987
1342 1928 988
846 1896 989
1895 1896 990
2000 2052 991
556 928 992
820 1577 993
839 1854 994
680 1168 995
80 669 996
620 1554 997
39 40 998
103 1817 999
472 860 1000
219 1434 1001
475 1673 1002
730 732 1003
1682 1683 1004
1930 1932 1005
51 152 1006
84 217 1007
237 1202 1008
1157 1159 1009
686 1380 1010
405 1329 1011
642 1307 1012
148 1401 1013
156 806 1014
270 1366 1015
731 732 1016
927 1045 1017
63 1124 1018
1269 1505 1019
176 410 1020
1995 1999 1021
745 747 1022
252 253 1023
1127 1506 1024
270 314 1025
345 737 1026
448 1595 1027
846 1778 1028
239 359 1029
26 27 1030
1995 2000 1031
88 1344 1032
683 834 1033
1044 1342 1034
32 33 1035
34 395 1036
44 350 1037
1614 1929 1038
26 945 1039
642 1306 1040
922 923 1041
1269 1350 1042
134 711 1043
1437 1438 1044
51 241 1045
686 1468 1046
1930 1931 1047
371 373 1048
351 352 1049
1995 2038 1050
826 932 1051
639 640 1052
63 1920 1053
909 1326 1054
1930 1933 1055
704 1577 1056
533 1584 1057
729 732 1058
665 666 1059
617 1783 1060
136 1490 1061
922 924 1062
410 756 1063
1931 1933 1064
160 916 1065
756 1679 1066
757 1571 1067
396 1014 1068
1928 1999 1069
54 1386 1070
639 1026 1071
664 666 1072
400 2000 1073
733 734 1074
51 239 1075
1931 1932 1076
81 84 1077
241 242 1078
1375 1564 1079
31 403 1080
156 1465 1081
724 1686 1082
80 671 1083
845 846 1084
1614 2026 1085
443 444 1086
1343 2000 1087
80 730 1088
362 1489 1089
32 249 1090
337 1587 1091
383 385 1092
554 644 1093
51 242 1094
148 1518 1095
1350 1505 1096
445 446 1097
839 1347 1098
1797 1798 1099
51 909 1100
400 1995 1101
1401 1799 1102
914 1563 1103
535 1520 1104
693 752 1105
1181 1182 1106
1194 1195 1107
579 1528 1108
410 617 1109
751 921 1110
103 1810 1111
404 405 1112
1343 1928 1113
1044 1999 1114
49 737 1115
308 945 1116
58 973 1117
338 343 1118
421 423 1119
105 1351 1120
395 1318 1121
338 1889 1122
724 1521 1123
846 1912 1124
434 654 1125
2 872 1126
612 1790 1127
676 677 1128
1159 1527 1129
657 1188 1130
148 1895 1131
1346 1347 1132
3 408 1133
716 1153 1134
400 1044 1135
362 601 1136
788 1179 1137
1369 1519 1138
651 652 1139
644 1345 1140
1194 1920 1141
274 638 1142
1044 1928 1143
290 1032 1144
730 731 1145
405 433 1146
466 467 1147
948 966 1148
1538 1539 1149
219 1365 1150
617 1679 1151
1445 1824 1152
973 1186 1153
669 670 1154
734 1389 1155
450 451 1156
337 352 1157
617 1020 1158
608 1420 1159
710 711 1160
1425 1543 1161
252 1347 1162
475 894 1163
1269 1565 1164
333 487 1165
755 1615 1166
2 1147 1167
1044 2000 1168
1340 1341 1169
19 51 1170
272 1918 1171
608 1428 1172
338 473 1173
729 731 1174
130 1127 1175
253 839 1176
381 1052 1177
591 1684 1178
1445 1466 1179
112 755 1180
148 1896 1181
467 916 1182
1264 1265 1183
638 1031 1184
239 435 1185
1095 1683 1186
445 1547 1187
1180 1181 1188
252 839 1189
448 1224 1190
105 1269 1191
796 1543 1192
702 904 1193
78 661 1194
410 1776 1195
418 419 1196
1486 1487 1197
1350 1862 1198
1156 1159 1199
404 433 1200
1445 1448 1201
111 762 1202
246 914 1203
82 84 1204
237 1201 1205
156 566 1206
181 448 1207
973 1787 1208
704 820 1209
1155 1487 1210
29 638 1211
1180 1182 1212
1928 2000 1213
3 5 1214
1155 1486 1215
30 31 1216
654 826 1217
63 1982 1218
1155 1488 1219
1194 1982 1220
290 1253 1221
653 927 1222
148 1789 1223
638 1248 1224
88 1310 1225
748 749 1226
1306 1307 1227
664 665 1228
1044 1974 1229
1614 1653 1230
532 927 1231
110 1345 1232
148 496 1233
252 1612 1234
1044 1995 1235
1412 1543 1236
669 671 1237
946 1312 1238
48 1844 1239
603 1414 1240
1261 1262 1241
44 424 1242
410 1777 1243
448 1324 1244
349 1517 1245
39 946 1246
148 1148 1247
357 906 1248
681 1517 1249
32 729 1250
110 554 1251
253 1347 1252
2 1375 1253
569 834 1254
103 426 1255
762 1238 1256
2 870 1257
419 1130 1258
419 1305 1259
578 1528 1260
722 933 1261
993 1137 1262
355 958 1263
569 627 1264
923 924 1265
654 932 1266
845 1778 1267
289 530 1268
1162 1164 1269
129 547 1270
331 751 1271
51 116 1272
88 1309 1273
43 754 1274
2 248 1275
1219 1384 1276
105 1350 1277
495 740 1278
58 724 1279
43 1988 1280
1539 1812 1281
165 1060 1282
656 778 1283
448 1165 1284
1144 1145 1285
1710 1741 1286
370 398 1287
1155 1980 1288
165 710 1289
760 2034 1290
1268 1269 1291
239 1367 1292
337 347 1293
51 651 1294
908 2025 1295
473 1569 1296
591 1561 1297
251 252 1298
1484 1562 1299
729 730 1300
750 921 1301
419 1952 1302
532 535 1303
914 915 1304
110 1189 1305
105 934 1306
191 685 1307
192 618 1308
591 1472 1309
81 83 1310
63 360 1311
282 283 1312
356 608 1313
356 1365 1314
593 594 1315
134 165 1316
330 337 1317
26 944 1318
1530 1980 1319
136 244 1320
244 1144 1321
129 946 1322
1219 1382 1323
50 1162 1324
274 1248 1325
1340 1343 1326
1488 1530 1327
1269 2024 1328
1445 1447 1329
722 2054 1330
1161 1164 1331
1474 1820 1332
715 1153 1333
1044 1996 1334
29 1248 1335
520 1489 1336
1162 1163 1337
1487 1488 1338
1539 1796 1339
51 652 1340
547 548 1341
1139 1332 1342
147 148 1343
388 1685 1344
612 717 1345
239 909 1346
436 1182 1347
112 1615 1348
239 551 1349
1400 1614 1350
29 873 1351
236 1160 1352
554 1345 1353
1031 1248 1354
63 601 1355
670 671 1356
131 660 1357
129 130 1358
532 533 1359
1155 1530 1360
658 1075 1361
148 1492 1362
232 234 1363
272 1038 1364
336 1090 1365
331 1178 1366
1999 2000 1367
27 481 1368
268 312 1369
436 1181 1370
686 1176 1371
1350 1351 1372
2 1332 1373
268 311 1374
438 617 1375
356 1240 1376
715 716 1377
741 742 1378
1570 1919 1379
31 1233 1380
111 1238 1381
1241 1907 1382
51 722 1383
1161 1163 1384
283 1149 1385
289 290 1386
591 1123 1387
289 534 1388
532 534 1389
447 448 1390
1342 1995 1391
361 362 1392
105 935 1393
1131 1132 1394
568 569 1395
948 1363 1396
534 1253 1397
63 1193 1398
160 569 1399
123 686 1400
744 745 1401
131 132 1402
336 1426 1403
702 2001 1404
1358 1813 1405
1157 1158 1406
1412 1425 1407
258 308 1408
495 1132 1409
1488 1980 1410
404 753 1411
760 969 1412
1985 1986 1413
385 1143 1414
1 27 1415
27 375 1416
105 1226 1417
658 1988 1418
282 1149 1419
1387 1388 1420
838 839 1421
1796 1812 1422
1242 1243 1423
369 370 1424
335 336 1425
536 1562 1426
136 282 1427
293 720 1428
132 661 1429
676 2019 1430
136 1387 1431
1340 1342 1432
950 1984 1433
50 1161 1434
289 535 1435
1382 1384 1436
381 382 1437
536 1179 1438
475 1288 1439
26 308 1440
53 239 1441
349 681 1442
682 1659 1443
74 1277 1444
337 458 1445
1269 1611 1446
446 1547 1447
551 705 1448
77 1408 1449
549 1426 1450
870 1139 1451
27 378 1452
141 142 1453
478 722 1454
29 1465 1455
605 657 1456
705 909 1457
1179 1484 1458
418 1130 1459
1195 1920 1460
1467 1583 1461
148 1986 1462
252 258 1463
722 2055 1464
356 357 1465
830 1187 1466
2 1265 1467
508 509 1468
1044 1998 1469
1195 1982 1470
105 1227 1471
808 1143 1472
1387 1491 1473
1447 1448 1474
1342 1996 1475
1613 1614 1476
244 1145 1477
331 1179 1478
1342 1998 1479
760 1772 1480
244 1339 1481
1570 1927 1482
700 702 1483
148 1985 1484
233 1923 1485
642 1595 1486
715 1027 1487
293 721 1488
1444 1758 1489
724 1522 1490
1343 1998 1491
356 495 1492
1038 1183 1493
1219 1383 1494
636 1131 1495
26 1301 1496
716 1027 1497
947 948 1498
2 1264 1499
136 283 1500
1343 1995 1501
1444 2045 1502
31 322 1503
1444 2030 1504
973 1566 1505
950 1979 1506
1044 1997 1507
1320 1323 1508
1486 1488 1509
272 1183 1510
31 1234 1511
593 808 1512
220 587 1513
436 1180 1514
85 86 1515
1444 1922 1516
112 368 1517
27 376 1518
29 274 1519
272 1185 1520
27 377 1521
644 1246 1522
1154 1155 1523
1027 1153 1524
1954 1955 1525
27 1301 1526
551 909 1527
857 1396 1528
128 356 1529
760 2033 1530
1569 1570 1531
1444 1851 1532
642 1446 1533
277 613 1534
478 933 1535
31 743 1536
1038 1185 1537
65 1376 1538
495 636 1539
1183 1185 1540
1488 1601 1541
1155 1965 1542
31 331 1543
298 757 1544
824 1425 1545
437 438 1546
27 66 1547
839 983 1548
136 715 1549
1342 1974 1550
548 549 1551
374 375 1552
29 1379 1553
270 1494 1554
51 1231 1555
541 542 1556
1426 1581 1557
36 1616 1558
1343 1996 1559
1241 1242 1560
715 1388 1561
136 1149 1562
472 1370 1563
682 1642 1564
27 1087 1565
438 1250 1566
1221 1562 1567
410 1630 1568
906 1254 1569
87 485 1570
533 1253 1571
1995 1996 1572
1160 1258 1573
702 723 1574
796 1425 1575
1378 1379 1576
463 464 1577
131 134 1578
1878 1879 1579
1 1152 1580
495 635 1581
375 376 1582
1027 1406 1583
1263 1426 1584
724 1337 1585
5 872 1586
1388 1491 1587
123 1176 1588
81 82 1589
134 661 1590
215 1838 1591
11 268 1592
265 656 1593
484 633 1594
1377 1379 1595
1928 1995 1596
387 388 1597
29 1377 1598
1406 1407 1599
739 1444 1600
298 299 1601
1343 1997 1602
626 839 1603
88 1345 1604
1320 1780 1605
686 1499 1606
43 1399 1607
1155 1666 1608
1221 1484 1609
1343 1994 1610
348 349 1611
28 686 1612
374 376 1613
405 1209 1614
78 131 1615
547 549 1616
215 1975 1617
165 497 1618
934 1351 1619
23 74 1620
1488 1909 1621
11 753 1622
1780 1781 1623
262 1022 1624
131 661 1625
354 355 1626
134 706 1627
272 1184 1628
1954 1956 1629
27 374 1630
27 429 1631
356 1131 1632
536 1484 1633
1044 1994 1634
1022 1868 1635
374 377 1636
1038 1184 1637
605 606 1638
1114 1669 1639
1342 1997 1640
265 778 1641
1320 1371 1642
80 131 1643
715 1387 1644
258 1053 1645
1183 1184 1646
1928 1996 1647
211 693 1648
410 1945 1649
536 1221 1650
1382 1383 1651
1201 1202 1652
1319 1321 1653
1342 1994 1654
132 134 1655
1231 1232 1656
5 408 1657
29 1378 1658
1572 1573 1659
78 79 1660
79 660 1661
909 1146 1662
1443 1444 1663
78 132 1664
1507 1897 1665
542 1519 1666
134 167 1667
438 470 1668
1642 1659 1669
63 361 1670
424 425 1671
34 1193 1672
136 1388 1673
206 1598 1674
1184 1185 1675
136 614 1676
258 908 1677
1928 1998 1678
739 1922 1679
375 377 1680
1293 1320 1681
133 660 1682
1405 1511 1683
686 687 1684
1928 1994 1685
268 783 1686
2 5 1687
385 432 1688
164 467 1689
291 653 1690
824 1412 1691
296 298 1692
685 686 1693
206 734 1694
744 746 1695
136 831 1696
376 377 1697
474 894 1698
1 1597 1699
753 821 1700
1319 1322 1701
383 386 1702
950 1015 1703
467 1503 1704
734 1599 1705
1155 1853 1706
1320 1321 1707
143 1223 1708
2054 2055 1709
1319 1320 1710
196 358 1711
547 1992 1712
297 298 1713
1377 1378 1714
1439 1533 1715
80 1236 1716
277 1490 1717
411 1176 1718
1241 1243 1719
532 1520 1720
145 1223 1721
31 290 1722
412 1376 1723
29 1751 1724
911 912 1725
131 133 1726
29 95 1727
80 1237 1728
136 854 1729
1044 1764 1730
156 1642 1731
1598 1599 1732
53 358 1733
291 292 1734
682 1786 1735
717 719 1736
1274 1282 1737
1979 1984 1738
539 540 1739
78 918 1740
1996 1998 1741
156 1659 1742
1340 1764 1743
331 1474 1744
1268 1565 1745
84 1300 1746
620 973 1747
603 614 1748
1996 1997 1749
79 80 1750
306 419 1751
1320 1781 1752
31 533 1753
1343 1974 1754
1444 1971 1755
601 1195 1756
379 1277 1757
488 636 1758
1995 1997 1759
1321 1322 1760
165 498 1761
704 1951 1762
51 435 1763
141 816 1764
734 1598 1765
438 1078 1766
1320 1779 1767
1321 1323 1768
1859 1975 1769
1876 1877 1770
1928 1974 1771
2 1879 1772
642 1267 1773
1383 1384 1774
128 1221 1775
308 944 1776
824 1543 1777
1488 1724 1778
438 1211 1779
656 1667 1780
1764 1765 1781
43 567 1782
360 361 1783
710 1060 1784
778 1667 1785
1254 1365 1786
1322 1323 1787
642 1224 1788
934 1269 1789
2 1878 1790
1928 1997 1791
951 1087 1792
2 408 1793
1320 1322 1794
51 1232 1795
72 1511 1796
356 1254 1797
219 495 1798
495 1131 1799
1319 1323 1800
258 1493 1801
1995 1998 1802
51 604 1803
2 3 1804
215 1859 1805
438 1456 1806
219 1254 1807
258 632 1808
136 1491 1809
1230 1536 1810
51 136 1811
196 359 1812
549 1263 1813
686 1325 1814
65 412 1815
686 1364 1816
1573 1574 1817
258 1172 1818
551 1146 1819
1994 1995 1820
289 533 1821
1974 1995 1822
78 917 1823
9 123 1824
659 661 1825
488 495 1826
51 512 1827
1213 1259 1828
539 542 1829
35 36 1830
660 661 1831
986 1166 1832
156 682 1833
136 573 1834
298 621 1835
738 1368 1836
872 2011 1837
934 1350 1838
361 520 1839
717 718 1840
51 603 1841
704 1541 1842
63 602 1843
738 959 1844
857 1414 1845
29 1511 1846
268 1259 1847
388 1600 1848
988 1349 1849
291 1970 1850
2 53 1851
27 391 1852
410 1662 1853
474 591 1854
549 1992 1855
659 660 1856
769 1482 1857
34 1467 1858
279 1503 1859
144 1223 1860
216 217 1861
520 1604 1862
591 1673 1863
1572 1574 1864
824 825 1865
704 1627 1866
123 411 1867
382 620 1868
1997 1998 1869
525 1338 1870
367 379 1871
48 1830 1872
135 136 1873
261 262 1874
1569 1889 1875
1044 1763 1876
1507 1508 1877
6 1242 1878
1994 1996 1879
129 458 1880
199 872 1881
626 983 1882
934 1227 1883
34 1195 1884
288 534 1885
456 1166 1886
769 1483 1887
1364 1499 1888
1974 1996 1889
1221 1222 1890
361 1489 1891
384 385 1892
569 1910 1893
289 1253 1894
1710 1981 1895
1974 1998 1896
21 391 1897
1354 1826 1898
357 1221 1899
79 131 1900
291 1129 1901
136 1215 1902
123 132 1903
268 1213 1904
343 1681 1905
682 1348 1906
744 747 1907
524 525 1908
1354 1355 1909
34 1583 1910
358 1397 1911
242 475 1912
489 1192 1913
11 404 1914
105 1225 1915
127 1220 1916
1022 1669 1917
27 951 1918
387 1856 1919
330 347 1920
1213 1628 1921
473 1889 1922
1994 1997 1923
1763 1765 1924
107 1323 1925
134 497 1926
209 413 1927
701 702 1928
29 71 1929
383 949 1930
1143 1362 1931
538 620 1932
648 1281 1933
288 290 1934
378 379 1935
383 384 1936
215 1858 1937
265 1667 1938
6 1243 1939
1709 1710 1940
456 986 1941
41 115 1942
1234 1253 1943
1838 1915 1944
1994 1998 1945
215 1840 1946
215 1860 1947
715 1491 1948
308 771 1949
951 1251 1950
144 145 1951
78 80 1952
571 1027 1953
760 970 1954
74 1501 1955
525 1498 1956
152 242 1957
474 1673 1958
1129 1970 1959
1838 1913 1960
388 1334 1961
685 687 1962
353 355 1963
1482 1483 1964
529 557 1965
1225 1227 1966
385 1362 1967
29 127 1968
2 324 1969
72 77 1970
455 456 1971
1840 1859 1972
1974 1994 1973
35 914 1974
686 1921 1975
2 1089 1976
324 1089 1977
388 833 1978
483 485 1979
29 1220 1980
74 1262 1981
1022 1114 1982
1008 1031 1983
2 2011 1984
648 1500 1985
128 357 1986
1161 1162 1987
1354 1358 1988
29 204 1989
438 469 1990
143 145 1991
343 473 1992
525 1210 1993
988 1348 1994
557 1360 1995
123 412 1996
258 2025 1997
119 744 1998
255 1549 1999
416 419 2000
1348 1623 2001
934 1248 2002
29 1549 2003
73 74 2004
292 653 2005
1027 1857 2006
53 462 2007
63 520 2008
294 343 2009
334 355 2010
15 215 2011
454 1408 2012
837 839 2013
357 1222 2014
1358 1861 2015
540 1620 2016
439 690 2017
1293 1371 2018
1009 1031 2019
29 72 2020
385 949 2021
489 1203 2022
700 701 2023
917 1516 2024
34 63 2025
128 1222 2026
331 788 2027
511 1295 2028
76 1097 2029
358 359 2030
365 366 2031
1348 1349 2032
1974 1997 2033
29 1405 2034
136 281 2035
29 255 2036
156 1641 2037
71 1266 2038
718 719 2039
21 23 2040
77 1274 2041
653 1045 2042
624 625 2043
1642 1786 2044
334 336 2045
27 501 2046
2 323 2047
242 1288 2048
136 604 2049
241 1510 2050
836 839 2051
1107 1252 2052
1914 1915 2053
123 465 2054
10 164 2055
329 330 2056
323 1089 2057
388 1856 2058
462 512 2059
1356 1826 2060
508 515 2061
108 1266 2062
143 144 2063
968 1203 2064
1353 1358 2065
208 475 2066
1155 1733 2067
29 1266 2068
1772 2034 2069
136 406 2070
771 1602 2071
814 1107 2072
331 525 2073
331 1461 2074
16 215 2075
427 428 2076
682 1792 2077
1570 1897 2078
79 133 2079
119 468 2080
307 1602 2081
1356 1358 2082
2033 2034 2083
79 917 2084
783 1259 2085
16 1975 2086
323 324 2087
362 1604 2088
526 1245 2089
1522 1533 2090
29 108 2091
244 831 2092
10 1007 2093
331 1233 2094
74 409 2095
40 47 2096
1353 1826 2097
134 498 2098
448 1239 2099
1218 1675 2100
1473 1474 2101
143 430 2102
1014 1015 2103
71 72 2104
557 2048 2105
307 771 2106
129 1670 2107
208 462 2108
89 91 2109
241 1527 2110
385 386 2111
529 1360 2112
6 1241 2113
34 520 2114
1254 1742 2115
1858 1859 2116
132 412 2117
38 53 2118
143 1260 2119
460 462 2120
308 1602 2121
241 1664 2122
406 592 2123
549 766 2124
589 1229 2125
917 918 2126
483 484 2127
350 373 2128
1155 1991 2129
16 1859 2130
2 199 2131
258 624 2132
404 744 2133
34 427 2134
1060 1061 2135
34 362 2136
271 272 2137
382 973 2138
406 407 2139
145 1260 2140
353 354 2141
379 1560 2142
290 564 2143
724 1533 2144
969 2034 2145
145 430 2146
331 1473 2147
526 1244 2148
1357 1358 2149
1859 1860 2150
34 210 2151
648 1257 2152
1155 1990 2153
40 46 2154
1078 1456 2155
242 494 2156
970 1247 2157
1155 2018 2158
50 920 2159
197 475 2160
1732 1742 2161
1254 1732 2162
34 1229 2163
1244 1245 2164
307 308 2165
136 512 2166
259 262 2167
34 209 2168
1353 1354 2169
1210 1498 2170
1353 1861 2171
934 970 2172
1955 1956 2173
702 1225 2174
379 561 2175
439 440 2176
406 512 2177
77 108 2178
1203 2036 2179
1229 1230 2180
934 1225 2181
1512 1855 2182
814 1252 2183
837 838 2184
34 1230 2185
364 804 2186
299 402 2187
532 1253 2188
685 1535 2189
289 532 2190
406 593 2191
74 1261 2192
331 536 2193
346 484 2194
34 1021 2195
74 463 2196
139 325 2197
603 1948 2198
50 313 2199
91 489 2200
1203 1897 2201
34 428 2202
144 1260 2203
484 1606 2204
1155 2017 2205
1772 2033 2206
701 1225 2207
136 407 2208
34 589 2209
144 430 2210
152 1256 2211
262 263 2212
288 1032 2213
404 1235 2214
589 1230 2215
710 1061 2216
1247 1248 2217
1044 1794 2218
72 255 2219
1203 2035 2220
494 495 2221
569 870 2222
993 1663 2223
456 457 2224
456 565 2225
533 564 2226
484 1674 2227
72 1408 2228
1037 1235 2229
50 1300 2230
407 592 2231
1002 1911 2232
379 560 2233
1354 1356 2234
40 45 2235
198 475 2236
439 441 2237
1991 2018 2238
72 204 2239
79 1237 2240
311 312 2241
1353 1356 2242
204 1599 2243
388 2004 2244
258 1612 2245
331 1484 2246
74 464 2247
1079 1855 2248
34 1381 2249
72 1549 2250
124 136 2251
288 533 2252
489 1622 2253
331 524 2254
204 1079 2255
484 485 2256
1527 1574 2257
1574 1664 2258
42 43 2259
204 206 2260
331 1462 2261
72 107 2262
31 532 2263
213 214 2264
1461 1462 2265
34 912 2266
247 248 2267
1356 1861 2268
204 1512 2269
970 1248 2270
1973 1974 2271
29 454 2272
833 2020 2273
1570 1889 2274
1763 1794 2275
969 970 2276
71 107 2277
411 465 2278
204 1855 2279
1079 1512 2280
411 412 2281
38 462 2282
893 968 2283
77 598 2284
364 365 2285
970 2034 2286
244 1058 2287
72 108 2288
79 918 2289
857 1864 2290
72 1266 2291
63 1604 2292
34 776 2293
744 1235 2294
313 920 2295
38 1875 2296
920 1300 2297
256 390 2298
288 1253 2299
833 1270 2300
313 1300 2301
1733 2018 2302
136 202 2303
969 1772 2304
21 94 2305
682 1793 2306
934 1247 2307
143 503 2308
79 1236 2309
1733 1991 2310
1786 1792 2311
421 422 2312
1991 2017 2313
136 1257 2314
331 985 2315
31 289 2316
34 910 2317
1990 1991 2318
34 361 2319
379 1687 2320
1236 1237 2321
29 94 2322
833 1600 2323
1527 1664 2324
331 1485 2325
1990 2018 2326
571 1857 2327
317 318 2328
1512 1599 2329
1838 1914 2330
1599 1855 2331
94 95 2332
788 1485 2333
84 407 2334
59 60 2335
145 503 2336
1972 1974 2337
2017 2018 2338
1733 1990 2339
107 108 2340
970 2033 2341
1348 1792 2342
1786 1793 2343
489 1897 2344
213 969 2345
136 593 2346
197 474 2347
31 288 2348
124 202 2349
1510 1527 2350
334 353 2351
330 1018 2352
1733 2017 2353
527 529 2354
349 1014 2355
969 2033 2356
970 1772 2357
993 1206 2358
206 1855 2359
76 77 2360
290 563 2361
1840 1858 2362
53 199 2363
34 1604 2364
1990 2017 2365
7 389 2366
15 1840 2367
107 1567 2368
1858 1860 2369
11 1807 2370
27 72 2371
363 364 2372
385 1906 2373
206 1079 2374
1792 1793 2375
16 1858 2376
132 465 2377
363 365 2378
198 242 2379
1079 1599 2380
208 242 2381
2 460 2382
213 970 2383
404 1534 2384
321 1431 2385
410 538 2386
603 604 2387
1764 1794 2388
1430 1431 2389
15 1859 2390
206 1512 2391
16 1840 2392
497 498 2393
1840 1860 2394
16 1860 2395
206 1599 2396
11 200 2397
23 1394 2398
71 501 2399
15 16 2400
788 985 2401
1334 1856 2402
1600 2004 2403
392 893 2404
132 411 2405
1763 1764 2406
1282 1333 2407
134 1621 2408
334 354 2409
459 1002 2410
704 1626 2411
143 256 2412
214 969 2413
242 1625 2414
67 321 2415
298 402 2416
1203 1889 2417
72 501 2418
23 409 2419
1889 1897 2420
1353 1357 2421
90 91 2422
36 915 2423
321 1430 2424
1358 1866 2425
179 344 2426
950 1014 2427
289 564 2428
1019 1020 2429
15 1860 2430
15 1858 2431
160 163 2432
214 970 2433
392 968 2434
71 454 2435
241 1574 2436
533 563 2437
566 1993 2438
26 1289 2439
108 501 2440
7 9 2441
8 389 2442
31 564 2443
320 321 2444
1348 1786 2445
213 1540 2446
136 1948 2447
431 432 2448
288 532 2449
432 1906 2450
71 108 2451
123 131 2452
134 207 2453
199 460 2454
1677 1678 2455
130 1670 2456
1348 1793 2457
1560 1687 2458
210 476 2459
144 503 2460
11 1464 2461
67 320 2462
74 1677 2463
704 1246 2464
53 461 2465
1687 1688 2466
459 1911 2467
143 390 2468
317 1916 2469
45 48 2470
460 461 2471
53 460 2472
129 459 2473
512 593 2474
538 973 2475
14 16 2476
288 289 2477
1058 1059 2478
276 277 2479
94 1947 2480
47 48 2481
317 1546 2482
402 757 2483
193 580 2484
23 287 2485
1567 1568 2486
94 1609 2487
36 914 2488
46 48 2489
412 465 2490
601 602 2491
461 462 2492
532 564 2493
34 342 2494
9 389 2495
72 454 2496
89 90 2497
580 581 2498
23 113 2499
560 561 2500
242 495 2501
308 1289 2502
8 9 2503
1544 1546 2504
214 1540 2505
317 1545 2506
94 195 2507
209 210 2508
107 501 2509
361 1604 2510
14 15 2511
37 38 2512
94 194 2513
29 1408 2514
476 477 2515
107 1568 2516
341 342 2517
566 1756 2518
833 2004 2519
1235 1534 2520
34 340 2521
566 1374 2522
1050 1542 2523
1544 1916 2524
209 476 2525
260 262 2526
1908 1909 2527
317 1544 2528
74 1678 2529
1138 1889 2530
99 160 2531
970 1540 2532
159 163 2533
159 160 2534
211 284 2535
261 263 2536
431 1249 2537
161 163 2538
870 1910 2539
1353 1866 2540
1206 1663 2541
34 341 2542
289 563 2543
566 1531 2544
1050 1051 2545
317 990 2546
795 1054 2547
63 796 2548
160 161 2549
258 293 2550
990 1916 2551
72 1056 2552
969 1540 2553
340 342 2554
990 1546 2555
604 1948 2556
744 1534 2557
72 1548 2558
31 563 2559
211 285 2560
836 838 2561
94 2003 2562
1495 1496 2563
21 195 2564
489 1889 2565
1544 1545 2566
210 477 2567
1724 1908 2568
990 1544 2569
2035 2036 2570
1208 1209 2571
211 212 2572
159 161 2573
40 48 2574
597 600 2575
340 341 2576
600 2002 2577
836 1550 2578
1051 1542 2579
99 163 2580
858 1873 2581
37 462 2582
1724 1909 2583
6 9 2584
157 158 2585
459 1670 2586
259 263 2587
6 8 2588
160 162 2589
194 195 2590
198 566 2591
990 1545 2592
532 563 2593
831 1058 2594
168 169 2595
259 261 2596
209 477 2597
6 7 2598
836 837 2599
99 159 2600
56 2040 2601
94 505 2602
852 1940 2603
169 170 2604
1392 1496 2605
99 161 2606
600 1333 2607
795 1055 2608
1054 1055 2609
468 1390 2610
968 1889 2611
162 163 2612
207 1621 2613
288 564 2614
161 162 2615
46 47 2616
543 545 2617
852 1392 2618
159 162 2619
7 8 2620
45 47 2621
72 1610 2622
545 546 2623
544 545 2624
198 208 2625
198 781 2626
284 285 2627
288 563 2628
168 170 2629
197 198 2630
543 546 2631
543 544 2632
45 46 2633
99 162 2634
195 807 2635
212 284 2636
169 490 2637
563 564 2638
544 546 2639
1609 1947 2640
1609 2003 2641
260 263 2642
1889 2036 2643
212 285 2644
505 1609 2645
1947 2003 2646
260 261 2647
170 490 2648
505 1947 2649
1889 2035 2650
259 260 2651
505 2003 2652
1046 1617 2653
1617 1618 2654
1046 1618 2655
1046 1116 2656
1116 1617 2657
1046 1117 2658
1117 1617 2659
1330 1331 2660
1116 1618 2661
1117 1618 2662
1116 1117 2663
