684 690 1
690 1802 2
690 1800 3
690 1801 4
684 1802 5
1637 1806 6
684 1801 7
684 1800 8
690 915 9
690 1754 10
1419 1578 11
102 1905 12
102 1960 13
684 1427 14
1800 1801 15
102 1898 16
684 755 17
690 1771 18
102 1899 19
690 1788 20
1800 1802 21
102 1959 22
655 1436 23
102 1902 24
69 1578 25
44 569 26
1771 1832 27
1427 2005 28
1801 1802 29
684 1035 30
1746 1747 31
488 495 32
488 740 33
697 1328 34
728 1191 35
183 684 36
102 1904 37
1753 1769 38
1752 1753 39
1904 1905 40
291 1970 41
678 1761 42
1745 1746 43
291 1129 44
1898 1960 45
684 1805 46
1361 1748 47
191 1556 48
1898 1959 49
291 508 50
439 690 51
1745 1747 52
678 1450 53
943 982 54
475 488 55
684 1804 56
631 1424 57
1748 1749 58
183 1427 59
380 1745 60
728 1968 61
380 1785 62
1720 1961 63
1575 1720 64
1557 1828 65
689 690 66
1450 1761 67
680 1168 68
1129 1970 69
380 1747 70
697 1327 71
362 583 72
728 1967 73
475 620 74
642 1314 75
728 1926 76
1191 1926 77
189 1837 78
423 1808 79
1559 1637 80
475 591 81
438 1844 82
697 1228 83
900 931 84
508 515 85
1636 1720 86
655 1557 87
678 751 88
697 1433 89
189 190 90
385 1578 91
439 441 92
727 752 93
380 396 94
688 690 95
396 1747 96
1795 1809 97
129 728 98
1361 1962 99
1522 1533 100
439 440 101
1439 1533 102
191 1555 103
1759 1761 104
396 1755 105
189 629 106
380 1746 107
635 740 108
1373 1720 109
1959 1960 110
438 1020 111
103 1760 112
178 1557 113
1459 1757 114
1899 1902 115
583 1821 116
1463 1753 117
508 517 118
913 915 119
1720 1819 120
219 488 121
291 292 122
728 1969 123
678 1452 124
1432 1819 125
663 678 126
728 1653 127
655 1828 128
728 1958 129
488 635 130
475 635 131
728 1845 132
713 1815 133
1449 1450 134
1359 1791 135
191 1535 136
380 1438 137
973 1833 138
44 1770 139
922 973 140
448 642 141
189 1605 142
315 583 143
423 1451 144
102 103 145
690 966 146
448 1314 147
438 469 148
1755 1809 149
2054 2055 150
1432 1720 151
438 1456 152
396 1745 153
722 2055 154
1967 1968 155
1760 1761 156
54 931 157
520 1821 158
148 1436 159
642 1224 160
642 1595 161
380 1640 162
1640 1843 163
137 1834 164
1753 1823 165
102 1886 166
315 1821 167
1555 1556 168
1416 1591 169
1842 1843 170
1190 1191 171
438 1078 172
642 1446 173
44 1589 174
48 1844 175
679 680 176
1821 1822 177
475 1429 178
703 1819 179
642 1306 180
279 713 181
1814 1815 182
362 1821 183
617 1020 184
495 635 185
679 1818 186
1438 1843 187
178 655 188
495 740 189
712 713 190
103 1761 191
728 1614 192
794 1592 193
1474 1820 194
1640 1842 195
1114 1669 196
48 438 197
1313 1314 198
102 751 199
237 569 200
380 1842 201
751 1450 202
279 705 203
103 1450 204
1439 1454 205
693 752 206
631 699 207
1438 1640 208
2 569 209
380 1843 210
525 743 211
1759 1760 212
237 610 213
291 653 214
1450 1453 215
697 698 216
576 1755 217
594 1317 218
1575 1636 219
103 678 220
1438 1842 221
1968 1969 222
44 1421 223
1967 1969 224
703 1432 225
743 1590 226
103 1759 227
448 1306 228
279 502 229
642 1313 230
724 1522 231
566 1756 232
448 1313 233
576 1809 234
1614 1653 235
237 1589 236
728 2026 237
533 743 238
44 1744 239
396 1803 240
508 509 241
1119 1396 242
773 1558 243
381 475 244
423 806 245
650 743 246
48 1830 247
594 1147 248
642 1267 249
44 610 250
438 470 251
1803 1989 252
760 1772 253
1228 1433 254
1849 2053 255
44 268 256
703 1720 257
680 1818 258
1327 1328 259
48 1020 260
806 1311 261
900 1304 262
1815 1816 263
2 1421 264
1459 1460 265
1459 1638 266
1019 1020 267
726 728 268
1416 2001 269
44 1418 270
11 200 271
438 1250 272
751 1761 273
794 2051 274
279 1814 275
569 1421 276
642 1307 277
801 1298 278
1228 1328 279
137 1457 280
794 1163 281
44 237 282
1570 1897 283
722 2054 284
846 1896 285
1022 1669 286
11 1807 287
1614 1845 288
219 495 289
927 1639 290
576 1219 291
650 1584 292
420 873 293
943 1514 294
1228 1327 295
237 1770 296
740 1434 297
943 1585 298
1416 1603 299
191 685 300
1584 1590 301
237 1139 302
448 1307 303
1804 1805 304
1458 1459 305
31 1668 306
279 1816 307
531 1584 308
531 743 309
300 672 310
672 674 311
742 743 312
279 1815 313
156 1404 314
650 1590 315
743 1887 316
1814 1816 317
237 1421 318
448 1446 319
189 873 320
724 1533 321
44 639 322
192 618 323
475 1684 324
582 583 325
290 1584 326
478 722 327
530 743 328
915 1563 329
2 594 330
290 743 331
1306 1307 332
31 403 333
753 2012 334
338 1203 335
583 1782 336
628 672 337
922 1833 338
1022 1114 339
1592 2051 340
1958 1983 341
1298 1299 342
672 1847 343
1441 1849 344
1432 1885 345
103 426 346
663 1452 347
926 1639 348
1889 1897 349
594 936 350
1304 1619 351
177 178 352
494 495 353
2 237 354
438 475 355
1614 1958 356
1078 1456 357
672 1553 358
1218 1675 359
705 1835 360
520 1822 361
1592 2050 362
103 1817 363
725 1337 364
1043 1765 365
1175 1459 366
489 1897 367
672 673 368
612 1593 369
724 1337 370
1175 1458 371
438 1429 372
1964 2049 373
438 1211 374
448 1224 375
1335 1336 376
237 658 377
1136 1459 378
727 728 379
1964 2044 380
11 753 381
794 2050 382
857 1396 383
11 1464 384
488 636 385
530 531 386
1163 1592 387
26 1301 388
530 533 389
751 1886 390
638 955 391
534 743 392
44 898 393
437 438 394
103 1810 395
189 466 396
801 1299 397
2044 2049 398
290 1590 399
612 1095 400
1163 2051 401
31 322 402
44 658 403
96 488 404
31 402 405
705 1903 406
1174 1359 407
926 927 408
533 1584 409
612 1790 410
270 1366 411
44 1026 412
530 1584 413
1127 1506 414
1432 1884 415
488 1762 416
420 556 417
617 1775 418
1437 1438 419
531 533 420
594 1579 421
237 1418 422
658 1589 423
753 2022 424
1461 1462 425
617 1783 426
741 743 427
2012 2022 428
44 1890 429
44 233 430
608 1428 431
531 1590 432
940 941 433
219 1434 434
1525 1888 435
801 1297 436
630 631 437
290 530 438
2 438 439
1336 1882 440
1173 1359 441
556 631 442
973 1787 443
533 1590 444
338 1586 445
1124 1432 446
299 773 447
1884 1885 448
700 702 449
572 1432 450
30 31 451
103 1551 452
31 1233 453
246 915 454
438 617 455
724 1686 456
1136 1757 457
44 641 458
400 401 459
705 1559 460
362 396 461
472 704 462
594 941 463
44 1196 464
638 1031 465
44 1139 466
290 650 467
421 423 468
575 576 469
726 727 470
176 1776 471
270 314 472
44 425 473
488 1334 474
531 535 475
488 506 476
1525 1526 477
600 2002 478
2050 2051 479
725 1686 480
722 933 481
530 1590 482
644 1309 483
448 1595 484
760 1773 485
338 1889 486
502 705 487
379 1560 488
673 674 489
1361 1576 490
698 1135 491
1022 1868 492
1765 1881 493
631 748 494
396 1821 495
531 650 496
1553 1847 497
644 1310 498
1163 2050 499
594 1151 500
191 1409 501
156 806 502
268 1831 503
914 915 504
270 1494 505
662 663 506
290 531 507
704 860 508
300 673 509
315 362 510
237 639 511
315 1782 512
451 452 513
794 1164 514
44 1398 515
44 1422 516
44 1924 517
262 1022 518
736 1480 519
2022 2023 520
331 1474 521
525 1444 522
58 724 523
422 423 524
450 451 525
274 638 526
362 1822 527
530 535 528
531 534 529
43 44 530
219 740 531
533 650 532
1163 1480 533
119 468 534
220 709 535
399 400 536
44 1784 537
237 1890 538
502 735 539
612 1690 540
396 1989 541
534 1590 542
1297 1299 543
478 933 544
2012 2023 545
724 725 546
472 860 547
702 1416 548
44 971 549
736 1163 550
1385 1918 551
948 966 552
103 751 553
857 1414 554
1253 1849 555
1473 1474 556
134 1060 557
137 1315 558
533 535 559
594 940 560
1765 1880 561
724 1521 562
973 1186 563
44 232 564
668 1435 565
685 1535 566
760 2032 567
971 1421 568
1095 1682 569
566 1374 570
628 1553 571
796 1416 572
628 1847 573
725 1521 574
1614 2026 575
399 401 576
741 742 577
644 1852 578
658 1139 579
857 1864 580
946 1312 581
44 1102 582
702 1225 583
540 583 584
237 1026 585
1043 1880 586
1095 1790 587
43 237 588
404 753 589
1164 2051 590
566 1993 591
593 594 592
1303 1361 593
11 268 594
451 453 595
608 1420 596
489 1203 597
191 761 598
1524 1525 599
610 641 600
237 1196 601
489 1889 602
290 534 603
419 1073 604
44 1413 605
232 234 606
176 1777 607
507 927 608
612 1682 609
530 534 610
1776 1777 611
597 600 612
612 717 613
702 2001 614
971 1102 615
1043 1340 616
1689 1690 617
50 1164 618
56 2040 619
530 650 620
1653 1954 621
44 1901 622
242 494 623
753 2021 624
698 1136 625
1043 2047 626
611 612 627
612 1689 628
1420 1428 629
1653 1953 630
688 689 631
947 948 632
290 664 633
1164 1592 634
290 535 635
702 904 636
105 1296 637
658 1026 638
1478 1479 639
242 495 640
338 339 641
534 535 642
475 1472 643
11 404 644
1430 1431 645
729 732 646
556 630 647
1526 1888 648
362 1435 649
1167 1502 650
420 943 651
610 639 652
657 1188 653
1043 1881 654
385 949 655
618 619 656
712 1846 657
272 1918 658
448 1529 659
438 620 660
1443 1444 661
63 315 662
1895 1896 663
594 1150 664
44 424 665
338 1569 666
338 1607 667
534 650 668
468 1390 669
556 1479 670
1524 1526 671
44 1900 672
646 647 673
1880 1881 674
237 1147 675
729 731 676
753 2023 677
218 709 678
84 1459 679
236 594 680
134 710 681
362 668 682
489 1192 683
1135 1136 684
356 608 685
700 701 686
1253 1441 687
88 1309 688
237 594 689
707 708 690
290 533 691
736 1164 692
156 1159 693
2 1147 694
694 695 695
1095 1683 696
1173 1174 697
556 748 698
42 44 699
611 1095 700
630 748 701
103 1403 702
591 1949 703
701 1225 704
533 534 705
911 912 706
946 1582 707
1953 1954 708
1949 1950 709
579 644 710
218 220 711
451 531 712
451 533 713
624 625 714
237 641 715
1073 1303 716
609 610 717
1164 1480 718
2 236 719
290 451 720
489 1622 721
638 1316 722
568 569 723
610 658 724
899 900 725
1346 1347 726
395 1318 727
400 1342 728
644 649 729
93 137 730
535 650 731
702 723 732
1108 1455 733
1444 1851 734
1044 1340 735
1444 1758 736
103 921 737
156 1527 738
1467 1583 739
26 27 740
971 1422 741
760 969 742
75 1949 743
685 687 744
44 1399 745
75 591 746
451 530 747
419 1303 748
575 1219 749
1043 1044 750
338 1372 751
425 658 752
756 1020 753
50 1163 754
379 1277 755
617 1679 756
452 509 757
156 1524 758
731 732 759
913 914 760
686 1469 761
591 1950 762
91 1811 763
686 1380 764
34 1467 765
44 567 766
220 587 767
760 2033 768
646 1867 769
44 754 770
91 489 771
475 1673 772
1159 1527 773
685 686 774
105 1225 775
451 535 776
707 709 777
105 1227 778
239 1417 779
396 691 780
1481 1966 781
54 1957 782
357 906 783
712 1848 784
1203 1586 785
488 507 786
272 1385 787
717 719 788
1421 1422 789
400 1995 790
569 627 791
400 1999 792
1995 2037 793
54 1481 794
253 1346 795
292 653 796
579 649 797
626 900 798
156 1525 799
594 939 800
1774 1813 801
1119 1877 802
1225 1227 803
400 1044 804
136 831 805
450 509 806
701 702 807
75 1950 808
270 1415 809
591 1684 810
603 613 811
1444 2045 812
556 928 813
1044 1342 814
1342 1995 815
417 419 816
530 532 817
639 641 818
1203 1897 819
1380 1469 820
84 1638 821
658 738 822
419 1305 823
644 1196 824
32 33 825
156 1465 826
362 607 827
1157 1158 828
659 661 829
220 396 830
531 532 831
33 729 832
237 258 833
658 1924 834
708 709 835
659 660 836
1164 2050 837
237 940 838
626 899 839
520 1435 840
1119 1134 841
237 941 842
1995 2038 843
530 1520 844
760 2034 845
2 187 846
1682 1683 847
400 2052 848
520 668 849
1930 1933 850
54 1966 851
556 622 852
1765 2047 853
32 729 854
371 1423 855
1931 1932 856
451 534 857
651 652 858
156 1526 859
710 711 860
760 970 861
656 1188 862
395 730 863
246 914 864
351 352 865
420 928 866
1303 1576 867
183 1177 868
321 1430 869
475 1288 870
413 694 871
1931 1933 872
33 249 873
103 750 874
1929 1932 875
270 1442 876
32 249 877
1340 1765 878
591 1472 879
640 641 880
658 1075 881
1930 1932 882
1932 1933 883
137 938 884
667 668 885
333 487 886
717 718 887
1163 1164 888
520 667 889
566 1531 890
939 940 891
751 1179 892
2021 2023 893
686 1468 894
1445 1466 895
761 1416 896
43 658 897
333 486 898
753 1635 899
237 504 900
748 749 901
253 1347 902
603 1414 903
419 1952 904
556 749 905
535 1520 906
19 85 907
383 385 908
416 419 909
475 894 910
1044 1765 911
88 644 912
753 821 913
1995 1999 914
647 1934 915
2038 2039 916
729 730 917
1159 1525 918
1342 1999 919
148 1518 920
351 696 921
105 935 922
927 1045 923
709 1836 924
686 687 925
730 731 926
1614 1929 927
245 246 928
400 2000 929
1044 1995 930
2037 2038 931
638 1248 932
1930 1931 933
413 414 934
379 1687 935
362 520 936
26 945 937
474 475 938
1380 1468 939
532 535 940
451 930 941
535 927 942
2 1139 943
1929 1930 944
400 1343 945
93 1834 946
569 916 947
34 1583 948
450 452 949
533 1520 950
405 433 951
613 614 952
753 1894 953
442 657 954
751 1178 955
1416 1425 956
338 473 957
486 487 958
495 636 959
136 244 960
1342 2000 961
579 1852 962
955 1316 963
1369 2010 964
2000 2052 965
258 908 966
1044 1928 967
1995 2000 968
280 1140 969
1119 1876 970
1929 1931 971
28 686 972
321 1431 973
418 419 974
686 1325 975
413 695 976
656 657 977
669 670 978
1929 1933 979
84 1460 980
249 729 981
753 1141 982
63 1194 983
1194 1195 984
152 1256 985
448 1165 986
704 1951 987
745 746 988
152 242 989
914 1563 990
31 331 991
591 1561 992
603 614 993
413 634 994
1560 1687 995
26 944 996
1445 1824 997
1999 2052 998
356 495 999
279 466 1000
1044 2000 1001
675 677 1002
450 1385 1003
1044 1880 1004
31 743 1005
237 939 1006
658 1988 1007
532 534 1008
1569 1889 1009
676 1823 1010
1468 1469 1011
670 671 1012
831 1058 1013
1954 1956 1014
405 1329 1015
730 732 1016
304 619 1017
788 1179 1018
43 754 1019
85 86 1020
905 906 1021
485 1108 1022
187 237 1023
1342 1928 1024
88 1310 1025
1954 1955 1026
1445 1447 1027
2037 2039 1028
148 1896 1029
258 1053 1030
29 873 1031
750 751 1032
400 1928 1033
93 279 1034
644 1246 1035
939 941 1036
1687 1688 1037
233 1923 1038
683 834 1039
1444 1971 1040
216 217 1041
43 1399 1042
396 1987 1043
870 1139 1044
2 1375 1045
27 1155 1046
84 445 1047
123 1964 1048
148 1492 1049
1342 1343 1050
34 395 1051
665 666 1052
103 1404 1053
600 1333 1054
1044 1999 1055
1208 1209 1056
51 909 1057
211 693 1058
246 1563 1059
605 657 1060
569 870 1061
1495 1496 1062
908 1053 1063
1570 1889 1064
424 425 1065
1995 2039 1066
126 1174 1067
43 1988 1068
54 1588 1069
357 905 1070
620 1429 1071
183 1594 1072
51 152 1073
419 1130 1074
533 927 1075
67 321 1076
304 899 1077
1159 1526 1078
532 533 1079
669 671 1080
129 547 1081
730 1318 1082
944 945 1083
1157 1159 1084
268 778 1085
51 241 1086
267 268 1087
639 640 1088
686 1921 1089
534 930 1090
739 1922 1091
1928 1995 1092
50 1964 1093
1343 1995 1094
1392 1496 1095
237 907 1096
1268 1565 1097
50 123 1098
709 919 1099
1570 1927 1100
356 740 1101
525 1338 1102
617 756 1103
1 27 1104
136 237 1105
369 370 1106
148 1895 1107
252 1346 1108
839 1347 1109
686 1499 1110
78 661 1111
1403 1404 1112
388 646 1113
271 272 1114
922 923 1115
362 1489 1116
54 68 1117
420 1391 1118
739 1444 1119
1358 1774 1120
331 1473 1121
371 1516 1122
1178 1179 1123
1404 1976 1124
51 239 1125
160 569 1126
320 321 1127
1044 1994 1128
620 1554 1129
1484 1562 1130
63 1195 1131
973 1566 1132
744 746 1133
1221 1484 1134
846 1912 1135
922 924 1136
119 744 1137
331 1461 1138
384 385 1139
578 579 1140
27 1301 1141
1296 2008 1142
289 530 1143
181 448 1144
239 909 1145
2 870 1146
572 1124 1147
593 808 1148
1343 1999 1149
147 148 1150
242 475 1151
1358 1813 1152
1445 1448 1153
1340 1342 1154
156 566 1155
290 532 1156
2 1477 1157
331 751 1158
244 1058 1159
1999 2000 1160
507 926 1161
84 280 1162
148 1789 1163
290 1520 1164
745 747 1165
1180 1181 1166
244 831 1167
507 922 1168
547 946 1169
682 834 1170
84 217 1171
129 946 1172
340 342 1173
686 1176 1174
1194 1920 1175
536 1484 1176
21 391 1177
474 591 1178
1404 1767 1179
1058 1059 1180
51 371 1181
338 343 1182
290 927 1183
126 1173 1184
51 242 1185
136 614 1186
1162 1163 1187
1194 1982 1188
157 158 1189
34 910 1190
268 645 1191
591 1123 1192
1369 1925 1193
1044 1343 1194
1369 1827 1195
909 1326 1196
383 949 1197
1343 2000 1198
252 839 1199
404 433 1200
396 637 1201
237 523 1202
43 1026 1203
370 398 1204
733 734 1205
1159 1524 1206
1444 1922 1207
236 939 1208
252 253 1209
1155 1965 1210
1928 1999 1211
237 1187 1212
306 419 1213
74 1277 1214
410 1776 1215
948 1363 1216
105 1226 1217
1144 1145 1218
242 1288 1219
639 1026 1220
362 601 1221
388 647 1222
579 1528 1223
718 719 1224
1772 2034 1225
252 1347 1226
436 1180 1227
1404 1768 1228
148 1148 1229
1343 1928 1230
554 644 1231
846 1778 1232
1796 1812 1233
165 710 1234
1369 1552 1235
1219 1384 1236
536 1562 1237
641 1026 1238
473 1889 1239
1569 1570 1240
78 131 1241
304 900 1242
87 485 1243
136 613 1244
1159 1888 1245
569 1910 1246
141 816 1247
450 453 1248
420 1132 1249
1044 1881 1250
88 1196 1251
34 427 1252
452 453 1253
644 1345 1254
660 661 1255
879 881 1256
436 1181 1257
165 711 1258
67 320 1259
272 1185 1260
29 638 1261
110 644 1262
136 277 1263
1444 2030 1264
675 676 1265
686 1364 1266
1155 1980 1267
382 973 1268
751 921 1269
356 396 1270
258 1493 1271
148 496 1272
123 2044 1273
1158 1159 1274
664 666 1275
704 1541 1276
133 660 1277
1009 1031 1278
1180 1182 1279
1570 1919 1280
413 919 1281
1369 1519 1282
654 826 1283
34 342 1284
756 1679 1285
1044 1996 1286
136 603 1287
405 1209 1288
283 1149 1289
1293 1320 1290
1181 1182 1291
341 342 1292
1044 2047 1293
1154 1155 1294
258 1172 1295
605 606 1296
105 1350 1297
34 912 1298
111 762 1299
507 1639 1300
349 1517 1301
1166 1167 1302
447 448 1303
442 714 1304
1567 1568 1305
29 1465 1306
1044 1997 1307
826 932 1308
136 1490 1309
378 379 1310
1 1597 1311
1772 2033 1312
434 654 1313
923 924 1314
383 384 1315
1928 2000 1316
272 1183 1317
1044 1998 1318
29 679 1319
258 632 1320
1196 1302 1321
110 554 1322
258 2025 1323
80 131 1324
554 1345 1325
337 351 1326
909 1146 1327
1308 1411 1328
58 942 1329
970 1772 1330
331 1178 1331
845 1778 1332
542 1519 1333
852 1940 1334
1031 1248 1335
43 567 1336
136 593 1337
633 1133 1338
908 2025 1339
456 1749 1340
434 826 1341
598 1523 1342
1161 1163 1343
473 1569 1344
110 1345 1345
410 617 1346
839 1346 1347
105 1862 1348
881 1863 1349
1195 1982 1350
80 669 1351
331 1179 1352
715 716 1353
236 237 1354
290 1253 1355
1447 1448 1356
852 1392 1357
1919 1927 1358
79 131 1359
436 1182 1360
141 142 1361
268 929 1362
131 133 1363
362 1195 1364
385 1143 1365
1155 1488 1366
410 1945 1367
420 1171 1368
78 132 1369
244 1144 1370
1375 1564 1371
715 1387 1372
1166 1502 1373
134 711 1374
934 1225 1375
845 846 1376
282 283 1377
620 1504 1378
549 1426 1379
165 1060 1380
598 599 1381
1162 1164 1382
1184 1185 1383
78 79 1384
601 1195 1385
84 1471 1386
242 1625 1387
969 1772 1388
110 1189 1389
111 1238 1390
187 613 1391
950 1984 1392
137 138 1393
272 1184 1394
253 839 1395
404 405 1396
569 834 1397
1195 1920 1398
3 268 1399
78 918 1400
331 1462 1401
591 1673 1402
244 1145 1403
1155 1666 1404
136 715 1405
78 917 1406
290 1032 1407
1415 1442 1408
123 2049 1409
744 747 1410
1155 1853 1411
176 410 1412
343 473 1413
180 183 1414
1044 1974 1415
434 932 1416
762 1238 1417
448 1324 1418
704 1577 1419
1183 1185 1420
1320 1371 1421
1613 1614 1422
80 670 1423
1539 1812 1424
1538 1539 1425
1221 1562 1426
79 660 1427
131 660 1428
299 1571 1429
1293 1371 1430
282 1149 1431
664 665 1432
381 620 1433
1268 1269 1434
272 1038 1435
239 654 1436
1156 1159 1437
1358 1866 1438
80 1318 1439
534 1253 1440
289 535 1441
1219 1383 1442
289 290 1443
2 925 1444
258 624 1445
410 1662 1446
130 1127 1447
27 429 1448
54 1386 1449
653 927 1450
136 282 1451
289 533 1452
1008 1031 1453
1400 1614 1454
65 1376 1455
130 339 1456
156 682 1457
1183 1184 1458
274 1248 1459
676 677 1460
2 1169 1461
495 1131 1462
348 349 1463
1133 1308 1464
241 242 1465
532 1520 1466
385 1362 1467
1539 1796 1468
396 1015 1469
79 133 1470
1387 1388 1471
2 623 1472
676 1101 1473
374 377 1474
636 1132 1475
410 1777 1476
1161 1164 1477
1269 1565 1478
105 1351 1479
21 94 1480
1219 1382 1481
1955 1956 1482
1038 1185 1483
289 534 1484
128 356 1485
1994 1995 1486
21 23 1487
63 601 1488
219 356 1489
34 1193 1490
715 1388 1491
495 1132 1492
31 1234 1493
551 909 1494
129 130 1495
578 1528 1496
520 1489 1497
715 1153 1498
1203 1889 1499
1425 1543 1500
27 377 1501
78 80 1502
19 51 1503
50 1162 1504
1155 1530 1505
1510 1527 1506
142 932 1507
716 1153 1508
27 376 1509
654 932 1510
134 165 1511
27 378 1512
246 1917 1513
1203 1607 1514
136 283 1515
286 339 1516
382 620 1517
388 1934 1518
51 872 1519
80 671 1520
525 1210 1521
360 362 1522
1038 1184 1523
123 686 1524
796 1543 1525
808 1143 1526
1155 1486 1527
761 1409 1528
532 927 1529
536 1221 1530
536 1179 1531
551 705 1532
796 1425 1533
356 637 1534
917 1516 1535
1406 1407 1536
145 503 1537
36 1361 1538
236 1160 1539
349 681 1540
187 907 1541
244 1339 1542
337 352 1543
105 1269 1544
34 1381 1545
148 1986 1546
1354 1356 1547
1400 1613 1548
620 973 1549
1241 1907 1550
2 1883 1551
27 379 1552
239 932 1553
34 1021 1554
1507 1897 1555
27 375 1556
34 776 1557
1179 1484 1558
1342 1998 1559
1364 1499 1560
1320 1779 1561
237 355 1562
1401 1896 1563
547 549 1564
715 1491 1565
705 909 1566
1038 1183 1567
63 1124 1568
1155 1487 1569
1357 1358 1570
1 1152 1571
148 1401 1572
715 1027 1573
2 1580 1574
744 745 1575
239 359 1576
1151 1579 1577
136 1387 1578
934 1227 1579
2 1170 1580
136 1388 1581
525 1498 1582
79 80 1583
1139 1332 1584
950 1979 1585
50 1161 1586
88 1344 1587
704 820 1588
1044 1764 1589
1552 1827 1590
339 1402 1591
354 355 1592
750 921 1593
34 1195 1594
988 1349 1595
512 593 1596
533 1253 1597
1354 1358 1598
27 66 1599
676 2019 1600
858 1873 1601
1486 1487 1602
710 1060 1603
187 244 1604
187 277 1605
355 958 1606
376 377 1607
359 1417 1608
1342 1994 1609
26 1289 1610
704 1246 1611
472 1370 1612
2 1332 1613
872 909 1614
917 918 1615
407 592 1616
353 355 1617
716 1027 1618
636 1131 1619
375 377 1620
2 1264 1621
870 1910 1622
130 1402 1623
388 1334 1624
63 1982 1625
406 593 1626
1340 1343 1627
1979 1984 1628
44 350 1629
1763 1765 1630
1131 1132 1631
1241 1243 1632
209 413 1633
29 274 1634
58 973 1635
136 1149 1636
331 788 1637
258 308 1638
88 1345 1639
132 661 1640
131 134 1641
180 1177 1642
1161 1162 1643
1282 1333 1644
27 374 1645
63 1193 1646
551 1146 1647
1780 1781 1648
136 1491 1649
1320 1781 1650
340 341 1651
135 136 1652
2 2011 1653
208 475 1654
483 485 1655
51 652 1656
53 239 1657
51 651 1658
184 756 1659
51 512 1660
830 1187 1661
1387 1491 1662
1388 1491 1663
63 362 1664
77 1408 1665
1995 1997 1666
239 705 1667
410 1630 1668
2 248 1669
1487 1488 1670
374 376 1671
1320 1321 1672
375 376 1673
824 1543 1674
51 359 1675
1320 1780 1676
51 722 1677
131 661 1678
1412 1425 1679
10 1007 1680
331 1233 1681
539 542 1682
1928 1974 1683
1150 1151 1684
239 551 1685
755 1615 1686
1342 1996 1687
107 1323 1688
58 1679 1689
148 1985 1690
681 1517 1691
734 1389 1692
26 308 1693
136 573 1694
374 375 1695
1027 1406 1696
1160 1258 1697
123 131 1698
141 239 1699
1340 1764 1700
27 481 1701
1995 1998 1702
1353 1866 1703
134 661 1704
182 183 1705
208 242 1706
1486 1488 1707
277 613 1708
1354 1355 1709
412 1376 1710
1995 1996 1711
156 1659 1712
107 1567 1713
1319 1320 1714
239 358 1715
704 1627 1716
1342 1974 1717
136 854 1718
136 1215 1719
145 1223 1720
1320 1323 1721
1914 1915 1722
84 1300 1723
51 116 1724
179 344 1725
361 362 1726
1269 1611 1727
131 132 1728
80 730 1729
237 1202 1730
905 1240 1731
1319 1321 1732
1353 1357 1733
1358 1861 1734
1412 1543 1735
304 1410 1736
381 382 1737
418 1130 1738
383 386 1739
1530 1980 1740
448 1239 1741
682 683 1742
198 566 1743
289 532 1744
145 430 1745
396 397 1746
1378 1379 1747
63 1920 1748
824 1425 1749
82 84 1750
371 372 1751
394 396 1752
1377 1379 1753
265 656 1754
1764 1765 1755
549 1263 1756
603 1948 1757
1340 1341 1758
1928 1998 1759
532 1253 1760
112 755 1761
970 2033 1762
1354 1826 1763
1320 1322 1764
1342 1997 1765
79 917 1766
541 542 1767
1319 1322 1768
1353 1354 1769
839 1854 1770
1343 1994 1771
385 1906 1772
1321 1322 1773
385 386 1774
367 379 1775
136 407 1776
1143 1362 1777
1353 1356 1778
2 872 1779
10 164 1780
29 1248 1781
136 1948 1782
710 1061 1783
970 2034 1784
1241 1242 1785
2 1265 1786
1348 1349 1787
136 281 1788
34 63 1789
1044 1341 1790
34 362 1791
396 950 1792
142 239 1793
839 1239 1794
41 115 1795
29 1751 1796
143 145 1797
268 312 1798
65 412 1799
533 564 1800
331 1484 1801
1264 1265 1802
279 1503 1803
331 985 1804
1382 1384 1805
1876 1877 1806
1269 2024 1807
356 357 1808
136 512 1809
1928 1994 1810
526 936 1811
824 825 1812
81 84 1813
156 1642 1814
34 1229 1815
83 84 1816
1155 1991 1817
29 1377 1818
144 145 1819
279 467 1820
824 1412 1821
1488 1980 1822
626 983 1823
2 3 1824
1527 1664 1825
1974 1995 1826
410 756 1827
1343 1974 1828
51 435 1829
289 1253 1830
21 195 1831
950 1015 1832
2 408 1833
34 340 1834
315 1537 1835
656 778 1836
337 1587 1837
9 123 1838
1044 1794 1839
246 304 1840
1334 1856 1841
63 607 1842
1356 1358 1843
2 324 1844
1356 1861 1845
388 1856 1846
1263 1426 1847
1838 1914 1848
105 934 1849
198 242 1850
756 1741 1851
1242 1243 1852
324 1089 1853
1928 1996 1854
123 643 1855
1350 1351 1856
93 1393 1857
1155 2018 1858
1027 1153 1859
548 549 1860
6 1243 1861
951 1251 1862
2033 2034 1863
34 1230 1864
474 894 1865
524 525 1866
771 1602 1867
1928 1997 1868
1426 1581 1869
304 1917 1870
337 347 1871
1383 1384 1872
1488 1530 1873
820 1577 1874
1213 1628 1875
539 540 1876
1377 1378 1877
51 136 1878
1527 1574 1879
265 778 1880
1321 1323 1881
331 536 1882
385 432 1883
738 959 1884
463 464 1885
356 1131 1886
406 592 1887
547 548 1888
2 1089 1889
1488 1909 1890
145 1260 1891
219 1365 1892
261 262 1893
988 1348 1894
27 1087 1895
219 1255 1896
549 1992 1897
1319 1323 1898
1838 1915 1899
906 1254 1900
951 1087 1901
1353 1358 1902
129 459 1903
144 503 1904
136 202 1905
143 503 1906
656 1667 1907
80 1236 1908
1351 1352 1909
29 454 1910
1353 1861 1911
1350 1862 1912
237 1201 1913
156 1641 1914
239 1200 1915
778 1667 1916
1234 1253 1917
1994 1998 1918
6 1241 1919
1343 1996 1920
406 407 1921
268 783 1922
387 388 1923
2 1879 1924
251 252 1925
361 520 1926
128 357 1927
356 1255 1928
29 1379 1929
1974 1994 1930
1343 1997 1931
653 1045 1932
648 1281 1933
79 918 1934
969 970 1935
2 577 1936
356 1365 1937
549 766 1938
29 127 1939
63 520 1940
934 1351 1941
128 1222 1942
124 136 1943
1155 1733 1944
134 706 1945
50 1300 1946
180 182 1947
1155 1990 1948
1343 1998 1949
331 525 1950
334 355 1951
39 946 1952
255 1549 1953
127 1220 1954
547 1992 1955
2 323 1956
337 1963 1957
388 1600 1958
936 1513 1959
1994 1996 1960
379 560 1961
129 1670 1962
571 1027 1963
1382 1383 1964
1974 1998 1965
1996 1998 1966
107 1568 1967
265 1667 1968
1985 1986 1969
356 905 1970
357 1222 1971
526 1245 1972
1037 1235 1973
1405 1511 1974
139 325 1975
307 1602 1976
388 1685 1977
42 43 1978
1201 1202 1979
105 1505 1980
34 428 1981
239 1367 1982
27 951 1983
839 983 1984
969 2033 1985
1044 1763 1986
27 501 1987
520 1604 1988
29 1378 1989
44 373 1990
474 1673 1991
788 985 1992
29 95 1993
252 1612 1994
1997 1998 1995
388 833 1996
1994 1997 1997
456 1166 1998
29 255 1999
29 1266 2000
936 1440 2001
1488 1724 2002
1838 1913 2003
1353 1826 2004
1996 1997 2005
123 1176 2006
993 1336 2007
331 1485 2008
129 458 2009
1221 1222 2010
934 1269 2011
50 920 2012
1274 1282 2013
484 633 2014
308 945 2015
1356 1826 2016
136 1257 2017
197 475 2018
1974 1996 2019
331 524 2020
29 204 2021
626 839 2022
1878 1879 2023
27 72 2024
268 1259 2025
34 589 2026
132 134 2027
1322 1323 2028
241 1527 2029
1351 1505 2030
258 1612 2031
277 1490 2032
51 1232 2033
353 354 2034
2 1878 2035
63 796 2036
738 1368 2037
31 564 2038
268 311 2039
571 1857 2040
1859 1975 2041
53 358 2042
237 248 2043
411 1176 2044
934 1350 2045
63 360 2046
970 1247 2047
16 1975 2048
1269 1351 2049
356 1240 2050
143 144 2051
2 5 2052
290 564 2053
76 1097 2054
744 1235 2055
526 1244 2056
1210 1498 2057
484 485 2058
90 91 2059
1247 1248 2060
259 262 2061
456 986 2062
1269 1350 2063
533 563 2064
1470 1471 2065
1974 1997 2066
29 108 2067
143 1223 2068
814 1252 2069
2 53 2070
241 1510 2071
29 1220 2072
357 1221 2073
308 944 2074
986 1166 2075
1348 1623 2076
136 406 2077
336 1426 2078
6 1242 2079
128 1221 2080
136 604 2081
29 1511 2082
112 1615 2083
123 465 2084
29 1408 2085
1231 1232 2086
1235 1534 2087
239 435 2088
34 209 2089
29 1549 2090
1244 1245 2091
427 428 2092
112 368 2093
406 512 2094
358 359 2095
1507 1508 2096
93 1515 2097
196 358 2098
38 1875 2099
134 167 2100
1138 1889 2101
6 9 2102
29 1405 2103
788 1485 2104
219 1254 2105
1677 1678 2106
14 16 2107
74 1501 2108
307 771 2109
540 1620 2110
108 1266 2111
268 1213 2112
198 475 2113
388 2004 2114
143 1260 2115
215 1975 2116
29 71 2117
53 462 2118
80 1237 2119
31 290 2120
362 1604 2121
969 2034 2122
1990 1991 2123
833 2020 2124
79 1236 2125
1991 2017 2126
89 91 2127
215 1859 2128
288 533 2129
323 1089 2130
1488 1601 2131
77 108 2132
31 533 2133
1732 1742 2134
1991 2018 2135
27 391 2136
462 512 2137
532 564 2138
1155 2017 2139
38 462 2140
124 202 2141
345 449 2142
215 1825 2143
74 1677 2144
648 1500 2145
323 324 2146
164 467 2147
404 1534 2148
393 396 2149
74 464 2150
1350 1505 2151
123 412 2152
288 290 2153
356 1254 2154
1600 2004 2155
9 389 2156
143 430 2157
74 463 2158
756 1710 2159
72 77 2160
63 361 2161
71 1266 2162
838 839 2163
1239 1854 2164
38 53 2165
44 372 2166
294 343 2167
288 534 2168
74 409 2169
215 1838 2170
1014 1015 2171
144 430 2172
313 920 2173
144 1223 2174
345 737 2175
757 1571 2176
51 1231 2177
1060 1061 2178
16 1859 2179
1990 2017 2180
196 359 2181
315 316 2182
308 1602 2183
412 465 2184
1236 1237 2185
2017 2018 2186
29 72 2187
49 345 2188
79 1237 2189
404 1235 2190
89 90 2191
704 1626 2192
23 409 2193
144 1260 2194
814 1107 2195
16 215 2196
35 914 2197
63 1537 2198
123 411 2199
1990 2018 2200
431 1249 2201
1203 2035 2202
72 1266 2203
307 308 2204
1107 1252 2205
411 412 2206
49 737 2207
208 462 2208
371 373 2209
308 771 2210
527 529 2211
1079 1855 2212
262 263 2213
296 299 2214
358 1397 2215
34 341 2216
833 1600 2217
289 564 2218
23 74 2219
313 1300 2220
833 2004 2221
421 422 2222
1027 1857 2223
214 969 2224
288 532 2225
288 1253 2226
5 408 2227
1763 1794 2228
1229 1230 2229
199 872 2230
507 1596 2231
589 1229 2232
1972 1974 2233
50 313 2234
2 199 2235
557 1360 2236
1908 1909 2237
920 1300 2238
529 557 2239
361 1489 2240
833 1270 2241
934 1247 2242
6 8 2243
1269 1505 2244
37 462 2245
74 1678 2246
350 373 2247
682 1348 2248
969 1540 2249
1710 1741 2250
299 757 2251
72 255 2252
297 299 2253
7 9 2254
34 520 2255
165 498 2256
14 15 2257
160 916 2258
1733 1991 2259
72 1408 2260
206 1512 2261
204 206 2262
394 397 2263
1254 1732 2264
197 474 2265
993 1663 2266
1213 1259 2267
538 973 2268
1858 1859 2269
31 289 2270
204 1512 2271
532 563 2272
215 1858 2273
529 1360 2274
934 970 2275
648 1257 2276
872 2011 2277
1733 2018 2278
411 465 2279
47 48 2280
72 1511 2281
1230 1536 2282
387 1856 2283
3 872 2284
734 1599 2285
8 9 2286
431 432 2287
682 1659 2288
349 1014 2289
53 461 2290
81 82 2291
31 532 2292
1733 2017 2293
6 7 2294
206 1079 2295
557 2048 2296
393 394 2297
1840 1859 2298
934 1248 2299
1512 1855 2300
34 1604 2301
204 1079 2302
970 1248 2303
455 456 2304
1733 1990 2305
107 501 2306
132 412 2307
298 299 2308
734 1598 2309
1203 2036 2310
252 258 2311
63 1604 2312
589 1230 2313
837 839 2314
143 390 2315
381 1052 2316
84 407 2317
311 312 2318
965 966 2319
5 872 2320
215 1840 2321
72 1549 2322
334 353 2323
511 1295 2324
59 60 2325
206 734 2326
1254 1365 2327
16 1840 2328
34 361 2329
29 94 2330
206 1855 2331
215 1860 2332
3 408 2333
317 318 2334
288 1032 2335
330 347 2336
16 1858 2337
456 457 2338
993 1137 2339
1599 1855 2340
160 467 2341
44 371 2342
1763 1764 2343
299 402 2344
1764 1794 2345
1254 1742 2346
204 1855 2347
330 337 2348
363 364 2349
71 501 2350
365 366 2351
682 1792 2352
256 390 2353
204 1599 2354
467 916 2355
15 215 2356
31 288 2357
94 95 2358
132 465 2359
361 1604 2360
1348 1793 2361
396 1014 2362
71 72 2363
483 484 2364
1079 1512 2365
288 289 2366
134 498 2367
195 807 2368
15 16 2369
442 444 2370
1724 1909 2371
72 454 2372
443 444 2373
94 195 2374
77 598 2375
1792 1793 2376
3 1142 2377
1512 1599 2378
72 108 2379
289 563 2380
316 1537 2381
1079 1599 2382
71 454 2383
343 1681 2384
379 561 2385
63 316 2386
23 1394 2387
290 563 2388
720 721 2389
23 287 2390
74 1261 2391
76 77 2392
682 1642 2393
81 83 2394
837 838 2395
360 361 2396
393 397 2397
456 565 2398
1710 1981 2399
206 1599 2400
466 467 2401
1598 1599 2402
364 365 2403
209 210 2404
968 1203 2405
53 460 2406
247 248 2407
1889 2035 2408
241 1574 2409
1859 1860 2410
682 1793 2411
783 1259 2412
3 937 2413
990 1544 2414
484 1674 2415
36 915 2416
364 804 2417
198 781 2418
206 1598 2419
442 443 2420
769 1483 2421
107 108 2422
1482 1483 2423
72 1056 2424
3 5 2425
53 199 2426
15 1859 2427
94 194 2428
993 1206 2429
1544 1545 2430
363 365 2431
1401 1799 2432
1544 1916 2433
16 1860 2434
108 501 2435
317 1544 2436
143 256 2437
682 1786 2438
8 389 2439
31 563 2440
317 1916 2441
165 497 2442
950 1014 2443
459 1670 2444
214 970 2445
72 501 2446
134 497 2447
603 604 2448
1840 1860 2449
51 604 2450
72 204 2451
334 354 2452
1973 1974 2453
213 969 2454
2 460 2455
769 1482 2456
15 1858 2457
123 132 2458
1348 1792 2459
46 48 2460
460 461 2461
241 1664 2462
317 1545 2463
194 195 2464
346 484 2465
1642 1786 2466
1348 1786 2467
476 477 2468
538 620 2469
51 603 2470
1642 1659 2471
260 262 2472
7 8 2473
40 48 2474
71 107 2475
970 1540 2476
134 207 2477
460 462 2478
497 498 2479
615 966 2480
990 1916 2481
130 1670 2482
293 720 2483
432 1906 2484
63 602 2485
410 538 2486
461 462 2487
161 163 2488
317 1546 2489
1475 1476 2490
990 1545 2491
1840 1858 2492
317 990 2493
3 1475 2494
34 210 2495
1786 1793 2496
71 108 2497
288 564 2498
330 1018 2499
209 477 2500
258 293 2501
968 1889 2502
1858 1860 2503
484 1606 2504
467 1503 2505
159 160 2506
1786 1792 2507
1709 1710 2508
744 1534 2509
1544 1546 2510
7 389 2511
1573 1574 2512
23 113 2513
161 162 2514
99 159 2515
160 162 2516
293 721 2517
15 1860 2518
73 74 2519
99 161 2520
337 458 2521
1724 1908 2522
39 1532 2523
580 581 2524
604 1948 2525
160 161 2526
1206 1663 2527
37 38 2528
1572 1574 2529
74 1262 2530
296 297 2531
454 1408 2532
159 162 2533
459 1911 2534
1572 1573 2535
259 261 2536
615 616 2537
1261 1262 2538
45 48 2539
211 284 2540
159 161 2541
329 330 2542
159 163 2543
197 198 2544
1797 1798 2545
72 107 2546
601 602 2547
15 1840 2548
99 160 2549
445 1547 2550
99 163 2551
990 1546 2552
72 1548 2553
297 298 2554
836 838 2555
1574 1664 2556
209 476 2557
261 263 2558
308 1289 2559
162 163 2560
459 1002 2561
836 837 2562
1051 1542 2563
132 411 2564
298 402 2565
560 561 2566
160 163 2567
211 212 2568
276 277 2569
1050 1051 2570
1002 1911 2571
40 1608 2572
99 162 2573
213 970 2574
446 1547 2575
94 1609 2576
1889 2036 2577
40 1891 2578
193 580 2579
210 476 2580
445 446 2581
198 208 2582
563 564 2583
1401 1798 2584
214 1540 2585
296 298 2586
836 839 2587
199 460 2588
134 1621 2589
1401 1797 2590
334 336 2591
836 1550 2592
213 214 2593
404 744 2594
2035 2036 2595
210 477 2596
72 1610 2597
335 336 2598
336 1090 2599
213 1540 2600
211 285 2601
77 1274 2602
288 563 2603
298 757 2604
259 263 2605
1050 1542 2606
168 169 2607
94 505 2608
392 968 2609
795 1055 2610
893 968 2611
545 546 2612
795 1054 2613
94 1947 2614
36 914 2615
402 757 2616
543 546 2617
35 36 2618
94 2003 2619
1330 1331 2620
260 261 2621
169 490 2622
296 757 2623
543 544 2624
1609 2003 2625
46 47 2626
392 893 2627
544 546 2628
505 1609 2629
36 1616 2630
40 47 2631
505 1947 2632
1054 1055 2633
169 170 2634
40 46 2635
544 545 2636
168 170 2637
259 260 2638
298 621 2639
45 47 2640
170 490 2641
45 46 2642
543 545 2643
1609 1947 2644
39 40 2645
40 45 2646
505 2003 2647
212 284 2648
260 263 2649
1947 2003 2650
207 1621 2651
212 285 2652
284 285 2653
1046 1618 2654
1046 1116 2655
1046 1117 2656
1046 1617 2657
1116 1618 2658
1617 1618 2659
1116 1617 2660
1116 1117 2661
1117 1618 2662
1117 1617 2663
