102 1898 1
102 1899 2
102 1904 3
684 1800 4
102 1960 5
684 690 6
102 1902 7
380 1745 8
690 1800 9
380 1746 10
44 237 11
102 1959 12
684 1801 13
690 1801 14
102 1905 15
690 966 16
684 1802 17
380 1785 18
690 1802 19
1745 1746 20
684 1427 21
684 1035 22
1899 1902 23
102 103 24
1800 1801 25
380 1747 26
697 1228 27
1575 1720 28
93 1515 29
1898 1960 30
93 137 31
48 1020 32
690 1771 33
1800 1802 34
1904 1905 35
93 1834 36
1771 1832 37
1746 1747 38
183 684 39
380 1842 40
488 740 41
103 678 42
380 1438 43
291 1129 44
678 1452 45
178 1557 46
495 740 47
684 1805 48
1753 1769 49
1019 1020 50
44 569 51
438 1020 52
1752 1753 53
1801 1802 54
1228 1328 55
396 1755 56
663 678 57
1060 1061 58
1432 1720 59
684 1804 60
678 1761 61
178 655 62
690 1754 63
1745 1747 64
380 1843 65
1228 1327 66
380 1640 67
678 1450 68
635 740 69
1898 1959 70
1959 1960 71
48 438 72
189 873 73
690 1788 74
728 1967 75
1136 1459 76
655 1557 77
678 751 78
93 1393 79
291 292 80
291 1970 81
1327 1328 82
290 533 83
697 1327 84
1557 1828 85
1228 1433 86
1967 1968 87
943 982 88
1463 1753 89
728 1968 90
1967 1969 91
703 1720 92
2 438 93
1459 1757 94
1373 1720 95
697 1328 96
102 1886 97
237 569 98
520 1821 99
1720 1961 100
1720 1819 101
219 495 102
177 178 103
1759 1761 104
438 617 105
1636 1720 106
103 1761 107
655 1828 108
617 1020 109
1555 1556 110
1760 1761 111
1968 1969 112
1559 1637 113
1804 1805 114
84 1459 115
380 396 116
183 1594 117
488 495 118
103 1450 119
697 1433 120
703 1432 121
103 1759 122
448 642 123
1637 1806 124
631 1424 125
123 1964 126
183 1427 127
279 1814 128
1575 1636 129
702 1416 130
655 1436 131
1129 1970 132
279 713 133
279 705 134
396 1803 135
219 740 136
362 1821 137
1450 1761 138
1640 1842 139
1842 1843 140
48 1844 141
103 1760 142
751 1450 143
1759 1760 144
103 751 145
290 530 146
50 123 147
148 1896 148
708 709 149
705 1835 150
1895 1896 151
1438 1842 152
703 1819 153
709 1836 154
728 1969 155
1753 1823 156
156 1159 157
1821 1822 158
396 1745 159
93 279 160
102 751 161
943 1514 162
148 1895 163
1108 1455 164
48 1830 165
688 690 166
219 488 167
1191 1926 168
1748 1749 169
1795 1809 170
530 533 171
663 1452 172
290 743 173
1814 1816 174
1432 1819 175
713 1815 176
1218 1675 177
279 1815 178
1190 1191 179
1640 1843 180
420 873 181
1136 1757 182
1175 1459 183
583 1821 184
624 625 185
290 534 186
794 1592 187
237 658 188
362 396 189
794 2050 190
507 927 191
728 1191 192
1438 1640 193
728 1653 194
710 1061 195
232 234 196
707 709 197
1438 1843 198
1449 1450 199
1592 2050 200
642 1314 201
700 702 202
182 183 203
689 690 204
44 268 205
233 1923 206
290 531 207
456 1749 208
1427 2005 209
44 1196 210
279 1816 211
740 1434 212
1814 1815 213
448 1314 214
662 663 215
1078 1456 216
180 183 217
533 743 218
728 1614 219
362 583 220
1450 1453 221
705 1559 222
751 1761 223
684 755 224
1439 1454 225
520 1435 226
88 644 227
1458 1459 228
1755 1809 229
3 268 230
29 1465 231
520 1822 232
690 915 233
1953 1954 234
396 1747 235
534 743 236
495 635 237
520 668 238
1481 1966 239
794 2051 240
237 594 241
756 1020 242
290 535 243
1954 1955 244
279 467 245
290 650 246
1404 1976 247
2050 2051 248
710 1060 249
631 699 250
1815 1816 251
1459 1460 252
1592 2051 253
103 426 254
423 1808 255
438 1078 256
396 1821 257
726 728 258
123 2044 259
1954 1956 260
291 653 261
438 475 262
1803 1989 263
531 533 264
707 708 265
26 27 266
137 1834 267
530 534 268
533 534 269
672 674 270
396 1989 271
794 1163 272
103 1810 273
1653 1954 274
794 1164 275
728 1926 276
279 502 277
576 1809 278
702 723 279
183 1177 280
530 743 281
1474 1820 282
44 1901 283
702 2001 284
702 904 285
1570 1927 286
672 673 287
705 1903 288
530 531 289
943 1585 290
300 672 291
438 1844 292
672 1553 293
44 610 294
927 1639 295
531 743 296
617 1783 297
1459 1638 298
1163 1592 299
279 1503 300
1164 1592 301
1164 2050 302
2 237 303
356 495 304
451 930 305
1361 1748 306
1119 1396 307
530 535 308
926 1639 309
50 1964 310
438 620 311
1163 2050 312
29 873 313
88 1345 314
44 1784 315
531 534 316
672 1847 317
1335 1336 318
1404 1767 319
1437 1438 320
88 1344 321
533 535 322
533 1584 323
728 1845 324
533 650 325
1849 2053 326
438 1456 327
315 362 328
642 1267 329
948 966 330
258 624 331
134 1060 332
165 1060 333
1313 1314 334
290 1584 335
650 743 336
642 1306 337
846 1896 338
103 1551 339
290 451 340
530 1584 341
1043 1044 342
44 1744 343
1359 1791 344
11 404 345
712 713 346
1553 1847 347
123 2049 348
44 898 349
395 1318 350
628 672 351
451 531 352
475 488 353
727 728 354
1614 1845 355
237 1026 356
88 1309 357
103 1817 358
362 1822 359
594 1151 360
451 530 361
673 674 362
290 664 363
594 1317 364
926 927 365
576 1755 366
1420 1428 367
148 1436 368
530 650 369
617 1775 370
679 1818 371
84 1460 372
237 1139 373
668 1435 374
220 709 375
237 610 376
642 1307 377
423 1451 378
44 639 379
594 1579 380
44 658 381
1135 1136 382
502 705 383
572 1432 384
1570 1889 385
44 1413 386
1164 2051 387
1298 1299 388
965 966 389
1308 1411 390
628 1553 391
1404 1768 392
425 658 393
1163 2051 394
237 639 395
315 1821 396
362 520 397
642 1313 398
180 182 399
1569 1570 400
761 1416 401
44 641 402
628 1847 403
520 667 404
396 1987 405
534 650 406
531 650 407
300 673 408
724 725 409
44 1026 410
448 1306 411
608 1420 412
44 1900 413
727 752 414
395 730 415
1653 1953 416
237 1770 417
1432 1884 418
44 1890 419
63 362 420
631 748 421
488 635 422
1964 2049 423
44 1398 424
180 1177 425
43 237 426
362 668 427
91 489 428
494 495 429
44 1589 430
658 1589 431
1043 1765 432
531 535 433
736 1480 434
44 1770 435
1159 1525 436
1303 1361 437
801 1298 438
1336 1882 439
448 1307 440
1430 1431 441
88 1196 442
467 916 443
467 1503 444
556 1479 445
451 534 446
88 1310 447
1297 1299 448
292 653 449
535 650 450
736 1164 451
608 1428 452
1439 1533 453
85 86 454
664 665 455
1478 1479 456
191 1555 457
1401 1896 458
136 244 459
531 1584 460
26 1301 461
44 1421 462
658 1026 463
44 233 464
1441 1849 465
218 709 466
290 1590 467
44 1418 468
448 1313 469
27 1155 470
44 232 471
736 1163 472
698 1136 473
1173 1359 474
156 1525 475
534 535 476
1415 1442 477
726 727 478
237 1589 479
134 710 480
277 1490 481
1043 1880 482
1461 1462 483
679 680 484
1163 1164 485
1124 1432 486
176 410 487
579 644 488
612 1095 489
191 1556 490
1133 1308 491
44 425 492
137 1457 493
701 702 494
630 631 495
650 1584 496
533 1590 497
1570 1919 498
1043 1881 499
1306 1307 500
51 371 501
331 1461 502
410 617 503
698 1135 504
1159 1524 505
237 1421 506
1570 1897 507
160 467 508
331 1474 509
642 1595 510
1163 1480 511
176 1776 512
1164 1480 513
44 1924 514
534 930 515
626 900 516
753 2022 517
1151 1579 518
220 396 519
237 504 520
644 1309 521
237 939 522
1043 2047 523
1174 1359 524
237 907 525
451 533 526
801 1297 527
19 85 528
396 691 529
1044 1765 530
84 1638 531
466 467 532
594 1150 533
1964 2044 534
136 277 535
610 658 536
1432 1885 537
1880 1881 538
126 1173 539
725 1686 540
237 940 541
1175 1458 542
658 1075 543
1919 1927 544
658 738 545
1525 1888 546
2 1421 547
2044 2049 548
277 613 549
165 710 550
44 971 551
58 1679 552
801 1299 553
237 1890 554
362 1435 555
1159 1526 556
728 2026 557
753 2023 558
644 1310 559
658 1924 560
1119 1134 561
219 1434 562
237 641 563
971 1102 564
485 1108 565
29 204 566
413 919 567
388 647 568
525 743 569
451 535 570
913 915 571
1119 1877 572
44 1102 573
311 312 574
400 1044 575
1361 1962 576
187 613 577
1043 1340 578
237 1418 579
420 943 580
908 1053 581
279 466 582
644 1196 583
664 666 584
1473 1474 585
641 1026 586
321 1431 587
448 1595 588
743 1590 589
1522 1533 590
605 606 591
1614 2026 592
507 922 593
1445 1447 594
1614 1653 595
258 908 596
753 2012 597
531 1590 598
556 631 599
831 1058 600
556 748 601
642 1446 602
44 1139 603
321 1430 604
239 654 605
451 453 606
489 1192 607
495 1132 608
495 1131 609
710 711 610
156 1526 611
540 583 612
1253 1849 613
1416 2001 614
530 1590 615
1119 1876 616
58 942 617
438 469 618
410 1776 619
639 1026 620
753 821 621
176 1777 622
724 1522 623
610 641 624
908 2025 625
676 1823 626
156 1524 627
148 1148 628
356 396 629
148 1492 630
237 1147 631
594 1147 632
1157 1159 633
448 1446 634
142 932 635
475 620 636
438 1211 637
396 637 638
1526 1888 639
147 148 640
617 1679 641
644 1852 642
1095 1682 643
58 724 644
291 508 645
63 1195 646
630 748 647
1995 2037 648
468 1390 649
626 899 650
724 1686 651
451 452 652
1196 1302 653
1524 1525 654
2 594 655
1361 1576 656
489 1897 657
1159 1888 658
610 639 659
667 668 660
712 1848 661
187 277 662
26 944 663
438 470 664
495 636 665
712 1846 666
356 740 667
26 308 668
137 1315 669
1173 1174 670
1876 1877 671
26 945 672
1167 1502 673
103 921 674
126 1174 675
44 1422 676
399 400 677
489 1622 678
753 1141 679
534 1590 680
1584 1590 681
164 467 682
371 1423 683
1955 1956 684
1931 1933 685
751 1886 686
258 1053 687
1776 1777 688
615 966 689
620 1429 690
2 187 691
148 496 692
1303 1576 693
640 641 694
345 737 695
103 750 696
611 1095 697
697 698 698
1445 1448 699
725 1521 700
160 569 701
237 941 702
612 1682 703
530 532 704
434 932 705
594 940 706
1995 2039 707
331 1473 708
1044 1881 709
1156 1159 710
700 701 711
1159 1527 712
728 1958 713
971 1421 714
156 1404 715
371 1516 716
688 689 717
2012 2022 718
50 1164 719
187 244 720
54 1966 721
258 2025 722
413 694 723
239 932 724
1044 1880 725
43 44 726
75 591 727
148 1518 728
1467 1583 729
1995 2038 730
244 831 731
741 743 732
826 932 733
84 1471 734
582 583 735
650 1590 736
290 532 737
899 900 738
1475 1476 739
388 646 740
148 1401 741
617 756 742
644 1345 743
639 641 744
136 831 745
594 941 746
857 1396 747
1569 1889 748
742 743 749
1445 1466 750
472 860 751
1765 1881 752
532 533 753
331 1462 754
569 1421 755
345 449 756
268 312 757
438 1429 758
276 277 759
49 345 760
119 468 761
237 1196 762
2022 2023 763
612 717 764
1166 1502 765
531 532 766
693 752 767
359 1417 768
258 632 769
58 973 770
639 640 771
1445 1824 772
1929 1931 773
753 1635 774
507 1639 775
1208 1209 776
1525 1526 777
405 1329 778
394 396 779
644 649 780
913 914 781
27 1301 782
75 1950 783
410 1777 784
475 591 785
556 630 786
420 1171 787
1044 1995 788
748 749 789
393 396 790
54 1481 791
1095 1790 792
413 634 793
900 1304 794
1614 1958 795
743 1887 796
160 916 797
1524 1526 798
1930 1931 799
922 973 800
922 1833 801
1931 1932 802
123 643 803
44 371 804
1765 1880 805
647 1934 806
730 1318 807
320 321 808
131 661 809
914 915 810
753 2021 811
9 123 812
539 542 813
67 320 814
660 661 815
659 661 816
67 321 817
396 397 818
438 1250 819
1095 1683 820
1560 1687 821
2012 2023 822
156 1527 823
940 941 824
1930 1933 825
148 1985 826
357 906 827
540 1620 828
218 220 829
680 1818 830
131 660 831
134 165 832
594 939 833
753 1894 834
452 453 835
1058 1059 836
1929 1933 837
80 670 838
420 1391 839
423 806 840
2 1147 841
78 131 842
1932 1933 843
1765 2047 844
2 1477 845
900 931 846
337 351 847
665 666 848
2037 2039 849
43 658 850
717 719 851
413 414 852
1158 1159 853
658 1988 854
556 622 855
654 932 856
1044 1928 857
1929 1932 858
21 391 859
572 1124 860
724 1521 861
33 729 862
591 1949 863
450 451 864
717 718 865
620 973 866
2038 2039 867
609 610 868
658 1139 869
29 679 870
156 1465 871
725 1337 872
1073 1303 873
379 1687 874
594 936 875
148 1986 876
556 749 877
434 826 878
557 2048 879
2021 2023 880
136 613 881
371 373 882
129 728 883
268 311 884
187 907 885
1614 1929 886
591 1950 887
448 1529 888
103 1403 889
579 649 890
659 660 891
258 1493 892
148 1789 893
675 676 894
80 1318 895
400 1995 896
413 695 897
488 507 898
1930 1932 899
532 535 900
583 1782 901
268 645 902
704 860 903
709 919 904
1044 1343 905
84 280 906
612 1690 907
131 133 908
2037 2038 909
507 926 910
729 731 911
400 2052 912
533 927 913
1928 1995 914
542 1519 915
569 916 916
421 423 917
535 927 918
579 1852 919
905 906 920
646 647 921
1044 2047 922
502 735 923
258 1172 924
388 1934 925
1044 1342 926
75 1949 927
400 1343 928
63 1194 929
820 1577 930
405 1209 931
731 732 932
944 945 933
26 1289 934
1343 1995 935
750 751 936
381 475 937
539 540 938
612 1593 939
1949 1950 940
1797 1798 941
1929 1930 942
27 391 943
729 732 944
242 475 945
51 239 946
434 654 947
939 940 948
258 293 949
331 788 950
49 737 951
669 670 952
1044 1340 953
187 237 954
419 1303 955
611 612 956
211 693 957
400 401 958
290 927 959
422 423 960
520 1489 961
165 711 962
654 826 963
1369 1519 964
1421 1422 965
141 142 966
1343 1928 967
400 1342 968
51 359 969
268 778 970
137 938 971
489 1889 972
751 921 973
1447 1448 974
40 1891 975
237 523 976
362 1195 977
270 1442 978
405 433 979
724 1533 980
1166 1167 981
371 372 982
54 1957 983
337 1963 984
400 1928 985
541 542 986
1342 1995 987
258 308 988
615 616 989
704 1577 990
417 419 991
189 466 992
675 677 993
702 1225 994
237 1201 995
1995 1999 996
242 495 997
551 705 998
268 1831 999
80 669 1000
249 729 1001
846 1912 1002
1253 1441 1003
472 704 1004
220 587 1005
872 909 1006
134 711 1007
475 635 1008
530 1520 1009
532 534 1010
78 661 1011
43 1026 1012
237 1202 1013
612 1689 1014
2 1580 1015
244 1058 1016
333 486 1017
676 677 1018
442 657 1019
34 395 1020
136 237 1021
724 1337 1022
400 1999 1023
2 925 1024
32 729 1025
715 716 1026
971 1422 1027
612 1790 1028
33 249 1029
420 928 1030
50 1163 1031
939 941 1032
1401 1798 1033
456 986 1034
533 1520 1035
549 1426 1036
646 1867 1037
1264 1265 1038
605 657 1039
44 373 1040
704 820 1041
486 487 1042
184 756 1043
181 448 1044
21 23 1045
270 1415 1046
1044 1999 1047
1419 1578 1048
715 1153 1049
905 1240 1050
715 1027 1051
1999 2052 1052
730 731 1053
105 1296 1054
331 1179 1055
575 576 1056
741 742 1057
2 1375 1058
136 1490 1059
1343 1999 1060
54 1588 1061
437 438 1062
252 839 1063
1928 1999 1064
219 356 1065
424 425 1066
1342 1343 1067
676 1101 1068
1027 1406 1069
1401 1799 1070
379 1560 1071
236 594 1072
79 131 1073
133 660 1074
239 359 1075
331 1485 1076
404 753 1077
2 1169 1078
244 1145 1079
1157 1158 1080
922 924 1081
716 1153 1082
1401 1797 1083
694 695 1084
290 1253 1085
909 1326 1086
1687 1688 1087
80 671 1088
1342 1928 1089
239 1417 1090
447 448 1091
2 1265 1092
54 68 1093
110 644 1094
399 401 1095
576 1219 1096
420 1132 1097
1682 1683 1098
2 236 1099
839 1239 1100
2 1264 1101
42 44 1102
420 556 1103
290 1032 1104
1416 1591 1105
44 372 1106
970 1772 1107
69 1578 1108
575 1219 1109
858 1873 1110
1340 1765 1111
676 2019 1112
2 623 1113
304 900 1114
475 1429 1115
1340 1343 1116
593 594 1117
142 239 1118
1958 1983 1119
915 1563 1120
2 1883 1121
141 816 1122
290 1520 1123
32 249 1124
304 1410 1125
730 732 1126
34 1467 1127
139 325 1128
237 355 1129
1369 2010 1130
357 905 1131
244 1144 1132
554 644 1133
704 1951 1134
1995 2000 1135
846 1778 1136
670 671 1137
333 487 1138
680 1168 1139
136 593 1140
396 1015 1141
400 2000 1142
80 730 1143
268 929 1144
1342 1999 1145
1416 1425 1146
32 33 1147
51 872 1148
258 1612 1149
1219 1384 1150
756 1679 1151
1161 1164 1152
1340 1342 1153
534 1253 1154
839 1347 1155
27 66 1156
331 1178 1157
1369 1925 1158
448 1165 1159
556 928 1160
107 1323 1161
308 944 1162
1194 1195 1163
80 131 1164
1343 2000 1165
839 1346 1166
219 1255 1167
337 352 1168
1162 1164 1169
1369 1827 1170
2 1170 1171
535 1520 1172
922 923 1173
1375 1564 1174
304 899 1175
418 1130 1176
681 1517 1177
29 71 1178
289 530 1179
704 1541 1180
11 268 1181
27 481 1182
337 1587 1183
54 931 1184
267 268 1185
633 1133 1186
1044 2000 1187
1144 1145 1188
704 1626 1189
308 945 1190
682 834 1191
1241 1907 1192
239 705 1193
419 1130 1194
2 577 1195
84 217 1196
1486 1488 1197
1689 1690 1198
44 1399 1199
270 314 1200
2000 2052 1201
351 352 1202
1928 2000 1203
845 846 1204
1382 1384 1205
1538 1539 1206
488 1762 1207
613 614 1208
404 405 1209
1416 1603 1210
474 591 1211
917 1516 1212
1539 1796 1213
44 350 1214
973 1833 1215
1161 1163 1216
2 1879 1217
923 924 1218
253 839 1219
488 506 1220
1774 1813 1221
51 242 1222
973 1787 1223
579 1528 1224
1221 1484 1225
473 1569 1226
1369 1552 1227
1884 1885 1228
78 917 1229
44 424 1230
973 1186 1231
2 569 1232
418 419 1233
857 1864 1234
40 1608 1235
338 1889 1236
532 927 1237
554 1345 1238
448 1224 1239
338 1569 1240
683 834 1241
686 687 1242
533 1253 1243
1358 1774 1244
704 1627 1245
419 1073 1246
745 747 1247
110 1345 1248
1346 1347 1249
44 754 1250
111 762 1251
626 839 1252
701 1225 1253
761 1409 1254
51 909 1255
578 579 1256
1150 1151 1257
244 1339 1258
657 1188 1259
1878 1879 1260
304 619 1261
760 970 1262
618 619 1263
1470 1471 1264
705 909 1265
1219 1382 1266
236 939 1267
1342 2000 1268
2 1878 1269
1155 1486 1270
1400 1614 1271
192 618 1272
105 1226 1273
137 138 1274
796 1416 1275
1181 1182 1276
410 756 1277
536 1179 1278
642 1224 1279
1155 1488 1280
191 1409 1281
272 1385 1282
289 534 1283
1296 2008 1284
973 1566 1285
1180 1181 1286
1426 1581 1287
282 283 1288
54 1386 1289
382 973 1290
729 730 1291
1219 1383 1292
236 237 1293
236 1160 1294
1889 1897 1295
1484 1562 1296
1221 1562 1297
152 1256 1298
29 274 1299
1195 1920 1300
733 734 1301
745 746 1302
239 909 1303
796 1543 1304
27 429 1305
1383 1384 1306
669 671 1307
1330 1331 1308
1507 1897 1309
315 583 1310
378 379 1311
107 1568 1312
78 80 1313
450 453 1314
751 1178 1315
947 948 1316
36 1361 1317
1268 1565 1318
331 751 1319
656 1188 1320
152 242 1321
751 1179 1322
1127 1506 1323
1732 1742 1324
1263 1426 1325
110 1189 1326
2 248 1327
196 359 1328
129 547 1329
351 696 1330
739 1922 1331
356 608 1332
419 1952 1333
436 1181 1334
448 1324 1335
436 1180 1336
111 1238 1337
1539 1812 1338
410 1945 1339
362 601 1340
105 935 1341
107 1567 1342
986 1166 1343
738 959 1344
762 1238 1345
34 362 1346
1406 1407 1347
473 1889 1348
547 548 1349
1180 1182 1350
1354 1355 1351
179 344 1352
131 134 1353
349 1517 1354
381 620 1355
1403 1404 1356
50 1161 1357
306 419 1358
718 719 1359
1155 1980 1360
536 1562 1361
50 1162 1362
653 927 1363
936 1513 1364
11 753 1365
1155 1487 1366
337 458 1367
450 452 1368
591 1123 1369
1613 1614 1370
63 1124 1371
381 1052 1372
1162 1163 1373
123 686 1374
914 1563 1375
1241 1242 1376
1572 1573 1377
27 378 1378
96 488 1379
750 921 1380
538 620 1381
1444 1758 1382
29 638 1383
1382 1383 1384
198 475 1385
283 1149 1386
132 661 1387
239 358 1388
246 915 1389
79 660 1390
156 1641 1391
547 549 1392
271 272 1393
331 985 1394
1184 1185 1395
1268 1269 1396
131 132 1397
547 1992 1398
419 1305 1399
644 1246 1400
141 239 1401
289 290 1402
508 515 1403
909 1146 1404
331 524 1405
1444 1851 1406
252 1346 1407
289 533 1408
1443 1444 1409
1488 1980 1410
356 1131 1411
1796 1812 1412
272 1184 1413
272 1918 1414
388 1685 1415
475 1472 1416
1552 1827 1417
1178 1179 1418
237 1187 1419
536 1484 1420
289 535 1421
1444 2045 1422
2 1139 1423
3 1475 1424
591 1561 1425
1155 1530 1426
739 1444 1427
21 195 1428
272 1183 1429
209 413 1430
410 1630 1431
1183 1184 1432
1155 1666 1433
191 761 1434
1044 1341 1435
1320 1371 1436
436 1182 1437
110 554 1438
130 339 1439
1027 1153 1440
27 379 1441
1242 1243 1442
1044 1764 1443
686 1325 1444
686 1469 1445
29 454 1446
349 681 1447
593 808 1448
475 1288 1449
252 1347 1450
1155 1965 1451
63 1920 1452
362 1489 1453
388 1856 1454
993 1336 1455
715 1388 1456
1486 1487 1457
551 1146 1458
1143 1362 1459
21 94 1460
282 1149 1461
788 1179 1462
1488 1530 1463
1974 1995 1464
1269 1565 1465
78 79 1466
536 1221 1467
1131 1132 1468
315 1782 1469
29 72 1470
551 909 1471
105 934 1472
385 1143 1473
1160 1258 1474
845 1778 1475
927 1045 1476
1183 1185 1477
598 1523 1478
686 1468 1479
598 599 1480
1530 1980 1481
716 1027 1482
1194 1920 1483
1999 2000 1484
686 1380 1485
136 283 1486
404 433 1487
252 253 1488
715 1491 1489
136 573 1490
512 593 1491
488 1334 1492
270 1366 1493
839 1854 1494
1995 1997 1495
252 258 1496
1293 1320 1497
27 377 1498
362 607 1499
472 1370 1500
1154 1155 1501
105 1227 1502
253 1347 1503
715 1387 1504
136 715 1505
970 1247 1506
1179 1484 1507
331 536 1508
1269 1611 1509
620 1554 1510
29 255 1511
1195 1982 1512
112 368 1513
304 1917 1514
1358 1813 1515
527 529 1516
3 937 1517
78 918 1518
83 84 1519
134 661 1520
81 84 1521
379 1277 1522
948 1363 1523
3 1142 1524
569 834 1525
636 1132 1526
734 1389 1527
34 1583 1528
79 80 1529
136 282 1530
656 657 1531
1161 1162 1532
686 1921 1533
1155 1853 1534
1239 1854 1535
1269 2024 1536
591 1472 1537
1995 1998 1538
27 376 1539
34 63 1540
525 1444 1541
51 152 1542
1928 1996 1543
387 388 1544
1985 1986 1545
134 706 1546
636 1131 1547
31 743 1548
239 1367 1549
272 1185 1550
1995 1996 1551
950 1984 1552
51 241 1553
1444 2030 1554
63 520 1555
239 435 1556
253 1346 1557
1567 1568 1558
82 84 1559
338 339 1560
337 347 1561
686 1176 1562
1928 1974 1563
136 603 1564
1444 1922 1565
272 1038 1566
355 958 1567
620 1504 1568
396 1014 1569
549 1263 1570
1254 1742 1571
44 567 1572
123 1176 1573
1468 1469 1574
755 1615 1575
53 239 1576
548 549 1577
129 946 1578
246 1563 1579
294 343 1580
488 636 1581
601 1195 1582
508 517 1583
331 1233 1584
246 304 1585
410 1662 1586
343 1681 1587
78 132 1588
533 564 1589
130 1402 1590
216 217 1591
796 1425 1592
2 408 1593
685 686 1594
338 1586 1595
348 349 1596
1928 1997 1597
367 379 1598
356 637 1599
1038 1183 1600
382 620 1601
533 563 1602
63 1982 1603
136 614 1604
308 1289 1605
1044 1997 1606
338 1372 1607
10 1007 1608
51 435 1609
1038 1184 1610
1044 1996 1611
704 1246 1612
1385 1918 1613
136 1149 1614
1194 1982 1615
103 1404 1616
51 512 1617
1254 1732 1618
29 1751 1619
47 48 1620
27 375 1621
474 475 1622
1044 1998 1623
1487 1488 1624
331 1484 1625
376 377 1626
29 108 1627
806 1311 1628
1380 1468 1629
136 1387 1630
375 377 1631
547 946 1632
1343 1997 1633
191 1535 1634
455 456 1635
1928 1998 1636
1038 1185 1637
970 2033 1638
452 509 1639
1343 1996 1640
1293 1371 1641
105 1862 1642
189 190 1643
1241 1243 1644
1340 1341 1645
2 324 1646
1044 1974 1647
374 377 1648
396 950 1649
1343 1974 1650
1044 1763 1651
270 1494 1652
526 936 1653
686 1499 1654
1388 1491 1655
388 833 1656
129 130 1657
1387 1388 1658
135 136 1659
988 1349 1660
2 1332 1661
388 1600 1662
1412 1543 1663
23 1394 1664
557 1360 1665
934 970 1666
950 1979 1667
79 133 1668
34 1195 1669
338 343 1670
769 1483 1671
1972 1974 1672
549 1992 1673
29 1377 1674
10 164 1675
134 167 1676
1380 1469 1677
484 633 1678
682 683 1679
27 374 1680
591 1684 1681
1320 1781 1682
136 1388 1683
274 638 1684
1994 1995 1685
28 686 1686
839 983 1687
123 131 1688
934 1227 1689
361 520 1690
27 1087 1691
239 551 1692
1488 1724 1693
23 74 1694
2 872 1695
29 1266 1696
31 331 1697
343 473 1698
1230 1536 1699
288 534 1700
2 2011 1701
51 136 1702
508 509 1703
381 382 1704
1320 1780 1705
475 1684 1706
1044 1994 1707
1928 1994 1708
1412 1425 1709
246 914 1710
538 973 1711
456 1166 1712
51 116 1713
1573 1574 1714
838 839 1715
1261 1262 1716
1387 1491 1717
1444 1971 1718
63 315 1719
406 512 1720
520 1604 1721
936 1440 1722
1320 1323 1723
79 917 1724
136 512 1725
1225 1227 1726
1400 1613 1727
1342 1996 1728
1343 1998 1729
136 854 1730
65 1376 1731
156 566 1732
189 1837 1733
1320 1779 1734
189 1605 1735
1342 1997 1736
290 564 1737
350 373 1738
412 1376 1739
136 281 1740
1488 1909 1741
74 1277 1742
450 1385 1743
524 525 1744
29 1408 1745
379 560 1746
189 629 1747
463 464 1748
286 339 1749
358 1397 1750
578 1528 1751
734 1599 1752
1973 1974 1753
29 1378 1754
123 411 1755
456 457 1756
43 1988 1757
356 1255 1758
255 1549 1759
1342 1974 1760
288 533 1761
29 1379 1762
1343 1994 1763
1 27 1764
1319 1320 1765
59 60 1766
361 362 1767
1392 1496 1768
1979 1984 1769
130 1127 1770
532 1520 1771
653 1045 1772
239 1200 1773
1320 1321 1774
71 454 1775
136 1215 1776
63 1193 1777
374 376 1778
290 563 1779
338 473 1780
339 1402 1781
36 1616 1782
356 1240 1783
1710 1981 1784
19 51 1785
29 94 1786
357 1222 1787
375 376 1788
29 1549 1789
852 1392 1790
112 1615 1791
136 1491 1792
808 1143 1793
1354 1358 1794
374 375 1795
27 72 1796
23 409 1797
525 1338 1798
852 1940 1799
1114 1669 1800
219 1365 1801
336 1426 1802
338 1607 1803
911 912 1804
1342 1998 1805
6 1242 1806
87 485 1807
686 1364 1808
1495 1496 1809
385 1362 1810
600 2002 1811
134 207 1812
1342 1994 1813
296 297 1814
2 1089 1815
6 1241 1816
262 1022 1817
484 1674 1818
1340 1764 1819
136 1257 1820
208 475 1821
51 651 1822
208 462 1823
934 1247 1824
648 1281 1825
296 757 1826
1482 1483 1827
1321 1322 1828
969 970 1829
41 115 1830
589 1229 1831
682 1659 1832
237 258 1833
906 1254 1834
1354 1826 1835
1358 1866 1836
1764 1765 1837
196 358 1838
416 419 1839
136 406 1840
1320 1322 1841
268 1259 1842
84 1300 1843
1364 1499 1844
51 652 1845
1321 1323 1846
788 1485 1847
603 613 1848
288 290 1849
1425 1543 1850
165 497 1851
1780 1781 1852
324 1089 1853
29 1405 1854
529 1360 1855
1322 1323 1856
682 1642 1857
756 1741 1858
65 412 1859
569 627 1860
1319 1321 1861
388 2004 1862
27 501 1863
112 755 1864
134 497 1865
824 1412 1866
626 983 1867
970 2034 1868
950 1015 1869
529 557 1870
1378 1379 1871
128 357 1872
74 409 1873
353 355 1874
824 825 1875
917 918 1876
34 1381 1877
356 1365 1878
456 565 1879
385 1578 1880
63 601 1881
360 362 1882
1642 1659 1883
651 652 1884
591 1673 1885
105 1505 1886
1201 1202 1887
80 1236 1888
769 1482 1889
685 687 1890
29 1511 1891
1997 1998 1892
1356 1358 1893
1351 1352 1894
105 1350 1895
1377 1378 1896
197 475 1897
293 721 1898
568 569 1899
778 1667 1900
1996 1997 1901
346 484 1902
128 356 1903
356 357 1904
507 1596 1905
1319 1323 1906
132 134 1907
406 593 1908
356 905 1909
63 316 1910
738 1368 1911
2 460 1912
1572 1574 1913
29 95 1914
1319 1322 1915
23 113 1916
597 600 1917
857 1414 1918
1353 1358 1919
1234 1253 1920
1354 1356 1921
2 323 1922
45 48 1923
84 445 1924
454 1408 1925
29 1248 1926
638 1316 1927
656 1667 1928
237 248 1929
1022 1669 1930
136 202 1931
720 721 1932
934 1350 1933
323 324 1934
648 1500 1935
1996 1998 1936
1974 1997 1937
29 127 1938
123 412 1939
31 533 1940
1358 1861 1941
6 1243 1942
1350 1862 1943
1044 1794 1944
1155 2018 1945
1229 1230 1946
1282 1333 1947
1974 1996 1948
23 287 1949
219 1254 1950
484 1606 1951
824 1543 1952
532 1253 1953
589 1230 1954
29 1220 1955
31 322 1956
1155 1991 1957
1763 1765 1958
824 1425 1959
63 1537 1960
442 714 1961
1859 1975 1962
1377 1379 1963
1274 1282 1964
123 465 1965
489 1203 1966
134 1621 1967
448 1239 1968
71 1266 1969
76 1097 1970
105 1225 1971
1353 1354 1972
127 1220 1973
242 1288 1974
308 771 1975
1353 1826 1976
34 910 1977
46 48 1978
1994 1997 1979
757 1571 1980
296 299 1981
549 766 1982
1507 1508 1983
1974 1998 1984
34 1229 1985
338 1203 1986
656 778 1987
71 107 1988
27 951 1989
299 773 1990
308 1602 1991
357 1221 1992
156 1659 1993
837 839 1994
525 1498 1995
2 3 1996
31 403 1997
362 1604 1998
955 1316 1999
1221 1222 2000
298 621 2001
379 561 2002
1357 1358 2003
358 359 2004
331 525 2005
299 1571 2006
1994 1996 2007
475 1673 2008
1051 1542 2009
462 512 2010
191 685 2011
682 1786 2012
1974 1994 2013
35 914 2014
156 1642 2015
427 428 2016
16 1975 2017
734 1598 2018
79 918 2019
410 538 2020
1138 1889 2021
30 31 2022
354 355 2023
1356 1826 2024
638 955 2025
1994 1998 2026
1050 1051 2027
1353 1866 2028
988 1348 2029
34 427 2030
215 1838 2031
241 242 2032
293 720 2033
439 690 2034
525 1210 2035
1155 1990 2036
74 1262 2037
526 1245 2038
251 252 2039
105 1269 2040
105 1351 2041
1027 1857 2042
280 1140 2043
946 1582 2044
1008 1031 2045
156 682 2046
388 1334 2047
39 946 2048
1914 1915 2049
289 1253 2050
511 1295 2051
208 242 2052
3 408 2053
2 870 2054
34 1021 2055
934 1351 2056
265 1667 2057
39 40 2058
3 872 2059
246 1917 2060
63 607 2061
1838 1915 2062
128 1222 2063
475 894 2064
1050 1542 2065
265 778 2066
638 1031 2067
74 1501 2068
80 1237 2069
297 299 2070
242 494 2071
760 1772 2072
1155 1733 2073
1351 1505 2074
307 308 2075
1710 1741 2076
2 5 2077
951 1251 2078
969 1772 2079
215 1975 2080
1014 1015 2081
1269 1505 2082
323 1089 2083
129 458 2084
483 484 2085
1405 1511 2086
1009 1031 2087
34 776 2088
53 358 2089
356 1254 2090
1350 1505 2091
296 298 2092
42 43 2093
288 1032 2094
361 1489 2095
1348 1349 2096
156 806 2097
1155 2017 2098
771 1602 2099
1488 1601 2100
833 1270 2101
682 1348 2102
474 1673 2103
1244 1245 2104
1356 1861 2105
14 16 2106
1353 1356 2107
108 1266 2108
34 912 2109
215 1825 2110
31 1668 2111
74 1261 2112
215 1859 2113
1991 2018 2114
394 397 2115
136 604 2116
299 757 2117
1353 1861 2118
63 602 2119
1 1152 2120
744 746 2121
1203 1897 2122
16 1859 2123
307 1602 2124
387 1856 2125
1254 1365 2126
474 894 2127
833 2020 2128
31 290 2129
50 920 2130
1022 1114 2131
334 355 2132
72 454 2133
3 5 2134
43 1399 2135
252 1612 2136
31 1234 2137
134 498 2138
289 532 2139
369 370 2140
571 1027 2141
526 1244 2142
1353 1357 2143
51 1232 2144
16 215 2145
34 589 2146
107 108 2147
1269 1351 2148
1350 1351 2149
934 1225 2150
421 422 2151
638 1248 2152
1838 1914 2153
31 1233 2154
442 443 2155
74 464 2156
124 202 2157
744 747 2158
34 428 2159
72 255 2160
50 313 2161
128 1221 2162
450 509 2163
51 1231 2164
682 1792 2165
31 402 2166
383 384 2167
145 1260 2168
756 1710 2169
483 485 2170
34 520 2171
1002 1911 2172
2 53 2173
265 656 2174
43 754 2175
72 204 2176
383 386 2177
136 407 2178
365 366 2179
951 1087 2180
34 1230 2181
600 1333 2182
1990 1991 2183
1022 1868 2184
247 248 2185
685 1535 2186
297 298 2187
934 1269 2188
71 72 2189
1598 1599 2190
199 872 2191
261 263 2192
5 872 2193
242 1625 2194
946 1312 2195
383 949 2196
411 1176 2197
1859 1860 2198
165 498 2199
268 783 2200
330 337 2201
393 397 2202
34 342 2203
74 463 2204
383 385 2205
307 771 2206
830 1187 2207
5 408 2208
50 1300 2209
363 365 2210
274 1248 2211
603 614 2212
1269 1350 2213
459 1911 2214
63 360 2215
2 199 2216
11 200 2217
16 1860 2218
71 108 2219
72 1511 2220
261 262 2221
406 592 2222
34 1193 2223
773 1558 2224
1838 1913 2225
1763 1764 2226
1990 2018 2227
79 1236 2228
744 745 2229
79 1237 2230
63 361 2231
315 316 2232
91 1811 2233
881 1863 2234
442 444 2235
1107 1252 2236
1334 1856 2237
198 208 2238
206 734 2239
1348 1623 2240
788 985 2241
136 1948 2242
970 1540 2243
124 136 2244
370 398 2245
51 722 2246
1 1597 2247
298 757 2248
353 354 2249
340 342 2250
73 74 2251
872 2011 2252
84 407 2253
384 385 2254
145 503 2255
34 1604 2256
288 1253 2257
571 1857 2258
1139 1332 2259
298 299 2260
144 1260 2261
215 1860 2262
1772 2034 2263
1642 1786 2264
484 485 2265
195 807 2266
385 432 2267
1733 1991 2268
459 1002 2269
143 1260 2270
1510 1527 2271
63 1604 2272
1709 1710 2273
1764 1794 2274
11 1464 2275
11 1807 2276
1031 1248 2277
879 881 2278
35 36 2279
1858 1859 2280
268 1213 2281
393 394 2282
72 1549 2283
385 949 2284
349 1014 2285
241 1527 2286
315 1537 2287
341 342 2288
760 969 2289
39 1532 2290
159 160 2291
245 246 2292
1772 2033 2293
51 604 2294
145 430 2295
783 1259 2296
1210 1498 2297
363 364 2298
532 563 2299
1763 1794 2300
1991 2017 2301
1247 1248 2302
1733 2018 2303
385 386 2304
2017 2018 2305
934 1248 2306
1527 1664 2307
814 1252 2308
833 1600 2309
144 503 2310
532 564 2311
72 1266 2312
970 1248 2313
1037 1235 2314
56 2040 2315
1600 2004 2316
814 1107 2317
9 389 2318
31 532 2319
364 804 2320
993 1137 2321
385 1906 2322
603 1414 2323
1724 1908 2324
99 160 2325
215 1858 2326
836 839 2327
1213 1259 2328
1908 1909 2329
36 915 2330
288 532 2331
407 592 2332
262 263 2333
334 353 2334
870 1139 2335
16 1858 2336
123 132 2337
364 365 2338
1054 1055 2339
1990 2017 2340
682 1793 2341
1599 1855 2342
204 1855 2343
432 1906 2344
14 15 2345
411 412 2346
795 1055 2347
1733 1990 2348
15 1859 2349
336 1090 2350
143 503 2351
145 1223 2352
199 460 2353
795 1054 2354
94 195 2355
1574 1664 2356
648 1257 2357
760 2033 2358
144 430 2359
1858 1860 2360
1512 1855 2361
316 1537 2362
340 341 2363
143 256 2364
760 2034 2365
31 564 2366
94 95 2367
81 82 2368
81 83 2369
1840 1859 2370
31 289 2371
34 209 2372
1079 1855 2373
404 1534 2374
439 441 2375
950 1014 2376
260 261 2377
160 163 2378
313 920 2379
760 1773 2380
330 347 2381
1512 1599 2382
335 336 2383
360 361 2384
299 402 2385
1231 1232 2386
1203 1586 2387
361 1604 2388
71 501 2389
204 1599 2390
445 1547 2391
143 430 2392
74 1678 2393
72 107 2394
288 289 2395
1079 1599 2396
259 263 2397
15 16 2398
15 215 2399
53 199 2400
143 390 2401
969 2033 2402
94 194 2403
260 263 2404
31 563 2405
197 474 2406
993 1663 2407
6 9 2408
259 261 2409
406 407 2410
833 2004 2411
194 195 2412
16 1840 2413
43 567 2414
130 1670 2415
144 1223 2416
206 1599 2417
34 361 2418
412 465 2419
1733 2017 2420
317 318 2421
144 145 2422
197 198 2423
289 564 2424
411 465 2425
569 870 2426
34 341 2427
569 1910 2428
36 914 2429
214 970 2430
34 340 2431
143 1223 2432
204 1079 2433
1236 1237 2434
206 1598 2435
601 602 2436
329 330 2437
215 1840 2438
40 48 2439
241 1510 2440
15 1860 2441
402 757 2442
160 162 2443
209 476 2444
1206 1663 2445
256 390 2446
143 145 2447
206 1855 2448
330 1018 2449
969 2034 2450
89 91 2451
72 108 2452
53 462 2453
31 288 2454
77 598 2455
204 1512 2456
431 432 2457
107 501 2458
313 1300 2459
1840 1860 2460
1079 1512 2461
1203 1889 2462
1348 1792 2463
446 1547 2464
920 1300 2465
209 210 2466
566 1993 2467
2033 2034 2468
204 206 2469
160 161 2470
439 440 2471
289 563 2472
760 2032 2473
7 9 2474
460 462 2475
566 1374 2476
260 262 2477
334 336 2478
334 354 2479
51 603 2480
443 444 2481
837 838 2482
1792 1793 2483
90 91 2484
34 210 2485
460 461 2486
461 462 2487
560 561 2488
129 1670 2489
497 498 2490
108 501 2491
209 477 2492
404 744 2493
241 1664 2494
1348 1786 2495
1889 2035 2496
72 1408 2497
77 1408 2498
1786 1792 2499
40 47 2500
119 744 2501
566 1531 2502
8 9 2503
198 566 2504
259 262 2505
431 1249 2506
94 1947 2507
603 604 2508
207 1621 2509
213 970 2510
969 1540 2511
993 1206 2512
1203 1607 2513
198 242 2514
288 564 2515
76 77 2516
7 389 2517
72 1056 2518
206 1512 2519
445 446 2520
198 781 2521
1348 1793 2522
15 1858 2523
1304 1619 2524
1724 1909 2525
143 144 2526
38 462 2527
53 461 2528
288 563 2529
1527 1574 2530
8 389 2531
94 1609 2532
38 53 2533
72 501 2534
206 1079 2535
603 1948 2536
241 1574 2537
404 1235 2538
566 1756 2539
1840 1858 2540
129 459 2541
563 564 2542
968 1889 2543
157 158 2544
72 1548 2545
1235 1534 2546
1786 1793 2547
132 465 2548
1544 1546 2549
63 796 2550
53 460 2551
159 163 2552
990 1916 2553
132 412 2554
1544 1916 2555
45 47 2556
1544 1545 2557
990 1546 2558
77 1274 2559
77 108 2560
990 1545 2561
1889 2036 2562
40 45 2563
132 411 2564
15 1840 2565
210 476 2566
259 260 2567
476 477 2568
94 505 2569
210 477 2570
38 1875 2571
6 7 2572
317 1916 2573
317 1546 2574
604 1948 2575
744 1534 2576
161 163 2577
298 402 2578
46 47 2579
317 1545 2580
99 159 2581
99 163 2582
1213 1628 2583
72 1610 2584
214 1540 2585
6 8 2586
159 161 2587
836 838 2588
162 163 2589
159 162 2590
744 1235 2591
211 284 2592
94 2003 2593
990 1544 2594
74 1677 2595
211 212 2596
214 969 2597
37 38 2598
836 1550 2599
193 580 2600
161 162 2601
213 1540 2602
459 1670 2603
1609 1947 2604
37 462 2605
99 162 2606
40 46 2607
893 968 2608
580 581 2609
317 1544 2610
1947 2003 2611
99 161 2612
505 1947 2613
7 8 2614
213 969 2615
45 46 2616
317 990 2617
211 285 2618
545 546 2619
870 1910 2620
1677 1678 2621
836 837 2622
2054 2055 2623
392 968 2624
543 546 2625
2035 2036 2626
169 490 2627
72 77 2628
1609 2003 2629
213 214 2630
505 1609 2631
170 490 2632
392 893 2633
505 2003 2634
722 933 2635
169 170 2636
478 933 2637
544 546 2638
543 545 2639
1203 2035 2640
168 169 2641
722 2055 2642
722 2054 2643
968 1203 2644
168 170 2645
478 722 2646
89 90 2647
544 545 2648
212 284 2649
543 544 2650
1203 2036 2651
284 285 2652
212 285 2653
1617 1618 2654
1117 1618 2655
1046 1618 2656
1116 1618 2657
1117 1617 2658
1046 1617 2659
1116 1617 2660
1046 1117 2661
1116 1117 2662
1046 1116 2663
