684 690 1
684 1801 2
1637 1806 3
684 1800 4
102 1902 5
684 1802 6
102 1959 7
684 1805 8
102 1899 9
102 1898 10
1800 1801 11
40 48 12
102 1904 13
1361 1748 14
1800 1802 15
102 1960 16
1898 1960 17
684 1804 18
380 1745 19
1801 1802 20
1959 1960 21
1898 1959 22
1804 1805 23
44 237 24
678 1450 25
380 396 26
690 1800 27
102 1905 28
678 1761 29
684 755 30
690 1801 31
1432 1720 32
380 1747 33
1575 1720 34
1899 1902 35
362 1821 36
1636 1720 37
439 690 38
520 1821 39
684 1035 40
48 1830 41
1559 1637 42
44 569 43
396 1755 44
189 873 45
1748 1749 46
40 46 47
922 973 48
684 1427 49
690 1802 50
45 47 51
362 396 52
1463 1753 53
396 1821 54
678 751 55
1771 1832 56
488 740 57
705 1835 58
1361 1962 59
219 488 60
380 1842 61
46 47 62
93 137 63
678 1452 64
703 1720 65
1752 1753 66
1136 1459 67
1552 1827 68
1753 1769 69
1745 1746 70
48 438 71
40 47 72
45 46 73
1720 1961 74
1759 1761 75
40 45 76
663 678 77
690 1771 78
1303 1361 79
1967 1969 80
728 1967 81
380 1746 82
1575 1636 83
1720 1819 84
502 705 85
703 1432 86
728 1926 87
1821 1822 88
44 658 89
380 1640 90
1373 1720 91
44 1421 92
1746 1747 93
1904 1905 94
279 705 95
583 1821 96
1450 1761 97
1803 1989 98
728 1614 99
380 1843 100
380 1438 101
456 1749 102
728 1968 103
728 1969 104
439 440 105
45 48 106
1753 1823 107
47 48 108
362 583 109
1438 1842 110
1438 1843 111
380 1785 112
1404 1768 113
1432 1819 114
1438 1640 115
1968 1969 116
688 689 117
1967 1968 118
456 457 119
102 1886 120
48 1844 121
922 1833 122
11 753 123
183 684 124
475 620 125
689 690 126
705 1559 127
1570 1897 128
279 502 129
1361 1576 130
1842 1843 131
11 200 132
705 1903 133
46 48 134
48 1020 135
237 658 136
688 690 137
728 1845 138
1369 1552 139
44 610 140
1640 1842 141
44 1139 142
690 1788 143
439 441 144
456 565 145
690 1754 146
279 1814 147
1745 1747 148
1404 1976 149
502 735 150
44 1770 151
237 610 152
438 475 153
1136 1757 154
576 1755 155
663 1452 156
456 986 157
1755 1809 158
290 650 159
54 931 160
1129 1970 161
279 1815 162
315 1821 163
727 752 164
531 535 165
1614 1653 166
1369 1827 167
2054 2055 168
728 2026 169
279 1816 170
39 946 171
237 1421 172
572 1124 173
1481 1966 174
1459 1757 175
1640 1843 176
279 713 177
39 40 178
1760 1761 179
1449 1450 180
703 1819 181
396 1745 182
533 650 183
900 931 184
11 1807 185
102 751 186
475 1429 187
531 1590 188
1759 1760 189
655 1557 190
11 1464 191
237 1770 192
794 1163 193
44 1890 194
420 943 195
456 1166 196
362 1822 197
385 1578 198
44 1589 199
467 916 200
728 1653 201
1078 1456 202
488 635 203
668 1435 204
728 1191 205
751 1450 206
156 1465 207
232 234 208
1404 1767 209
1450 1453 210
54 1481 211
572 1432 212
650 1590 213
1557 1828 214
535 650 215
1432 1885 216
44 1784 217
534 650 218
438 620 219
1369 1925 220
507 926 221
531 650 222
794 2050 223
54 1966 224
650 1584 225
713 1815 226
1889 1897 227
794 1164 228
986 1166 229
650 743 230
1525 1526 231
488 495 232
1439 1454 233
530 1590 234
396 1747 235
219 495 236
455 456 237
973 1186 238
1614 1845 239
103 1759 240
1303 1576 241
751 1761 242
1124 1432 243
1814 1816 244
794 1592 245
1432 1884 246
338 339 247
1437 1438 248
362 1435 249
103 678 250
507 1639 251
44 641 252
1175 1459 253
29 1465 254
44 1418 255
290 1590 256
362 668 257
237 1139 258
44 639 259
520 668 260
530 535 261
740 1434 262
927 1639 263
40 1891 264
1814 1815 265
530 650 266
794 2051 267
54 1588 268
943 982 269
531 1584 270
534 1590 271
237 1890 272
973 1833 273
531 533 274
1369 2010 275
662 663 276
2 1421 277
93 1834 278
1163 1164 279
290 1584 280
123 1964 281
642 1306 282
1416 2001 283
40 1608 284
1592 2050 285
533 1590 286
726 728 287
530 531 288
617 756 289
54 1957 290
438 1429 291
936 1513 292
943 1514 293
617 1783 294
237 639 295
1614 2026 296
642 1595 297
926 1639 298
617 1775 299
290 533 300
356 495 301
531 743 302
530 533 303
743 1590 304
531 534 305
533 534 306
534 535 307
1151 1579 308
530 1584 309
973 1787 310
672 1553 311
290 530 312
642 1314 313
1815 1816 314
1159 1525 315
2050 2051 316
156 1404 317
727 728 318
44 1196 319
102 103 320
520 1822 321
635 740 322
44 232 323
1458 1459 324
702 1416 325
178 1557 326
1592 2051 327
1570 1889 328
44 1900 329
1507 1897 330
1553 1847 331
533 1584 332
642 1267 333
801 1297 334
44 268 335
44 1026 336
237 1589 337
801 1298 338
801 1299 339
136 237 340
1159 1526 341
54 1386 342
137 1834 343
396 1803 344
533 535 345
1416 1591 346
1964 2049 347
290 531 348
1964 2044 349
973 1566 350
54 68 351
1163 2051 352
237 1418 353
1253 1441 354
667 668 355
594 1317 356
655 1828 357
148 1896 358
1135 1136 359
722 2054 360
507 922 361
672 1847 362
946 1582 363
551 705 364
300 672 365
466 467 366
103 1450 367
943 1585 368
331 1461 369
530 743 370
1163 1592 371
103 751 372
1884 1885 373
936 1440 374
642 1313 375
237 641 376
1416 1603 377
189 466 378
396 1989 379
1175 1458 380
594 941 381
1298 1299 382
178 655 383
219 740 384
237 1026 385
672 673 386
1164 2051 387
926 927 388
495 740 389
576 1809 390
1043 1880 391
1403 1404 392
1313 1314 393
1765 1880 394
533 743 395
187 277 396
1196 1302 397
761 1416 398
726 727 399
1461 1462 400
237 569 401
438 1844 402
44 971 403
970 1772 404
1163 2050 405
1253 1849 406
535 927 407
507 927 408
1166 1502 409
1043 1765 410
103 1760 411
187 613 412
93 1515 413
268 1831 414
680 1818 415
705 909 416
676 1823 417
290 535 418
290 927 419
533 927 420
1164 1592 421
2 237 422
356 1131 423
44 1744 424
219 1434 425
720 721 426
44 1102 427
1584 1590 428
1297 1299 429
698 1136 430
290 534 431
438 469 432
438 1250 433
594 940 434
628 672 435
724 725 436
396 1987 437
507 1596 438
658 1139 439
1443 1444 440
50 123 441
291 1129 442
971 1421 443
452 509 444
697 1328 445
1159 1888 446
103 1404 447
103 1761 448
160 467 449
617 1020 450
946 1312 451
425 658 452
1524 1525 453
11 268 454
44 898 455
1416 1425 456
1164 2050 457
176 1776 458
922 924 459
290 743 460
413 414 461
642 1307 462
451 535 463
609 610 464
1445 1447 465
672 674 466
44 1901 467
631 748 468
751 1886 469
438 1020 470
93 279 471
1439 1533 472
1191 1926 473
277 613 474
44 1413 475
628 1553 476
690 966 477
187 244 478
291 1970 479
644 1196 480
620 1429 481
119 468 482
1445 1448 483
594 939 484
630 631 485
438 1211 486
1156 1159 487
44 233 488
137 1315 489
1173 1359 490
420 556 491
299 773 492
1073 1303 493
1166 1167 494
1400 1614 495
1441 1849 496
1507 1508 497
93 1393 498
728 1958 499
44 1422 500
395 730 501
526 936 502
520 1435 503
628 1847 504
137 138 505
748 749 506
1776 1777 507
1524 1526 508
44 1398 509
220 396 510
631 1424 511
556 748 512
1444 2045 513
43 237 514
2 438 515
569 1421 516
922 923 517
534 743 518
690 915 519
137 1457 520
736 1163 521
796 1425 522
438 470 523
1043 1044 524
495 635 525
136 277 526
419 1303 527
1795 1809 528
2044 2049 529
796 1416 530
1765 1881 531
44 1924 532
189 629 533
610 641 534
594 936 535
697 1433 536
239 932 537
1444 1851 538
472 704 539
1444 1758 540
1614 1958 541
69 1578 542
591 1949 543
413 634 544
237 594 545
594 1147 546
725 1686 547
413 695 548
91 489 549
1163 1480 550
410 617 551
655 1436 552
753 1894 553
396 637 554
75 1949 555
176 1777 556
189 1837 557
547 946 558
300 673 559
475 488 560
534 930 561
438 1078 562
642 1446 563
413 919 564
438 1456 565
751 1179 566
237 941 567
530 534 568
1119 1134 569
220 709 570
258 624 571
760 970 572
857 1414 573
1444 2030 574
642 1224 575
1173 1174 576
438 617 577
451 531 578
1569 1570 579
279 466 580
189 1605 581
639 641 582
29 873 583
736 1164 584
1159 1524 585
388 646 586
451 452 587
156 1524 588
610 658 589
1174 1359 590
2 594 591
2 569 592
2 187 593
420 873 594
948 966 595
467 1503 596
631 699 597
971 1422 598
357 906 599
610 639 600
237 1196 601
43 44 602
556 630 603
236 594 604
1043 1340 605
44 425 606
698 1135 607
291 292 608
1044 1880 609
630 748 610
739 1444 611
1653 1953 612
63 362 613
400 2000 614
357 905 615
773 1558 616
293 721 617
556 631 618
1167 1502 619
1682 1683 620
239 705 621
1444 1971 622
1849 2053 623
478 933 624
1459 1460 625
44 754 626
187 237 627
1929 1930 628
105 1296 629
1459 1638 630
160 569 631
673 674 632
1929 1931 633
1444 1922 634
209 413 635
237 1147 636
1043 1881 637
1296 2008 638
44 1399 639
400 1999 640
75 591 641
594 1579 642
1525 1888 643
556 1479 644
1043 2047 645
293 720 646
556 749 647
725 1521 648
520 667 649
722 2055 650
84 1459 651
451 533 652
1929 1933 653
1164 1480 654
1419 1578 655
1613 1614 656
1150 1151 657
615 616 658
488 507 659
1445 1824 660
947 948 661
1306 1307 662
381 475 663
396 691 664
1526 1888 665
753 2023 666
857 1396 667
291 653 668
434 826 669
468 1390 670
451 453 671
291 508 672
613 614 673
189 190 674
290 451 675
736 1480 676
1400 1613 677
857 1864 678
237 504 679
279 1503 680
1949 1950 681
624 625 682
576 1219 683
451 530 684
702 2001 685
575 576 686
338 1586 687
218 709 688
362 520 689
36 1361 690
400 1342 691
39 1532 692
413 694 693
452 453 694
315 362 695
388 647 696
712 713 697
134 711 698
1522 1533 699
237 940 700
400 1343 701
1385 1918 702
700 702 703
58 973 704
914 915 705
33 729 706
660 661 707
751 921 708
1203 1897 709
1421 1422 710
84 1471 711
1953 1954 712
32 729 713
1475 1476 714
1447 1448 715
270 1442 716
136 244 717
399 400 718
472 860 719
1157 1158 720
1478 1479 721
75 1950 722
88 1310 723
533 1253 724
640 641 725
485 1108 726
939 941 727
156 1159 728
451 534 729
739 1922 730
905 906 731
915 1563 732
1467 1583 733
591 1950 734
279 467 735
1234 1253 736
679 680 737
1765 2047 738
33 249 739
911 912 740
724 1522 741
137 938 742
1445 1466 743
246 915 744
591 1123 745
450 509 746
1930 1933 747
658 1589 748
331 1462 749
1931 1933 750
1359 1791 751
948 1363 752
531 532 753
646 647 754
697 698 755
1108 1455 756
676 1101 757
356 740 758
156 1525 759
594 1151 760
617 1679 761
760 1772 762
129 728 763
750 751 764
508 509 765
156 1526 766
1929 1932 767
331 1179 768
729 732 769
475 635 770
400 1928 771
11 404 772
658 1026 773
434 932 774
751 1178 775
236 939 776
530 1520 777
237 1202 778
338 1372 779
450 452 780
434 654 781
84 280 782
1930 1931 783
31 1668 784
218 220 785
556 622 786
141 142 787
657 1188 788
940 941 789
1157 1159 790
315 583 791
658 1075 792
743 1887 793
187 907 794
679 1818 795
1653 1954 796
126 1173 797
220 587 798
123 2044 799
598 599 800
730 1318 801
345 737 802
475 591 803
32 33 804
244 831 805
1614 1929 806
44 424 807
395 1318 808
582 583 809
50 1964 810
103 1403 811
725 1337 812
756 1020 813
551 909 814
612 1689 815
2 1139 816
338 1569 817
393 396 818
1570 1927 819
239 1200 820
290 1253 821
437 438 822
906 1254 823
579 649 824
249 729 825
658 1924 826
939 940 827
164 467 828
1158 1159 829
419 1073 830
697 1228 831
400 401 832
971 1102 833
1019 1020 834
753 2022 835
1119 1396 836
612 1690 837
356 396 838
91 1811 839
400 2052 840
533 1520 841
49 345 842
84 217 843
105 935 844
44 567 845
489 1897 846
535 1520 847
1689 1690 848
32 249 849
396 397 850
675 676 851
1044 2047 852
927 1045 853
729 730 854
356 637 855
580 581 856
826 932 857
831 1058 858
730 732 859
103 921 860
1932 1933 861
729 731 862
394 396 863
753 2021 864
1194 1195 865
495 1131 866
612 1593 867
745 747 868
612 1682 869
717 718 870
2 1147 871
1954 1955 872
63 1195 873
331 751 874
1058 1059 875
654 932 876
724 1686 877
753 2012 878
654 826 879
280 1140 880
103 750 881
292 653 882
424 425 883
598 1523 884
676 2019 885
268 645 886
675 677 887
78 661 888
88 1345 889
141 239 890
656 1188 891
1190 1191 892
2022 2023 893
331 1178 894
142 932 895
1569 1889 896
1954 1956 897
908 2025 898
123 2049 899
1342 1999 900
2012 2022 901
239 654 902
536 1179 903
42 44 904
362 1195 905
1930 1932 906
611 1095 907
639 640 908
704 860 909
745 746 910
1931 1932 911
88 644 912
611 612 913
702 904 914
707 708 915
717 719 916
1342 2000 917
2012 2023 918
1880 1881 919
1044 1881 920
724 1533 921
612 717 922
1340 1765 923
1570 1919 924
337 458 925
400 1995 926
569 916 927
1095 1682 928
532 535 929
237 939 930
788 1179 931
676 677 932
388 1934 933
742 743 934
331 1473 935
626 900 936
237 523 937
34 1195 938
556 928 939
612 1095 940
399 401 941
442 714 942
34 362 943
237 1201 944
356 357 945
1999 2000 946
63 1194 947
1560 1687 948
19 85 949
647 1934 950
724 1521 951
2000 2052 952
290 664 953
136 831 954
591 1561 955
388 1600 956
908 1053 957
237 907 958
1999 2052 959
579 644 960
126 1174 961
1027 1406 962
923 924 963
1895 1896 964
362 607 965
708 709 966
594 1150 967
131 660 968
1095 1790 969
267 268 970
219 356 971
872 909 972
579 1852 973
351 352 974
475 1472 975
96 488 976
442 657 977
1179 1484 978
34 1467 979
49 737 980
534 1253 981
525 743 982
680 1168 983
51 239 984
1425 1543 985
136 614 986
84 407 987
156 806 988
338 1889 989
451 930 990
450 1385 991
416 419 992
193 580 993
252 839 994
664 665 995
796 1543 996
244 1339 997
712 1846 998
1095 1683 999
2021 2023 1000
142 239 1001
88 1196 1002
612 1790 1003
156 1641 1004
419 1952 1005
665 666 1006
951 1087 1007
508 517 1008
658 738 1009
1343 1999 1010
693 752 1011
909 1326 1012
136 613 1013
84 1638 1014
753 1141 1015
1774 1813 1016
591 1472 1017
331 1474 1018
694 695 1019
644 1345 1020
1139 1332 1021
388 1685 1022
709 919 1023
1162 1164 1024
1044 1765 1025
79 660 1026
148 1895 1027
270 1415 1028
276 277 1029
1162 1163 1030
839 1346 1031
450 451 1032
731 732 1033
525 1444 1034
730 731 1035
345 449 1036
536 1484 1037
1144 1145 1038
442 444 1039
388 2004 1040
1358 1774 1041
337 351 1042
362 601 1043
31 403 1044
704 1577 1045
1412 1425 1046
1133 1308 1047
1343 2000 1048
105 1226 1049
709 1836 1050
136 603 1051
268 778 1052
578 579 1053
644 1310 1054
277 1490 1055
388 833 1056
1228 1433 1057
253 1346 1058
417 419 1059
1195 1920 1060
418 1130 1061
664 666 1062
128 356 1063
722 933 1064
1342 1343 1065
1178 1179 1066
103 1551 1067
1221 1484 1068
530 532 1069
603 613 1070
641 1026 1071
1268 1565 1072
733 734 1073
734 1389 1074
917 918 1075
63 1920 1076
290 1520 1077
532 533 1078
839 1347 1079
272 1385 1080
418 419 1081
442 443 1082
702 723 1083
84 1460 1084
272 1918 1085
913 915 1086
2 236 1087
34 395 1088
704 820 1089
253 839 1090
744 747 1091
1369 1519 1092
646 1867 1093
320 321 1094
644 1852 1095
591 1673 1096
419 1130 1097
656 657 1098
1228 1328 1099
575 1219 1100
554 1345 1101
601 1195 1102
1340 1342 1103
448 642 1104
1346 1347 1105
549 1426 1106
1340 1343 1107
659 661 1108
356 905 1109
566 1756 1110
707 709 1111
955 1316 1112
51 872 1113
299 1571 1114
969 970 1115
450 453 1116
639 1026 1117
741 743 1118
88 1309 1119
1995 1999 1120
78 917 1121
165 711 1122
379 1687 1123
400 1044 1124
1308 1411 1125
141 816 1126
331 536 1127
362 1489 1128
744 746 1129
1159 1527 1130
239 1367 1131
290 532 1132
658 1988 1133
683 834 1134
1473 1474 1135
338 473 1136
67 321 1137
583 1782 1138
536 1221 1139
331 788 1140
704 1951 1141
338 1203 1142
410 756 1143
1415 1442 1144
753 1635 1145
78 918 1146
3 1142 1147
110 554 1148
356 608 1149
475 1684 1150
820 1577 1151
410 1945 1152
462 512 1153
644 1309 1154
1928 1999 1155
306 419 1156
51 909 1157
1427 2005 1158
134 661 1159
566 1531 1160
488 506 1161
579 1528 1162
1928 2000 1163
268 929 1164
1181 1182 1165
148 1436 1166
1995 2000 1167
110 1345 1168
1221 1562 1169
298 621 1170
756 1679 1171
443 444 1172
473 1569 1173
244 1058 1174
1375 1564 1175
532 927 1176
156 1527 1177
757 1571 1178
644 649 1179
337 352 1180
3 268 1181
448 1306 1182
78 131 1183
80 671 1184
478 722 1185
165 1060 1186
1161 1163 1187
76 1097 1188
219 1254 1189
704 1246 1190
321 1431 1191
486 487 1192
741 742 1193
1044 1340 1194
970 2033 1195
338 1607 1196
1201 1202 1197
750 921 1198
67 320 1199
246 914 1200
134 1060 1201
282 283 1202
128 357 1203
58 724 1204
29 638 1205
81 84 1206
410 1662 1207
78 79 1208
701 702 1209
1343 1928 1210
448 1595 1211
34 1583 1212
210 476 1213
156 566 1214
605 606 1215
1342 1928 1216
1358 1813 1217
420 1391 1218
1161 1164 1219
246 304 1220
119 744 1221
420 928 1222
253 1347 1223
685 687 1224
410 1776 1225
551 1146 1226
1031 1248 1227
710 711 1228
244 1144 1229
236 1160 1230
1687 1688 1231
566 1993 1232
1194 1982 1233
246 1563 1234
1538 1539 1235
176 410 1236
653 1045 1237
1044 1342 1238
110 644 1239
331 1233 1240
489 1889 1241
1763 1765 1242
103 1817 1243
165 710 1244
289 535 1245
724 1337 1246
1539 1812 1247
338 343 1248
1 1597 1249
289 1253 1250
1044 1995 1251
360 362 1252
50 1162 1253
419 1305 1254
237 1187 1255
63 1982 1256
244 1145 1257
383 385 1258
716 1153 1259
80 730 1260
34 912 1261
78 80 1262
404 405 1263
410 1630 1264
495 1132 1265
475 1288 1266
1219 1384 1267
105 1862 1268
1119 1877 1269
615 966 1270
653 927 1271
79 131 1272
83 84 1273
385 1143 1274
448 1313 1275
43 658 1276
239 551 1277
420 1171 1278
63 601 1279
382 973 1280
237 248 1281
744 745 1282
133 660 1283
603 1414 1284
236 237 1285
337 1587 1286
495 636 1287
31 402 1288
1203 1889 1289
520 1489 1290
258 2025 1291
593 594 1292
1724 1909 1293
136 282 1294
685 686 1295
1254 1742 1296
333 487 1297
488 1762 1298
274 638 1299
448 1314 1300
436 1182 1301
917 1516 1302
209 476 1303
1955 1956 1304
566 1374 1305
608 1428 1306
136 283 1307
532 534 1308
1474 1820 1309
245 246 1310
331 1484 1311
1219 1382 1312
290 1032 1313
80 1318 1314
1732 1742 1315
31 1233 1316
79 918 1317
388 1856 1318
1180 1181 1319
337 1963 1320
638 1031 1321
27 951 1322
333 486 1323
1194 1920 1324
1180 1182 1325
591 1684 1326
258 308 1327
605 657 1328
824 1425 1329
909 1146 1330
1484 1562 1331
131 661 1332
136 1490 1333
1 1152 1334
34 63 1335
370 398 1336
1219 1383 1337
321 1430 1338
651 652 1339
136 1215 1340
406 512 1341
697 1327 1342
148 1789 1343
183 1427 1344
258 1053 1345
410 1777 1346
420 1132 1347
148 1401 1348
105 1227 1349
242 475 1350
369 370 1351
78 132 1352
704 1541 1353
448 1307 1354
30 31 1355
160 916 1356
272 1183 1357
536 1562 1358
132 134 1359
436 1181 1360
58 942 1361
659 660 1362
258 1172 1363
1131 1132 1364
1254 1732 1365
270 314 1366
1195 1982 1367
239 1417 1368
239 909 1369
669 670 1370
77 1274 1371
879 881 1372
1155 1488 1373
58 1679 1374
219 1365 1375
712 1848 1376
82 84 1377
718 719 1378
970 2034 1379
87 485 1380
289 530 1381
899 900 1382
494 495 1383
593 808 1384
1420 1428 1385
123 686 1386
638 1316 1387
110 1189 1388
1401 1896 1389
1430 1431 1390
385 1362 1391
626 899 1392
1143 1362 1393
881 1863 1394
914 1563 1395
808 1143 1396
129 946 1397
80 669 1398
103 426 1399
208 475 1400
473 1889 1401
3 937 1402
233 1923 1403
272 1038 1404
833 2004 1405
131 133 1406
29 274 1407
3 1475 1408
1138 1889 1409
198 475 1410
381 620 1411
404 433 1412
80 670 1413
608 1420 1414
1539 1796 1415
1796 1812 1416
669 671 1417
134 710 1418
1908 1909 1419
1241 1242 1420
258 1493 1421
633 1133 1422
838 839 1423
1161 1162 1424
43 1026 1425
79 917 1426
134 165 1427
34 1230 1428
50 1164 1429
258 908 1430
27 1155 1431
488 1334 1432
1203 1586 1433
103 1810 1434
63 796 1435
852 1940 1436
1600 2004 1437
1241 1243 1438
1340 1341 1439
1412 1543 1440
448 1529 1441
1320 1323 1442
476 477 1443
1183 1185 1444
136 573 1445
210 477 1446
63 607 1447
404 753 1448
475 1673 1449
79 80 1450
128 1221 1451
686 1176 1452
620 1554 1453
298 299 1454
136 854 1455
526 1245 1456
638 955 1457
1 27 1458
384 385 1459
670 671 1460
710 1060 1461
1044 1794 1462
1342 1995 1463
538 973 1464
50 1163 1465
833 1600 1466
1242 1243 1467
288 1253 1468
554 644 1469
1343 1995 1470
1044 1999 1471
331 524 1472
716 1027 1473
512 593 1474
123 1176 1475
1044 1343 1476
88 1344 1477
357 1222 1478
761 1409 1479
578 1528 1480
1724 1908 1481
148 1985 1482
105 934 1483
274 1248 1484
1044 2000 1485
569 834 1486
1155 1980 1487
63 602 1488
374 377 1489
526 1244 1490
704 1627 1491
406 593 1492
268 1259 1493
1919 1927 1494
475 894 1495
77 598 1496
1319 1322 1497
53 239 1498
436 1180 1499
760 969 1500
136 281 1501
1293 1371 1502
636 1132 1503
296 757 1504
870 1139 1505
1218 1675 1506
63 1193 1507
405 1329 1508
1038 1183 1509
179 344 1510
216 217 1511
1269 1565 1512
282 1149 1513
375 377 1514
2 872 1515
29 679 1516
50 1161 1517
148 1518 1518
532 1253 1519
383 949 1520
209 210 1521
549 1263 1522
34 910 1523
686 687 1524
136 1149 1525
839 1239 1526
2 1375 1527
27 377 1528
27 379 1529
237 355 1530
715 1027 1531
1487 1488 1532
258 632 1533
272 1184 1534
402 757 1535
1486 1487 1536
296 297 1537
209 477 1538
356 1254 1539
682 834 1540
472 1370 1541
1979 1984 1542
636 1131 1543
1488 1724 1544
387 388 1545
1044 1341 1546
374 375 1547
181 448 1548
246 1917 1549
448 1165 1550
1320 1371 1551
488 636 1552
34 520 1553
638 1248 1554
830 1187 1555
900 1304 1556
304 900 1557
28 686 1558
191 761 1559
1780 1781 1560
1764 1765 1561
283 1149 1562
375 376 1563
1044 1928 1564
135 136 1565
1229 1230 1566
29 1751 1567
1343 1994 1568
27 375 1569
27 378 1570
376 377 1571
34 1193 1572
1293 1320 1573
252 253 1574
686 1380 1575
620 1504 1576
644 1246 1577
81 82 1578
1320 1322 1579
1470 1471 1580
136 407 1581
34 209 1582
839 1854 1583
374 376 1584
385 949 1585
29 1248 1586
396 1015 1587
568 569 1588
1343 1996 1589
76 77 1590
299 757 1591
123 643 1592
272 1185 1593
824 1412 1594
1119 1876 1595
1038 1185 1596
129 458 1597
1254 1365 1598
105 1269 1599
1183 1184 1600
27 1087 1601
31 322 1602
252 1346 1603
1364 1499 1604
1985 1986 1605
148 1148 1606
969 1772 1607
1155 1486 1608
1336 1882 1609
268 783 1610
296 299 1611
951 1251 1612
31 533 1613
1155 1487 1614
1354 1356 1615
9 123 1616
298 757 1617
1027 1153 1618
80 131 1619
1406 1407 1620
81 83 1621
1488 1909 1622
1876 1877 1623
569 627 1624
355 958 1625
27 376 1626
532 1520 1627
130 339 1628
337 347 1629
297 299 1630
1343 1997 1631
134 706 1632
258 1612 1633
950 1984 1634
1320 1780 1635
27 374 1636
31 743 1637
131 134 1638
136 1257 1639
603 614 1640
1343 1998 1641
63 1124 1642
1958 1983 1643
31 1234 1644
289 534 1645
385 432 1646
29 204 1647
147 148 1648
474 475 1649
1044 1764 1650
10 164 1651
1327 1328 1652
1241 1907 1653
136 715 1654
1340 1764 1655
239 358 1656
447 448 1657
1354 1358 1658
6 1241 1659
51 651 1660
239 359 1661
448 1324 1662
715 716 1663
1382 1383 1664
1268 1269 1665
270 1366 1666
136 1387 1667
219 1255 1668
29 1379 1669
686 1325 1670
136 593 1671
148 496 1672
1322 1323 1673
144 1223 1674
448 1446 1675
1382 1384 1676
1972 1974 1677
686 1921 1678
1321 1322 1679
540 583 1680
383 386 1681
51 136 1682
297 298 1683
331 985 1684
806 1311 1685
1383 1384 1686
1973 1974 1687
1154 1155 1688
1160 1258 1689
27 66 1690
123 411 1691
6 1242 1692
148 1986 1693
27 481 1694
156 1642 1695
783 1259 1696
339 1402 1697
934 1227 1698
1184 1185 1699
1486 1488 1700
79 133 1701
405 433 1702
1239 1854 1703
618 619 1704
1155 1853 1705
1530 1980 1706
361 362 1707
1995 1996 1708
1928 1995 1709
1044 1994 1710
382 620 1711
1320 1779 1712
304 1917 1713
29 1405 1714
77 1408 1715
474 591 1716
63 315 1717
2 1477 1718
755 1615 1719
1319 1320 1720
448 1224 1721
1320 1781 1722
1319 1321 1723
132 661 1724
29 1377 1725
2 1170 1726
286 339 1727
198 208 1728
1044 1996 1729
1155 1530 1730
1335 1336 1731
105 1350 1732
1356 1358 1733
1230 1536 1734
184 756 1735
715 1388 1736
1342 1994 1737
1321 1323 1738
136 1388 1739
192 618 1740
1763 1794 1741
1342 1974 1742
304 619 1743
489 1192 1744
1488 1980 1745
156 1659 1746
1426 1581 1747
379 1560 1748
396 950 1749
1038 1184 1750
538 620 1751
51 359 1752
1320 1321 1753
6 1243 1754
112 755 1755
950 1979 1756
2 623 1757
134 167 1758
144 1260 1759
34 427 1760
136 202 1761
824 1543 1762
852 1392 1763
824 825 1764
136 512 1765
304 899 1766
351 696 1767
379 1277 1768
1114 1669 1769
1009 1031 1770
1387 1388 1771
1342 1996 1772
51 116 1773
1772 2033 1774
1155 1666 1775
27 391 1776
1928 1998 1777
144 503 1778
571 1027 1779
34 210 1780
1228 1327 1781
760 2033 1782
299 402 1783
239 435 1784
357 1221 1785
136 1491 1786
1155 1965 1787
1319 1323 1788
289 533 1789
905 1240 1790
148 1492 1791
1044 1997 1792
29 95 1793
112 1615 1794
128 1222 1795
700 701 1796
1221 1222 1797
1996 1998 1798
1356 1826 1799
112 368 1800
19 51 1801
31 290 1802
127 1220 1803
131 132 1804
330 337 1805
356 1255 1806
43 1988 1807
51 371 1808
191 685 1809
134 498 1810
656 1667 1811
1994 1995 1812
27 429 1813
29 1220 1814
547 549 1815
648 1257 1816
1044 1763 1817
1488 1530 1818
1928 1997 1819
196 358 1820
525 1338 1821
331 1485 1822
520 1604 1823
686 1469 1824
29 1378 1825
1342 1997 1826
1342 1998 1827
549 1992 1828
1387 1491 1829
1928 1996 1830
833 1270 1831
2 870 1832
1044 1998 1833
385 1906 1834
1996 1997 1835
1353 1358 1836
383 384 1837
686 1468 1838
2 324 1839
304 1410 1840
846 1896 1841
3 408 1842
315 1782 1843
252 258 1844
1928 1994 1845
65 1376 1846
289 290 1847
548 549 1848
1380 1469 1849
270 1494 1850
1343 1974 1851
296 298 1852
970 1248 1853
406 592 1854
362 1604 1855
1380 1468 1856
549 766 1857
208 462 1858
361 520 1859
84 445 1860
268 311 1861
489 1203 1862
1354 1355 1863
2 1332 1864
2 1580 1865
411 1176 1866
1263 1426 1867
685 1535 1868
547 1992 1869
143 144 1870
1044 1974 1871
1468 1469 1872
358 1397 1873
105 1351 1874
412 1376 1875
53 358 1876
387 1856 1877
1008 1031 1878
29 1266 1879
145 1223 1880
547 548 1881
715 1153 1882
788 985 1883
1378 1379 1884
1974 1995 1885
144 145 1886
1274 1282 1887
105 1505 1888
524 525 1889
1203 1607 1890
1225 1227 1891
396 1014 1892
356 1365 1893
1354 1826 1894
1995 2038 1895
144 430 1896
1388 1491 1897
1995 1997 1898
356 1240 1899
1495 1496 1900
1995 1998 1901
1997 1998 1902
252 1347 1903
1351 1352 1904
1405 1511 1905
913 914 1906
29 1511 1907
105 1225 1908
134 497 1909
1928 1974 1910
753 821 1911
1994 1996 1912
2 1169 1913
41 115 1914
237 258 1915
656 778 1916
51 242 1917
2 3 1918
715 1387 1919
778 1667 1920
934 970 1921
214 970 1922
298 402 1923
1763 1764 1924
2 248 1925
198 566 1926
686 1364 1927
601 602 1928
701 1225 1929
1772 2034 1930
34 1381 1931
3 5 1932
307 1602 1933
145 503 1934
589 1229 1935
265 1667 1936
1974 1996 1937
648 1281 1938
1353 1356 1939
63 360 1940
569 1910 1941
1994 1998 1942
934 1269 1943
620 973 1944
738 1368 1945
27 1301 1946
265 656 1947
51 1232 1948
367 379 1949
756 1710 1950
589 1230 1951
359 1417 1952
734 1598 1953
44 373 1954
1334 1856 1955
1377 1378 1956
407 592 1957
1269 1505 1958
198 242 1959
343 473 1960
1269 2024 1961
84 1300 1962
378 379 1963
839 983 1964
771 1602 1965
571 1857 1966
710 1061 1967
29 127 1968
686 1499 1969
51 512 1970
738 959 1971
51 652 1972
5 408 1973
1022 1868 1974
44 350 1975
361 1489 1976
715 1491 1977
1377 1379 1978
145 1260 1979
1357 1358 1980
145 430 1981
1358 1866 1982
2 925 1983
208 242 1984
1392 1496 1985
2 1883 1986
143 1223 1987
1994 1997 1988
165 498 1989
251 252 1990
1350 1505 1991
1974 1998 1992
51 435 1993
1974 1994 1994
769 1483 1995
265 778 1996
331 525 1997
371 1423 1998
760 2034 1999
2 408 2000
2 1879 2001
1356 1861 2002
51 722 2003
626 839 2004
702 1225 2005
1351 1505 2006
21 391 2007
1350 1862 2008
704 1626 2009
136 406 2010
411 465 2011
1572 1574 2012
197 475 2013
130 1402 2014
34 1021 2015
143 145 2016
354 355 2017
769 1482 2018
191 1409 2019
323 324 2020
34 1229 2021
51 152 2022
934 1350 2023
43 1399 2024
626 983 2025
177 178 2026
837 839 2027
484 485 2028
51 603 2029
540 1620 2030
65 412 2031
1127 1506 2032
2 1264 2033
26 27 2034
143 503 2035
2037 2038 2036
156 682 2037
1350 1351 2038
34 589 2039
406 407 2040
412 465 2041
833 2020 2042
268 312 2043
682 683 2044
123 412 2045
1482 1483 2046
3 872 2047
34 361 2048
427 428 2049
51 1231 2050
756 1741 2051
29 255 2052
1995 2037 2053
2 577 2054
934 1351 2055
1231 1232 2056
993 1336 2057
2 5 2058
313 920 2059
371 1516 2060
29 71 2061
29 1549 2062
788 1485 2063
29 1408 2064
123 132 2065
123 465 2066
385 386 2067
2 323 2068
1889 2036 2069
1974 1997 2070
36 1616 2071
1838 1913 2072
129 459 2073
393 397 2074
29 108 2075
89 91 2076
324 1089 2077
381 382 2078
29 454 2079
394 397 2080
2038 2039 2081
1889 2035 2082
2 1089 2083
525 1498 2084
34 428 2085
31 331 2086
63 520 2087
51 241 2088
44 372 2089
1995 2039 2090
215 1975 2091
308 771 2092
29 72 2093
648 1500 2094
215 1838 2095
307 771 2096
410 538 2097
508 515 2098
423 806 2099
497 498 2100
16 1859 2101
215 1825 2102
129 130 2103
255 1549 2104
2037 2039 2105
143 1260 2106
334 355 2107
43 754 2108
529 557 2109
313 1300 2110
965 966 2111
836 839 2112
1244 1245 2113
288 290 2114
388 1334 2115
1764 1794 2116
1878 1879 2117
682 1659 2118
1027 1857 2119
2 1265 2120
271 272 2121
1573 1574 2122
90 91 2123
1022 1669 2124
1269 1350 2125
34 776 2126
34 342 2127
2 460 2128
63 316 2129
1642 1659 2130
1598 1599 2131
525 1210 2132
1353 1354 2133
10 1007 2134
539 540 2135
2 1878 2136
43 567 2137
360 361 2138
1488 1601 2139
557 1360 2140
323 1089 2141
16 1975 2142
241 1527 2143
89 90 2144
63 1604 2145
308 1602 2146
600 1333 2147
1269 1611 2148
80 1237 2149
21 23 2150
1022 1114 2151
79 1237 2152
483 485 2153
353 355 2154
460 462 2155
970 1247 2156
5 872 2157
252 1612 2158
63 361 2159
288 533 2160
1990 2018 2161
15 16 2162
1358 1861 2163
542 1519 2164
143 430 2165
1574 1664 2166
213 970 2167
489 1622 2168
51 604 2169
459 1002 2170
993 1137 2171
2 2011 2172
50 313 2173
34 341 2174
1991 2018 2175
130 1670 2176
79 1236 2177
969 2033 2178
682 1642 2179
920 1300 2180
423 1808 2181
934 1225 2182
358 359 2183
16 215 2184
346 484 2185
1060 1061 2186
1527 1574 2187
107 1323 2188
423 1451 2189
129 1670 2190
361 1604 2191
1155 1990 2192
1210 1498 2193
1269 1351 2194
1733 2018 2195
1155 2018 2196
268 1213 2197
74 1277 2198
108 1266 2199
241 1574 2200
474 1673 2201
196 359 2202
1264 1265 2203
31 532 2204
165 497 2205
288 534 2206
603 1948 2207
682 1786 2208
814 1252 2209
23 287 2210
80 1236 2211
872 2011 2212
1002 1911 2213
241 242 2214
858 1873 2215
1155 2017 2216
2017 2018 2217
130 1127 2218
37 462 2219
139 325 2220
411 412 2221
2 53 2222
837 838 2223
191 1556 2224
50 920 2225
448 1239 2226
71 108 2227
484 1606 2228
1510 1527 2229
734 1599 2230
1555 1556 2231
242 1288 2232
124 136 2233
206 1598 2234
35 36 2235
50 1300 2236
307 308 2237
1990 1991 2238
1990 2017 2239
152 242 2240
484 1674 2241
529 1360 2242
1155 1733 2243
760 1773 2244
1572 1573 2245
152 1256 2246
459 1911 2247
53 462 2248
72 204 2249
204 206 2250
1213 1259 2251
241 1510 2252
1155 1991 2253
136 1948 2254
183 1594 2255
34 340 2256
1599 1855 2257
204 1512 2258
72 77 2259
970 1540 2260
1733 1990 2261
393 394 2262
1107 1252 2263
1353 1357 2264
63 1537 2265
405 1209 2266
1838 1915 2267
34 1604 2268
143 390 2269
191 1555 2270
682 1792 2271
1710 1741 2272
1838 1914 2273
72 1511 2274
71 107 2275
211 693 2276
242 494 2277
1991 2017 2278
204 1599 2279
294 343 2280
353 354 2281
341 342 2282
191 1535 2283
206 1599 2284
1401 1799 2285
38 462 2286
289 532 2287
204 1855 2288
539 542 2289
760 2032 2290
129 547 2291
197 198 2292
343 1681 2293
1353 1826 2294
1733 2017 2295
1213 1628 2296
334 336 2297
215 1859 2298
569 870 2299
199 872 2300
1733 1991 2301
950 1014 2302
71 72 2303
934 1248 2304
1709 1710 2305
1710 1981 2306
23 409 2307
71 1266 2308
533 564 2309
258 293 2310
31 289 2311
381 1052 2312
1079 1855 2313
1567 1568 2314
15 215 2315
1512 1599 2316
72 108 2317
256 390 2318
934 1247 2319
31 564 2320
1859 1975 2321
560 561 2322
111 762 2323
204 1079 2324
483 484 2325
1353 1861 2326
124 202 2327
290 564 2328
1247 1248 2329
814 1107 2330
59 60 2331
72 255 2332
431 432 2333
432 1906 2334
72 107 2335
2033 2034 2336
111 1238 2337
242 495 2338
134 1621 2339
180 183 2340
969 2034 2341
36 915 2342
311 312 2343
315 316 2344
1079 1599 2345
993 1663 2346
29 94 2347
484 633 2348
1079 1512 2349
214 969 2350
247 248 2351
431 1249 2352
1512 1855 2353
603 604 2354
23 1394 2355
1236 1237 2356
31 563 2357
136 604 2358
27 501 2359
44 371 2360
215 1860 2361
950 1015 2362
336 1426 2363
42 43 2364
330 347 2365
350 373 2366
682 1793 2367
1840 1859 2368
604 1948 2369
107 108 2370
72 1266 2371
72 1549 2372
53 461 2373
9 389 2374
557 2048 2375
26 1301 2376
16 1860 2377
215 1858 2378
143 256 2379
308 945 2380
1858 1859 2381
23 113 2382
31 288 2383
134 207 2384
16 1858 2385
1401 1798 2386
72 1056 2387
404 744 2388
474 894 2389
308 944 2390
206 734 2391
762 1238 2392
371 372 2393
1282 1333 2394
198 781 2395
206 1512 2396
206 1855 2397
215 1840 2398
107 1568 2399
182 183 2400
207 1621 2401
1859 1860 2402
511 1295 2403
541 542 2404
1206 1663 2405
15 1840 2406
308 1289 2407
206 1079 2408
288 289 2409
23 74 2410
379 561 2411
241 1664 2412
16 1840 2413
27 72 2414
183 1177 2415
969 1540 2416
1203 2036 2417
1858 1860 2418
1840 1860 2419
2 199 2420
317 318 2421
1914 1915 2422
846 1778 2423
315 1537 2424
371 373 2425
533 563 2426
543 546 2427
2035 2036 2428
334 354 2429
340 342 2430
379 560 2431
132 465 2432
545 546 2433
364 365 2434
15 1858 2435
26 308 2436
544 546 2437
944 945 2438
461 462 2439
836 837 2440
14 16 2441
1037 1235 2442
1050 1542 2443
289 564 2444
365 366 2445
340 341 2446
422 423 2447
71 501 2448
1797 1798 2449
15 1860 2450
107 1567 2451
38 1875 2452
7 8 2453
15 1859 2454
72 1610 2455
1353 1866 2456
85 86 2457
123 131 2458
421 422 2459
72 501 2460
38 53 2461
108 501 2462
37 38 2463
459 1670 2464
993 1206 2465
317 1546 2466
317 1916 2467
335 336 2468
94 95 2469
107 501 2470
744 1534 2471
180 1177 2472
836 838 2473
290 563 2474
1527 1664 2475
1051 1542 2476
8 389 2477
1235 1534 2478
36 914 2479
1544 1916 2480
363 365 2481
460 461 2482
197 474 2483
180 182 2484
363 364 2485
846 1912 2486
7 389 2487
421 423 2488
364 804 2489
563 564 2490
316 1537 2491
72 1548 2492
870 1910 2493
1840 1858 2494
330 1018 2495
968 1889 2496
157 158 2497
463 464 2498
845 846 2499
53 460 2500
214 1540 2501
262 1022 2502
682 1348 2503
132 412 2504
161 163 2505
288 532 2506
288 1032 2507
543 545 2508
744 1235 2509
334 353 2510
1786 1792 2511
132 411 2512
160 161 2513
329 330 2514
1792 1793 2515
71 454 2516
289 563 2517
53 199 2518
160 163 2519
35 914 2520
1050 1051 2521
8 9 2522
26 944 2523
160 162 2524
14 15 2525
990 1544 2526
99 160 2527
21 94 2528
836 1550 2529
1348 1349 2530
6 8 2531
72 454 2532
1014 1015 2533
1203 2035 2534
336 1090 2535
159 160 2536
161 162 2537
7 9 2538
213 969 2539
26 945 2540
159 161 2541
597 600 2542
1544 1545 2543
988 1348 2544
1642 1786 2545
317 1544 2546
1304 1619 2547
1544 1546 2548
213 1540 2549
404 1534 2550
988 1349 2551
99 161 2552
242 1625 2553
1401 1797 2554
543 544 2555
544 545 2556
6 7 2557
6 9 2558
162 163 2559
317 1545 2560
72 1408 2561
159 163 2562
990 1916 2563
527 529 2564
1786 1793 2565
213 214 2566
454 1408 2567
288 564 2568
990 1545 2569
990 1546 2570
99 163 2571
77 108 2572
159 162 2573
404 1235 2574
532 564 2575
600 2002 2576
1348 1792 2577
99 162 2578
99 159 2579
317 990 2580
21 195 2581
795 1054 2582
1208 1209 2583
199 460 2584
445 1547 2585
845 1778 2586
1054 1055 2587
1348 1793 2588
288 563 2589
1348 1786 2590
446 1547 2591
445 446 2592
968 1203 2593
26 1289 2594
532 563 2595
74 1501 2596
893 968 2597
94 194 2598
1330 1331 2599
94 195 2600
795 1055 2601
392 968 2602
1348 1623 2603
73 74 2604
195 807 2605
211 284 2606
74 409 2607
194 195 2608
211 212 2609
211 285 2610
392 893 2611
94 2003 2612
349 1517 2613
349 681 2614
56 2040 2615
94 1947 2616
94 1609 2617
1261 1262 2618
1677 1678 2619
94 505 2620
74 464 2621
168 170 2622
262 263 2623
681 1517 2624
168 169 2625
261 262 2626
259 262 2627
259 263 2628
1947 2003 2629
74 463 2630
169 170 2631
261 263 2632
505 1947 2633
348 349 2634
259 261 2635
169 490 2636
505 2003 2637
212 284 2638
284 285 2639
349 1014 2640
74 1262 2641
1609 1947 2642
170 490 2643
260 262 2644
1609 2003 2645
505 1609 2646
259 260 2647
260 263 2648
212 285 2649
260 261 2650
74 1678 2651
74 1677 2652
1116 1618 2653
74 1261 2654
1617 1618 2655
1046 1618 2656
1116 1617 2657
1046 1116 2658
1117 1618 2659
1046 1617 2660
1116 1117 2661
1117 1617 2662
1046 1117 2663
