439 690 1
439 440 2
439 441 3
684 690 4
690 1800 5
690 1801 6
690 966 7
690 915 8
690 1754 9
690 1802 10
11 200 11
684 1800 12
690 1771 13
684 1801 14
684 1804 15
690 1788 16
688 690 17
684 1805 18
54 931 19
689 690 20
1804 1805 21
1369 1552 22
44 1196 23
102 1898 24
635 740 25
1552 1827 26
11 1807 27
44 569 28
315 583 29
1175 1458 30
1904 1905 31
183 684 32
380 1746 33
1175 1459 34
88 1196 35
380 1785 36
1967 1968 37
644 1196 38
684 1035 39
684 1802 40
11 1464 41
380 1745 42
680 1168 43
684 1427 44
1369 1827 45
102 1959 46
1196 1302 47
1968 1969 48
315 1782 49
1771 1832 50
380 1640 51
380 1842 52
582 583 53
54 1481 54
102 1960 55
291 292 56
102 1904 57
728 1968 58
1369 2010 59
44 1421 60
102 1905 61
1967 1969 62
380 1438 63
380 1843 64
1432 1720 65
1821 1822 66
583 1782 67
1458 1459 68
583 1821 69
728 1967 70
103 1450 71
103 678 72
380 1747 73
29 873 74
1369 1925 75
1745 1746 76
291 1129 77
488 740 78
362 583 79
1800 1801 80
44 237 81
178 1557 82
54 1966 83
1459 1757 84
1759 1760 85
291 1970 86
102 1899 87
362 396 88
191 1555 89
315 1821 90
178 655 91
540 583 92
678 1450 93
1459 1460 94
1438 1640 95
684 755 96
1801 1802 97
1459 1638 98
1640 1842 99
54 68 100
219 740 101
291 653 102
1759 1761 103
740 1434 104
362 1821 105
668 1435 106
102 1902 107
728 1969 108
1800 1802 109
1745 1747 110
315 362 111
569 1421 112
1450 1761 113
11 753 114
520 1821 115
1449 1450 116
1640 1843 117
702 1416 118
922 973 119
54 1588 120
900 1304 121
54 1957 122
315 316 123
973 1833 124
456 1749 125
1432 1819 126
1814 1815 127
420 873 128
54 1386 129
678 1761 130
1438 1843 131
1795 1809 132
743 1590 133
148 1896 134
680 1818 135
943 982 136
973 1787 137
1438 1842 138
1842 1843 139
688 689 140
703 1432 141
1304 1619 142
1404 1768 143
1746 1747 144
279 713 145
650 1584 146
103 1761 147
2 569 148
338 339 149
900 931 150
290 743 151
489 1192 152
913 915 153
189 873 154
475 591 155
11 404 156
1815 1816 157
1637 1806 158
2 1421 159
1559 1637 160
728 1614 161
705 1559 162
11 268 163
103 1759 164
315 1537 165
679 1818 166
1760 1761 167
1898 1959 168
655 1557 169
520 1435 170
531 1584 171
1555 1556 172
279 1814 173
826 932 174
576 1755 175
1450 1453 176
525 743 177
650 743 178
237 1196 179
679 680 180
530 743 181
219 488 182
434 932 183
507 927 184
237 1770 185
943 1514 186
1814 1816 187
63 315 188
520 1822 189
927 1639 190
44 1744 191
44 268 192
3 268 193
189 1837 194
531 743 195
44 1901 196
1108 1455 197
84 1459 198
1191 1926 199
713 1815 200
110 644 201
434 826 202
1895 1896 203
530 1584 204
1898 1960 205
726 728 206
290 650 207
794 1592 208
44 1589 209
722 2055 210
1557 1828 211
1614 1653 212
148 1895 213
191 1556 214
1439 1454 215
1584 1590 216
926 927 217
123 2044 218
488 635 219
102 103 220
531 650 221
44 1139 222
44 898 223
279 1815 224
576 1809 225
617 756 226
678 1452 227
1592 2050 228
489 1897 229
292 653 230
1755 1809 231
533 743 232
156 1465 233
237 1421 234
726 727 235
44 1784 236
44 1890 237
943 1585 238
102 1886 239
396 1821 240
1164 1592 241
667 668 242
655 1828 243
44 1418 244
177 178 245
773 1558 246
290 1584 247
572 1432 248
1437 1438 249
1959 1960 250
279 1816 251
617 1020 252
794 2050 253
703 1720 254
756 1020 255
1136 1459 256
58 724 257
448 642 258
751 1450 259
187 277 260
237 1589 261
331 1461 262
277 1490 263
973 1186 264
1432 1884 265
304 900 266
102 751 267
922 1833 268
2 237 269
237 1147 270
1481 1966 271
644 1309 272
644 1852 273
533 650 274
1136 1757 275
276 277 276
142 932 277
219 495 278
1748 1749 279
1958 1983 280
530 1590 281
702 2001 282
1164 2050 283
123 1964 284
728 1653 285
1427 2005 286
1899 1902 287
237 569 288
290 1590 289
103 1760 290
534 743 291
1592 2051 292
2 594 293
495 740 294
678 751 295
727 728 296
520 668 297
2050 2051 298
268 1831 299
530 650 300
1313 1314 301
672 674 302
1163 2050 303
1954 1955 304
1163 1592 305
530 531 306
1432 1885 307
1720 1819 308
1964 2044 309
534 1590 310
531 1590 311
448 1313 312
2044 2049 313
380 396 314
948 966 315
44 641 316
1159 1525 317
1797 1798 318
650 1590 319
183 1427 320
237 1418 321
44 1398 322
270 1415 323
794 1164 324
448 1314 325
192 618 326
420 943 327
502 705 328
1129 1970 329
1553 1847 330
88 644 331
189 1605 332
44 610 333
156 1404 334
794 2051 335
237 1890 336
525 1444 337
237 594 338
290 531 339
751 1761 340
434 654 341
1043 1880 342
1614 1958 343
448 1306 344
535 650 345
84 1460 346
520 667 347
31 743 348
722 2054 349
148 1401 350
1478 1479 351
219 1434 352
270 1442 353
794 1163 354
44 425 355
396 1755 356
2054 2055 357
594 936 358
44 233 359
728 1958 360
1369 1519 361
705 1903 362
300 672 363
189 190 364
290 530 365
672 1553 366
530 535 367
533 1590 368
534 650 369
936 1513 370
362 1822 371
1953 1954 372
531 533 373
654 932 374
44 639 375
425 658 376
1954 1956 377
594 1317 378
533 1584 379
617 1783 380
1461 1462 381
1474 1820 382
1964 2049 383
123 2049 384
1404 1976 385
524 525 386
654 826 387
1043 1881 388
743 1887 389
103 751 390
628 1847 391
663 678 392
1164 2051 393
642 1314 394
237 1202 395
237 658 396
628 1553 397
1404 1767 398
237 504 399
728 1191 400
728 1845 401
420 1171 402
672 1847 403
642 1313 404
44 1770 405
495 635 406
277 613 407
638 955 408
1159 1526 409
1880 1881 410
88 1309 411
971 1102 412
1043 1765 413
1159 1888 414
215 1838 415
531 535 416
1401 1797 417
1765 1880 418
724 725 419
1420 1428 420
44 1900 421
1124 1432 422
1163 2051 423
91 489 424
2 187 425
525 1338 426
531 534 427
176 1776 428
237 907 429
1401 1896 430
728 1926 431
438 620 432
58 1679 433
908 1053 434
176 1777 435
44 1413 436
915 1563 437
1167 1502 438
44 1026 439
215 1825 440
702 904 441
760 970 442
413 919 443
50 123 444
620 1429 445
644 1345 446
88 1344 447
187 613 448
566 1374 449
237 1201 450
489 1622 451
413 414 452
189 629 453
530 533 454
1359 1791 455
413 634 456
413 695 457
1401 1798 458
644 1246 459
644 1310 460
237 641 461
103 1810 462
220 709 463
642 1595 464
554 644 465
1135 1136 466
955 1316 467
1525 1888 468
965 966 469
617 1775 470
44 1102 471
189 466 472
697 1328 473
724 1522 474
1614 1845 475
594 1579 476
156 1159 477
1156 1159 478
724 1533 479
1159 1524 480
615 966 481
899 900 482
237 1026 483
530 534 484
642 1306 485
413 694 486
448 1307 487
1306 1307 488
642 1446 489
579 644 490
1473 1474 491
1884 1885 492
239 932 493
1151 1579 494
705 1835 495
1157 1159 496
644 649 497
673 674 498
1201 1202 499
801 1297 500
1043 1340 501
1043 1044 502
525 1210 503
971 1421 504
556 1479 505
44 658 506
638 1316 507
187 237 508
1444 1851 509
43 237 510
672 673 511
451 452 512
299 773 513
936 1440 514
438 617 515
1439 1533 516
44 971 517
300 673 518
709 919 519
801 1298 520
75 591 521
279 705 522
279 502 523
612 1593 524
58 973 525
566 1756 526
530 1520 527
594 1147 528
908 2025 529
1955 1956 530
290 535 531
1340 1765 532
1765 1881 533
628 672 534
43 658 535
742 743 536
338 1586 537
617 1679 538
658 1026 539
575 576 540
237 639 541
946 1582 542
103 426 543
1174 1359 544
540 1620 545
420 1391 546
507 922 547
1158 1159 548
1163 1164 549
703 1819 550
44 1924 551
136 277 552
1019 1020 553
1447 1448 554
103 1551 555
2012 2023 556
239 654 557
1415 1442 558
88 1345 559
753 2012 560
1445 1447 561
700 702 562
662 663 563
1752 1753 564
237 1139 565
232 234 566
591 1949 567
608 1428 568
615 616 569
84 1638 570
272 1918 571
191 685 572
502 735 573
1044 1880 574
1776 1777 575
410 617 576
2012 2022 577
218 709 578
566 1531 579
642 1307 580
655 1436 581
708 709 582
338 1569 583
451 531 584
1173 1359 585
103 1817 586
438 1020 587
736 1164 588
534 535 589
709 1836 590
1043 2047 591
419 1303 592
451 453 593
698 1136 594
1421 1422 595
237 941 596
420 1132 597
707 709 598
1524 1525 599
191 1535 600
1044 1765 601
448 1446 602
658 1075 603
702 723 604
642 1224 605
44 232 606
290 451 607
525 1498 608
556 631 609
1463 1753 610
44 1422 611
420 928 612
475 620 613
1416 2001 614
88 1310 615
736 1163 616
846 1896 617
1526 1888 618
451 930 619
611 612 620
58 942 621
237 523 622
331 524 623
728 2026 624
176 410 625
478 722 626
136 237 627
290 533 628
556 748 629
43 44 630
1406 1407 631
356 608 632
591 1950 633
2022 2023 634
246 915 635
268 645 636
1653 1954 637
569 1910 638
626 900 639
1575 1720 640
191 1409 641
450 451 642
304 899 643
594 1151 644
1525 1526 645
663 1452 646
451 530 647
451 535 648
451 533 649
156 1525 650
331 1462 651
396 1745 652
1163 1480 653
547 946 654
1720 1961 655
610 658 656
753 2022 657
1164 1480 658
1157 1158 659
1445 1466 660
608 1420 661
331 1473 662
612 1682 663
612 1690 664
618 619 665
290 534 666
631 748 667
1445 1448 668
1753 1769 669
947 948 670
658 1589 671
1430 1431 672
331 525 673
594 941 674
533 535 675
1636 1720 676
337 351 677
1653 1953 678
419 1073 679
1044 1340 680
316 1537 681
569 870 682
914 915 683
572 1124 684
658 738 685
535 1520 686
187 907 687
720 721 688
658 1139 689
676 1823 690
1929 1931 691
123 131 692
448 1224 693
448 1595 694
612 1689 695
971 1422 696
727 752 697
1162 1164 698
399 400 699
1297 1299 700
620 1504 701
741 743 702
926 1639 703
1336 1882 704
396 1747 705
331 1474 706
1765 2047 707
381 620 708
1614 2026 709
237 940 710
579 1852 711
321 1431 712
712 713 713
1073 1303 714
1373 1720 715
631 1424 716
801 1299 717
698 1135 718
658 1988 719
356 740 720
1401 1799 721
1522 1533 722
419 1305 723
612 1095 724
973 1566 725
44 754 726
237 610 727
209 413 728
1426 1581 729
381 475 730
475 488 731
1380 1469 732
1444 2045 733
2 1147 734
640 641 735
2 1139 736
1445 1824 737
183 1177 738
420 556 739
531 532 740
1303 1361 741
1044 1881 742
556 622 743
576 1219 744
657 1188 745
701 702 746
568 569 747
270 1494 748
610 641 749
624 625 750
160 569 751
123 643 752
75 1950 753
357 905 754
736 1480 755
438 475 756
291 508 757
321 1430 758
626 899 759
270 1366 760
451 534 761
946 1312 762
1190 1191 763
526 936 764
1162 1163 765
75 1949 766
103 921 767
237 248 768
1298 1299 769
556 630 770
356 637 771
1930 1931 772
1560 1687 773
530 532 774
1524 1526 775
419 1952 776
620 1554 777
156 1526 778
707 708 779
905 906 780
1380 1468 781
1753 1823 782
417 419 783
638 1031 784
611 1095 785
1929 1930 786
338 1607 787
416 419 788
569 627 789
267 268 790
651 652 791
1931 1933 792
1443 1444 793
520 1489 794
1995 2037 795
290 927 796
410 1777 797
591 1123 798
658 1924 799
1159 1527 800
33 729 801
656 1188 802
1931 1932 803
338 1372 804
1929 1932 805
745 746 806
1303 1576 807
556 928 808
751 1886 809
475 635 810
750 751 811
103 750 812
1930 1932 813
32 729 814
594 940 815
443 444 816
1467 1583 817
165 710 818
475 1429 819
1161 1164 820
337 352 821
399 401 822
1361 1748 823
268 929 824
600 2002 825
751 921 826
533 1520 827
591 1561 828
249 729 829
351 352 830
612 1790 831
1194 1195 832
1403 1404 833
258 908 834
948 1363 835
534 930 836
1203 1897 837
610 639 838
1166 1502 839
1932 1933 840
2 1477 841
141 142 842
569 916 843
1995 2038 844
63 1124 845
442 657 846
110 1345 847
788 1179 848
724 1686 849
280 1140 850
1400 1614 851
50 1964 852
753 2023 853
656 657 854
36 915 855
694 695 856
290 1520 857
533 534 858
566 1993 859
710 711 860
34 1467 861
400 401 862
1444 1758 863
333 487 864
556 749 865
442 714 866
400 1995 867
639 640 868
187 244 869
1930 1933 870
237 939 871
26 1301 872
442 443 873
1929 1933 874
338 1203 875
722 933 876
724 1337 877
693 752 878
258 1493 879
730 731 880
84 217 881
258 632 882
1044 2047 883
1995 2039 884
1161 1163 885
2038 2039 886
603 613 887
51 651 888
410 1776 889
533 927 890
702 1225 891
272 1385 892
27 1155 893
49 345 894
268 778 895
63 316 896
333 486 897
400 2052 898
2 623 899
1995 2000 900
345 449 901
579 649 902
539 540 903
44 1399 904
597 600 905
400 1999 906
400 2000 907
1949 1950 908
51 652 909
442 444 910
685 686 911
729 731 912
1444 1922 913
1228 1328 914
1444 1971 915
165 1060 916
1614 1929 917
51 241 918
396 637 919
270 314 920
630 631 921
362 668 922
756 1679 923
84 280 924
613 614 925
697 1433 926
940 941 927
51 239 928
1468 1469 929
631 699 930
641 1026 931
2037 2039 932
51 359 933
539 542 934
271 272 935
872 909 936
685 1535 937
551 705 938
729 730 939
304 619 940
274 638 941
1221 1484 942
331 1179 943
1342 2000 944
400 1342 945
237 355 946
44 567 947
609 610 948
1173 1174 949
51 242 950
142 239 951
1995 1999 952
258 1053 953
1687 1688 954
2037 2038 955
290 664 956
29 679 957
731 732 958
438 1429 959
2021 2023 960
362 520 961
542 1519 962
591 1472 963
712 1846 964
486 487 965
183 1594 966
724 1521 967
488 495 968
1166 1167 969
299 1571 970
362 1435 971
1682 1683 972
2 577 973
43 1026 974
63 1195 975
258 2025 976
639 641 977
704 860 978
922 924 979
356 495 980
2 248 981
1340 1341 982
148 1148 983
49 737 984
575 1219 985
630 748 986
729 732 987
594 1150 988
485 1108 989
84 1471 990
63 1194 991
1095 1682 992
1327 1328 993
675 677 994
2 1580 995
299 757 996
219 356 997
748 749 998
63 1537 999
306 419 1000
2 1169 1001
337 1587 1002
686 687 1003
129 946 1004
80 730 1005
51 872 1006
282 283 1007
753 2021 1008
2000 2052 1009
405 1329 1010
472 704 1011
148 1789 1012
1999 2000 1013
80 670 1014
418 419 1015
110 554 1016
79 131 1017
739 1444 1018
1484 1562 1019
745 747 1020
419 1130 1021
1575 1636 1022
452 453 1023
182 183 1024
136 283 1025
2 438 1026
532 535 1027
1444 2030 1028
697 698 1029
233 1923 1030
761 1409 1031
1155 1488 1032
165 711 1033
26 944 1034
124 202 1035
141 239 1036
405 433 1037
1340 1343 1038
331 788 1039
685 687 1040
1095 1683 1041
424 425 1042
93 279 1043
357 906 1044
156 1524 1045
43 1988 1046
488 507 1047
78 131 1048
91 1811 1049
686 1380 1050
1044 1999 1051
715 716 1052
1095 1790 1053
1340 1342 1054
338 473 1055
1342 1999 1056
1044 1341 1057
750 921 1058
253 1346 1059
1346 1347 1060
591 1684 1061
2 870 1062
111 762 1063
1044 2000 1064
716 1153 1065
39 946 1066
536 1562 1067
290 532 1068
536 1484 1069
2 236 1070
697 1228 1071
554 1345 1072
682 834 1073
272 1038 1074
32 33 1075
489 1889 1076
675 676 1077
944 945 1078
67 321 1079
730 732 1080
489 1203 1081
639 1026 1082
242 475 1083
1343 2000 1084
922 923 1085
2 1170 1086
535 927 1087
532 927 1088
760 2032 1089
475 1472 1090
345 737 1091
2 1883 1092
1155 1965 1093
241 242 1094
532 1520 1095
1385 1918 1096
2 925 1097
78 80 1098
700 701 1099
1203 1586 1100
252 253 1101
839 1239 1102
1219 1384 1103
293 721 1104
400 1343 1105
337 347 1106
578 579 1107
839 1854 1108
123 412 1109
494 495 1110
252 1346 1111
43 754 1112
1 27 1113
1342 1995 1114
1470 1471 1115
34 1583 1116
141 816 1117
1210 1498 1118
536 1221 1119
80 669 1120
136 1490 1121
1361 1576 1122
450 452 1123
676 677 1124
253 1347 1125
320 321 1126
1221 1562 1127
507 1639 1128
78 918 1129
148 1518 1130
279 1503 1131
1999 2052 1132
400 1044 1133
760 1773 1134
110 1189 1135
246 1563 1136
27 1301 1137
136 244 1138
400 1928 1139
601 1195 1140
393 396 1141
686 1921 1142
1161 1162 1143
507 926 1144
1416 1425 1145
356 396 1146
1195 1920 1147
1180 1181 1148
404 405 1149
1416 1591 1150
136 613 1151
337 458 1152
78 79 1153
272 1183 1154
594 939 1155
1268 1565 1156
80 131 1157
1689 1690 1158
1343 1999 1159
1361 1962 1160
32 249 1161
475 1684 1162
1154 1155 1163
262 1022 1164
279 467 1165
351 696 1166
78 661 1167
338 1889 1168
2 1375 1169
21 23 1170
131 661 1171
751 1178 1172
1241 1242 1173
1613 1614 1174
124 136 1175
78 917 1176
1195 1982 1177
156 566 1178
297 299 1179
472 860 1180
686 1469 1181
1340 1764 1182
396 691 1183
34 395 1184
337 1963 1185
331 536 1186
80 1318 1187
290 1032 1188
26 1289 1189
272 1184 1190
396 1987 1191
1928 2000 1192
1181 1182 1193
331 1178 1194
927 1045 1195
111 1238 1196
33 249 1197
579 1528 1198
147 148 1199
2 1264 1200
123 132 1201
762 1238 1202
1343 1995 1203
82 84 1204
136 1215 1205
1228 1433 1206
258 293 1207
739 1922 1208
293 720 1209
136 282 1210
126 1174 1211
536 1179 1212
474 591 1213
1 1597 1214
51 116 1215
418 1130 1216
488 506 1217
40 1608 1218
44 424 1219
404 753 1220
578 1528 1221
34 1381 1222
246 304 1223
43 1399 1224
1567 1568 1225
181 448 1226
686 1468 1227
83 84 1228
686 1325 1229
96 488 1230
450 453 1231
1155 1980 1232
438 1844 1233
715 1387 1234
1180 1182 1235
258 1172 1236
653 927 1237
382 620 1238
148 1436 1239
289 530 1240
362 1195 1241
715 1153 1242
448 1165 1243
569 834 1244
757 1571 1245
331 751 1246
126 1173 1247
28 686 1248
26 945 1249
638 1248 1250
239 1200 1251
1335 1336 1252
237 1187 1253
1155 1487 1254
272 1185 1255
1928 1995 1256
549 1426 1257
252 1347 1258
48 1020 1259
704 1246 1260
1155 1666 1261
165 497 1262
1 1152 1263
131 132 1264
148 496 1265
290 1253 1266
511 1295 1267
338 343 1268
593 594 1269
697 1327 1270
29 1465 1271
31 290 1272
50 1164 1273
1150 1151 1274
63 607 1275
1425 1543 1276
165 498 1277
532 534 1278
1296 2008 1279
1392 1496 1280
76 1097 1281
330 337 1282
741 742 1283
129 547 1284
80 671 1285
1889 1897 1286
131 133 1287
156 806 1288
993 1336 1289
1928 1999 1290
474 475 1291
26 27 1292
1387 1388 1293
448 1529 1294
715 1388 1295
283 1149 1296
2 408 1297
136 202 1298
410 756 1299
50 1163 1300
796 1416 1301
852 1940 1302
2 1332 1303
682 1659 1304
1038 1183 1305
191 761 1306
705 909 1307
67 320 1308
1488 1980 1309
244 1144 1310
180 183 1311
605 657 1312
21 94 1313
79 918 1314
258 624 1315
394 396 1316
9 123 1317
438 470 1318
744 745 1319
1155 1486 1320
27 376 1321
51 722 1322
375 376 1323
730 1318 1324
1241 1907 1325
362 607 1326
27 375 1327
396 1803 1328
245 246 1329
382 973 1330
50 1162 1331
198 475 1332
824 1425 1333
447 448 1334
473 1569 1335
532 533 1336
1178 1179 1337
31 533 1338
1488 1530 1339
87 485 1340
81 84 1341
495 1131 1342
1044 1763 1343
253 839 1344
78 132 1345
824 1543 1346
51 152 1347
1416 1603 1348
21 391 1349
839 1347 1350
1155 1530 1351
40 1891 1352
244 1145 1353
1038 1184 1354
79 133 1355
131 660 1356
870 1139 1357
913 914 1358
331 1484 1359
3 937 1360
551 909 1361
63 796 1362
551 1146 1363
1994 1995 1364
683 834 1365
495 1132 1366
939 941 1367
79 660 1368
934 1269 1369
26 308 1370
136 1149 1371
1569 1889 1372
1382 1384 1373
3 1142 1374
1179 1484 1375
633 1133 1376
436 1180 1377
852 1392 1378
1242 1243 1379
139 325 1380
712 1848 1381
2 3 1382
436 1181 1383
1009 1031 1384
43 567 1385
51 909 1386
751 1179 1387
760 1772 1388
404 433 1389
796 1425 1390
123 411 1391
105 1269 1392
123 686 1393
216 217 1394
1269 1565 1395
1387 1491 1396
753 1141 1397
218 220 1398
156 1527 1399
993 1137 1400
438 469 1401
704 1577 1402
27 377 1403
130 339 1404
1044 1995 1405
376 377 1406
598 1523 1407
53 239 1408
796 1543 1409
79 917 1410
448 1324 1411
148 1986 1412
761 1416 1413
1241 1243 1414
34 910 1415
251 252 1416
710 1060 1417
1486 1487 1418
1131 1132 1419
1183 1184 1420
475 1288 1421
870 1910 1422
236 237 1423
362 1489 1424
208 475 1425
395 1318 1426
598 599 1427
1263 1426 1428
219 1365 1429
103 1403 1430
134 710 1431
258 308 1432
69 1578 1433
1119 1877 1434
1974 1995 1435
452 509 1436
923 924 1437
1796 1812 1438
682 683 1439
63 1920 1440
909 1146 1441
396 397 1442
63 1193 1443
488 1334 1444
939 940 1445
2 5 1446
34 1195 1447
239 909 1448
374 376 1449
1219 1383 1450
1419 1578 1451
51 512 1452
1038 1185 1453
2 1879 1454
239 705 1455
34 776 1456
1194 1920 1457
50 1161 1458
488 1762 1459
1412 1425 1460
909 1326 1461
136 573 1462
1383 1384 1463
36 1361 1464
438 1250 1465
1044 1764 1466
385 1362 1467
375 377 1468
520 1604 1469
839 1346 1470
27 374 1471
1027 1406 1472
1239 1854 1473
1139 1332 1474
1405 1511 1475
107 1567 1476
1486 1488 1477
656 778 1478
2 2011 1479
374 375 1480
436 1182 1481
105 1350 1482
123 1176 1483
715 1027 1484
356 1131 1485
1995 1996 1486
1008 1031 1487
1031 1248 1488
339 1402 1489
605 606 1490
1155 1853 1491
1268 1269 1492
1995 1998 1493
1979 1984 1494
1219 1382 1495
1570 1897 1496
41 115 1497
374 377 1498
3 1475 1499
1569 1570 1500
331 1485 1501
1495 1496 1502
27 429 1503
1364 1499 1504
437 438 1505
715 1491 1506
450 1385 1507
252 839 1508
547 549 1509
1183 1185 1510
268 1259 1511
136 854 1512
1487 1488 1513
1763 1765 1514
51 435 1515
1572 1573 1516
44 350 1517
1194 1982 1518
744 746 1519
393 394 1520
756 1710 1521
304 1917 1522
1995 1997 1523
385 432 1524
107 1568 1525
136 1387 1526
356 905 1527
636 1132 1528
128 357 1529
336 1426 1530
788 1485 1531
1184 1185 1532
236 594 1533
541 542 1534
93 1393 1535
63 1982 1536
184 756 1537
258 1612 1538
1400 1613 1539
1388 1491 1540
1475 1476 1541
1320 1371 1542
1488 1909 1543
79 80 1544
135 136 1545
63 601 1546
725 1521 1547
396 1989 1548
246 1917 1549
549 766 1550
381 382 1551
211 693 1552
456 1166 1553
148 1985 1554
34 1193 1555
29 1377 1556
123 465 1557
1412 1543 1558
27 1087 1559
686 1364 1560
1228 1327 1561
1539 1812 1562
393 397 1563
286 339 1564
845 1778 1565
27 481 1566
80 1237 1567
1203 1607 1568
701 1225 1569
1488 1724 1570
156 1659 1571
495 636 1572
31 322 1573
2 1265 1574
239 1367 1575
716 1027 1576
136 1388 1577
308 944 1578
1027 1153 1579
1127 1506 1580
538 620 1581
676 1101 1582
911 912 1583
105 1296 1584
845 846 1585
824 1412 1586
1382 1383 1587
533 1253 1588
534 1253 1589
725 1686 1590
846 1778 1591
1293 1320 1592
2 872 1593
395 730 1594
456 986 1595
1119 1134 1596
361 520 1597
27 951 1598
1320 1780 1599
239 551 1600
1293 1371 1601
475 1673 1602
950 1984 1603
438 1211 1604
438 1456 1605
105 1505 1606
753 1894 1607
760 969 1608
950 1979 1609
1119 1876 1610
304 1410 1611
27 66 1612
136 831 1613
105 1862 1614
63 602 1615
660 661 1616
1342 1343 1617
246 914 1618
1133 1308 1619
268 783 1620
636 1131 1621
1319 1321 1622
686 1499 1623
308 945 1624
626 983 1625
63 362 1626
282 1149 1627
1044 1342 1628
1342 1996 1629
268 312 1630
1342 1928 1631
951 1087 1632
1377 1379 1633
830 1187 1634
423 1808 1635
548 549 1636
1764 1765 1637
148 1492 1638
970 1772 1639
1319 1322 1640
10 1007 1641
1264 1265 1642
824 825 1643
6 1242 1644
219 1255 1645
1321 1322 1646
497 498 1647
659 661 1648
48 438 1649
105 1351 1650
1321 1323 1651
2 53 1652
1342 1994 1653
103 1404 1654
385 1143 1655
1803 1989 1656
1044 1343 1657
1876 1877 1658
81 83 1659
478 933 1660
274 1248 1661
10 164 1662
220 396 1663
394 397 1664
642 1267 1665
1319 1323 1666
239 358 1667
1320 1323 1668
1320 1781 1669
1143 1362 1670
379 1277 1671
136 1491 1672
105 934 1673
1322 1323 1674
134 1060 1675
215 1975 1676
656 1667 1677
669 670 1678
1342 1998 1679
1530 1980 1680
423 1451 1681
1780 1781 1682
136 281 1683
197 475 1684
308 1289 1685
1985 1986 1686
1044 1998 1687
239 1417 1688
132 661 1689
239 359 1690
1343 1928 1691
289 535 1692
601 602 1693
1319 1320 1694
27 378 1695
53 358 1696
906 1254 1697
81 82 1698
265 656 1699
725 1337 1700
29 274 1701
421 423 1702
1488 1601 1703
208 242 1704
1320 1321 1705
1572 1574 1706
356 1365 1707
769 1482 1708
1320 1322 1709
549 1263 1710
905 1240 1711
1343 1996 1712
1378 1379 1713
34 63 1714
105 935 1715
1507 1897 1716
1022 1868 1717
34 912 1718
1044 1996 1719
1342 1974 1720
1928 1996 1721
450 509 1722
917 918 1723
753 1635 1724
128 1221 1725
1022 1114 1726
438 1078 1727
676 2019 1728
31 403 1729
51 1231 1730
29 1379 1731
704 820 1732
1573 1574 1733
1928 1994 1734
379 1687 1735
710 1061 1736
620 973 1737
1343 1994 1738
756 1741 1739
27 379 1740
788 985 1741
1320 1779 1742
51 1232 1743
820 1577 1744
1539 1796 1745
29 638 1746
1342 1997 1747
133 660 1748
769 1483 1749
1377 1378 1750
1928 1998 1751
29 1751 1752
220 587 1753
16 215 1754
1343 1998 1755
356 1255 1756
914 1563 1757
50 920 1758
94 195 1759
164 467 1760
356 1240 1761
84 445 1762
659 660 1763
488 636 1764
30 31 1765
289 534 1766
357 1221 1767
529 557 1768
1144 1145 1769
34 428 1770
1308 1411 1771
93 137 1772
472 1370 1773
358 1397 1774
289 290 1775
704 1541 1776
134 661 1777
215 1840 1778
934 1350 1779
105 1227 1780
1343 1997 1781
1350 1862 1782
29 1378 1783
37 462 1784
349 681 1785
934 1225 1786
1044 1994 1787
704 1951 1788
63 520 1789
1354 1355 1790
356 357 1791
549 1992 1792
1928 1997 1793
1375 1564 1794
129 728 1795
669 671 1796
670 671 1797
72 1511 1798
361 1489 1799
1253 1441 1800
423 806 1801
591 1673 1802
778 1667 1803
34 1021 1804
432 1906 1805
2 1089 1806
348 349 1807
362 601 1808
128 356 1809
215 1860 1810
1838 1913 1811
105 1226 1812
969 970 1813
198 566 1814
242 1288 1815
1343 1974 1816
63 361 1817
252 258 1818
349 1517 1819
1994 1996 1820
2 1878 1821
1044 1974 1822
31 1668 1823
136 1257 1824
1274 1282 1825
356 1254 1826
105 1225 1827
988 1348 1828
34 342 1829
107 1323 1830
839 983 1831
427 428 1832
385 1578 1833
1996 1998 1834
455 456 1835
405 1209 1836
431 432 1837
934 1227 1838
31 532 1839
1044 1997 1840
242 494 1841
410 1630 1842
215 1858 1843
379 1560 1844
806 1311 1845
410 1662 1846
34 427 1847
838 839 1848
1642 1786 1849
131 134 1850
331 985 1851
527 529 1852
6 1243 1853
268 311 1854
136 614 1855
6 1241 1856
682 1642 1857
646 1867 1858
407 592 1859
50 313 1860
653 1045 1861
93 1515 1862
244 1339 1863
359 1417 1864
208 462 1865
156 682 1866
1642 1659 1867
265 778 1868
547 1992 1869
84 1300 1870
1482 1483 1871
1994 1998 1872
237 258 1873
532 1253 1874
50 1300 1875
1351 1352 1876
2 324 1877
547 548 1878
951 1251 1879
456 457 1880
19 51 1881
298 299 1882
1044 1928 1883
760 2033 1884
63 360 1885
626 839 1886
80 1236 1887
296 299 1888
1570 1889 1889
1221 1222 1890
79 1237 1891
612 717 1892
1996 1997 1893
988 1349 1894
1350 1505 1895
357 1222 1896
136 715 1897
462 512 1898
219 1254 1899
1997 1998 1900
31 1233 1901
112 1615 1902
738 1368 1903
970 2034 1904
717 719 1905
1507 1508 1906
456 565 1907
704 1626 1908
107 501 1909
755 1615 1910
112 368 1911
744 747 1912
85 86 1913
1022 1669 1914
1838 1914 1915
396 950 1916
289 533 1917
1044 1794 1918
39 1532 1919
2 460 1920
1994 1997 1921
15 215 1922
29 255 1923
358 359 1924
1928 1974 1925
29 1511 1926
473 1889 1927
21 195 1928
215 1859 1929
406 407 1930
934 1351 1931
42 44 1932
1974 1996 1933
112 755 1934
93 1834 1935
44 373 1936
738 959 1937
134 165 1938
1269 1505 1939
130 1402 1940
71 107 1941
1974 1998 1942
686 1176 1943
34 1229 1944
383 385 1945
71 1266 1946
993 1663 1947
1160 1258 1948
3 408 1949
1155 2017 1950
5 408 1951
396 1015 1952
1351 1505 1953
718 719 1954
1838 1915 1955
48 1844 1956
1155 2018 1957
717 718 1958
1974 1994 1959
557 1360 1960
156 1642 1961
137 1834 1962
59 60 1963
1348 1349 1964
265 1667 1965
324 1089 1966
529 1360 1967
16 1975 1968
29 1549 1969
129 458 1970
1269 2024 1971
681 1517 1972
1354 1826 1973
986 1166 1974
1155 1991 1975
241 1574 1976
600 1333 1977
467 1503 1978
1350 1351 1979
648 1281 1980
29 1405 1981
3 5 1982
383 386 1983
156 1641 1984
239 435 1985
760 2034 1986
1119 1396 1987
1974 1997 1988
385 386 1989
128 1222 1990
603 614 1991
526 1245 1992
34 209 1993
38 1875 1994
385 949 1995
1353 1354 1996
134 711 1997
2 323 1998
3 872 1999
1763 1764 2000
196 358 2001
360 361 2002
1878 1879 2003
19 85 2004
31 331 2005
71 501 2006
343 473 2007
648 1500 2008
252 1612 2009
37 38 2010
360 362 2011
331 1233 2012
323 324 2013
297 298 2014
411 1176 2015
38 462 2016
132 134 2017
34 341 2018
1348 1623 2019
255 1549 2020
1114 1669 2021
2 199 2022
361 362 2023
1253 1849 2024
27 501 2025
970 2033 2026
242 1625 2027
468 1390 2028
1027 1857 2029
244 831 2030
422 423 2031
143 1223 2032
881 1863 2033
557 2048 2034
1849 2053 2035
94 95 2036
137 138 2037
1859 1975 2038
1269 1350 2039
378 379 2040
920 1300 2041
29 127 2042
406 592 2043
383 949 2044
1225 1227 2045
1763 1794 2046
29 1266 2047
296 297 2048
160 916 2049
119 468 2050
411 412 2051
507 1596 2052
384 385 2053
1570 1927 2054
288 534 2055
1203 1889 2056
1441 1849 2057
475 894 2058
1354 1358 2059
31 1234 2060
72 204 2061
290 564 2062
448 1239 2063
837 839 2064
1269 1351 2065
198 242 2066
53 462 2067
508 509 2068
288 290 2069
355 958 2070
261 262 2071
1282 1333 2072
152 242 2073
29 204 2074
241 1510 2075
682 1786 2076
34 589 2077
1231 1232 2078
180 1177 2079
410 538 2080
279 466 2081
361 1604 2082
526 1244 2083
362 1604 2084
136 407 2085
460 462 2086
1354 1356 2087
137 938 2088
1078 1456 2089
244 1058 2090
308 771 2091
1269 1611 2092
323 1089 2093
533 564 2094
42 43 2095
307 308 2096
343 1681 2097
431 1249 2098
1261 1262 2099
31 564 2100
1155 1733 2101
72 1266 2102
412 465 2103
1234 1253 2104
290 563 2105
383 384 2106
34 340 2107
294 343 2108
298 757 2109
5 872 2110
313 1300 2111
137 1457 2112
406 512 2113
879 881 2114
29 1220 2115
833 2020 2116
2017 2018 2117
29 1248 2118
1858 1860 2119
34 361 2120
268 1213 2121
29 95 2122
79 1236 2123
410 1945 2124
72 107 2125
44 372 2126
136 406 2127
1570 1919 2128
160 467 2129
1107 1252 2130
1155 1990 2131
137 1315 2132
646 647 2133
704 1627 2134
1358 1774 2135
1991 2017 2136
51 371 2137
1991 2018 2138
1060 1061 2139
571 1027 2140
1990 2018 2141
136 603 2142
950 1015 2143
753 821 2144
1357 1358 2145
34 1230 2146
132 412 2147
1733 2018 2148
307 771 2149
74 1277 2150
34 362 2151
53 461 2152
808 1143 2153
1840 1858 2154
108 1266 2155
241 1664 2156
330 347 2157
467 916 2158
934 970 2159
152 1256 2160
289 1253 2161
603 604 2162
72 1056 2163
307 1602 2164
1840 1860 2165
63 1604 2166
308 1602 2167
872 2011 2168
236 1160 2169
1356 1861 2170
71 72 2171
412 1376 2172
846 1912 2173
1774 1813 2174
27 391 2175
107 108 2176
289 532 2177
1538 1539 2178
196 359 2179
145 1223 2180
353 354 2181
589 1229 2182
837 838 2183
34 210 2184
34 520 2185
262 263 2186
53 199 2187
108 501 2188
814 1252 2189
288 533 2190
969 1772 2191
1353 1861 2192
970 1540 2193
1764 1794 2194
1772 2034 2195
90 91 2196
461 462 2197
34 1604 2198
38 53 2199
72 1549 2200
1353 1357 2201
29 454 2202
664 665 2203
89 91 2204
682 1348 2205
16 1859 2206
934 1247 2207
1733 2017 2208
648 1257 2209
354 355 2210
29 71 2211
72 255 2212
136 512 2213
143 430 2214
130 1127 2215
1244 1245 2216
1990 2017 2217
143 1260 2218
857 1396 2219
31 563 2220
129 130 2221
1598 1599 2222
127 1220 2223
1236 1237 2224
134 497 2225
379 561 2226
1858 1859 2227
664 666 2228
833 1270 2229
65 412 2230
532 564 2231
1710 1741 2232
2033 2034 2233
16 1860 2234
9 389 2235
206 734 2236
206 1598 2237
533 563 2238
1247 1248 2239
288 1032 2240
313 920 2241
1353 1826 2242
16 1840 2243
993 1206 2244
1356 1826 2245
1972 1974 2246
241 1527 2247
388 646 2248
1358 1813 2249
970 1248 2250
771 1602 2251
1254 1365 2252
1919 1927 2253
682 1792 2254
16 1858 2255
367 379 2256
72 1610 2257
411 465 2258
72 1548 2259
1348 1793 2260
144 1223 2261
1772 2033 2262
296 757 2263
682 1793 2264
53 460 2265
385 1906 2266
969 2034 2267
129 459 2268
242 495 2269
603 1414 2270
934 1248 2271
336 1090 2272
381 1052 2273
134 167 2274
209 477 2275
1353 1358 2276
48 1830 2277
180 182 2278
72 501 2279
1990 1991 2280
1353 1356 2281
460 461 2282
209 476 2283
353 355 2284
593 808 2285
214 970 2286
298 621 2287
84 407 2288
647 1934 2289
1138 1889 2290
145 1260 2291
484 633 2292
1229 1230 2293
459 1911 2294
814 1107 2295
589 1230 2296
143 145 2297
236 939 2298
604 1948 2299
1079 1855 2300
1733 1991 2301
51 136 2302
734 1598 2303
145 430 2304
206 1599 2305
1356 1358 2306
71 454 2307
603 1948 2308
970 1247 2309
388 1334 2310
1218 1675 2311
31 289 2312
857 1414 2313
1840 1859 2314
857 1864 2315
29 108 2316
1037 1235 2317
1358 1861 2318
206 1079 2319
483 485 2320
27 72 2321
466 467 2322
199 872 2323
29 72 2324
734 1599 2325
538 973 2326
1859 1860 2327
29 94 2328
311 312 2329
288 1253 2330
560 561 2331
15 16 2332
446 1547 2333
247 248 2334
969 2033 2335
1973 1974 2336
143 144 2337
134 706 2338
365 366 2339
1599 1855 2340
51 604 2341
143 256 2342
206 1855 2343
1512 1855 2344
44 371 2345
1079 1599 2346
783 1259 2347
744 1235 2348
733 734 2349
71 108 2350
143 503 2351
445 1547 2352
1792 1793 2353
346 484 2354
1733 1990 2355
94 2003 2356
134 498 2357
571 1857 2358
94 194 2359
206 1512 2360
15 1860 2361
260 262 2362
734 1389 2363
144 1260 2364
1348 1792 2365
532 563 2366
340 342 2367
36 914 2368
387 388 2369
65 1376 2370
421 422 2371
1079 1512 2372
388 647 2373
1786 1793 2374
204 206 2375
1334 1856 2376
204 1079 2377
1786 1792 2378
136 593 2379
1512 1599 2380
89 90 2381
463 464 2382
349 1014 2383
296 298 2384
204 1855 2385
144 430 2386
484 1606 2387
387 1856 2388
1206 1663 2389
15 1840 2390
364 365 2391
1254 1742 2392
341 342 2393
459 1002 2394
136 604 2395
388 1856 2396
406 593 2397
396 1014 2398
1710 1981 2399
288 532 2400
6 7 2401
484 485 2402
136 1948 2403
1254 1732 2404
1348 1786 2405
213 970 2406
968 1889 2407
56 2040 2408
388 1934 2409
15 1858 2410
204 1599 2411
512 593 2412
77 1274 2413
199 460 2414
363 365 2415
483 484 2416
40 47 2417
388 1685 2418
198 781 2419
1510 1527 2420
388 833 2421
76 77 2422
145 503 2423
1358 1866 2424
94 505 2425
335 336 2426
836 838 2427
1574 1664 2428
1600 2004 2429
833 2004 2430
143 390 2431
484 1674 2432
969 1540 2433
6 8 2434
7 389 2435
259 262 2436
950 1014 2437
917 1516 2438
204 1512 2439
23 287 2440
132 465 2441
36 1616 2442
94 1947 2443
159 160 2444
132 411 2445
1002 1911 2446
1213 1259 2447
15 1859 2448
256 390 2449
1732 1742 2450
299 402 2451
364 804 2452
77 598 2453
1709 1710 2454
833 1600 2455
51 603 2456
8 389 2457
7 9 2458
474 1673 2459
1527 1664 2460
209 210 2461
459 1670 2462
665 666 2463
197 474 2464
31 288 2465
72 108 2466
94 1609 2467
72 454 2468
1235 1534 2469
144 145 2470
289 564 2471
8 9 2472
1353 1866 2473
161 163 2474
363 364 2475
379 560 2476
23 409 2477
14 16 2478
159 161 2479
1527 1574 2480
334 354 2481
388 2004 2482
476 477 2483
129 1670 2484
388 1600 2485
1213 1628 2486
130 1670 2487
179 344 2488
836 837 2489
1544 1546 2490
214 1540 2491
197 198 2492
334 353 2493
445 446 2494
1914 1915 2495
144 503 2496
261 263 2497
340 341 2498
334 355 2499
836 839 2500
1230 1536 2501
198 208 2502
99 159 2503
23 113 2504
161 162 2505
369 370 2506
159 163 2507
1544 1545 2508
1544 1916 2509
31 402 2510
99 160 2511
744 1534 2512
14 15 2513
194 195 2514
210 477 2515
159 162 2516
454 1408 2517
214 969 2518
563 564 2519
6 9 2520
210 476 2521
160 162 2522
1908 1909 2523
334 336 2524
160 161 2525
99 161 2526
160 163 2527
213 214 2528
213 1540 2529
1014 1015 2530
404 744 2531
162 163 2532
370 398 2533
474 894 2534
329 330 2535
7 8 2536
288 289 2537
404 1534 2538
990 1545 2539
990 1916 2540
29 1408 2541
72 1408 2542
211 284 2543
40 48 2544
990 1546 2545
213 969 2546
1724 1909 2547
119 744 2548
317 318 2549
330 1018 2550
289 563 2551
99 163 2552
23 1394 2553
134 1621 2554
350 373 2555
317 1545 2556
404 1235 2557
836 1550 2558
968 1203 2559
317 1546 2560
35 914 2561
211 212 2562
1203 2036 2563
317 1916 2564
40 45 2565
288 564 2566
40 46 2567
99 162 2568
77 108 2569
580 581 2570
1724 1908 2571
23 74 2572
260 261 2573
260 263 2574
831 1058 2575
77 1408 2576
317 1544 2577
259 261 2578
1208 1209 2579
990 1544 2580
134 207 2581
157 158 2582
211 285 2583
858 1873 2584
1051 1542 2585
402 757 2586
1050 1542 2587
47 48 2588
259 263 2589
39 40 2590
893 968 2591
193 580 2592
1058 1059 2593
1889 2036 2594
288 563 2595
508 517 2596
1050 1051 2597
74 1262 2598
35 36 2599
317 990 2600
508 515 2601
46 47 2602
45 47 2603
392 968 2604
795 1054 2605
195 807 2606
74 1261 2607
1203 2035 2608
45 48 2609
72 77 2610
795 1055 2611
46 48 2612
207 1621 2613
1054 1055 2614
545 546 2615
74 463 2616
169 170 2617
259 260 2618
74 464 2619
212 284 2620
543 546 2621
1330 1331 2622
1947 2003 2623
544 546 2624
170 490 2625
168 169 2626
1609 2003 2627
169 490 2628
505 2003 2629
298 402 2630
74 1501 2631
1889 2035 2632
392 893 2633
74 409 2634
505 1609 2635
371 1516 2636
543 545 2637
45 46 2638
284 285 2639
505 1947 2640
168 170 2641
544 545 2642
212 285 2643
371 372 2644
1117 1618 2645
1609 1947 2646
543 544 2647
1046 1618 2648
1617 1618 2649
1116 1618 2650
73 74 2651
1117 1617 2652
2035 2036 2653
371 1423 2654
371 373 2655
1116 1617 2656
1046 1617 2657
1046 1117 2658
74 1678 2659
1116 1117 2660
1046 1116 2661
1677 1678 2662
74 1677 2663
