10 85 1
10 81 2
10 15 3
10 27 4
9 10 5
10 11 6
10 26 7
10 13 8
27 85 9
10 129 10
2 10 11
85 110 12
10 43 13
85 109 14
9 85 15
85 132 16
10 136 17
109 110 18
2 9 19
81 129 20
10 98 21
14 85 22
13 81 23
10 86 24
9 81 25
10 116 26
43 81 27
26 27 28
26 85 29
10 68 30
10 175 31
2 11 32
2 15 33
9 26 34
9 13 35
85 136 36
80 81 37
43 85 38
85 116 39
10 14 40
15 136 41
13 26 42
15 88 43
10 99 44
10 76 45
3 10 46
85 86 47
85 91 48
10 147 49
15 91 50
10 101 51
13 27 52
9 27 53
10 120 54
85 185 55
10 45 56
15 86 57
109 185 58
26 43 59
109 174 60
10 255 61
13 86 62
80 109 63
81 610 64
15 147 65
11 137 66
85 124 67
10 130 68
2 3 69
132 185 70
43 86 71
15 43 72
10 66 73
132 174 74
9 43 75
132 153 76
27 86 77
10 247 78
15 76 79
81 138 80
10 146 81
9 86 82
27 43 83
3 11 84
110 153 85
81 255 86
27 70 87
136 175 88
31 68 89
27 190 90
27 621 91
116 136 92
15 175 93
85 278 94
109 144 95
2 86 96
76 126 97
88 147 98
13 43 99
303 367 100
68 116 101
14 136 102
5 200 103
269 630 104
11 131 105
0 5 106
43 144 107
2 139 108
24 27 109
126 225 110
355 401 111
13 24 112
116 175 113
0 303 114
10 61 115
57 68 116
110 144 117
14 175 118
10 123 119
81 123 120
68 175 121
68 146 122
9 621 123
9 24 124
136 147 125
126 240 126
132 274 127
137 139 128
531 587 129
26 138 130
60 175 131
338 355 132
10 158 133
27 899 134
9 87 135
0 144 136
302 367 137
99 146 138
10 189 139
133 146 140
130 136 141
43 190 142
302 303 143
131 137 144
26 223 145
27 278 146
302 481 147
129 138 148
2 54 149
115 133 150
81 1222 151
11 139 152
401 417 153
98 146 154
129 255 155
132 520 156
91 147 157
225 240 158
136 162 159
126 127 160
109 168 161
153 174 162
174 185 163
473 474 164
24 85 165
367 481 166
88 91 167
383 470 168
60 147 169
247 290 170
7 14 171
82 720 172
26 278 173
109 581 174
85 403 175
99 115 176
57 130 177
587 616 178
115 146 179
116 146 180
82 83 181
473 1095 182
31 32 183
15 65 184
10 145 185
386 418 186
473 493 187
587 645 188
85 755 189
27 678 190
110 581 191
50 695 192
190 901 193
269 378 194
85 134 195
147 175 196
45 76 197
384 405 198
10 141 199
302 526 200
457 1639 201
86 90 202
355 372 203
313 590 204
85 125 205
136 189 206
13 255 207
302 540 208
85 1231 209
1536 1538 210
293 858 211
10 100 212
130 175 213
0 302 214
655 679 215
1041 1070 216
24 86 217
26 142 218
15 189 219
825 830 220
65 147 221
85 806 222
110 168 223
86 190 224
81 352 225
98 120 226
302 369 227
415 1063 228
15 130 229
68 189 230
641 642 231
9 70 232
10 532 233
887 912 234
555 1030 235
10 143 236
458 1639 237
117 132 238
31 456 239
534 599 240
415 416 241
474 493 242
10 245 243
503 507 244
638 981 245
9 142 246
81 273 247
67 269 248
10 438 249
116 130 250
198 204 251
1249 1290 252
534 1801 253
5 338 254
488 534 255
8 14 256
371 384 257
146 175 258
509 555 259
1045 1047 260
1102 1161 261
600 1030 262
123 129 263
630 1065 264
534 1767 265
136 199 266
15 141 267
265 838 268
457 458 269
293 791 270
88 215 271
153 185 272
116 189 273
68 130 274
15 196 275
10 475 276
126 680 277
80 685 278
1113 1123 279
1113 1810 280
375 376 281
1290 1328 282
10 559 283
18 19 284
698 722 285
302 308 286
43 70 287
679 701 288
383 554 289
677 698 290
98 666 291
791 858 292
508 509 293
76 127 294
462 1821 295
116 755 296
1538 1540 297
1699 1700 298
10 454 299
525 1812 300
937 940 301
100 101 302
249 838 303
419 1504 304
1862 1863 305
961 962 306
507 541 307
109 1231 308
67 129 309
384 1838 310
663 677 311
1845 1848 312
1732 1735 313
882 919 314
1122 1126 315
384 1200 316
338 490 317
469 1336 318
1362 1363 319
70 899 320
1521 1831 321
99 666 322
871 872 323
945 974 324
31 229 325
683 729 326
637 710 327
636 637 328
830 846 329
10 1229 330
840 841 331
372 401 332
1170 1171 333
399 443 334
662 663 335
219 416 336
32 57 337
401 460 338
82 119 339
109 258 340
631 683 341
85 511 342
638 639 343
641 804 344
130 146 345
443 516 346
912 921 347
1092 1113 348
11 532 349
146 189 350
133 178 351
1440 1467 352
1395 1413 353
570 789 354
398 399 355
1152 1160 356
369 1765 357
24 43 358
723 731 359
1053 1102 360
1756 1757 361
891 892 362
473 1269 363
379 380 364
649 703 365
900 943 366
817 868 367
203 1545 368
555 600 369
940 951 370
49 50 371
1388 1389 372
962 967 373
405 423 374
153 274 375
765 766 376
1382 1393 377
1337 1343 378
1350 1601 379
872 879 380
1003 1006 381
1696 1699 382
293 294 383
208 1127 384
29 75 385
1742 1744 386
638 1359 387
1518 1857 388
15 199 389
120 146 390
418 546 391
1109 1122 392
556 557 393
1070 1073 394
1735 1737 395
406 407 396
989 990 397
1300 1374 398
28 29 399
535 572 400
1765 1767 401
919 931 402
398 1147 403
388 418 404
1313 1316 405
15 426 406
569 655 407
638 1698 408
18 30 409
1113 1807 410
1189 1197 411
302 487 412
1694 1696 413
71 72 414
841 848 415
531 890 416
720 762 417
472 495 418
1413 1440 419
417 460 420
1373 1390 421
793 887 422
1619 1624 423
616 645 424
179 869 425
1169 1179 426
892 894 427
415 869 428
1615 1619 429
1814 1816 430
110 1231 431
1065 1442 432
974 1023 433
1863 1864 434
376 397 435
1574 1575 436
1737 1741 437
10 244 438
515 597 439
1023 1055 440
1197 1206 441
727 861 442
794 795 443
1140 1152 444
98 99 445
106 112 446
609 649 447
1532 1536 448
36 38 449
83 119 450
428 429 451
1316 1319 452
1766 1768 453
11 470 454
1412 1417 455
577 578 456
408 422 457
1075 1109 458
462 583 459
270 321 460
1095 1124 461
1741 1742 462
238 239 463
367 1517 464
872 894 465
641 1488 466
302 344 467
685 754 468
826 828 469
1512 1513 470
959 1005 471
179 180 472
10 228 473
15 61 474
694 705 475
852 877 476
1014 1037 477
1417 1421 478
510 537 479
578 609 480
1185 1216 481
1575 1577 482
1667 1680 483
499 500 484
10 666 485
1043 1045 486
822 824 487
412 418 488
1037 1043 489
270 414 490
1104 1147 491
1372 1395 492
1578 1579 493
1026 1041 494
1768 1769 495
424 437 496
494 554 497
129 352 498
1472 1482 499
385 645 500
1513 1523 501
1160 1178 502
503 1420 503
881 895 504
1341 1359 505
158 159 506
101 228 507
1071 1075 508
207 210 509
1080 1096 510
185 278 511
238 848 512
11 12 513
15 250 514
591 658 515
774 852 516
1272 1285 517
742 776 518
1651 1655 519
367 529 520
1042 1108 521
1157 1169 522
55 1336 523
1758 1759 524
875 882 525
449 1013 526
1677 1678 527
1755 1756 528
135 144 529
495 504 530
766 802 531
1479 1490 532
1547 1555 533
1126 1239 534
275 500 535
1216 1238 536
1502 1521 537
857 881 538
322 644 539
1187 1204 540
1389 1454 541
812 813 542
1067 1068 543
1055 1080 544
1005 1015 545
1633 1667 546
1693 1694 547
112 113 548
1726 1728 549
634 676 550
711 739 551
924 968 552
780 1162 553
1171 1187 554
1466 1472 555
776 777 556
0 367 557
1204 1249 558
269 610 559
968 1042 560
1084 1115 561
391 408 562
991 996 563
923 939 564
1521 1550 565
1206 1207 566
1048 1052 567
1495 1501 568
72 73 569
639 647 570
1145 1151 571
338 667 572
697 699 573
1052 1106 574
1681 1683 575
9 63 576
160 169 577
490 667 578
1239 1305 579
1801 1817 580
906 980 581
473 1011 582
1467 1487 583
1328 1426 584
1510 1512 585
990 991 586
82 762 587
1606 1633 588
493 510 589
410 418 590
1408 1411 591
1371 1372 592
702 723 593
1006 1022 594
383 494 595
1207 1208 596
1402 1414 597
418 453 598
1243 1256 599
1516 1530 600
850 854 601
1178 1188 602
1247 1252 603
1421 1428 604
664 694 605
1342 1356 606
957 960 607
1125 1144 608
1453 1466 609
85 454 610
730 801 611
309 321 612
313 1750 613
513 514 614
1179 1186 615
931 941 616
939 959 617
709 727 618
1208 1209 619
0 384 620
828 849 621
1613 1615 622
689 697 623
877 888 624
1209 1217 625
866 950 626
137 1634 627
10 151 628
821 826 629
824 825 630
1172 1173 631
1728 1729 632
1070 1242 633
1601 1625 634
1787 1788 635
1153 1201 636
1201 1242 637
379 1056 638
537 548 639
1103 1104 640
268 273 641
1082 1093 642
996 997 643
943 1011 644
1714 1715 645
1217 1234 646
1100 1110 647
714 769 648
1074 1082 649
1734 1736 650
200 378 651
739 1106 652
85 979 653
1311 1334 654
422 424 655
1799 1806 656
1411 1418 657
787 823 658
590 613 659
997 998 660
26 806 661
1001 1027 662
1199 1210 663
935 964 664
1729 1730 665
1192 1202 666
1653 1654 667
1072 1076 668
1713 1714 669
1762 1864 670
1490 1492 671
1340 1766 672
759 819 673
1176 1304 674
169 170 675
1669 1675 676
1733 1734 677
641 1315 678
328 349 679
1344 1378 680
729 768 681
1135 1145 682
1143 1185 683
900 1846 684
988 989 685
207 215 686
829 850 687
725 742 688
820 821 689
1383 1385 690
489 503 691
274 832 692
349 359 693
497 570 694
1592 1746 695
978 1061 696
993 1007 697
1788 1789 698
1148 1157 699
1277 1322 700
1239 1602 701
1674 1677 702
102 106 703
802 875 704
998 1001 705
1329 1337 706
85 512 707
732 750 708
1760 1861 709
7 136 710
518 519 711
1069 1074 712
1188 1199 713
541 549 714
1590 1594 715
700 759 716
966 1228 717
1305 1378 718
1675 1681 719
607 608 720
658 760 721
1555 1556 722
1598 1759 723
750 779 724
65 175 725
448 449 726
699 732 727
895 1638 728
553 591 729
253 256 730
1723 1725 731
73 77 732
365 366 733
1246 1247 734
1501 1506 735
1061 1069 736
1034 1035 737
239 248 738
805 812 739
261 710 740
1476 1479 741
704 728 742
1523 1525 743
315 316 744
575 585 745
1310 1341 746
1343 1355 747
1650 1653 748
814 822 749
1011 1846 750
764 1854 751
1235 1243 752
525 1806 753
864 865 754
888 913 755
1632 1640 756
916 935 757
1715 1716 758
402 412 759
584 606 760
515 614 761
1114 1118 762
1541 1547 763
703 724 764
716 737 765
993 1310 766
1805 1807 767
813 814 768
1511 1539 769
50 783 770
915 1004 771
1638 1650 772
676 709 773
585 640 774
1108 1325 775
1200 1716 776
1572 1606 777
1435 1802 778
1810 1811 779
30 39 780
1521 1815 781
1381 1420 782
1496 1511 783
1680 1686 784
1849 1854 785
788 809 786
27 1320 787
367 1761 788
910 1858 789
984 987 790
784 787 791
1803 1805 792
1134 1137 793
1396 1402 794
1494 1505 795
1194 1426 796
1111 1233 797
1687 1695 798
318 1843 799
1725 1727 800
917 966 801
126 218 802
910 985 803
1525 1526 804
416 1063 805
1175 1232 806
131 1625 807
256 261 808
25 36 809
369 930 810
913 934 811
271 279 812
1505 1515 813
1024 1025 814
908 923 815
1459 1502 816
1198 1255 817
1333 1410 818
1602 1612 819
668 672 820
1234 1265 821
1499 1802 822
695 783 823
1695 1698 824
1804 1815 825
1173 1177 826
1335 1342 827
1374 1396 828
1410 1432 829
1531 1532 830
1594 1596 831
303 529 832
1119 1125 833
1182 1189 834
1105 1225 835
198 211 836
964 999 837
382 690 838
1186 1196 839
1079 1168 840
261 285 841
819 860 842
901 1016 843
1436 1448 844
1455 1483 845
914 920 846
790 835 847
860 946 848
3 780 849
1220 1277 850
1757 1758 851
263 268 852
1522 1534 853
1156 1172 854
740 780 855
1225 1248 856
1073 1085 857
786 805 858
1123 1140 859
1665 1666 860
1273 1275 861
15 87 862
1379 1383 863
1612 1613 864
1617 1630 865
1027 1049 866
204 211 867
1144 1149 868
648 652 869
737 784 870
1683 1685 871
182 359 872
661 675 873
434 482 874
293 1645 875
193 300 876
1149 1150 877
933 936 878
195 198 879
915 949 880
1007 1310 881
1365 1453 882
960 961 883
868 883 884
462 1808 885
1678 1684 886
1230 1235 887
1252 1261 888
721 741 889
948 957 890
1673 1674 891
1749 1750 892
1776 1777 893
85 447 894
561 575 895
617 1176 896
809 818 897
926 958 898
527 1702 899
887 921 900
514 553 901
437 468 902
902 1079 903
1345 1353 904
1415 1429 905
339 515 906
896 1339 907
1137 1593 908
932 933 909
878 886 910
1552 1563 911
1191 1192 912
1569 1574 913
1751 1752 914
187 195 915
303 356 916
1260 1266 917
1595 1598 918
629 671 919
1136 1198 920
618 704 921
999 1020 922
1662 1664 923
1656 1669 924
1248 1310 925
1292 1311 926
1530 1543 927
308 344 928
1434 1437 929
1664 1665 930
367 487 931
458 536 932
326 333 933
1097 1847 934
477 579 935
675 730 936
286 953 937
1233 1246 938
1214 1226 939
640 661 940
671 688 941
854 857 942
951 952 943
1194 1350 944
1660 1673 945
137 706 946
1774 1776 947
656 700 948
436 472 949
944 1017 950
849 856 951
1317 1344 952
1430 1434 953
302 930 954
1174 1175 955
1334 1335 956
1428 1431 957
1730 1731 958
1796 1799 959
516 560 960
874 878 961
1032 1164 962
1649 1651 963
554 970 964
217 227 965
1161 1184 966
673 711 967
1294 1317 968
11 118 969
651 664 970
343 347 971
859 903 972
1727 1740 973
1554 1558 974
401 563 975
1088 1205 976
187 198 977
1326 1327 978
455 456 979
1831 1836 980
96 105 981
1509 1510 982
285 299 983
1196 1251 984
647 653 985
1789 1790 986
439 488 987
965 978 988
60 446 989
1528 1531 990
188 194 991
1049 1072 992
1533 1535 993
627 678 994
171 176 995
934 942 996
1089 1092 997
1458 1522 998
743 952 999
1344 1345 1000
929 1053 1001
976 1847 1002
779 788 1003
906 907 1004
1022 1024 1005
760 926 1006
1240 1245 1007
1101 1116 1008
236 1529 1009
823 829 1010
225 1570 1011
1515 1524 1012
818 859 1013
452 1845 1014
941 947 1015
587 890 1016
80 209 1017
572 592 1018
1752 1753 1019
825 851 1020
166 171 1021
1151 1156 1022
608 1860 1023
777 800 1024
1686 1690 1025
11 1422 1026
1007 1044 1027
192 193 1028
652 718 1029
1025 1028 1030
487 817 1031
879 880 1032
938 1014 1033
1213 1214 1034
1363 1368 1035
1068 1089 1036
958 1032 1037
1550 1580 1038
1283 1288 1039
1655 1658 1040
1563 1578 1041
587 1809 1042
1168 1279 1043
1540 1542 1044
903 916 1045
1265 1267 1046
1565 1566 1047
31 632 1048
1044 1105 1049
642 648 1050
1232 1373 1051
1365 1445 1052
374 391 1053
1020 1251 1054
564 565 1055
1121 1624 1056
886 891 1057
333 1843 1058
610 806 1059
381 396 1060
496 497 1061
1640 1643 1062
995 1724 1063
248 253 1064
718 725 1065
761 793 1066
1355 1357 1067
1566 1568 1068
1415 1822 1069
317 318 1070
80 837 1071
32 632 1072
1448 1452 1073
1684 1687 1074
236 309 1075
915 1019 1076
1021 1026 1077
1581 1592 1078
386 546 1079
1390 1459 1080
340 1839 1081
318 326 1082
384 1834 1083
1539 1560 1084
103 105 1085
856 908 1086
503 1449 1087
780 1840 1088
1579 1584 1089
1506 1507 1090
1823 1824 1091
423 1830 1092
264 270 1093
400 410 1094
1654 1657 1095
2 191 1096
1338 1340 1097
1398 1399 1098
1630 1644 1099
21 22 1100
1614 1620 1101
1710 1713 1102
233 242 1103
1820 1833 1104
216 229 1105
603 651 1106
366 381 1107
808 910 1108
1793 1794 1109
134 447 1110
120 133 1111
146 178 1112
265 271 1113
1226 1227 1114
1076 1090 1115
1763 1775 1116
607 1350 1117
1356 1364 1118
1275 1282 1119
810 915 1120
1362 1364 1121
1070 1293 1122
423 425 1123
1312 1314 1124
1245 1260 1125
1191 1663 1126
83 96 1127
1339 1346 1128
1800 1803 1129
893 1083 1130
1365 1369 1131
1499 1516 1132
99 133 1133
1259 1300 1134
1237 1240 1135
1452 1463 1136
659 1702 1137
1813 1818 1138
1692 1693 1139
1309 1318 1140
1753 1754 1141
136 275 1142
1838 1839 1143
44 46 1144
305 670 1145
579 631 1146
273 282 1147
219 1203 1148
879 914 1149
963 965 1150
418 1228 1151
95 102 1152
126 551 1153
653 716 1154
1255 1330 1155
1458 1825 1156
1827 1835 1157
1047 1062 1158
521 522 1159
249 265 1160
599 767 1161
739 792 1162
734 902 1163
907 1221 1164
1429 1435 1165
1211 1215 1166
165 166 1167
279 289 1168
713 721 1169
1210 1213 1170
672 691 1171
1475 1864 1172
345 361 1173
1718 1719 1174
154 155 1175
396 409 1176
1431 1436 1177
1631 1632 1178
1257 1258 1179
977 1529 1180
1503 1534 1181
743 781 1182
1261 1262 1183
942 956 1184
956 963 1185
1492 1495 1186
213 429 1187
155 157 1188
1486 1488 1189
1271 1273 1190
1535 1541 1191
482 535 1192
1060 1084 1193
1267 1283 1194
862 929 1195
1435 1446 1196
1107 1114 1197
832 911 1198
633 714 1199
250 1828 1200
1393 1401 1201
1399 1451 1202
338 401 1203
62 74 1204
172 173 1205
606 659 1206
258 734 1207
1463 1468 1208
680 681 1209
1397 1400 1210
804 807 1211
708 808 1212
587 917 1213
267 668 1214
1772 1774 1215
827 889 1216
1256 1268 1217
1551 1552 1218
1564 1565 1219
1720 1721 1220
367 459 1221
208 209 1222
1433 1450 1223
1596 1597 1224
845 924 1225
1118 1119 1226
1236 1264 1227
946 976 1228
409 421 1229
1354 1380 1230
1576 1581 1231
166 1644 1232
440 1830 1233
622 623 1234
1811 1814 1235
370 439 1236
1792 1804 1237
419 420 1238
190 1856 1239
1268 1272 1240
194 216 1241
724 833 1242
1385 1391 1243
1548 1554 1244
1754 1755 1245
1369 1379 1246
1503 1819 1247
1731 1733 1248
369 767 1249
10 1132 1250
77 78 1251
367 402 1252
232 242 1253
1289 1777 1254
835 900 1255
726 738 1256
1444 1489 1257
1319 1332 1258
1085 1121 1259
427 531 1260
1360 1384 1261
1568 1569 1262
1357 1365 1263
870 874 1264
1592 1745 1265
657 713 1266
1227 1237 1267
1112 1202 1268
744 748 1269
751 774 1270
1162 1223 1271
109 209 1272
190 1711 1273
45 61 1274
678 799 1275
380 552 1276
1112 1236 1277
1325 1398 1278
1711 1712 1279
275 670 1280
982 988 1281
22 25 1282
419 861 1283
1659 1660 1284
807 811 1285
210 215 1286
1798 1800 1287
1514 1527 1288
355 460 1289
1115 1128 1290
1769 1770 1291
655 701 1292
26 1320 1293
1153 1354 1294
1622 1623 1295
292 331 1296
1205 1211 1297
110 135 1298
192 351 1299
476 477 1300
82 548 1301
976 1008 1302
922 1159 1303
1556 1557 1304
1646 1648 1305
1020 1060 1306
1222 1701 1307
889 949 1308
1390 1842 1309
38 40 1310
379 772 1311
1347 1822 1312
335 336 1313
1394 1397 1314
1462 1469 1315
1107 1722 1316
1528 1745 1317
1446 1499 1318
1262 1287 1319
85 524 1320
441 467 1321
1560 1600 1322
1623 1628 1323
1091 1526 1324
608 1588 1325
30 45 1326
84 117 1327
743 744 1328
1062 1071 1329
91 92 1330
858 897 1331
181 328 1332
177 188 1333
86 463 1334
85 1307 1335
276 288 1336
621 973 1337
1437 1445 1338
1066 1676 1339
1736 1739 1340
1784 1785 1341
301 311 1342
681 790 1343
1416 1433 1344
81 1278 1345
1542 1548 1346
358 374 1347
52 953 1348
1181 1182 1349
1361 1381 1350
438 780 1351
47 48 1352
52 53 1353
91 1016 1354
543 1130 1355
981 993 1356
1031 1136 1357
1266 1271 1358
449 1031 1359
275 1861 1360
1409 1412 1361
644 666 1362
10 977 1363
1524 1622 1364
1819 1825 1365
1679 1682 1366
731 764 1367
1090 1100 1368
192 300 1369
528 584 1370
1077 1086 1371
795 928 1372
1184 1259 1373
237 252 1374
340 353 1375
397 435 1376
1232 1842 1377
506 533 1378
1124 1155 1379
1427 1430 1380
470 554 1381
421 431 1382
769 803 1383
27 907 1384
65 121 1385
1629 1637 1386
1380 1392 1387
81 1701 1388
51 69 1389
155 389 1390
1489 1551 1391
7 85 1392
1091 1285 1393
15 90 1394
120 129 1395
390 628 1396
501 1844 1397
1019 1088 1398
18 757 1399
1703 1740 1400
209 1375 1401
536 552 1402
592 601 1403
1016 1856 1404
1557 1564 1405
1253 1281 1406
1464 1477 1407
13 17 1408
1500 1544 1409
173 177 1410
1112 1146 1411
403 1546 1412
1567 1576 1413
1483 1496 1414
1450 1462 1415
419 1829 1416
1607 1616 1417
137 1167 1418
431 436 1419
705 745 1420
1771 1792 1421
242 249 1422
1287 1292 1423
1086 1112 1424
1264 1286 1425
1518 1519 1426
40 44 1427
8 148 1428
236 264 1429
13 1760 1430
1110 1111 1431
1764 1823 1432
344 387 1433
1332 1338 1434
612 643 1435
1584 1590 1436
1504 1778 1437
580 593 1438
1809 1818 1439
417 605 1440
800 810 1441
1404 1427 1442
1468 1471 1443
950 1064 1444
1392 1408 1445
46 47 1446
1589 1593 1447
1747 1748 1448
1308 1313 1449
190 1424 1450
1038 1099 1451
1770 1772 1452
876 1860 1453
1384 1403 1454
630 1442 1455
568 569 1456
654 673 1457
568 1370 1458
1600 1617 1459
1719 1720 1460
459 465 1461
1267 1533 1462
659 831 1463
275 276 1464
164 389 1465
1652 1656 1466
385 412 1467
379 498 1468
531 783 1469
768 944 1470
1682 1703 1471
770 918 1472
1008 1097 1473
1517 1761 1474
1657 1659 1475
62 280 1476
594 603 1477
597 614 1478
532 559 1479
353 371 1480
370 1817 1481
464 478 1482
363 1096 1483
126 1570 1484
1797 1798 1485
92 95 1486
515 1212 1487
1293 1294 1488
660 789 1489
1314 1329 1490
308 387 1491
1451 1508 1492
1484 1598 1493
1790 1791 1494
498 1835 1495
13 20 1496
1015 1018 1497
467 486 1498
101 414 1499
566 580 1500
1390 1836 1501
1081 1116 1502
272 281 1503
1603 1608 1504
19 30 1505
1358 1360 1506
673 1238 1507
203 686 1508
587 1813 1509
1628 1631 1510
446 538 1511
1138 1139 1512
847 853 1513
895 938 1514
11 1764 1515
1353 1358 1516
1485 1486 1517
693 702 1518
1035 1078 1519
81 433 1520
1717 1723 1521
564 692 1522
610 1351 1523
938 1597 1524
55 71 1525
347 360 1526
947 948 1527
157 164 1528
1405 1415 1529
1637 1642 1530
1391 1394 1531
57 632 1532
1620 1621 1533
2 63 1534
669 689 1535
1571 1599 1536
225 241 1537
1658 1662 1538
311 343 1539
593 594 1540
101 120 1541
1507 1509 1542
1636 1671 1543
412 674 1544
1794 1797 1545
1403 1416 1546
1215 1218 1547
211 219 1548
815 820 1549
377 390 1550
1449 1465 1551
287 292 1552
126 241 1553
197 201 1554
35 55 1555
547 566 1556
1054 1129 1557
1746 1747 1558
1791 1793 1559
1004 1048 1560
1583 1589 1561
752 1180 1562
1307 1573 1563
84 85 1564
80 492 1565
21 97 1566
1134 1135 1567
423 1834 1568
327 335 1569
1587 1778 1570
175 305 1571
8 1618 1572
984 1107 1573
1643 1647 1574
85 90 1575
1304 1347 1576
180 181 1577
728 761 1578
797 798 1579
1241 1244 1580
190 1571 1581
1577 1582 1582
1000 1724 1583
1481 1485 1584
281 283 1585
1352 1390 1586
1267 1527 1587
1279 1302 1588
884 1414 1589
1195 1254 1590
159 165 1591
259 264 1592
865 954 1593
778 782 1594
43 142 1595
110 413 1596
1018 1021 1597
11 1323 1598
568 1455 1599
620 622 1600
1078 1094 1601
385 386 1602
81 492 1603
302 883 1604
290 586 1605
450 465 1606
1282 1289 1607
307 345 1608
367 387 1609
1447 1464 1610
896 1286 1611
1183 1190 1612
1138 1859 1613
1482 1491 1614
407 452 1615
1491 1493 1616
696 719 1617
907 1163 1618
1508 1537 1619
764 866 1620
89 93 1621
701 720 1622
1642 1646 1623
1779 1780 1624
11 411 1625
468 494 1626
1592 1595 1627
519 521 1628
688 693 1629
885 1447 1630
403 1795 1631
296 301 1632
267 322 1633
401 1087 1634
1648 1652 1635
717 768 1636
690 696 1637
1559 1748 1638
799 973 1639
1146 1154 1640
310 313 1641
355 465 1642
498 530 1643
623 646 1644
754 837 1645
6 16 1646
936 1180 1647
1543 1561 1648
619 1616 1649
602 1318 1650
430 441 1651
527 528 1652
722 1840 1653
156 160 1654
691 736 1655
626 715 1656
748 749 1657
583 611 1658
425 440 1659
214 217 1660
235 304 1661
364 377 1662
312 657 1663
778 969 1664
486 506 1665
992 994 1666
1128 1143 1667
1065 1066 1668
219 232 1669
518 523 1670
86 843 1671
1366 1368 1672
181 182 1673
5 401 1674
1780 1781 1675
515 1832 1676
1039 1852 1677
1064 1849 1678
617 715 1679
1524 1528 1680
781 782 1681
1177 1181 1682
1167 1254 1683
1347 1405 1684
1327 1857 1685
1141 1166 1686
816 853 1687
490 1087 1688
1366 1367 1689
481 487 1690
1274 1315 1691
844 862 1692
504 571 1693
660 733 1694
846 847 1695
86 1853 1696
138 142 1697
10 298 1698
1263 1274 1699
855 870 1700
1559 1751 1701
625 656 1702
136 979 1703
1351 1672 1704
785 1726 1705
1621 1629 1706
1331 1852 1707
816 871 1708
215 220 1709
925 955 1710
116 979 1711
187 226 1712
68 539 1713
1218 1241 1714
81 282 1715
983 1002 1716
1244 1263 1717
43 806 1718
680 1269 1719
1703 1710 1720
302 460 1721
305 758 1722
1094 1131 1723
164 172 1724
544 618 1725
113 122 1726
302 307 1727
922 932 1728
1376 1666 1729
324 346 1730
752 753 1731
219 267 1732
331 1033 1733
1120 1212 1734
525 612 1735
338 747 1736
778 1230 1737
565 692 1738
109 313 1739
746 774 1740
898 899 1741
1480 1481 1742
684 685 1743
811 815 1744
316 325 1745
215 291 1746
303 412 1747
303 460 1748
1133 1153 1749
1098 1348 1750
733 772 1751
1477 1517 1752
1604 1611 1753
291 1869 1754
801 884 1755
394 1348 1756
1471 1478 1757
530 545 1758
588 602 1759
294 320 1760
18 595 1761
10 712 1762
107 170 1763
517 561 1764
554 665 1765
909 918 1766
1647 1649 1767
286 287 1768
79 89 1769
2 284 1770
936 937 1771
1376 1382 1772
74 280 1773
511 604 1774
85 1012 1775
78 79 1776
198 267 1777
388 400 1778
528 659 1779
61 76 1780
608 735 1781
967 986 1782
126 1470 1783
927 1139 1784
1611 1641 1785
346 1869 1786
364 628 1787
782 785 1788
231 1668 1789
645 674 1790
85 1473 1791
502 532 1792
1 35 1793
74 108 1794
969 984 1795
303 873 1796
419 479 1797
351 373 1798
851 1739 1799
323 329 1800
899 1221 1801
1785 1786 1802
367 873 1803
1121 1133 1804
1786 1787 1805
470 1323 1806
1670 1679 1807
778 781 1808
1039 1718 1809
200 350 1810
749 752 1811
16 21 1812
1291 1295 1813
55 469 1814
420 717 1815
50 51 1816
1333 1837 1817
1000 1732 1818
10 252 1819
354 364 1820
611 1808 1821
108 118 1822
771 845 1823
1064 1132 1824
60 88 1825
1155 1165 1826
1321 1370 1827
257 263 1828
449 539 1829
785 786 1830
614 1276 1831
1289 1291 1832
753 773 1833
299 525 1834
1504 1520 1835
618 761 1836
470 970 1837
183 184 1838
136 842 1839
104 111 1840
563 605 1841
897 925 1842
419 1142 1843
356 1692 1844
440 466 1845
736 834 1846
1195 1424 1847
1781 1782 1848
1154 1183 1849
61 479 1850
792 827 1851
274 520 1852
231 234 1853
127 225 1854
1093 1117 1855
475 502 1856
11 665 1857
1009 1057 1858
1401 1409 1859
626 627 1860
156 839 1861
549 1708 1862
1605 1865 1863
621 1588 1864
1361 1708 1865
600 617 1866
570 660 1867
798 844 1868
1219 1284 1869
1520 1587 1870
746 751 1871
1164 1280 1872
1390 1458 1873
1773 1796 1874
884 971 1875
290 598 1876
921 983 1877
1280 1303 1878
645 1809 1879
588 1361 1880
88 220 1881
348 358 1882
735 876 1883
60 538 1884
1002 1009 1885
1298 1321 1886
109 1749 1887
1340 1376 1888
27 352 1889
383 970 1890
416 1203 1891
1558 1559 1892
356 357 1893
59 103 1894
80 273 1895
1028 1039 1896
484 1829 1897
722 740 1898
1641 1771 1899
192 373 1900
299 368 1901
1549 1553 1902
205 1330 1903
1608 1609 1904
15 275 1905
1331 1352 1906
325 327 1907
994 995 1908
1320 1487 1909
386 388 1910
269 392 1911
341 945 1912
1117 1148 1913
54 284 1914
775 836 1915
90 404 1916
269 867 1917
986 1721 1918
76 141 1919
129 145 1920
1017 1029 1921
1400 1404 1922
1366 1689 1923
1432 1460 1924
85 604 1925
799 1386 1926
53 62 1927
267 834 1928
240 241 1929
549 588 1930
522 523 1931
741 775 1932
1046 1077 1933
52 62 1934
110 193 1935
1582 1583 1936
1580 1604 1937
937 1118 1938
136 596 1939
240 1570 1940
91 403 1941
803 1763 1942
333 340 1943
666 686 1944
356 896 1945
1610 1614 1946
85 332 1947
707 708 1948
576 687 1949
137 191 1950
1222 1278 1951
630 806 1952
905 1833 1953
176 183 1954
1685 1688 1955
927 1855 1956
1443 1461 1957
1585 1690 1958
451 738 1959
778 880 1960
470 1349 1961
589 630 1962
411 432 1963
1296 1312 1964
201 207 1965
93 94 1966
745 746 1967
236 237 1968
153 310 1969
330 341 1970
319 323 1971
403 1407 1972
291 324 1973
367 460 1974
1469 1474 1975
1327 1862 1976
1116 1158 1977
928 975 1978
1033 1120 1979
954 1040 1980
361 370 1981
621 1585 1982
1306 1851 1983
2 4 1984
15 63 1985
1559 1567 1986
91 1704 1987
11 191 1988
1850 1855 1989
88 121 1990
927 1253 1991
920 922 1992
174 310 1993
10 1058 1994
1306 1352 1995
357 505 1996
1561 1585 1997
1297 1308 1998
1296 1493 1999
1131 1193 2000
630 682 2001
269 1441 2002
1270 1663 2003
633 1775 2004
611 633 2005
533 558 2006
62 118 2007
1111 1133 2008
232 233 2009
14 332 2010
905 1038 2011
624 1298 2012
54 64 2013
442 489 2014
1131 1826 2015
660 1841 2016
362 430 2017
470 1223 2018
332 1407 2019
90 149 2020
240 298 2021
118 131 2022
63 621 2023
907 980 2024
3 4 2025
212 536 2026
557 595 2027
602 615 2028
1120 1832 2029
1200 1717 2030
1000 1003 2031
1258 1331 2032
62 266 2033
88 1425 2034
61 1456 2035
1288 1296 2036
505 1377 2037
15 149 2038
460 605 2039
1010 1387 2040
80 193 2041
615 650 2042
289 296 2043
745 751 2044
336 348 2045
986 992 2046
356 1346 2047
332 1795 2048
122 128 2049
1219 1851 2050
1224 1333 2051
224 231 2052
1051 1627 2053
356 771 2054
320 332 2055
395 483 2056
1441 1503 2057
382 383 2058
214 362 2059
1270 1377 2060
185 310 2061
453 485 2062
610 1820 2063
94 97 2064
560 581 2065
131 191 2066
413 511 2067
650 654 2068
1783 1784 2069
493 548 2070
624 625 2071
1195 1738 2072
34 190 2073
213 214 2074
1296 1514 2075
269 1036 2076
772 1841 2077
463 501 2078
633 1562 2079
45 330 2080
1291 1779 2081
621 799 2082
3 432 2083
927 1859 2084
127 151 2085
152 156 2086
117 833 2087
150 200 2088
460 529 2089
542 796 2090
190 1250 2091
650 1309 2092
523 547 2093
274 911 2094
480 1709 2095
137 260 2096
969 1091 2097
312 1299 2098
1284 1306 2099
80 278 2100
356 770 2101
1057 1081 2102
419 1324 2103
150 1771 2104
303 1517 2105
1078 1826 2106
21 104 2107
463 1130 2108
109 1375 2109
91 1029 2110
432 438 2111
132 1158 2112
1167 1738 2113
356 1367 2114
484 1142 2115
10 390 2116
254 290 2117
200 589 2118
1484 1494 2119
1050 1051 2120
310 329 2121
1544 1603 2122
60 635 2123
773 778 2124
1688 1697 2125
1018 1549 2126
139 272 2127
550 1827 2128
1460 1500 2129
70 1221 2130
450 451 2131
109 1220 2132
980 1163 2133
352 373 2134
117 544 2135
17 20 2136
379 682 2137
460 490 2138
1295 1297 2139
551 1470 2140
972 1611 2141
1081 1101 2142
35 466 2143
512 582 2144
27 444 2145
5 235 2146
304 334 2147
86 1844 2148
147 215 2149
463 1546 2150
338 465 2151
125 134 2152
76 140 2153
137 266 2154
11 438 2155
460 478 2156
1036 1850 2157
278 1302 2158
85 573 2159
778 1476 2160
341 363 2161
356 1689 2162
206 246 2163
296 834 2164
64 107 2165
52 1194 2166
192 212 2167
217 247 2168
11 283 2169
10 277 2170
51 466 2171
189 803 2172
863 1010 2173
52 266 2174
491 562 2175
562 589 2176
310 314 2177
571 586 2178
139 1824 2179
1327 1762 2180
85 1645 2181
85 971 2182
245 334 2183
576 897 2184
1609 1610 2185
1036 1281 2186
18 1051 2187
230 482 2188
520 911 2189
610 1672 2190
303 338 2191
461 643 2192
302 893 2193
899 980 2194
646 1607 2195
196 1587 2196
393 517 2197
81 867 2198
851 855 2199
494 665 2200
141 1029 2201
151 484 2202
1190 1270 2203
1036 1706 2204
15 337 2205
921 1009 2206
1419 1553 2207
218 551 2208
85 707 2209
378 763 2210
483 512 2211
5 1224 2212
394 395 2213
182 187 2214
483 582 2215
1320 1572 2216
558 598 2217
909 1046 2218
135 1303 2219
129 1439 2220
706 876 2221
307 361 2222
1782 1783 2223
57 206 2224
1327 1475 2225
67 145 2226
20 23 2227
5 1301 2228
1591 1611 2229
403 404 2230
461 462 2231
45 1456 2232
331 339 2233
1605 1762 2234
3 532 2235
70 831 2236
140 189 2237
60 712 2238
136 426 2239
126 629 2240
646 669 2241
139 839 2242
451 464 2243
45 595 2244
5 747 2245
9 1498 2246
230 251 2247
27 42 2248
230 434 2249
812 816 2250
453 469 2251
27 1498 2252
91 149 2253
383 719 2254
126 1058 2255
1418 1419 2256
305 306 2257
166 183 2258
86 985 2259
1503 1591 2260
162 202 2261
223 806 2262
1591 1771 2263
132 393 2264
1419 1444 2265
619 620 2266
88 346 2267
10 692 2268
1641 1670 2269
88 768 2270
595 1050 2271
126 277 2272
205 576 2273
193 212 2274
127 218 2275
339 614 2276
1163 1221 2277
223 1454 2278
1868 1870 2279
189 796 2280
206 979 2281
772 905 2282
630 867 2283
505 885 2284
127 236 2285
191 614 2286
185 222 2287
610 682 2288
1406 1443 2289
86 149 2290
438 475 2291
110 312 2292
1167 1634 2293
221 269 2294
420 484 2295
995 1000 2296
755 979 2297
356 982 2298
58 1165 2299
158 390 2300
39 45 2301
86 1858 2302
86 1712 2303
598 756 2304
567 682 2305
247 1743 2306
185 314 2307
5 1837 2308
550 567 2309
132 314 2310
342 438 2311
127 1470 2312
202 203 2313
15 1828 2314
786 816 2315
356 1537 2316
196 197 2317
5 6 2318
45 757 2319
76 363 2320
885 893 2321
269 1351 2322
524 582 2323
27 262 2324
124 582 2325
26 471 2326
542 596 2327
107 114 2328
3 342 2329
150 1503 2330
5 111 2331
635 712 2332
706 1634 2333
141 189 2334
542 1773 2335
140 141 2336
290 354 2337
109 613 2338
147 196 2339
223 224 2340
129 433 2341
185 1707 2342
65 1425 2343
757 1051 2344
3 475 2345
278 707 2346
610 1099 2347
27 33 2348
26 234 2349
149 463 2350
117 618 2351
27 1221 2352
520 1158 2353
290 1097 2354
109 445 2355
14 1618 2356
153 1636 2357
26 1668 2358
463 543 2359
682 806 2360
45 189 2361
545 550 2362
132 1438 2363
27 114 2364
185 1299 2365
574 1036 2366
139 1349 2367
110 511 2368
56 60 2369
109 257 2370
135 1406 2371
806 1351 2372
1010 1054 2373
203 230 2374
139 260 2375
254 342 2376
501 543 2377
126 259 2378
142 295 2379
10 1867 2380
185 1473 2381
58 184 2382
223 682 2383
610 1056 2384
185 1626 2385
15 58 2386
139 1422 2387
61 189 2388
254 586 2389
1301 1586 2390
202 1709 2391
136 196 2392
76 236 2393
196 215 2394
124 573 2395
225 298 2396
86 243 2397
141 151 2398
1474 1480 2399
14 148 2400
118 266 2401
136 1573 2402
1691 1873 2403
290 1743 2404
392 1706 2405
524 573 2406
196 435 2407
247 756 2408
15 243 2409
350 378 2410
136 1707 2411
15 128 2412
162 1709 2413
86 87 2414
9 471 2415
110 1012 2416
383 1276 2417
378 1706 2418
129 373 2419
13 1166 2420
1475 1605 2421
185 1671 2422
162 360 2423
275 596 2424
129 212 2425
132 1635 2426
98 143 2427
185 1635 2428
133 143 2429
168 581 2430
512 573 2431
26 41 2432
9 1871 2433
227 247 2434
162 1872 2435
1478 1484 2436
136 758 2437
247 362 2438
109 1129 2439
972 1503 2440
124 512 2441
378 392 2442
145 150 2443
200 972 2444
138 223 2445
153 319 2446
684 1231 2447
1066 1222 2448
244 334 2449
633 634 2450
139 152 2451
13 306 2452
9 114 2453
15 596 2454
110 836 2455
1586 1661 2456
7 8 2457
174 258 2458
137 1195 2459
37 43 2460
58 59 2461
123 352 2462
174 1438 2463
145 972 2464
87 128 2465
581 1231 2466
438 532 2467
136 1562 2468
14 56 2469
15 151 2470
586 756 2471
23 24 2472
378 574 2473
15 1029 2474
67 212 2475
15 712 2476
132 1098 2477
175 306 2478
142 223 2479
153 975 2480
27 167 2481
247 254 2482
87 284 2483
162 163 2484
633 1051 2485
621 706 2486
147 712 2487
196 1873 2488
135 1231 2489
461 542 2490
124 1299 2491
162 834 2492
163 251 2493
200 491 2494
33 1250 2495
460 726 2496
205 206 2497
290 756 2498
37 1250 2499
76 1324 2500
34 37 2501
124 524 2502
147 199 2503
26 1386 2504
136 1626 2505
175 635 2506
927 1036 2507
392 574 2508
27 1193 2509
0 453 2510
175 454 2511
33 34 2512
342 756 2513
14 955 2514
124 222 2515
13 452 2516
15 1425 2517
110 1461 2518
27 1599 2519
378 927 2520
138 295 2521
404 463 2522
356 909 2523
199 337 2524
124 125 2525
185 582 2526
63 87 2527
101 143 2528
143 297 2529
76 1704 2530
167 1457 2531
200 1040 2532
200 806 2533
147 426 2534
174 445 2535
0 51 2536
0 35 2537
120 143 2538
175 288 2539
147 596 2540
163 601 2541
14 979 2542
153 314 2543
144 1231 2544
200 1697 2545
505 896 2546
174 314 2547
87 114 2548
278 1457 2549
138 1387 2550
26 167 2551
162 480 2552
7 687 2553
124 1231 2554
129 143 2555
138 863 2556
43 1498 2557
10 1866 2558
76 151 2559
163 1627 2560
33 43 2561
200 221 2562
41 1457 2563
174 222 2564
85 394 2565
70 114 2566
142 278 2567
426 542 2568
269 1059 2569
7 246 2570
175 1141 2571
147 1425 2572
426 596 2573
163 1872 2574
43 255 2575
43 262 2576
255 352 2577
255 373 2578
196 207 2579
144 1423 2580
20 24 2581
138 352 2582
175 452 2583
200 1661 2584
87 107 2585
162 426 2586
0 1 2587
161 278 2588
66 297 2589
7 446 2590
43 1871 2591
86 543 2592
144 1605 2593
15 1705 2594
43 471 2595
138 1320 2596
199 426 2597
200 1219 2598
144 1865 2599
66 145 2600
368 426 2601
66 334 2602
0 369 2603
66 120 2604
144 186 2605
0 893 2606
161 167 2607
244 245 2608
0 896 2609
41 42 2610
43 114 2611
199 596 2612
0 904 2613
1423 1870 2614
42 142 2615
15 1497 2616
0 69 2617
0 1868 2618
163 1709 2619
147 692 2620
43 1705 2621
41 161 2622
255 1320 2623
136 1691 2624
147 151 2625
0 442 2626
0 1519 2627
144 1705 2628
0 485 2629
144 1497 2630
0 427 2631
0 1465 2632
43 1497 2633
0 186 2634
0 1083 2635
1059 1661 2636
1231 1423 2637
0 244 2638
1059 1320 2639
66 245 2640
0 1708 2641
66 67 2642
163 426 2643
185 524 2644
0 909 2645
163 199 2646
144 244 2647
162 1691 2648
0 1867 2649
66 143 2650
0 1866 2651
66 244 2652
1423 1705 2653
1423 1497 2654
199 1691 2655
143 244 2656
185 394 2657
43 1059 2658
