1652 1656 1
1648 1652 2
1646 1648 3
1656 1669 4
1053 1102 5
1102 1161 6
862 929 7
798 844 8
1669 1675 9
844 862 10
929 1053 11
1675 1681 12
1642 1646 13
1172 1173 14
1156 1172 15
1173 1177 16
1177 1181 17
1603 1608 18
1151 1156 19
1161 1184 20
1608 1609 21
797 798 22
1544 1603 23
1609 1610 24
1181 1182 25
1184 1259 26
1500 1544 27
1637 1642 28
1145 1151 29
1460 1500 30
1182 1189 31
998 1001 32
1610 1614 33
991 996 34
1681 1683 35
996 997 36
997 998 37
1001 1027 38
1189 1197 39
1259 1300 40
663 677 41
650 1309 42
1135 1145 43
1629 1637 44
615 650 45
990 991 46
1027 1049 47
1521 1550 48
711 739 49
1006 1022 50
1300 1374 51
1134 1135 52
1521 1815 53
1022 1024 54
835 900 55
650 654 56
1614 1620 57
673 711 58
1197 1206 59
1003 1006 60
662 663 61
739 1106 62
1018 1549 63
654 673 64
1309 1318 65
25 36 66
1000 1003 67
1432 1460 68
36 38 69
900 943 70
673 1238 71
1015 1018 72
1620 1621 73
688 693 74
1000 1724 75
677 698 76
1621 1629 77
1207 1208 78
995 1724 79
1206 1207 80
986 1721 81
1521 1831 82
1049 1072 83
1550 1580 84
1720 1721 85
739 792 86
1502 1521 87
1018 1021 88
1024 1025 89
602 615 90
698 722 91
900 1846 92
693 702 93
995 1000 94
21 22 95
286 287 96
1025 1028 97
989 990 98
22 25 99
1134 1137 100
1549 1553 101
1719 1720 102
602 1318 103
1021 1026 104
38 40 105
1028 1039 106
1499 1802 107
1208 1209 108
994 995 109
1446 1499 110
1216 1238 111
1499 1516 112
1185 1216 113
967 986 114
790 835 115
1513 1523 116
1804 1815 117
1435 1802 118
671 688 119
986 992 120
1419 1553 121
1512 1513 122
1435 1446 123
21 97 124
1052 1106 125
1115 1128 126
1143 1185 127
1718 1719 128
1090 1100 129
1084 1115 130
1209 1217 131
1374 1396 132
1580 1604 133
1039 1718 134
962 967 135
534 1801 136
1411 1418 137
40 44 138
1408 1411 139
1682 1703 140
1005 1015 141
287 292 142
1072 1076 143
388 400 144
1076 1090 145
992 994 146
943 1011 147
702 723 148
488 534 149
1380 1392 150
1678 1684 151
1026 1041 152
1683 1685 153
1684 1687 154
1217 1234 155
1410 1432 156
1128 1143 157
1523 1525 158
1703 1740 159
792 827 160
1011 1846 161
1000 1732 162
1418 1419 163
1792 1804 164
1110 1111 165
286 953 166
1023 1055 167
1100 1110 168
1354 1380 169
1703 1710 170
1020 1060 171
1392 1408 172
1429 1435 173
1699 1700 174
1048 1052 175
1679 1682 176
1233 1246 177
1258 1331 178
400 410 179
1801 1817 180
1641 1670 181
1039 1852 182
1516 1530 183
1510 1512 184
1687 1695 185
1419 1444 186
1670 1679 187
1415 1429 188
1770 1772 189
94 97 190
534 599 191
709 727 192
1525 1526 193
292 331 194
386 388 195
89 93 196
974 1023 197
93 94 198
1055 1080 199
1153 1354 200
1068 1089 201
1060 1084 202
1458 1522 203
1111 1233 204
961 962 205
999 1020 206
1530 1543 207
916 935 208
1677 1678 209
1696 1699 210
44 46 211
827 889 212
959 1005 213
1246 1247 214
1769 1770 215
935 964 216
1265 1267 217
1137 1593 218
1459 1502 219
370 1817 220
587 645 221
1831 1836 222
1405 1415 223
903 916 224
386 418 225
1458 1825 226
1604 1611 227
1331 1852 228
1772 1774 229
1004 1048 230
1041 1070 231
964 999 232
742 776 233
1768 1769 234
1153 1201 235
534 1767 236
1234 1265 237
1390 1459 238
1257 1258 239
1727 1740 240
915 1004 241
1415 1822 242
645 1809 243
370 439 244
1444 1489 245
1774 1776 246
316 325 247
629 671 248
1390 1458 249
1710 1713 250
439 488 251
1347 1405 252
776 777 253
725 742 254
1314 1329 255
1771 1792 256
723 731 257
1543 1561 258
1091 1526 259
1263 1274 260
1329 1337 261
718 725 262
1007 1310 263
1809 1818 264
1244 1263 265
722 740 266
1296 1312 267
988 989 268
1247 1252 269
1732 1735 270
555 1030 271
1067 1068 272
886 891 273
1725 1727 274
509 555 275
1489 1551 276
1070 1242 277
891 892 278
587 616 279
79 89 280
1201 1242 281
1695 1698 282
600 1030 283
1611 1641 284
386 546 285
727 861 286
960 961 287
859 903 288
1347 1822 289
722 1840 290
331 1033 291
1089 1092 292
1267 1533 293
1113 1810 294
46 47 295
676 709 296
1396 1402 297
915 949 298
385 645 299
1267 1527 300
1113 1123 301
1267 1283 302
1337 1343 303
915 1019 304
1020 1251 305
1667 1680 306
616 645 307
777 800 308
1509 1510 309
1215 1218 310
1092 1113 311
1362 1363 312
1319 1332 313
1304 1347 314
1680 1686 315
1390 1836 316
1111 1133 317
810 915 318
1070 1293 319
993 1310 320
21 104 321
681 790 322
1694 1696 323
1551 1552 324
587 1809 325
1091 1285 326
1713 1714 327
16 21 328
1591 1611 329
1218 1241 330
1312 1314 331
1241 1244 332
1810 1811 333
1113 1807 334
1811 1814 335
1735 1737 336
418 546 337
315 316 338
617 715 339
1332 1338 340
1741 1742 341
587 1813 342
889 949 343
325 327 344
1814 1816 345
1674 1677 346
1390 1842 347
818 859 348
1737 1741 349
410 418 350
1095 1124 351
473 1011 352
617 1176 353
1589 1593 354
1333 1410 355
1019 1088 356
638 1698 357
1552 1563 358
1274 1315 359
1088 1205 360
1813 1818 361
1296 1514 362
385 386 363
939 959 364
652 718 365
155 157 366
555 600 367
1133 1153 368
1211 1215 369
1641 1771 370
47 48 371
945 974 372
1107 1114 373
1272 1285 374
1343 1355 375
155 389 376
78 79 377
1766 1768 378
731 764 379
1373 1390 380
1007 1044 381
957 960 382
1363 1368 383
1673 1674 384
345 361 385
52 953 386
1293 1294 387
1723 1725 388
1591 1771 389
626 627 390
892 894 391
1070 1073 392
800 810 393
1714 1715 394
1205 1211 395
1288 1296 396
1176 1304 397
1803 1805 398
1252 1261 399
1123 1140 400
1623 1628 401
1080 1096 402
1248 1310 403
1362 1364 404
164 172 405
626 715 406
588 602 407
809 818 408
1044 1105 409
966 1228 410
1196 1251 411
164 389 412
1124 1155 413
508 509 414
1194 1426 415
1140 1152 416
1294 1317 417
1522 1534 418
578 609 419
473 493 420
474 493 421
1340 1766 422
1152 1160 423
1685 1688 424
166 171 425
1800 1803 426
1136 1198 427
1360 1384 428
609 649 429
1268 1272 430
1402 1414 431
1107 1722 432
1317 1344 433
388 418 434
1031 1136 435
1507 1509 436
473 474 437
157 164 438
77 78 439
1693 1694 440
587 917 441
1316 1319 442
1232 1373 443
788 809 444
680 681 445
1384 1403 446
1776 1777 447
1805 1807 448
878 886 449
52 1194 450
917 966 451
1563 1578 452
638 981 453
1283 1288 454
1352 1390 455
1232 1842 456
1310 1341 457
1358 1360 458
1355 1357 459
1121 1133 460
166 1644 461
408 422 462
1819 1825 463
385 412 464
1583 1589 465
418 1228 466
1328 1426 467
1121 1624 468
1514 1527 469
993 1007 470
1622 1623 471
680 1269 472
1797 1798 473
645 674 474
1338 1340 475
641 642 476
641 1315 477
1578 1579 478
422 424 479
173 177 480
361 370 481
648 652 482
449 1031 483
1403 1416 484
188 194 485
307 345 486
1356 1364 487
1186 1196 488
638 1359 489
1579 1584 490
981 993 491
1105 1225 492
600 617 493
1632 1640 494
493 510 495
1296 1493 496
1628 1631 497
1798 1800 498
473 1095 499
327 335 500
872 894 501
948 957 502
1686 1690 503
1175 1232 504
1742 1744 505
391 408 506
1353 1358 507
177 188 508
1660 1673 509
1344 1345 510
1631 1632 511
1225 1248 512
1584 1590 513
1033 1120 514
1341 1359 515
172 173 516
638 639 517
473 1269 518
1366 1368 519
1416 1433 520
1198 1255 521
493 548 522
587 890 523
1160 1178 524
1506 1507 525
1783 1784 526
73 77 527
518 523 528
1345 1353 529
176 183 530
510 537 531
577 578 532
1533 1535 533
634 676 534
1179 1186 535
1715 1716 536
436 472 537
1357 1365 538
1630 1644 539
1290 1328 540
1433 1450 541
412 418 542
1085 1121 543
1342 1356 544
1450 1462 545
1561 1585 546
521 522 547
537 548 548
984 1107 549
83 119 550
434 482 551
607 1350 552
52 53 553
431 436 554
1261 1262 555
419 861 556
1617 1630 557
1484 1494 558
642 648 559
1114 1118 560
1784 1785 561
171 176 562
1331 1352 563
1794 1797 564
947 948 565
420 717 566
923 939 567
1503 1591 568
165 166 569
424 437 570
1462 1469 571
1344 1378 572
472 495 573
518 519 574
779 788 575
1590 1594 576
194 216 577
649 703 578
363 1096 579
1178 1188 580
1640 1643 581
52 62 582
1633 1667 583
607 608 584
1793 1794 585
1138 1139 586
599 767 587
841 848 588
1535 1541 589
1494 1505 590
126 629 591
874 878 592
82 762 593
1062 1071 594
1224 1333 595
1191 1663 596
1073 1085 597
1478 1484 598
1505 1515 599
522 523 600
608 1860 601
876 1860 602
941 947 603
83 96 604
270 321 605
230 434 606
661 675 607
875 882 608
1045 1047 609
608 735 610
1782 1783 611
864 865 612
1071 1075 613
882 919 614
519 521 615
720 762 616
341 945 617
1501 1506 618
238 848 619
374 391 620
919 931 621
1191 1192 622
1659 1660 623
96 105 624
307 361 625
931 941 626
1188 1199 627
448 449 628
984 987 629
335 336 630
375 376 631
1582 1583 632
415 1063 633
1480 1481 634
735 876 635
1081 1101 636
1120 1832 637
421 431 638
1600 1617 639
179 869 640
982 988 641
1763 1775 642
103 105 643
154 155 644
641 1488 645
1717 1723 646
477 579 647
1167 1254 648
1524 1622 649
179 180 650
1333 1837 651
1169 1179 652
415 869 653
1047 1062 654
1255 1330 655
1138 1859 656
639 647 657
72 73 658
1249 1290 659
1474 1480 660
1190 1270 661
1469 1474 662
420 484 663
1256 1268 664
419 1829 665
640 661 666
476 477 667
126 1470 668
1657 1659 669
1210 1213 670
1167 1738 671
412 674 672
1183 1190 673
409 421 674
1075 1109 675
1515 1524 676
1199 1210 677
216 229 678
922 932 679
259 264 680
1213 1214 681
1594 1596 682
1174 1175 683
82 720 684
1270 1663 685
1262 1287 686
1325 1398 687
1417 1421 688
1765 1767 689
1313 1316 690
1585 1690 691
1200 1716 692
1289 1777 693
240 1570 694
1785 1786 695
1428 1431 696
1791 1793 697
1503 1534 698
82 119 699
972 1611 700
1104 1147 701
679 701 702
1335 1342 703
1043 1045 704
1650 1653 705
1155 1165 706
1214 1226 707
1421 1428 708
1409 1412 709
1787 1788 710
1103 1104 711
1431 1436 712
1167 1634 713
1654 1657 714
1495 1501 715
203 230 716
482 535 717
1730 1731 718
1334 1335 719
1731 1733 720
336 348 721
1412 1417 722
764 1854 723
920 922 724
1653 1654 725
1365 1445 726
451 738 727
82 548 728
1504 1520 729
1786 1787 730
207 210 731
535 572 732
53 62 733
82 83 734
1194 1350 735
1481 1485 736
1401 1409 737
675 730 738
240 241 739
1366 1367 740
348 358 741
1350 1601 742
927 1139 743
126 1570 744
419 420 745
884 1414 746
160 169 747
1120 1212 748
541 549 749
358 374 750
803 1763 751
201 207 752
655 679 753
1311 1334 754
497 570 755
291 324 756
396 409 757
419 1142 758
1619 1624 759
437 468 760
1436 1448 761
126 218 762
585 640 763
531 587 764
415 416 765
449 1013 766
1154 1183 767
1101 1116 768
1541 1547 769
583 611 770
641 804 771
572 592 772
764 866 773
631 683 774
1788 1789 775
579 631 776
1643 1647 777
627 678 778
611 1808 779
1781 1782 780
225 240 781
126 551 782
169 170 783
1733 1734 784
1434 1437 785
881 895 786
1157 1169 787
197 201 788
1226 1227 789
291 1869 790
126 241 791
870 874 792
871 872 793
703 724 794
802 875 795
1757 1758 796
1118 1119 797
938 1014 798
1638 1650 799
938 1597 800
730 801 801
1485 1486 802
71 72 803
927 1859 804
1287 1292 805
29 75 806
1366 1689 807
908 923 808
62 280 809
750 779 810
1790 1791 811
230 482 812
1448 1452 813
495 504 814
647 653 815
1437 1445 816
1486 1488 817
1109 1122 818
714 769 819
895 1638 820
104 111 821
496 497 822
451 464 823
1596 1597 824
126 680 825
166 183 826
1520 1587 827
801 884 828
1789 1790 829
238 239 830
207 215 831
1503 1819 832
1560 1600 833
183 184 834
376 397 835
1284 1306 836
126 240 837
462 583 838
1365 1453 839
1504 1778 840
1398 1399 841
817 868 842
487 817 843
1756 1757 844
62 74 845
1729 1730 846
180 181 847
1292 1311 848
1200 1717 849
6 16 850
1037 1043 851
1365 1369 852
1492 1495 853
59 103 854
840 841 855
469 1336 856
1692 1693 857
946 976 858
1204 1249 859
1491 1493 860
523 547 861
769 803 862
1577 1582 863
468 494 864
969 1091 865
1227 1237 866
1057 1081 867
381 396 868
507 541 869
1014 1037 870
1381 1420 871
159 165 872
1780 1781 873
450 451 874
1758 1759 875
1340 1376 876
780 1840 877
416 1063 878
932 933 879
150 1771 880
74 280 881
514 553 882
591 658 883
1615 1619 884
457 458 885
766 802 886
551 1470 887
683 729 888
857 881 889
402 412 890
570 789 891
976 1008 892
215 291 893
549 588 894
888 913 895
716 737 896
1539 1560 897
854 857 898
1511 1539 899
1108 1325 900
137 1634 901
525 1812 902
181 328 903
637 710 904
137 1167 905
1587 1778 906
933 936 907
331 339 908
653 716 909
28 29 910
927 1253 911
877 888 912
1122 1126 913
1361 1381 914
1393 1401 915
922 1159 916
1376 1666 917
309 321 918
879 880 919
1490 1492 920
1195 1738 921
1306 1352 922
1734 1736 923
1385 1391 924
52 266 925
366 381 926
324 346 927
1598 1759 928
1471 1478 929
484 1829 930
126 259 931
724 833 932
1195 1254 933
1148 1157 934
525 1806 935
126 127 936
1482 1491 937
553 591 938
608 1588 939
328 349 940
1306 1851 941
1576 1581 942
969 984 943
1391 1394 944
1496 1511 945
31 229 946
1119 1125 947
1430 1434 948
264 270 949
825 830 950
879 914 951
914 920 952
457 1639 953
270 414 954
503 507 955
588 1361 956
564 565 957
976 1847 958
944 1017 959
458 1639 960
1472 1482 961
1755 1756 962
1452 1463 963
897 925 964
701 720 965
1376 1382 966
1479 1490 967
218 551 968
926 958 969
1383 1385 970
1399 1451 971
1453 1466 972
860 946 973
1144 1149 974
556 557 975
819 860 976
852 877 977
203 686 978
1192 1202 979
927 1855 980
936 1180 981
1237 1240 982
855 870 983
1369 1379 984
346 1869 985
569 655 986
913 934 987
1305 1378 988
462 1808 989
1665 1666 990
525 612 991
418 453 992
732 750 993
341 363 994
1382 1393 995
1547 1555 996
937 940 997
1595 1598 998
1146 1154 999
706 1634 1000
1466 1472 1001
850 854 1002
760 926 1003
1688 1697 1004
816 871 1005
1779 1780 1006
872 879 1007
205 1330 1008
107 170 1009
633 634 1010
449 539 1011
570 660 1012
1379 1383 1013
1736 1739 1014
239 248 1015
126 225 1016
1400 1404 1017
740 780 1018
1484 1598 1019
202 203 1020
503 1420 1021
203 1545 1022
660 789 1023
1463 1468 1024
851 1739 1025
156 160 1026
636 637 1027
1575 1577 1028
102 106 1029
592 601 1030
1647 1649 1031
1394 1397 1032
672 691 1033
846 847 1034
655 701 1035
737 784 1036
1291 1779 1037
419 1324 1038
265 838 1039
633 1775 1040
1567 1576 1041
515 1832 1042
513 514 1043
851 855 1044
1270 1377 1045
658 760 1046
1404 1427 1047
261 710 1048
927 1036 1049
225 1570 1050
58 184 1051
339 515 1052
1282 1289 1053
575 585 1054
249 838 1055
830 846 1056
856 908 1057
365 366 1058
804 807 1059
868 883 1060
455 456 1061
1125 1144 1062
1664 1665 1063
1149 1150 1064
1483 1496 1065
117 833 1066
1308 1313 1067
1081 1116 1068
1468 1471 1069
55 1336 1070
847 853 1071
1427 1430 1072
344 387 1073
829 850 1074
816 853 1075
1042 1108 1076
1397 1400 1077
699 732 1078
1253 1281 1079
504 571 1080
1728 1729 1081
343 347 1082
225 241 1083
349 359 1084
127 1470 1085
416 1203 1086
440 1830 1087
1243 1256 1088
423 1830 1089
481 487 1090
808 910 1091
1009 1057 1092
230 251 1093
726 738 1094
484 1142 1095
127 225 1096
768 944 1097
706 876 1098
95 102 1099
1581 1592 1100
799 973 1101
1240 1245 1102
265 271 1103
1606 1633 1104
215 220 1105
752 1180 1106
423 425 1107
704 728 1108
895 938 1109
55 469 1110
778 880 1111
765 766 1112
1651 1655 1113
163 1872 1114
308 344 1115
1162 1223 1116
480 1709 1117
1613 1615 1118
611 633 1119
668 672 1120
311 343 1121
1008 1097 1122
58 59 1123
55 71 1124
248 253 1125
62 266 1126
137 706 1127
780 1162 1128
515 1212 1129
791 858 1130
823 829 1131
1451 1508 1132
633 714 1133
729 768 1134
249 265 1135
202 1709 1136
934 942 1137
1219 1284 1138
887 912 1139
210 215 1140
564 692 1141
367 487 1142
568 569 1143
759 819 1144
58 1165 1145
1754 1755 1146
464 478 1147
1662 1664 1148
182 359 1149
784 787 1150
1655 1658 1151
787 823 1152
196 197 1153
937 1118 1154
367 481 1155
728 761 1156
1117 1148 1157
398 1147 1158
1649 1651 1159
1239 1305 1160
1601 1625 1161
355 372 1162
1275 1282 1163
1126 1239 1164
1097 1847 1165
338 355 1166
866 950 1167
618 704 1168
774 852 1169
1036 1281 1170
691 736 1171
127 218 1172
31 456 1173
1753 1754 1174
1849 1854 1175
330 341 1176
612 643 1177
425 440 1178
64 107 1179
568 1455 1180
285 299 1181
308 387 1182
289 296 1183
531 890 1184
261 285 1185
196 215 1186
355 401 1187
717 768 1188
865 954 1189
1476 1479 1190
301 311 1191
562 589 1192
253 256 1193
450 465 1194
824 825 1195
1658 1662 1196
494 665 1197
887 921 1198
884 971 1199
378 927 1200
1850 1855 1201
74 108 1202
299 525 1203
1592 1746 1204
812 813 1205
1297 1308 1206
812 816 1207
1455 1483 1208
1245 1260 1209
233 242 1210
162 202 1211
1559 1567 1212
461 643 1213
106 112 1214
1187 1204 1215
271 279 1216
296 301 1217
1441 1503 1218
462 1821 1219
1289 1291 1220
192 351 1221
544 618 1222
1273 1275 1223
397 435 1224
162 480 1225
1260 1266 1226
1752 1753 1227
749 752 1228
92 95 1229
117 544 1230
490 667 1231
958 1032 1232
367 387 1233
419 479 1234
1036 1706 1235
940 951 1236
565 692 1237
137 1195 1238
54 64 1239
256 261 1240
240 298 1241
910 985 1242
302 344 1243
232 233 1244
369 1765 1245
293 791 1246
925 955 1247
554 970 1248
1093 1117 1249
1219 1851 1250
1559 1748 1251
1574 1575 1252
1036 1850 1253
1799 1806 1254
279 289 1255
1066 1676 1256
369 767 1257
1592 1595 1258
367 1761 1259
18 1051 1260
347 360 1261
700 759 1262
761 793 1263
778 969 1264
5 1224 1265
398 399 1266
1002 1009 1267
1295 1297 1268
1464 1477 1269
807 811 1270
419 1504 1271
163 601 1272
678 799 1273
799 1386 1274
793 887 1275
62 118 1276
489 503 1277
621 799 1278
470 554 1279
494 554 1280
162 1709 1281
697 699 1282
813 814 1283
568 1370 1284
503 1449 1285
533 558 1286
685 754 1287
302 487 1288
367 459 1289
814 822 1290
293 858 1291
936 937 1292
621 973 1293
910 1858 1294
849 856 1295
162 1872 1296
1239 1602 1297
5 1837 1298
561 575 1299
574 1036 1300
3 780 1301
786 816 1302
1555 1556 1303
543 1130 1304
1726 1728 1305
752 753 1306
621 1588 1307
5 111 1308
367 402 1309
196 207 1310
1746 1747 1311
912 921 1312
1064 1849 1313
1271 1273 1314
1291 1295 1315
302 481 1316
805 812 1317
968 1042 1318
438 780 1319
921 1009 1320
367 1517 1321
459 465 1322
950 1064 1323
906 980 1324
558 598 1325
1266 1271 1326
618 761 1327
126 277 1328
152 156 1329
204 211 1330
794 795 1331
491 562 1332
181 182 1333
236 309 1334
547 566 1335
158 159 1336
355 465 1337
832 911 1338
942 956 1339
1171 1187 1340
1612 1613 1341
405 423 1342
137 266 1343
822 824 1344
825 851 1345
5 6 1346
921 983 1347
1065 1442 1348
1082 1093 1349
1477 1517 1350
302 307 1351
1559 1751 1352
1747 1748 1353
367 529 1354
302 308 1355
196 1873 1356
18 19 1357
299 368 1358
506 533 1359
32 632 1360
8 148 1361
303 367 1362
463 543 1363
708 808 1364
1112 1202 1365
8 1618 1366
219 416 1367
1066 1222 1368
303 412 1369
196 435 1370
554 665 1371
907 1221 1372
163 1709 1373
1065 1066 1374
192 300 1375
515 614 1376
219 1203 1377
1528 1745 1378
1112 1146 1379
31 32 1380
302 367 1381
133 178 1382
236 264 1383
163 251 1384
3 4 1385
1032 1164 1386
19 30 1387
193 300 1388
795 928 1389
117 618 1390
621 706 1391
18 757 1392
351 373 1393
1517 1761 1394
633 1051 1395
31 632 1396
383 554 1397
656 700 1398
1235 1243 1399
151 484 1400
689 697 1401
786 805 1402
757 1051 1403
754 837 1404
131 137 1405
417 460 1406
858 897 1407
811 815 1408
302 883 1409
1592 1745 1410
383 494 1411
1796 1799 1412
1508 1537 1413
137 260 1414
338 747 1415
463 501 1416
399 443 1417
501 543 1418
338 667 1419
1751 1752 1420
1017 1029 1421
520 1158 1422
369 930 1423
490 1087 1424
192 193 1425
156 839 1426
906 907 1427
382 690 1428
625 656 1429
302 369 1430
983 1002 1431
145 972 1432
267 668 1433
778 1476 1434
1524 1528 1435
501 1844 1436
355 460 1437
907 980 1438
778 1230 1439
1195 1424 1440
76 126 1441
392 1706 1442
150 1503 1443
924 968 1444
470 1223 1445
107 114 1446
80 837 1447
1388 1389 1448
145 150 1449
126 1058 1450
515 597 1451
1602 1612 1452
660 1841 1453
453 469 1454
576 897 1455
624 625 1456
815 820 1457
367 873 1458
8 14 1459
972 1503 1460
1078 1826 1461
32 57 1462
1558 1559 1463
458 536 1464
84 117 1465
192 373 1466
517 561 1467
127 236 1468
392 574 1469
470 1323 1470
182 187 1471
302 930 1472
411 432 1473
1528 1531 1474
163 1627 1475
423 1834 1476
139 260 1477
461 462 1478
1078 1094 1479
1170 1171 1480
566 580 1481
598 756 1482
131 1625 1483
5 747 1484
748 749 1485
773 778 1486
1035 1078 1487
99 115 1488
576 687 1489
470 970 1490
899 1221 1491
236 237 1492
1447 1464 1493
660 733 1494
845 924 1495
1298 1321 1496
463 1130 1497
127 151 1498
57 632 1499
666 686 1500
356 982 1501
272 281 1502
690 696 1503
1074 1082 1504
101 414 1505
557 595 1506
162 360 1507
339 614 1508
242 249 1509
219 267 1510
208 1127 1511
232 242 1512
5 338 1513
624 1298 1514
820 821 1515
951 952 1516
520 911 1517
621 1585 1518
753 773 1519
1222 1278 1520
1321 1370 1521
623 646 1522
646 1607 1523
91 92 1524
356 1692 1525
1711 1712 1526
460 529 1527
198 204 1528
1569 1574 1529
293 1645 1530
695 783 1531
1050 1051 1532
1230 1235 1533
669 689 1534
736 834 1535
980 1163 1536
198 211 1537
383 470 1538
224 231 1539
785 1726 1540
338 465 1541
646 669 1542
350 378 1543
338 490 1544
619 620 1545
205 206 1546
746 751 1547
505 1377 1548
30 39 1549
956 963 1550
372 401 1551
619 1616 1552
85 86 1553
828 849 1554
196 1587 1555
1773 1796 1556
597 614 1557
139 152 1558
50 695 1559
743 952 1560
2 3 1561
200 1697 1562
231 1668 1563
364 377 1564
76 127 1565
205 576 1566
200 972 1567
108 118 1568
162 163 1569
7 8 1570
571 586 1571
88 220 1572
907 1163 1573
200 589 1574
1372 1395 1575
901 1016 1576
2 54 1577
198 267 1578
1164 1280 1579
137 139 1580
274 832 1581
1051 1627 1582
954 1040 1583
778 781 1584
115 146 1585
293 294 1586
1301 1586 1587
486 506 1588
141 1029 1589
60 538 1590
14 1618 1591
296 834 1592
885 1447 1593
1222 1701 1594
139 272 1595
446 538 1596
302 540 1597
684 685 1598
200 1219 1599
367 460 1600
10 175 1601
318 326 1602
549 1708 1603
140 141 1604
1691 1873 1605
378 1706 1606
751 774 1607
80 193 1608
746 774 1609
87 107 1610
364 628 1611
5 1301 1612
5 401 1613
460 605 1614
303 529 1615
432 438 1616
443 516 1617
696 719 1618
378 392 1619
563 605 1620
383 970 1621
70 1221 1622
139 1422 1623
99 666 1624
274 911 1625
50 783 1626
417 605 1627
531 783 1628
147 215 1629
821 826 1630
1572 1606 1631
2 4 1632
68 146 1633
31 68 1634
115 133 1635
208 209 1636
393 517 1637
1069 1074 1638
14 148 1639
1518 1519 1640
11 137 1641
60 175 1642
1277 1322 1643
162 1691 1644
1361 1708 1645
9 621 1646
771 845 1647
18 30 1648
187 226 1649
200 491 1650
192 212 1651
139 839 1652
137 191 1653
1556 1557 1654
633 1562 1655
10 68 1656
112 113 1657
620 622 1658
1116 1158 1659
460 490 1660
162 834 1661
928 975 1662
225 298 1663
1131 1826 1664
1094 1131 1665
401 417 1666
211 219 1667
70 899 1668
383 1276 1669
118 131 1670
206 246 1671
630 1065 1672
442 489 1673
622 623 1674
356 1367 1675
150 200 1676
778 782 1677
382 383 1678
163 199 1679
1034 1035 1680
460 726 1681
460 478 1682
219 232 1683
99 133 1684
80 209 1685
80 492 1686
1607 1616 1687
187 195 1688
11 1422 1689
352 373 1690
118 266 1691
267 322 1692
76 363 1693
898 899 1694
5 235 1695
527 528 1696
146 178 1697
826 828 1698
3 10 1699
580 593 1700
1371 1372 1701
129 1439 1702
9 27 1703
1449 1465 1704
147 196 1705
1571 1599 1706
614 1276 1707
528 584 1708
1061 1069 1709
149 463 1710
1086 1112 1711
100 101 1712
190 901 1713
7 246 1714
11 1323 1715
14 955 1716
139 1349 1717
9 63 1718
190 1711 1719
67 145 1720
743 744 1721
281 283 1722
236 1529 1723
99 146 1724
463 1546 1725
378 574 1726
91 1704 1727
98 99 1728
383 719 1729
1395 1413 1730
1389 1454 1731
536 552 1732
322 644 1733
963 965 1734
899 980 1735
11 411 1736
303 873 1737
384 1200 1738
406 407 1739
231 234 1740
199 426 1741
11 283 1742
86 149 1743
356 357 1744
340 1839 1745
378 763 1746
1586 1661 1747
1518 1857 1748
10 298 1749
200 378 1750
1339 1346 1751
1010 1387 1752
323 329 1753
470 1349 1754
354 364 1755
10 146 1756
10 1058 1757
11 665 1758
1280 1303 1759
60 147 1760
139 1824 1761
129 255 1762
1413 1440 1763
187 198 1764
744 748 1765
190 1571 1766
206 979 1767
116 146 1768
200 350 1769
189 803 1770
707 708 1771
326 333 1772
7 687 1773
1554 1558 1774
1440 1467 1775
200 1040 1776
10 116 1777
595 1050 1778
356 1346 1779
57 68 1780
630 1442 1781
403 1546 1782
147 199 1783
98 666 1784
461 542 1785
190 1424 1786
401 563 1787
584 606 1788
1823 1824 1789
17 20 1790
318 1843 1791
384 405 1792
606 659 1793
14 175 1794
49 50 1795
516 560 1796
70 831 1797
527 1702 1798
644 666 1799
70 114 1800
319 323 1801
1531 1532 1802
146 175 1803
68 539 1804
302 526 1805
86 1844 1806
1568 1569 1807
56 60 1808
3 11 1809
14 56 1810
357 505 1811
10 277 1812
153 975 1813
195 198 1814
528 659 1815
10 86 1816
147 175 1817
175 635 1818
134 447 1819
659 1702 1820
453 485 1821
356 1689 1822
338 401 1823
88 768 1824
86 1858 1825
745 751 1826
109 1375 1827
27 678 1828
1764 1823 1829
10 98 1830
745 746 1831
200 1661 1832
65 121 1833
10 129 1834
235 304 1835
5 200 1836
162 426 1837
1548 1554 1838
76 140 1839
133 146 1840
135 1303 1841
153 314 1842
705 745 1843
475 502 1844
13 20 1845
10 85 1846
90 149 1847
1016 1856 1848
302 460 1849
250 1828 1850
10 666 1851
1163 1221 1852
1064 1132 1853
163 426 1854
267 834 1855
84 85 1856
140 189 1857
110 413 1858
356 896 1859
10 189 1860
10 100 1861
18 595 1862
88 121 1863
2 86 1864
10 99 1865
502 532 1866
511 604 1867
965 978 1868
20 23 1869
303 356 1870
80 685 1871
9 86 1872
88 147 1873
237 252 1874
978 1061 1875
401 1087 1876
1845 1848 1877
54 284 1878
129 373 1879
342 438 1880
10 11 1881
141 151 1882
67 212 1883
1220 1277 1884
132 1438 1885
310 329 1886
11 1764 1887
10 130 1888
153 319 1889
63 621 1890
1467 1487 1891
10 532 1892
9 114 1893
2 284 1894
9 85 1895
407 452 1896
1112 1236 1897
87 114 1898
13 27 1899
85 90 1900
27 621 1901
88 215 1902
9 26 1903
27 85 1904
132 393 1905
209 1375 1906
303 1517 1907
116 175 1908
101 228 1909
86 1712 1910
10 101 1911
313 590 1912
110 168 1913
91 147 1914
153 274 1915
39 45 1916
302 303 1917
35 55 1918
14 85 1919
85 971 1920
1010 1054 1921
9 13 1922
199 1691 1923
212 536 1924
403 1407 1925
310 314 1926
10 14 1927
68 175 1928
0 367 1929
174 1438 1930
593 594 1931
191 614 1932
122 128 1933
384 1838 1934
80 81 1935
7 14 1936
413 511 1937
356 771 1938
9 24 1939
76 1704 1940
0 302 1941
317 318 1942
98 146 1943
147 426 1944
589 630 1945
130 175 1946
86 985 1947
356 1537 1948
26 27 1949
10 475 1950
85 110 1951
136 199 1952
401 460 1953
190 1856 1954
13 255 1955
863 1010 1956
2 10 1957
60 635 1958
290 756 1959
1532 1536 1960
27 1498 1961
9 1498 1962
10 559 1963
81 255 1964
80 273 1965
2 139 1966
109 445 1967
85 447 1968
426 542 1969
110 1012 1970
1838 1839 1971
65 147 1972
273 282 1973
294 320 1974
146 189 1975
269 1036 1976
132 1158 1977
9 10 1978
274 520 1979
303 460 1980
368 426 1981
10 438 1982
68 116 1983
57 130 1984
45 330 1985
174 314 1986
147 692 1987
1542 1548 1988
452 1845 1989
41 42 1990
199 337 1991
268 273 1992
10 1132 1993
85 136 1994
384 1834 1995
76 1324 1996
24 27 1997
10 454 1998
27 1221 1999
542 1773 2000
85 755 2001
10 147 2002
153 1636 2003
27 907 2004
27 42 2005
10 158 2006
10 45 2007
86 90 2008
27 114 2009
109 168 2010
902 1079 2011
10 252 2012
88 346 2013
1077 1086 2014
85 91 2015
85 1012 2016
770 918 2017
85 1645 2018
772 1841 2019
132 1635 2020
136 162 2021
68 189 2022
467 486 2023
0 1708 2024
785 786 2025
109 1749 2026
86 243 2027
109 1220 2028
200 221 2029
9 87 2030
136 196 2031
11 438 2032
11 12 2033
404 463 2034
427 531 2035
356 770 2036
81 129 2037
129 352 2038
483 582 2039
86 843 2040
11 470 2041
438 532 2042
659 831 2043
13 17 2044
305 306 2045
755 979 2046
86 463 2047
1536 1538 2048
403 1795 2049
129 145 2050
123 129 2051
116 189 2052
11 532 2053
1557 1564 2054
977 1529 2055
303 338 2056
85 116 2057
3 432 2058
10 712 2059
15 91 2060
147 712 2061
27 1599 2062
27 70 2063
13 86 2064
11 139 2065
440 466 2066
255 373 2067
3 532 2068
10 145 2069
532 559 2070
733 772 2071
10 13 2072
27 86 2073
110 153 2074
174 445 2075
10 1229 2076
1566 1568 2077
1054 1129 2078
1540 1542 2079
86 1853 2080
116 136 2081
27 899 2082
110 836 2083
131 191 2084
175 306 2085
340 353 2086
14 332 2087
193 212 2088
136 979 2089
1538 1540 2090
333 1843 2091
130 146 2092
158 390 2093
269 1441 2094
9 70 2095
3 342 2096
2 11 2097
110 1461 2098
129 433 2099
0 303 2100
120 133 2101
9 471 2102
138 295 2103
9 1871 2104
85 1307 2105
743 781 2106
10 151 2107
135 1406 2108
20 24 2109
116 755 2110
76 141 2111
85 134 2112
86 543 2113
67 129 2114
2 9 2115
63 87 2116
10 15 2117
98 120 2118
11 131 2119
10 977 2120
1131 1193 2121
132 520 2122
124 582 2123
50 51 2124
10 136 2125
263 268 2126
377 390 2127
60 446 2128
136 426 2129
109 613 2130
1 35 2131
138 1387 2132
1079 1168 2133
1749 1750 2134
734 902 2135
57 206 2136
1046 1077 2137
1320 1572 2138
896 1339 2139
694 705 2140
10 27 2141
136 147 2142
27 444 2143
390 628 2144
320 332 2145
15 149 2146
81 492 2147
302 893 2148
86 87 2149
10 120 2150
86 190 2151
542 796 2152
136 175 2153
113 122 2154
85 604 2155
560 581 2156
91 1016 2157
45 76 2158
91 1029 2159
24 86 2160
0 893 2161
313 1750 2162
10 228 2163
15 86 2164
0 1465 2165
15 196 2166
45 1456 2167
110 312 2168
132 1098 2169
269 378 2170
893 1083 2171
403 404 2172
781 782 2173
10 61 2174
123 352 2175
1320 1487 2176
310 313 2177
254 586 2178
138 863 2179
130 136 2180
65 175 2181
85 511 2182
269 630 2183
76 151 2184
594 603 2185
14 979 2186
30 45 2187
438 475 2188
713 721 2189
13 26 2190
10 76 2191
27 262 2192
109 174 2193
255 1320 2194
1565 1566 2195
10 141 2196
255 352 2197
10 26 2198
67 269 2199
505 885 2200
76 236 2201
81 273 2202
109 1129 2203
136 1573 2204
0 453 2205
1636 1671 2206
13 306 2207
80 109 2208
132 153 2209
333 340 2210
175 454 2211
14 136 2212
371 384 2213
0 485 2214
332 1795 2215
2 63 2216
13 81 2217
10 143 2218
3 475 2219
60 712 2220
85 109 2221
23 24 2222
120 129 2223
312 657 2224
905 1038 2225
0 442 2226
81 433 2227
590 613 2228
61 479 2229
380 552 2230
43 85 2231
254 342 2232
136 189 2233
110 511 2234
885 893 2235
85 132 2236
290 586 2237
269 392 2238
10 255 2239
11 118 2240
1168 1279 2241
45 189 2242
0 369 2243
15 250 2244
1307 1573 2245
117 132 2246
395 483 2247
10 1867 2248
0 1519 2249
13 24 2250
342 756 2251
147 1425 2252
545 550 2253
0 1 2254
0 427 2255
85 1473 2256
0 904 2257
7 136 2258
61 1456 2259
142 295 2260
116 979 2261
10 123 2262
15 243 2263
136 842 2264
581 1231 2265
129 212 2266
258 734 2267
26 85 2268
15 147 2269
41 161 2270
109 209 2271
35 466 2272
85 979 2273
684 1231 2274
141 189 2275
1264 1286 2276
10 66 2277
15 1029 2278
2 15 2279
91 149 2280
664 694 2281
332 1407 2282
87 128 2283
1564 1565 2284
26 1668 2285
657 713 2286
136 1626 2287
147 151 2288
290 598 2289
110 193 2290
0 1083 2291
772 905 2292
109 257 2293
41 1457 2294
0 69 2295
1236 1264 2296
132 274 2297
81 1222 2298
87 284 2299
85 403 2300
85 332 2301
15 58 2302
129 138 2303
257 263 2304
124 573 2305
27 43 2306
1098 1348 2307
85 707 2308
116 130 2309
81 138 2310
138 142 2311
15 1828 2312
0 5 2313
68 130 2314
221 269 2315
0 35 2316
136 596 2317
26 142 2318
9 81 2319
26 138 2320
223 224 2321
0 896 2322
51 69 2323
630 867 2324
27 1320 2325
136 1691 2326
85 454 2327
85 573 2328
24 85 2329
782 785 2330
0 51 2331
132 314 2332
651 664 2333
775 836 2334
1760 1861 2335
132 174 2336
27 352 2337
7 446 2338
27 1193 2339
88 1425 2340
138 1320 2341
550 1827 2342
85 124 2343
896 1286 2344
9 142 2345
10 43 2346
51 466 2347
45 595 2348
741 775 2349
91 403 2350
60 88 2351
15 175 2352
26 1386 2353
81 1278 2354
9 43 2355
11 191 2356
15 65 2357
81 1701 2358
1443 1461 2359
721 741 2360
65 1425 2361
85 125 2362
168 581 2363
153 310 2364
483 512 2365
109 110 2366
101 120 2367
120 146 2368
85 278 2369
138 352 2370
133 143 2371
66 145 2372
143 297 2373
428 429 2374
603 651 2375
26 471 2376
1406 1443 2377
27 278 2378
26 234 2379
90 404 2380
1327 1857 2381
109 258 2382
161 167 2383
15 337 2384
85 512 2385
10 692 2386
109 313 2387
98 143 2388
175 1141 2389
1279 1302 2390
0 384 2391
189 796 2392
80 278 2393
905 1833 2394
379 380 2395
15 136 2396
586 756 2397
175 305 2398
10 245 2399
10 81 2400
185 1635 2401
125 134 2402
0 1866 2403
223 1454 2404
1827 1835 2405
167 1457 2406
356 909 2407
110 135 2408
110 581 2409
512 582 2410
15 189 2411
530 545 2412
909 1046 2413
81 282 2414
129 143 2415
379 772 2416
1059 1320 2417
88 91 2418
81 123 2419
15 199 2420
136 758 2421
278 1457 2422
441 467 2423
0 909 2424
10 1866 2425
305 758 2426
550 567 2427
1141 1166 2428
27 190 2429
635 712 2430
85 185 2431
153 174 2432
124 125 2433
66 297 2434
353 371 2435
124 512 2436
34 190 2437
909 918 2438
43 86 2439
174 310 2440
15 88 2441
278 707 2442
542 596 2443
101 143 2444
0 186 2445
175 288 2446
81 867 2447
26 41 2448
290 354 2449
7 85 2450
278 1302 2451
1038 1099 2452
185 310 2453
305 670 2454
505 896 2455
15 90 2456
161 278 2457
45 757 2458
290 1097 2459
136 1562 2460
174 258 2461
0 1867 2462
199 596 2463
26 43 2464
85 524 2465
498 530 2466
13 1166 2467
276 288 2468
147 596 2469
185 314 2470
81 352 2471
26 223 2472
26 278 2473
135 1231 2474
269 867 2475
110 144 2476
498 1835 2477
110 1231 2478
15 1425 2479
13 1760 2480
153 185 2481
524 582 2482
175 452 2483
185 1473 2484
42 142 2485
138 223 2486
136 1707 2487
304 334 2488
426 596 2489
312 1299 2490
61 76 2491
37 1250 2492
290 1743 2493
499 500 2494
174 185 2495
142 278 2496
512 573 2497
15 87 2498
15 712 2499
13 452 2500
124 524 2501
85 1231 2502
1059 1661 2503
15 141 2504
174 222 2505
109 581 2506
185 1671 2507
10 390 2508
15 63 2509
61 189 2510
15 426 2511
13 43 2512
269 1059 2513
15 151 2514
10 247 2515
190 1250 2516
15 76 2517
2 191 2518
213 429 2519
1820 1833 2520
1351 1672 2521
15 43 2522
185 1626 2523
34 37 2524
524 573 2525
26 1320 2526
0 1868 2527
45 61 2528
254 290 2529
27 167 2530
275 500 2531
1326 1327 2532
630 682 2533
247 756 2534
185 1299 2535
15 128 2536
10 244 2537
185 222 2538
245 334 2539
379 498 2540
109 185 2541
124 222 2542
109 1231 2543
120 143 2544
43 255 2545
185 1707 2546
379 1056 2547
124 1231 2548
43 1498 2549
26 806 2550
15 130 2551
200 806 2552
124 1299 2553
66 67 2554
43 81 2555
430 441 2556
81 610 2557
85 806 2558
135 144 2559
379 682 2560
394 1348 2561
109 144 2562
26 167 2563
394 395 2564
132 185 2565
217 227 2566
0 144 2567
223 682 2568
567 682 2569
144 186 2570
269 1351 2571
0 244 2572
247 290 2573
610 1672 2574
43 1871 2575
142 223 2576
43 471 2577
33 34 2578
1327 1475 2579
213 214 2580
136 275 2581
43 262 2582
247 1743 2583
66 334 2584
33 1250 2585
185 278 2586
1868 1870 2587
1327 1862 2588
1862 1863 2589
275 670 2590
43 142 2591
275 1861 2592
66 143 2593
43 806 2594
610 1820 2595
43 114 2596
1605 1865 2597
630 806 2598
610 1099 2599
275 596 2600
244 334 2601
24 43 2602
15 61 2603
185 524 2604
15 1705 2605
43 70 2606
144 1865 2607
1863 1864 2608
144 1231 2609
806 1351 2610
275 276 2611
610 1351 2612
1327 1762 2613
66 120 2614
362 430 2615
185 582 2616
214 217 2617
227 247 2618
144 1605 2619
610 1056 2620
1231 1423 2621
27 33 2622
15 596 2623
15 1497 2624
43 190 2625
85 394 2626
682 806 2627
1423 1870 2628
66 245 2629
244 245 2630
223 806 2631
1475 1605 2632
144 1423 2633
1605 1762 2634
269 610 2635
247 254 2636
43 144 2637
214 362 2638
43 1705 2639
144 1705 2640
37 43 2641
43 1059 2642
144 244 2643
144 1497 2644
217 247 2645
43 1497 2646
66 244 2647
610 806 2648
1475 1864 2649
1762 1864 2650
143 244 2651
247 362 2652
185 394 2653
1423 1705 2654
33 43 2655
610 682 2656
15 275 2657
1423 1497 2658
