746 751 1
10 27 2
10 86 3
10 13 4
9 10 5
10 26 6
10 175 7
10 85 8
27 85 9
303 367 10
8 14 11
587 645 12
355 401 13
32 632 14
386 418 15
85 86 16
10 68 17
10 81 18
457 458 19
415 416 20
383 554 21
10 14 22
745 746 23
10 11 24
82 83 25
82 720 26
745 751 27
9 85 28
555 600 29
746 774 30
457 1639 31
225 240 32
515 614 33
751 774 34
10 116 35
219 416 36
2 10 37
232 233 38
233 242 39
265 838 40
249 838 41
415 1063 42
15 175 43
308 344 44
249 265 45
458 1639 46
85 136 47
345 361 48
83 119 49
555 1030 50
588 602 51
52 62 52
10 146 53
600 1030 54
120 143 55
564 565 56
998 1001 57
989 990 58
307 345 59
1001 1027 60
990 991 61
85 116 62
494 554 63
996 997 64
55 469 65
1027 1049 66
204 211 67
1049 1072 68
417 460 69
531 587 70
1072 1076 71
10 129 72
27 86 73
85 109 74
654 673 75
570 789 76
988 989 77
126 225 78
907 980 79
1090 1100 80
367 1517 81
55 1336 82
991 996 83
1076 1090 84
99 115 85
570 660 86
62 266 87
10 147 88
997 998 89
198 211 90
307 361 91
469 1336 92
386 388 93
85 91 94
232 242 95
13 86 96
50 695 97
720 762 98
133 146 99
615 650 100
293 791 101
995 1724 102
13 27 103
982 988 104
10 189 105
26 85 106
473 493 107
13 26 108
115 133 109
10 76 110
416 1063 111
907 1163 112
162 1709 113
15 86 114
1065 1442 115
230 434 116
1100 1110 117
274 911 118
355 372 119
993 1007 120
339 515 121
1000 1724 122
906 907 123
602 615 124
587 1809 125
136 175 126
192 193 127
98 99 128
650 654 129
993 1310 130
698 722 131
187 198 132
82 762 133
10 298 134
293 858 135
219 1203 136
473 474 137
1102 1161 138
10 66 139
10 43 140
13 20 141
10 130 142
356 982 143
481 487 144
302 369 145
630 1065 146
9 86 147
82 119 148
778 781 149
1143 1185 150
1185 1216 151
99 146 152
136 189 153
198 204 154
192 351 155
416 1203 156
10 136 157
15 189 158
0 303 159
483 512 160
660 789 161
26 27 162
27 352 163
791 858 164
434 482 165
645 1809 166
679 701 167
3 10 168
85 90 169
616 645 170
52 53 171
907 1221 172
10 99 173
610 1351 174
338 355 175
832 911 176
274 832 177
1161 1184 178
146 175 179
1300 1374 180
10 244 181
587 616 182
1216 1238 183
1084 1115 184
388 418 185
695 783 186
673 1238 187
62 280 188
995 1000 189
10 45 190
126 127 191
1045 1047 192
1128 1143 193
25 36 194
195 198 195
137 1634 196
36 38 197
43 86 198
10 1229 199
1735 1737 200
1737 1741 201
31 456 202
1259 1300 203
386 546 204
1110 1111 205
28 29 206
10 255 207
417 605 208
85 110 209
1732 1735 210
351 373 211
10 252 212
339 614 213
85 806 214
1111 1133 215
531 890 216
1699 1700 217
1184 1259 218
10 1867 219
919 931 220
1007 1310 221
1388 1389 222
10 977 223
1053 1102 224
10 712 225
1115 1128 226
887 921 227
1249 1290 228
38 40 229
906 980 230
207 215 231
577 578 232
24 85 233
463 501 234
887 912 235
10 143 236
862 929 237
40 44 238
929 1053 239
50 783 240
0 1708 241
0 384 242
882 919 243
391 408 244
117 544 245
1741 1742 246
22 25 247
591 658 248
1395 1413 249
797 798 250
14 85 251
1081 1116 252
1020 1060 253
29 75 254
497 570 255
1149 1150 256
10 145 257
1696 1699 258
408 422 259
199 426 260
483 582 261
554 970 262
899 1221 263
513 514 264
0 896 265
609 649 266
631 683 267
125 134 268
44 46 269
931 941 270
662 663 271
1290 1328 272
1694 1696 273
52 266 274
0 244 275
476 477 276
99 666 277
508 509 278
840 841 279
53 62 280
245 334 281
47 48 282
422 424 283
649 703 284
1101 1116 285
515 597 286
948 957 287
658 760 288
238 848 289
338 490 290
85 278 291
578 609 292
62 74 293
10 1058 294
85 403 295
274 520 296
10 15 297
841 848 298
10 277 299
962 967 300
15 136 301
1060 1084 302
663 677 303
864 865 304
1144 1149 305
70 899 306
1374 1396 307
677 698 308
10 1866 309
129 352 310
468 494 311
225 1570 312
98 666 313
470 970 314
1372 1395 315
10 98 316
248 253 317
1179 1186 318
10 141 319
133 178 320
1615 1619 321
21 22 322
462 1821 323
383 970 324
396 409 325
46 47 326
509 555 327
1413 1440 328
1619 1624 329
1845 1848 330
798 844 331
1175 1232 332
409 421 333
844 862 334
85 132 335
424 437 336
10 61 337
244 245 338
1613 1615 339
474 493 340
957 960 341
1125 1144 342
0 5 343
1204 1249 344
436 472 345
146 189 346
9 13 347
230 482 348
947 948 349
1047 1062 350
1174 1175 351
68 175 352
960 961 353
961 962 354
0 367 355
778 782 356
239 248 357
760 926 358
238 239 359
302 540 360
10 1132 361
1371 1372 362
455 456 363
14 175 364
302 307 365
922 1159 366
525 1812 367
381 396 368
472 495 369
74 280 370
374 391 371
60 446 372
553 591 373
302 883 374
655 679 375
1742 1744 376
367 387 377
941 947 378
683 729 379
406 407 380
2 15 381
355 465 382
477 579 383
187 195 384
10 101 385
9 26 386
984 987 387
2 86 388
1003 1006 389
192 300 390
496 497 391
418 546 392
116 175 393
1612 1613 394
356 896 395
10 666 396
875 882 397
588 1361 398
431 436 399
711 739 400
1034 1035 401
27 1320 402
315 316 403
9 81 404
1043 1045 405
1171 1187 406
579 631 407
1081 1101 408
514 553 409
302 526 410
673 711 411
115 146 412
1000 1732 413
316 325 414
303 356 415
421 431 416
383 470 417
463 543 418
117 618 419
1326 1327 420
365 366 421
926 958 422
15 58 423
126 240 424
1440 1467 425
587 890 426
179 869 427
1693 1694 428
338 401 429
1328 1426 430
765 766 431
1048 1052 432
10 151 433
1814 1816 434
68 189 435
10 438 436
1068 1089 437
1169 1179 438
193 300 439
1082 1093 440
98 120 441
27 278 442
637 710 443
253 256 444
85 185 445
147 175 446
15 130 447
84 85 448
1187 1204 449
187 226 450
0 909 451
219 232 452
1170 1171 453
208 1127 454
60 635 455
703 724 456
1119 1125 457
965 978 458
1186 1196 459
5 200 460
446 538 461
1104 1147 462
367 487 463
781 782 464
437 468 465
802 875 466
1257 1258 467
68 130 468
1069 1074 469
179 180 470
240 1570 471
1121 1624 472
366 381 473
1074 1082 474
68 116 475
11 665 476
0 1866 477
116 136 478
62 118 479
81 273 480
385 645 481
470 554 482
15 43 483
1103 1104 484
448 449 485
43 85 486
372 401 487
549 588 488
1148 1157 489
1396 1402 490
9 27 491
1311 1334 492
367 1761 493
7 8 494
303 460 495
27 678 496
766 802 497
303 1517 498
0 1867 499
682 806 500
369 930 501
13 81 502
794 795 503
116 189 504
385 412 505
1032 1164 506
130 136 507
325 327 508
101 120 509
99 133 510
655 701 511
15 91 512
1118 1119 513
162 202 514
137 706 515
401 417 516
1121 1133 517
1089 1092 518
1122 1126 519
1194 1426 520
398 1147 521
1062 1071 522
1402 1414 523
1061 1069 524
162 163 525
626 627 526
963 965 527
2 3 528
7 85 529
1391 1394 530
978 1061 531
18 19 532
126 680 533
1467 1487 534
18 757 535
865 954 536
86 1858 537
1196 1251 538
1252 1261 539
118 131 540
958 1032 541
32 57 542
1067 1068 543
24 27 544
31 32 545
132 520 546
1075 1109 547
2 9 548
933 936 549
1071 1075 550
1578 1579 551
86 1844 552
739 792 553
1020 1251 554
1157 1169 555
153 314 556
49 50 557
706 1634 558
308 387 559
490 667 560
24 86 561
367 481 562
10 532 563
27 621 564
1037 1043 565
358 374 566
10 120 567
1247 1252 568
80 209 569
335 336 570
1109 1122 571
100 101 572
1579 1584 573
86 87 574
27 190 575
10 247 576
913 934 577
1394 1397 578
101 228 579
76 126 580
1014 1037 581
460 605 582
81 1222 583
378 392 584
1389 1454 585
1692 1693 586
1052 1106 587
1258 1331 588
11 1764 589
1811 1814 590
7 14 591
1602 1612 592
86 1712 593
1006 1022 594
888 913 595
1306 1352 596
1066 1676 597
60 538 598
117 833 599
27 70 600
1093 1117 601
55 71 602
327 335 603
85 1307 604
10 245 605
449 1031 606
1092 1113 607
1337 1343 608
15 88 609
18 1051 610
131 137 611
0 144 612
367 459 613
636 637 614
0 302 615
134 447 616
317 318 617
1810 1811 618
462 583 619
10 158 620
891 892 621
202 1709 622
80 273 623
556 557 624
544 618 625
66 143 626
495 504 627
211 219 628
302 308 629
792 827 630
85 971 631
1004 1048 632
344 387 633
20 24 634
303 873 635
1113 1810 636
126 551 637
85 1231 638
1292 1311 639
15 426 640
302 344 641
0 369 642
81 610 643
449 1013 644
256 261 645
956 963 646
136 162 647
776 777 648
1500 1544 649
269 1036 650
338 667 651
338 747 652
415 869 653
827 889 654
31 229 655
705 745 656
27 42 657
109 185 658
174 314 659
1117 1148 660
11 283 661
1329 1337 662
15 76 663
742 776 664
86 190 665
912 921 666
1430 1434 667
852 877 668
367 402 669
27 907 670
694 705 671
1167 1634 672
302 487 673
85 512 674
938 1014 675
127 236 676
384 405 677
777 800 678
85 1645 679
1397 1400 680
1197 1206 681
54 284 682
10 123 683
857 881 684
473 1011 685
302 930 686
872 879 687
877 888 688
336 348 689
932 933 690
244 334 691
10 454 692
1408 1411 693
1088 1205 694
1354 1380 695
137 1167 696
1189 1197 697
348 358 698
302 460 699
185 278 700
854 857 701
383 494 702
638 981 703
610 1672 704
850 854 705
302 367 706
398 399 707
774 852 708
1000 1003 709
66 245 710
116 146 711
72 73 712
57 632 713
352 373 714
534 599 715
1719 1720 716
303 529 717
85 511 718
739 1106 719
0 427 720
1022 1024 721
967 986 722
275 500 723
934 942 724
81 138 725
1262 1287 726
737 784 727
1380 1392 728
1331 1852 729
85 979 730
800 810 731
795 928 732
1783 1784 733
285 299 734
67 145 735
641 642 736
116 979 737
1207 1208 738
1361 1708 739
124 512 740
109 1749 741
0 442 742
664 694 743
829 850 744
261 710 745
895 938 746
356 1692 747
1521 1831 748
136 1562 749
1428 1431 750
31 632 751
116 130 752
1035 1078 753
1334 1335 754
30 39 755
70 1221 756
942 956 757
1410 1432 758
27 43 759
889 949 760
302 481 761
165 166 762
305 306 763
426 542 764
2 54 765
724 833 766
302 893 767
1284 1306 768
954 1040 769
0 1465 770
131 191 771
787 823 772
1350 1601 773
1718 1719 774
1552 1563 775
0 1519 776
399 443 777
723 731 778
1055 1080 779
980 1163 780
83 96 781
76 127 782
627 678 783
61 1456 784
66 334 785
1206 1207 786
1039 1852 787
725 742 788
338 465 789
1023 1055 790
1019 1088 791
1575 1577 792
702 723 793
859 903 794
1431 1436 795
73 77 796
140 141 797
124 573 798
67 269 799
1617 1630 800
428 429 801
85 124 802
192 373 803
823 829 804
1434 1437 805
0 453 806
638 639 807
181 328 808
898 899 809
755 979 810
1577 1582 811
91 147 812
1287 1292 813
1411 1418 814
11 411 815
200 806 816
716 737 817
328 349 818
784 787 819
1646 1648 820
124 524 821
0 904 822
1392 1408 823
200 1219 824
818 859 825
10 559 826
367 873 827
1590 1594 828
757 1051 829
26 43 830
52 1194 831
1656 1669 832
15 90 833
80 492 834
60 88 835
1725 1727 836
136 426 837
26 41 838
10 475 839
1400 1404 840
1584 1590 841
1723 1725 842
162 480 843
17 20 844
240 241 845
488 534 846
1774 1776 847
2 284 848
255 1320 849
1385 1391 850
66 244 851
959 1005 852
10 390 853
788 809 854
473 1095 855
86 1853 856
709 727 857
1208 1209 858
136 1573 859
651 664 860
192 212 861
718 725 862
85 332 863
501 543 864
261 285 865
19 30 866
939 959 867
1044 1105 868
1460 1500 869
86 985 870
310 314 871
1551 1552 872
136 758 873
1024 1025 874
1506 1507 875
821 826 876
1219 1284 877
27 1193 878
1105 1225 879
225 241 880
521 522 881
255 352 882
68 146 883
82 548 884
27 1599 885
1095 1124 886
534 1767 887
88 215 888
1342 1356 889
1603 1608 890
166 1644 891
653 716 892
817 868 893
1421 1428 894
565 692 895
826 828 896
1176 1304 897
1642 1646 898
693 702 899
341 945 900
886 891 901
200 589 902
286 287 903
1536 1538 904
1574 1575 905
136 147 906
1650 1653 907
1277 1322 908
219 267 909
1039 1718 910
1787 1788 911
639 647 912
10 692 913
109 1220 914
722 740 915
1261 1262 916
1335 1342 917
71 72 918
180 181 919
80 278 920
534 1801 921
194 216 922
809 818 923
1209 1217 924
1720 1721 925
1517 1761 926
600 617 927
1608 1609 928
1784 1785 929
181 182 930
974 1023 931
188 194 932
820 821 933
1629 1637 934
15 199 935
303 412 936
504 571 937
1025 1028 938
828 849 939
1620 1621 940
1313 1316 941
518 519 942
903 916 943
866 950 944
1489 1551 945
542 596 946
162 834 947
1653 1654 948
21 104 949
5 747 950
375 376 951
356 909 952
638 1698 953
1621 1629 954
1793 1794 955
11 532 956
750 779 957
1675 1681 958
1273 1275 959
452 1845 960
10 100 961
407 452 962
999 1020 963
384 1838 964
8 1618 965
1614 1620 966
1107 1722 967
5 1224 968
1583 1589 969
1623 1628 970
355 460 971
810 915 972
130 146 973
1582 1583 974
0 35 975
1363 1368 976
136 1707 977
607 1350 978
587 917 979
1563 1578 980
630 1442 981
1782 1783 982
1714 1715 983
460 490 984
554 665 985
1260 1266 986
1134 1137 987
1594 1596 988
1383 1385 989
1502 1521 990
532 559 991
141 151 992
349 359 993
405 423 994
1687 1695 995
916 935 996
1652 1656 997
1327 1475 998
872 894 999
425 440 1000
1669 1675 1001
269 1059 1002
1637 1642 1003
21 97 1004
367 529 1005
5 338 1006
520 911 1007
81 867 1008
1275 1282 1009
884 1414 1010
1417 1421 1011
1654 1657 1012
1569 1574 1013
76 141 1014
0 893 1015
109 209 1016
1327 1762 1017
163 1872 1018
126 629 1019
107 114 1020
688 693 1021
86 843 1022
137 191 1023
1362 1363 1024
458 536 1025
815 820 1026
1677 1678 1027
286 953 1028
617 1176 1029
1444 1489 1030
132 274 1031
275 596 1032
647 653 1033
8 148 1034
0 51 1035
923 939 1036
470 1323 1037
203 230 1038
136 1626 1039
1715 1716 1040
443 516 1041
1727 1740 1042
1379 1383 1043
1628 1631 1044
1678 1684 1045
1770 1772 1046
945 974 1047
1217 1234 1048
1513 1523 1049
216 229 1050
1164 1280 1051
31 68 1052
1173 1177 1053
1432 1460 1054
1776 1777 1055
1005 1015 1056
1713 1714 1057
153 975 1058
1648 1652 1059
109 257 1060
1314 1329 1061
13 43 1062
126 218 1063
732 750 1064
1512 1513 1065
845 924 1066
1630 1644 1067
265 271 1068
1788 1789 1069
136 842 1070
15 147 1071
10 228 1072
254 290 1073
1797 1798 1074
30 45 1075
661 675 1076
849 856 1077
412 418 1078
166 171 1079
14 332 1080
1225 1248 1081
1801 1817 1082
90 149 1083
856 908 1084
1404 1427 1085
603 651 1086
1436 1448 1087
1205 1211 1088
1133 1153 1089
1341 1359 1090
1792 1804 1091
749 752 1092
1538 1540 1093
138 1320 1094
20 23 1095
185 1671 1096
669 689 1097
1172 1173 1098
1325 1398 1099
892 894 1100
900 943 1101
18 30 1102
116 755 1103
1674 1677 1104
26 278 1105
291 324 1106
124 125 1107
1458 1522 1108
1448 1452 1109
619 1616 1110
935 964 1111
1509 1510 1112
1684 1687 1113
638 1359 1114
1366 1368 1115
162 1872 1116
1134 1135 1117
27 1221 1118
70 114 1119
964 999 1120
1638 1650 1121
1799 1806 1122
35 55 1123
93 94 1124
685 754 1125
101 143 1126
564 692 1127
943 1011 1128
1768 1769 1129
136 199 1130
23 24 1131
1306 1851 1132
1610 1614 1133
96 105 1134
1631 1632 1135
98 146 1136
1345 1353 1137
1772 1774 1138
1507 1509 1139
1794 1797 1140
759 819 1141
1427 1430 1142
15 275 1143
1681 1683 1144
94 97 1145
671 688 1146
1316 1319 1147
85 394 1148
871 872 1149
676 709 1150
1137 1593 1151
158 159 1152
1126 1239 1153
126 1470 1154
510 537 1155
1182 1189 1156
343 347 1157
1510 1512 1158
1356 1364 1159
126 1570 1160
1589 1593 1161
198 267 1162
1073 1085 1163
689 697 1164
379 772 1165
1018 1021 1166
185 1626 1167
109 613 1168
1266 1271 1169
356 770 1170
1643 1647 1171
675 730 1172
1789 1790 1173
914 920 1174
1523 1525 1175
423 425 1176
109 1129 1177
11 438 1178
1331 1352 1179
371 384 1180
626 715 1181
1151 1156 1182
722 1840 1183
779 788 1184
153 274 1185
185 1707 1186
200 491 1187
9 24 1188
494 665 1189
5 1301 1190
66 145 1191
279 289 1192
1398 1399 1193
173 177 1194
126 277 1195
915 949 1196
1657 1659 1197
1765 1767 1198
881 895 1199
1153 1354 1200
1580 1604 1201
1505 1515 1202
1791 1793 1203
45 61 1204
640 661 1205
1360 1384 1206
1683 1685 1207
587 1813 1208
1673 1674 1209
385 386 1210
218 551 1211
714 769 1212
769 803 1213
1293 1294 1214
771 845 1215
908 923 1216
1399 1451 1217
652 718 1218
1516 1530 1219
1568 1569 1220
388 400 1221
1136 1198 1222
568 1455 1223
1717 1723 1224
370 439 1225
1015 1018 1226
77 78 1227
928 975 1228
1796 1799 1229
271 279 1230
1640 1643 1231
1333 1410 1232
177 188 1233
27 899 1234
924 968 1235
1241 1244 1236
597 614 1237
1710 1713 1238
1294 1317 1239
585 640 1240
937 940 1241
1232 1373 1242
1494 1505 1243
1679 1682 1244
367 460 1245
1177 1181 1246
491 562 1247
1451 1508 1248
699 732 1249
1728 1729 1250
915 1004 1251
340 1839 1252
518 523 1253
1271 1273 1254
549 1708 1255
439 488 1256
303 338 1257
1215 1218 1258
1600 1617 1259
302 303 1260
1181 1182 1261
1218 1241 1262
11 137 1263
527 528 1264
525 1806 1265
2 11 1266
1632 1640 1267
235 304 1268
26 1320 1269
15 712 1270
384 1200 1271
1191 1663 1272
103 105 1273
571 586 1274
1191 1192 1275
1080 1096 1276
1501 1506 1277
860 946 1278
5 6 1279
1511 1539 1280
1651 1655 1281
15 1705 1282
535 572 1283
126 259 1284
752 753 1285
1416 1433 1286
968 1042 1287
215 220 1288
1108 1325 1289
1210 1213 1290
1213 1214 1291
808 910 1292
3 4 1293
1530 1543 1294
1219 1851 1295
2 139 1296
730 801 1297
1790 1791 1298
1194 1350 1299
1659 1660 1300
1211 1215 1301
1373 1390 1302
1660 1673 1303
322 644 1304
86 543 1305
819 860 1306
370 1817 1307
440 1830 1308
400 410 1309
1343 1355 1310
1766 1768 1311
86 463 1312
136 596 1313
81 255 1314
1145 1151 1315
1246 1247 1316
376 397 1317
1198 1255 1318
1798 1800 1319
1156 1172 1320
130 175 1321
512 582 1322
1521 1815 1323
1214 1226 1324
1362 1364 1325
727 861 1326
1734 1736 1327
701 720 1328
1135 1145 1329
1226 1227 1330
936 937 1331
650 1309 1332
1547 1555 1333
499 500 1334
575 585 1335
363 1096 1336
340 353 1337
520 1158 1338
1358 1360 1339
1804 1815 1340
104 111 1341
899 980 1342
700 759 1343
106 112 1344
1649 1651 1345
1227 1237 1346
1220 1277 1347
1622 1623 1348
120 133 1349
224 231 1350
1609 1610 1351
1200 1717 1352
1862 1863 1353
1282 1289 1354
163 1709 1355
868 883 1356
811 815 1357
617 715 1358
752 1180 1359
270 321 1360
1353 1358 1361
1466 1472 1362
568 569 1363
599 767 1364
1042 1108 1365
1340 1766 1366
11 470 1367
1028 1039 1368
203 1545 1369
124 1231 1370
1528 1531 1371
1544 1603 1372
102 106 1373
1403 1416 1374
1369 1379 1375
1827 1835 1376
622 623 1377
213 429 1378
460 529 1379
1771 1792 1380
160 169 1381
1729 1730 1382
634 676 1383
1289 1777 1384
413 511 1385
611 1808 1386
1384 1403 1387
1786 1787 1388
594 603 1389
15 1497 1390
1785 1786 1391
14 136 1392
1525 1526 1393
419 1504 1394
1542 1548 1395
1222 1278 1396
423 1830 1397
112 113 1398
1308 1313 1399
583 611 1400
1685 1688 1401
14 1618 1402
1733 1734 1403
5 1837 1404
1769 1770 1405
936 1180 1406
1031 1136 1407
311 343 1408
14 148 1409
1458 1825 1410
255 373 1411
1312 1314 1412
1670 1679 1413
43 190 1414
57 130 1415
1604 1611 1416
1543 1561 1417
80 193 1418
642 648 1419
473 1269 1420
5 111 1421
66 120 1422
1245 1260 1423
1524 1528 1424
1548 1554 1425
1412 1417 1426
1550 1580 1427
1347 1405 1428
1756 1757 1429
16 21 1430
1773 1796 1431
1695 1698 1432
324 346 1433
89 93 1434
778 969 1435
1532 1536 1436
78 79 1437
287 292 1438
86 90 1439
1201 1242 1440
1541 1547 1441
1555 1556 1442
86 149 1443
516 560 1444
981 993 1445
1199 1210 1446
740 780 1447
593 594 1448
356 1367 1449
598 756 1450
1355 1357 1451
1703 1740 1452
159 165 1453
1447 1464 1454
1496 1511 1455
1647 1649 1456
1779 1780 1457
1021 1026 1458
1 35 1459
562 589 1460
136 275 1461
1188 1199 1462
1703 1710 1463
1515 1524 1464
1178 1188 1465
1233 1246 1466
146 178 1467
3 11 1468
182 359 1469
530 545 1470
825 830 1471
135 1303 1472
129 138 1473
418 453 1474
1234 1265 1475
1309 1318 1476
341 363 1477
1237 1240 1478
402 412 1479
269 630 1480
1297 1308 1481
1803 1805 1482
331 339 1483
1446 1499 1484
1453 1466 1485
551 1470 1486
1682 1703 1487
1606 1633 1488
79 89 1489
172 173 1490
697 699 1491
333 340 1492
1433 1450 1493
174 185 1494
1026 1041 1495
356 1537 1496
1464 1477 1497
589 630 1498
356 771 1499
1255 1330 1500
150 200 1501
1435 1446 1502
944 1017 1503
419 420 1504
668 672 1505
537 548 1506
1232 1842 1507
1304 1347 1508
1459 1502 1509
940 951 1510
1566 1568 1511
200 350 1512
660 733 1513
1499 1516 1514
1222 1701 1515
976 1008 1516
9 142 1517
39 45 1518
878 886 1519
110 511 1520
879 914 1521
11 1422 1522
85 454 1523
1152 1160 1524
1521 1550 1525
1452 1463 1526
250 1828 1527
361 370 1528
1160 1178 1529
1200 1716 1530
85 573 1531
1077 1086 1532
1064 1849 1533
6 16 1534
1472 1482 1535
619 620 1536
1849 1854 1537
215 291 1538
1518 1857 1539
293 294 1540
1295 1297 1541
572 592 1542
1270 1377 1543
1528 1745 1544
291 1869 1545
902 1079 1546
1272 1285 1547
946 976 1548
1240 1245 1549
1522 1534 1550
1565 1566 1551
1239 1602 1552
780 1162 1553
1007 1044 1554
885 1447 1555
1531 1532 1556
1415 1429 1557
1018 1549 1558
1418 1419 1559
11 1323 1560
264 270 1561
1540 1542 1562
1183 1190 1563
126 1058 1564
648 652 1565
580 593 1566
1780 1781 1567
11 118 1568
799 973 1569
731 764 1570
1463 1468 1571
1667 1680 1572
550 567 1573
729 768 1574
830 846 1575
223 1454 1576
1437 1445 1577
81 129 1578
66 297 1579
1752 1753 1580
247 290 1581
656 700 1582
1419 1444 1583
1468 1471 1584
803 1763 1585
1763 1775 1586
1390 1842 1587
992 994 1588
1607 1616 1589
1633 1667 1590
522 523 1591
236 309 1592
453 485 1593
610 806 1594
561 575 1595
543 1130 1596
922 932 1597
11 131 1598
790 835 1599
1244 1263 1600
1366 1689 1601
76 236 1602
85 134 1603
11 191 1604
1366 1367 1605
289 296 1606
1514 1527 1607
984 1107 1608
1726 1728 1609
9 621 1610
1429 1435 1611
11 12 1612
13 17 1613
1070 1293 1614
210 215 1615
623 646 1616
743 744 1617
680 1269 1618
1554 1558 1619
318 1843 1620
1338 1340 1621
1757 1758 1622
1819 1825 1623
384 1834 1624
1483 1496 1625
1319 1332 1626
1524 1622 1627
5 235 1628
350 378 1629
176 183 1630
1310 1341 1631
171 176 1632
1317 1344 1633
5 401 1634
449 539 1635
52 953 1636
607 608 1637
896 1339 1638
401 563 1639
1192 1202 1640
1831 1836 1641
51 69 1642
713 721 1643
451 464 1644
199 596 1645
915 1019 1646
147 426 1647
1455 1483 1648
1263 1274 1649
269 1441 1650
1123 1140 1651
893 1083 1652
138 352 1653
950 1064 1654
158 390 1655
440 466 1656
1124 1155 1657
1059 1320 1658
27 114 1659
174 310 1660
27 444 1661
690 696 1662
895 1638 1663
1168 1279 1664
1760 1861 1665
91 92 1666
395 483 1667
60 712 1668
236 237 1669
966 1228 1670
780 1840 1671
427 531 1672
986 1721 1673
785 1726 1674
1256 1268 1675
1601 1625 1676
123 352 1677
748 749 1678
897 925 1679
464 478 1680
1731 1733 1681
876 1860 1682
9 63 1683
86 243 1684
1805 1807 1685
26 806 1686
109 313 1687
200 972 1688
1140 1152 1689
1736 1739 1690
59 103 1691
1655 1658 1692
1680 1686 1693
88 220 1694
910 985 1695
641 804 1696
629 671 1697
190 1250 1698
1753 1754 1699
438 780 1700
879 880 1701
925 955 1702
1746 1747 1703
182 187 1704
1730 1731 1705
108 118 1706
1320 1487 1707
1265 1267 1708
1332 1338 1709
1153 1201 1710
1289 1291 1711
1344 1345 1712
45 76 1713
1190 1270 1714
1268 1272 1715
560 581 1716
612 643 1717
1556 1557 1718
1480 1481 1719
1085 1121 1720
1327 1862 1721
126 241 1722
1781 1782 1723
296 301 1724
1008 1097 1725
294 320 1726
95 102 1727
174 1438 1728
462 1808 1729
1838 1839 1730
65 175 1731
199 337 1732
356 1346 1733
200 1040 1734
1558 1559 1735
1477 1517 1736
129 255 1737
410 418 1738
451 738 1739
1301 1586 1740
1347 1822 1741
1236 1264 1742
2 4 1743
118 266 1744
450 451 1745
1755 1756 1746
764 866 1747
874 878 1748
419 861 1749
147 199 1750
568 1370 1751
346 1869 1752
547 566 1753
528 584 1754
1641 1670 1755
1131 1826 1756
1094 1131 1757
1484 1494 1758
1758 1759 1759
801 884 1760
1518 1519 1761
9 70 1762
927 1253 1763
1535 1541 1764
1800 1803 1765
299 368 1766
1270 1663 1767
237 252 1768
164 172 1769
267 322 1770
525 612 1771
392 574 1772
131 1625 1773
1409 1412 1774
14 56 1775
1079 1168 1776
240 298 1777
1264 1286 1778
498 1835 1779
85 524 1780
292 331 1781
602 1318 1782
330 341 1783
0 1 1784
1474 1480 1785
1113 1123 1786
1508 1537 1787
356 1689 1788
127 225 1789
320 332 1790
26 1668 1791
175 305 1792
1405 1415 1793
1482 1491 1794
1097 1847 1795
1280 1303 1796
11 139 1797
326 333 1798
1572 1606 1799
498 530 1800
761 793 1801
536 552 1802
412 674 1803
1267 1283 1804
169 170 1805
1450 1462 1806
641 1488 1807
976 1847 1808
1462 1469 1809
81 352 1810
1054 1129 1811
584 606 1812
1138 1139 1813
1283 1288 1814
333 1843 1815
1327 1857 1816
1469 1474 1817
744 748 1818
1070 1073 1819
1010 1387 1820
1557 1564 1821
1010 1054 1822
290 756 1823
1754 1755 1824
515 1832 1825
1011 1846 1826
519 521 1827
276 288 1828
267 668 1829
392 1706 1830
807 811 1831
382 690 1832
80 837 1833
423 1834 1834
721 741 1835
764 1854 1836
1686 1690 1837
1038 1099 1838
566 580 1839
863 1010 1840
174 445 1841
378 763 1842
1495 1501 1843
1243 1256 1844
1491 1493 1845
969 984 1846
205 1330 1847
461 643 1848
660 1841 1849
120 146 1850
550 1827 1851
708 808 1852
734 902 1853
917 966 1854
54 64 1855
1813 1818 1856
438 532 1857
620 622 1858
672 691 1859
231 1668 1860
735 876 1861
527 1702 1862
15 141 1863
1114 1118 1864
1662 1664 1865
80 109 1866
26 234 1867
1351 1672 1868
1688 1697 1869
236 1529 1870
13 1760 1871
1564 1565 1872
1559 1751 1873
318 326 1874
13 24 1875
900 1846 1876
113 122 1877
15 1029 1878
1415 1822 1879
60 175 1880
460 478 1881
379 380 1882
937 1118 1883
136 979 1884
1146 1154 1885
938 1597 1886
1596 1597 1887
972 1611 1888
1592 1746 1889
84 117 1890
901 1016 1891
1167 1738 1892
1658 1662 1893
420 717 1894
1070 1242 1895
1479 1490 1896
1560 1600 1897
507 541 1898
401 460 1899
1499 1802 1900
726 738 1901
175 635 1902
503 507 1903
15 596 1904
166 183 1905
13 255 1906
153 1636 1907
1486 1488 1908
162 426 1909
910 1858 1910
147 215 1911
153 310 1912
2 63 1913
563 605 1914
905 1038 1915
1820 1833 1916
608 1860 1917
517 561 1918
542 1773 1919
175 452 1920
1539 1560 1921
1747 1748 1922
482 535 1923
606 659 1924
847 853 1925
85 125 1926
15 149 1927
1274 1315 1928
205 576 1929
331 1033 1930
680 681 1931
1381 1420 1932
231 234 1933
1611 1641 1934
453 469 1935
641 1315 1936
267 834 1937
1230 1235 1938
142 278 1939
356 357 1940
175 288 1941
269 610 1942
150 1771 1943
236 264 1944
143 297 1945
1091 1526 1946
1305 1378 1947
531 783 1948
1291 1779 1949
681 790 1950
920 922 1951
855 870 1952
1435 1802 1953
258 734 1954
691 736 1955
272 281 1956
644 666 1957
986 992 1958
163 199 1959
217 227 1960
154 155 1961
156 160 1962
1533 1535 1963
515 1212 1964
1485 1486 1965
813 814 1966
1235 1243 1967
1120 1832 1968
263 268 1969
15 63 1970
1224 1333 1971
1154 1183 1972
150 1503 1973
1751 1752 1974
1809 1818 1975
994 995 1976
1111 1233 1977
1471 1478 1978
557 595 1979
309 321 1980
1361 1381 1981
1046 1077 1982
254 586 1983
1163 1221 1984
1113 1807 1985
927 1036 1986
1561 1585 1987
825 851 1988
704 728 1989
132 393 1990
463 1130 1991
1296 1312 1992
545 550 1993
733 772 1994
625 656 1995
528 659 1996
804 807 1997
1581 1592 1998
9 114 1999
1296 1514 2000
814 822 2001
793 887 2002
1340 1376 2003
977 1529 2004
569 655 2005
835 900 2006
270 414 2007
659 1702 2008
110 193 2009
45 1456 2010
610 1820 2011
1365 1369 2012
706 876 2013
142 295 2014
1503 1534 2015
74 108 2016
1576 1581 2017
57 68 2018
45 330 2019
127 218 2020
846 847 2021
1592 1745 2022
129 212 2023
26 223 2024
397 435 2025
1595 1598 2026
382 383 2027
208 209 2028
369 1765 2029
200 1697 2030
1107 1114 2031
1091 1285 2032
505 1377 2033
120 129 2034
743 952 2035
1549 1553 2036
403 1407 2037
133 143 2038
259 264 2039
441 467 2040
175 1141 2041
1390 1836 2042
380 552 2043
1339 1346 2044
927 1139 2045
1390 1459 2046
576 897 2047
190 1711 2048
1559 1748 2049
812 813 2050
1267 1527 2051
2 191 2052
1484 1598 2053
85 1473 2054
805 812 2055
770 918 2056
183 184 2057
353 371 2058
1490 1492 2059
450 465 2060
15 196 2061
27 262 2062
621 973 2063
379 1056 2064
972 1503 2065
645 674 2066
1401 1409 2067
403 1795 2068
512 573 2069
1078 1094 2070
379 498 2071
696 719 2072
782 785 2073
1441 1503 2074
1664 1665 2075
1078 1826 2076
163 426 2077
1592 1595 2078
1863 1864 2079
541 549 2080
657 713 2081
98 143 2082
684 685 2083
1279 1302 2084
1449 1465 2085
347 360 2086
905 1833 2087
1333 1837 2088
57 206 2089
301 311 2090
403 404 2091
1291 1295 2092
785 786 2093
221 269 2094
129 143 2095
1357 1365 2096
15 61 2097
92 95 2098
511 604 2099
816 853 2100
1041 1070 2101
1764 1823 2102
1598 1759 2103
1321 1370 2104
646 1607 2105
304 334 2106
281 283 2107
1120 1212 2108
1591 1611 2109
207 210 2110
378 927 2111
63 621 2112
1492 1495 2113
1365 1453 2114
312 657 2115
812 816 2116
1481 1485 2117
523 547 2118
618 704 2119
786 805 2120
1850 1855 2121
1138 1859 2122
0 186 2123
269 867 2124
1344 1378 2125
65 121 2126
88 147 2127
3 342 2128
493 548 2129
1064 1132 2130
0 485 2131
870 874 2132
490 1087 2133
332 1795 2134
1248 1310 2135
501 1844 2136
122 128 2137
480 1709 2138
1567 1576 2139
85 1012 2140
275 276 2141
13 452 2142
951 952 2143
404 463 2144
85 755 2145
393 517 2146
442 489 2147
0 1083 2148
1298 1321 2149
493 510 2150
461 542 2151
753 773 2152
778 880 2153
34 190 2154
101 414 2155
542 796 2156
90 404 2157
88 346 2158
1239 1305 2159
1393 1401 2160
1476 1479 2161
567 682 2162
14 955 2163
1112 1146 2164
161 278 2165
646 669 2166
728 761 2167
0 1868 2168
157 164 2169
185 314 2170
743 781 2171
884 971 2172
1162 1223 2173
1665 1666 2174
1033 1120 2175
624 625 2176
85 447 2177
155 157 2178
1762 1864 2179
401 1087 2180
296 834 2181
14 979 2182
13 306 2183
1065 1066 2184
969 1091 2185
269 1351 2186
1605 1865 2187
487 817 2188
299 525 2189
1167 1254 2190
418 1228 2191
137 260 2192
76 151 2193
1585 1690 2194
772 1841 2195
175 454 2196
851 1739 2197
278 707 2198
1382 1393 2199
1641 1771 2200
175 306 2201
608 735 2202
45 189 2203
174 258 2204
1711 1712 2205
156 839 2206
419 1829 2207
269 378 2208
1475 1864 2209
1419 1553 2210
851 855 2211
27 1498 2212
124 582 2213
155 389 2214
152 156 2215
164 389 2216
13 1166 2217
403 1546 2218
1016 1856 2219
621 799 2220
26 1386 2221
773 778 2222
138 142 2223
273 282 2224
1155 1165 2225
200 378 2226
1288 1296 2227
1586 1661 2228
88 91 2229
816 871 2230
858 897 2231
50 51 2232
624 1298 2233
1365 1445 2234
503 1420 2235
193 212 2236
185 582 2237
3 532 2238
185 1473 2239
3 780 2240
1390 1458 2241
590 613 2242
68 539 2243
1057 1081 2244
927 1859 2245
610 682 2246
778 1230 2247
1195 1738 2248
1478 1484 2249
58 59 2250
293 1645 2251
91 1029 2252
489 503 2253
369 767 2254
58 184 2255
203 686 2256
503 1449 2257
145 150 2258
91 403 2259
822 824 2260
202 203 2261
419 1142 2262
736 834 2263
1112 1202 2264
185 1635 2265
107 170 2266
138 295 2267
1352 1390 2268
364 377 2269
592 601 2270
230 251 2271
1086 1112 2272
379 682 2273
145 972 2274
896 1286 2275
65 147 2276
383 719 2277
0 69 2278
1571 1599 2279
1267 1533 2280
666 686 2281
754 837 2282
129 145 2283
138 223 2284
419 1324 2285
411 432 2286
524 573 2287
209 1375 2288
332 1407 2289
1636 1671 2290
129 1439 2291
430 441 2292
824 825 2293
67 212 2294
15 250 2295
1253 1281 2296
190 1571 2297
1066 1222 2298
608 1588 2299
56 60 2300
110 153 2301
323 329 2302
506 533 2303
185 524 2304
1009 1057 2305
132 1098 2306
983 1002 2307
269 392 2308
432 438 2309
610 1056 2310
1036 1850 2311
132 1438 2312
467 486 2313
576 687 2314
1002 1009 2315
461 462 2316
1591 1771 2317
41 161 2318
153 319 2319
354 364 2320
741 775 2321
15 1828 2322
137 1195 2323
460 726 2324
91 149 2325
426 596 2326
610 1099 2327
419 479 2328
420 484 2329
319 323 2330
1296 1493 2331
200 1661 2332
65 1425 2333
1504 1778 2334
85 604 2335
109 445 2336
190 901 2337
313 590 2338
278 1457 2339
268 273 2340
80 81 2341
15 128 2342
630 867 2343
1823 1824 2344
242 249 2345
138 1387 2346
524 582 2347
91 1016 2348
618 761 2349
927 1855 2350
1559 1567 2351
205 206 2352
486 506 2353
80 685 2354
1605 1762 2355
67 129 2356
1131 1193 2357
633 1562 2358
110 413 2359
383 1276 2360
43 255 2361
505 896 2362
213 214 2363
191 614 2364
117 132 2365
305 758 2366
364 628 2367
58 1165 2368
185 1299 2369
26 138 2370
1098 1348 2371
15 151 2372
1504 1520 2373
64 107 2374
162 360 2375
772 905 2376
91 1704 2377
15 243 2378
76 363 2379
144 1605 2380
35 466 2381
163 601 2382
310 313 2383
357 505 2384
1406 1443 2385
81 1278 2386
707 708 2387
1112 1236 2388
60 147 2389
342 438 2390
1503 1591 2391
109 144 2392
138 863 2393
1141 1166 2394
7 446 2395
786 816 2396
290 586 2397
9 1871 2398
15 65 2399
1195 1254 2400
305 670 2401
225 298 2402
1307 1573 2403
200 221 2404
61 76 2405
137 139 2406
475 502 2407
484 1142 2408
139 260 2409
768 944 2410
459 465 2411
135 1406 2412
1017 1029 2413
635 712 2414
633 714 2415
81 433 2416
51 466 2417
132 1635 2418
1503 1819 2419
275 1861 2420
41 42 2421
141 189 2422
109 1375 2423
502 532 2424
132 1158 2425
88 121 2426
394 395 2427
163 1627 2428
127 1470 2429
1520 1587 2430
1749 1750 2431
109 258 2432
484 1829 2433
1036 1706 2434
212 536 2435
124 222 2436
717 768 2437
149 463 2438
1475 1605 2439
129 433 2440
15 1425 2441
778 1476 2442
1376 1666 2443
9 1498 2444
161 167 2445
505 885 2446
394 1348 2447
921 983 2448
27 167 2449
129 373 2450
141 1029 2451
1036 1281 2452
1587 1778 2453
1050 1051 2454
137 266 2455
533 558 2456
574 1036 2457
368 426 2458
109 581 2459
87 128 2460
109 174 2461
163 251 2462
257 263 2463
254 342 2464
81 1701 2465
168 581 2466
147 712 2467
630 806 2468
81 123 2469
1376 1382 2470
139 1422 2471
275 670 2472
630 682 2473
206 979 2474
921 1009 2475
15 337 2476
470 1223 2477
26 142 2478
885 893 2479
7 136 2480
1320 1572 2481
206 246 2482
76 1324 2483
190 1856 2484
909 1046 2485
1868 1870 2486
24 43 2487
223 682 2488
1116 1158 2489
190 1424 2490
132 314 2491
151 484 2492
223 806 2493
197 201 2494
278 1302 2495
633 634 2496
362 430 2497
1443 1461 2498
76 140 2499
633 1775 2500
659 831 2501
377 390 2502
909 918 2503
3 432 2504
799 1386 2505
61 189 2506
438 475 2507
223 224 2508
775 836 2509
123 129 2510
290 1743 2511
153 174 2512
313 1750 2513
189 803 2514
85 707 2515
76 1704 2516
127 151 2517
390 628 2518
140 189 2519
81 282 2520
9 471 2521
310 329 2522
139 839 2523
614 1276 2524
1059 1661 2525
43 142 2526
110 581 2527
595 1050 2528
581 1231 2529
147 151 2530
43 81 2531
88 768 2532
678 799 2533
87 107 2534
81 492 2535
26 167 2536
1195 1424 2537
470 1349 2538
189 796 2539
109 1231 2540
806 1351 2541
43 144 2542
26 471 2543
1051 1627 2544
378 574 2545
611 633 2546
63 87 2547
70 831 2548
312 1299 2549
9 43 2550
139 152 2551
41 1457 2552
43 806 2553
7 246 2554
61 479 2555
633 1051 2556
167 1457 2557
558 598 2558
27 33 2559
45 595 2560
147 596 2561
162 1691 2562
378 1706 2563
139 1824 2564
124 1299 2565
136 196 2566
463 1546 2567
43 1059 2568
201 207 2569
37 1250 2570
110 836 2571
214 362 2572
110 1461 2573
290 598 2574
7 687 2575
185 394 2576
621 1585 2577
132 174 2578
247 1743 2579
214 217 2580
34 37 2581
15 87 2582
342 756 2583
586 756 2584
139 272 2585
185 310 2586
621 706 2587
66 67 2588
621 1588 2589
88 1425 2590
136 1691 2591
144 1865 2592
87 284 2593
227 247 2594
147 692 2595
135 144 2596
87 114 2597
139 1349 2598
33 1250 2599
3 475 2600
18 595 2601
147 1425 2602
144 244 2603
290 354 2604
185 222 2605
144 1231 2606
33 34 2607
684 1231 2608
42 142 2609
135 1231 2610
142 223 2611
196 207 2612
290 1097 2613
144 186 2614
109 110 2615
45 757 2616
196 215 2617
110 312 2618
174 222 2619
110 1012 2620
143 244 2621
110 1231 2622
1423 1870 2623
217 247 2624
110 135 2625
247 254 2626
43 70 2627
132 153 2628
109 168 2629
37 43 2630
144 1423 2631
9 87 2632
43 114 2633
147 196 2634
196 435 2635
247 756 2636
196 1587 2637
110 144 2638
43 1498 2639
199 1691 2640
1691 1873 2641
43 262 2642
43 1871 2643
153 185 2644
43 471 2645
1231 1423 2646
144 1705 2647
196 197 2648
144 1497 2649
43 1705 2650
43 1497 2651
247 362 2652
196 1873 2653
33 43 2654
110 168 2655
1423 1497 2656
132 185 2657
1423 1705 2658
