553 591 1
513 514 2
1027 1049 3
1170 1171 4
514 553 5
577 578 6
1737 1741 7
1049 1072 8
1388 1389 9
1001 1027 10
1171 1187 11
578 609 12
1741 1742 13
654 673 14
998 1001 15
509 555 16
1615 1619 17
1185 1216 18
457 458 19
1052 1106 20
673 1238 21
615 650 22
673 711 23
990 991 24
1735 1737 25
602 615 26
650 654 27
555 1030 28
1047 1062 29
591 658 30
457 1639 31
476 477 32
1613 1615 33
1037 1043 34
1045 1047 35
1072 1076 36
424 437 37
1043 1045 38
1372 1395 39
991 996 40
739 1106 41
711 739 42
989 990 43
1395 1413 44
968 1042 45
458 1639 46
746 751 47
1093 1117 48
1216 1238 49
1742 1744 50
555 600 51
422 424 52
1082 1093 53
508 509 54
1014 1037 55
826 828 56
1371 1372 57
1143 1185 58
233 242 59
856 908 60
1814 1816 61
609 649 62
965 978 63
232 233 64
1076 1090 65
600 1030 66
704 728 67
924 968 68
408 422 69
649 703 70
1042 1108 71
1696 1699 72
1389 1454 73
1066 1676 74
1811 1814 75
802 875 76
1117 1148 77
249 838 78
1176 1304 79
1102 1161 80
1249 1290 81
1619 1624 82
1074 1082 83
907 1163 84
1187 1204 85
477 579 86
792 827 87
1062 1071 88
249 265 89
588 602 90
765 766 91
907 980 92
1699 1700 93
709 727 94
821 826 95
849 856 96
1071 1075 97
1204 1249 98
1413 1440 99
827 889 100
1069 1074 101
1134 1137 102
938 1014 103
997 998 104
908 923 105
996 997 106
655 679 107
658 760 108
1732 1735 109
232 242 110
1108 1325 111
1612 1613 112
963 965 113
1075 1109 114
1862 1863 115
391 408 116
1090 1100 117
82 720 118
626 627 119
823 829 120
1079 1168 121
1157 1169 122
36 38 123
739 792 124
766 802 125
829 850 126
1048 1052 127
727 861 128
1694 1696 129
82 83 130
1431 1436 131
415 1063 132
679 701 133
922 1159 134
265 838 135
179 180 136
1440 1467 137
1271 1273 138
889 949 139
242 249 140
948 957 141
988 989 142
473 493 143
44 46 144
978 1061 145
1169 1179 146
1787 1788 147
626 715 148
845 924 149
437 468 150
875 882 151
1137 1593 152
415 416 153
882 919 154
1173 1177 155
1148 1157 156
1121 1624 157
238 239 158
655 701 159
38 40 160
579 631 161
728 761 162
761 793 163
1277 1322 164
239 248 165
794 795 166
1053 1102 167
1273 1275 168
188 194 169
776 777 170
864 865 171
857 881 172
1196 1251 173
1863 1864 174
40 44 175
1019 1088 176
1290 1328 177
1161 1184 178
1205 1211 179
1325 1398 180
179 869 181
1578 1579 182
639 647 183
854 857 184
1178 1188 185
1428 1431 186
1810 1811 187
828 849 188
449 1013 189
1088 1205 190
956 963 191
238 848 192
1421 1428 193
974 1023 194
1119 1125 195
1172 1173 196
850 854 197
1211 1215 198
703 724 199
787 823 200
1589 1593 201
1160 1178 202
984 987 203
1109 1122 204
1788 1789 205
1100 1110 206
1309 1318 207
1134 1135 208
349 359 209
760 926 210
1125 1144 211
1061 1069 212
1156 1172 213
1186 1196 214
742 776 215
819 860 216
448 449 217
737 784 218
617 715 219
1179 1186 220
1797 1798 221
25 36 222
1144 1149 223
1266 1271 224
1328 1426 225
676 709 226
745 746 227
1391 1394 228
906 980 229
1174 1175 230
810 915 231
374 391 232
774 852 233
947 948 234
1184 1259 235
82 762 236
82 119 237
1436 1448 238
1579 1584 239
779 788 240
881 895 241
1417 1421 242
1380 1392 243
181 328 244
942 956 245
662 663 246
746 774 247
1607 1616 248
895 938 249
180 181 250
617 1176 251
1217 1234 252
1650 1653 253
1385 1391 254
1065 1066 255
759 819 256
934 942 257
194 216 258
1793 1794 259
398 1147 260
1175 1232 261
1638 1650 262
46 47 263
537 548 264
852 877 265
751 774 266
416 1063 267
1067 1068 268
1020 1251 269
1107 1722 270
932 933 271
428 429 272
415 869 273
1510 1512 274
600 617 275
713 721 276
1168 1279 277
1392 1408 278
981 993 279
160 169 280
1260 1266 281
1774 1776 282
50 695 283
1081 1101 284
1023 1055 285
750 779 286
631 683 287
1677 1678 288
915 949 289
1122 1126 290
1720 1721 291
694 705 292
1293 1294 293
315 316 294
1101 1116 295
1181 1182 296
1104 1147 297
647 653 298
957 960 299
1719 1720 300
777 800 301
510 537 302
1523 1525 303
462 1821 304
1105 1225 305
618 704 306
1197 1206 307
1693 1694 308
939 959 309
1408 1411 310
745 751 311
941 947 312
1261 1262 313
1583 1589 314
1584 1590 315
903 916 316
71 72 317
55 469 318
784 787 319
888 913 320
919 931 321
1234 1265 322
1177 1181 323
1804 1815 324
49 50 325
945 974 326
923 939 327
1684 1687 328
797 798 329
1794 1797 330
328 349 331
1007 1310 332
1602 1612 333
1366 1368 334
788 809 335
638 981 336
914 920 337
431 436 338
1506 1507 339
1577 1582 340
72 73 341
638 639 342
725 742 343
961 962 344
913 934 345
1509 1510 346
1252 1261 347
1403 1416 348
468 494 349
675 730 350
892 894 351
959 1005 352
1791 1793 353
1502 1521 354
355 401 355
653 716 356
721 741 357
341 945 358
798 844 359
793 887 360
1575 1577 361
636 637 362
1792 1804 363
1004 1048 364
1790 1791 365
906 907 366
962 967 367
650 1309 368
1398 1399 369
1574 1575 370
1118 1119 371
1207 1208 372
1652 1656 373
877 888 374
1512 1513 375
664 694 376
1182 1189 377
700 759 378
1084 1115 379
1068 1089 380
800 810 381
922 932 382
1194 1426 383
860 946 384
1550 1580 385
1128 1143 386
1411 1418 387
1678 1684 388
623 646 389
169 170 390
705 745 391
1151 1156 392
1206 1207 393
1459 1502 394
960 961 395
1055 1080 396
1762 1864 397
915 1019 398
1080 1096 399
1215 1218 400
634 676 401
436 472 402
1089 1092 403
1024 1025 404
1513 1523 405
421 431 406
1798 1800 407
1327 1862 408
29 75 409
1044 1105 410
993 1310 411
602 1318 412
1327 1762 413
637 710 414
902 1079 415
716 737 416
561 575 417
1225 1248 418
55 1336 419
1521 1831 420
449 1031 421
1383 1385 422
982 988 423
1304 1347 424
47 48 425
248 253 426
398 399 427
622 623 428
795 928 429
22 25 430
732 750 431
695 783 432
1275 1282 433
1582 1583 434
177 188 435
1149 1150 436
28 29 437
585 640 438
929 1053 439
1007 1044 440
1327 1475 441
1394 1397 442
1000 1732 443
619 1616 444
931 941 445
1292 1311 446
1521 1550 447
627 678 448
820 821 449
83 119 450
1563 1578 451
646 1607 452
844 862 453
993 1007 454
1326 1327 455
181 182 456
575 585 457
50 783 458
1397 1400 459
1262 1287 460
599 767 461
473 474 462
1020 1060 463
1590 1594 464
926 958 465
1247 1252 466
895 1638 467
224 231 468
1103 1104 469
730 801 470
1239 1602 471
333 1843 472
619 620 473
865 954 474
1209 1217 475
809 818 476
1311 1334 477
534 599 478
1384 1403 479
216 229 480
1789 1790 481
915 1004 482
1547 1555 483
1653 1654 484
1126 1239 485
333 340 486
1507 1509 487
891 892 488
1287 1292 489
699 732 490
1501 1506 491
317 318 492
744 748 493
102 106 494
1418 1419 495
720 762 496
386 418 497
620 622 498
1152 1160 499
1153 1354 500
1208 1209 501
1674 1677 502
898 899 503
106 112 504
409 421 505
1518 1857 506
887 912 507
1552 1563 508
1353 1358 509
661 675 510
1723 1725 511
967 986 512
494 554 513
920 922 514
1354 1380 515
1718 1719 516
879 914 517
1310 1341 518
862 929 519
638 1359 520
1467 1487 521
1189 1197 522
1687 1695 523
859 903 524
933 936 525
1525 1526 526
657 713 527
462 1808 528
556 557 529
1334 1335 530
1345 1353 531
1656 1669 532
925 955 533
1294 1317 534
580 593 535
718 725 536
1416 1433 537
1831 1836 538
1786 1787 539
55 71 540
1516 1530 541
1849 1854 542
534 1801 543
1827 1835 544
900 1846 545
1272 1285 546
52 62 547
663 677 548
656 700 549
1569 1574 550
683 729 551
818 859 552
318 1843 553
724 833 554
1191 1663 555
488 534 556
900 943 557
1580 1604 558
156 160 559
790 835 560
1412 1417 561
1654 1657 562
358 374 563
1073 1085 564
1248 1310 565
265 271 566
912 921 567
1000 1724 568
841 848 569
835 900 570
82 548 571
340 1839 572
1259 1300 573
458 536 574
872 894 575
569 655 576
1153 1201 577
1065 1442 578
1341 1359 579
1358 1360 580
1188 1199 581
651 664 582
493 510 583
701 720 584
887 921 585
1025 1028 586
1115 1128 587
1327 1857 588
618 761 589
1363 1368 590
1649 1651 591
1772 1774 592
1145 1151 593
652 718 594
1530 1543 595
549 588 596
1404 1427 597
117 618 598
986 1721 599
1475 1864 600
588 1361 601
1646 1648 602
530 545 603
1008 1097 604
474 493 605
1725 1727 606
1415 1822 607
469 1336 608
1360 1384 609
1022 1024 610
980 1163 611
1265 1267 612
518 523 613
462 583 614
499 500 615
723 731 616
640 661 617
1453 1466 618
1270 1663 619
1776 1777 620
1035 1078 621
1541 1547 622
182 359 623
815 820 624
326 333 625
154 155 626
173 177 627
1382 1393 628
1648 1652 629
208 1127 630
1393 1401 631
1466 1472 632
1191 1192 633
568 569 634
1220 1277 635
1198 1255 636
1379 1383 637
318 326 638
969 984 639
1135 1145 640
1070 1073 641
1060 1084 642
866 950 643
916 935 644
1000 1003 645
219 416 646
808 910 647
1085 1121 648
1350 1601 649
1245 1260 650
840 841 651
1543 1561 652
1623 1628 653
1647 1649 654
400 410 655
1070 1293 656
1232 1842 657
1447 1464 658
1097 1847 659
356 982 660
984 1107 661
1201 1242 662
976 1008 663
603 651 664
416 1203 665
946 976 666
1427 1430 667
871 872 668
340 353 669
1400 1404 670
1805 1807 671
940 951 672
1284 1306 673
1601 1625 674
1632 1640 675
399 443 676
566 580 677
907 1221 678
1800 1803 679
748 749 680
611 1808 681
348 358 682
1448 1452 683
1006 1022 684
1736 1739 685
764 1854 686
83 96 687
714 769 688
534 1767 689
1495 1501 690
95 102 691
630 1065 692
440 1830 693
1594 1596 694
1657 1659 695
1419 1444 696
771 845 697
1133 1153 698
1317 1344 699
1622 1623 700
1651 1655 701
1399 1451 702
764 866 703
1655 1658 704
1232 1373 705
1499 1516 706
1113 1810 707
1268 1272 708
1335 1342 709
1347 1822 710
1243 1256 711
1355 1357 712
1409 1412 713
648 652 714
73 77 715
1256 1268 716
607 1350 717
1340 1766 718
1643 1647 719
1555 1556 720
1366 1689 721
1521 1815 722
1319 1332 723
338 490 724
587 645 725
1430 1434 726
522 523 727
1347 1405 728
1078 1826 729
731 764 730
1031 1136 731
1333 1410 732
1405 1415 733
1717 1723 734
336 348 735
1343 1355 736
1095 1124 737
493 548 738
563 605 739
995 1000 740
388 400 741
261 710 742
1401 1409 743
1838 1839 744
473 1095 745
1492 1495 746
1664 1665 747
307 345 748
518 519 749
1532 1536 750
172 173 751
702 723 752
1282 1289 753
693 702 754
439 488 755
1536 1538 756
521 522 757
307 361 758
1464 1477 759
583 611 760
544 618 761
32 632 762
498 1835 763
749 752 764
1003 1006 765
1369 1379 766
1765 1767 767
345 361 768
1446 1499 769
1662 1664 770
1194 1350 771
726 738 772
1803 1805 773
1092 1113 774
1338 1340 775
1483 1496 776
1496 1511 777
1756 1757 778
593 594 779
1032 1164 780
568 1455 781
449 539 782
943 1011 783
1734 1736 784
425 440 785
1472 1482 786
443 516 787
1107 1114 788
884 1414 789
594 603 790
1476 1479 791
1114 1118 792
625 656 793
1801 1817 794
545 550 795
1342 1356 796
1715 1716 797
1640 1643 798
294 320 799
1081 1116 800
1344 1345 801
21 22 802
995 1724 803
256 261 804
547 566 805
355 372 806
498 530 807
231 1668 808
361 370 809
1255 1330 810
879 880 811
8 14 812
872 879 813
976 1847 814
1113 1807 815
1695 1698 816
999 1020 817
1415 1429 818
1631 1632 819
1658 1662 820
231 234 821
1218 1241 822
1332 1338 823
811 815 824
1685 1688 825
1366 1367 826
741 775 827
1164 1280 828
519 521 829
1494 1505 830
464 478 831
311 343 832
1078 1094 833
1365 1453 834
1381 1420 835
954 1040 836
1210 1213 837
1070 1242 838
1458 1522 839
1665 1666 840
1499 1802 841
1239 1305 842
279 289 843
1121 1133 844
638 1698 845
564 565 846
910 985 847
1267 1283 848
1219 1284 849
1279 1302 850
1230 1235 851
1673 1674 852
1376 1382 853
383 554 854
938 1597 855
253 256 856
937 940 857
1511 1539 858
1755 1756 859
182 187 860
863 1010 861
1190 1270 862
1120 1832 863
677 698 864
1340 1376 865
96 105 866
451 738 867
951 952 868
1763 1775 869
816 871 870
1455 1483 871
363 1096 872
219 232 873
271 279 874
1727 1740 875
1522 1534 876
1628 1631 877
1692 1693 878
523 547 879
455 456 880
646 669 881
734 902 882
356 1367 883
1140 1152 884
1241 1244 885
708 808 886
155 157 887
472 495 888
1604 1611 889
308 344 890
899 980 891
1306 1851 892
1246 1247 893
1490 1492 894
1524 1622 895
356 1689 896
936 937 897
1235 1243 898
1713 1714 899
372 401 900
1714 1715 901
1136 1198 902
312 657 903
1770 1772 904
642 648 905
1110 1111 906
1167 1254 907
104 111 908
550 567 909
1538 1540 910
1482 1491 911
1766 1768 912
1192 1202 913
1479 1490 914
204 211 915
1219 1851 916
1199 1210 917
1124 1155 918
910 1858 919
928 975 920
52 1194 921
1733 1734 922
341 363 923
1433 1450 924
1451 1508 925
1316 1319 926
1011 1846 927
671 688 928
1213 1214 929
1240 1245 930
550 1827 931
353 371 932
1091 1285 933
531 587 934
668 672 935
291 324 936
1515 1524 937
851 1739 938
507 541 939
769 803 940
1819 1825 941
401 563 942
1728 1729 943
536 552 944
936 1180 945
1535 1541 946
1010 1054 947
1064 1849 948
396 409 949
1410 1432 950
440 466 951
515 614 952
1531 1532 953
1091 1526 954
1267 1527 955
817 868 956
1041 1070 957
386 546 958
1771 1792 959
722 740 960
697 699 961
1066 1222 962
1596 1597 963
986 992 964
688 693 965
1289 1777 966
117 833 967
219 1203 968
1195 1254 969
1518 1519 970
370 1817 971
324 346 972
1365 1369 973
1435 1446 974
1505 1515 975
1267 1533 976
356 770 977
897 925 978
1039 1718 979
1094 1131 980
1361 1381 981
370 439 982
1357 1365 983
1010 1387 984
1450 1462 985
473 1011 986
1434 1437 987
1167 1738 988
1120 1212 989
1054 1129 990
395 483 991
516 560 992
1799 1806 993
1131 1826 994
491 562 995
1540 1542 996
1458 1825 997
568 1370 998
1376 1666 999
451 464 1000
535 572 1001
1533 1535 1002
473 1269 1003
778 781 1004
335 336 1005
1163 1221 1006
419 861 1007
1754 1755 1008
330 341 1009
380 552 1010
1333 1837 1011
450 451 1012
1200 1717 1013
1313 1316 1014
1283 1288 1015
1005 1015 1016
490 1087 1017
482 535 1018
816 853 1019
1033 1120 1020
1551 1552 1021
803 1763 1022
770 918 1023
743 744 1024
969 1091 1025
1753 1754 1026
21 104 1027
338 355 1028
1402 1414 1029
86 1858 1030
1200 1716 1031
381 396 1032
1195 1738 1033
346 1869 1034
60 446 1035
1617 1630 1036
27 907 1037
1270 1377 1038
1514 1527 1039
801 884 1040
401 1087 1041
1726 1728 1042
1751 1752 1043
1300 1374 1044
958 1032 1045
1305 1378 1046
1508 1537 1047
1489 1551 1048
549 1708 1049
1344 1378 1050
1390 1836 1051
624 625 1052
606 659 1053
1419 1553 1054
1785 1786 1055
669 689 1056
515 1212 1057
525 1812 1058
35 55 1059
356 771 1060
86 985 1061
1365 1445 1062
423 425 1063
187 226 1064
388 418 1065
562 589 1066
1484 1494 1067
356 1537 1068
385 386 1069
992 994 1070
1528 1531 1071
1729 1730 1072
1561 1585 1073
54 64 1074
554 970 1075
937 1118 1076
1224 1333 1077
107 170 1078
1688 1697 1079
312 1299 1080
1361 1708 1081
778 782 1082
52 53 1083
698 722 1084
681 790 1085
678 799 1086
155 389 1087
62 74 1088
302 344 1089
1244 1263 1090
156 839 1091
899 1221 1092
1475 1605 1093
301 311 1094
1373 1390 1095
152 156 1096
74 108 1097
423 1830 1098
1444 1489 1099
31 32 1100
316 325 1101
1123 1140 1102
515 1832 1103
812 816 1104
86 1844 1105
302 369 1106
503 507 1107
722 1840 1108
1390 1459 1109
1760 1861 1110
805 812 1111
587 616 1112
187 198 1113
302 307 1114
541 549 1115
21 97 1116
410 418 1117
1306 1352 1118
27 1193 1119
287 292 1120
868 883 1121
164 172 1122
1630 1644 1123
293 294 1124
291 1869 1125
386 388 1126
446 538 1127
503 1420 1128
1524 1528 1129
778 969 1130
1752 1753 1131
752 1180 1132
198 204 1133
778 1230 1134
1611 1641 1135
785 1726 1136
1605 1762 1137
503 1449 1138
27 1599 1139
31 456 1140
302 930 1141
517 561 1142
356 1346 1143
302 308 1144
1429 1435 1145
31 229 1146
81 1222 1147
343 347 1148
1214 1226 1149
52 953 1150
450 465 1151
786 816 1152
531 890 1153
1312 1314 1154
1746 1747 1155
1390 1842 1156
303 367 1157
630 1442 1158
327 335 1159
1113 1123 1160
401 460 1161
62 280 1162
74 280 1163
192 351 1164
401 417 1165
1567 1576 1166
584 606 1167
696 719 1168
1057 1081 1169
369 1765 1170
1435 1802 1171
213 429 1172
1111 1133 1173
1503 1534 1174
1620 1621 1175
1683 1685 1176
320 332 1177
950 1064 1178
117 544 1179
1314 1329 1180
367 1761 1181
1034 1035 1182
1528 1745 1183
1449 1465 1184
531 783 1185
886 891 1186
1477 1517 1187
1757 1758 1188
490 667 1189
50 51 1190
616 645 1191
86 1712 1192
405 423 1193
470 970 1194
418 546 1195
5 338 1196
14 955 1197
1592 1595 1198
1592 1746 1199
385 412 1200
417 460 1201
185 1299 1202
338 401 1203
223 1454 1204
501 1844 1205
1026 1041 1206
27 42 1207
356 1692 1208
31 632 1209
1559 1751 1210
157 164 1211
382 690 1212
14 1618 1213
164 389 1214
27 678 1215
785 786 1216
633 714 1217
258 734 1218
131 1625 1219
1796 1799 1220
1503 1819 1221
587 890 1222
8 148 1223
994 995 1224
1571 1599 1225
103 105 1226
597 614 1227
1195 1424 1228
812 813 1229
27 1221 1230
211 219 1231
302 367 1232
528 659 1233
1572 1606 1234
1280 1303 1235
86 843 1236
786 805 1237
778 880 1238
133 146 1239
1437 1445 1240
198 211 1241
8 1618 1242
6 16 1243
356 896 1244
1710 1713 1245
1660 1673 1246
1636 1671 1247
274 832 1248
16 21 1249
383 470 1250
1659 1660 1251
86 463 1252
356 357 1253
689 697 1254
775 836 1255
1559 1567 1256
124 524 1257
1390 1458 1258
778 1476 1259
659 831 1260
411 432 1261
185 524 1262
528 584 1263
86 1853 1264
124 512 1265
1669 1675 1266
302 487 1267
367 459 1268
14 148 1269
5 401 1270
782 785 1271
367 1517 1272
272 281 1273
633 1775 1274
402 412 1275
185 1671 1276
1641 1771 1277
611 633 1278
212 536 1279
27 899 1280
332 1407 1281
1289 1291 1282
1362 1363 1283
208 209 1284
369 767 1285
367 481 1286
1356 1364 1287
921 983 1288
375 376 1289
1591 1611 1290
460 490 1291
1845 1848 1292
901 1016 1293
1301 1586 1294
743 952 1295
773 778 1296
367 387 1297
332 1795 1298
185 314 1299
338 667 1300
117 132 1301
302 460 1302
1111 1233 1303
515 597 1304
382 383 1305
629 671 1306
383 970 1307
192 193 1308
367 402 1309
419 1142 1310
192 300 1311
621 799 1312
303 356 1313
494 665 1314
379 772 1315
1462 1469 1316
313 590 1317
86 543 1318
355 460 1319
11 411 1320
77 78 1321
32 57 1322
1337 1343 1323
185 582 1324
1585 1690 1325
423 1834 1326
876 1860 1327
1558 1559 1328
94 97 1329
383 494 1330
807 811 1331
1591 1771 1332
27 444 1333
308 387 1334
81 1701 1335
325 327 1336
1406 1443 1337
281 283 1338
1131 1193 1339
84 117 1340
85 524 1341
740 780 1342
735 876 1343
274 911 1344
200 589 1345
633 634 1346
126 225 1347
489 503 1348
484 1142 1349
977 1529 1350
799 1386 1351
27 70 1352
286 953 1353
235 304 1354
1112 1202 1355
1443 1461 1356
885 1447 1357
1595 1598 1358
1592 1745 1359
367 460 1360
302 481 1361
567 682 1362
109 258 1363
62 266 1364
1548 1554 1365
412 674 1366
367 529 1367
60 538 1368
419 1829 1369
223 224 1370
1542 1548 1371
1233 1246 1372
367 487 1373
1469 1474 1374
84 85 1375
470 554 1376
166 1644 1377
1485 1486 1378
302 540 1379
590 613 1380
85 447 1381
527 528 1382
195 198 1383
453 469 1384
1352 1390 1385
356 909 1386
1686 1690 1387
26 1668 1388
1559 1748 1389
200 350 1390
51 466 1391
385 645 1392
460 726 1393
355 465 1394
68 146 1395
225 240 1396
1028 1039 1397
419 420 1398
463 543 1399
276 288 1400
1603 1608 1401
293 791 1402
460 605 1403
1016 1856 1404
427 531 1405
419 1324 1406
275 500 1407
331 1033 1408
1362 1364 1409
137 1167 1410
185 222 1411
286 287 1412
109 613 1413
115 133 1414
753 773 1415
331 339 1416
35 466 1417
85 573 1418
878 886 1419
587 1813 1420
302 883 1421
187 195 1422
495 504 1423
607 608 1424
367 873 1425
587 1809 1426
1183 1190 1427
1576 1581 1428
1642 1646 1429
610 1351 1430
126 240 1431
274 520 1432
565 692 1433
64 107 1434
116 146 1435
707 708 1436
1813 1818 1437
124 573 1438
11 283 1439
461 462 1440
185 1635 1441
459 465 1442
1339 1346 1443
26 41 1444
874 878 1445
825 851 1446
99 146 1447
1641 1670 1448
512 582 1449
481 487 1450
419 479 1451
339 614 1452
1503 1591 1453
1758 1759 1454
921 1009 1455
1112 1146 1456
200 1697 1457
419 1504 1458
1621 1629 1459
11 470 1460
85 707 1461
10 977 1462
70 899 1463
27 190 1464
964 999 1465
614 1276 1466
680 1269 1467
1167 1634 1468
13 1760 1469
1237 1240 1470
205 1330 1471
394 395 1472
13 20 1473
935 964 1474
5 1224 1475
319 323 1476
813 814 1477
1633 1667 1478
1711 1712 1479
1517 1761 1480
68 175 1481
383 719 1482
412 418 1483
190 1571 1484
112 113 1485
53 62 1486
780 1840 1487
302 526 1488
31 68 1489
200 378 1490
1768 1769 1491
5 6 1492
743 781 1493
11 1764 1494
1321 1370 1495
1320 1487 1496
275 276 1497
86 149 1498
200 491 1499
560 581 1500
1581 1592 1501
86 87 1502
86 190 1503
1747 1748 1504
1784 1785 1505
92 95 1506
26 234 1507
1539 1560 1508
825 830 1509
11 12 1510
115 146 1511
484 1829 1512
17 20 1513
85 512 1514
166 171 1515
706 876 1516
525 1806 1517
132 185 1518
303 412 1519
1155 1165 1520
190 901 1521
487 817 1522
1329 1337 1523
70 831 1524
896 1339 1525
460 478 1526
1598 1759 1527
10 27 1528
1441 1503 1529
138 863 1530
418 1228 1531
146 175 1532
24 86 1533
0 1519 1534
81 1278 1535
9 86 1536
645 674 1537
1556 1557 1538
126 680 1539
1481 1485 1540
1116 1158 1541
475 502 1542
483 512 1543
27 86 1544
0 369 1545
185 1473 1546
417 605 1547
624 1298 1548
20 24 1549
1098 1348 1550
192 373 1551
1554 1558 1552
24 27 1553
85 134 1554
27 352 1555
10 438 1556
81 610 1557
384 1200 1558
339 515 1559
690 696 1560
680 681 1561
292 331 1562
109 445 1563
11 131 1564
13 24 1565
972 1611 1566
26 138 1567
0 35 1568
41 161 1569
153 185 1570
10 146 1571
14 56 1572
27 167 1573
589 630 1574
338 747 1575
137 1195 1576
27 621 1577
847 853 1578
1009 1057 1579
68 130 1580
200 1219 1581
60 175 1582
171 176 1583
338 465 1584
174 185 1585
418 453 1586
305 670 1587
799 973 1588
752 753 1589
68 116 1590
27 114 1591
85 394 1592
11 665 1593
851 855 1594
269 1036 1595
124 1299 1596
587 917 1597
129 352 1598
110 312 1599
11 1323 1600
20 23 1601
10 99 1602
86 243 1603
68 539 1604
138 1387 1605
109 1749 1606
1703 1740 1607
2 86 1608
109 174 1609
99 115 1610
9 10 1611
85 124 1612
323 329 1613
302 303 1614
237 252 1615
379 380 1616
313 1750 1617
13 86 1618
261 285 1619
11 1422 1620
1491 1493 1621
1606 1633 1622
153 1636 1623
524 573 1624
26 1386 1625
60 635 1626
1820 1833 1627
80 837 1628
5 1301 1629
1681 1683 1630
303 529 1631
1474 1480 1632
56 60 1633
14 332 1634
608 1588 1635
116 130 1636
344 387 1637
501 543 1638
290 1097 1639
0 51 1640
10 123 1641
383 1276 1642
57 632 1643
1614 1620 1644
85 511 1645
463 501 1646
303 338 1647
1222 1701 1648
1769 1770 1649
26 223 1650
406 407 1651
269 610 1652
983 1002 1653
10 1058 1654
146 178 1655
293 858 1656
1783 1784 1657
81 273 1658
434 482 1659
781 782 1660
13 17 1661
5 747 1662
3 10 1663
80 81 1664
512 573 1665
200 1040 1666
1257 1258 1667
190 1711 1668
27 262 1669
26 27 1670
200 972 1671
1773 1796 1672
467 486 1673
1675 1681 1674
161 167 1675
200 221 1676
659 1702 1677
109 313 1678
85 132 1679
1568 1569 1680
175 452 1681
14 175 1682
303 460 1683
1296 1514 1684
10 14 1685
176 183 1686
5 200 1687
108 118 1688
0 302 1689
322 644 1690
564 692 1691
81 282 1692
524 582 1693
1374 1396 1694
483 582 1695
351 373 1696
15 86 1697
357 505 1698
190 1250 1699
1222 1278 1700
126 1570 1701
240 1570 1702
0 1 1703
86 90 1704
10 68 1705
85 1473 1706
621 1588 1707
612 643 1708
126 551 1709
645 1809 1710
10 1132 1711
706 1634 1712
384 1838 1713
267 668 1714
191 614 1715
289 296 1716
10 475 1717
369 930 1718
379 682 1719
9 24 1720
126 629 1721
621 706 1722
432 438 1723
13 27 1724
2 54 1725
1112 1236 1726
10 532 1727
909 918 1728
972 1503 1729
10 11 1730
150 1771 1731
780 1162 1732
1608 1609 1733
420 484 1734
27 1498 1735
1809 1818 1736
85 116 1737
26 142 1738
442 489 1739
137 706 1740
109 1220 1741
11 438 1742
124 582 1743
543 1130 1744
52 266 1745
303 1517 1746
269 630 1747
1064 1132 1748
394 1348 1749
10 277 1750
137 1634 1751
608 735 1752
1560 1600 1753
51 69 1754
379 498 1755
1320 1572 1756
9 87 1757
109 110 1758
166 183 1759
185 394 1760
393 517 1761
85 90 1762
26 167 1763
729 768 1764
0 303 1765
438 780 1766
1544 1603 1767
80 685 1768
527 1702 1769
11 118 1770
116 175 1771
5 111 1772
81 123 1773
78 79 1774
378 392 1775
190 1856 1776
11 191 1777
0 453 1778
85 110 1779
1154 1183 1780
85 454 1781
13 1166 1782
1308 1313 1783
219 267 1784
384 1834 1785
5 1837 1786
85 604 1787
13 452 1788
275 1861 1789
10 13 1790
136 1562 1791
384 405 1792
57 68 1793
7 85 1794
10 98 1795
150 1503 1796
1667 1680 1797
0 69 1798
10 81 1799
185 310 1800
85 1307 1801
10 26 1802
109 257 1803
576 897 1804
259 264 1805
303 873 1806
240 241 1807
7 446 1808
0 1465 1809
110 413 1810
41 1457 1811
10 147 1812
175 635 1813
85 1645 1814
110 581 1815
610 1820 1816
10 175 1817
85 755 1818
10 116 1819
126 259 1820
81 352 1821
0 367 1822
754 837 1823
0 909 1824
193 300 1825
1680 1686 1826
10 454 1827
502 532 1828
682 806 1829
0 442 1830
85 332 1831
132 1098 1832
126 241 1833
236 1529 1834
452 1845 1835
9 13 1836
65 121 1837
641 642 1838
225 1570 1839
0 896 1840
608 1860 1841
9 27 1842
470 1223 1843
10 86 1844
85 185 1845
85 125 1846
116 136 1847
27 33 1848
11 532 1849
15 87 1850
130 146 1851
2 284 1852
135 1406 1853
461 643 1854
59 103 1855
2 10 1856
884 971 1857
1 35 1858
110 153 1859
3 432 1860
1486 1488 1861
27 278 1862
132 174 1863
185 1626 1864
10 100 1865
0 5 1866
14 85 1867
470 1349 1868
453 485 1869
150 200 1870
909 1046 1871
10 692 1872
505 1377 1873
85 91 1874
1484 1598 1875
124 222 1876
70 1221 1877
858 897 1878
223 682 1879
630 682 1880
814 822 1881
1086 1112 1882
1288 1296 1883
41 42 1884
10 136 1885
830 846 1886
0 1708 1887
1480 1481 1888
23 24 1889
45 61 1890
81 129 1891
99 133 1892
167 1457 1893
1730 1731 1894
19 30 1895
460 529 1896
190 1424 1897
621 1585 1898
81 255 1899
81 492 1900
10 559 1901
2 9 1902
413 511 1903
791 858 1904
1226 1227 1905
269 1351 1906
1146 1154 1907
10 247 1908
15 76 1909
138 142 1910
269 1441 1911
10 1229 1912
10 101 1913
10 252 1914
185 278 1915
0 427 1916
76 141 1917
109 168 1918
1396 1402 1919
26 278 1920
633 1562 1921
3 11 1922
10 255 1923
554 665 1924
1038 1099 1925
116 189 1926
672 691 1927
10 189 1928
772 1841 1929
0 384 1930
269 392 1931
1141 1166 1932
109 1375 1933
126 218 1934
10 129 1935
132 274 1936
1749 1750 1937
138 352 1938
129 138 1939
9 621 1940
804 807 1941
76 1324 1942
1351 1672 1943
570 660 1944
1263 1274 1945
45 330 1946
153 174 1947
85 86 1948
621 973 1949
109 1129 1950
136 1573 1951
136 275 1952
126 127 1953
824 825 1954
497 570 1955
10 712 1956
80 109 1957
132 153 1958
10 298 1959
200 806 1960
225 241 1961
168 581 1962
9 63 1963
153 314 1964
146 189 1965
126 1470 1966
9 70 1967
305 758 1968
135 1303 1969
269 378 1970
270 414 1971
1046 1077 1972
153 975 1973
5 235 1974
855 870 1975
927 1253 1976
610 1672 1977
0 904 1978
1296 1312 1979
81 867 1980
1452 1463 1981
175 305 1982
79 89 1983
11 137 1984
174 314 1985
109 581 1986
81 138 1987
109 209 1988
116 755 1989
378 763 1990
123 129 1991
470 1323 1992
1258 1331 1993
1331 1352 1994
27 1320 1995
68 189 1996
896 1286 1997
1679 1682 1998
1039 1852 1999
76 126 2000
10 130 2001
870 874 2002
1236 1264 2003
122 128 2004
80 193 2005
15 147 2006
9 81 2007
10 151 2008
10 158 2009
10 61 2010
685 754 2011
85 971 2012
927 1139 2013
80 273 2014
80 492 2015
293 1645 2016
1670 1679 2017
85 109 2018
183 184 2019
1264 1286 2020
98 146 2021
9 114 2022
610 1099 2023
366 381 2024
557 595 2025
302 893 2026
7 14 2027
822 824 2028
2 11 2029
10 76 2030
461 542 2031
1036 1281 2032
1764 1823 2033
10 45 2034
1703 1710 2035
133 178 2036
10 666 2037
13 26 2038
85 403 2039
175 454 2040
1682 1703 2041
109 185 2042
885 893 2043
129 212 2044
76 1704 2045
136 189 2046
15 275 2047
371 384 2048
1610 1614 2049
13 81 2050
644 666 2051
138 295 2052
966 1228 2053
185 1707 2054
65 175 2055
733 772 2056
1298 1321 2057
141 189 2058
576 687 2059
1731 1733 2060
3 780 2061
1253 1281 2062
159 165 2063
310 314 2064
153 319 2065
15 189 2066
354 364 2067
110 511 2068
126 1058 2069
15 91 2070
80 209 2071
130 175 2072
407 452 2073
505 885 2074
486 506 2075
30 39 2076
132 314 2077
110 168 2078
192 212 2079
1021 1026 2080
85 1012 2081
7 687 2082
1002 1009 2083
15 175 2084
1307 1573 2085
189 803 2086
11 139 2087
27 85 2088
165 166 2089
1291 1779 2090
10 228 2091
13 306 2092
221 269 2093
7 8 2094
76 363 2095
403 1407 2096
62 118 2097
200 1661 2098
98 99 2099
132 1438 2100
1586 1661 2101
275 670 2102
153 274 2103
175 288 2104
441 467 2105
10 85 2106
390 628 2107
832 911 2108
1609 1610 2109
1077 1086 2110
1036 1850 2111
193 212 2112
15 61 2113
67 269 2114
175 1141 2115
505 896 2116
1782 1783 2117
87 284 2118
268 273 2119
85 278 2120
290 354 2121
153 310 2122
1227 1237 2123
1600 1617 2124
0 485 2125
378 927 2126
109 1231 2127
7 246 2128
175 306 2129
158 159 2130
136 758 2131
0 893 2132
61 479 2133
15 90 2134
129 373 2135
26 85 2136
198 267 2137
34 190 2138
1549 1553 2139
131 191 2140
3 342 2141
58 59 2142
54 284 2143
134 447 2144
26 1320 2145
610 1056 2146
15 136 2147
310 329 2148
304 334 2149
927 1036 2150
1780 1781 2151
126 277 2152
1478 1484 2153
10 141 2154
57 206 2155
15 65 2156
365 366 2157
87 107 2158
42 142 2159
255 352 2160
267 322 2161
113 122 2162
140 141 2163
85 1231 2164
85 806 2165
403 1795 2166
14 136 2167
18 19 2168
9 26 2169
10 15 2170
10 145 2171
236 237 2172
15 141 2173
132 520 2174
136 1626 2175
110 135 2176
138 223 2177
60 712 2178
269 1059 2179
846 847 2180
118 131 2181
161 278 2182
15 243 2183
1779 1780 2184
81 433 2185
205 576 2186
110 193 2187
1432 1460 2188
610 806 2189
116 979 2190
2 3 2191
927 1855 2192
350 378 2193
1557 1564 2194
2 15 2195
123 352 2196
174 1438 2197
1162 1223 2198
61 76 2199
205 206 2200
525 612 2201
131 137 2202
1629 1637 2203
610 682 2204
379 1056 2205
18 30 2206
377 390 2207
392 1706 2208
110 836 2209
278 1302 2210
130 136 2211
10 43 2212
109 144 2213
138 1320 2214
209 1375 2215
10 390 2216
88 121 2217
296 301 2218
139 839 2219
917 966 2220
174 310 2221
124 125 2222
15 130 2223
7 136 2224
43 86 2225
15 596 2226
15 63 2227
660 733 2228
542 1773 2229
504 571 2230
15 58 2231
85 136 2232
264 270 2233
107 114 2234
630 806 2235
174 445 2236
1823 1824 2237
1637 1642 2238
93 94 2239
9 85 2240
67 212 2241
129 255 2242
76 140 2243
1297 1308 2244
80 278 2245
110 1231 2246
136 596 2247
684 685 2248
118 266 2249
1059 1661 2250
174 222 2251
1274 1315 2252
65 1425 2253
132 1635 2254
142 223 2255
60 147 2256
1850 1855 2257
215 291 2258
30 45 2259
635 712 2260
37 1250 2261
278 1457 2262
24 85 2263
15 128 2264
85 979 2265
1296 1493 2266
9 471 2267
570 789 2268
9 142 2269
145 150 2270
136 979 2271
10 120 2272
15 88 2273
26 471 2274
1291 1295 2275
15 1425 2276
342 438 2277
136 175 2278
15 151 2279
273 282 2280
15 1029 2281
120 146 2282
3 475 2283
189 796 2284
136 842 2285
39 45 2286
145 972 2287
641 1488 2288
660 1841 2289
139 152 2290
463 1130 2291
140 189 2292
99 666 2293
230 482 2294
269 867 2295
438 475 2296
511 604 2297
88 346 2298
15 250 2299
129 433 2300
58 1165 2301
76 151 2302
13 255 2303
1504 1520 2304
57 130 2305
151 484 2306
91 1016 2307
174 258 2308
124 1231 2309
15 712 2310
45 76 2311
364 377 2312
9 1498 2313
43 81 2314
76 127 2315
15 149 2316
110 1461 2317
633 1051 2318
1036 1706 2319
893 1083 2320
129 145 2321
352 373 2322
310 313 2323
136 1707 2324
70 114 2325
125 134 2326
496 497 2327
255 1320 2328
1018 1021 2329
58 184 2330
142 295 2331
132 393 2332
378 1706 2333
1331 1852 2334
3 4 2335
206 246 2336
944 1017 2337
270 321 2338
666 686 2339
76 236 2340
2 4 2341
10 245 2342
542 796 2343
223 806 2344
927 1859 2345
61 1456 2346
132 1158 2347
520 911 2348
89 93 2349
364 628 2350
641 1315 2351
0 1083 2352
27 43 2353
65 147 2354
1781 1782 2355
91 1704 2356
574 1036 2357
630 867 2358
9 1871 2359
0 186 2360
34 37 2361
1564 1565 2362
63 621 2363
9 43 2364
88 147 2365
305 306 2366
278 707 2367
15 199 2368
43 85 2369
572 592 2370
24 43 2371
67 129 2372
218 551 2373
91 92 2374
43 70 2375
263 268 2376
438 532 2377
129 1439 2378
43 142 2379
420 717 2380
26 43 2381
110 144 2382
1605 1865 2383
641 804 2384
147 1425 2385
10 1866 2386
755 979 2387
1138 1139 2388
33 34 2389
10 66 2390
141 151 2391
0 144 2392
26 806 2393
2 63 2394
532 559 2395
275 596 2396
15 1828 2397
63 87 2398
147 175 2399
61 189 2400
581 1231 2401
806 1351 2402
1015 1018 2403
10 143 2404
141 1029 2405
43 1059 2406
285 299 2407
33 1250 2408
45 1456 2409
230 434 2410
0 1868 2411
1059 1320 2412
43 190 2413
88 215 2414
1504 1778 2415
13 43 2416
139 272 2417
90 404 2418
772 905 2419
144 1605 2420
87 128 2421
403 1546 2422
136 147 2423
768 944 2424
142 278 2425
2 191 2426
684 1231 2427
18 595 2428
43 806 2429
14 979 2430
10 1867 2431
506 533 2432
571 586 2433
127 225 2434
137 266 2435
1463 1468 2436
1017 1029 2437
0 1867 2438
691 736 2439
267 834 2440
90 149 2441
136 199 2442
147 215 2443
551 1470 2444
378 574 2445
147 596 2446
91 147 2447
520 1158 2448
15 43 2449
120 129 2450
91 149 2451
137 191 2452
15 426 2453
290 756 2454
88 768 2455
236 264 2456
905 1833 2457
139 1422 2458
254 342 2459
404 463 2460
137 139 2461
1565 1566 2462
236 309 2463
88 1425 2464
905 1038 2465
0 1866 2466
3 532 2467
1295 1297 2468
18 757 2469
299 368 2470
15 196 2471
430 441 2472
37 43 2473
257 263 2474
240 298 2475
392 574 2476
0 244 2477
290 586 2478
255 373 2479
426 596 2480
542 596 2481
660 789 2482
147 692 2483
88 220 2484
100 101 2485
101 414 2486
149 463 2487
207 215 2488
45 595 2489
147 712 2490
110 1012 2491
91 1029 2492
309 321 2493
139 1824 2494
43 262 2495
45 757 2496
43 255 2497
1018 1549 2498
210 215 2499
127 218 2500
254 290 2501
299 525 2502
135 1231 2503
247 290 2504
403 404 2505
139 1349 2506
45 189 2507
127 1470 2508
158 390 2509
533 558 2510
1471 1478 2511
1460 1500 2512
199 596 2513
60 88 2514
67 145 2515
15 337 2516
376 397 2517
347 360 2518
43 144 2519
135 144 2520
1500 1544 2521
206 979 2522
215 220 2523
87 114 2524
463 1546 2525
1138 1859 2526
33 43 2527
147 151 2528
2 139 2529
213 214 2530
43 114 2531
127 151 2532
147 199 2533
1868 1870 2534
136 162 2535
136 426 2536
18 1051 2537
98 666 2538
717 768 2539
91 403 2540
254 586 2541
98 120 2542
225 298 2543
43 1498 2544
88 91 2545
43 471 2546
558 598 2547
144 1231 2548
736 834 2549
15 1497 2550
1566 1568 2551
10 244 2552
1520 1587 2553
290 598 2554
1468 1471 2555
127 236 2556
101 228 2557
595 1050 2558
147 426 2559
290 1743 2560
586 756 2561
120 133 2562
245 334 2563
296 834 2564
1050 1051 2565
342 756 2566
101 120 2567
136 196 2568
137 260 2569
15 1705 2570
144 1865 2571
139 260 2572
199 426 2573
757 1051 2574
426 542 2575
43 1871 2576
592 601 2577
1587 1778 2578
120 143 2579
203 686 2580
129 143 2581
207 210 2582
598 756 2583
250 1828 2584
66 145 2585
147 196 2586
136 1691 2587
66 245 2588
66 334 2589
201 207 2590
368 426 2591
66 67 2592
197 201 2593
1051 1627 2594
162 834 2595
43 1497 2596
66 120 2597
133 143 2598
98 143 2599
144 186 2600
1231 1423 2601
144 1423 2602
247 254 2603
162 360 2604
397 435 2605
43 1705 2606
101 143 2607
196 215 2608
66 143 2609
144 244 2610
244 334 2611
66 244 2612
66 297 2613
247 756 2614
244 245 2615
230 251 2616
362 430 2617
199 337 2618
203 1545 2619
162 426 2620
162 163 2621
217 227 2622
196 207 2623
214 217 2624
217 247 2625
203 230 2626
144 1497 2627
214 362 2628
162 1709 2629
247 1743 2630
144 1705 2631
196 197 2632
227 247 2633
1423 1870 2634
163 199 2635
162 1872 2636
162 480 2637
162 1691 2638
143 297 2639
196 1587 2640
196 435 2641
162 202 2642
199 1691 2643
163 426 2644
202 203 2645
163 601 2646
163 1627 2647
163 251 2648
1423 1497 2649
480 1709 2650
247 362 2651
143 244 2652
196 1873 2653
1423 1705 2654
1691 1873 2655
163 1872 2656
202 1709 2657
163 1709 2658
