10 136 1
10 11 2
10 85 3
85 136 4
10 86 5
85 185 6
10 27 7
27 85 8
85 86 9
136 162 10
9 10 11
9 27 12
10 26 13
26 27 14
10 43 15
10 68 16
85 109 17
10 81 18
116 136 19
10 13 20
10 15 21
9 85 22
10 98 23
26 85 24
85 110 25
43 85 26
10 99 27
85 132 28
9 26 29
27 43 30
9 43 31
85 124 32
10 116 33
13 27 34
14 85 35
15 136 36
109 110 37
109 185 38
14 136 39
26 43 40
9 13 41
2 11 42
10 129 43
85 91 44
10 14 45
136 199 46
10 146 47
132 185 48
13 26 49
13 86 50
11 137 51
3 11 52
15 86 53
2 10 54
13 43 55
9 86 56
85 116 57
10 175 58
76 126 59
27 86 60
126 127 61
130 136 62
43 86 63
10 101 64
136 275 65
9 81 66
43 81 67
303 338 68
10 120 69
13 81 70
302 303 71
2 9 72
68 116 73
11 131 74
15 43 75
10 76 76
10 130 77
338 355 78
86 90 79
136 175 80
2 86 81
3 10 82
85 403 83
109 174 84
31 68 85
81 129 86
10 147 87
302 367 88
132 153 89
80 109 90
26 138 91
68 146 92
15 91 93
10 247 94
10 66 95
136 189 96
126 225 97
80 81 98
57 68 99
110 153 100
85 90 101
131 137 102
153 185 103
303 367 104
11 470 105
85 524 106
116 146 107
531 587 108
338 401 109
85 512 110
14 175 111
27 621 112
85 278 113
10 189 114
185 524 115
91 403 116
24 27 117
99 146 118
27 190 119
7 85 120
132 174 121
10 141 122
174 185 123
10 45 124
109 144 125
5 200 126
85 755 127
88 91 128
126 240 129
68 175 130
0 302 131
355 401 132
27 70 133
27 907 134
81 138 135
24 85 136
68 130 137
133 146 138
0 5 139
153 174 140
587 616 141
80 685 142
11 438 143
9 621 144
99 133 145
84 85 146
86 190 147
76 127 148
43 144 149
98 146 150
162 163 151
9 24 152
85 394 153
136 147 154
52 62 155
68 189 156
10 438 157
98 99 158
127 225 159
116 175 160
85 332 161
27 899 162
116 130 163
15 175 164
587 645 165
15 90 166
338 490 167
126 218 168
302 308 169
57 130 170
11 118 171
126 551 172
2 3 173
8 14 174
137 139 175
5 338 176
367 459 177
355 460 178
32 57 179
136 426 180
115 146 181
0 384 182
116 189 183
185 394 184
43 190 185
130 146 186
91 147 187
401 417 188
116 755 189
11 411 190
10 255 191
24 86 192
132 274 193
9 70 194
120 146 195
85 1307 196
13 24 197
110 144 198
26 142 199
124 512 200
110 135 201
367 402 202
85 1231 203
137 706 204
355 372 205
31 32 206
302 369 207
124 524 208
10 977 209
384 405 210
385 386 211
303 412 212
82 720 213
302 481 214
384 1838 215
115 133 216
15 76 217
86 149 218
185 278 219
10 666 220
80 209 221
82 83 222
86 463 223
15 189 224
10 61 225
162 202 226
109 313 227
118 131 228
175 305 229
1350 1601 230
27 278 231
1041 1070 232
419 1504 233
85 806 234
136 842 235
473 474 236
1521 1831 237
52 53 238
2 139 239
146 175 240
99 115 241
185 310 242
136 1626 243
136 979 244
85 134 245
385 412 246
825 830 247
101 120 248
137 1167 249
52 1194 250
136 1707 251
385 645 252
127 218 253
386 418 254
473 1095 255
136 758 256
386 388 257
0 144 258
303 356 259
723 731 260
11 139 261
302 487 262
9 142 263
5 401 264
7 14 265
483 512 266
1232 1373 267
136 1562 268
99 666 269
1175 1232 270
91 149 271
136 1573 272
10 145 273
120 133 274
303 460 275
1862 1863 276
2 15 277
130 175 278
136 596 279
126 680 280
10 123 281
162 426 282
15 147 283
555 1030 284
185 1671 285
872 879 286
1014 1037 287
85 125 288
146 189 289
127 236 290
286 953 291
410 418 292
10 475 293
302 526 294
638 639 295
81 255 296
27 33 297
24 43 298
857 881 299
1814 1816 300
824 825 301
15 88 302
10 1058 303
488 534 304
1742 1744 305
1232 1842 306
587 917 307
10 298 308
52 953 309
27 678 310
1249 1290 311
1122 1126 312
11 1764 313
10 454 314
1344 1378 315
315 316 316
365 366 317
1305 1378 318
43 70 319
10 712 320
638 981 321
1699 1700 322
555 600 323
190 901 324
639 647 325
126 1570 326
129 138 327
10 277 328
702 723 329
126 1470 330
1737 1741 331
10 100 332
85 511 333
1153 1201 334
527 528 335
1373 1390 336
1696 1699 337
269 610 338
1102 1161 339
286 287 340
607 1350 341
647 653 342
10 252 343
578 609 344
10 692 345
1216 1238 346
638 1698 347
1070 1073 348
185 1473 349
185 1299 350
60 175 351
1328 1426 352
372 401 353
508 509 354
1601 1625 355
609 649 356
1109 1122 357
1185 1216 358
1638 1650 359
1735 1737 360
1758 1759 361
1037 1043 362
126 241 363
63 621 364
1502 1521 365
28 29 366
333 340 367
887 912 368
1566 1568 369
751 774 370
951 952 371
10 1866 372
405 423 373
371 384 374
269 630 375
1574 1575 376
509 555 377
621 799 378
638 1359 379
275 276 380
1173 1177 381
13 17 382
366 381 383
870 874 384
1266 1271 385
1290 1328 386
302 540 387
961 962 388
1547 1555 389
185 314 390
868 883 391
587 1813 392
1317 1344 393
1070 1293 394
1703 1740 395
534 1767 396
185 1626 397
877 888 398
1271 1273 399
98 120 400
534 599 401
817 868 402
1650 1653 403
859 903 404
1070 1242 405
398 399 406
1156 1172 407
1694 1696 408
1703 1710 409
287 292 410
10 158 411
302 344 412
1494 1505 413
185 1635 414
302 883 415
1489 1551 416
673 1238 417
1371 1372 418
1444 1489 419
1194 1350 420
388 418 421
895 1638 422
534 1801 423
881 895 424
1565 1566 425
91 92 426
852 877 427
449 1013 428
797 798 429
938 1014 430
449 1031 431
1239 1305 432
587 890 433
654 673 434
1327 1862 435
649 703 436
401 460 437
1043 1045 438
854 857 439
1569 1574 440
10 1229 441
1768 1769 442
940 951 443
1713 1714 444
1811 1814 445
340 353 446
794 795 447
1167 1254 448
1172 1173 449
1551 1552 450
60 446 451
1167 1738 452
1344 1345 453
126 629 454
577 578 455
862 929 456
1194 1426 457
1732 1735 458
1766 1768 459
1674 1677 460
418 453 461
818 859 462
1343 1355 463
1598 1759 464
1053 1102 465
774 852 466
367 481 467
219 232 468
695 783 469
1120 1212 470
888 913 471
1729 1730 472
1762 1864 473
52 266 474
1126 1239 475
81 1222 476
765 766 477
1396 1402 478
746 774 479
587 1809 480
448 449 481
1727 1740 482
333 1843 483
81 123 484
788 809 485
219 416 486
1176 1304 487
302 930 488
292 331 489
683 729 490
1575 1577 491
131 1625 492
1475 1864 493
132 520 494
398 1147 495
457 1639 496
1863 1864 497
731 764 498
85 1473 499
1515 1524 500
556 557 501
50 695 502
844 862 503
798 844 504
1492 1495 505
746 751 506
126 1058 507
1417 1421 508
1677 1678 509
1257 1258 510
1447 1464 511
29 75 512
518 519 513
650 1309 514
9 87 515
415 416 516
55 469 517
1260 1266 518
85 971 519
1695 1698 520
162 480 521
1683 1685 522
779 788 523
1073 1085 524
400 410 525
1174 1175 526
233 242 527
616 645 528
764 1854 529
826 828 530
428 429 531
766 802 532
384 1200 533
1273 1275 534
1382 1393 535
1521 1815 536
673 711 537
1541 1547 538
895 938 539
181 182 540
1201 1242 541
704 728 542
91 1016 543
1402 1414 544
606 659 545
527 1702 546
1211 1215 547
1733 1734 548
739 1106 549
1079 1168 550
1340 1766 551
528 659 552
653 716 553
179 869 554
36 38 555
1075 1109 556
1710 1713 557
340 1839 558
1345 1353 559
1205 1211 560
876 1860 561
328 349 562
349 359 563
1192 1202 564
1518 1857 565
1327 1857 566
1385 1391 567
874 878 568
561 575 569
1326 1327 570
53 62 571
809 818 572
1521 1550 573
521 522 574
1568 1569 575
916 935 576
1195 1738 577
608 1860 578
313 590 579
26 1320 580
600 1030 581
1595 1598 582
343 347 583
1390 1842 584
460 490 585
399 443 586
1374 1396 587
1120 1832 588
689 697 589
370 1817 590
1810 1811 591
1464 1477 592
1728 1729 593
1151 1156 594
179 180 595
634 676 596
308 344 597
279 289 598
663 677 599
1048 1052 600
1309 1318 601
412 418 602
147 175 603
1682 1703 604
49 50 605
1066 1676 606
878 886 607
1412 1417 608
1684 1687 609
1239 1602 610
199 426 611
825 851 612
1355 1357 613
1653 1654 614
727 861 615
1391 1394 616
1552 1563 617
745 746 618
1741 1742 619
607 608 620
1031 1136 621
10 143 622
739 792 623
1678 1684 624
202 203 625
822 824 626
269 1441 627
855 870 628
386 546 629
126 259 630
185 582 631
1327 1762 632
602 1318 633
1838 1839 634
211 219 635
1687 1695 636
1458 1522 637
10 1867 638
743 952 639
743 744 640
1490 1492 641
830 846 642
1411 1418 643
615 650 644
1505 1515 645
515 1212 646
1756 1757 647
1458 1825 648
271 279 649
62 74 650
1730 1731 651
402 412 652
26 278 653
1316 1319 654
1757 1758 655
1819 1825 656
962 967 657
384 1834 658
325 327 659
903 916 660
716 737 661
1352 1390 662
361 370 663
1392 1408 664
515 1832 665
750 779 666
1097 1847 667
669 689 668
415 869 669
1564 1565 670
1693 1694 671
1522 1534 672
1673 1674 673
1293 1294 674
1294 1317 675
1408 1411 676
318 1843 677
331 1033 678
182 187 679
381 396 680
1071 1075 681
326 333 682
1393 1401 683
584 606 684
697 699 685
426 542 686
1495 1501 687
182 359 688
419 420 689
1734 1736 690
1136 1198 691
1187 1204 692
1137 1593 693
308 387 694
1555 1556 695
153 274 696
327 335 697
1380 1392 698
1052 1106 699
1088 1205 700
1409 1412 701
1039 1718 702
699 732 703
662 663 704
698 722 705
745 751 706
293 294 707
617 1176 708
1207 1208 709
1372 1395 710
1390 1459 711
1204 1249 712
301 311 713
507 541 714
10 559 715
517 561 716
840 841 717
711 739 718
232 242 719
518 523 720
808 910 721
1384 1403 722
1524 1622 723
47 48 724
1715 1716 725
467 486 726
302 307 727
1304 1347 728
1195 1254 729
318 326 730
1104 1147 731
1340 1376 732
1341 1359 733
1008 1097 734
960 961 735
1045 1047 736
1804 1815 737
423 1830 738
11 283 739
1078 1094 740
137 1195 741
631 683 742
458 1639 743
1383 1385 744
1845 1848 745
735 876 746
38 40 747
608 735 748
828 849 749
1459 1502 750
1718 1719 751
913 934 752
1020 1060 753
821 826 754
154 155 755
999 1020 756
1390 1458 757
1360 1384 758
1433 1450 759
923 939 760
1168 1279 761
1664 1665 762
1170 1171 763
1415 1822 764
367 487 765
181 328 766
1714 1715 767
1078 1826 768
1395 1413 769
1191 1192 770
1589 1593 771
1681 1683 772
14 332 773
457 458 774
439 488 775
618 704 776
939 959 777
415 1063 778
1198 1255 779
395 483 780
650 654 781
732 750 782
396 409 783
764 866 784
1197 1206 785
1390 1836 786
25 36 787
659 1702 788
62 118 789
902 1079 790
353 371 791
872 894 792
294 320 793
626 715 794
1134 1137 795
8 1618 796
418 546 797
535 572 798
1171 1187 799
636 637 800
1484 1598 801
369 1765 802
85 454 803
274 520 804
1792 1804 805
462 1821 806
728 761 807
849 856 808
1300 1374 809
1801 1817 810
721 741 811
744 748 812
937 940 813
109 1749 814
1039 1852 815
841 848 816
339 515 817
1403 1416 818
1501 1506 819
1153 1354 820
85 447 821
522 523 822
13 20 823
871 872 824
418 1228 825
823 829 826
423 425 827
677 698 828
74 108 829
676 709 830
1255 1330 831
1376 1382 832
1215 1218 833
1167 1634 834
1258 1331 835
187 226 836
219 267 837
1143 1185 838
1536 1538 839
383 470 840
528 584 841
1234 1265 842
370 439 843
531 783 844
1609 1610 845
1615 1619 846
44 46 847
345 361 848
1206 1207 849
1177 1181 850
316 325 851
1652 1656 852
929 1053 853
13 1760 854
137 191 855
959 1005 856
1145 1151 857
1405 1415 858
887 921 859
219 1203 860
531 890 861
1416 1433 862
640 661 863
694 705 864
185 1707 865
1535 1541 866
388 400 867
519 521 868
1353 1358 869
1421 1428 870
572 592 871
709 727 872
726 738 873
490 667 874
503 507 875
302 460 876
648 652 877
1725 1727 878
74 280 879
10 244 880
344 387 881
1755 1756 882
1313 1316 883
242 249 884
1799 1806 885
490 1087 886
217 227 887
705 745 888
1528 1531 889
1660 1673 890
1608 1609 891
829 850 892
600 617 893
1208 1209 894
1774 1776 895
1146 1154 896
917 966 897
1034 1035 898
247 290 899
470 554 900
1636 1671 901
1033 1120 902
249 265 903
984 1107 904
1849 1854 905
10 228 906
776 777 907
487 817 908
1035 1078 909
1217 1234 910
1019 1088 911
319 323 912
1450 1462 913
617 715 914
856 908 915
1005 1015 916
722 740 917
483 582 918
1484 1494 919
664 694 920
850 854 921
441 467 922
1619 1624 923
331 339 924
185 222 925
993 1007 926
1021 1026 927
619 1616 928
355 465 929
1256 1268 930
335 336 931
1243 1256 932
675 730 933
1533 1535 934
1025 1028 935
1337 1343 936
126 277 937
590 613 938
3 780 939
864 865 940
269 378 941
1080 1096 942
957 960 943
1765 1767 944
1394 1397 945
423 1834 946
406 407 947
367 460 948
317 318 949
62 280 950
1209 1217 951
417 460 952
1347 1822 953
76 141 954
8 148 955
497 570 956
1607 1616 957
1719 1720 958
155 389 959
793 887 960
68 539 961
802 875 962
812 813 963
1549 1553 964
440 1830 965
0 367 966
1613 1615 967
1267 1533 968
1347 1405 969
409 421 970
1042 1108 971
620 622 972
265 271 973
443 516 974
1415 1429 975
274 832 976
892 894 977
935 964 978
780 1162 979
1154 1183 980
187 195 981
204 211 982
86 843 983
637 710 984
1544 1603 985
482 535 986
661 675 987
968 1042 988
1103 1104 989
1085 1121 990
1419 1444 991
141 189 992
1556 1557 993
784 787 994
1510 1512 995
198 204 996
525 1812 997
1358 1360 998
1113 1810 999
743 781 1000
1321 1370 1001
813 814 1002
1583 1589 1003
1265 1267 1004
787 823 1005
938 1597 1006
908 923 1007
162 1872 1008
10 151 1009
86 1844 1010
153 310 1011
238 848 1012
1135 1145 1013
1327 1475 1014
1113 1807 1015
976 1847 1016
1720 1721 1017
462 1808 1018
464 478 1019
90 404 1020
486 506 1021
1479 1490 1022
1749 1750 1023
934 942 1024
1726 1728 1025
1275 1282 1026
737 784 1027
85 573 1028
50 783 1029
1024 1025 1030
1577 1582 1031
427 531 1032
1026 1041 1033
10 532 1034
1538 1540 1035
3 432 1036
1679 1682 1037
585 640 1038
832 911 1039
180 181 1040
742 776 1041
1776 1777 1042
795 928 1043
289 296 1044
1338 1340 1045
602 615 1046
981 993 1047
1665 1666 1048
1259 1300 1049
1532 1536 1050
449 539 1051
575 585 1052
553 591 1053
1612 1613 1054
1018 1021 1055
714 769 1056
1133 1153 1057
1831 1836 1058
310 313 1059
623 646 1060
238 239 1061
450 465 1062
1736 1739 1063
700 759 1064
1245 1260 1065
1131 1826 1066
1020 1251 1067
62 266 1068
127 1470 1069
671 688 1070
1610 1614 1071
155 157 1072
622 623 1073
1161 1184 1074
85 1645 1075
1827 1835 1076
1195 1424 1077
1060 1084 1078
814 822 1079
1101 1116 1080
313 1750 1081
311 343 1082
866 950 1083
891 892 1084
651 664 1085
1184 1259 1086
375 376 1087
588 602 1088
1413 1440 1089
1476 1479 1090
363 1096 1091
1310 1341 1092
9 63 1093
713 721 1094
1028 1039 1095
86 1853 1096
296 301 1097
401 563 1098
416 1203 1099
198 211 1100
722 1840 1101
46 47 1102
1603 1608 1103
421 431 1104
515 597 1105
886 891 1106
86 1858 1107
1528 1745 1108
629 671 1109
1354 1380 1110
1419 1553 1111
652 718 1112
730 801 1113
218 551 1114
1331 1352 1115
1582 1583 1116
514 553 1117
307 361 1118
879 914 1119
98 666 1120
885 1447 1121
642 648 1122
974 1023 1123
1659 1660 1124
1007 1310 1125
1656 1669 1126
805 812 1127
1499 1516 1128
275 500 1129
1007 1044 1130
912 921 1131
1524 1528 1132
741 775 1133
103 105 1134
164 389 1135
436 472 1136
265 838 1137
302 893 1138
1731 1733 1139
249 838 1140
11 12 1141
195 198 1142
1363 1368 1143
419 861 1144
964 999 1145
1772 1774 1146
655 679 1147
1550 1580 1148
541 549 1149
27 1320 1150
1557 1564 1151
190 1711 1152
879 880 1153
1065 1442 1154
910 1858 1155
759 819 1156
608 1588 1157
22 25 1158
678 799 1159
1602 1612 1160
153 1636 1161
619 620 1162
1055 1080 1163
367 1761 1164
1769 1770 1165
323 329 1166
1267 1283 1167
530 545 1168
525 1806 1169
80 193 1170
462 583 1171
1563 1578 1172
1268 1272 1173
551 1470 1174
1662 1664 1175
274 911 1176
1771 1792 1177
1121 1624 1178
31 456 1179
137 1634 1180
338 667 1181
367 1517 1182
984 987 1183
1477 1517 1184
614 1276 1185
1509 1510 1186
440 466 1187
1462 1469 1188
10 1132 1189
1108 1325 1190
725 742 1191
1531 1532 1192
7 136 1193
748 749 1194
1753 1754 1195
942 956 1196
1112 1146 1197
1283 1288 1198
1277 1322 1199
547 566 1200
322 644 1201
1015 1018 1202
417 605 1203
1094 1131 1204
851 1739 1205
1282 1289 1206
40 44 1207
1675 1681 1208
15 199 1209
946 976 1210
11 1422 1211
1331 1852 1212
1183 1190 1213
431 436 1214
1362 1363 1215
1379 1383 1216
706 1634 1217
425 440 1218
621 706 1219
1149 1150 1220
1440 1467 1221
127 151 1222
515 614 1223
1247 1252 1224
603 651 1225
966 1228 1226
976 1008 1227
293 791 1228
1770 1772 1229
1319 1332 1230
1162 1223 1231
43 142 1232
1182 1189 1233
1430 1434 1234
225 240 1235
239 248 1236
1723 1725 1237
481 487 1238
734 902 1239
563 605 1240
1054 1129 1241
618 761 1242
1446 1499 1243
1518 1519 1244
659 831 1245
928 975 1246
1631 1632 1247
131 191 1248
419 1324 1249
117 132 1250
761 793 1251
459 465 1252
1669 1675 1253
820 821 1254
1134 1135 1255
1191 1663 1256
187 198 1257
777 800 1258
599 767 1259
367 387 1260
1105 1225 1261
1503 1819 1262
10 390 1263
1189 1197 1264
85 1012 1265
1225 1248 1266
977 1529 1267
401 1087 1268
2 63 1269
1240 1245 1270
1513 1523 1271
1252 1261 1272
945 974 1273
1253 1281 1274
1267 1527 1275
1443 1461 1276
393 517 1277
13 255 1278
1754 1755 1279
416 1063 1280
1084 1115 1281
213 429 1282
901 1016 1283
1332 1338 1284
1398 1399 1285
1435 1446 1286
1376 1666 1287
569 655 1288
1512 1513 1289
860 946 1290
1023 1055 1291
915 1019 1292
1453 1466 1293
1622 1623 1294
157 164 1295
790 835 1296
1389 1454 1297
1272 1285 1298
819 860 1299
1128 1143 1300
1200 1716 1301
96 105 1302
81 273 1303
708 808 1304
1542 1548 1305
597 614 1306
1503 1534 1307
15 130 1308
703 724 1309
1246 1247 1310
749 752 1311
1499 1802 1312
86 87 1313
1181 1182 1314
1388 1389 1315
1611 1641 1316
1614 1620 1317
1523 1525 1318
512 582 1319
369 930 1320
470 1223 1321
775 836 1322
11 532 1323
706 876 1324
1516 1530 1325
450 451 1326
86 243 1327
451 738 1328
1220 1277 1329
1047 1062 1330
516 560 1331
792 827 1332
503 1420 1333
1809 1818 1334
0 303 1335
786 805 1336
35 55 1337
668 672 1338
693 702 1339
1298 1321 1340
1752 1753 1341
506 533 1342
656 700 1343
164 172 1344
884 1414 1345
1548 1554 1346
865 954 1347
513 514 1348
1218 1241 1349
626 627 1350
570 789 1351
32 632 1352
914 920 1353
1003 1006 1354
1125 1144 1355
1357 1365 1356
1514 1527 1357
688 693 1358
86 1712 1359
85 979 1360
1787 1788 1361
1496 1511 1362
1334 1335 1363
1578 1579 1364
86 985 1365
996 997 1366
1604 1611 1367
1342 1356 1368
1401 1409 1369
1230 1235 1370
85 604 1371
1397 1400 1372
1112 1202 1373
1196 1251 1374
1685 1688 1375
810 915 1376
889 949 1377
1100 1110 1378
1813 1818 1379
19 30 1380
434 482 1381
1605 1762 1382
367 873 1383
118 266 1384
523 547 1385
520 911 1386
1466 1472 1387
621 1588 1388
338 747 1389
1632 1640 1390
208 1127 1391
1500 1544 1392
376 397 1393
1429 1435 1394
259 264 1395
11 665 1396
922 1159 1397
1329 1337 1398
1335 1342 1399
1107 1114 1400
108 118 1401
740 780 1402
1805 1807 1403
1427 1430 1404
109 1220 1405
1517 1761 1406
1289 1777 1407
419 1142 1408
1365 1453 1409
470 970 1410
198 267 1411
847 853 1412
1018 1549 1413
785 786 1414
997 998 1415
419 1829 1416
724 833 1417
394 395 1418
718 725 1419
469 1336 1420
989 990 1421
998 1001 1422
11 1323 1423
80 273 1424
557 595 1425
1796 1799 1426
270 321 1427
1628 1631 1428
473 493 1429
1016 1856 1430
780 1840 1431
137 260 1432
31 632 1433
124 582 1434
1112 1236 1435
1381 1420 1436
2 54 1437
1455 1483 1438
1654 1657 1439
474 493 1440
499 500 1441
174 310 1442
915 949 1443
644 666 1444
347 360 1445
498 1835 1446
320 332 1447
3 342 1448
1540 1542 1449
1366 1368 1450
1434 1437 1451
1107 1722 1452
1113 1123 1453
312 1299 1454
1418 1419 1455
995 1724 1456
354 364 1457
1504 1778 1458
150 200 1459
993 1310 1460
1002 1009 1461
1788 1789 1462
470 1323 1463
1472 1482 1464
1592 1745 1465
1062 1071 1466
1074 1082 1467
621 973 1468
983 1002 1469
1365 1369 1470
1475 1605 1471
338 465 1472
657 713 1473
336 348 1474
568 1370 1475
26 41 1476
1467 1487 1477
31 229 1478
1144 1149 1479
1233 1246 1480
1022 1024 1481
1237 1240 1482
10 245 1483
137 266 1484
1121 1133 1485
91 1704 1486
1579 1584 1487
267 668 1488
990 991 1489
701 720 1490
1157 1169 1491
1511 1539 1492
566 580 1493
846 847 1494
303 1517 1495
190 1250 1496
90 149 1497
50 51 1498
496 497 1499
369 767 1500
1587 1778 1501
81 610 1502
591 658 1503
1580 1604 1504
1641 1771 1505
570 660 1506
835 900 1507
169 170 1508
470 1349 1509
956 963 1510
309 321 1511
1248 1310 1512
921 983 1513
921 1009 1514
1435 1802 1515
109 581 1516
1325 1398 1517
382 690 1518
969 984 1519
80 278 1520
281 283 1521
382 383 1522
1428 1431 1523
1261 1262 1524
646 669 1525
1027 1049 1526
1082 1093 1527
1789 1790 1528
166 171 1529
124 573 1530
1311 1334 1531
1092 1113 1532
827 889 1533
1369 1379 1534
160 169 1535
1006 1022 1536
524 582 1537
356 771 1538
310 329 1539
1436 1448 1540
1596 1597 1541
34 190 1542
679 701 1543
685 754 1544
1648 1652 1545
785 1726 1546
225 1570 1547
681 790 1548
1069 1074 1549
460 478 1550
237 252 1551
1235 1243 1552
594 603 1553
1110 1111 1554
37 1250 1555
963 965 1556
1850 1855 1557
1095 1124 1558
1091 1285 1559
80 837 1560
1091 1526 1561
910 985 1562
1044 1105 1563
1655 1658 1564
451 464 1565
214 217 1566
1554 1558 1567
1623 1628 1568
1004 1048 1569
1124 1155 1570
190 1424 1571
1530 1543 1572
1093 1117 1573
1658 1662 1574
991 996 1575
924 968 1576
927 1253 1577
341 363 1578
807 811 1579
380 552 1580
1291 1295 1581
612 643 1582
1289 1291 1583
1437 1445 1584
190 1571 1585
162 360 1586
920 922 1587
1115 1128 1588
57 632 1589
472 495 1590
568 1455 1591
1591 1611 1592
915 1004 1593
933 936 1594
1111 1233 1595
124 1299 1596
1760 1861 1597
305 758 1598
1169 1179 1599
293 858 1600
611 1808 1601
453 469 1602
1503 1591 1603
729 768 1604
1081 1116 1605
1179 1186 1606
67 269 1607
568 569 1608
1186 1196 1609
1356 1364 1610
106 112 1611
109 168 1612
1214 1226 1613
1061 1069 1614
216 229 1615
171 176 1616
162 1709 1617
34 37 1618
1362 1364 1619
948 957 1620
1116 1158 1621
1620 1621 1622
460 605 1623
696 719 1624
1111 1133 1625
419 479 1626
109 209 1627
1086 1112 1628
801 884 1629
1525 1526 1630
77 78 1631
51 466 1632
1098 1348 1633
1471 1478 1634
592 601 1635
544 618 1636
927 1139 1637
190 1856 1638
627 678 1639
969 1091 1640
1148 1157 1641
332 1795 1642
110 581 1643
1692 1693 1644
473 1269 1645
80 492 1646
276 288 1647
55 1336 1648
936 937 1649
1065 1066 1650
660 733 1651
264 270 1652
1081 1101 1653
57 206 1654
672 691 1655
1365 1445 1656
17 20 1657
1090 1100 1658
225 241 1659
1032 1164 1660
1711 1712 1661
312 657 1662
305 670 1663
73 77 1664
236 1529 1665
1292 1311 1666
655 701 1667
885 893 1668
1506 1507 1669
536 552 1670
455 456 1671
781 782 1672
501 1844 1673
641 642 1674
35 466 1675
30 39 1676
769 803 1677
1076 1090 1678
1431 1436 1679
112 113 1680
1717 1723 1681
413 511 1682
733 772 1683
800 810 1684
1404 1427 1685
258 734 1686
936 1180 1687
124 125 1688
1306 1352 1689
1657 1659 1690
3 475 1691
1279 1302 1692
83 96 1693
367 529 1694
134 447 1695
18 19 1696
458 536 1697
752 1180 1698
1399 1451 1699
512 573 1700
580 593 1701
214 362 1702
1751 1752 1703
275 670 1704
86 543 1705
463 501 1706
293 1645 1707
407 452 1708
394 1348 1709
549 1708 1710
272 281 1711
339 614 1712
403 404 1713
524 573 1714
978 1061 1715
76 363 1716
845 924 1717
965 978 1718
1001 1027 1719
543 1130 1720
1241 1244 1721
927 1855 1722
125 134 1723
452 1845 1724
1064 1849 1725
498 530 1726
954 1040 1727
1314 1329 1728
303 529 1729
720 762 1730
1793 1794 1731
1482 1491 1732
156 160 1733
816 853 1734
305 306 1735
1584 1590 1736
489 503 1737
782 785 1738
1291 1779 1739
268 273 1740
520 1158 1741
624 1298 1742
82 119 1743
341 945 1744
348 358 1745
453 485 1746
261 710 1747
1448 1452 1748
645 1809 1749
446 538 1750
403 1546 1751
646 1607 1752
1308 1313 1753
332 1407 1754
799 973 1755
1049 1072 1756
310 314 1757
356 357 1758
205 1330 1759
15 65 1760
906 980 1761
1640 1643 1762
1366 1689 1763
147 199 1764
78 79 1765
542 796 1766
816 871 1767
1406 1443 1768
232 233 1769
1009 1057 1770
932 933 1771
992 994 1772
1361 1381 1773
1284 1306 1774
20 23 1775
18 757 1776
1670 1679 1777
1520 1587 1778
140 141 1779
875 882 1780
1803 1805 1781
786 816 1782
666 686 1783
633 714 1784
1155 1165 1785
1295 1297 1786
1651 1655 1787
1463 1468 1788
549 588 1789
680 681 1790
980 1163 1791
364 377 1792
624 625 1793
1164 1280 1794
364 628 1795
778 1230 1796
240 1570 1797
84 117 1798
511 604 1799
1571 1599 1800
1119 1125 1801
346 1869 1802
257 263 1803
583 611 1804
625 656 1805
1072 1076 1806
1491 1493 1807
33 1250 1808
1764 1823 1809
503 1449 1810
1262 1287 1811
986 1721 1812
690 696 1813
200 378 1814
791 858 1815
812 816 1816
554 970 1817
1057 1081 1818
224 231 1819
944 1017 1820
1641 1670 1821
93 94 1822
994 995 1823
1468 1471 1824
988 989 1825
502 532 1826
303 873 1827
900 1846 1828
1077 1086 1829
1646 1648 1830
1219 1284 1831
1219 1851 1832
76 236 1833
270 414 1834
1642 1646 1835
162 834 1836
230 482 1837
91 1029 1838
680 1269 1839
1688 1697 1840
133 178 1841
140 189 1842
285 299 1843
89 93 1844
1441 1503 1845
231 234 1846
263 268 1847
403 1795 1848
501 543 1849
307 345 1850
150 1503 1851
208 209 1852
1138 1139 1853
379 772 1854
109 258 1855
438 780 1856
1504 1520 1857
231 1668 1858
1190 1270 1859
1621 1629 1860
967 986 1861
109 613 1862
621 1585 1863
33 34 1864
124 222 1865
146 178 1866
82 762 1867
296 834 1868
113 122 1869
1823 1824 1870
1280 1303 1871
18 595 1872
771 845 1873
463 1130 1874
1287 1292 1875
752 753 1876
172 173 1877
753 773 1878
588 1361 1879
893 1083 1880
163 199 1881
1591 1771 1882
11 191 1883
248 253 1884
411 432 1885
1483 1496 1886
463 1546 1887
986 992 1888
493 510 1889
203 1545 1890
362 430 1891
950 1064 1892
1117 1148 1893
1432 1460 1894
2 191 1895
755 979 1896
166 1644 1897
206 246 1898
494 554 1899
27 167 1900
545 550 1901
633 634 1902
1786 1787 1903
7 8 1904
905 1833 1905
1236 1264 1906
1590 1594 1907
778 969 1908
684 685 1909
188 194 1910
278 1457 1911
1763 1775 1912
804 807 1913
1539 1560 1914
21 22 1915
1141 1166 1916
505 885 1917
202 1709 1918
240 241 1919
110 413 1920
1600 1617 1921
267 834 1922
1649 1651 1923
1036 1281 1924
707 708 1925
141 1029 1926
203 686 1927
907 980 1928
900 943 1929
358 374 1930
59 103 1931
660 789 1932
51 69 1933
404 463 1934
278 1302 1935
209 1375 1936
102 106 1937
61 189 1938
267 322 1939
882 919 1940
550 1827 1941
299 368 1942
1452 1463 1943
379 380 1944
1594 1596 1945
56 60 1946
1820 1833 1947
110 168 1948
1746 1747 1949
291 1869 1950
1592 1746 1951
1800 1803 1952
94 97 1953
475 502 1954
1637 1642 1955
76 140 1956
432 438 1957
815 820 1958
1306 1851 1959
14 1618 1960
778 782 1961
922 932 1962
1779 1780 1963
1794 1797 1964
82 548 1965
76 1324 1966
799 1386 1967
116 979 1968
1773 1796 1969
1226 1227 1970
1312 1314 1971
236 264 1972
1270 1663 1973
772 1841 1974
645 674 1975
899 980 1976
403 1407 1977
55 71 1978
83 119 1979
109 257 1980
156 839 1981
1123 1140 1982
138 142 1983
177 188 1984
595 1050 1985
562 589 1986
14 148 1987
299 525 1988
412 674 1989
141 151 1990
60 538 1991
494 665 1992
236 309 1993
925 955 1994
1244 1263 1995
1543 1561 1996
18 30 1997
658 760 1998
261 285 1999
330 341 2000
1017 1029 2001
1617 1630 2002
660 1841 2003
76 1704 2004
1213 1214 2005
460 529 2006
1605 1865 2007
491 562 2008
1667 1680 2009
480 1709 2010
390 628 2011
79 89 2012
101 228 2013
3 4 2014
982 988 2015
1188 1199 2016
1163 1221 2017
1629 1637 2018
54 284 2019
191 614 2020
104 111 2021
273 282 2022
1469 1474 2023
167 1457 2024
1567 1576 2025
213 214 2026
1366 1367 2027
1507 1509 2028
533 558 2029
3 532 2030
811 815 2031
532 559 2032
13 452 2033
109 1231 2034
493 548 2035
564 692 2036
275 1861 2037
15 196 2038
1460 1500 2039
357 505 2040
1747 1748 2041
972 1611 2042
858 897 2043
884 971 2044
754 837 2045
510 537 2046
1410 1432 2047
275 596 2048
593 594 2049
1288 1296 2050
356 1367 2051
430 441 2052
1297 1308 2053
943 1011 2054
1114 1118 2055
124 1231 2056
773 778 2057
88 147 2058
564 565 2059
1798 1800 2060
132 1098 2061
65 147 2062
1046 1077 2063
1296 1493 2064
1576 1581 2065
1630 1644 2066
356 1692 2067
176 183 2068
278 707 2069
919 931 2070
851 855 2071
1581 1592 2072
153 319 2073
907 1163 2074
15 87 2075
45 76 2076
1296 1312 2077
194 216 2078
158 159 2079
1227 1237 2080
1307 1573 2081
1152 1160 2082
1138 1859 2083
927 1036 2084
189 803 2085
1784 1785 2086
377 390 2087
1361 1708 2088
72 73 2089
15 141 2090
221 269 2091
1449 1465 2092
383 494 2093
1140 1152 2094
1036 1850 2095
92 95 2096
21 104 2097
554 665 2098
14 955 2099
324 346 2100
565 692 2101
149 463 2102
304 334 2103
1339 1346 2104
1790 1791 2105
26 223 2106
240 298 2107
537 548 2108
1199 1210 2109
1296 1514 2110
21 97 2111
972 1503 2112
1011 1846 2113
14 56 2114
525 612 2115
927 1859 2116
579 631 2117
420 717 2118
162 1691 2119
1797 1798 2120
100 101 2121
803 1763 2122
473 1011 2123
906 907 2124
71 72 2125
1264 1286 2126
778 1476 2127
175 452 2128
958 1032 2129
95 102 2130
165 166 2131
574 1036 2132
1592 1595 2133
269 1036 2134
1274 1315 2135
1791 1793 2136
60 88 2137
88 121 2138
235 304 2139
897 925 2140
1064 1132 2141
136 1691 2142
468 494 2143
379 498 2144
60 635 2145
905 1038 2146
76 151 2147
236 237 2148
772 905 2149
778 781 2150
768 944 2151
101 414 2152
1633 1667 2153
1 35 2154
1560 1600 2155
122 128 2156
225 298 2157
641 1488 2158
6 16 2159
14 979 2160
1089 1092 2161
1036 1706 2162
633 1775 2163
898 899 2164
937 1118 2165
45 330 2166
947 948 2167
635 712 2168
356 770 2169
941 947 2170
1068 1089 2171
1000 1724 2172
203 230 2173
199 337 2174
166 183 2175
542 1773 2176
269 1351 2177
383 554 2178
560 581 2179
770 918 2180
1131 1193 2181
598 756 2182
174 258 2183
173 177 2184
60 712 2185
641 804 2186
61 76 2187
356 1689 2188
1451 1508 2189
1263 1274 2190
484 1142 2191
175 288 2192
778 880 2193
1686 1690 2194
1066 1222 2195
1782 1783 2196
290 586 2197
291 324 2198
88 346 2199
1785 1786 2200
16 21 2201
120 129 2202
45 189 2203
45 595 2204
437 468 2205
152 156 2206
1643 1647 2207
907 1221 2208
383 1276 2209
175 454 2210
550 567 2211
379 1056 2212
70 899 2213
495 504 2214
150 1771 2215
641 1315 2216
109 445 2217
356 982 2218
1270 1377 2219
1680 1686 2220
589 630 2221
109 1129 2222
1780 1781 2223
691 736 2224
899 1221 2225
85 707 2226
630 1065 2227
159 165 2228
13 1166 2229
65 121 2230
438 475 2231
383 719 2232
189 796 2233
1067 1068 2234
132 314 2235
158 390 2236
542 596 2237
760 926 2238
33 43 2239
1508 1537 2240
1781 1782 2241
1783 1784 2242
397 435 2243
1480 1481 2244
356 1537 2245
476 477 2246
342 438 2247
392 1706 2248
199 596 2249
135 144 2250
2 284 2251
65 175 2252
1038 1099 2253
633 1562 2254
484 1829 2255
227 247 2256
41 1457 2257
206 979 2258
1010 1054 2259
356 1346 2260
736 834 2261
1222 1701 2262
1320 1487 2263
1647 1649 2264
1200 1717 2265
30 45 2266
110 312 2267
926 958 2268
1000 1732 2269
1481 1485 2270
558 598 2271
717 768 2272
117 618 2273
1559 1748 2274
290 598 2275
60 147 2276
13 306 2277
109 1375 2278
461 643 2279
175 1141 2280
230 251 2281
117 833 2282
505 1377 2283
230 434 2284
1160 1178 2285
254 290 2286
438 532 2287
253 256 2288
909 918 2289
909 1046 2290
1559 1751 2291
1118 1119 2292
1010 1387 2293
356 896 2294
392 574 2295
61 1456 2296
374 391 2297
356 909 2298
193 300 2299
1606 1633 2300
463 543 2301
420 484 2302
107 170 2303
132 1635 2304
81 492 2305
7 446 2306
2 4 2307
269 392 2308
26 167 2309
586 756 2310
132 393 2311
931 941 2312
863 1010 2313
132 1438 2314
368 426 2315
460 726 2316
1178 1188 2317
1210 1213 2318
215 291 2319
256 261 2320
1351 1672 2321
896 1339 2322
1400 1404 2323
45 61 2324
175 306 2325
442 489 2326
129 255 2327
342 756 2328
168 581 2329
1000 1003 2330
1486 1488 2331
217 247 2332
247 1743 2333
212 536 2334
477 579 2335
383 970 2336
139 839 2337
581 1231 2338
132 1158 2339
1333 1410 2340
1585 1690 2341
684 1231 2342
139 272 2343
1561 1585 2344
424 437 2345
15 58 2346
88 220 2347
39 45 2348
215 220 2349
5 747 2350
65 1425 2351
197 201 2352
269 867 2353
37 43 2354
145 150 2355
81 282 2356
88 768 2357
1051 1627 2358
110 511 2359
27 42 2360
153 975 2361
15 61 2362
247 254 2363
174 445 2364
1224 1333 2365
81 1278 2366
1222 1278 2367
1572 1606 2368
81 1701 2369
1868 1870 2370
70 831 2371
110 1231 2372
54 64 2373
408 422 2374
15 149 2375
58 1165 2376
1558 1559 2377
174 314 2378
245 334 2379
110 1461 2380
139 260 2381
576 687 2382
378 927 2383
391 408 2384
1485 1486 2385
23 24 2386
81 433 2387
205 206 2388
5 235 2389
151 484 2390
174 1438 2391
247 756 2392
199 1691 2393
250 1828 2394
5 6 2395
145 972 2396
98 143 2397
896 1286 2398
20 24 2399
200 350 2400
133 143 2401
27 352 2402
161 278 2403
806 1351 2404
15 63 2405
576 897 2406
1559 1567 2407
1691 1873 2408
183 184 2409
247 362 2410
110 836 2411
136 196 2412
192 300 2413
110 193 2414
254 342 2415
630 1442 2416
67 145 2417
117 544 2418
139 1349 2419
81 352 2420
61 479 2421
757 1051 2422
88 1425 2423
1050 1051 2424
45 1456 2425
139 152 2426
81 867 2427
207 210 2428
70 1221 2429
5 1224 2430
9 1871 2431
153 314 2432
87 128 2433
175 635 2434
426 596 2435
135 1303 2436
1333 1837 2437
200 589 2438
269 1059 2439
1474 1480 2440
163 251 2441
611 633 2442
135 1406 2443
139 1422 2444
161 167 2445
87 284 2446
147 712 2447
163 1709 2448
207 215 2449
5 111 2450
67 129 2451
174 222 2452
147 596 2453
200 972 2454
110 1012 2455
200 1219 2456
147 1425 2457
7 246 2458
5 1301 2459
147 692 2460
27 444 2461
1320 1572 2462
163 1627 2463
43 255 2464
193 212 2465
9 471 2466
210 215 2467
571 586 2468
205 576 2469
142 295 2470
18 1051 2471
27 1599 2472
67 212 2473
461 542 2474
5 1837 2475
995 1000 2476
290 1743 2477
139 1824 2478
66 120 2479
504 571 2480
223 1454 2481
0 369 2482
461 462 2483
147 151 2484
9 1498 2485
290 756 2486
201 207 2487
163 601 2488
41 42 2489
15 128 2490
196 1587 2491
64 107 2492
107 114 2493
142 278 2494
422 424 2495
101 143 2496
254 586 2497
88 215 2498
223 224 2499
290 1097 2500
163 1872 2501
87 114 2502
27 1498 2503
7 687 2504
120 143 2505
15 1425 2506
0 51 2507
15 243 2508
192 373 2509
1478 1484 2510
290 354 2511
144 1605 2512
27 1221 2513
27 262 2514
15 337 2515
630 806 2516
135 1231 2517
41 161 2518
378 1706 2519
15 151 2520
138 223 2521
200 491 2522
378 763 2523
58 59 2524
192 212 2525
45 757 2526
26 1668 2527
630 867 2528
27 1193 2529
1301 1586 2530
26 806 2531
26 234 2532
0 453 2533
15 1029 2534
70 114 2535
378 574 2536
0 35 2537
223 806 2538
15 250 2539
9 114 2540
15 1497 2541
610 806 2542
351 373 2543
58 184 2544
192 193 2545
196 197 2546
633 1051 2547
505 896 2548
63 87 2549
147 215 2550
244 334 2551
1586 1661 2552
26 1386 2553
682 806 2554
610 1672 2555
163 426 2556
138 1320 2557
147 196 2558
15 596 2559
129 145 2560
147 426 2561
123 129 2562
200 1697 2563
43 1059 2564
15 1828 2565
143 297 2566
200 1040 2567
200 221 2568
15 712 2569
350 378 2570
378 392 2571
26 471 2572
610 1099 2573
610 1820 2574
27 114 2575
144 1865 2576
66 67 2577
66 297 2578
196 435 2579
144 1231 2580
15 1705 2581
66 145 2582
142 223 2583
43 806 2584
129 143 2585
352 373 2586
144 186 2587
66 334 2588
192 351 2589
196 1873 2590
200 806 2591
567 682 2592
42 142 2593
129 352 2594
144 1423 2595
87 107 2596
610 1056 2597
0 1519 2598
0 1868 2599
0 427 2600
0 893 2601
66 245 2602
15 426 2603
379 682 2604
0 896 2605
43 1871 2606
1423 1870 2607
138 1387 2608
43 471 2609
66 143 2610
0 909 2611
255 1320 2612
43 262 2613
0 442 2614
138 863 2615
610 1351 2616
144 1497 2617
43 1498 2618
129 1439 2619
196 207 2620
200 1661 2621
129 212 2622
0 69 2623
138 352 2624
129 433 2625
1231 1423 2626
144 1705 2627
0 244 2628
0 485 2629
0 1 2630
1059 1320 2631
43 114 2632
0 904 2633
0 1083 2634
138 295 2635
255 373 2636
43 1497 2637
1423 1497 2638
0 1708 2639
0 1465 2640
0 186 2641
255 352 2642
129 373 2643
43 1705 2644
66 244 2645
244 245 2646
1059 1661 2647
144 244 2648
630 682 2649
1423 1705 2650
0 1867 2651
223 682 2652
123 352 2653
0 1866 2654
196 215 2655
143 244 2656
610 682 2657
15 275 2658
