1172 1173 1
1173 1177 2
1177 1181 3
1145 1151 4
1156 1172 5
1151 1156 6
1197 1206 7
1181 1182 8
1189 1197 9
1206 1207 10
1135 1145 11
1182 1189 12
1656 1669 13
1652 1656 14
1648 1652 15
1669 1675 16
1521 1831 17
1207 1208 18
663 677 19
1134 1135 20
1208 1209 21
1646 1648 22
1458 1825 23
1458 1522 24
1675 1681 25
1804 1815 26
1003 1006 27
286 287 28
1831 1836 29
1006 1022 30
662 663 31
1459 1502 32
677 698 33
287 292 34
709 727 35
1792 1804 36
1134 1137 37
727 861 38
1022 1024 39
1699 1700 40
1027 1049 41
1001 1027 42
1209 1217 43
1681 1683 44
698 722 45
1380 1392 46
1522 1534 47
286 953 48
1392 1408 49
1732 1735 50
998 1001 51
1502 1521 52
1544 1603 53
1642 1646 54
1735 1737 55
1550 1580 56
1049 1072 57
1217 1234 58
1000 1732 59
945 974 60
1000 1724 61
1521 1550 62
1500 1544 63
798 844 64
1680 1686 65
508 509 66
1076 1090 67
997 998 68
1408 1411 69
1000 1003 70
974 1023 71
995 1724 72
1072 1076 73
1667 1680 74
1819 1825 75
844 862 76
1023 1055 77
995 1000 78
1090 1100 79
1100 1110 80
1521 1815 81
797 798 82
1354 1380 83
1737 1741 84
400 410 85
509 555 86
1512 1513 87
1055 1080 88
1603 1608 89
817 868 90
1284 1306 91
1696 1699 92
1771 1792 93
996 997 94
676 709 95
1257 1258 96
457 458 97
1025 1028 98
1024 1025 99
599 767 100
1763 1775 101
1742 1744 102
1510 1512 103
1137 1593 104
534 599 105
1608 1609 106
1765 1767 107
513 514 108
661 675 109
1513 1523 110
439 488 111
1530 1543 112
1609 1610 113
555 1030 114
1258 1331 115
862 929 116
457 1639 117
1801 1817 118
1233 1246 119
1311 1334 120
270 321 121
714 769 122
1061 1069 123
1247 1252 124
1390 1842 125
965 978 126
1729 1730 127
1093 1117 128
1446 1499 129
315 316 130
1411 1418 131
1580 1604 132
1741 1742 133
978 1061 134
1373 1390 135
1390 1458 136
1067 1068 137
1080 1096 138
1234 1265 139
1633 1667 140
1306 1851 141
1102 1161 142
991 996 143
1683 1685 144
882 919 145
1246 1247 146
341 945 147
1290 1328 148
1415 1429 149
1686 1690 150
1334 1335 151
534 1801 152
640 661 153
759 819 154
1516 1530 155
866 950 156
1082 1093 157
1637 1642 158
1728 1729 159
852 877 160
1435 1446 161
875 882 162
1161 1184 163
1849 1854 164
388 400 165
963 965 166
1160 1178 167
765 766 168
534 1767 169
913 934 170
1184 1259 171
1814 1816 172
1610 1614 173
766 802 174
1249 1290 175
1390 1459 176
1328 1426 177
990 991 178
693 702 179
722 740 180
802 875 181
1069 1074 182
1405 1415 183
555 600 184
723 731 185
1252 1261 186
722 1840 187
1219 1284 188
1390 1836 189
1614 1620 190
1068 1089 191
877 888 192
929 1053 193
1185 1216 194
1174 1175 195
1292 1311 196
675 730 197
994 995 198
1774 1776 199
309 321 200
803 1763 201
1143 1185 202
769 803 203
1053 1102 204
1719 1720 205
316 325 206
1589 1593 207
1331 1852 208
1499 1802 209
600 1030 210
1584 1590 211
1620 1621 212
1314 1329 213
1718 1719 214
1509 1510 215
1523 1525 216
1543 1561 217
1232 1373 218
888 913 219
1117 1148 220
1259 1300 221
1579 1584 222
1335 1342 223
1772 1774 224
700 759 225
1074 1082 226
1178 1188 227
1152 1160 228
611 1808 229
961 962 230
1770 1772 231
1287 1292 232
989 990 233
1232 1842 234
919 931 235
941 947 236
458 1639 237
462 583 238
1149 1150 239
1329 1337 240
976 1008 241
47 48 242
74 280 243
585 640 244
1813 1818 245
331 1033 246
1342 1356 247
1552 1563 248
1629 1637 249
36 38 250
1175 1232 251
1694 1696 252
488 534 253
388 418 254
1499 1516 255
1088 1205 256
1714 1715 257
934 942 258
370 439 259
731 764 260
1115 1128 261
1347 1405 262
1480 1481 263
860 946 264
702 723 265
992 994 266
1306 1352 267
1720 1721 268
188 194 269
1300 1374 270
1578 1579 271
1428 1431 272
1039 1852 273
957 960 274
292 331 275
583 611 276
819 860 277
764 866 278
948 957 279
264 270 280
645 1809 281
1429 1435 282
38 40 283
942 956 284
671 688 285
1481 1485 286
956 963 287
1621 1629 288
962 967 289
1211 1215 290
947 948 291
1176 1304 292
370 1817 293
1019 1088 294
1148 1157 295
1435 1802 296
575 585 297
1309 1318 298
688 693 299
1219 1851 300
577 578 301
730 801 302
1216 1238 303
40 44 304
629 671 305
1089 1092 306
656 700 307
52 53 308
931 941 309
868 883 310
1563 1578 311
1205 1211 312
514 553 313
1110 1111 314
270 414 315
764 1854 316
52 953 317
1262 1287 318
1730 1731 319
1144 1149 320
864 865 321
1410 1432 322
1769 1770 323
1312 1314 324
1362 1363 325
774 852 326
634 676 327
1415 1822 328
1007 1044 329
1507 1509 330
1084 1115 331
1128 1143 332
891 892 333
1215 1218 334
591 658 335
1590 1594 336
1356 1364 337
1809 1818 338
1514 1527 339
946 976 340
1044 1105 341
1641 1670 342
960 961 343
1551 1552 344
655 679 345
587 645 346
369 767 347
1120 1832 348
1460 1500 349
1604 1611 350
385 645 351
1715 1716 352
1768 1769 353
1337 1343 354
1503 1534 355
1421 1428 356
325 327 357
658 760 358
25 36 359
1362 1364 360
650 1309 361
1731 1733 362
1352 1390 363
587 1809 364
1374 1396 365
1583 1589 366
194 216 367
1525 1526 368
1413 1440 369
1474 1480 370
1444 1489 371
462 1821 372
1506 1507 373
1033 1120 374
1462 1469 375
419 420 376
1244 1263 377
1268 1272 378
1733 1734 379
976 1847 380
1272 1285 381
44 46 382
1008 1097 383
1265 1267 384
1723 1725 385
418 546 386
1241 1244 387
82 83 388
950 1064 389
1416 1433 390
1433 1450 391
1713 1714 392
326 333 393
1125 1144 394
1450 1462 395
1157 1169 396
1726 1728 397
564 565 398
794 795 399
1218 1241 400
419 861 401
510 537 402
1105 1225 403
1396 1402 404
1693 1694 405
1591 1611 406
462 1808 407
1403 1416 408
1503 1819 409
419 1142 410
1188 1199 411
1417 1421 412
1350 1601 413
679 701 414
1261 1262 415
1194 1426 416
1469 1474 417
419 1829 418
333 1843 419
133 178 420
307 345 421
537 548 422
1225 1248 423
155 157 424
1256 1268 425
1111 1233 426
1725 1727 427
420 717 428
1120 1212 429
1576 1581 430
760 926 431
1031 1136 432
1347 1822 433
1541 1547 434
177 188 435
966 1228 436
1431 1436 437
1199 1210 438
1395 1413 439
1489 1551 440
616 645 441
1567 1576 442
886 891 443
1402 1414 444
1064 1849 445
1591 1771 446
1684 1687 447
1811 1814 448
1097 1847 449
82 720 450
1358 1360 451
981 993 452
653 716 453
986 992 454
1103 1104 455
892 894 456
1140 1152 457
259 264 458
179 869 459
1372 1395 460
1615 1619 461
507 541 462
1484 1494 463
386 388 464
22 25 465
1554 1558 466
1670 1679 467
615 650 468
617 1176 469
1752 1753 470
318 1843 471
625 656 472
515 1212 473
340 353 474
495 504 475
553 591 476
1304 1347 477
160 169 478
46 47 479
1360 1384 480
52 62 481
561 575 482
872 894 483
1746 1747 484
1213 1214 485
1419 1444 486
1153 1354 487
1776 1777 488
62 280 489
472 495 490
926 958 491
602 1318 492
1547 1555 493
469 1336 494
1747 1748 495
587 1813 496
1104 1147 497
1485 1486 498
986 1721 499
363 1096 500
484 1829 501
515 1832 502
1210 1213 503
436 472 504
484 1142 505
1685 1688 506
179 180 507
21 97 508
1505 1515 509
1592 1746 510
1838 1839 511
1310 1341 512
652 718 513
1283 1288 514
173 177 515
587 616 516
1412 1417 517
83 119 518
1717 1723 519
1384 1403 520
716 737 521
647 653 522
1214 1226 523
1622 1623 524
318 326 525
1048 1052 526
449 1031 527
1169 1179 528
1434 1437 529
93 94 530
1060 1084 531
441 467 532
602 615 533
600 617 534
1727 1740 535
1803 1805 536
1619 1624 537
1710 1713 538
385 412 539
82 548 540
1613 1615 541
365 366 542
340 1839 543
993 1310 544
216 229 545
391 408 546
1734 1736 547
988 989 548
1810 1811 549
1007 1310 550
1678 1684 551
654 673 552
588 602 553
718 725 554
889 949 555
984 987 556
369 1765 557
1343 1355 558
1611 1641 559
236 309 560
680 681 561
1136 1198 562
1153 1201 563
339 515 564
619 1616 565
157 164 566
94 97 567
790 835 568
1121 1624 569
345 361 570
52 1194 571
1753 1754 572
410 418 573
1687 1695 574
923 939 575
1331 1352 576
746 751 577
1039 1718 578
440 1830 579
155 389 580
455 456 581
169 170 582
639 647 583
1641 1771 584
650 654 585
1558 1559 586
1606 1633 587
633 714 588
917 966 589
317 318 590
1548 1554 591
569 655 592
1503 1591 593
1799 1806 594
1119 1125 595
327 335 596
617 715 597
607 1350 598
638 981 599
1123 1140 600
328 349 601
1263 1274 602
1363 1368 603
1371 1372 604
1592 1595 605
993 1007 606
1021 1026 607
1623 1628 608
1341 1359 609
932 933 610
959 1005 611
908 923 612
1585 1690 613
506 533 614
1494 1505 615
431 436 616
874 878 617
856 908 618
725 742 619
878 886 620
1293 1294 621
939 959 622
1267 1527 623
619 620 624
681 790 625
636 637 626
1194 1350 627
1243 1256 628
1549 1553 629
1679 1682 630
406 407 631
1296 1514 632
1052 1106 633
1353 1358 634
408 422 635
1034 1035 636
624 625 637
751 774 638
967 986 639
1004 1048 640
430 441 641
742 776 642
82 119 643
448 449 644
533 558 645
1528 1745 646
1430 1434 647
1198 1255 648
922 1159 649
1419 1553 650
645 674 651
1391 1394 652
1466 1472 653
737 784 654
1037 1043 655
1472 1482 656
1582 1583 657
213 429 658
556 557 659
428 429 660
1014 1037 661
1179 1186 662
1703 1710 663
150 1771 664
1440 1467 665
74 108 666
801 884 667
972 1611 668
1703 1740 669
694 705 670
415 869 671
745 746 672
467 486 673
504 571 674
208 1127 675
1107 1722 676
1226 1227 677
1805 1807 678
720 762 679
638 1359 680
486 506 681
865 954 682
1294 1317 683
776 777 684
680 1269 685
82 762 686
1418 1419 687
1592 1745 688
827 889 689
1594 1596 690
1559 1567 691
745 751 692
612 643 693
746 774 694
331 339 695
181 328 696
1751 1752 697
398 1147 698
1385 1391 699
1766 1768 700
1628 1631 701
172 173 702
1601 1625 703
914 920 704
335 336 705
369 930 706
1575 1577 707
1026 1041 708
1533 1535 709
587 917 710
1005 1015 711
1091 1285 712
1595 1598 713
648 652 714
1108 1325 715
870 874 716
1409 1412 717
1274 1315 718
1501 1506 719
1561 1585 720
1695 1698 721
21 22 722
1437 1445 723
1796 1799 724
1113 1807 725
673 1238 726
1075 1109 727
353 371 728
101 414 729
1201 1242 730
333 340 731
1607 1616 732
1783 1784 733
1757 1758 734
1043 1045 735
1107 1114 736
1535 1541 737
792 827 738
1754 1755 739
840 841 740
349 359 741
515 597 742
164 389 743
578 609 744
1756 1757 745
386 546 746
922 932 747
71 72 748
1317 1344 749
1191 1663 750
1559 1751 751
568 569 752
642 648 753
982 988 754
1383 1385 755
461 462 756
699 732 757
549 588 758
366 381 759
1071 1075 760
1495 1501 761
53 62 762
1045 1047 763
1091 1526 764
341 363 765
1267 1283 766
164 172 767
1109 1122 768
1692 1693 769
1436 1448 770
1515 1524 771
1032 1164 772
1345 1353 773
673 711 774
609 649 775
1511 1539 776
83 96 777
409 421 778
984 1107 779
1755 1756 780
541 549 781
1758 1759 782
99 115 783
279 289 784
422 424 785
156 160 786
420 484 787
1631 1632 788
1191 1192 789
1200 1717 790
458 536 791
1018 1549 792
418 453 793
1379 1383 794
1598 1759 795
1662 1664 796
29 75 797
626 715 798
1577 1582 799
1559 1748 800
302 344 801
915 1019 802
72 73 803
62 74 804
777 800 805
1394 1397 806
732 750 807
638 1698 808
424 437 809
487 817 810
1092 1113 811
89 93 812
587 890 813
705 745 814
1018 1021 815
879 914 816
1397 1400 817
1555 1556 818
871 872 819
302 883 820
1524 1622 821
52 266 822
374 391 823
31 456 824
1028 1039 825
55 1336 826
1381 1420 827
1528 1531 828
180 181 829
437 468 830
449 1013 831
423 425 832
421 431 833
558 598 834
1355 1357 835
1486 1488 836
1784 1785 837
1113 1123 838
525 1812 839
412 418 840
302 540 841
1483 1496 842
302 308 843
192 351 844
531 587 845
1862 1863 846
1800 1803 847
1319 1332 848
1200 1716 849
461 643 850
1782 1783 851
1114 1118 852
568 1455 853
1432 1460 854
1248 1310 855
233 242 856
1167 1738 857
620 622 858
154 155 859
915 949 860
473 1269 861
1779 1780 862
920 922 863
1539 1560 864
1113 1810 865
1369 1379 866
1400 1404 867
626 627 868
1496 1511 869
841 848 870
808 910 871
958 1032 872
638 639 873
800 810 874
1204 1249 875
1325 1398 876
1227 1237 877
232 233 878
784 787 879
425 440 880
1289 1777 881
396 409 882
1186 1196 883
1677 1678 884
336 348 885
739 792 886
1235 1243 887
938 1014 888
1574 1575 889
1581 1592 890
493 510 891
1448 1452 892
622 623 893
1047 1062 894
302 369 895
1453 1466 896
1664 1665 897
900 1846 898
1736 1739 899
476 477 900
1491 1493 901
641 642 902
964 999 903
1688 1697 904
1787 1788 905
115 133 906
398 399 907
1138 1139 908
1617 1630 909
28 29 910
73 77 911
102 106 912
1478 1484 913
236 264 914
525 612 915
381 396 916
1780 1781 917
468 494 918
855 870 919
361 370 920
265 271 921
55 469 922
1781 1782 923
1366 1368 924
1333 1410 925
1682 1703 926
900 943 927
664 694 928
726 738 929
1267 1533 930
302 307 931
637 710 932
412 674 933
915 1004 934
1441 1503 935
236 1529 936
1340 1766 937
1020 1060 938
1542 1548 939
849 856 940
415 1063 941
238 848 942
1404 1427 943
1062 1071 944
739 1106 945
249 838 946
884 1414 947
1196 1251 948
1482 1491 949
271 279 950
829 850 951
1316 1319 952
851 855 953
935 964 954
1192 1202 955
785 1726 956
711 739 957
1073 1085 958
1673 1674 959
1010 1054 960
1118 1119 961
655 701 962
1288 1296 963
943 1011 964
1010 1387 965
1122 1126 966
1612 1613 967
77 78 968
835 900 969
1455 1483 970
646 1607 971
265 838 972
933 936 973
924 968 974
1167 1254 975
1427 1430 976
236 237 977
100 101 978
423 1830 979
106 112 980
302 526 981
126 680 982
633 1775 983
795 928 984
750 779 985
31 229 986
1296 1312 987
623 646 988
927 1253 989
633 634 990
823 829 991
810 915 992
527 528 993
497 570 994
1401 1409 995
1560 1600 996
1164 1280 997
1066 1676 998
697 699 999
385 386 1000
491 562 1001
1255 1330 1002
1632 1640 1003
649 703 1004
515 614 1005
821 826 1006
1471 1478 1007
78 79 1008
631 683 1009
126 259 1010
302 481 1011
1600 1617 1012
1291 1779 1013
339 614 1014
828 849 1015
104 111 1016
1296 1493 1017
954 1040 1018
1171 1187 1019
588 1361 1020
503 507 1021
1085 1121 1022
1020 1251 1023
611 633 1024
1484 1598 1025
1452 1463 1026
473 1011 1027
872 879 1028
1788 1789 1029
787 823 1030
31 32 1031
1674 1677 1032
1366 1367 1033
1650 1653 1034
192 193 1035
1162 1223 1036
1282 1289 1037
405 423 1038
473 474 1039
624 1298 1040
826 828 1041
1658 1662 1042
474 493 1043
496 497 1044
910 985 1045
79 89 1046
689 697 1047
302 930 1048
1785 1786 1049
238 239 1050
21 104 1051
192 373 1052
1253 1281 1053
850 854 1054
902 1079 1055
1344 1345 1056
1463 1468 1057
876 1860 1058
1361 1381 1059
701 720 1060
1638 1650 1061
944 1017 1062
493 548 1063
192 212 1064
1655 1658 1065
115 146 1066
235 304 1067
1532 1536 1068
1332 1338 1069
1531 1532 1070
910 1858 1071
999 1020 1072
449 539 1073
1786 1787 1074
669 689 1075
708 808 1076
1653 1654 1077
830 846 1078
517 561 1079
761 793 1080
171 176 1081
419 1324 1082
1651 1655 1083
219 232 1084
453 469 1085
641 1315 1086
348 358 1087
358 374 1088
863 1010 1089
683 729 1090
440 466 1091
740 780 1092
384 1200 1093
107 170 1094
641 1488 1095
1850 1855 1096
1070 1293 1097
1079 1168 1098
1095 1124 1099
330 341 1100
254 586 1101
1630 1644 1102
95 102 1103
31 632 1104
1275 1282 1105
646 669 1106
748 749 1107
1237 1240 1108
1398 1399 1109
1042 1108 1110
127 218 1111
704 728 1112
289 296 1113
225 1570 1114
1468 1471 1115
55 71 1116
351 373 1117
1011 1846 1118
108 118 1119
1365 1369 1120
903 916 1121
940 951 1122
1230 1235 1123
1070 1242 1124
384 1838 1125
473 1095 1126
1365 1445 1127
126 629 1128
477 579 1129
685 754 1130
1070 1073 1131
916 935 1132
239 248 1133
820 821 1134
213 214 1135
584 606 1136
1041 1070 1137
101 228 1138
451 464 1139
1138 1859 1140
419 1504 1141
780 1840 1142
49 50 1143
1054 1129 1144
386 418 1145
307 361 1146
854 857 1147
1183 1190 1148
1467 1487 1149
232 242 1150
1449 1465 1151
291 324 1152
598 756 1153
1773 1796 1154
1845 1848 1155
126 127 1156
851 1739 1157
1035 1078 1158
1187 1204 1159
96 105 1160
126 551 1161
126 1570 1162
845 924 1163
1357 1365 1164
607 608 1165
857 881 1166
525 1806 1167
254 342 1168
242 249 1169
1524 1528 1170
193 300 1171
248 253 1172
451 738 1173
927 1859 1174
568 1370 1175
1366 1689 1176
1195 1254 1177
98 99 1178
879 880 1179
743 952 1180
384 405 1181
473 493 1182
1195 1738 1183
927 1139 1184
1660 1673 1185
204 211 1186
1393 1401 1187
1602 1612 1188
1170 1171 1189
32 632 1190
16 21 1191
1518 1857 1192
166 171 1193
1015 1018 1194
936 1180 1195
362 430 1196
937 940 1197
1596 1597 1198
695 783 1199
1065 1442 1200
1665 1666 1201
367 481 1202
651 664 1203
1572 1606 1204
1789 1790 1205
219 416 1206
1798 1800 1207
126 218 1208
968 1042 1209
1111 1133 1210
579 631 1211
969 984 1212
464 478 1213
402 412 1214
1270 1663 1215
743 744 1216
302 487 1217
1168 1279 1218
99 666 1219
906 907 1220
1298 1321 1221
547 566 1222
62 118 1223
146 178 1224
237 252 1225
200 1219 1226
1569 1574 1227
570 789 1228
54 64 1229
859 903 1230
744 748 1231
1305 1378 1232
1365 1453 1233
825 830 1234
734 902 1235
1659 1660 1236
181 182 1237
182 359 1238
290 756 1239
192 300 1240
1313 1316 1241
1078 1094 1242
225 240 1243
528 584 1244
521 522 1245
1078 1826 1246
779 788 1247
1447 1464 1248
518 523 1249
770 918 1250
240 1570 1251
1133 1153 1252
927 1855 1253
503 1449 1254
1451 1508 1255
249 265 1256
846 847 1257
1154 1183 1258
112 113 1259
1338 1340 1260
793 887 1261
211 219 1262
1036 1850 1263
562 589 1264
527 1702 1265
304 334 1266
293 294 1267
503 1420 1268
6 16 1269
371 384 1270
728 761 1271
415 416 1272
3 432 1273
1321 1370 1274
895 1638 1275
290 1097 1276
1240 1245 1277
76 363 1278
1764 1823 1279
1065 1066 1280
411 432 1281
129 1439 1282
1146 1154 1283
1492 1495 1284
120 133 1285
1131 1826 1286
1094 1131 1287
1339 1346 1288
1640 1643 1289
564 692 1290
1797 1798 1291
419 479 1292
1518 1519 1293
786 805 1294
1066 1222 1295
98 120 1296
565 692 1297
938 1597 1298
1654 1657 1299
311 343 1300
1399 1451 1301
145 972 1302
32 57 1303
101 120 1304
133 146 1305
1280 1303 1306
272 281 1307
522 523 1308
494 554 1309
1291 1295 1310
1190 1270 1311
735 876 1312
951 952 1313
1382 1393 1314
1536 1538 1315
805 812 1316
150 1503 1317
218 551 1318
1295 1297 1319
126 240 1320
489 503 1321
881 895 1322
432 438 1323
1657 1659 1324
597 614 1325
1649 1651 1326
1121 1133 1327
641 804 1328
523 547 1329
261 285 1330
126 1470 1331
302 367 1332
815 820 1333
64 107 1334
200 1697 1335
531 890 1336
972 1503 1337
126 241 1338
417 460 1339
1556 1557 1340
608 1860 1341
253 256 1342
618 704 1343
754 837 1344
1289 1291 1345
367 1761 1346
423 1834 1347
501 1844 1348
614 1276 1349
1036 1281 1350
263 268 1351
1273 1275 1352
1464 1477 1353
1760 1861 1354
1220 1277 1355
1344 1378 1356
1540 1542 1357
416 1203 1358
590 613 1359
418 1228 1360
101 143 1361
937 1118 1362
261 710 1363
771 845 1364
778 880 1365
187 226 1366
375 376 1367
1297 1308 1368
884 971 1369
383 494 1370
780 1162 1371
752 1180 1372
322 644 1373
382 690 1374
778 969 1375
928 975 1376
969 1091 1377
690 696 1378
240 241 1379
131 1625 1380
1124 1155 1381
384 1834 1382
98 666 1383
355 372 1384
1326 1327 1385
166 1644 1386
401 417 1387
1749 1750 1388
98 143 1389
824 825 1390
1790 1791 1391
18 19 1392
355 401 1393
219 1203 1394
17 20 1395
378 763 1396
127 1470 1397
717 768 1398
367 873 1399
1081 1101 1400
126 225 1401
563 605 1402
383 1276 1403
703 724 1404
847 853 1405
205 1330 1406
518 519 1407
62 266 1408
566 580 1409
936 937 1410
212 536 1411
301 311 1412
825 851 1413
281 283 1414
1308 1313 1415
120 146 1416
35 55 1417
606 659 1418
554 970 1419
721 741 1420
99 133 1421
812 816 1422
324 346 1423
76 126 1424
225 241 1425
453 485 1426
68 539 1427
551 1470 1428
1508 1537 1429
198 211 1430
907 1221 1431
925 955 1432
50 695 1433
367 459 1434
290 598 1435
303 412 1436
907 1163 1437
1277 1322 1438
214 362 1439
633 1562 1440
481 487 1441
1538 1540 1442
1823 1824 1443
741 775 1444
367 402 1445
442 489 1446
343 347 1447
644 666 1448
1064 1132 1449
1794 1797 1450
176 183 1451
68 146 1452
461 542 1453
145 150 1454
120 143 1455
350 378 1456
906 980 1457
66 143 1458
778 782 1459
276 288 1460
460 726 1461
438 780 1462
668 672 1463
816 853 1464
896 1339 1465
549 1708 1466
302 460 1467
627 678 1468
31 68 1469
788 809 1470
290 1743 1471
785 786 1472
200 350 1473
752 753 1474
1270 1377 1475
1101 1116 1476
291 1869 1477
126 277 1478
554 665 1479
127 225 1480
399 443 1481
1376 1666 1482
217 227 1483
57 632 1484
126 1058 1485
296 301 1486
895 938 1487
146 175 1488
285 299 1489
355 460 1490
460 605 1491
293 791 1492
818 859 1493
519 521 1494
417 605 1495
822 824 1496
152 156 1497
490 1087 1498
200 589 1499
323 329 1500
1245 1260 1501
66 297 1502
308 344 1503
57 68 1504
99 146 1505
66 145 1506
1239 1305 1507
696 719 1508
603 651 1509
816 871 1510
450 451 1511
393 517 1512
118 131 1513
131 137 1514
367 387 1515
608 735 1516
898 899 1517
580 593 1518
543 1130 1519
1224 1333 1520
156 839 1521
1793 1794 1522
536 552 1523
319 323 1524
302 303 1525
313 590 1526
1791 1793 1527
294 320 1528
367 529 1529
367 487 1530
1361 1708 1531
256 261 1532
1376 1382 1533
214 217 1534
217 247 1535
571 586 1536
1643 1647 1537
129 143 1538
19 30 1539
786 816 1540
92 95 1541
1077 1086 1542
5 1224 1543
255 373 1544
76 127 1545
753 773 1546
1167 1634 1547
1504 1520 1548
749 752 1549
143 297 1550
814 822 1551
401 563 1552
103 105 1553
98 146 1554
1050 1051 1555
208 209 1556
117 544 1557
5 1837 1558
490 667 1559
633 1051 1560
1036 1706 1561
356 1692 1562
189 803 1563
257 263 1564
899 1221 1565
67 145 1566
407 452 1567
200 491 1568
13 17 1569
977 1529 1570
778 781 1571
35 466 1572
80 193 1573
813 814 1574
1863 1864 1575
1490 1492 1576
809 818 1577
51 466 1578
528 659 1579
927 1036 1580
0 302 1581
782 785 1582
80 837 1583
885 1447 1584
303 529 1585
133 143 1586
165 166 1587
812 813 1588
117 833 1589
367 1517 1590
1647 1649 1591
713 721 1592
129 433 1593
1 35 1594
724 833 1595
200 1040 1596
775 836 1597
120 129 1598
254 290 1599
303 367 1600
570 660 1601
460 529 1602
791 858 1603
356 1367 1604
5 111 1605
346 1869 1606
660 789 1607
3 4 1608
195 198 1609
313 1750 1610
416 1063 1611
897 925 1612
20 23 1613
50 783 1614
463 1130 1615
127 236 1616
290 354 1617
308 387 1618
205 576 1619
383 970 1620
1557 1564 1621
191 614 1622
460 478 1623
1260 1266 1624
574 1036 1625
137 1634 1626
1340 1376 1627
743 781 1628
452 1845 1629
482 535 1630
51 69 1631
1327 1475 1632
804 807 1633
1222 1278 1634
657 713 1635
811 815 1636
137 191 1637
1141 1166 1638
1327 1857 1639
80 685 1640
200 221 1641
258 734 1642
778 1230 1643
531 783 1644
382 383 1645
684 685 1646
247 1743 1647
198 204 1648
356 982 1649
1236 1264 1650
140 141 1651
557 595 1652
356 357 1653
135 1303 1654
1711 1712 1655
18 757 1656
659 1702 1657
338 355 1658
450 465 1659
401 1087 1660
182 187 1661
45 330 1662
352 373 1663
30 39 1664
80 492 1665
80 209 1666
434 482 1667
193 212 1668
535 572 1669
372 401 1670
66 120 1671
1327 1762 1672
344 387 1673
907 980 1674
1264 1286 1675
542 1773 1676
1520 1587 1677
11 12 1678
76 236 1679
354 364 1680
76 1324 1681
1301 1586 1682
302 893 1683
139 272 1684
1333 1837 1685
470 970 1686
240 298 1687
593 594 1688
594 603 1689
0 904 1690
10 101 1691
187 198 1692
376 397 1693
303 873 1694
1279 1302 1695
70 899 1696
5 235 1697
887 921 1698
378 1706 1699
608 1588 1700
1479 1490 1701
729 768 1702
66 67 1703
5 6 1704
11 411 1705
1222 1701 1706
501 543 1707
135 1406 1708
130 146 1709
122 128 1710
247 290 1711
247 362 1712
269 1441 1713
116 146 1714
68 175 1715
2 4 1716
463 501 1717
138 1387 1718
367 460 1719
706 876 1720
0 369 1721
312 657 1722
1112 1202 1723
356 1346 1724
1443 1461 1725
1327 1862 1726
127 151 1727
909 918 1728
187 195 1729
137 1167 1730
139 152 1731
67 129 1732
494 665 1733
666 686 1734
139 839 1735
459 465 1736
893 1083 1737
470 1323 1738
630 1442 1739
68 116 1740
355 465 1741
544 618 1742
1057 1081 1743
505 1377 1744
247 756 1745
227 247 1746
1126 1239 1747
1477 1517 1748
781 782 1749
887 912 1750
1046 1077 1751
1517 1761 1752
18 30 1753
138 863 1754
630 1065 1755
118 266 1756
274 832 1757
65 121 1758
1568 1569 1759
113 122 1760
832 911 1761
8 1618 1762
576 897 1763
438 475 1764
475 502 1765
356 1537 1766
290 586 1767
1163 1221 1768
1406 1443 1769
383 470 1770
0 367 1771
807 811 1772
10 143 1773
356 1689 1774
293 1645 1775
342 438 1776
3 780 1777
885 893 1778
499 500 1779
13 255 1780
129 145 1781
129 255 1782
255 352 1783
356 770 1784
10 99 1785
773 778 1786
109 1749 1787
13 1760 1788
383 554 1789
1271 1273 1790
159 165 1791
86 1844 1792
146 189 1793
470 1223 1794
299 525 1795
14 1618 1796
87 128 1797
899 980 1798
245 334 1799
378 574 1800
293 858 1801
768 944 1802
460 490 1803
1112 1146 1804
706 1634 1805
39 45 1806
116 175 1807
224 231 1808
116 755 1809
858 897 1810
11 1323 1811
84 117 1812
778 1476 1813
342 756 1814
2 54 1815
980 1163 1816
137 260 1817
320 332 1818
364 377 1819
1081 1116 1820
11 1764 1821
356 896 1822
589 630 1823
139 1422 1824
1762 1864 1825
3 11 1826
0 384 1827
153 1636 1828
50 51 1829
10 146 1830
11 283 1831
67 269 1832
305 306 1833
1266 1271 1834
621 1585 1835
76 1704 1836
1195 1424 1837
87 284 1838
502 532 1839
1086 1112 1840
11 1422 1841
8 148 1842
86 1853 1843
10 98 1844
0 485 1845
2 3 1846
76 140 1847
338 667 1848
109 1220 1849
219 267 1850
757 1051 1851
5 1301 1852
215 291 1853
18 1051 1854
1564 1565 1855
139 1824 1856
672 691 1857
175 635 1858
383 719 1859
896 1286 1860
14 56 1861
54 284 1862
707 708 1863
912 921 1864
67 212 1865
11 665 1866
1504 1778 1867
3 342 1868
129 212 1869
247 254 1870
70 1221 1871
392 1706 1872
225 298 1873
231 1668 1874
1239 1602 1875
197 201 1876
0 1 1877
201 207 1878
0 1465 1879
109 613 1880
595 1050 1881
356 771 1882
586 756 1883
799 973 1884
660 1841 1885
0 303 1886
10 120 1887
137 139 1888
140 189 1889
175 288 1890
1476 1479 1891
269 1036 1892
14 175 1893
274 911 1894
11 137 1895
299 368 1896
141 151 1897
66 334 1898
678 799 1899
14 955 1900
109 1129 1901
0 1519 1902
143 244 1903
5 401 1904
427 531 1905
347 360 1906
909 1046 1907
267 322 1908
110 413 1909
0 69 1910
60 635 1911
2 284 1912
303 460 1913
175 1141 1914
1307 1573 1915
755 979 1916
86 1858 1917
129 138 1918
151 484 1919
1389 1454 1920
576 687 1921
470 1349 1922
13 20 1923
392 574 1924
153 319 1925
1131 1193 1926
137 266 1927
0 442 1928
86 843 1929
983 1002 1930
137 1195 1931
660 733 1932
1009 1057 1933
3 475 1934
166 183 1935
378 392 1936
799 1386 1937
401 460 1938
470 554 1939
10 129 1940
129 373 1941
68 189 1942
14 148 1943
57 130 1944
267 668 1945
618 761 1946
231 234 1947
11 118 1948
66 244 1949
230 434 1950
1017 1029 1951
1587 1778 1952
205 206 1953
1320 1487 1954
158 159 1955
18 595 1956
378 927 1957
1388 1389 1958
138 352 1959
11 438 1960
81 129 1961
10 66 1962
10 175 1963
175 306 1964
542 796 1965
1566 1568 1966
123 352 1967
310 329 1968
1565 1566 1969
10 100 1970
223 224 1971
1112 1236 1972
139 260 1973
86 985 1974
137 706 1975
0 1708 1976
131 191 1977
150 200 1978
60 175 1979
81 433 1980
572 592 1981
5 747 1982
5 200 1983
68 130 1984
1002 1009 1985
130 175 1986
463 543 1987
149 463 1988
81 255 1989
65 175 1990
70 831 1991
255 1320 1992
200 1661 1993
268 273 1994
1868 1870 1995
338 747 1996
59 103 1997
66 245 1998
109 168 1999
153 975 2000
1155 1165 2001
10 145 2002
921 983 2003
86 1712 2004
147 175 2005
153 274 2006
11 139 2007
207 210 2008
209 1375 2009
13 1166 2010
198 267 2011
338 401 2012
0 5 2013
210 215 2014
200 378 2015
357 505 2016
168 581 2017
60 712 2018
13 306 2019
109 445 2020
221 269 2021
1586 1661 2022
1636 1671 2023
110 168 2024
60 538 2025
0 1083 2026
107 114 2027
10 228 2028
275 276 2029
14 332 2030
269 378 2031
1571 1599 2032
303 1517 2033
5 338 2034
338 490 2035
1475 1864 2036
3 10 2037
81 492 2038
0 427 2039
364 628 2040
516 560 2041
10 1229 2042
76 141 2043
139 1349 2044
10 68 2045
109 257 2046
200 972 2047
1320 1572 2048
80 81 2049
296 834 2050
183 184 2051
635 712 2052
303 356 2053
659 831 2054
403 1407 2055
2 139 2056
123 129 2057
116 189 2058
80 273 2059
87 107 2060
147 215 2061
117 618 2062
621 1588 2063
446 538 2064
267 834 2065
110 1461 2066
11 131 2067
60 446 2068
332 1407 2069
175 305 2070
13 24 2071
2 11 2072
56 60 2073
189 796 2074
23 24 2075
438 532 2076
175 454 2077
109 1375 2078
8 14 2079
2 86 2080
88 121 2081
921 1009 2082
0 453 2083
11 470 2084
332 1795 2085
736 834 2086
305 670 2087
404 463 2088
560 581 2089
63 621 2090
63 87 2091
175 452 2092
61 479 2093
413 511 2094
273 282 2095
443 516 2096
621 973 2097
10 116 2098
3 532 2099
772 1841 2100
206 246 2101
81 1278 2102
88 147 2103
542 596 2104
1116 1158 2105
377 390 2106
81 1222 2107
10 438 2108
60 88 2109
45 757 2110
91 1704 2111
7 446 2112
532 559 2113
129 352 2114
397 435 2115
356 909 2116
403 1546 2117
190 1711 2118
13 81 2119
81 1701 2120
403 1795 2121
9 13 2122
338 465 2123
13 86 2124
190 1571 2125
7 246 2126
10 475 2127
125 134 2128
65 147 2129
463 1546 2130
57 206 2131
0 35 2132
244 334 2133
2 63 2134
13 452 2135
30 45 2136
45 76 2137
141 189 2138
88 346 2139
733 772 2140
116 979 2141
147 692 2142
215 220 2143
134 447 2144
1051 1627 2145
0 51 2146
60 147 2147
110 836 2148
174 445 2149
269 630 2150
275 596 2151
275 500 2152
136 1573 2153
207 215 2154
0 244 2155
91 149 2156
45 189 2157
10 977 2158
7 687 2159
65 1425 2160
0 893 2161
132 393 2162
505 896 2163
110 193 2164
141 1029 2165
153 314 2166
0 1868 2167
10 45 2168
76 151 2169
244 245 2170
0 186 2171
380 552 2172
1038 1099 2173
91 147 2174
426 542 2175
81 138 2176
88 768 2177
61 1456 2178
81 282 2179
10 454 2180
505 885 2181
147 712 2182
223 1454 2183
10 277 2184
138 295 2185
2 10 2186
116 130 2187
90 404 2188
45 1456 2189
310 313 2190
138 1320 2191
10 1058 2192
1605 1762 2193
10 14 2194
403 404 2195
10 559 2196
230 482 2197
905 1038 2198
10 147 2199
10 666 2200
147 199 2201
86 243 2202
86 463 2203
305 758 2204
621 799 2205
303 338 2206
203 686 2207
91 92 2208
86 149 2209
2 9 2210
80 109 2211
11 191 2212
86 543 2213
87 114 2214
0 1866 2215
135 1231 2216
275 1861 2217
109 209 2218
10 247 2219
310 314 2220
10 13 2221
9 70 2222
10 252 2223
10 11 2224
90 149 2225
109 258 2226
190 1424 2227
86 87 2228
91 1029 2229
58 1165 2230
109 174 2231
11 532 2232
20 24 2233
9 81 2234
10 130 2235
390 628 2236
10 76 2237
2 191 2238
45 595 2239
520 911 2240
136 175 2241
9 87 2242
511 604 2243
1475 1605 2244
520 1158 2245
81 123 2246
110 153 2247
10 1867 2248
136 275 2249
269 392 2250
206 979 2251
250 1828 2252
196 215 2253
621 706 2254
0 1867 2255
88 220 2256
10 532 2257
109 313 2258
190 901 2259
10 189 2260
88 215 2261
10 255 2262
116 136 2263
581 1231 2264
85 1645 2265
147 151 2266
0 909 2267
10 245 2268
10 141 2269
15 175 2270
80 278 2271
14 85 2272
91 403 2273
110 1012 2274
81 352 2275
10 1132 2276
58 59 2277
278 707 2278
174 258 2279
132 153 2280
138 223 2281
88 1425 2282
7 14 2283
275 670 2284
10 123 2285
13 27 2286
86 190 2287
147 1425 2288
15 147 2289
483 512 2290
9 621 2291
27 70 2292
27 444 2293
269 867 2294
9 63 2295
684 1231 2296
2 15 2297
84 85 2298
153 174 2299
7 8 2300
110 312 2301
58 184 2302
203 230 2303
110 135 2304
630 867 2305
9 24 2306
9 114 2307
117 132 2308
81 273 2309
26 1668 2310
901 1016 2311
124 125 2312
136 147 2313
110 581 2314
27 678 2315
174 1438 2316
691 736 2317
132 1438 2318
136 979 2319
1827 1835 2320
85 116 2321
110 511 2322
274 520 2323
27 907 2324
136 842 2325
147 596 2326
14 979 2327
88 91 2328
174 314 2329
200 806 2330
61 189 2331
27 621 2332
10 692 2333
10 712 2334
0 896 2335
13 26 2336
147 426 2337
9 86 2338
136 199 2339
10 136 2340
70 114 2341
85 971 2342
26 234 2343
190 1856 2344
153 310 2345
136 1562 2346
10 151 2347
45 61 2348
10 86 2349
0 144 2350
10 61 2351
85 755 2352
196 1587 2353
426 596 2354
41 42 2355
483 582 2356
174 310 2357
14 136 2358
130 136 2359
199 596 2360
1820 1833 2361
86 90 2362
147 196 2363
10 244 2364
230 251 2365
27 899 2366
85 447 2367
124 582 2368
24 86 2369
61 76 2370
85 86 2371
109 144 2372
27 1193 2373
10 1866 2374
138 142 2375
161 167 2376
110 1231 2377
278 1302 2378
136 189 2379
15 136 2380
312 1299 2381
136 596 2382
10 85 2383
10 158 2384
158 390 2385
368 426 2386
27 1221 2387
27 352 2388
85 1307 2389
203 1545 2390
905 1833 2391
26 138 2392
132 1635 2393
15 76 2394
10 15 2395
9 85 2396
395 483 2397
132 1098 2398
85 110 2399
27 114 2400
132 274 2401
15 88 2402
85 454 2403
15 189 2404
1016 1856 2405
124 512 2406
109 581 2407
1059 1320 2408
85 109 2409
136 758 2410
27 42 2411
124 524 2412
592 601 2413
15 91 2414
41 161 2415
772 905 2416
91 1016 2417
9 1871 2418
85 332 2419
142 295 2420
124 1299 2421
109 1231 2422
1059 1661 2423
630 806 2424
10 298 2425
132 174 2426
9 27 2427
15 65 2428
199 426 2429
85 403 2430
132 314 2431
136 426 2432
85 604 2433
10 81 2434
167 1457 2435
24 27 2436
109 110 2437
9 10 2438
144 186 2439
142 223 2440
15 86 2441
26 223 2442
223 806 2443
27 86 2444
9 142 2445
512 573 2446
124 573 2447
124 1231 2448
26 1386 2449
161 278 2450
85 979 2451
196 197 2452
1098 1348 2453
153 185 2454
162 834 2455
132 520 2456
81 867 2457
498 1835 2458
7 136 2459
27 1320 2460
85 136 2461
85 511 2462
27 85 2463
379 772 2464
132 1158 2465
85 125 2466
81 610 2467
85 1012 2468
27 1599 2469
26 85 2470
15 128 2471
135 144 2472
41 1457 2473
136 1626 2474
85 124 2475
42 142 2476
196 435 2477
185 310 2478
85 707 2479
524 573 2480
1605 1865 2481
196 207 2482
142 278 2483
550 1827 2484
10 390 2485
85 278 2486
85 90 2487
15 141 2488
124 222 2489
174 222 2490
15 243 2491
85 132 2492
9 26 2493
15 149 2494
110 144 2495
136 162 2496
27 262 2497
15 275 2498
85 91 2499
174 185 2500
530 545 2501
85 573 2502
26 27 2503
26 278 2504
185 1671 2505
379 380 2506
85 512 2507
10 27 2508
15 250 2509
85 1473 2510
43 255 2511
498 530 2512
278 1457 2513
24 85 2514
1351 1672 2515
512 582 2516
9 471 2517
269 1059 2518
15 130 2519
269 1351 2520
43 81 2521
26 41 2522
26 1320 2523
15 87 2524
85 134 2525
136 1707 2526
26 806 2527
10 26 2528
9 1498 2529
610 1820 2530
26 142 2531
185 1473 2532
269 610 2533
185 1299 2534
27 278 2535
162 360 2536
185 1635 2537
7 85 2538
136 196 2539
15 90 2540
85 806 2541
27 190 2542
34 190 2543
190 1250 2544
26 471 2545
26 167 2546
15 199 2547
162 426 2548
144 1231 2549
15 196 2550
806 1351 2551
545 550 2552
85 1231 2553
15 151 2554
524 582 2555
223 682 2556
15 1425 2557
630 682 2558
15 63 2559
43 85 2560
13 43 2561
27 167 2562
185 1626 2563
185 1707 2564
15 1029 2565
185 278 2566
144 244 2567
610 1672 2568
15 1828 2569
185 222 2570
9 43 2571
610 1099 2572
43 86 2573
199 337 2574
15 712 2575
144 1865 2576
43 70 2577
185 314 2578
27 1498 2579
15 61 2580
85 524 2581
185 524 2582
10 43 2583
15 426 2584
550 567 2585
109 185 2586
610 806 2587
15 337 2588
136 1691 2589
163 199 2590
85 185 2591
15 596 2592
1231 1423 2593
1423 1870 2594
163 426 2595
26 43 2596
27 43 2597
132 185 2598
379 1056 2599
196 1873 2600
163 1627 2601
43 114 2602
185 582 2603
394 1348 2604
144 1605 2605
24 43 2606
163 251 2607
567 682 2608
394 395 2609
15 58 2610
202 203 2611
33 1250 2612
37 1250 2613
682 806 2614
610 1351 2615
379 498 2616
43 806 2617
15 43 2618
33 34 2619
43 142 2620
162 1872 2621
34 37 2622
43 1871 2623
163 601 2624
199 1691 2625
144 1423 2626
85 394 2627
610 1056 2628
27 33 2629
43 144 2630
43 190 2631
43 262 2632
162 202 2633
43 471 2634
379 682 2635
162 1691 2636
43 1498 2637
162 163 2638
162 480 2639
163 1872 2640
162 1709 2641
43 1059 2642
144 1705 2643
144 1497 2644
37 43 2645
43 1497 2646
480 1709 2647
43 1705 2648
15 1497 2649
1691 1873 2650
15 1705 2651
202 1709 2652
1423 1705 2653
33 43 2654
1423 1497 2655
185 394 2656
610 682 2657
163 1709 2658
