358 409 1
171 310 2
90 633 3
450 633 4
179 633 5
310 1079 6
179 450 7
450 808 8
633 808 9
450 878 10
90 179 11
179 808 12
90 808 13
100 171 14
171 179 15
171 1079 16
90 450 17
179 878 18
207 409 19
633 878 20
72 409 21
28 44 22
100 310 23
207 358 24
91 1068 25
808 878 26
28 82 27
31 336 28
170 171 29
90 91 30
90 878 31
711 1023 32
205 409 33
116 711 34
116 871 35
82 84 36
116 1024 37
116 1023 38
94 622 39
28 343 40
808 1044 41
631 633 42
51 574 43
72 358 44
232 233 45
711 1024 46
69 171 47
51 52 48
28 84 49
90 198 50
168 170 51
343 889 52
1023 1024 53
51 232 54
168 310 55
89 91 56
242 409 57
632 633 58
51 233 59
168 171 60
171 198 61
44 343 62
52 574 63
343 344 64
622 921 65
89 1068 66
204 205 67
90 310 68
28 344 69
44 344 70
169 171 71
90 168 72
91 951 73
171 239 74
205 206 75
207 242 76
335 336 77
68 171 78
171 240 79
90 171 80
90 199 81
169 170 82
889 1025 83
243 335 84
168 169 85
171 199 86
169 310 87
808 1045 88
170 286 89
28 912 90
171 877 91
876 877 92
14 15 93
77 912 94
909 910 95
90 170 96
631 632 97
205 358 98
233 875 99
51 875 100
84 355 101
233 381 102
30 31 103
889 982 104
336 935 105
94 921 106
171 286 107
15 673 108
31 298 109
51 505 110
82 83 111
68 69 112
910 959 113
1044 1045 114
52 98 115
31 934 116
233 236 117
168 286 118
92 213 119
50 51 120
450 910 121
171 241 122
203 205 123
242 273 124
13 673 125
51 98 126
90 169 127
89 951 128
91 1034 129
50 98 130
91 950 131
169 286 132
83 820 133
232 875 134
51 236 135
100 430 136
243 244 137
77 267 138
28 911 139
233 382 140
83 84 141
83 136 142
93 213 143
13 14 144
83 606 145
909 959 146
276 409 147
51 506 148
522 523 149
77 136 150
90 436 151
171 876 152
606 820 153
100 1079 154
171 436 155
271 379 156
90 286 157
76 77 158
911 912 159
205 276 160
207 208 161
51 213 162
89 1034 163
90 910 164
239 240 165
242 397 166
72 338 167
77 266 168
77 622 169
89 950 170
574 806 171
28 77 172
49 263 173
101 263 174
18 45 175
69 241 176
267 622 177
273 397 178
381 382 179
184 338 180
1034 1068 181
71 72 182
358 365 183
68 241 184
92 93 185
137 138 186
242 930 187
83 132 188
72 365 189
242 337 190
271 925 191
50 52 192
239 241 193
77 411 194
136 266 195
240 241 196
271 279 197
136 411 198
18 320 199
206 370 200
184 242 201
20 320 202
28 29 203
505 506 204
271 272 205
472 489 206
950 951 207
320 434 208
171 248 209
20 293 210
45 227 211
19 45 212
171 474 213
285 1056 214
90 463 215
198 199 216
90 474 217
19 320 218
20 45 219
358 370 220
171 473 221
90 473 222
13 15 223
307 451 224
305 307 225
306 307 226
90 522 227
204 206 228
171 463 229
203 204 230
203 206 231
183 184 232
284 285 233
18 293 234
20 461 235
49 822 236
18 117 237
48 49 238
20 227 239
20 460 240
44 49 241
49 748 242
49 270 243
19 293 244
45 251 245
90 523 246
305 451 247
136 858 248
929 1042 249
17 18 250
20 292 251
20 459 252
50 213 253
18 435 254
170 436 255
306 451 256
310 436 257
18 792 258
19 227 259
18 20 260
305 306 261
422 1042 262
310 463 263
19 292 264
18 19 265
422 929 266
20 472 267
19 117 268
169 463 269
460 462 270
18 434 271
19 20 272
175 443 273
184 273 274
461 462 275
459 462 276
174 443 277
17 19 278
19 434 279
19 792 280
19 435 281
19 472 282
174 175 283
459 461 284
460 461 285
459 460 286
