175 443 1
631 633 2
100 171 3
632 633 4
631 632 5
90 633 6
174 443 7
242 409 8
90 450 9
179 633 10
633 808 11
179 450 12
450 633 13
14 15 14
90 808 15
450 808 16
13 14 17
90 910 18
100 310 19
13 15 20
179 808 21
15 673 22
450 910 23
13 673 24
174 175 25
100 1079 26
633 878 27
450 878 28
808 1045 29
28 44 30
77 912 31
171 1079 32
207 409 33
808 878 34
28 77 35
179 878 36
90 878 37
90 179 38
207 242 39
711 1023 40
911 912 41
51 233 42
116 711 43
711 1024 44
116 1024 45
116 1023 46
1023 1024 47
82 84 48
44 343 49
808 1044 50
51 232 51
310 1079 52
909 910 53
51 52 54
116 871 55
232 233 56
876 877 57
51 574 58
44 344 59
910 959 60
28 912 61
51 98 62
51 875 63
233 875 64
171 876 65
232 875 66
233 236 67
52 98 68
83 84 69
171 877 70
72 409 71
207 358 72
52 574 73
335 336 74
207 208 75
50 51 76
90 169 77
90 170 78
205 409 79
1044 1045 80
76 77 81
358 409 82
28 343 83
51 236 84
77 266 85
276 409 86
171 310 87
136 858 88
77 411 89
168 170 90
77 267 91
84 355 92
90 310 93
171 179 94
242 337 95
889 982 96
90 168 97
243 335 98
169 170 99
336 935 100
889 1025 101
28 911 102
136 266 103
50 98 104
170 171 105
909 959 106
90 171 107
50 52 108
136 411 109
171 248 110
168 169 111
44 49 112
343 344 113
28 84 114
343 889 115
574 806 116
82 83 117
28 82 118
31 336 119
77 136 120
271 925 121
89 91 122
169 171 123
271 379 124
242 930 125
89 951 126
271 272 127
271 279 128
28 344 129
89 950 130
91 950 131
83 136 132
91 951 133
89 1068 134
170 286 135
184 242 136
950 951 137
89 1034 138
171 239 139
90 286 140
168 171 141
91 1068 142
242 397 143
90 91 144
51 506 145
100 430 146
1034 1068 147
168 286 148
170 436 149
90 436 150
91 1034 151
243 244 152
51 505 153
90 463 154
267 622 155
171 286 156
77 622 157
45 251 158
233 382 159
205 276 160
233 381 161
72 338 162
169 286 163
184 338 164
69 171 165
90 198 166
171 241 167
242 273 168
239 241 169
168 310 170
171 240 171
45 227 172
101 263 173
239 240 174
240 241 175
90 473 176
18 45 177
622 921 178
49 263 179
72 358 180
169 310 181
69 241 182
90 474 183
71 72 184
72 365 185
92 93 186
94 622 187
90 199 188
171 436 189
68 171 190
358 365 191
68 241 192
19 45 193
51 213 194
94 921 195
68 69 196
205 206 197
83 132 198
83 820 199
169 463 200
20 45 201
381 382 202
28 29 203
171 463 204
19 227 205
205 358 206
20 227 207
204 205 208
83 606 209
204 206 210
203 205 211
206 370 212
18 20 213
31 298 214
203 206 215
203 204 216
90 522 217
606 820 218
171 198 219
20 293 220
18 293 221
19 20 222
183 184 223
18 19 224
19 293 225
93 213 226
18 792 227
19 792 228
31 934 229
171 473 230
19 434 231
30 31 232
18 435 233
90 523 234
310 463 235
19 435 236
18 434 237
358 370 238
50 213 239
171 199 240
92 213 241
19 292 242
422 929 243
171 474 244
198 199 245
310 436 246
17 19 247
273 397 248
929 1042 249
18 117 250
19 117 251
17 18 252
20 292 253
320 434 254
48 49 255
49 270 256
422 1042 257
18 320 258
19 320 259
20 320 260
19 472 261
49 748 262
184 273 263
49 822 264
505 506 265
20 472 266
20 461 267
20 460 268
20 459 269
522 523 270
460 461 271
461 462 272
459 461 273
459 462 274
459 460 275
460 462 276
472 489 277
306 451 278
306 307 279
307 451 280
305 306 281
305 451 282
305 307 283
285 1056 284
284 285 285
137 138 286
