450 633 1
450 808 2
450 910 3
90 450 4
171 310 5
90 633 6
450 878 7
91 1068 8
100 1079 9
310 1079 10
90 808 11
82 84 12
207 409 13
116 871 14
711 1023 15
137 138 16
633 808 17
31 934 18
51 233 19
91 951 20
179 450 21
44 343 22
90 91 23
116 1024 24
30 31 25
711 1024 26
1023 1024 27
90 310 28
91 1034 29
28 344 30
179 633 31
28 82 32
31 298 33
116 711 34
44 344 35
91 950 36
72 409 37
242 409 38
343 344 39
116 1023 40
100 171 41
28 343 42
358 409 43
28 44 44
31 336 45
633 878 46
631 633 47
808 878 48
28 912 49
232 233 50
232 875 51
233 381 52
100 310 53
207 358 54
72 358 55
205 409 56
233 875 57
89 91 58
44 49 59
179 808 60
233 236 61
28 84 62
51 236 63
89 1068 64
169 171 65
169 310 66
90 171 67
170 171 68
171 876 69
233 382 70
28 911 71
909 910 72
808 1044 73
51 875 74
335 336 75
207 242 76
343 889 77
90 179 78
90 878 79
28 29 80
242 273 81
876 877 82
90 169 83
84 355 84
808 1045 85
90 170 86
82 83 87
89 951 88
51 232 89
271 379 90
83 84 91
276 409 92
90 168 93
168 310 94
171 1079 95
271 272 96
28 77 97
171 877 98
285 1056 99
910 959 100
911 912 101
284 285 102
271 279 103
77 912 104
179 878 105
171 179 106
632 633 107
271 925 108
48 49 109
168 169 110
381 382 111
184 242 112
89 950 113
90 910 114
168 171 115
205 358 116
93 213 117
170 436 118
242 397 119
92 213 120
1034 1068 121
100 430 122
169 170 123
77 267 124
89 1034 125
71 72 126
168 170 127
72 365 128
90 436 129
242 337 130
242 930 131
950 951 132
170 286 133
171 286 134
273 397 135
358 365 136
77 136 137
336 935 138
267 622 139
72 338 140
50 213 141
168 286 142
51 213 143
310 436 144
171 241 145
1044 1045 146
77 622 147
243 244 148
205 206 149
50 51 150
622 921 151
171 240 152
51 52 153
83 136 154
169 286 155
909 959 156
239 241 157
207 208 158
240 241 159
239 240 160
49 822 161
90 286 162
94 622 163
76 77 164
13 14 165
19 45 166
14 15 167
101 263 168
203 205 169
171 239 170
243 335 171
77 266 172
92 93 173
69 171 174
184 338 175
13 15 176
50 98 177
13 673 178
205 276 179
68 171 180
77 411 181
136 411 182
204 205 183
889 1025 184
90 463 185
20 45 186
136 266 187
171 436 188
50 52 189
51 98 190
69 241 191
49 270 192
83 132 193
18 45 194
52 98 195
183 184 196
889 982 197
68 241 198
184 273 199
19 20 200
49 263 201
15 673 202
20 227 203
18 19 204
19 227 205
94 921 206
305 306 207
136 858 208
206 370 209
631 632 210
45 227 211
203 204 212
305 307 213
18 20 214
171 198 215
203 206 216
358 370 217
204 206 218
51 574 219
198 199 220
19 293 221
19 434 222
306 307 223
52 574 224
171 248 225
19 117 226
51 506 227
171 463 228
305 451 229
90 199 230
19 292 231
20 293 232
171 199 233
310 463 234
49 748 235
90 198 236
68 69 237
45 251 238
18 293 239
169 463 240
171 473 241
171 474 242
19 792 243
19 320 244
90 473 245
306 451 246
90 522 247
17 19 248
90 474 249
522 523 250
90 523 251
307 451 252
19 435 253
929 1042 254
422 1042 255
422 929 256
20 292 257
18 434 258
20 320 259
18 117 260
18 320 261
320 434 262
83 606 263
51 505 264
18 792 265
83 820 266
19 472 267
17 18 268
18 435 269
20 472 270
574 806 271
606 820 272
505 506 273
461 462 274
175 443 275
174 175 276
459 462 277
174 443 278
20 459 279
20 460 280
20 461 281
460 462 282
459 461 283
472 489 284
459 460 285
460 461 286
