633 808 1
90 808 2
450 808 3
90 633 4
179 808 5
179 633 6
450 633 7
28 44 8
28 911 9
808 1044 10
28 77 11
116 711 12
28 84 13
808 878 14
116 1023 15
179 450 16
711 1023 17
90 179 18
28 343 19
28 82 20
633 878 21
207 358 22
171 310 23
44 49 24
77 136 25
450 878 26
51 233 27
171 179 28
808 1045 29
90 450 30
100 171 31
171 1079 32
179 878 33
51 52 34
72 409 35
207 409 36
72 358 37
90 878 38
171 876 39
1044 1045 40
77 622 41
90 310 42
90 170 43
631 633 44
44 343 45
90 91 46
28 29 47
232 233 48
51 875 49
100 310 50
358 409 51
13 15 52
622 921 53
82 84 54
94 622 55
632 633 56
31 336 57
49 822 58
170 171 59
50 51 60
169 171 61
267 622 62
233 875 63
68 171 64
876 877 65
232 875 66
381 382 67
51 232 68
169 310 69
116 871 70
205 358 71
233 236 72
71 72 73
171 877 74
51 574 75
90 171 76
50 52 77
83 136 78
51 236 79
52 574 80
171 286 81
90 169 82
28 344 83
48 49 84
343 344 85
100 1079 86
72 338 87
207 242 88
242 930 89
44 344 90
89 91 91
91 1034 92
242 409 93
711 1024 94
171 248 95
83 84 96
82 83 97
233 381 98
889 1025 99
69 171 100
169 170 101
310 1079 102
31 934 103
116 1024 104
242 337 105
18 117 106
30 31 107
271 379 108
91 950 109
28 912 110
136 858 111
13 673 112
19 117 113
631 632 114
911 912 115
205 409 116
91 951 117
168 310 118
284 285 119
950 951 120
889 982 121
1023 1024 122
242 397 123
343 889 124
171 239 125
89 951 126
170 286 127
285 1056 128
207 208 129
77 912 130
273 397 131
77 267 132
205 276 133
45 251 134
49 748 135
13 14 136
171 474 137
51 506 138
233 382 139
171 240 140
271 925 141
31 298 142
51 98 143
84 355 144
171 241 145
50 98 146
90 199 147
171 199 148
168 171 149
168 169 150
168 170 151
276 409 152
89 1034 153
243 244 154
18 435 155
909 959 156
52 98 157
94 921 158
90 436 159
206 370 160
90 168 161
171 436 162
89 950 163
271 272 164
17 19 165
49 263 166
76 77 167
90 286 168
168 286 169
909 910 170
450 910 171
100 430 172
336 935 173
137 138 174
18 434 175
169 286 176
91 1068 177
240 241 178
89 1068 179
171 473 180
1034 1068 181
174 443 182
358 370 183
910 959 184
17 18 185
136 266 186
184 338 187
83 606 188
243 335 189
19 435 190
69 241 191
83 132 192
335 336 193
15 673 194
51 505 195
239 241 196
271 279 197
72 365 198
14 15 199
184 273 200
184 242 201
49 270 202
68 241 203
205 206 204
358 365 205
45 227 206
68 69 207
50 213 208
183 184 209
20 227 210
522 523 211
77 266 212
198 199 213
239 240 214
422 1042 215
574 806 216
175 443 217
136 411 218
170 436 219
92 93 220
307 451 221
83 820 222
19 45 223
90 474 224
101 263 225
19 227 226
77 411 227
174 175 228
90 523 229
93 213 230
242 273 231
204 206 232
19 292 233
19 434 234
20 292 235
306 307 236
92 213 237
203 206 238
18 45 239
90 198 240
305 307 241
320 434 242
171 198 243
305 451 244
929 1042 245
18 792 246
305 306 247
90 463 248
20 45 249
306 451 250
461 462 251
171 463 252
90 473 253
18 293 254
204 205 255
203 205 256
90 910 257
51 213 258
606 820 259
18 20 260
19 792 261
19 293 262
310 436 263
460 462 264
505 506 265
422 929 266
459 460 267
90 522 268
472 489 269
20 460 270
310 463 271
459 462 272
20 293 273
169 463 274
203 204 275
18 19 276
19 20 277
19 472 278
18 320 279
20 472 280
460 461 281
20 459 282
19 320 283
459 461 284
20 320 285
20 461 286
