90 91 1
450 633 2
90 633 3
633 808 4
90 450 5
179 633 6
90 808 7
450 808 8
179 808 9
28 44 10
100 310 11
633 878 12
808 878 13
44 49 14
89 91 15
179 450 16
28 343 17
450 878 18
28 82 19
51 233 20
44 343 21
310 1079 22
13 15 23
72 358 24
90 878 25
28 344 26
90 169 27
94 622 28
358 409 29
82 83 30
179 878 31
207 358 32
171 179 33
207 409 34
28 912 35
90 171 36
28 84 37
71 72 38
90 179 39
44 344 40
72 409 41
51 232 42
90 310 43
267 622 44
100 171 45
136 858 46
28 77 47
233 236 48
622 921 49
207 242 50
84 355 51
205 409 52
169 171 53
82 84 54
51 875 55
48 49 56
49 270 57
343 344 58
271 925 59
49 822 60
909 910 61
51 52 62
90 170 63
183 184 64
77 622 65
169 310 66
100 430 67
242 409 68
45 251 69
171 310 70
242 273 71
77 912 72
271 379 73
184 338 74
242 337 75
242 930 76
170 171 77
91 1068 78
184 242 79
83 84 80
49 748 81
808 1044 82
51 98 83
271 279 84
91 950 85
77 136 86
50 51 87
116 871 88
207 208 89
91 1034 90
276 409 91
910 959 92
171 241 93
31 934 94
343 889 95
83 132 96
169 170 97
205 358 98
271 272 99
28 29 100
92 213 101
31 336 102
137 138 103
631 633 104
91 951 105
171 286 106
203 206 107
93 213 108
90 168 109
169 286 110
184 273 111
89 950 112
232 233 113
89 951 114
168 169 115
233 875 116
168 171 117
89 1068 118
243 244 119
76 77 120
89 1034 121
49 263 122
51 213 123
285 1056 124
31 298 125
90 286 126
204 206 127
911 912 128
50 98 129
450 910 130
336 935 131
28 911 132
90 910 133
233 382 134
284 285 135
100 1079 136
233 381 137
711 1023 138
808 1045 139
889 982 140
92 93 141
51 574 142
632 633 143
72 338 144
101 263 145
170 286 146
242 397 147
358 365 148
205 276 149
72 365 150
116 1023 151
171 1079 152
136 411 153
52 574 154
358 370 155
15 673 156
239 241 157
889 1025 158
52 98 159
30 31 160
171 239 161
14 15 162
1023 1024 163
204 205 164
206 370 165
472 489 166
18 45 167
83 136 168
116 1024 169
574 806 170
136 266 171
68 241 172
205 206 173
305 306 174
381 382 175
171 240 176
335 336 177
77 411 178
239 240 179
116 711 180
240 241 181
13 673 182
69 241 183
168 286 184
711 1024 185
20 45 186
77 267 187
273 397 188
68 69 189
69 171 190
1044 1045 191
306 307 192
606 820 193
168 170 194
306 451 195
68 171 196
203 205 197
45 227 198
51 236 199
243 335 200
17 18 201
19 45 202
232 875 203
909 959 204
18 435 205
77 266 206
18 792 207
305 451 208
13 14 209
305 307 210
1034 1068 211
20 227 212
203 204 213
18 117 214
198 199 215
19 20 216
19 227 217
310 436 218
631 632 219
168 310 220
174 175 221
19 435 222
19 792 223
17 19 224
50 52 225
18 20 226
307 451 227
18 19 228
19 292 229
876 877 230
19 117 231
171 199 232
19 293 233
20 461 234
174 443 235
171 436 236
20 292 237
50 213 238
171 877 239
20 459 240
20 460 241
90 199 242
171 876 243
950 951 244
171 198 245
20 293 246
310 463 247
51 506 248
90 198 249
171 248 250
90 436 251
18 293 252
90 473 253
90 474 254
94 921 255
171 463 256
83 820 257
929 1042 258
171 473 259
171 474 260
169 463 261
422 1042 262
20 320 263
90 523 264
522 523 265
19 434 266
422 929 267
320 434 268
18 320 269
459 462 270
19 320 271
90 522 272
175 443 273
83 606 274
170 436 275
459 460 276
90 463 277
18 434 278
460 462 279
459 461 280
51 505 281
461 462 282
460 461 283
20 472 284
19 472 285
505 506 286
