5 10 1
5 6 2
76 126 3
5 173 4
76 77 5
12 18 6
71 95 7
10 12 8
30 148 9
5 57 10
5 200 11
10 57 12
186 187 13
142 182 14
72 95 15
53 57 16
76 120 17
187 188 18
170 195 19
41 42 20
41 153 21
74 162 22
84 176 23
113 116 24
116 123 25
162 172 26
175 176 27
40 102 28
10 173 29
123 127 30
46 94 31
92 93 32
189 196 33
103 192 34
142 211 35
182 211 36
67 68 37
179 198 38
84 85 39
190 191 40
51 52 41
171 196 42
6 57 43
155 156 44
26 27 45
171 195 46
6 10 47
161 162 48
107 108 49
65 66 50
76 157 51
197 202 52
43 44 53
135 136 54
151 152 55
6 173 56
55 56 57
18 19 58
73 74 59
9 36 60
142 143 61
11 12 62
71 133 63
22 23 64
30 31 65
191 197 66
112 113 67
71 72 68
142 185 69
173 200 70
117 118 71
142 201 72
173 178 73
181 184 74
90 91 75
111 114 76
2 9 77
173 174 78
128 129 79
121 122 80
115 123 81
184 189 82
201 203 83
107 183 84
139 140 85
10 11 86
109 110 87
80 153 88
103 104 89
104 192 90
151 154 91
5 54 92
5 177 93
126 157 94
8 9 95
190 212 96
15 16 97
39 102 98
95 133 99
170 181 100
39 40 101
86 87 102
188 194 103
1 7 104
53 54 105
134 199 106
12 19 107
137 138 108
77 157 109
55 134 110
107 160 111
170 171 112
7 50 113
130 131 114
47 48 115
182 201 116
146 147 117
1 21 118
55 204 119
88 89 120
96 97 121
82 83 122
69 70 123
3 4 124
115 127 125
19 178 126
163 164 127
58 59 128
186 194 129
75 94 130
28 204 131
149 150 132
98 99 133
34 35 134
30 132 135
41 80 136
55 106 137
22 119 138
207 208 139
168 169 140
179 180 141
132 148 142
124 125 143
144 145 144
46 75 145
28 67 146
55 199 147
55 64 148
19 20 149
60 61 150
17 18 151
114 115 152
76 101 153
193 202 154
177 178 155
0 1 156
55 105 157
105 106 158
45 46 159
28 29 160
37 38 161
13 14 162
167 168 163
23 119 164
78 79 165
158 159 166
12 17 167
62 63 168
206 214 169
17 19 170
24 25 171
205 206 172
165 166 173
32 33 174
177 193 175
79 145 176
209 210 177
101 213 178
45 75 179
205 214 180
