58 59 1
34 35 2
149 150 3
30 132 4
82 83 5
62 63 6
111 114 7
114 115 8
30 148 9
115 123 10
130 131 11
115 127 12
30 31 13
123 127 14
116 123 15
132 148 16
51 52 17
155 156 18
113 116 19
90 91 20
124 125 21
170 171 22
112 113 23
12 17 24
45 46 25
139 140 26
137 138 27
12 19 28
84 176 29
10 12 30
5 6 31
12 18 32
45 75 33
46 75 34
6 10 35
5 10 36
32 33 37
39 40 38
167 168 39
161 162 40
41 80 41
5 177 42
171 196 43
69 70 44
6 173 45
10 173 46
10 11 47
47 48 48
88 89 49
162 172 50
5 173 51
175 176 52
17 19 53
40 102 54
142 182 55
13 14 56
171 195 57
43 44 58
39 102 59
17 18 60
5 54 61
5 200 62
168 169 63
177 193 64
142 201 65
71 95 66
98 99 67
10 57 68
71 72 69
5 57 70
6 57 71
46 94 72
11 12 73
84 85 74
182 201 75
18 19 76
26 27 77
170 195 78
173 174 79
170 181 80
189 196 81
181 184 82
107 108 83
74 162 84
190 191 85
107 160 86
190 212 87
22 23 88
107 183 89
173 200 90
60 61 91
73 74 92
191 197 93
75 94 94
177 178 95
22 119 96
53 54 97
142 211 98
19 178 99
182 211 100
41 153 101
184 189 102
201 203 103
19 20 104
72 95 105
71 133 106
173 178 107
0 1 108
37 38 109
95 133 110
96 97 111
142 185 112
146 147 113
197 202 114
41 42 115
53 57 116
80 153 117
142 143 118
7 50 119
193 202 120
23 119 121
165 166 122
101 213 123
1 21 124
151 154 125
1 7 126
28 67 127
109 110 128
151 152 129
28 29 130
158 159 131
121 122 132
186 194 133
67 68 134
187 188 135
3 4 136
186 187 137
188 194 138
92 93 139
163 164 140
9 36 141
28 204 142
8 9 143
76 101 144
209 210 145
105 106 146
117 118 147
24 25 148
135 136 149
2 9 150
55 105 151
128 129 152
86 87 153
55 204 154
55 134 155
76 157 156
15 16 157
55 106 158
76 120 159
55 56 160
104 192 161
55 64 162
103 104 163
103 192 164
76 77 165
205 206 166
179 180 167
76 126 168
144 145 169
77 157 170
179 198 171
134 199 172
126 157 173
55 199 174
206 214 175
65 66 176
78 79 177
207 208 178
79 145 179
205 214 180
