1155 1193 1
1105 1155 2
1155 1168 3
1155 1185 4
1155 1199 5
1155 1167 6
884 1074 7
656 657 8
1155 1169 9
1155 1170 10
347 512 11
695 1035 12
200 937 13
695 1103 14
883 884 15
719 937 16
1155 1171 17
521 884 18
521 1074 19
722 1076 20
94 1084 21
701 1007 22
1077 1078 23
117 309 24
695 1200 25
724 1073 26
129 937 27
884 1219 28
1170 1171 29
1080 1081 30
255 298 31
723 724 32
1136 1137 33
695 802 34
695 1033 35
86 309 36
724 776 37
347 1134 38
1185 1193 39
1105 1168 40
653 884 41
850 1077 42
94 335 43
117 1005 44
14 46 45
255 338 46
1035 1103 47
170 521 48
309 1005 49
695 1034 50
311 1052 51
22 725 52
299 1081 53
347 921 54
359 1225 55
630 1074 56
94 1083 57
340 695 58
637 858 59
320 359 60
723 1073 61
811 1137 62
1073 1175 63
309 1032 64
850 1078 65
347 348 66
680 1068 67
255 374 68
722 724 69
359 1084 70
1073 1196 71
1096 1097 72
1168 1199 73
160 937 74
320 1084 75
166 309 76
722 1115 77
952 953 78
86 117 79
299 1080 80
129 946 81
340 1035 82
719 920 83
695 1096 84
73 564 85
789 827 86
129 411 87
1072 1073 88
360 1048 89
1096 1154 90
73 1054 91
400 401 92
937 1042 93
1047 1048 94
232 375 95
722 1007 96
801 802 97
91 335 98
951 953 99
1116 1117 100
582 583 101
722 1031 102
117 166 103
521 630 104
320 1105 105
535 722 106
1169 1171 107
255 849 108
953 956 109
311 1053 110
271 722 111
722 829 112
724 1128 113
917 1073 114
94 411 115
161 162 116
214 1049 117
722 723 118
1070 1105 119
1105 1199 120
535 1076 121
166 854 122
193 732 123
299 774 124
731 732 125
117 1049 126
614 724 127
1104 1105 128
937 956 129
91 1083 130
320 720 131
1169 1170 132
166 697 133
439 722 134
721 724 135
255 267 136
1033 1035 137
412 937 138
340 1033 139
719 1064 140
951 954 141
248 722 142
6 250 143
653 883 144
14 228 145
1054 1143 146
1103 1200 147
311 326 148
953 954 149
73 340 150
436 937 151
951 956 152
1035 1200 153
488 833 154
637 1218 155
166 778 156
228 439 157
719 1030 158
406 623 159
723 776 160
117 1032 161
89 255 162
512 921 163
952 954 164
117 758 165
1034 1035 166
6 398 167
89 849 168
829 1031 169
722 1088 170
722 1121 171
937 946 172
166 853 173
326 703 174
765 766 175
937 1109 176
937 1061 177
103 583 178
166 683 179
250 1055 180
311 325 181
360 1047 182
1006 1007 183
390 801 184
1052 1053 185
166 167 186
298 338 187
299 1058 188
719 1021 189
719 1085 190
1001 1100 191
1055 1056 192
167 948 193
614 722 194
86 683 195
766 1151 196
946 956 197
758 1044 198
67 1158 199
48 166 200
94 250 201
198 340 202
214 702 203
129 287 204
166 439 205
722 1128 206
680 1131 207
347 1122 208
789 1115 209
436 1109 210
250 399 211
937 1107 212
680 995 213
627 937 214
129 200 215
347 1123 216
335 1052 217
680 1135 218
167 683 219
1052 1114 220
723 1121 221
732 862 222
117 1125 223
67 1195 224
335 725 225
801 993 226
1052 1065 227
952 956 228
86 1112 229
187 1117 230
14 722 231
255 780 232
86 705 233
67 1159 234
921 1134 235
250 398 236
411 719 237
568 829 238
1065 1066 239
340 1034 240
686 722 241
680 1062 242
375 400 243
695 811 244
996 998 245
381 382 246
6 91 247
381 831 248
335 1066 249
359 790 250
166 1125 251
311 703 252
325 703 253
67 1202 254
316 347 255
1096 1142 256
166 948 257
937 1120 258
1142 1154 259
117 1044 260
722 1176 261
732 833 262
320 1070 263
347 844 264
1190 1191 265
239 1093 266
14 683 267
623 1075 268
339 340 269
267 849 270
1033 1034 271
1070 1104 272
348 637 273
610 680 274
680 826 275
335 1083 276
476 1113 277
73 964 278
732 766 279
104 117 280
348 1122 281
91 398 282
347 843 283
94 1056 284
937 1106 285
954 956 286
1052 1066 287
614 723 288
48 853 289
801 994 290
67 1160 291
411 412 292
389 1002 293
383 1059 294
412 719 295
289 1093 296
766 833 297
946 1106 298
704 1102 299
214 309 300
389 626 301
389 1003 302
170 1000 303
255 457 304
348 1123 305
695 812 306
341 1130 307
43 239 308
14 1076 309
686 1007 310
719 1118 311
94 1055 312
347 754 313
408 916 314
166 1098 315
14 439 316
309 702 317
239 630 318
476 1099 319
476 1009 320
564 964 321
6 399 322
250 1056 323
117 380 324
320 1104 325
436 627 326
1159 1160 327
84 86 328
311 1043 329
359 866 330
22 485 331
388 389 332
6 1110 333
239 1208 334
679 680 335
380 683 336
381 697 337
41 254 338
340 341 339
887 888 340
812 1096 341
86 380 342
325 326 343
413 683 344
73 960 345
187 1116 346
695 846 347
42 946 348
92 250 349
5 656 350
252 1001 351
309 957 352
683 1086 353
704 1101 354
723 775 355
340 342 356
73 961 357
41 186 358
239 289 359
248 829 360
200 922 361
309 965 362
888 941 363
14 735 364
225 1161 365
683 735 366
701 832 367
389 470 368
412 1085 369
94 193 370
982 1161 371
69 347 372
58 389 373
341 353 374
167 1098 375
348 754 376
370 701 377
1097 1194 378
798 811 379
14 625 380
1095 1097 381
91 411 382
91 399 383
996 999 384
335 1191 385
683 807 386
723 1128 387
299 930 388
958 959 389
811 812 390
14 346 391
91 250 392
225 298 393
375 376 394
626 934 395
798 908 396
335 1084 397
701 788 398
298 919 399
103 582 400
325 1043 401
14 1086 402
91 94 403
707 709 404
908 913 405
67 839 406
130 200 407
909 912 408
908 909 409
909 913 410
94 579 411
683 1087 412
626 830 413
1161 1162 414
58 476 415
945 946 416
626 949 417
129 956 418
41 336 419
139 621 420
255 792 421
912 913 422
911 912 423
908 912 424
91 377 425
839 1090 426
997 998 427
166 805 428
248 996 429
702 1037 430
390 1046 431
839 1038 432
14 1087 433
457 761 434
838 839 435
6 94 436
248 998 437
721 723 438
798 913 439
830 949 440
623 1201 441
798 912 442
1122 1123 443
225 982 444
439 539 445
707 708 446
962 963 447
1002 1003 448
6 92 449
911 913 450
470 471 451
839 1089 452
86 379 453
908 911 454
996 997 455
14 535 456
94 377 457
339 341 458
348 843 459
998 999 460
1004 1005 461
955 956 462
41 787 463
798 963 464
14 793 465
86 716 466
360 369 467
91 129 468
348 844 469
375 809 470
412 1061 471
910 913 472
1001 1126 473
14 596 474
153 311 475
94 491 476
248 1031 477
761 888 478
103 944 479
910 912 480
960 961 481
360 370 482
225 919 483
133 937 484
167 439 485
439 625 486
41 773 487
48 852 488
91 92 489
510 1010 490
130 411 491
316 348 492
798 909 493
335 1057 494
167 387 495
117 408 496
67 915 497
398 399 498
76 841 499
182 856 500
359 646 501
390 993 502
702 957 503
798 911 504
982 1162 505
58 470 506
285 564 507
963 1008 508
287 411 509
117 916 510
319 320 511
346 735 512
193 1108 513
708 709 514
58 1113 515
193 706 516
340 680 517
1089 1090 518
910 911 519
941 1091 520
909 910 521
94 398 522
641 839 523
909 911 524
411 461 525
335 1190 526
143 1124 527
214 957 528
9 532 529
42 945 530
14 539 531
439 1086 532
6 836 533
14 396 534
92 399 535
439 735 536
346 439 537
370 406 538
48 804 539
76 204 540
695 799 541
228 253 542
14 1132 543
14 594 544
798 910 545
374 761 546
42 477 547
41 786 548
73 768 549
6 903 550
618 1010 551
754 843 552
835 950 553
457 888 554
1101 1102 555
185 186 556
754 844 557
117 246 558
582 1071 559
847 848 560
117 229 561
332 829 562
704 939 563
103 889 564
271 800 565
450 800 566
843 844 567
22 76 568
507 508 569
610 995 570
761 762 571
8 73 572
997 999 573
94 399 574
117 245 575
727 1007 576
14 15 577
390 994 578
511 512 579
439 683 580
139 1145 581
316 754 582
331 847 583
328 416 584
331 848 585
559 704 586
22 707 587
347 637 588
6 377 589
69 348 590
439 1087 591
54 72 592
214 965 593
335 1153 594
248 997 595
735 1086 596
22 819 597
89 267 598
629 630 599
270 847 600
227 228 601
908 910 602
798 1008 603
573 641 604
641 1038 605
10 72 606
374 1119 607
823 824 608
8 532 609
232 809 610
328 417 611
10 73 612
339 342 613
69 1045 614
184 186 615
797 1010 616
823 938 617
750 751 618
341 342 619
468 1164 620
610 826 621
826 995 622
1046 1050 623
69 754 624
126 170 625
414 761 626
540 1147 627
335 1111 628
94 129 629
8 9 630
850 1204 631
982 1248 632
145 959 633
72 73 634
941 942 635
91 1055 636
225 264 637
160 427 638
468 471 639
316 843 640
540 1149 641
72 349 642
370 770 643
214 1037 644
383 384 645
491 1023 646
248 332 647
798 812 648
941 943 649
251 823 650
117 675 651
347 415 652
63 156 653
80 834 654
316 844 655
351 352 656
80 800 657
287 292 658
573 639 659
46 439 660
22 750 661
91 1056 662
251 824 663
559 939 664
573 818 665
22 307 666
248 999 667
993 994 668
14 50 669
1120 1152 670
143 270 671
798 799 672
287 719 673
73 349 674
325 354 675
185 409 676
439 793 677
6 101 678
841 873 679
69 843 680
255 779 681
695 798 682
241 1001 683
185 410 684
22 708 685
94 102 686
356 776 687
157 888 688
214 1127 689
124 252 690
399 635 691
351 508 692
10 349 693
76 111 694
80 450 695
776 777 696
360 794 697
416 417 698
129 160 699
139 1231 700
324 326 701
471 518 702
92 398 703
22 886 704
292 411 705
22 709 706
263 821 707
272 461 708
299 363 709
323 1233 710
14 845 711
772 847 712
14 947 713
270 502 714
335 1040 715
117 537 716
129 143 717
184 185 718
69 844 719
129 461 720
270 503 721
214 1041 722
762 888 723
509 512 724
6 343 725
139 1166 726
200 270 727
439 845 728
788 832 729
14 714 730
156 661 731
307 646 732
704 933 733
45 439 734
321 322 735
411 842 736
63 661 737
139 1165 738
6 1204 739
14 643 740
36 357 741
47 48 742
328 396 743
129 537 744
712 840 745
251 325 746
415 637 747
510 512 748
270 559 749
46 814 750
212 309 751
129 130 752
568 851 753
186 337 754
392 394 755
540 1150 756
323 782 757
75 297 758
126 171 759
374 712 760
411 1118 761
160 685 762
270 1124 763
779 950 764
559 678 765
311 324 766
322 323 767
361 794 768
351 485 769
143 200 770
694 700 771
335 1094 772
660 661 773
5 559 774
457 864 775
471 808 776
324 325 777
63 784 778
323 362 779
471 861 780
92 101 781
122 776 782
321 323 783
14 538 784
156 660 785
299 300 786
864 935 787
22 791 788
264 391 789
772 848 790
331 772 791
22 137 792
471 760 793
248 334 794
850 1203 795
101 377 796
712 1119 797
297 529 798
398 635 799
129 270 800
291 328 801
270 848 802
438 439 803
374 414 804
92 836 805
22 751 806
270 331 807
300 363 808
200 771 809
398 1206 810
22 1129 811
1165 1166 812
22 700 813
697 805 814
935 936 815
661 784 816
1203 1204 817
396 643 818
63 660 819
75 528 820
360 361 821
22 111 822
308 682 823
75 529 824
129 292 825
161 163 826
48 713 827
200 855 828
594 596 829
92 94 830
485 508 831
4 394 832
5 939 833
129 842 834
471 739 835
942 943 836
297 528 837
393 394 838
398 1207 839
248 362 840
329 888 841
156 784 842
361 668 843
47 713 844
661 785 845
130 287 846
20 160 847
241 439 848
263 712 849
864 936 850
354 763 851
396 416 852
645 791 853
200 537 854
251 763 855
856 857 856
94 635 857
161 245 858
292 842 859
169 171 860
392 393 861
22 825 862
91 635 863
92 377 864
817 863 865
212 214 866
7 9 867
14 905 868
126 311 869
471 526 870
92 102 871
779 835 872
139 158 873
220 308 874
380 716 875
5 704 876
379 380 877
646 866 878
973 1227 879
130 292 880
145 958 881
1147 1149 882
94 576 883
214 1036 884
36 246 885
510 797 886
518 808 887
776 1163 888
94 397 889
335 485 890
158 670 891
335 351 892
328 386 893
1149 1150 894
156 785 895
360 372 896
6 345 897
221 471 898
22 645 899
712 803 900
520 661 901
254 259 902
471 988 903
126 365 904
343 344 905
143 503 906
360 371 907
508 891 908
291 396 909
377 576 910
538 539 911
25 833 912
2 792 913
360 795 914
485 891 915
510 618 916
171 365 917
222 468 918
14 88 919
861 915 920
54 231 921
397 398 922
646 790 923
9 500 924
63 785 925
804 852 926
247 248 927
404 630 928
335 892 929
57 172 930
139 1220 931
91 576 932
332 334 933
332 914 934
22 646 935
378 643 936
112 232 937
122 358 938
794 795 939
1030 1118 940
5 678 941
139 1217 942
409 410 943
225 226 944
220 471 945
78 710 946
1142 1214 947
248 828 948
270 772 949
323 783 950
502 503 951
9 501 952
471 524 953
646 791 954
72 768 955
143 502 956
92 397 957
129 427 958
516 567 959
223 471 960
528 529 961
559 933 962
223 308 963
220 526 964
559 1232 965
1138 1139 966
14 689 967
251 354 968
101 343 969
344 345 970
41 284 971
129 855 972
22 157 973
361 795 974
122 356 975
327 369 976
101 345 977
45 46 978
122 777 979
220 223 980
748 749 981
72 622 982
308 471 983
109 1138 984
214 669 985
403 630 986
41 283 987
638 712 988
214 1082 989
371 372 990
645 646 991
218 578 992
193 337 993
640 668 994
668 820 995
362 782 996
412 718 997
595 596 998
618 797 999
287 412 1000
214 837 1001
536 715 1002
500 501 1003
171 366 1004
475 516 1005
259 710 1006
214 662 1007
248 333 1008
343 345 1009
231 715 1010
184 410 1011
805 806 1012
5 933 1013
220 221 1014
54 395 1015
92 576 1016
330 373 1017
510 511 1018
10 672 1019
22 785 1020
103 104 1021
394 711 1022
439 632 1023
471 525 1024
221 308 1025
1142 1215 1026
41 279 1027
40 41 1028
143 737 1029
531 642 1030
14 894 1031
524 525 1032
104 357 1033
223 526 1034
304 510 1035
308 526 1036
642 643 1037
369 717 1038
17 54 1039
248 1177 1040
96 327 1041
129 900 1042
846 1092 1043
471 736 1044
303 510 1045
245 246 1046
347 636 1047
104 245 1048
109 1139 1049
384 1221 1050
471 738 1051
22 927 1052
22 926 1053
351 891 1054
39 394 1055
351 892 1056
502 940 1057
6 1203 1058
22 810 1059
129 357 1060
710 865 1061
7 8 1062
404 629 1063
576 918 1064
46 561 1065
46 562 1066
485 744 1067
502 688 1068
36 104 1069
221 223 1070
385 386 1071
384 1174 1072
926 927 1073
270 711 1074
14 654 1075
22 755 1076
22 587 1077
157 762 1078
369 620 1079
14 317 1080
374 620 1081
303 618 1082
4 559 1083
355 356 1084
91 491 1085
229 230 1086
402 404 1087
863 892 1088
384 1222 1089
54 747 1090
270 537 1091
485 603 1092
143 537 1093
1147 1150 1094
151 218 1095
356 756 1096
872 873 1097
35 49 1098
386 396 1099
61 427 1100
122 1163 1101
272 273 1102
329 368 1103
427 685 1104
117 767 1105
332 333 1106
54 182 1107
335 603 1108
475 567 1109
109 420 1110
358 407 1111
414 620 1112
109 419 1113
109 421 1114
129 530 1115
214 699 1116
96 369 1117
248 647 1118
540 674 1119
4 678 1120
187 464 1121
525 526 1122
531 643 1123
77 78 1124
91 1206 1125
126 151 1126
14 746 1127
384 1223 1128
333 334 1129
1142 1213 1130
784 785 1131
291 386 1132
403 629 1133
14 378 1134
450 451 1135
357 427 1136
804 822 1137
72 932 1138
394 1067 1139
108 973 1140
420 421 1141
383 875 1142
123 182 1143
311 879 1144
419 421 1145
163 676 1146
310 311 1147
356 1163 1148
117 523 1149
270 394 1150
270 737 1151
439 561 1152
1221 1224 1153
816 817 1154
151 427 1155
248 648 1156
1222 1224 1157
534 535 1158
594 595 1159
509 510 1160
636 637 1161
1221 1222 1162
34 35 1163
108 972 1164
287 1118 1165
514 516 1166
35 367 1167
439 759 1168
598 873 1169
163 245 1170
1223 1224 1171
2 726 1172
54 194 1173
514 567 1174
104 126 1175
686 947 1176
311 418 1177
358 432 1178
383 874 1179
22 694 1180
78 865 1181
163 582 1182
46 438 1183
248 929 1184
330 876 1185
383 446 1186
35 208 1187
221 526 1188
231 536 1189
108 1240 1190
524 526 1191
111 306 1192
419 420 1193
72 931 1194
303 304 1195
91 1051 1196
151 541 1197
810 927 1198
815 816 1199
22 928 1200
515 516 1201
337 517 1202
57 432 1203
504 505 1204
157 755 1205
384 1224 1206
14 274 1207
582 676 1208
14 318 1209
304 618 1210
414 781 1211
157 1039 1212
108 109 1213
201 516 1214
104 383 1215
926 928 1216
362 1177 1217
22 306 1218
182 395 1219
20 129 1220
145 313 1221
157 810 1222
262 527 1223
14 128 1224
129 890 1225
218 427 1226
427 890 1227
485 743 1228
111 587 1229
407 753 1230
157 926 1231
1222 1223 1232
122 867 1233
230 893 1234
598 599 1235
755 927 1236
10 671 1237
129 771 1238
158 1217 1239
335 519 1240
378 746 1241
414 742 1242
1221 1223 1243
5 1232 1244
351 743 1245
815 817 1246
19 504 1247
317 378 1248
34 49 1249
365 366 1250
61 218 1251
299 628 1252
303 619 1253
378 644 1254
270 1067 1255
14 127 1256
509 511 1257
311 1220 1258
513 514 1259
157 927 1260
157 785 1261
810 926 1262
785 926 1263
20 427 1264
104 246 1265
61 578 1266
439 562 1267
755 926 1268
122 432 1269
270 925 1270
220 222 1271
222 223 1272
25 860 1273
785 810 1274
146 718 1275
357 890 1276
259 533 1277
384 1060 1278
785 927 1279
674 1147 1280
1174 1221 1281
270 752 1282
378 894 1283
407 553 1284
727 923 1285
755 810 1286
45 438 1287
674 1149 1288
318 378 1289
4 933 1290
25 924 1291
37 665 1292
755 785 1293
143 394 1294
810 928 1295
927 928 1296
234 769 1297
304 619 1298
384 522 1299
122 210 1300
1174 1224 1301
234 718 1302
187 233 1303
126 418 1304
427 885 1305
933 1232 1306
718 729 1307
19 83 1308
139 311 1309
4 5 1310
146 769 1311
317 318 1312
718 1209 1313
57 122 1314
553 753 1315
718 730 1316
403 404 1317
618 619 1318
19 505 1319
235 730 1320
360 454 1321
1174 1222 1322
57 1141 1323
714 845 1324
310 879 1325
415 636 1326
491 492 1327
769 1212 1328
37 666 1329
234 235 1330
91 93 1331
317 746 1332
317 894 1333
562 632 1334
146 1211 1335
134 266 1336
412 1182 1337
730 1212 1338
351 603 1339
1210 1211 1340
1241 1242 1341
146 729 1342
157 928 1343
315 316 1344
57 624 1345
248 368 1346
145 405 1347
133 134 1348
146 1212 1349
378 876 1350
15 745 1351
34 562 1352
729 1212 1353
755 928 1354
730 1211 1355
6 850 1356
146 1210 1357
4 1232 1358
91 1207 1359
37 115 1360
134 764 1361
491 881 1362
718 1210 1363
39 631 1364
39 859 1365
145 1247 1366
61 72 1367
1174 1223 1368
25 26 1369
234 1212 1370
104 875 1371
318 746 1372
491 677 1373
234 1210 1374
261 268 1375
146 234 1376
231 506 1377
404 734 1378
785 928 1379
713 1241 1380
351 744 1381
769 1209 1382
665 666 1383
126 875 1384
234 730 1385
146 730 1386
446 875 1387
562 651 1388
314 316 1389
1209 1210 1390
404 733 1391
730 769 1392
1206 1207 1393
126 874 1394
561 562 1395
257 259 1396
259 740 1397
432 1141 1398
947 1140 1399
126 383 1400
729 730 1401
267 878 1402
718 769 1403
769 1211 1404
235 729 1405
730 1209 1406
83 485 1407
718 1212 1408
674 1150 1409
126 446 1410
361 454 1411
104 446 1412
384 431 1413
1210 1212 1414
99 1079 1415
730 1210 1416
874 875 1417
234 729 1418
561 632 1419
718 1211 1420
145 1239 1421
18 19 1422
729 769 1423
769 1210 1424
134 135 1425
146 1209 1426
234 1209 1427
351 519 1428
34 651 1429
234 1211 1430
1211 1212 1431
402 734 1432
1209 1212 1433
1209 1211 1434
15 364 1435
61 151 1436
712 1230 1437
82 267 1438
729 1210 1439
713 1242 1440
729 1209 1441
275 684 1442
261 262 1443
14 315 1444
22 456 1445
39 462 1446
137 1192 1447
729 1211 1448
39 633 1449
317 689 1450
318 894 1451
727 728 1452
266 764 1453
248 667 1454
671 672 1455
1239 1246 1456
523 767 1457
107 278 1458
456 694 1459
133 135 1460
262 268 1461
352 871 1462
1246 1247 1463
122 1141 1464
145 571 1465
231 747 1466
571 1246 1467
318 689 1468
688 940 1469
571 1239 1470
611 714 1471
446 874 1472
257 533 1473
143 566 1474
1173 1221 1475
74 268 1476
104 874 1477
82 878 1478
29 30 1479
221 222 1480
491 882 1481
231 741 1482
257 740 1483
350 351 1484
61 932 1485
490 491 1486
61 931 1487
105 107 1488
352 628 1489
352 981 1490
145 1246 1491
172 757 1492
299 352 1493
533 740 1494
931 932 1495
61 112 1496
30 275 1497
13 14 1498
201 681 1499
892 895 1500
20 685 1501
733 734 1502
201 687 1503
352 869 1504
134 136 1505
104 585 1506
248 1216 1507
352 870 1508
145 1237 1509
1173 1174 1510
1213 1214 1511
537 675 1512
127 274 1513
133 136 1514
128 274 1515
456 796 1516
368 877 1517
1213 1215 1518
13 378 1519
192 402 1520
112 664 1521
1221 1238 1522
13 481 1523
667 1216 1524
61 664 1525
506 741 1526
1214 1215 1527
248 877 1528
412 1018 1529
231 967 1530
201 473 1531
364 745 1532
491 880 1533
13 654 1534
233 464 1535
287 674 1536
30 31 1537
256 445 1538
677 882 1539
13 274 1540
268 460 1541
143 565 1542
133 1148 1543
127 128 1544
677 881 1545
368 667 1546
667 877 1547
352 868 1548
330 378 1549
13 127 1550
29 31 1551
201 555 1552
288 460 1553
13 315 1554
87 88 1555
96 989 1556
418 652 1557
906 989 1558
96 906 1559
868 871 1560
286 287 1561
13 128 1562
29 275 1563
287 1182 1564
628 981 1565
1029 1041 1566
1041 1069 1567
112 663 1568
880 881 1569
868 869 1570
1041 1063 1571
201 557 1572
287 1018 1573
1174 1238 1574
555 557 1575
869 871 1576
473 557 1577
135 136 1578
279 283 1579
473 555 1580
881 882 1581
60 88 1582
287 673 1583
31 275 1584
677 880 1585
61 663 1586
868 870 1587
1029 1063 1588
40 284 1589
673 674 1590
188 1245 1591
314 315 1592
1063 1069 1593
40 279 1594
869 870 1595
201 458 1596
880 882 1597
663 664 1598
458 681 1599
1029 1069 1600
40 283 1601
870 871 1602
1173 1238 1603
279 284 1604
188 189 1605
283 284 1606
1018 1182 1607
189 1245 1608
188 1244 1609
1244 1245 1610
565 566 1611
974 981 1612
283 426 1613
279 426 1614
189 1236 1615
11 1243 1616
11 1133 1617
189 1244 1618
895 896 1619
896 1205 1620
896 1184 1621
