1155 1193 1
1105 1155 2
1155 1168 3
1155 1185 4
1155 1199 5
1155 1167 6
1168 1199 7
1105 1199 8
1155 1169 9
1155 1171 10
1105 1168 11
1155 1170 12
722 1007 13
1035 1103 14
695 1103 15
1035 1200 16
1185 1193 17
723 724 18
73 340 19
695 1200 20
521 1074 21
361 668 22
521 630 23
695 1035 24
157 888 25
937 956 26
946 956 27
19 505 28
521 884 29
982 1162 30
1103 1200 31
953 956 32
1169 1171 33
695 1033 34
335 1052 35
1169 1170 36
954 956 37
701 1007 38
91 491 39
14 722 40
255 298 41
719 937 42
1070 1105 43
14 439 44
271 722 45
1190 1191 46
129 937 47
439 722 48
723 1073 49
335 1066 50
724 1073 51
94 491 52
695 802 53
270 394 54
695 1096 55
1033 1035 56
695 1034 57
884 1074 58
19 504 59
340 695 60
535 722 61
722 1076 62
1065 1066 63
1052 1066 64
381 831 65
1161 1162 66
18 19 67
582 583 68
129 411 69
200 937 70
412 937 71
91 129 72
1096 1097 73
91 94 74
129 956 75
637 858 76
6 91 77
340 1035 78
320 1105 79
982 1248 80
22 725 81
170 521 82
166 309 83
411 719 84
630 1074 85
347 1134 86
347 512 87
951 956 88
1170 1171 89
225 264 90
89 267 91
475 567 92
320 1070 93
1034 1035 94
82 267 95
722 1176 96
952 956 97
166 167 98
225 298 99
637 1218 100
255 338 101
982 1161 102
1052 1053 103
214 837 104
686 722 105
264 391 106
214 1127 107
320 1084 108
1052 1065 109
340 1033 110
1001 1126 111
89 255 112
225 1161 113
11 1133 114
263 821 115
504 505 116
381 382 117
439 683 118
348 637 119
1047 1048 120
1070 1104 121
187 1117 122
1073 1196 123
214 1041 124
953 954 125
1116 1117 126
91 411 127
850 1078 128
937 946 129
161 162 130
311 325 131
394 1067 132
214 1049 133
248 722 134
436 937 135
1001 1100 136
11 1243 137
320 720 138
320 1104 139
94 411 140
335 725 141
8 73 142
126 170 143
360 1047 144
1104 1105 145
340 1034 146
695 799 147
91 335 148
722 1115 149
335 1191 150
722 723 151
723 776 152
72 73 153
82 878 154
1072 1073 155
1077 1078 156
335 1083 157
381 697 158
214 1082 159
267 878 160
187 1116 161
955 956 162
129 292 163
394 711 164
157 762 165
166 697 166
193 732 167
937 1109 168
1097 1194 169
951 954 170
129 287 171
126 311 172
255 792 173
103 104 174
917 1073 175
996 999 176
255 374 177
299 1058 178
722 1088 179
73 1054 180
255 849 181
695 846 182
722 829 183
723 775 184
139 311 185
436 627 186
14 46 187
299 300 188
69 1045 189
582 1071 190
129 946 191
6 398 192
91 250 193
721 723 194
722 1128 195
103 583 196
252 1001 197
58 476 198
166 805 199
627 937 200
359 1084 201
686 1007 202
721 724 203
225 982 204
73 564 205
166 683 206
117 309 207
335 1190 208
263 712 209
311 1052 210
1073 1175 211
48 166 212
937 1061 213
695 798 214
724 1128 215
267 849 216
166 778 217
299 774 218
347 921 219
614 723 220
89 849 221
94 335 222
299 1080 223
695 812 224
6 250 225
214 1036 226
436 1109 227
439 539 228
166 439 229
951 953 230
133 937 231
406 623 232
166 854 233
952 953 234
241 1001 235
1052 1114 236
996 998 237
1006 1007 238
360 1048 239
680 826 240
614 724 241
723 1128 242
167 683 243
1033 1034 244
167 439 245
937 1120 246
58 1113 247
311 326 248
160 937 249
255 780 250
411 412 251
722 724 252
94 250 253
73 768 254
94 129 255
166 1098 256
299 363 257
400 401 258
952 954 259
300 363 260
166 948 261
298 338 262
348 1122 263
103 582 264
166 853 265
704 1101 266
697 805 267
255 267 268
6 94 269
225 226 270
937 1042 271
311 1053 272
937 1107 273
14 539 274
14 683 275
214 1037 276
1096 1142 277
998 999 278
311 703 279
392 393 280
73 960 281
67 1202 282
680 1135 283
299 1081 284
335 1153 285
411 842 286
411 1118 287
14 346 288
812 1096 289
1095 1097 290
937 1106 291
14 845 292
239 630 293
412 719 294
67 1158 295
1055 1056 296
167 387 297
514 567 298
91 1083 299
347 1122 300
680 995 301
117 1049 302
170 1000 303
719 1118 304
73 349 305
476 1113 306
1138 1139 307
996 997 308
270 1067 309
695 811 310
299 930 311
610 680 312
724 776 313
91 1055 314
719 920 315
91 1056 316
614 722 317
311 1220 318
683 1087 319
320 359 320
67 839 321
214 965 322
167 948 323
335 1057 324
340 680 325
680 1131 326
1096 1154 327
214 669 328
10 73 329
167 1098 330
723 1121 331
997 999 332
73 964 333
91 377 334
719 1030 335
48 853 336
311 1043 337
921 1134 338
287 719 339
719 1021 340
329 368 341
946 1106 342
239 1093 343
512 921 344
14 793 345
335 1111 346
476 1099 347
776 1163 348
271 800 349
510 1010 350
14 1087 351
476 1009 352
103 889 353
129 130 354
214 702 355
1101 1102 356
214 662 357
225 919 358
73 961 359
719 1085 360
292 411 361
826 995 362
888 941 363
997 998 364
361 795 365
680 1062 366
14 538 367
538 539 368
439 845 369
704 1102 370
14 625 371
776 777 372
14 735 373
92 250 374
91 93 375
722 1031 376
2 726 377
909 910 378
42 946 379
360 361 380
714 845 381
838 839 382
130 411 383
166 1125 384
250 1055 385
153 311 386
214 309 387
14 15 388
679 680 389
680 1068 390
67 1195 391
298 919 392
2 792 393
375 400 394
143 270 395
719 1064 396
392 394 397
91 1051 398
732 833 399
850 1077 400
510 797 401
408 916 402
535 1076 403
67 1160 404
94 398 405
412 1061 406
1080 1081 407
335 1084 408
117 166 409
361 454 410
611 714 411
14 714 412
393 394 413
516 567 414
909 912 415
182 856 416
335 1040 417
766 833 418
250 399 419
94 377 420
270 711 421
722 1121 422
908 910 423
359 790 424
6 399 425
248 996 426
255 457 427
908 909 428
5 704 429
86 380 430
103 944 431
510 618 432
348 1123 433
67 1159 434
910 912 435
415 637 436
683 735 437
686 947 438
389 1002 439
123 182 440
198 340 441
356 1163 442
356 776 443
94 399 444
335 1094 445
945 946 446
798 909 447
14 228 448
384 1060 449
910 913 450
412 1085 451
361 794 452
39 394 453
439 1087 454
909 911 455
910 911 456
380 683 457
475 516 458
727 1007 459
798 908 460
86 1112 461
193 706 462
798 910 463
92 836 464
309 965 465
640 668 466
109 1139 467
58 389 468
347 844 469
909 913 470
19 83 471
287 412 472
316 348 473
364 745 474
623 1201 475
1159 1160 476
58 470 477
347 1123 478
908 913 479
311 879 480
124 252 481
287 411 482
439 793 483
712 1119 484
1002 1003 485
6 1110 486
319 320 487
348 754 488
626 949 489
798 912 490
67 915 491
908 912 492
610 826 493
14 947 494
316 347 495
389 470 496
411 461 497
797 1010 498
439 625 499
389 1003 500
92 399 501
193 1108 502
187 233 503
232 375 504
701 788 505
310 311 506
14 596 507
332 914 508
347 348 509
129 842 510
908 911 511
129 160 512
683 1086 513
91 92 514
488 833 515
348 844 516
912 913 517
214 957 518
754 843 519
374 712 520
69 844 521
48 804 522
439 735 523
789 1115 524
14 594 525
129 427 526
798 1008 527
887 888 528
762 888 529
250 398 530
45 46 531
754 844 532
250 1056 533
450 800 534
623 1075 535
86 309 536
15 364 537
69 754 538
348 843 539
14 1076 540
69 348 541
359 1225 542
911 912 543
346 439 544
594 596 545
109 1138 546
360 794 547
14 1086 548
94 1055 549
299 352 550
316 754 551
329 888 552
735 1086 553
370 770 554
92 94 555
20 129 556
347 754 557
798 963 558
360 370 559
941 942 560
360 371 561
129 270 562
1122 1123 563
91 399 564
360 454 565
239 289 566
129 461 567
683 807 568
798 913 569
947 1140 570
450 451 571
94 1083 572
130 200 573
347 637 574
513 514 575
712 840 576
439 1086 577
668 820 578
316 844 579
325 326 580
534 535 581
610 995 582
798 911 583
22 485 584
14 88 585
457 888 586
346 735 587
704 933 588
94 1084 589
69 843 590
94 193 591
582 676 592
292 842 593
491 1023 594
347 843 595
636 637 596
963 1008 597
389 626 598
14 1132 599
375 376 600
1004 1005 601
1120 1152 602
101 377 603
69 347 604
270 559 605
92 102 606
958 959 607
36 104 608
42 945 609
129 200 610
248 368 611
332 829 612
14 396 613
514 516 614
911 913 615
22 785 616
839 1089 617
370 406 618
15 745 619
641 839 620
772 847 621
843 844 622
811 812 623
126 418 624
270 847 625
618 1010 626
646 790 627
856 857 628
331 772 629
374 1119 630
92 398 631
510 512 632
76 841 633
303 510 634
375 809 635
92 101 636
239 1208 637
360 795 638
839 1090 639
74 268 640
540 1147 641
962 963 642
309 1005 643
6 92 644
712 1230 645
91 398 646
801 802 647
200 855 648
270 772 649
270 331 650
712 803 651
559 704 652
48 852 653
80 450 654
285 564 655
311 418 656
794 795 657
80 834 658
839 1038 659
304 510 660
701 832 661
941 943 662
331 847 663
77 78 664
798 799 665
46 439 666
370 701 667
805 806 668
94 1056 669
289 1093 670
326 703 671
798 812 672
941 1091 673
789 827 674
311 324 675
830 949 676
1030 1118 677
835 950 678
351 352 679
638 712 680
509 510 681
779 950 682
316 843 683
214 699 684
942 943 685
351 508 686
1136 1137 687
309 1032 688
94 576 689
398 399 690
798 811 691
86 683 692
117 380 693
564 964 694
661 785 695
761 888 696
829 1031 697
629 630 698
22 707 699
80 800 700
200 922 701
779 835 702
626 934 703
6 377 704
470 471 705
384 522 706
626 830 707
104 357 708
328 396 709
22 708 710
212 214 711
471 518 712
130 292 713
36 357 714
129 771 715
200 771 716
6 836 717
94 102 718
323 1233 719
471 861 720
457 761 721
325 703 722
811 1137 723
104 126 724
359 646 725
847 848 726
960 961 727
324 326 728
413 683 729
595 596 730
63 156 731
502 940 732
143 502 733
262 268 734
509 512 735
122 776 736
540 1149 737
193 337 738
261 268 739
308 682 740
309 957 741
8 9 742
72 768 743
511 512 744
374 414 745
63 661 746
17 54 747
72 349 748
156 661 749
457 864 750
22 819 751
22 694 752
86 705 753
117 1005 754
255 779 755
471 760 756
772 848 757
22 700 758
232 809 759
471 808 760
129 357 761
139 1166 762
804 852 763
359 866 764
139 1220 765
270 848 766
22 886 767
161 163 768
380 716 769
86 117 770
309 702 771
594 595 772
126 171 773
143 503 774
324 325 775
396 416 776
646 866 777
287 1118 778
268 460 779
323 782 780
42 477 781
379 380 782
660 661 783
112 232 784
248 998 785
43 239 786
46 438 787
248 829 788
259 710 789
323 783 790
510 511 791
702 1037 792
332 334 793
707 708 794
261 262 795
182 395 796
5 559 797
6 101 798
104 585 799
270 502 800
439 562 801
41 786 802
14 50 803
471 524 804
22 137 805
251 325 806
568 829 807
22 76 808
360 372 809
471 738 810
471 988 811
248 997 812
360 369 813
841 873 814
14 535 815
248 999 816
374 761 817
531 643 818
403 630 819
14 643 820
76 204 821
573 641 822
22 1129 823
325 1043 824
212 309 825
704 939 826
22 307 827
41 254 828
708 709 829
573 818 830
788 832 831
377 576 832
187 464 833
502 688 834
86 716 835
254 259 836
331 848 837
22 750 838
104 245 839
122 777 840
60 88 841
468 1164 842
270 503 843
5 933 844
388 389 845
661 784 846
22 456 847
129 143 848
228 439 849
351 485 850
63 785 851
439 759 852
129 537 853
332 333 854
727 923 855
439 561 856
520 661 857
87 88 858
91 576 859
707 709 860
139 1145 861
335 485 862
507 508 863
573 639 864
468 471 865
129 855 866
471 739 867
1147 1149 868
156 785 869
804 822 870
1046 1050 871
559 933 872
491 492 873
439 632 874
618 797 875
22 645 876
1089 1090 877
54 231 878
471 526 879
101 343 880
63 784 881
45 439 882
156 784 883
10 72 884
645 791 885
200 270 886
129 530 887
251 354 888
419 421 889
22 709 890
325 354 891
861 915 892
22 791 893
540 1150 894
22 926 895
156 660 896
10 349 897
46 814 898
92 377 899
323 362 900
63 660 901
143 200 902
339 340 903
490 491 904
20 160 905
641 1038 906
22 755 907
340 341 908
5 939 909
14 905 910
122 1163 911
471 736 912
340 342 913
308 471 914
384 1221 915
262 527 916
200 537 917
328 386 918
61 72 919
139 1165 920
485 508 921
139 1231 922
710 865 923
22 825 924
133 1148 925
41 787 926
129 900 927
390 801 928
117 758 929
371 372 930
47 48 931
1147 1150 932
14 689 933
518 808 934
374 620 935
287 292 936
201 516 937
288 460 938
390 1046 939
531 642 940
5 656 941
291 396 942
396 643 943
384 1223 944
328 416 945
355 356 946
386 396 947
76 111 948
78 865 949
143 537 950
231 967 951
335 351 952
161 245 953
231 747 954
220 471 955
321 323 956
502 503 957
333 334 958
523 767 959
72 932 960
385 386 961
784 785 962
126 365 963
6 903 964
384 1224 965
22 927 966
133 134 967
646 791 968
139 621 969
727 728 970
54 182 971
101 345 972
322 323 973
559 939 974
41 336 975
92 576 976
157 1039 977
171 365 978
117 1125 979
36 246 980
702 957 981
117 1032 982
35 367 983
54 747 984
94 397 985
688 940 986
351 891 987
220 308 988
231 715 989
321 322 990
270 537 991
339 342 992
92 397 993
221 471 994
54 72 995
139 1217 996
378 643 997
109 419 998
222 468 999
22 810 1000
456 796 1001
96 369 1002
339 341 1003
6 343 1004
25 833 1005
404 630 1006
801 993 1007
46 561 1008
133 135 1009
356 756 1010
524 525 1011
78 710 1012
126 151 1013
117 408 1014
130 287 1015
46 562 1016
223 471 1017
41 773 1018
72 622 1019
96 327 1020
343 344 1021
117 916 1022
291 328 1023
568 851 1024
143 1124 1025
335 892 1026
515 516 1027
420 421 1028
801 994 1029
223 308 1030
350 351 1031
732 766 1032
22 646 1033
248 334 1034
327 369 1035
471 525 1036
407 553 1037
645 646 1038
171 366 1039
362 782 1040
94 635 1041
248 362 1042
351 743 1043
846 1092 1044
72 931 1045
369 620 1046
416 417 1047
109 421 1048
22 751 1049
126 874 1050
22 587 1051
598 599 1052
369 717 1053
9 500 1054
220 223 1055
48 713 1056
104 117 1057
104 246 1058
133 136 1059
328 417 1060
642 643 1061
122 356 1062
864 935 1063
126 875 1064
365 366 1065
9 501 1066
307 646 1067
419 420 1068
368 877 1069
341 342 1070
220 526 1071
14 378 1072
732 862 1073
399 635 1074
341 353 1075
1165 1166 1076
308 526 1077
351 892 1078
14 894 1079
315 316 1080
91 635 1081
341 1130 1082
656 657 1083
223 526 1084
291 386 1085
335 519 1086
75 528 1087
86 379 1088
528 529 1089
384 1174 1090
412 718 1091
884 1219 1092
1149 1150 1093
220 221 1094
1223 1224 1095
35 208 1096
35 49 1097
358 407 1098
397 398 1099
108 972 1100
248 332 1101
109 420 1102
748 749 1103
973 1227 1104
508 891 1105
14 746 1106
598 873 1107
221 223 1108
403 629 1109
117 767 1110
270 1124 1111
22 928 1112
344 345 1113
390 993 1114
20 685 1115
160 685 1116
347 415 1117
407 753 1118
143 737 1119
75 529 1120
540 674 1121
390 994 1122
872 873 1123
1142 1154 1124
351 744 1125
354 763 1126
251 763 1127
524 526 1128
151 541 1129
384 1222 1130
694 700 1131
231 741 1132
509 511 1133
34 35 1134
45 438 1135
231 506 1136
761 762 1137
500 501 1138
221 308 1139
61 578 1140
186 337 1141
337 517 1142
14 654 1143
674 1147 1144
201 681 1145
251 823 1146
104 446 1147
229 230 1148
414 761 1149
151 218 1150
221 526 1151
553 753 1152
1222 1224 1153
231 536 1154
104 875 1155
303 618 1156
1221 1224 1157
384 431 1158
117 1044 1159
251 824 1160
438 439 1161
108 1240 1162
304 618 1163
117 229 1164
1221 1223 1165
5 1232 1166
247 248 1167
1174 1224 1168
297 528 1169
104 874 1170
297 529 1171
414 620 1172
5 678 1173
665 666 1174
248 828 1175
926 927 1176
54 395 1177
561 562 1178
61 932 1179
314 316 1180
536 715 1181
96 989 1182
1174 1223 1183
129 890 1184
785 926 1185
163 676 1186
6 345 1187
347 636 1188
1221 1222 1189
91 1207 1190
404 629 1191
864 936 1192
926 928 1193
122 867 1194
810 926 1195
398 635 1196
158 670 1197
248 1031 1198
230 893 1199
310 879 1200
343 345 1201
525 526 1202
75 297 1203
126 446 1204
143 394 1205
96 906 1206
22 111 1207
145 405 1208
993 994 1209
185 186 1210
157 785 1211
618 619 1212
163 582 1213
248 647 1214
163 245 1215
270 925 1216
351 519 1217
810 927 1218
559 678 1219
766 1151 1220
22 306 1221
117 523 1222
485 744 1223
1222 1223 1224
815 816 1225
248 333 1226
248 648 1227
561 632 1228
335 603 1229
108 973 1230
758 1044 1231
785 810 1232
157 927 1233
933 1232 1234
157 926 1235
37 665 1236
1174 1222 1237
22 157 1238
94 579 1239
112 664 1240
157 810 1241
303 304 1242
485 891 1243
810 928 1244
317 689 1245
318 689 1246
139 158 1247
785 927 1248
755 785 1249
815 817 1250
108 109 1251
785 928 1252
41 186 1253
318 894 1254
485 743 1255
14 317 1256
158 1217 1257
14 315 1258
137 1192 1259
157 928 1260
927 928 1261
559 1232 1262
227 228 1263
755 926 1264
403 404 1265
674 1149 1266
157 755 1267
14 318 1268
823 824 1269
8 532 1270
122 210 1271
234 235 1272
755 810 1273
259 533 1274
755 928 1275
84 86 1276
259 740 1277
145 959 1278
143 566 1279
61 151 1280
134 266 1281
299 628 1282
218 578 1283
755 927 1284
1203 1204 1285
37 666 1286
816 817 1287
47 713 1288
235 729 1289
415 636 1290
317 894 1291
357 427 1292
145 958 1293
351 603 1294
414 742 1295
874 875 1296
39 631 1297
378 894 1298
1174 1221 1299
61 931 1300
105 107 1301
248 877 1302
317 318 1303
931 932 1304
134 136 1305
248 667 1306
107 278 1307
111 587 1308
34 49 1309
357 890 1310
61 218 1311
4 5 1312
9 532 1313
731 732 1314
112 663 1315
228 253 1316
383 384 1317
402 404 1318
135 136 1319
185 409 1320
1241 1242 1321
378 644 1322
458 681 1323
185 410 1324
37 115 1325
317 746 1326
201 687 1327
663 664 1328
235 730 1329
446 874 1330
318 378 1331
906 989 1332
61 664 1333
318 746 1334
576 918 1335
146 729 1336
674 1150 1337
122 358 1338
317 378 1339
134 764 1340
446 875 1341
1211 1212 1342
4 933 1343
414 781 1344
412 1018 1345
234 718 1346
823 938 1347
729 769 1348
769 1212 1349
234 769 1350
713 1242 1351
398 1206 1352
718 729 1353
111 306 1354
270 737 1355
883 884 1356
4 559 1357
378 746 1358
850 1204 1359
6 1204 1360
184 186 1361
270 752 1362
146 234 1363
234 1211 1364
266 764 1365
14 274 1366
10 672 1367
134 135 1368
234 1209 1369
248 1177 1370
39 633 1371
571 1246 1372
184 185 1373
398 1207 1374
730 769 1375
117 675 1376
713 1241 1377
146 718 1378
303 619 1379
146 1211 1380
729 1211 1381
1210 1211 1382
146 769 1383
358 432 1384
39 462 1385
30 275 1386
83 485 1387
234 729 1388
1210 1212 1389
234 730 1390
362 1177 1391
39 859 1392
201 458 1393
1209 1211 1394
248 929 1395
562 632 1396
562 651 1397
409 410 1398
896 1184 1399
184 410 1400
718 730 1401
765 766 1402
896 1205 1403
146 730 1404
729 730 1405
304 619 1406
718 1212 1407
456 694 1408
718 1211 1409
729 1209 1410
729 1212 1411
146 1210 1412
718 1209 1413
718 769 1414
7 8 1415
718 1210 1416
769 1209 1417
935 936 1418
143 565 1419
750 751 1420
817 863 1421
234 1212 1422
272 273 1423
20 427 1424
1209 1212 1425
671 672 1426
1041 1069 1427
169 171 1428
146 1212 1429
234 1210 1430
730 1209 1431
730 1211 1432
730 1212 1433
146 1209 1434
1209 1210 1435
91 1206 1436
233 464 1437
257 259 1438
404 733 1439
769 1210 1440
769 1211 1441
29 275 1442
533 740 1443
41 284 1444
245 246 1445
729 1210 1446
850 1203 1447
7 9 1448
257 740 1449
571 1239 1450
122 432 1451
61 112 1452
730 1210 1453
127 274 1454
34 651 1455
485 603 1456
6 1203 1457
427 890 1458
4 394 1459
201 557 1460
383 1059 1461
506 741 1462
57 172 1463
491 882 1464
117 245 1465
733 734 1466
61 663 1467
1029 1069 1468
892 895 1469
172 757 1470
257 533 1471
404 734 1472
4 1232 1473
427 685 1474
57 432 1475
248 1216 1476
352 981 1477
895 896 1478
31 275 1479
286 287 1480
218 427 1481
34 562 1482
1221 1238 1483
863 892 1484
10 671 1485
30 31 1486
57 624 1487
402 734 1488
6 850 1489
160 427 1490
220 222 1491
1029 1041 1492
1206 1207 1493
330 373 1494
491 880 1495
57 1141 1496
151 427 1497
412 1182 1498
128 274 1499
222 223 1500
432 1141 1501
13 654 1502
54 194 1503
122 1141 1504
275 684 1505
104 383 1506
126 383 1507
653 884 1508
667 877 1509
1174 1238 1510
145 571 1511
383 874 1512
29 30 1513
1029 1063 1514
145 313 1515
1063 1069 1516
1142 1215 1517
1173 1238 1518
378 876 1519
427 885 1520
29 31 1521
272 461 1522
868 871 1523
1239 1246 1524
192 402 1525
221 222 1526
869 871 1527
368 667 1528
13 14 1529
287 673 1530
418 652 1531
14 128 1532
57 122 1533
383 875 1534
241 439 1535
13 127 1536
673 674 1537
14 127 1538
117 537 1539
145 1237 1540
127 128 1541
667 1216 1542
40 41 1543
473 557 1544
13 274 1545
491 677 1546
330 876 1547
555 557 1548
880 881 1549
352 628 1550
1041 1063 1551
1214 1215 1552
491 881 1553
868 870 1554
870 871 1555
974 981 1556
352 870 1557
1142 1213 1558
4 678 1559
352 868 1560
1213 1215 1561
383 446 1562
473 555 1563
61 427 1564
352 871 1565
869 870 1566
25 860 1567
201 473 1568
13 378 1569
537 675 1570
868 869 1571
1142 1214 1572
352 869 1573
13 315 1574
1246 1247 1575
25 924 1576
201 555 1577
880 882 1578
653 883 1579
1054 1143 1580
13 481 1581
677 881 1582
314 315 1583
330 378 1584
145 1239 1585
25 26 1586
117 246 1587
881 882 1588
145 1246 1589
1213 1214 1590
13 128 1591
287 1018 1592
287 1182 1593
189 1236 1594
677 882 1595
1173 1174 1596
1173 1221 1597
145 1247 1598
188 1244 1599
628 981 1600
1244 1245 1601
677 880 1602
99 1079 1603
189 1244 1604
188 189 1605
189 1245 1606
283 284 1607
40 284 1608
41 283 1609
565 566 1610
1018 1182 1611
40 283 1612
188 1245 1613
279 284 1614
287 674 1615
256 445 1616
41 279 1617
40 279 1618
283 426 1619
279 426 1620
279 283 1621
