1185 1193 1
973 1227 2
361 668 3
1105 1168 4
640 668 5
1155 1169 6
1155 1193 7
1155 1167 8
14 722 9
439 722 10
1105 1155 11
1168 1199 12
1155 1168 13
270 394 14
695 1103 15
1155 1185 16
94 1084 17
1155 1199 18
695 1035 19
340 680 20
73 340 21
1035 1103 22
1155 1170 23
695 1200 24
719 937 25
239 289 26
117 309 27
1105 1199 28
340 695 29
86 117 30
695 1034 31
270 711 32
656 657 33
1077 1078 34
347 348 35
535 722 36
94 491 37
1169 1170 38
108 973 39
108 972 40
320 359 41
954 956 42
1155 1171 43
335 1052 44
255 374 45
668 820 46
1169 1171 47
884 1074 48
937 946 49
348 637 50
1052 1066 51
695 1033 52
22 725 53
117 166 54
937 956 55
108 1240 56
214 1127 57
1080 1081 58
94 411 59
129 956 60
722 1076 61
166 309 62
630 1074 63
952 956 64
311 1052 65
953 956 66
335 1066 67
99 1079 68
187 1117 69
347 512 70
951 956 71
439 683 72
695 802 73
722 1176 74
955 956 75
239 1208 76
722 1088 77
1065 1066 78
695 1096 79
412 937 80
521 1074 81
722 1007 82
43 239 83
14 439 84
91 411 85
347 921 86
952 953 87
270 1067 88
335 725 89
248 722 90
722 829 91
1035 1200 92
695 846 93
129 411 94
255 792 95
850 1078 96
1034 1035 97
1033 1035 98
1170 1171 99
340 1035 100
94 1083 101
86 309 102
1070 1105 103
6 91 104
214 699 105
1001 1126 106
187 1116 107
1116 1117 108
722 1115 109
94 335 110
214 1037 111
722 1128 112
166 1125 113
311 1053 114
722 1031 115
1033 1034 116
298 338 117
937 1061 118
255 338 119
686 722 120
239 1093 121
309 1032 122
340 1034 123
214 662 124
340 1033 125
214 1036 126
951 954 127
951 953 128
200 937 129
241 1001 130
516 567 131
1097 1194 132
255 779 133
271 722 134
884 1219 135
311 325 136
695 799 137
723 1073 138
255 457 139
937 1109 140
952 954 141
94 1055 142
255 267 143
439 1087 144
187 233 145
1052 1065 146
953 954 147
198 340 148
214 837 149
850 1077 150
255 298 151
1052 1114 152
1104 1105 153
512 921 154
129 937 155
390 993 156
166 683 157
320 1105 158
94 579 159
166 167 160
89 255 161
347 637 162
255 780 163
724 1073 164
117 1049 165
117 380 166
390 994 167
627 937 168
11 1133 169
214 1082 170
299 1080 171
214 1049 172
946 956 173
153 311 174
311 1043 175
1052 1053 176
255 849 177
937 1042 178
1103 1200 179
1072 1073 180
48 166 181
166 778 182
167 683 183
166 805 184
311 326 185
695 798 186
722 723 187
22 485 188
45 46 189
94 250 190
411 719 191
436 937 192
187 464 193
139 311 194
117 1032 195
347 1134 196
94 1056 197
91 335 198
166 854 199
214 669 200
1096 1097 201
86 683 202
166 439 203
14 228 204
126 311 205
239 630 206
695 812 207
695 811 208
722 1121 209
46 439 210
137 1192 211
252 1001 212
637 1218 213
124 252 214
94 129 215
214 1041 216
1001 1100 217
166 1098 218
937 1107 219
439 539 220
6 398 221
390 1046 222
719 920 223
11 1243 224
14 683 225
104 126 226
359 1084 227
1073 1196 228
289 1093 229
937 1120 230
117 1125 231
347 1123 232
346 439 233
521 630 234
270 1124 235
335 1084 236
86 1112 237
86 705 238
311 1220 239
476 1113 240
1070 1104 241
166 853 242
1095 1097 243
46 561 244
758 1044 245
58 476 246
309 1005 247
14 46 248
798 1008 249
390 801 250
214 957 251
937 1106 252
166 948 253
722 724 254
361 795 255
214 309 256
488 833 257
104 117 258
108 109 259
325 1043 260
270 925 261
347 1122 262
270 559 263
267 849 264
1073 1175 265
225 298 266
6 94 267
829 1031 268
86 380 269
214 702 270
214 965 271
335 1153 272
394 711 273
91 1055 274
514 567 275
46 438 276
212 214 277
439 625 278
347 754 279
521 884 280
361 794 281
438 439 282
73 1054 283
91 129 284
614 722 285
25 26 286
380 683 287
335 1040 288
411 1118 289
45 439 290
801 994 291
320 1084 292
91 1056 293
46 814 294
408 916 295
347 415 296
84 86 297
1101 1102 298
719 1118 299
94 193 300
917 1073 301
1004 1005 302
582 583 303
143 270 304
704 1101 305
89 849 306
91 250 307
25 833 308
22 1129 309
69 347 310
348 1122 311
394 1067 312
14 714 313
117 1005 314
320 1070 315
946 1106 316
94 398 317
299 1081 318
316 347 319
714 845 320
514 516 321
25 924 322
347 843 323
325 326 324
921 1134 325
233 464 326
347 636 327
89 267 328
46 562 329
723 1121 330
765 766 331
798 963 332
39 394 333
439 793 334
993 994 335
411 412 336
719 1021 337
335 1083 338
801 993 339
335 1057 340
439 759 341
25 860 342
167 439 343
719 1030 344
311 703 345
476 1099 346
58 1113 347
91 94 348
439 735 349
721 723 350
766 833 351
14 1087 352
228 439 353
45 438 354
22 819 355
476 1009 356
374 414 357
683 1087 358
311 324 359
888 941 360
167 948 361
704 1102 362
91 1083 363
193 1108 364
1030 1118 365
340 342 366
439 1086 367
22 137 368
69 348 369
361 454 370
610 995 371
117 1044 372
348 1123 373
374 761 374
117 758 375
2 792 376
339 340 377
468 471 378
389 470 379
475 567 380
766 1151 381
94 399 382
701 832 383
117 408 384
309 957 385
683 735 386
1055 1056 387
14 346 388
270 752 389
611 714 390
614 724 391
723 776 392
610 826 393
129 946 394
241 439 395
335 1191 396
347 844 397
167 1098 398
73 564 399
614 723 400
91 377 401
309 965 402
335 1094 403
412 719 404
270 331 405
776 1163 406
248 1031 407
271 800 408
270 848 409
22 886 410
58 389 411
73 964 412
723 1128 413
14 947 414
356 776 415
348 843 416
14 50 417
719 1085 418
846 1092 419
356 756 420
439 845 421
248 998 422
683 1086 423
311 418 424
701 1007 425
723 724 426
724 1128 427
963 1008 428
91 92 429
2 726 430
193 337 431
298 919 432
325 703 433
143 394 434
335 1190 435
139 621 436
826 995 437
94 377 438
6 250 439
264 391 440
324 325 441
732 766 442
798 913 443
200 922 444
133 937 445
225 982 446
830 949 447
320 1104 448
1046 1050 449
14 535 450
91 491 451
721 724 452
801 802 453
248 829 454
22 76 455
14 396 456
335 1111 457
355 356 458
109 1138 459
702 1037 460
67 1159 461
309 702 462
1136 1137 463
160 937 464
311 879 465
212 309 466
67 839 467
200 270 468
287 719 469
626 949 470
94 397 471
225 1161 472
941 943 473
5 656 474
73 960 475
324 326 476
270 737 477
1159 1160 478
92 94 479
348 754 480
14 735 481
117 916 482
582 1071 483
166 697 484
167 387 485
109 1139 486
86 716 487
389 1002 488
248 999 489
348 844 490
389 1003 491
356 1163 492
130 200 493
564 964 494
346 735 495
457 761 496
475 516 497
998 999 498
411 461 499
1138 1139 500
389 626 501
798 908 502
388 389 503
798 909 504
14 845 505
723 775 506
724 776 507
14 1086 508
941 1091 509
413 683 510
406 623 511
637 858 512
76 841 513
316 348 514
735 1086 515
129 287 516
360 361 517
798 911 518
798 912 519
6 399 520
520 661 521
225 264 522
270 502 523
471 861 524
14 1076 525
73 349 526
701 788 527
626 830 528
42 946 529
513 514 530
510 1010 531
412 1061 532
270 847 533
798 799 534
623 1201 535
299 774 536
129 461 537
193 706 538
789 1115 539
225 919 540
686 1007 541
812 1096 542
299 930 543
909 913 544
779 950 545
683 807 546
129 200 547
250 1055 548
287 1118 549
332 914 550
359 1225 551
610 680 552
91 93 553
10 73 554
67 1202 555
811 1137 556
14 793 557
139 1145 558
623 1075 559
996 998 560
86 379 561
310 311 562
996 999 563
732 833 564
139 1220 565
945 946 566
67 1160 567
92 250 568
69 1045 569
776 777 570
340 341 571
14 594 572
1120 1152 573
14 625 574
270 772 575
1002 1003 576
457 888 577
911 913 578
4 394 579
618 1010 580
798 811 581
67 1158 582
594 596 583
719 1064 584
94 102 585
909 911 586
912 913 587
909 912 588
14 1132 589
91 399 590
248 997 591
839 1090 592
250 398 593
48 804 594
838 839 595
908 913 596
962 963 597
117 246 598
535 1076 599
680 1131 600
270 537 601
510 618 602
122 356 603
909 910 604
326 703 605
997 998 606
908 909 607
319 320 608
680 826 609
702 957 610
510 797 611
248 996 612
359 646 613
436 1109 614
331 848 615
228 253 616
332 829 617
411 842 618
798 910 619
941 942 620
91 1051 621
129 160 622
73 768 623
582 676 624
629 630 625
797 1010 626
839 1038 627
1190 1191 628
942 943 629
22 791 630
227 228 631
299 1058 632
270 503 633
250 1056 634
680 995 635
779 835 636
594 595 637
287 411 638
374 620 639
908 910 640
908 912 641
14 643 642
335 485 643
414 761 644
193 732 645
680 1135 646
958 959 647
73 961 648
67 1195 649
418 652 650
22 928 651
130 411 652
540 1147 653
22 926 654
947 1140 655
248 332 656
910 913 657
843 844 658
126 418 659
331 772 660
887 888 661
1122 1123 662
491 1023 663
72 73 664
129 270 665
360 369 666
91 576 667
379 380 668
538 539 669
754 843 670
14 88 671
910 912 672
316 843 673
122 776 674
468 1164 675
92 398 676
641 1038 677
908 911 678
104 246 679
996 997 680
331 847 681
788 832 682
847 848 683
811 812 684
595 596 685
250 399 686
798 812 687
337 517 688
412 1085 689
323 362 690
626 934 691
540 1149 692
839 1089 693
645 791 694
641 839 695
139 1231 696
22 825 697
772 848 698
129 292 699
14 596 700
910 911 701
1147 1149 702
540 1150 703
14 539 704
22 785 705
502 688 706
911 912 707
997 999 708
329 888 709
380 716 710
22 307 711
251 823 712
251 824 713
403 630 714
22 755 715
80 834 716
354 763 717
80 800 718
392 394 719
618 797 720
1096 1154 721
1149 1150 722
502 503 723
22 927 724
470 471 725
754 844 726
200 771 727
436 627 728
982 1162 729
794 795 730
982 1248 731
248 828 732
789 827 733
117 245 734
412 718 735
573 818 736
540 674 737
680 1068 738
686 947 739
69 843 740
157 888 741
982 1161 742
36 104 743
58 470 744
370 701 745
94 635 746
285 564 747
8 73 748
22 157 749
67 915 750
22 708 751
804 852 752
6 92 753
299 363 754
143 200 755
10 72 756
841 873 757
360 794 758
772 847 759
360 1048 760
316 844 761
129 130 762
316 754 763
674 1147 764
823 824 765
22 810 766
731 732 767
471 738 768
646 790 769
1147 1150 770
129 537 771
351 485 772
396 643 773
251 763 774
267 878 775
1006 1007 776
248 648 777
804 822 778
129 842 779
69 844 780
823 938 781
704 939 782
47 48 783
91 398 784
129 357 785
502 940 786
680 1062 787
450 800 788
360 1047 789
314 316 790
263 821 791
320 720 792
439 561 793
573 639 794
63 785 795
299 300 796
646 791 797
646 866 798
308 682 799
126 383 800
42 945 801
129 143 802
661 785 803
48 852 804
248 334 805
129 771 806
674 1149 807
471 526 808
805 806 809
328 396 810
674 1150 811
91 635 812
251 325 813
22 707 814
694 700 815
471 739 816
374 1119 817
707 708 818
761 888 819
457 864 820
76 204 821
393 394 822
335 351 823
156 785 824
308 471 825
861 915 826
22 111 827
292 411 828
559 704 829
145 959 830
69 754 831
220 471 832
332 334 833
573 641 834
1047 1048 835
315 316 836
323 782 837
122 1163 838
129 427 839
22 700 840
39 631 841
200 855 842
568 829 843
22 587 844
129 900 845
359 790 846
200 537 847
139 158 848
323 783 849
864 935 850
360 371 851
48 713 852
6 343 853
325 354 854
122 777 855
935 936 856
104 245 857
414 742 858
697 805 859
396 416 860
41 254 861
117 537 862
82 267 863
471 760 864
360 454 865
370 406 866
22 306 867
94 576 868
323 1233 869
72 932 870
471 988 871
850 1203 872
6 377 873
41 786 874
223 471 875
359 866 876
439 562 877
559 939 878
10 349 879
22 645 880
471 736 881
415 637 882
22 646 883
471 518 884
864 936 885
414 781 886
48 853 887
384 431 888
186 337 889
339 342 890
1089 1090 891
20 129 892
248 647 893
129 855 894
5 704 895
332 333 896
251 354 897
300 363 898
850 1204 899
101 343 900
471 524 901
732 862 902
17 54 903
104 357 904
72 931 905
618 619 906
221 471 907
335 519 908
14 905 909
22 694 910
63 156 911
104 383 912
407 553 913
126 171 914
35 208 915
39 633 916
39 859 917
117 767 918
835 950 919
139 1166 920
220 526 921
126 365 922
727 1007 923
553 753 924
22 709 925
63 661 926
384 1060 927
248 333 928
80 450 929
35 367 930
360 795 931
92 399 932
688 940 933
362 782 934
92 101 935
384 522 936
143 537 937
42 477 938
407 753 939
392 393 940
254 259 941
762 888 942
36 246 943
1161 1162 944
103 104 945
297 529 946
321 323 947
225 226 948
510 511 949
248 362 950
386 396 951
369 620 952
704 933 953
103 582 954
139 1165 955
72 349 956
333 334 957
39 462 958
35 49 959
163 676 960
360 372 961
485 891 962
515 516 963
931 932 964
54 231 965
384 1223 966
761 762 967
856 857 968
103 889 969
143 502 970
343 344 971
471 808 972
384 1174 973
41 787 974
559 678 975
104 585 976
335 892 977
5 939 978
485 508 979
707 709 980
343 345 981
122 210 982
161 162 983
248 929 984
322 323 985
378 643 986
14 538 987
485 744 988
471 525 989
371 372 990
101 377 991
304 618 992
291 396 993
384 1224 994
1096 1142 995
161 163 996
222 468 997
339 341 998
404 630 999
72 622 1000
450 451 1001
5 678 1002
375 400 1003
645 646 1004
351 352 1005
568 851 1006
374 712 1007
292 842 1008
129 530 1009
329 368 1010
130 292 1011
344 345 1012
34 35 1013
303 618 1014
708 709 1015
143 1124 1016
314 315 1017
5 559 1018
76 111 1019
156 661 1020
145 958 1021
509 510 1022
384 1221 1023
509 512 1024
297 528 1025
101 345 1026
83 485 1027
103 944 1028
223 526 1029
6 345 1030
960 961 1031
182 856 1032
784 785 1033
63 784 1034
525 526 1035
748 749 1036
6 101 1037
22 751 1038
485 603 1039
303 510 1040
92 377 1041
220 308 1042
287 412 1043
60 88 1044
6 1110 1045
248 1216 1046
561 562 1047
642 643 1048
308 526 1049
122 358 1050
126 875 1051
304 510 1052
299 352 1053
201 516 1054
398 399 1055
456 694 1056
351 892 1057
109 419 1058
385 386 1059
330 373 1060
248 1177 1061
291 386 1062
218 578 1063
362 1177 1064
511 512 1065
636 637 1066
381 697 1067
307 646 1068
109 420 1069
122 867 1070
400 401 1071
491 677 1072
375 376 1073
91 1207 1074
109 421 1075
328 386 1076
171 365 1077
321 322 1078
328 416 1079
399 635 1080
221 526 1081
245 246 1082
157 762 1083
528 529 1084
491 492 1085
1223 1224 1086
47 713 1087
414 620 1088
104 875 1089
328 417 1090
384 1222 1091
524 525 1092
6 836 1093
143 503 1094
351 508 1095
170 521 1096
221 308 1097
416 417 1098
10 672 1099
103 583 1100
310 879 1101
291 328 1102
5 933 1103
559 933 1104
36 357 1105
41 773 1106
272 461 1107
330 876 1108
156 784 1109
223 308 1110
341 342 1111
351 891 1112
87 88 1113
510 512 1114
750 751 1115
524 526 1116
661 784 1117
485 743 1118
14 378 1119
220 223 1120
409 410 1121
185 186 1122
304 619 1123
41 336 1124
185 409 1125
403 629 1126
185 410 1127
375 809 1128
892 895 1129
63 660 1130
357 890 1131
381 831 1132
1222 1224 1133
531 642 1134
126 446 1135
518 808 1136
381 382 1137
1221 1224 1138
6 903 1139
679 680 1140
1221 1222 1141
220 221 1142
419 420 1143
126 874 1144
126 151 1145
248 877 1146
419 421 1147
75 297 1148
1221 1223 1149
531 643 1150
1203 1204 1151
34 49 1152
129 890 1153
157 1039 1154
1174 1224 1155
61 72 1156
1174 1223 1157
117 523 1158
412 1018 1159
14 894 1160
126 170 1161
397 398 1162
534 535 1163
327 369 1164
420 421 1165
4 678 1166
1222 1223 1167
358 407 1168
248 368 1169
156 660 1170
221 223 1171
111 587 1172
10 671 1173
72 768 1174
151 218 1175
54 182 1176
151 541 1177
412 1182 1178
139 1217 1179
303 304 1180
508 891 1181
896 1184 1182
61 932 1183
161 245 1184
259 710 1185
883 884 1186
335 603 1187
559 1232 1188
1174 1222 1189
439 632 1190
75 529 1191
157 785 1192
163 582 1193
104 874 1194
341 353 1195
19 83 1196
130 287 1197
248 667 1198
1165 1166 1199
523 767 1200
341 1130 1201
404 629 1202
272 273 1203
491 881 1204
785 928 1205
163 245 1206
4 5 1207
507 508 1208
504 505 1209
143 737 1210
145 405 1211
287 292 1212
41 186 1213
182 395 1214
365 366 1215
75 528 1216
184 185 1217
755 785 1218
15 364 1219
92 836 1220
5 1232 1221
360 370 1222
247 248 1223
54 747 1224
171 366 1225
104 446 1226
364 745 1227
415 636 1228
19 505 1229
403 404 1230
351 519 1231
259 533 1232
22 750 1233
158 670 1234
15 745 1235
61 218 1236
157 810 1237
61 578 1238
123 182 1239
785 927 1240
755 926 1241
377 576 1242
96 369 1243
6 1203 1244
303 619 1245
810 926 1246
184 186 1247
19 504 1248
14 746 1249
351 743 1250
61 931 1251
222 223 1252
509 511 1253
299 628 1254
14 317 1255
351 744 1256
456 796 1257
92 576 1258
383 384 1259
57 172 1260
785 810 1261
785 926 1262
61 151 1263
184 410 1264
398 635 1265
14 318 1266
863 892 1267
491 882 1268
810 927 1269
677 881 1270
134 764 1271
157 755 1272
755 928 1273
378 644 1274
111 306 1275
537 675 1276
157 926 1277
933 1232 1278
259 740 1279
402 404 1280
158 1217 1281
256 445 1282
14 15 1283
677 882 1284
755 927 1285
926 928 1286
755 810 1287
22 456 1288
133 134 1289
4 559 1290
350 351 1291
927 928 1292
92 397 1293
660 661 1294
14 689 1295
895 896 1296
357 427 1297
926 927 1298
562 651 1299
378 894 1300
1174 1221 1301
157 927 1302
378 746 1303
14 274 1304
96 327 1305
727 923 1306
122 1141 1307
810 928 1308
34 651 1309
54 395 1310
134 135 1311
220 222 1312
57 122 1313
727 728 1314
317 894 1315
257 259 1316
713 1242 1317
653 884 1318
127 274 1319
145 1247 1320
370 770 1321
157 928 1322
218 427 1323
6 850 1324
1241 1242 1325
317 746 1326
317 378 1327
262 527 1328
6 1204 1329
4 933 1330
8 532 1331
427 890 1332
665 666 1333
117 675 1334
145 571 1335
91 1206 1336
317 318 1337
318 746 1338
170 1000 1339
713 1241 1340
4 1232 1341
318 894 1342
318 378 1343
562 632 1344
369 717 1345
82 878 1346
151 427 1347
232 375 1348
404 733 1349
172 757 1350
1142 1154 1351
351 603 1352
561 632 1353
576 918 1354
881 882 1355
92 102 1356
20 160 1357
134 136 1358
234 235 1359
769 1209 1360
169 171 1361
378 876 1362
1209 1211 1363
133 135 1364
234 769 1365
1041 1069 1366
146 1211 1367
287 674 1368
667 1216 1369
769 1212 1370
37 115 1371
490 491 1372
673 674 1373
78 865 1374
134 266 1375
234 1211 1376
54 72 1377
160 685 1378
77 78 1379
1211 1212 1380
232 809 1381
1173 1221 1382
18 19 1383
34 562 1384
234 1212 1385
146 234 1386
1209 1212 1387
146 1209 1388
288 460 1389
318 689 1390
1210 1211 1391
128 274 1392
61 664 1393
78 710 1394
234 1209 1395
730 1210 1396
14 128 1397
145 1246 1398
235 729 1399
653 883 1400
1209 1210 1401
37 665 1402
221 222 1403
1246 1247 1404
1210 1212 1405
146 769 1406
235 730 1407
730 1212 1408
733 734 1409
1029 1041 1410
9 532 1411
257 533 1412
817 863 1413
8 9 1414
718 1209 1415
14 654 1416
122 432 1417
317 689 1418
234 729 1419
729 769 1420
769 1210 1421
234 718 1422
398 1207 1423
718 730 1424
718 1210 1425
729 730 1426
146 729 1427
769 1211 1428
234 1210 1429
718 729 1430
677 880 1431
398 1206 1432
127 128 1433
533 740 1434
730 1209 1435
896 1205 1436
37 666 1437
146 718 1438
266 764 1439
257 740 1440
729 1211 1441
880 881 1442
146 1212 1443
57 624 1444
117 229 1445
133 136 1446
710 865 1447
730 769 1448
880 882 1449
146 1210 1450
383 875 1451
718 1212 1452
275 684 1453
13 654 1454
96 906 1455
286 287 1456
712 1119 1457
145 313 1458
718 769 1459
718 1211 1460
1041 1063 1461
263 712 1462
13 481 1463
146 730 1464
192 402 1465
729 1209 1466
287 1182 1467
598 599 1468
7 8 1469
54 194 1470
234 730 1471
729 1212 1472
1173 1174 1473
729 1210 1474
730 1211 1475
404 734 1476
74 268 1477
96 989 1478
598 873 1479
14 315 1480
383 1059 1481
402 734 1482
14 127 1483
13 378 1484
352 981 1485
491 880 1486
231 747 1487
135 136 1488
1221 1238 1489
145 1237 1490
145 1239 1491
7 9 1492
13 315 1493
506 741 1494
13 14 1495
671 672 1496
571 1239 1497
383 446 1498
160 427 1499
358 432 1500
571 1246 1501
30 275 1502
133 1148 1503
874 875 1504
61 427 1505
20 427 1506
61 112 1507
368 667 1508
41 284 1509
1054 1143 1510
870 871 1511
143 565 1512
1213 1215 1513
352 628 1514
13 127 1515
9 500 1516
231 741 1517
1239 1246 1518
427 885 1519
868 871 1520
1018 1182 1521
383 874 1522
1173 1238 1523
57 1141 1524
352 871 1525
330 378 1526
446 875 1527
231 967 1528
872 873 1529
368 877 1530
231 506 1531
31 275 1532
1142 1215 1533
287 1018 1534
432 1141 1535
1174 1238 1536
9 501 1537
29 30 1538
13 274 1539
868 869 1540
352 870 1541
869 870 1542
112 664 1543
1214 1215 1544
667 877 1545
1063 1069 1546
500 501 1547
1206 1207 1548
536 715 1549
352 868 1550
1029 1063 1551
61 663 1552
446 874 1553
1142 1213 1554
57 432 1555
712 803 1556
107 278 1557
869 871 1558
13 128 1559
815 816 1560
1142 1214 1561
231 715 1562
30 31 1563
427 685 1564
1213 1214 1565
868 870 1566
262 268 1567
712 840 1568
143 566 1569
261 268 1570
815 817 1571
816 817 1572
268 460 1573
20 685 1574
105 107 1575
352 869 1576
41 279 1577
29 31 1578
974 981 1579
473 555 1580
112 232 1581
906 989 1582
201 473 1583
1029 1069 1584
638 712 1585
628 981 1586
29 275 1587
287 673 1588
40 41 1589
231 536 1590
261 262 1591
473 557 1592
41 283 1593
201 555 1594
555 557 1595
229 230 1596
663 664 1597
201 557 1598
201 687 1599
40 284 1600
112 663 1601
201 681 1602
458 681 1603
189 1236 1604
201 458 1605
279 284 1606
712 1230 1607
230 893 1608
283 284 1609
188 189 1610
565 566 1611
189 1245 1612
188 1244 1613
188 1245 1614
189 1244 1615
279 283 1616
283 426 1617
40 283 1618
40 279 1619
279 426 1620
1244 1245 1621
