1155 1168 1
1155 1185 2
1185 1193 3
1155 1193 4
1155 1199 5
117 309 6
1155 1167 7
1105 1155 8
264 391 9
1105 1168 10
271 722 11
1168 1199 12
1054 1143 13
1035 1200 14
695 1035 15
884 1074 16
1035 1103 17
521 884 18
722 1007 19
1155 1171 20
884 1219 21
623 1201 22
25 924 23
25 860 24
1155 1169 25
117 166 26
157 888 27
347 921 28
1169 1171 29
1033 1035 30
14 722 31
695 1033 32
701 1007 33
1080 1081 34
1103 1200 35
73 340 36
722 1076 37
1105 1199 38
1155 1170 39
25 26 40
299 1081 41
937 946 42
695 1103 43
623 1075 44
695 1034 45
1065 1066 46
1034 1035 47
214 1049 48
1077 1078 49
309 1005 50
475 567 51
340 695 52
883 884 53
1052 1065 54
299 774 55
299 1080 56
722 1115 57
653 884 58
1046 1050 59
850 1078 60
340 1035 61
347 512 62
270 394 63
719 937 64
335 1066 65
1052 1066 66
512 921 67
270 711 68
394 711 69
1047 1048 70
25 833 71
953 954 72
1116 1117 73
1052 1053 74
309 1032 75
695 1200 76
86 117 77
1033 1034 78
117 1005 79
347 348 80
335 1052 81
239 289 82
952 954 83
161 162 84
1136 1137 85
1170 1171 86
394 1067 87
722 1176 88
89 255 89
157 762 90
582 676 91
1169 1170 92
299 1058 93
535 722 94
921 1134 95
73 1054 96
248 722 97
390 994 98
436 937 99
439 722 100
1052 1114 101
329 888 102
39 394 103
340 1033 104
347 1134 105
695 802 106
1096 1097 107
390 1046 108
1055 1056 109
701 788 110
722 829 111
73 564 112
255 792 113
11 1133 114
255 298 115
1070 1105 116
299 930 117
360 1048 118
582 1071 119
686 722 120
11 1243 121
719 1021 122
311 1053 123
535 1076 124
91 1055 125
250 1055 126
722 1088 127
762 888 128
1097 1194 129
94 491 130
340 1034 131
160 937 132
582 583 133
937 1042 134
475 516 135
722 1031 136
850 1077 137
627 937 138
719 920 139
166 309 140
1006 1007 141
1104 1105 142
126 170 143
166 1125 144
320 1105 145
724 1128 146
241 1001 147
1070 1104 148
187 1117 149
516 567 150
722 724 151
187 1116 152
255 780 153
801 994 154
289 1093 155
887 888 156
255 374 157
1001 1100 158
937 1120 159
521 1074 160
22 725 161
390 993 162
937 1107 163
937 1109 164
255 267 165
303 619 166
436 627 167
214 1041 168
406 623 169
723 1073 170
94 411 171
392 394 172
58 476 173
722 1128 174
320 1104 175
937 1061 176
653 883 177
937 1106 178
951 954 179
67 839 180
270 1067 181
248 829 182
214 837 183
390 801 184
14 539 185
724 1073 186
117 1049 187
347 1122 188
514 567 189
476 1113 190
299 300 191
952 953 192
993 994 193
126 418 194
225 264 195
304 619 196
320 1070 197
801 993 198
157 1039 199
14 735 200
311 1052 201
380 683 202
618 619 203
299 363 204
347 1123 205
946 1106 206
263 821 207
722 723 208
166 683 209
392 393 210
695 799 211
167 683 212
255 849 213
951 953 214
58 1113 215
14 683 216
69 1045 217
104 126 218
701 832 219
1001 1126 220
335 1083 221
412 937 222
348 1122 223
143 394 224
166 439 225
117 758 226
163 582 227
697 805 228
488 833 229
335 725 230
67 1195 231
788 832 232
230 893 233
722 1121 234
163 676 235
723 1128 236
758 1044 237
686 1007 238
67 1158 239
117 1125 240
225 298 241
695 846 242
187 464 243
91 250 244
117 1032 245
439 539 246
1002 1003 247
22 137 248
48 166 249
695 811 250
937 956 251
67 1202 252
789 1115 253
255 457 254
303 304 255
393 394 256
325 703 257
436 1109 258
214 309 259
476 1099 260
719 1030 261
319 320 262
348 1123 263
514 516 264
408 916 265
411 719 266
515 516 267
384 1060 268
996 998 269
723 1121 270
255 338 271
200 937 272
86 309 273
117 380 274
303 618 275
14 845 276
719 1085 277
250 1056 278
325 1043 279
117 408 280
811 1137 281
86 683 282
360 1047 283
129 937 284
304 618 285
384 431 286
686 947 287
14 1087 288
94 1055 289
335 1084 290
439 683 291
335 1040 292
695 1096 293
829 1031 294
411 412 295
8 73 296
14 793 297
263 712 298
680 1062 299
1095 1097 300
117 916 301
187 233 302
347 843 303
826 995 304
73 964 305
271 800 306
170 521 307
412 1085 308
610 826 309
14 538 310
214 1036 311
14 346 312
137 1192 313
233 464 314
996 999 315
22 76 316
166 853 317
239 1093 318
1096 1154 319
214 1127 320
335 1111 321
614 724 322
166 167 323
776 1163 324
287 719 325
683 1087 326
14 50 327
618 1010 328
835 950 329
476 1009 330
998 999 331
67 1160 332
198 340 333
614 722 334
6 1110 335
14 439 336
122 776 337
412 719 338
614 723 339
389 1002 340
14 535 341
389 626 342
122 1163 343
311 418 344
732 833 345
22 1129 346
94 1084 347
320 720 348
789 827 349
14 228 350
325 326 351
908 911 352
1072 1073 353
888 941 354
58 389 355
812 1096 356
468 471 357
109 1138 358
418 652 359
723 724 360
801 802 361
335 1153 362
564 964 363
982 1248 364
1073 1196 365
94 1056 366
14 1076 367
311 325 368
538 539 369
917 1073 370
67 1159 371
94 335 372
329 368 373
86 380 374
838 839 375
680 826 376
248 998 377
908 913 378
1138 1139 379
513 514 380
766 833 381
861 915 382
997 998 383
389 1003 384
996 997 385
14 947 386
695 812 387
356 776 388
332 914 389
626 830 390
610 995 391
830 949 392
14 625 393
343 345 394
439 735 395
143 270 396
298 919 397
618 797 398
252 1001 399
510 618 400
1159 1160 401
143 1124 402
14 46 403
14 88 404
225 919 405
347 754 406
101 343 407
104 117 408
67 915 409
908 912 410
911 912 411
997 999 412
335 1057 413
982 1162 414
214 1037 415
457 888 416
823 938 417
161 163 418
805 806 419
911 913 420
22 707 421
103 582 422
811 812 423
797 1010 424
214 957 425
626 949 426
343 344 427
908 909 428
250 399 429
910 912 430
314 316 431
510 1010 432
910 911 433
316 347 434
412 1061 435
14 1132 436
91 411 437
94 129 438
304 510 439
776 777 440
359 790 441
910 913 442
732 766 443
683 735 444
348 844 445
103 583 446
117 1044 447
909 913 448
89 849 449
908 910 450
347 844 451
953 956 452
109 1139 453
909 910 454
909 912 455
170 1000 456
91 1056 457
214 965 458
798 908 459
846 1092 460
1122 1123 461
167 1098 462
348 843 463
909 911 464
568 829 465
309 957 466
954 956 467
248 996 468
798 911 469
1096 1142 470
315 316 471
229 230 472
388 389 473
640 668 474
122 777 475
359 1084 476
680 995 477
2 792 478
14 1086 479
167 439 480
1147 1150 481
309 965 482
214 1082 483
248 999 484
794 795 485
94 250 486
166 1098 487
225 1161 488
798 909 489
117 229 490
214 669 491
248 1031 492
166 805 493
721 724 494
7 8 495
303 510 496
309 702 497
344 345 498
502 688 499
69 347 500
1004 1005 501
4 394 502
166 854 503
348 754 504
347 636 505
839 1090 506
103 944 507
316 843 508
129 287 509
520 661 510
214 702 511
41 254 512
129 411 513
316 754 514
683 807 515
316 348 516
1073 1175 517
122 356 518
724 776 519
982 1161 520
239 1208 521
287 411 522
668 820 523
14 594 524
299 352 525
798 963 526
316 844 527
798 912 528
103 889 529
1147 1149 530
6 91 531
361 668 532
6 343 533
641 839 534
370 701 535
839 1089 536
8 9 537
270 502 538
101 345 539
356 1163 540
732 862 541
521 630 542
2 726 543
839 1038 544
225 982 545
8 532 546
945 946 547
6 101 548
576 918 549
719 1064 550
214 662 551
335 1094 552
843 844 553
723 775 554
912 913 555
6 250 556
721 723 557
314 315 558
103 104 559
798 913 560
76 111 561
10 73 562
332 829 563
14 596 564
42 946 565
320 1084 566
723 776 567
952 956 568
361 794 569
84 86 570
6 903 571
347 415 572
311 326 573
450 800 574
76 841 575
1161 1162 576
626 934 577
73 768 578
92 399 579
167 948 580
320 359 581
324 325 582
360 794 583
69 348 584
540 1150 585
130 411 586
502 940 587
375 809 588
123 182 589
332 334 590
298 338 591
225 226 592
610 680 593
91 335 594
573 641 595
91 129 596
212 309 597
540 1149 598
823 824 599
630 1074 600
250 398 601
850 1203 602
91 94 603
641 1038 604
326 703 605
41 773 606
704 1102 607
540 1147 608
130 287 609
510 797 610
798 910 611
946 956 612
73 960 613
86 1112 614
251 823 615
1120 1152 616
22 708 617
348 637 618
439 845 619
962 963 620
300 363 621
963 1008 622
80 800 623
340 680 624
45 46 625
287 412 626
389 470 627
166 697 628
573 818 629
73 961 630
193 732 631
270 848 632
707 708 633
14 714 634
1101 1102 635
1089 1090 636
754 843 637
69 844 638
91 92 639
439 625 640
285 564 641
139 1165 642
347 637 643
351 352 644
166 778 645
359 646 646
573 639 647
76 204 648
182 856 649
270 331 650
94 1083 651
270 1124 652
361 795 653
850 1204 654
80 834 655
1149 1150 656
43 239 657
798 1008 658
1165 1166 659
955 956 660
14 315 661
947 1140 662
731 732 663
798 812 664
72 73 665
22 456 666
69 843 667
412 1018 668
360 795 669
412 718 670
719 1118 671
92 250 672
193 1108 673
754 844 674
73 349 675
287 292 676
779 950 677
232 809 678
54 182 679
384 522 680
251 824 681
117 537 682
22 886 683
311 703 684
951 956 685
80 450 686
695 798 687
10 72 688
471 861 689
370 770 690
707 709 691
251 325 692
126 311 693
6 836 694
351 485 695
6 399 696
311 1043 697
439 1087 698
798 811 699
22 587 700
58 470 701
270 847 702
411 1118 703
704 1101 704
86 705 705
86 716 706
248 997 707
129 946 708
714 845 709
815 816 710
6 94 711
129 427 712
411 842 713
292 411 714
411 461 715
14 396 716
683 1086 717
335 1190 718
112 232 719
220 222 720
22 709 721
143 502 722
335 1191 723
255 779 724
370 406 725
817 863 726
332 333 727
360 372 728
42 477 729
708 709 730
232 375 731
22 825 732
129 160 733
321 322 734
704 933 735
359 1225 736
166 948 737
22 645 738
69 754 739
328 396 740
346 735 741
94 399 742
412 1182 743
374 1119 744
41 787 745
259 710 746
680 1135 747
143 503 748
248 332 749
457 864 750
22 819 751
41 336 752
42 945 753
680 1131 754
816 817 755
89 267 756
324 326 757
10 349 758
359 866 759
328 386 760
568 851 761
221 222 762
380 716 763
661 785 764
935 936 765
22 791 766
101 377 767
325 354 768
973 1227 769
5 704 770
22 700 771
91 377 772
112 664 773
61 932 774
328 416 775
91 1083 776
270 925 777
129 130 778
702 1037 779
41 186 780
270 503 781
413 683 782
6 345 783
46 814 784
374 761 785
360 371 786
674 1150 787
270 772 788
439 793 789
645 791 790
847 848 791
331 847 792
761 888 793
14 643 794
122 867 795
182 395 796
396 416 797
931 932 798
864 935 799
384 1221 800
22 111 801
646 866 802
815 817 803
200 922 804
396 643 805
646 790 806
167 387 807
360 369 808
502 503 809
22 485 810
122 210 811
1203 1204 812
129 842 813
559 704 814
91 399 815
214 699 816
61 931 817
248 334 818
339 340 819
680 1068 820
157 810 821
798 799 822
779 835 823
239 630 824
129 143 825
360 361 826
374 414 827
864 936 828
193 706 829
220 471 830
94 579 831
322 323 832
457 761 833
130 292 834
212 214 835
291 328 836
377 576 837
540 674 838
14 905 839
471 526 840
375 400 841
92 398 842
292 842 843
333 334 844
374 620 845
287 1118 846
153 311 847
645 646 848
331 848 849
92 101 850
251 354 851
727 1007 852
129 537 853
375 376 854
6 398 855
139 1145 856
485 508 857
220 221 858
77 78 859
508 891 860
6 377 861
17 54 862
20 129 863
61 72 864
91 576 865
222 223 866
321 323 867
704 939 868
772 847 869
94 398 870
360 370 871
378 643 872
471 988 873
470 471 874
398 399 875
331 772 876
450 451 877
384 1174 878
7 9 879
156 785 880
22 785 881
112 663 882
646 791 883
130 200 884
104 245 885
311 324 886
340 342 887
48 853 888
384 1223 889
133 937 890
248 828 891
688 940 892
126 171 893
72 349 894
384 1224 895
94 193 896
91 93 897
346 439 898
143 566 899
61 578 900
361 454 901
804 852 902
139 1166 903
254 259 904
54 395 905
201 516 906
72 931 907
117 767 908
335 485 909
14 894 910
379 380 911
222 468 912
221 471 913
323 783 914
129 270 915
310 311 916
143 200 917
48 804 918
94 576 919
1030 1118 920
94 377 921
9 532 922
10 672 923
335 603 924
129 292 925
92 836 926
339 342 927
510 512 928
171 366 929
223 471 930
267 849 931
22 306 932
895 896 933
702 957 934
772 848 935
456 796 936
674 1147 937
297 529 938
228 439 939
351 508 940
629 630 941
218 578 942
1221 1223 943
92 576 944
1190 1191 945
339 341 946
856 857 947
896 1205 948
63 785 949
126 151 950
157 926 951
220 526 952
14 654 953
57 172 954
36 104 955
61 664 956
404 630 957
6 92 958
91 1051 959
403 630 960
46 439 961
61 218 962
139 621 963
287 1018 964
400 401 965
111 587 966
22 927 967
41 786 968
122 358 969
54 231 970
355 356 971
403 629 972
193 337 973
143 537 974
384 1222 975
374 712 976
163 245 977
383 384 978
485 891 979
308 471 980
220 223 981
287 1182 982
351 891 983
104 246 984
14 274 985
72 932 986
220 308 987
407 553 988
291 386 989
5 939 990
221 223 991
471 525 992
10 671 993
157 755 994
509 512 995
61 112 996
381 697 997
48 852 998
78 865 999
784 785 1000
14 318 1001
270 752 1002
91 491 1003
674 1149 1004
735 1086 1005
223 308 1006
19 505 1007
109 420 1008
251 763 1009
270 537 1010
471 524 1011
710 865 1012
22 928 1013
109 421 1014
94 635 1015
186 337 1016
126 875 1017
419 420 1018
335 351 1019
139 1231 1020
611 714 1021
896 1184 1022
92 94 1023
335 892 1024
22 307 1025
9 500 1026
157 927 1027
91 398 1028
1018 1182 1029
72 768 1030
169 171 1031
439 1086 1032
468 1164 1033
96 369 1034
126 365 1035
171 365 1036
712 1119 1037
663 664 1038
399 635 1039
124 252 1040
157 785 1041
157 928 1042
323 782 1043
46 561 1044
78 710 1045
248 647 1046
416 417 1047
340 341 1048
14 127 1049
96 327 1050
248 333 1051
385 386 1052
1223 1224 1053
92 377 1054
160 427 1055
86 379 1056
403 404 1057
1221 1222 1058
356 756 1059
485 603 1060
109 419 1061
117 245 1062
22 694 1063
354 763 1064
75 297 1065
1221 1224 1066
328 417 1067
525 526 1068
785 810 1069
129 461 1070
247 248 1071
5 933 1072
500 501 1073
14 128 1074
407 753 1075
126 874 1076
94 397 1077
22 926 1078
122 432 1079
1174 1223 1080
409 410 1081
323 1233 1082
14 317 1083
221 526 1084
414 781 1085
341 353 1086
14 378 1087
22 755 1088
291 396 1089
371 372 1090
863 892 1091
46 562 1092
419 421 1093
1222 1223 1094
39 859 1095
404 629 1096
504 505 1097
350 351 1098
223 526 1099
414 742 1100
524 525 1101
785 927 1102
185 410 1103
200 270 1104
335 519 1105
511 512 1106
22 810 1107
307 646 1108
358 432 1109
471 518 1110
510 511 1111
420 421 1112
337 517 1113
471 808 1114
642 643 1115
248 362 1116
143 565 1117
531 643 1118
1174 1221 1119
471 739 1120
61 427 1121
129 200 1122
471 760 1123
402 404 1124
358 407 1125
414 620 1126
414 761 1127
1174 1222 1128
386 396 1129
129 900 1130
221 308 1131
111 306 1132
185 409 1133
748 749 1134
534 535 1135
1174 1224 1136
161 245 1137
531 642 1138
960 961 1139
471 736 1140
761 762 1141
311 879 1142
507 508 1143
270 559 1144
46 438 1145
528 529 1146
22 646 1147
341 342 1148
941 1091 1149
553 753 1150
75 529 1151
297 528 1152
9 501 1153
19 504 1154
61 663 1155
34 49 1156
509 510 1157
14 746 1158
63 661 1159
766 1151 1160
22 157 1161
126 446 1162
156 661 1163
941 942 1164
129 956 1165
941 943 1166
360 454 1167
117 523 1168
91 635 1169
108 972 1170
72 622 1171
679 680 1172
1222 1224 1173
804 822 1174
785 928 1175
248 648 1176
398 635 1177
892 895 1178
48 713 1179
718 729 1180
524 526 1181
397 398 1182
262 527 1183
318 894 1184
637 1218 1185
37 115 1186
129 530 1187
594 595 1188
108 1240 1189
47 48 1190
378 894 1191
439 759 1192
45 439 1193
365 366 1194
20 160 1195
129 771 1196
261 262 1197
311 1220 1198
661 784 1199
318 378 1200
108 973 1201
351 603 1202
926 927 1203
151 218 1204
184 410 1205
61 151 1206
104 383 1207
129 357 1208
92 397 1209
308 526 1210
6 850 1211
37 666 1212
378 644 1213
942 943 1214
37 665 1215
14 689 1216
104 585 1217
369 620 1218
637 858 1219
718 730 1220
1142 1154 1221
323 362 1222
139 1220 1223
810 926 1224
785 926 1225
299 628 1226
45 438 1227
134 136 1228
39 631 1229
108 109 1230
351 519 1231
713 1241 1232
13 315 1233
39 633 1234
218 427 1235
104 357 1236
257 533 1237
351 743 1238
594 596 1239
75 528 1240
129 855 1241
139 1217 1242
317 378 1243
160 685 1244
248 929 1245
82 267 1246
139 311 1247
248 1177 1248
810 927 1249
926 928 1250
122 1141 1251
259 533 1252
91 1207 1253
139 158 1254
35 49 1255
317 894 1256
200 537 1257
234 718 1258
439 561 1259
636 637 1260
134 135 1261
368 877 1262
129 890 1263
727 923 1264
257 259 1265
378 746 1266
398 1207 1267
257 740 1268
718 769 1269
310 879 1270
415 636 1271
755 785 1272
810 928 1273
341 1130 1274
200 855 1275
730 769 1276
104 446 1277
143 737 1278
318 746 1279
523 767 1280
438 439 1281
351 892 1282
559 939 1283
34 35 1284
6 1204 1285
14 15 1286
146 1211 1287
439 562 1288
327 369 1289
565 566 1290
5 656 1291
317 746 1292
104 875 1293
718 1212 1294
765 766 1295
1241 1242 1296
6 1203 1297
63 156 1298
415 637 1299
595 596 1300
427 890 1301
729 1212 1302
185 186 1303
47 713 1304
36 246 1305
146 729 1306
146 769 1307
87 88 1308
671 672 1309
381 382 1310
665 666 1311
22 750 1312
317 318 1313
509 511 1314
927 928 1315
362 782 1316
933 1232 1317
234 1210 1318
718 1210 1319
248 368 1320
146 1212 1321
841 873 1322
286 287 1323
730 1209 1324
228 253 1325
713 1242 1326
718 1211 1327
729 1211 1328
730 1210 1329
184 186 1330
755 926 1331
729 730 1332
231 536 1333
357 427 1334
4 5 1335
35 208 1336
485 743 1337
368 667 1338
57 624 1339
184 185 1340
234 1212 1341
22 751 1342
234 769 1343
1210 1212 1344
57 432 1345
259 740 1346
485 744 1347
234 1209 1348
439 632 1349
234 729 1350
718 1209 1351
146 730 1352
769 1209 1353
146 718 1354
1210 1211 1355
1211 1212 1356
769 1212 1357
5 559 1358
156 784 1359
200 771 1360
60 88 1361
318 689 1362
135 136 1363
151 541 1364
351 744 1365
63 784 1366
730 1212 1367
404 734 1368
533 740 1369
729 769 1370
234 730 1371
5 1232 1372
146 234 1373
146 1210 1374
571 1239 1375
4 933 1376
234 1211 1377
381 831 1378
769 1210 1379
133 134 1380
769 1211 1381
694 700 1382
755 810 1383
39 462 1384
1173 1221 1385
151 427 1386
270 737 1387
1209 1212 1388
730 1211 1389
1209 1210 1390
262 268 1391
41 284 1392
383 874 1393
18 19 1394
559 933 1395
1209 1211 1396
471 738 1397
729 1210 1398
134 764 1399
146 1209 1400
308 682 1401
729 1209 1402
34 651 1403
133 135 1404
561 632 1405
383 446 1406
91 1206 1407
562 632 1408
383 1059 1409
13 14 1410
82 878 1411
755 927 1412
267 878 1413
712 840 1414
104 874 1415
398 1206 1416
369 717 1417
518 808 1418
562 651 1419
402 734 1420
54 72 1421
126 383 1422
727 728 1423
317 689 1424
192 402 1425
561 562 1426
40 41 1427
404 733 1428
660 661 1429
57 122 1430
94 102 1431
248 877 1432
134 266 1433
245 246 1434
1206 1207 1435
34 562 1436
755 928 1437
456 694 1438
712 803 1439
35 367 1440
536 715 1441
235 729 1442
261 268 1443
74 268 1444
231 506 1445
54 747 1446
57 1141 1447
248 1216 1448
750 751 1449
1173 1174 1450
36 357 1451
231 715 1452
172 757 1453
352 871 1454
133 136 1455
571 1246 1456
117 675 1457
4 559 1458
234 235 1459
235 730 1460
13 481 1461
83 485 1462
432 1141 1463
41 279 1464
638 712 1465
1221 1238 1466
352 869 1467
352 870 1468
1239 1246 1469
427 885 1470
145 571 1471
446 874 1472
231 741 1473
145 1239 1474
870 871 1475
156 660 1476
446 875 1477
667 877 1478
362 1177 1479
117 246 1480
92 102 1481
127 274 1482
868 871 1483
63 660 1484
227 228 1485
13 378 1486
383 875 1487
158 1217 1488
201 687 1489
559 1232 1490
427 685 1491
54 194 1492
272 273 1493
15 745 1494
1142 1214 1495
275 684 1496
231 747 1497
128 274 1498
145 1246 1499
491 492 1500
13 127 1501
352 628 1502
357 890 1503
1213 1214 1504
868 869 1505
1142 1215 1506
29 275 1507
5 678 1508
15 364 1509
491 677 1510
13 274 1511
330 373 1512
869 871 1513
266 764 1514
378 876 1515
4 1232 1516
352 868 1517
1041 1063 1518
248 667 1519
874 875 1520
145 405 1521
1142 1213 1522
201 557 1523
241 439 1524
364 745 1525
712 1230 1526
733 734 1527
506 741 1528
1063 1069 1529
677 880 1530
13 654 1531
133 1148 1532
20 685 1533
29 30 1534
145 1247 1535
1213 1215 1536
869 870 1537
30 275 1538
145 313 1539
272 461 1540
201 473 1541
145 958 1542
1174 1238 1543
537 675 1544
868 870 1545
41 283 1546
20 427 1547
352 981 1548
105 107 1549
677 881 1550
107 278 1551
491 1023 1552
1029 1063 1553
1029 1041 1554
127 128 1555
231 967 1556
673 674 1557
1041 1069 1558
29 31 1559
667 1216 1560
958 959 1561
145 1237 1562
96 906 1563
330 876 1564
458 681 1565
1246 1247 1566
330 378 1567
1214 1215 1568
555 557 1569
1173 1238 1570
473 557 1571
158 670 1572
491 881 1573
1029 1069 1574
201 681 1575
30 31 1576
256 445 1577
201 458 1578
880 881 1579
201 555 1580
677 882 1581
872 873 1582
145 959 1583
96 989 1584
188 1245 1585
559 678 1586
279 284 1587
287 673 1588
287 674 1589
491 880 1590
491 882 1591
880 882 1592
4 678 1593
13 128 1594
490 491 1595
906 989 1596
188 1244 1597
473 555 1598
881 882 1599
31 275 1600
40 284 1601
40 279 1602
656 657 1603
279 283 1604
598 873 1605
598 599 1606
268 460 1607
189 1236 1608
19 83 1609
1244 1245 1610
99 1079 1611
279 426 1612
283 284 1613
40 283 1614
188 189 1615
189 1244 1616
189 1245 1617
283 426 1618
628 981 1619
974 981 1620
288 460 1621
