71 146 1
146 249 2
146 435 3
208 449 4
146 445 5
146 291 6
33 98 7
56 146 8
216 449 9
267 449 10
208 216 11
146 227 12
208 267 13
95 146 14
7 58 15
18 449 16
71 249 17
146 348 18
146 437 19
114 146 20
18 267 21
71 445 22
18 216 23
146 238 24
33 179 25
58 249 26
21 115 27
23 216 28
23 449 29
3 98 30
58 146 31
71 345 32
150 345 33
33 326 34
150 454 35
33 59 36
98 427 37
71 142 38
208 327 39
249 435 40
374 403 41
7 137 42
18 208 43
58 132 44
99 374 45
26 146 46
243 422 47
71 200 48
98 119 49
175 318 50
4 183 51
243 403 52
149 374 53
126 147 54
12 243 55
208 290 56
22 156 57
126 399 58
7 30 59
36 146 60
99 403 61
98 392 62
95 435 63
146 299 64
33 332 65
227 435 66
58 228 67
43 265 68
225 249 69
233 318 70
16 383 71
118 169 72
284 449 73
149 403 74
267 422 75
58 227 76
24 249 77
275 345 78
417 449 79
278 374 80
326 427 81
147 442 82
33 70 83
100 454 84
213 264 85
4 88 86
56 397 87
146 172 88
150 275 89
166 267 90
222 304 91
381 449 92
4 236 93
98 371 94
110 145 95
16 429 96
166 374 97
110 322 98
148 427 99
111 293 100
227 228 101
13 422 102
224 340 103
21 415 104
98 311 105
4 140 106
22 289 107
11 228 108
267 417 109
16 453 110
11 365 111
10 121 112
112 163 113
66 110 114
47 213 115
83 262 116
101 163 117
146 161 118
146 393 119
229 298 120
131 442 121
146 248 122
139 249 123
10 211 124
21 242 125
68 306 126
13 149 127
172 445 128
12 112 129
109 306 130
146 412 131
163 446 132
270 275 133
9 252 134
297 306 135
112 446 136
71 412 137
146 333 138
146 341 139
293 323 140
55 169 141
282 361 142
225 445 143
347 447 144
101 446 145
29 146 146
71 248 147
7 143 148
179 332 149
213 315 150
255 409 151
20 59 152
62 147 153
106 137 154
290 381 155
300 328 156
124 378 157
146 274 158
22 185 159
7 132 160
234 404 161
335 375 162
175 291 163
208 381 164
250 431 165
8 452 166
21 38 167
83 401 168
122 192 169
299 309 170
0 100 171
12 422 172
17 429 173
49 413 174
150 250 175
200 445 176
28 402 177
119 311 178
113 454 179
115 242 180
181 231 181
129 245 182
213 379 183
56 192 184
58 114 185
188 227 186
332 443 187
73 352 188
142 445 189
407 444 190
14 154 191
130 147 192
64 449 193
134 460 194
64 216 195
43 254 196
154 235 197
92 397 198
55 118 199
25 46 200
166 403 201
240 320 202
261 363 203
261 423 204
275 335 205
405 427 206
309 417 207
137 143 208
343 344 209
58 106 210
220 282 211
93 376 212
181 247 213
386 441 214
448 458 215
56 291 216
77 103 217
169 339 218
247 387 219
334 447 220
42 398 221
75 119 222
208 284 223
226 416 224
4 432 225
98 153 226
228 365 227
435 437 228
208 417 229
381 422 230
396 427 231
219 305 232
265 373 233
376 420 234
148 405 235
283 304 236
30 132 237
45 198 238
284 327 239
108 445 240
268 363 241
65 273 242
146 209 243
80 196 244
327 381 245
177 210 246
342 389 247
173 236 248
101 310 249
58 393 250
228 419 251
324 422 252
125 427 253
136 336 254
370 418 255
236 359 256
16 206 257
50 279 258
155 335 259
284 290 260
287 350 261
410 425 262
121 211 263
192 443 264
96 255 265
77 120 266
227 419 267
82 441 268
95 334 269
163 440 270
100 151 271
390 394 272
4 388 273
33 457 274
79 358 275
367 391 276
139 225 277
141 439 278
108 181 279
157 325 280
428 443 281
35 414 282
66 145 283
81 133 284
135 305 285
46 187 286
354 436 287
72 288 288
56 437 289
176 436 290
27 186 291
52 203 292
177 263 293
140 279 294
144 380 295
250 314 296
119 317 297
78 338 298
108 309 299
161 348 300
303 363 301
241 366 302
15 249 303
26 114 304
140 430 305
30 419 306
291 383 307
43 373 308
51 231 309
83 133 310
34 358 311
183 196 312
264 400 313
94 221 314
87 146 315
385 392 316
88 173 317
161 225 318
171 338 319
172 227 320
20 440 321
219 246 322
57 441 323
225 333 324
274 435 325
108 264 326
4 171 327
202 315 328
353 420 329
430 455 330
132 419 331
348 458 332
32 364 333
88 408 334
399 450 335
174 360 336
67 241 337
175 308 338
61 399 339
89 119 340
106 419 341
175 239 342
204 443 343
279 430 344
114 348 345
311 385 346
264 379 347
143 276 348
195 299 349
47 287 350
60 441 351
338 395 352
23 64 353
48 336 354
258 299 355
56 238 356
59 440 357
167 259 358
341 435 359
4 172 360
160 318 361
175 319 362
286 384 363
408 432 364
4 215 365
4 159 366
123 266 367
247 397 368
93 365 369
225 238 370
192 198 371
133 318 372
256 372 373
12 324 374
440 446 375
272 280 376
19 453 377
40 102 378
156 289 379
331 453 380
285 353 381
346 349 382
69 260 383
350 359 384
392 457 385
204 456 386
8 48 387
70 396 388
170 310 389
194 399 390
259 442 391
24 87 392
87 412 393
108 146 394
1 338 395
351 388 396
95 172 397
108 399 398
239 392 399
250 454 400
311 411 401
172 435 402
239 377 403
168 447 404
308 318 405
236 432 406
193 223 407
53 83 408
90 287 409
108 196 410
201 261 411
106 276 412
244 292 413
74 369 414
162 421 415
294 296 416
76 268 417
164 302 418
204 289 419
105 223 420
87 393 421
133 307 422
172 238 423
104 205 424
383 429 425
137 253 426
15 146 427
108 126 428
132 393 429
274 399 430
32 126 431
87 359 432
48 128 433
189 292 434
107 318 435
134 302 436
137 276 437
116 193 438
281 434 439
244 424 440
108 138 441
2 277 442
31 291 443
108 251 444
106 132 445
271 281 446
172 437 447
108 313 448
233 308 449
59 299 450
182 426 451
190 424 452
75 457 453
108 217 454
56 337 455
168 347 456
318 401 457
358 457 458
108 362 459
108 180 460
277 301 461
326 457 462
108 459 463
108 450 464
334 457 465
169 319 466
294 326 467
321 426 468
92 411 469
108 237 470
108 214 471
337 426 472
108 194 473
36 302 474
116 140 475
385 411 476
57 453 477
311 457 478
108 417 479
118 319 480
128 383 481
108 435 482
161 172 483
218 457 484
58 401 485
108 274 486
167 356 487
383 421 488
108 368 489
230 401 490
172 274 491
172 341 492
59 233 493
172 393 494
107 453 495
92 125 496
184 277 497
266 457 498
183 350 499
295 438 500
292 424 501
396 457 502
172 433 503
165 172 504
183 459 505
356 434 506
98 457 507
357 456 508
199 457 509
312 357 510
125 457 511
90 401 512
158 383 513
233 401 514
172 209 515
182 337 516
92 385 517
212 457 518
178 321 519
319 411 520
39 182 521
329 401 522
316 457 523
183 377 524
239 457 525
108 198 526
281 356 527
92 319 528
411 457 529
108 116 530
319 385 531
183 357 532
108 183 533
385 457 534
