71 249 1
374 403 2
58 249 3
208 449 4
11 365 5
208 327 6
250 454 7
58 132 8
100 454 9
261 363 10
278 374 11
115 242 12
93 365 13
113 454 14
59 299 15
107 453 16
208 267 17
22 185 18
166 374 19
11 228 20
208 290 21
93 376 22
267 449 23
318 401 24
381 422 25
225 249 26
149 374 27
150 250 28
99 374 29
150 454 30
20 59 31
376 420 32
21 115 33
135 305 34
331 453 35
13 149 36
83 133 37
23 64 38
71 445 39
201 261 40
219 246 41
396 427 42
100 151 43
275 335 44
275 345 45
22 289 46
64 449 47
19 453 48
150 275 49
279 430 50
23 449 51
148 405 52
12 243 53
228 365 54
208 381 55
24 87 56
179 332 57
0 100 58
228 419 59
114 348 60
150 345 61
161 348 62
56 437 63
77 120 64
250 431 65
219 305 66
222 304 67
107 318 68
166 403 69
261 423 70
149 403 71
327 381 72
146 249 73
236 432 74
58 227 75
58 401 76
77 103 77
353 420 78
140 430 79
290 381 80
163 440 81
204 443 82
284 290 83
50 279 84
303 363 85
72 288 86
33 98 87
132 419 88
163 446 89
56 238 90
225 445 91
12 112 92
284 327 93
386 441 94
33 332 95
87 393 96
192 443 97
7 132 98
21 242 99
87 412 100
87 146 101
155 335 102
57 453 103
99 403 104
309 417 105
329 401 106
208 216 107
243 403 108
292 424 109
1 338 110
98 427 111
440 446 112
3 98 113
56 397 114
78 338 115
270 275 116
71 345 117
24 249 118
139 225 119
98 153 120
299 309 121
101 163 122
250 314 123
255 409 124
58 114 125
332 443 126
265 373 127
112 163 128
146 172 129
166 267 130
381 449 131
7 58 132
204 289 133
56 291 134
285 353 135
76 268 136
243 422 137
21 415 138
70 396 139
56 337 140
408 432 141
81 133 142
92 385 143
96 255 144
92 397 145
15 146 146
98 371 147
233 308 148
82 441 149
338 395 150
58 228 151
161 225 152
68 306 153
335 375 154
88 173 155
189 292 156
208 284 157
430 455 158
297 306 159
225 238 160
249 435 161
181 231 162
139 249 163
216 449 164
126 399 165
175 318 166
42 398 167
168 447 168
233 318 169
60 441 170
125 427 171
88 408 172
16 429 173
30 132 174
146 291 175
308 318 176
66 145 177
204 456 178
140 279 179
101 446 180
28 402 181
98 119 182
30 419 183
64 216 184
173 236 185
239 392 186
119 317 187
268 363 188
16 453 189
21 38 190
160 318 191
33 59 192
71 142 193
175 308 194
20 440 195
146 238 196
32 126 197
147 442 198
225 333 199
7 30 200
95 334 201
133 318 202
233 401 203
126 147 204
8 452 205
267 417 206
348 458 207
112 446 208
90 401 209
230 401 210
46 187 211
36 302 212
58 106 213
106 419 214
247 387 215
192 198 216
136 336 217
156 289 218
283 304 219
89 119 220
146 437 221
133 307 222
59 233 223
106 132 224
405 427 225
90 287 226
177 263 227
208 417 228
410 425 229
12 422 230
71 412 231
83 262 232
175 291 233
284 449 234
148 427 235
56 192 236
227 228 237
25 46 238
13 422 239
35 414 240
168 347 241
122 192 242
244 292 243
195 299 244
247 397 245
267 422 246
347 447 247
43 254 248
190 424 249
12 324 250
258 299 251
181 247 252
95 146 253
146 445 254
193 223 255
171 338 256
110 145 257
146 299 258
142 445 259
32 364 260
92 125 261
18 208 262
144 380 263
57 441 264
272 280 265
83 401 266
176 436 267
428 443 268
74 369 269
87 359 270
227 419 271
98 311 272
109 306 273
23 216 274
110 322 275
105 223 276
40 102 277
43 265 278
146 161 279
4 88 280
73 352 281
370 418 282
4 432 283
274 399 284
16 206 285
114 146 286
10 211 287
58 393 288
300 328 289
18 216 290
98 457 291
33 179 292
177 210 293
43 373 294
53 83 295
59 440 296
170 310 297
26 146 298
98 392 299
4 236 300
75 119 301
146 348 302
354 436 303
417 449 304
334 447 305
61 399 306
71 200 307
18 449 308
101 310 309
124 378 310
94 221 311
164 302 312
200 445 313
18 267 314
66 110 315
15 249 316
119 311 317
71 146 318
27 186 319
236 359 320
118 169 321
26 114 322
121 211 323
172 437 324
9 252 325
172 238 326
14 154 327
71 248 328
51 231 329
92 319 330
146 393 331
241 366 332
10 121 333
58 146 334
4 388 335
55 118 336
67 241 337
47 287 338
357 456 339
146 248 340
22 156 341
131 442 342
111 293 343
188 227 344
244 424 345
134 302 346
229 298 347
130 147 348
4 171 349
56 146 350
79 358 351
286 384 352
351 388 353
182 337 354
227 435 355
4 183 356
311 385 357
34 358 358
134 460 359
154 235 360
448 458 361
48 128 362
175 319 363
4 159 364
312 357 365
7 137 366
256 372 367
161 172 368
95 172 369
116 193 370
8 48 371
33 326 372
132 393 373
16 383 374
33 70 375
194 399 376
4 215 377
146 333 378
407 444 379
36 146 380
240 320 381
4 140 382
146 227 383
399 450 384
234 404 385
291 383 386
293 323 387
326 427 388
383 429 389
17 429 390
169 339 391
48 336 392
146 274 393
172 445 394
220 282 395
342 389 396
108 146 397
324 422 398
65 273 399
294 296 400
62 147 401
31 291 402
385 392 403
49 413 404
358 457 405
116 140 406
172 393 407
294 326 408
92 411 409
129 245 410
259 442 411
337 426 412
396 457 413
392 457 414
33 457 415
157 325 416
7 143 417
282 361 418
334 457 419
106 137 420
4 172 421
287 350 422
108 194 423
271 281 424
108 417 425
123 266 426
146 412 427
175 239 428
224 340 429
137 253 430
108 450 431
172 274 432
319 385 433
346 349 434
172 227 435
29 146 436
45 198 437
311 411 438
52 203 439
118 319 440
385 411 441
69 260 442
104 205 443
350 359 444
55 169 445
108 459 446
274 435 447
182 426 448
108 181 449
108 274 450
125 457 451
390 394 452
39 182 453
199 457 454
106 276 455
95 435 456
165 172 457
167 259 458
108 313 459
108 399 460
158 383 461
435 437 462
108 237 463
146 435 464
239 377 465
108 251 466
311 457 467
108 138 468
341 435 469
169 319 470
218 457 471
108 180 472
264 379 473
2 277 474
226 416 475
213 379 476
75 457 477
108 214 478
108 445 479
108 198 480
141 439 481
239 457 482
108 126 483
411 457 484
47 213 485
80 196 486
172 435 487
108 309 488
174 360 489
172 433 490
213 264 491
108 196 492
385 457 493
183 357 494
281 356 495
108 362 496
212 457 497
295 438 498
183 196 499
184 277 500
266 457 501
178 321 502
108 368 503
146 209 504
264 400 505
162 421 506
213 315 507
183 459 508
277 301 509
108 217 510
316 457 511
167 356 512
172 341 513
146 341 514
183 350 515
319 411 516
128 383 517
326 457 518
343 344 519
172 209 520
108 435 521
321 426 522
367 391 523
383 421 524
108 183 525
183 377 526
202 315 527
108 116 528
137 276 529
137 143 530
143 276 531
356 434 532
108 264 533
281 434 534
