59 299 1
71 249 2
11 365 3
208 327 4
179 332 5
66 145 6
66 110 7
208 290 8
110 145 9
383 429 10
58 249 11
33 59 12
228 419 13
11 228 14
22 156 15
99 374 16
64 216 17
112 163 18
112 446 19
23 216 20
149 374 21
327 381 22
7 58 23
284 327 24
284 290 25
290 381 26
99 403 27
291 383 28
228 365 29
12 112 30
12 243 31
23 449 32
101 163 33
139 225 34
225 249 35
356 434 36
64 449 37
20 59 38
139 249 39
101 446 40
281 434 41
7 30 42
175 291 43
142 445 44
16 429 45
149 403 46
208 216 47
114 348 48
53 83 49
58 228 50
147 442 51
156 289 52
265 373 53
88 173 54
10 121 55
13 149 56
33 179 57
71 345 58
71 445 59
71 142 60
200 445 61
332 443 62
23 64 63
243 422 64
12 324 65
208 284 66
284 449 67
20 440 68
83 262 69
33 332 70
7 132 71
324 422 72
30 132 73
33 98 74
58 227 75
175 319 76
56 291 77
57 441 78
71 146 79
77 120 80
88 408 81
92 125 82
163 446 83
59 233 84
208 381 85
58 401 86
62 147 87
381 449 88
71 200 89
146 299 90
121 211 91
7 137 92
98 119 93
227 228 94
30 419 95
167 259 96
227 419 97
58 132 98
204 443 99
249 435 100
77 103 101
192 198 102
10 211 103
43 265 104
146 291 105
299 309 106
56 337 107
95 334 108
70 396 109
100 454 110
132 419 111
220 282 112
83 133 113
26 114 114
282 361 115
21 242 116
56 397 117
173 236 118
116 193 119
208 267 120
146 348 121
18 208 122
58 114 123
175 318 124
16 383 125
36 302 126
87 393 127
225 445 128
60 441 129
233 401 130
81 133 131
43 373 132
92 397 133
148 405 134
261 423 135
163 440 136
101 310 137
106 419 138
408 432 139
201 261 140
133 307 141
55 169 142
267 417 143
108 417 144
75 119 145
22 185 146
168 347 147
21 115 148
110 322 149
171 338 150
440 446 151
216 449 152
331 453 153
161 225 154
111 293 155
374 403 156
58 106 157
125 427 158
58 393 159
7 143 160
57 453 161
98 427 162
176 436 163
293 323 164
381 422 165
271 281 166
386 441 167
95 146 168
208 417 169
18 449 170
175 239 171
278 374 172
354 436 173
126 147 174
166 374 175
376 420 176
183 196 177
243 403 178
309 417 179
164 302 180
233 308 181
236 432 182
58 146 183
4 88 184
71 412 185
95 172 186
24 87 187
32 126 188
348 458 189
89 119 190
396 427 191
275 345 192
93 376 193
175 308 194
56 192 195
225 238 196
56 437 197
13 422 198
59 440 199
193 223 200
303 363 201
114 146 202
140 279 203
56 238 204
256 372 205
118 169 206
192 443 207
208 449 208
55 118 209
268 363 210
4 183 211
19 453 212
24 249 213
267 449 214
119 311 215
236 359 216
130 147 217
134 302 218
167 356 219
26 146 220
150 345 221
92 319 222
122 192 223
347 447 224
338 395 225
71 248 226
82 441 227
83 401 228
158 383 229
161 348 230
417 449 231
4 432 232
134 460 233
161 172 234
98 311 235
140 430 236
239 392 237
255 409 238
104 205 239
224 340 240
1 338 241
4 236 242
183 350 243
105 223 244
261 363 245
428 443 246
27 186 247
25 46 248
119 317 249
166 267 250
74 369 251
342 389 252
93 365 253
96 255 254
166 403 255
33 326 256
72 288 257
259 442 258
308 318 259
4 140 260
33 70 261
219 305 262
172 437 263
407 444 264
14 154 265
281 356 266
56 146 267
168 447 268
194 399 269
46 187 270
225 333 271
353 420 272
241 366 273
272 280 274
146 238 275
234 404 276
258 299 277
146 161 278
87 359 279
78 338 280
87 412 281
195 299 282
264 379 283
16 453 284
116 140 285
229 298 286
132 393 287
148 427 288
3 98 289
87 146 290
113 454 291
90 401 292
154 235 293
204 456 294
16 206 295
108 309 296
48 128 297
392 457 298
126 399 299
92 385 300
98 153 301
239 457 302
15 249 303
61 399 304
106 132 305
144 380 306
98 457 307
107 453 308
125 457 309
326 457 310
405 427 311
410 425 312
115 242 313
12 422 314
396 457 315
226 416 316
67 241 317
411 457 318
146 248 319
17 429 320
18 216 321
22 289 322
98 392 323
128 383 324
76 268 325
247 397 326
250 454 327
383 421 328
135 305 329
399 450 330
227 435 331
146 249 332
177 210 333
43 254 334
108 146 335
267 422 336
0 100 337
329 401 338
435 437 339
183 357 340
230 401 341
170 310 342
318 401 343
98 371 344
334 457 345
219 246 346
250 314 347
294 326 348
177 263 349
300 328 350
45 198 351
100 151 352
172 238 353
172 445 354
311 457 355
32 364 356
108 126 357
108 181 358
204 289 359
250 431 360
311 411 361
95 435 362
183 377 363
106 137 364
92 411 365
49 413 366
247 387 367
341 435 368
33 457 369
80 196 370
275 335 371
18 267 372
183 459 373
108 445 374
21 415 375
157 325 376
239 377 377
21 38 378
172 393 379
162 421 380
285 353 381
137 276 382
146 445 383
136 336 384
133 318 385
146 333 386
286 384 387
108 194 388
294 296 389
108 196 390
108 459 391
233 318 392
15 146 393
42 398 394
52 203 395
146 227 396
244 292 397
297 306 398
108 198 399
279 430 400
4 171 401
73 352 402
108 116 403
350 359 404
106 276 405
326 427 406
274 399 407
68 306 408
172 227 409
244 424 410
182 337 411
448 458 412
337 426 413
36 146 414
146 393 415
213 379 416
146 412 417
48 336 418
109 306 419
131 442 420
28 402 421
47 287 422
370 418 423
90 287 424
79 358 425
108 180 426
108 450 427
35 414 428
34 358 429
150 250 430
31 291 431
334 447 432
351 388 433
69 260 434
108 183 435
155 335 436
169 339 437
343 344 438
4 388 439
4 215 440
335 375 441
146 437 442
29 146 443
118 319 444
270 275 445
129 245 446
4 159 447
40 102 448
172 274 449
108 399 450
9 252 451
150 454 452
319 411 453
385 392 454
181 247 455
182 426 456
357 456 457
141 439 458
108 138 459
108 368 460
367 391 461
65 273 462
181 231 463
108 237 464
124 378 465
8 48 466
75 457 467
108 313 468
137 143 469
4 172 470
39 182 471
108 362 472
430 455 473
50 279 474
222 304 475
146 274 476
160 318 477
146 172 478
385 457 479
108 274 480
108 214 481
108 251 482
108 264 483
319 385 484
346 349 485
146 209 486
94 221 487
108 217 488
8 452 489
287 350 490
358 457 491
137 253 492
311 385 493
188 227 494
283 304 495
189 292 496
172 209 497
2 277 498
218 457 499
274 435 500
47 213 501
199 457 502
390 394 503
212 457 504
51 231 505
172 341 506
184 277 507
277 301 508
213 315 509
240 320 510
190 424 511
123 266 512
316 457 513
146 341 514
107 318 515
146 435 516
213 264 517
169 319 518
312 357 519
295 438 520
264 400 521
321 426 522
174 360 523
202 315 524
150 275 525
178 321 526
292 424 527
266 457 528
385 411 529
143 276 530
165 172 531
172 435 532
108 435 533
172 433 534
