163 446 1
146 172 2
58 249 3
290 381 4
163 440 5
440 446 6
71 249 7
374 403 8
381 422 9
23 216 10
149 374 11
149 403 12
16 206 13
243 422 14
115 242 15
208 284 16
250 454 17
64 216 18
59 299 19
166 374 20
166 267 21
30 419 22
239 392 23
15 146 24
125 427 25
243 403 26
83 262 27
23 64 28
87 393 29
175 308 30
161 348 31
396 427 32
250 431 33
12 243 34
58 132 35
146 435 36
78 338 37
338 395 38
208 449 39
10 211 40
106 132 41
284 290 42
26 146 43
193 223 44
236 432 45
284 449 46
146 393 47
71 445 48
275 345 49
381 449 50
58 227 51
140 430 52
4 172 53
15 249 54
16 429 55
18 208 56
32 126 57
189 292 58
26 114 59
30 132 60
36 146 61
309 417 62
270 275 63
87 146 64
83 133 65
303 363 66
59 440 67
150 250 68
4 171 69
99 374 70
150 275 71
376 420 72
7 137 73
87 412 74
236 359 75
0 100 76
106 137 77
18 216 78
59 233 79
146 445 80
287 350 81
7 30 82
17 429 83
148 405 84
284 327 85
95 334 86
16 453 87
7 132 88
166 403 89
175 291 90
18 449 91
132 419 92
146 249 93
100 151 94
350 359 95
428 443 96
12 422 97
1 338 98
87 359 99
114 348 100
106 419 101
292 424 102
399 450 103
335 375 104
140 279 105
150 345 106
146 299 107
22 185 108
146 248 109
110 322 110
208 327 111
126 147 112
342 389 113
113 454 114
88 173 115
88 408 116
175 239 117
278 374 118
58 106 119
92 125 120
233 308 121
12 112 122
20 59 123
99 403 124
448 458 125
261 363 126
300 328 127
146 291 128
194 399 129
22 289 130
126 399 131
56 146 132
261 423 133
21 415 134
123 266 135
146 333 136
13 149 137
46 187 138
173 236 139
225 445 140
77 120 141
80 196 142
23 449 143
244 292 144
293 323 145
208 381 146
224 340 147
192 443 148
70 396 149
93 376 150
107 453 151
110 145 152
10 121 153
327 381 154
201 261 155
299 309 156
179 332 157
249 435 158
281 356 159
49 413 160
24 87 161
71 146 162
58 146 163
225 249 164
146 209 165
94 221 166
130 147 167
227 419 168
137 253 169
167 259 170
370 418 171
11 228 172
386 441 173
111 293 174
334 447 175
408 432 176
29 146 177
24 249 178
216 449 179
353 420 180
354 436 181
146 274 182
9 252 183
33 59 184
101 446 185
348 458 186
108 146 187
4 88 188
71 142 189
208 216 190
124 378 191
90 287 192
157 325 193
175 318 194
181 231 195
279 430 196
172 445 197
347 447 198
101 310 199
69 260 200
407 444 201
146 348 202
170 310 203
7 143 204
121 211 205
146 161 206
142 445 207
50 279 208
4 159 209
346 349 210
146 227 211
116 140 212
167 356 213
265 373 214
150 454 215
139 225 216
275 335 217
21 115 218
33 332 219
76 268 220
73 352 221
95 146 222
3 98 223
92 397 224
100 454 225
208 290 226
66 110 227
146 412 228
430 455 229
18 267 230
240 320 231
36 302 232
71 248 233
58 228 234
65 273 235
144 380 236
72 288 237
4 183 238
101 163 239
146 238 240
134 460 241
4 236 242
21 38 243
27 186 244
4 215 245
8 452 246
13 422 247
332 443 248
58 401 249
219 246 250
77 103 251
114 146 252
58 114 253
64 449 254
129 245 255
220 282 256
331 453 257
112 163 258
137 143 259
255 409 260
20 440 261
204 443 262
7 58 263
308 318 264
200 445 265
12 324 266
39 182 267
108 445 268
250 314 269
4 432 270
98 371 271
106 276 272
155 335 273
66 145 274
233 318 275
98 392 276
11 365 277
132 393 278
42 398 279
161 225 280
131 442 281
213 264 282
268 363 283
21 242 284
22 156 285
98 427 286
47 287 287
162 421 288
405 427 289
82 441 290
171 338 291
122 192 292
32 364 293
168 447 294
259 442 295
112 446 296
57 441 297
48 336 298
58 393 299
222 304 300
228 365 301
385 392 302
271 281 303
135 305 304
61 399 305
139 249 306
177 263 307
105 223 308
4 140 309
247 397 310
28 402 311
51 231 312
108 399 313
168 347 314
43 265 315
81 133 316
182 426 317
326 427 318
285 353 319
146 341 320
134 302 321
56 337 322
143 276 323
71 345 324
4 388 325
195 299 326
267 422 327
133 307 328
148 427 329
45 198 330
318 401 331
208 417 332
98 311 333
234 404 334
351 388 335
176 436 336
204 456 337
34 358 338
67 241 339
14 154 340
225 333 341
228 419 342
258 299 343
390 394 344
95 172 345
229 298 346
227 228 347
93 365 348
83 401 349
324 422 350
33 179 351
283 304 352
8 48 353
247 387 354
311 411 355
116 193 356
241 366 357
74 369 358
119 311 359
267 449 360
136 336 361
192 198 362
108 196 363
164 302 364
154 235 365
256 372 366
396 457 367
56 397 368
56 291 369
62 147 370
35 414 371
53 83 372
311 385 373
25 46 374
156 289 375
227 435 376
57 453 377
225 238 378
392 457 379
188 227 380
33 98 381
337 426 382
213 379 383
182 337 384
282 361 385
295 438 386
71 412 387
125 457 388
358 457 389
219 305 390
175 319 391
172 435 392
79 358 393
264 379 394
108 138 395
226 416 396
343 344 397
52 203 398
108 194 399
108 450 400
60 441 401
137 276 402
169 339 403
181 247 404
56 192 405
95 435 406
96 255 407
107 318 408
160 318 409
294 326 410
16 383 411
233 401 412
312 357 413
341 435 414
208 267 415
274 399 416
31 291 417
47 213 418
417 449 419
183 196 420
146 437 421
2 277 422
291 383 423
43 254 424
183 350 425
108 264 426
230 401 427
264 400 428
202 315 429
71 200 430
286 384 431
190 424 432
147 442 433
183 459 434
108 126 435
297 306 436
92 385 437
272 280 438
40 102 439
108 309 440
104 205 441
108 198 442
174 360 443
108 459 444
133 318 445
172 393 446
43 373 447
108 181 448
281 434 449
410 425 450
56 238 451
108 180 452
141 439 453
108 116 454
55 169 455
118 319 456
294 296 457
356 434 458
90 401 459
108 417 460
48 128 461
172 238 462
108 251 463
19 453 464
213 315 465
108 313 466
274 435 467
68 306 468
184 277 469
98 153 470
244 424 471
119 317 472
172 227 473
109 306 474
98 457 475
33 70 476
204 289 477
108 217 478
267 417 479
319 385 480
89 119 481
92 319 482
383 429 483
218 457 484
183 357 485
118 169 486
161 172 487
75 119 488
108 435 489
177 210 490
33 326 491
108 237 492
108 214 493
266 457 494
108 274 495
334 457 496
98 119 497
172 433 498
33 457 499
92 411 500
172 274 501
239 457 502
56 437 503
55 118 504
75 457 505
108 368 506
172 209 507
311 457 508
357 456 509
367 391 510
385 457 511
316 457 512
178 321 513
165 172 514
277 301 515
128 383 516
199 457 517
172 341 518
108 183 519
239 377 520
108 362 521
321 426 522
183 377 523
212 457 524
319 411 525
169 319 526
172 437 527
329 401 528
158 383 529
435 437 530
385 411 531
326 457 532
411 457 533
383 421 534
