220 282 1
282 361 2
66 145 3
66 110 4
110 145 5
110 322 6
134 460 7
72 288 8
77 103 9
226 416 10
77 120 11
300 328 12
164 302 13
111 293 14
177 263 15
177 210 16
293 323 17
134 302 18
74 369 19
356 434 20
281 434 21
224 340 22
256 372 23
25 46 24
46 187 25
271 281 26
96 255 27
281 356 28
176 436 29
354 436 30
255 409 31
67 241 32
27 186 33
241 366 34
234 404 35
28 402 36
104 205 37
167 356 38
219 305 39
135 305 40
219 246 41
53 83 42
83 262 43
229 298 44
156 289 45
83 133 46
167 259 47
22 156 48
129 245 49
272 280 50
11 228 51
22 185 52
342 389 53
52 203 54
286 384 55
12 243 56
36 302 57
294 296 58
170 310 59
12 324 60
81 133 61
179 332 62
332 443 63
163 446 64
204 289 65
428 443 66
73 352 67
49 413 68
407 444 69
149 374 70
243 422 71
367 391 72
101 310 73
12 112 74
13 149 75
204 443 76
89 119 77
112 446 78
192 443 79
22 289 80
112 163 81
133 307 82
324 422 83
101 446 84
11 365 85
99 374 86
410 425 87
278 374 88
42 398 89
101 163 90
383 429 91
17 429 92
83 401 93
119 317 94
139 225 95
13 422 96
144 380 97
149 403 98
158 383 99
204 456 100
386 441 101
82 441 102
60 441 103
374 403 104
166 374 105
228 365 106
48 128 107
64 216 108
136 336 109
148 405 110
23 64 111
141 439 112
243 403 113
122 192 114
12 422 115
124 378 116
128 383 117
383 421 118
8 48 119
162 421 120
48 336 121
61 399 122
99 403 123
133 318 124
23 216 125
357 456 126
228 419 127
259 442 128
166 403 129
62 147 130
277 301 131
57 441 132
184 277 133
9 252 134
8 452 135
216 449 136
312 357 137
2 277 138
65 273 139
335 375 140
208 449 141
291 383 142
131 442 143
155 335 144
208 216 145
284 449 146
381 422 147
18 216 148
33 179 149
58 228 150
33 332 151
16 383 152
227 228 153
370 418 154
71 200 155
64 449 156
93 365 157
31 291 158
148 427 159
174 360 160
265 373 161
194 399 162
275 345 163
163 440 164
10 121 165
16 429 166
24 87 167
376 420 168
440 446 169
23 449 170
93 376 171
121 211 172
147 442 173
58 401 174
405 427 175
26 114 176
126 147 177
208 284 178
90 401 179
130 147 180
58 146 181
139 249 182
233 318 183
18 208 184
71 345 185
270 275 186
58 249 187
208 267 188
18 449 189
230 401 190
284 327 191
58 114 192
71 142 193
142 445 194
329 401 195
150 345 196
200 445 197
208 327 198
75 119 199
399 450 200
100 454 201
222 304 202
113 454 203
150 454 204
43 373 205
19 453 206
353 420 207
10 211 208
318 401 209
58 393 210
43 265 211
58 132 212
100 151 213
294 326 214
94 221 215
284 290 216
18 267 217
192 198 218
267 449 219
24 249 220
331 453 221
0 100 222
58 227 223
71 445 224
250 454 225
98 119 226
233 401 227
208 290 228
43 254 229
381 449 230
88 173 231
119 311 232
201 261 233
275 335 234
114 348 235
267 422 236
71 249 237
299 309 238
1 338 239
14 154 240
71 248 241
240 320 242
109 306 243
160 318 244
283 304 245
326 427 246
90 287 247
297 306 248
15 249 249
32 364 250
35 414 251
107 318 252
233 308 253
132 393 254
7 58 255
171 338 256
338 395 257
225 249 258
295 438 259
88 408 260
36 146 261
308 318 262
225 333 263
250 314 264
250 431 265
68 306 266
150 275 267
225 445 268
98 427 269
33 70 270
132 419 271
154 235 272
227 419 273
287 350 274
166 267 275
261 423 276
126 399 277
208 381 278
92 125 279
327 381 280
87 393 281
7 132 282
70 396 283
346 349 284
78 338 285
79 358 286
87 359 287
16 206 288
408 432 289
33 98 290
40 102 291
175 318 292
285 353 293
396 427 294
430 455 295
146 291 296
57 453 297
290 381 298
3 98 299
261 363 300
114 146 301
125 427 302
98 311 303
33 326 304
58 106 305
150 250 306
4 171 307
26 146 308
50 279 309
107 453 310
195 299 311
258 299 312
30 419 313
161 225 314
34 358 315
56 337 316
21 415 317
98 153 318
21 242 319
106 419 320
21 38 321
20 440 322
115 242 323
157 325 324
303 363 325
16 453 326
309 417 327
279 430 328
169 339 329
7 30 330
4 215 331
146 445 332
146 412 333
173 236 334
350 359 335
55 169 336
146 248 337
208 417 338
71 412 339
87 412 340
337 426 341
55 118 342
182 337 343
15 146 344
448 458 345
4 432 346
98 371 347
32 126 348
56 291 349
71 146 350
146 393 351
236 432 352
225 238 353
348 458 354
21 115 355
267 417 356
59 233 357
146 249 358
95 334 359
334 447 360
417 449 361
140 430 362
146 348 363
247 397 364
98 457 365
175 291 366
105 223 367
188 227 368
146 299 369
106 132 370
175 308 371
30 132 372
274 399 373
118 169 374
33 457 375
4 140 376
80 196 377
146 227 378
411 457 379
326 457 380
4 88 381
168 347 382
108 399 383
175 239 384
236 359 385
385 457 386
87 146 387
123 266 388
140 279 389
189 292 390
268 363 391
56 146 392
351 388 393
146 274 394
249 435 395
183 196 396
244 292 397
4 236 398
4 159 399
125 457 400
334 457 401
56 238 402
108 309 403
29 146 404
45 198 405
69 260 406
311 411 407
183 357 408
4 388 409
56 192 410
108 417 411
311 457 412
347 447 413
108 194 414
396 457 415
92 411 416
183 350 417
20 59 418
146 333 419
247 387 420
227 435 421
4 183 422
108 126 423
56 437 424
59 299 425
92 385 426
108 450 427
175 319 428
311 385 429
59 440 430
39 182 431
146 209 432
172 227 433
146 161 434
76 268 435
172 393 436
385 411 437
161 348 438
108 146 439
7 137 440
33 59 441
146 238 442
146 435 443
92 397 444
7 143 445
168 447 446
146 172 447
244 424 448
319 385 449
56 397 450
274 435 451
92 319 452
75 457 453
172 445 454
108 445 455
182 426 456
47 287 457
358 457 458
319 411 459
98 392 460
172 274 461
239 457 462
108 274 463
390 394 464
118 319 465
51 231 466
193 223 467
106 137 468
146 437 469
183 459 470
385 392 471
95 146 472
190 424 473
172 209 474
181 247 475
266 457 476
95 435 477
199 457 478
116 140 479
137 253 480
108 237 481
106 276 482
239 392 483
212 457 484
239 377 485
181 231 486
218 457 487
108 435 488
172 238 489
392 457 490
108 362 491
108 180 492
108 181 493
169 319 494
316 457 495
108 313 496
292 424 497
108 251 498
108 214 499
108 217 500
108 368 501
172 435 502
161 172 503
108 196 504
108 459 505
146 341 506
4 172 507
95 172 508
108 138 509
137 143 510
108 116 511
213 379 512
47 213 513
183 377 514
137 276 515
341 435 516
108 183 517
108 198 518
143 276 519
264 379 520
435 437 521
116 193 522
172 437 523
264 400 524
321 426 525
165 172 526
172 433 527
108 264 528
172 341 529
343 344 530
213 264 531
178 321 532
213 315 533
202 315 534
