33 98 1
208 449 2
56 146 3
208 216 4
18 216 5
98 119 6
216 449 7
208 267 8
18 208 9
146 249 10
71 345 11
18 449 12
58 228 13
108 183 14
58 132 15
267 449 16
16 383 17
33 59 18
71 249 19
18 267 20
58 249 21
150 345 22
150 454 23
71 445 24
58 146 25
83 401 26
7 58 27
275 345 28
98 427 29
208 327 30
95 146 31
150 275 32
99 374 33
3 98 34
71 146 35
137 143 36
208 290 37
4 183 38
23 216 39
149 374 40
146 348 41
58 106 42
33 457 43
58 401 44
118 169 45
106 137 46
146 172 47
21 115 48
146 445 49
208 284 50
98 457 51
108 146 52
30 132 53
16 453 54
243 403 55
250 454 56
126 147 57
59 299 58
99 403 59
243 422 60
7 30 61
374 403 62
33 332 63
166 374 64
267 422 65
7 137 66
92 397 67
23 449 68
56 397 69
183 196 70
208 381 71
166 267 72
33 179 73
55 118 74
146 291 75
11 228 76
16 429 77
75 119 78
20 59 79
150 250 80
12 243 81
71 142 82
71 200 83
12 422 84
30 419 85
126 399 86
149 403 87
83 133 88
98 392 89
284 449 90
55 169 91
10 121 92
318 401 93
381 449 94
100 454 95
233 401 96
22 156 97
95 172 98
146 227 99
16 206 100
57 453 101
147 442 102
275 335 103
290 381 104
334 457 105
57 441 106
64 216 107
13 422 108
87 146 109
227 228 110
4 172 111
62 147 112
93 376 113
98 371 114
15 249 115
98 311 116
118 319 117
219 305 118
92 385 119
125 427 120
228 419 121
376 420 122
324 422 123
132 419 124
225 249 125
71 248 126
98 153 127
115 242 128
75 457 129
58 227 130
140 279 131
33 326 132
137 276 133
166 403 134
385 457 135
92 125 136
161 348 137
163 446 138
168 347 139
411 457 140
26 146 141
71 412 142
58 393 143
66 145 144
33 70 145
278 374 146
331 453 147
383 429 148
21 242 149
146 299 150
175 318 151
208 417 152
21 415 153
279 430 154
327 381 155
12 112 156
59 440 157
222 304 158
106 132 159
299 309 160
385 411 161
15 146 162
114 146 163
200 445 164
163 440 165
113 454 166
139 249 167
265 373 168
142 445 169
249 435 170
250 431 171
192 443 172
392 457 173
7 132 174
7 143 175
137 253 176
385 392 177
21 38 178
83 262 179
146 437 180
250 314 181
36 146 182
81 133 183
183 357 184
4 140 185
10 211 186
64 449 187
146 238 188
270 275 189
87 393 190
148 427 191
204 443 192
261 363 193
106 419 194
58 114 195
353 420 196
0 100 197
247 397 198
396 427 199
358 457 200
381 422 201
12 324 202
56 337 203
22 185 204
53 83 205
56 192 206
201 261 207
417 449 208
329 401 209
60 441 210
440 446 211
1 338 212
146 393 213
183 350 214
334 447 215
59 233 216
89 119 217
230 401 218
284 290 219
140 430 220
108 198 221
158 383 222
285 353 223
24 249 224
179 332 225
386 441 226
143 276 227
175 291 228
284 327 229
311 385 230
114 348 231
78 338 232
90 401 233
101 163 234
101 446 235
181 247 236
183 459 237
267 417 238
107 453 239
130 147 240
261 423 241
11 365 242
172 227 243
92 411 244
239 392 245
309 417 246
61 399 247
112 446 248
112 163 249
332 443 250
218 457 251
283 304 252
292 424 253
70 396 254
146 274 255
175 319 256
213 264 257
19 453 258
14 154 259
177 210 260
225 445 261
287 350 262
194 399 263
233 308 264
135 305 265
316 457 266
311 457 267
108 445 268
167 259 269
36 302 270
176 436 271
308 318 272
121 211 273
128 383 274
155 335 275
338 395 276
220 282 277
189 292 278
192 198 279
428 443 280
56 291 281
183 377 282
108 399 283
190 424 284
199 457 285
25 46 286
354 436 287
300 328 288
47 287 289
175 308 290
77 120 291
88 408 292
100 151 293
154 235 294
96 255 295
116 140 296
311 411 297
177 263 298
105 223 299
108 196 300
399 450 301
146 161 302
233 318 303
282 361 304
76 268 305
119 317 306
148 405 307
236 359 308
350 359 309
95 334 310
268 363 311
405 427 312
170 310 313
266 457 314
195 299 315
43 254 316
82 441 317
88 173 318
326 427 319
133 307 320
175 239 321
66 110 322
348 458 323
226 416 324
73 352 325
111 293 326
341 435 327
23 64 328
293 323 329
50 279 330
67 241 331
9 252 332
227 419 333
247 387 334
169 339 335
46 187 336
45 198 337
77 103 338
108 126 339
212 457 340
383 421 341
43 265 342
22 289 343
108 116 344
430 455 345
74 369 346
108 274 347
224 340 348
80 196 349
123 266 350
162 421 351
119 311 352
351 388 353
47 213 354
241 366 355
258 299 356
239 457 357
8 452 358
122 192 359
172 445 360
228 365 361
8 48 362
20 440 363
87 359 364
13 149 365
182 426 366
4 215 367
108 194 368
131 442 369
229 298 370
174 360 371
4 159 372
225 333 373
337 426 374
104 205 375
335 375 376
291 383 377
108 138 378
90 287 379
134 460 380
27 186 381
244 292 382
146 209 383
160 318 384
29 146 385
94 221 386
255 409 387
303 363 388
49 413 389
108 180 390
410 425 391
95 435 392
146 248 393
169 319 394
42 398 395
408 432 396
40 102 397
136 336 398
146 333 399
157 325 400
171 338 401
390 394 402
141 439 403
43 373 404
367 391 405
106 276 406
110 322 407
202 315 408
26 114 409
110 145 410
125 457 411
370 418 412
193 223 413
144 380 414
124 378 415
164 302 416
204 456 417
286 384 418
407 444 419
129 245 420
134 302 421
168 447 422
272 280 423
219 246 424
240 320 425
274 399 426
244 424 427
347 447 428
139 225 429
17 429 430
69 260 431
172 393 432
256 372 433
448 458 434
51 231 435
65 273 436
28 402 437
181 231 438
79 358 439
4 388 440
2 277 441
204 289 442
234 404 443
321 426 444
132 393 445
24 87 446
101 310 447
342 389 448
87 412 449
259 442 450
35 414 451
108 214 452
108 181 453
108 237 454
274 435 455
72 288 456
108 217 457
271 281 458
52 203 459
108 417 460
281 434 461
213 315 462
146 412 463
396 457 464
32 364 465
108 313 466
108 459 467
172 274 468
93 365 469
4 171 470
34 358 471
172 437 472
182 337 473
295 438 474
346 349 475
108 450 476
213 379 477
297 306 478
4 236 479
156 289 480
68 306 481
108 264 482
161 225 483
173 236 484
48 336 485
188 227 486
294 296 487
56 238 488
108 251 489
108 368 490
146 435 491
56 437 492
92 319 493
277 301 494
4 88 495
31 291 496
225 238 497
109 306 498
32 126 499
294 326 500
133 318 501
172 209 502
357 456 503
161 172 504
172 238 505
227 435 506
319 385 507
343 344 508
356 434 509
4 432 510
48 128 511
39 182 512
116 193 513
312 357 514
184 277 515
108 362 516
108 435 517
146 341 518
178 321 519
108 309 520
264 400 521
239 377 522
107 318 523
165 172 524
236 432 525
172 433 526
435 437 527
172 341 528
319 411 529
264 379 530
167 356 531
281 356 532
326 457 533
172 435 534
