687 1768 1
113 687 2
687 1104 3
113 1104 4
300 847 5
356 847 6
502 847 7
190 687 8
300 356 9
440 468 10
113 686 11
356 502 12
300 502 13
847 952 14
527 847 15
847 1205 16
686 1104 17
356 952 18
300 952 19
686 1768 20
502 952 21
144 687 22
687 1430 23
502 1205 24
356 527 25
300 1205 26
356 1205 27
568 847 28
847 2092 29
341 687 30
477 847 31
687 953 32
221 847 33
847 1772 34
117 847 35
952 1205 36
502 568 37
687 827 38
356 568 39
847 1776 40
1104 1768 41
300 568 42
113 1432 43
113 1768 44
356 477 45
502 1772 46
687 1309 47
191 847 48
270 847 49
356 1772 50
300 1772 51
468 1842 52
477 502 53
88 687 54
113 570 55
300 477 56
527 1205 57
221 502 58
4 687 59
221 300 60
687 1400 61
117 356 62
113 2052 63
76 190 64
527 2092 65
113 207 66
356 1776 67
847 1978 68
113 783 69
568 952 70
502 1776 71
687 783 72
190 1768 73
300 1776 74
356 1978 75
117 300 76
113 144 77
191 502 78
117 502 79
191 300 80
191 356 81
952 1772 82
221 952 83
1104 1432 84
477 952 85
687 1158 86
46 113 87
952 1776 88
113 532 89
300 1978 90
1104 2052 91
568 1205 92
114 847 93
686 1432 94
113 827 95
1205 1772 96
144 1104 97
440 1842 98
468 623 99
144 686 100
527 1679 101
687 854 102
144 1768 103
477 1205 104
502 1978 105
191 952 106
270 527 107
87 847 108
113 503 109
221 1205 110
468 589 111
570 1104 112
440 973 113
635 687 114
117 952 115
477 527 116
952 1978 117
686 2052 118
847 1806 119
847 1193 120
207 1104 121
113 590 122
468 973 123
1205 1776 124
783 1104 125
190 1784 126
532 1768 127
847 1172 128
570 1768 129
190 2082 130
191 527 131
527 1978 132
300 1806 133
527 1776 134
117 1205 135
440 1530 136
440 623 137
502 1806 138
628 1486 139
46 1104 140
783 1768 141
190 819 142
847 2030 143
477 568 144
86 529 145
356 1806 146
568 1772 147
191 1205 148
267 529 149
67 529 150
827 1768 151
221 568 152
692 847 153
300 1172 154
687 834 155
300 692 156
300 1193 157
675 1104 158
1205 1978 159
356 692 160
502 692 161
714 985 162
356 1172 163
249 687 164
46 686 165
502 1193 166
114 527 167
191 568 168
502 1172 169
687 1500 170
126 502 171
221 1772 172
502 2030 173
1768 1896 174
1772 1776 175
67 86 176
191 477 177
827 1104 178
117 568 179
568 1776 180
119 121 181
503 1104 182
529 547 183
87 356 184
686 827 185
113 1158 186
86 267 187
590 1104 188
67 267 189
191 1772 190
503 686 191
686 783 192
675 686 193
117 477 194
952 1806 195
86 547 196
847 1678 197
590 686 198
952 1193 199
692 952 200
687 1468 201
952 1172 202
117 221 203
1205 1806 204
190 224 205
1193 1205 206
67 547 207
847 926 208
190 854 209
76 2082 210
477 1978 211
136 440 212
440 609 213
117 1772 214
117 1776 215
692 1205 216
1679 2092 217
440 1350 218
267 547 219
191 1776 220
552 557 221
924 1454 222
356 1678 223
1172 1205 224
191 1978 225
847 1923 226
1158 1768 227
113 1040 228
88 190 229
1776 1978 230
3 529 231
687 1754 232
1432 2052 233
356 1923 234
341 1430 235
300 1923 236
527 1172 237
300 1678 238
270 2092 239
502 1923 240
847 1020 241
114 2092 242
113 675 243
527 926 244
985 2027 245
1243 1768 246
190 834 247
568 1806 248
502 1678 249
687 1224 250
687 1744 251
1103 2027 252
529 1637 253
65 714 254
65 2027 255
714 2027 256
714 1694 257
1530 1842 258
235 687 259
491 1896 260
100 529 261
3 86 262
468 2058 263
76 88 264
568 1193 265
477 1806 266
527 2030 267
686 1158 268
568 1172 269
985 1694 270
497 687 271
692 1772 272
1104 1158 273
221 1193 274
1772 1806 275
1205 2030 276
249 1430 277
18 440 278
117 1978 279
65 1206 280
623 1530 281
3 67 282
3 267 283
325 529 284
985 1659 285
952 1923 286
714 1659 287
221 1806 288
86 100 289
144 532 290
113 951 291
1193 1772 292
113 1500 293
120 654 294
3 547 295
687 1528 296
191 1193 297
952 1678 298
207 2052 299
452 676 300
1430 1602 301
67 100 302
1529 1530 303
100 267 304
924 2007 305
1205 1678 306
1776 1806 307
113 1445 308
221 692 309
440 1268 310
570 783 311
92 440 312
144 783 313
529 1444 314
103 552 315
65 1103 316
490 1750 317
1172 1772 318
224 1602 319
477 692 320
76 819 321
87 2092 322
191 692 323
527 1020 324
144 827 325
675 1432 326
86 1637 327
117 1806 328
1659 1694 329
186 468 330
1454 1942 331
86 325 332
1430 1972 333
113 1312 334
76 1784 335
267 325 336
589 953 337
675 2052 338
570 686 339
623 1842 340
267 1637 341
714 1103 342
270 1679 343
1430 2117 344
67 1637 345
100 547 346
224 557 347
1555 1958 348
692 1776 349
1193 1776 350
67 325 351
985 2032 352
224 856 353
440 2058 354
973 1842 355
224 1972 356
1281 1555 357
249 341 358
529 1507 359
819 1784 360
1403 1430 361
1193 1978 362
1205 1923 363
2027 2049 364
985 1103 365
491 1571 366
692 1978 367
491 704 368
924 1942 369
1806 1978 370
88 2082 371
687 1823 372
1784 2082 373
4 1768 374
687 790 375
1430 1976 376
114 270 377
417 552 378
207 1432 379
1172 1776 380
819 2082 381
67 1444 382
529 1450 383
557 1784 384
527 1983 385
547 1676 386
46 1432 387
126 654 388
46 2052 389
65 985 390
86 1444 391
108 1768 392
747 1555 393
985 1334 394
65 66 395
527 1923 396
1430 1630 397
325 1776 398
468 609 399
120 191 400
207 675 401
440 1668 402
529 942 403
145 1768 404
1193 1806 405
557 856 406
1206 2027 407
87 270 408
1103 1694 409
87 1679 410
1500 1768 411
267 1444 412
43 468 413
117 1172 414
707 840 415
1842 2058 416
123 490 417
65 2049 418
491 891 419
532 783 420
65 1440 421
88 819 422
1602 1972 423
325 547 424
985 1206 425
840 1654 426
477 1678 427
1040 1104 428
1694 2027 429
103 557 430
190 1298 431
224 2117 432
529 765 433
686 1500 434
391 2027 435
1440 2027 436
1104 1312 437
46 570 438
568 1678 439
400 1555 440
76 834 441
67 1507 442
417 557 443
1104 1445 444
224 1976 445
47 581 446
840 976 447
452 1867 448
859 1768 449
65 391 450
568 1923 451
341 1602 452
856 2117 453
341 1972 454
714 1440 455
686 1040 456
67 1450 457
224 1630 458
1334 2027 459
686 951 460
985 2049 461
1206 1440 462
86 1450 463
582 1784 464
1104 1500 465
529 1513 466
1630 1972 467
356 1945 468
4 116 469
87 114 470
503 2052 471
557 1078 472
1659 2027 473
1678 1772 474
67 942 475
86 1507 476
532 827 477
114 1679 478
341 1976 479
280 468 480
267 1507 481
341 2117 482
116 145 483
108 145 484
707 976 485
831 855 486
468 921 487
589 1530 488
686 1445 489
452 847 490
570 827 491
714 2032 492
65 1694 493
108 116 494
856 1972 495
235 1309 496
86 942 497
267 1450 498
1172 1806 499
1454 1514 500
714 771 501
856 1602 502
67 765 503
191 1678 504
1678 1978 505
190 1224 506
221 1923 507
319 1768 508
1103 1659 509
245 1281 510
687 1702 511
1284 1430 512
4 145 513
245 747 514
1454 2007 515
221 1678 516
144 1158 517
503 1432 518
76 854 519
391 1206 520
3 1637 521
86 765 522
325 1978 523
46 503 524
351 673 525
100 1637 526
924 1514 527
547 1637 528
341 1630 529
1103 1440 530
692 1193 531
391 985 532
2022 2092 533
1172 1193 534
126 692 535
707 1654 536
9 468 537
529 779 538
3 100 539
589 1842 540
771 2027 541
1942 2007 542
190 1845 543
491 1277 544
686 1312 545
856 1976 546
1281 1958 547
67 1887 548
1309 1400 549
547 1444 550
783 827 551
1206 2049 552
47 351 553
589 628 554
1334 1694 555
1103 2049 556
86 1513 557
985 1440 558
267 765 559
557 1602 560
280 440 561
502 1945 562
4 108 563
1334 1659 564
116 365 565
547 765 566
1776 1923 567
52 552 568
113 1528 569
654 1937 570
191 1923 571
417 1784 572
440 2005 573
86 1887 574
67 1513 575
3 1444 576
547 1507 577
245 1958 578
704 1896 579
856 1403 580
1514 1942 581
552 1078 582
203 552 583
75 1429 584
635 1400 585
529 1887 586
855 1931 587
518 1430 588
186 623 589
635 1309 590
976 1654 591
341 1403 592
108 365 593
1602 2117 594
46 590 595
1972 2117 596
267 1513 597
623 2058 598
163 557 599
1972 1976 600
65 1659 601
66 1440 602
502 1689 603
854 1784 604
1976 2117 605
267 942 606
926 1679 607
140 145 608
529 1162 609
856 1630 610
2085 2113 611
854 2082 612
1694 2032 613
590 1432 614
1602 1630 615
108 140 616
831 1931 617
1768 1988 618
113 1467 619
4 140 620
203 557 621
1403 1602 622
747 1281 623
529 1990 624
108 688 625
417 953 626
1724 1931 627
159 1530 628
1602 1976 629
707 1594 630
771 985 631
1403 1972 632
676 1867 633
66 391 634
529 1716 635
190 1003 636
341 1284 637
547 1450 638
552 1784 639
973 1268 640
590 2052 641
123 1750 642
921 1842 643
52 582 644
9 552 645
245 400 646
108 634 647
570 1158 648
1486 1881 649
547 942 650
67 779 651
270 926 652
270 2022 653
582 2069 654
529 1229 655
47 673 656
86 779 657
552 2069 658
65 1334 659
100 1444 660
1694 2049 661
1757 2113 662
391 1103 663
687 810 664
1206 1659 665
116 634 666
4 365 667
751 1784 668
1334 2032 669
491 2030 670
1206 1694 671
1103 2032 672
4 480 673
114 926 674
145 365 675
1467 1768 676
847 1945 677
400 1281 678
86 1990 679
391 1659 680
235 1400 681
973 2058 682
552 1076 683
145 634 684
145 480 685
360 1430 686
67 1990 687
1104 1528 688
3 1450 689
140 480 690
116 688 691
267 1887 692
391 2049 693
235 635 694
1583 2027 695
771 1103 696
168 831 697
1757 2085 698
780 855 699
1659 2049 700
3 1507 701
108 480 702
747 1958 703
168 855 704
145 688 705
145 335 706
834 2082 707
38 677 708
108 335 709
47 976 710
1630 1976 711
341 518 712
4 688 713
341 360 714
686 1528 715
116 140 716
1630 2117 717
391 1694 718
4 335 719
440 2087 720
819 854 721
1241 1429 722
1403 1976 723
325 1444 724
316 440 725
780 831 726
20 855 727
654 1557 728
1193 1678 729
1309 1754 730
116 335 731
491 1387 732
267 779 733
827 1158 734
1158 1432 735
20 831 736
440 1938 737
4 634 738
67 1162 739
503 590 740
325 1637 741
86 1162 742
86 1716 743
1403 1630 744
635 953 745
400 1958 746
529 2051 747
1440 2049 748
140 365 749
1193 1923 750
20 168 751
47 1404 752
191 1576 753
609 973 754
654 1469 755
1206 1334 756
532 1158 757
67 1716 758
108 859 759
67 1229 760
1729 1931 761
100 1450 762
490 566 763
557 1076 764
1309 1468 765
1440 1694 766
1284 1972 767
1445 2052 768
207 1445 769
76 1224 770
86 1229 771
529 1386 772
654 2004 773
623 921 774
692 1678 775
1334 2049 776
2030 2092 777
1104 1467 778
76 751 779
547 1990 780
87 926 781
635 1468 782
1366 1757 783
7 924 784
145 859 785
1432 1445 786
300 1945 787
281 1486 788
65 771 789
168 780 790
1284 1602 791
1403 2117 792
529 1903 793
581 1404 794
704 891 795
316 1676 796
477 1945 797
76 1298 798
100 1513 799
114 2022 800
856 1078 801
267 1229 802
855 1729 803
123 1243 804
1555 2023 805
67 1386 806
1243 1750 807
552 856 808
1400 1468 809
547 1162 810
76 1845 811
9 557 812
609 1530 813
763 1768 814
75 342 815
87 2022 816
547 779 817
267 1990 818
888 1318 819
219 1460 820
267 1162 821
140 335 822
19 98 823
847 1099 824
391 1440 825
674 840 826
3 1887 827
86 1386 828
325 1450 829
400 747 830
88 834 831
144 1500 832
953 1309 833
140 688 834
674 1654 835
1528 1768 836
547 1887 837
1514 2007 838
1678 1806 839
267 1716 840
86 2051 841
444 468 842
926 2092 843
771 1206 844
283 440 845
351 581 846
1724 1729 847
1440 1659 848
518 1972 849
952 1945 850
1284 1976 851
707 1270 852
116 859 853
67 2051 854
140 634 855
491 1834 856
100 1887 857
365 634 858
529 1785 859
664 1530 860
3 1513 861
203 417 862
490 906 863
187 309 864
246 440 865
86 1903 866
692 1923 867
325 942 868
4 859 869
635 1754 870
819 834 871
1366 2085 872
18 623 873
235 1754 874
283 468 875
634 688 876
145 1117 877
249 518 878
675 1445 879
159 1529 880
67 1903 881
771 1659 882
7 1454 883
203 1078 884
1172 1923 885
0 654 886
417 1078 887
581 673 888
3 942 889
687 1321 890
1679 2022 891
452 1546 892
1594 2037 893
267 2051 894
725 831 895
14 973 896
635 1744 897
765 1637 898
365 480 899
318 2092 900
1284 1403 901
120 1937 902
116 480 903
518 2117 904
1309 1744 905
356 1970 906
925 1652 907
3 1990 908
906 1193 909
783 1158 910
570 1500 911
1659 2032 912
365 688 913
1277 1896 914
388 925 915
1312 2052 916
518 1403 917
249 360 918
113 1856 919
59 65 920
335 365 921
335 634 922
847 1970 923
4 1117 924
953 1400 925
547 2051 926
1392 1757 927
342 1429 928
676 1546 929
103 1078 930
840 1325 931
66 491 932
1284 2117 933
1312 1432 934
1284 1630 935
72 1486 936
207 1312 937
1768 2035 938
120 1557 939
1400 1744 940
86 2057 941
76 1003 942
145 1482 943
704 1387 944
547 1716 945
783 1500 946
168 725 947
20 780 948
67 1785 949
87 754 950
335 688 951
1103 1624 952
190 1474 953
547 1386 954
557 1884 955
1117 1784 956
751 2082 957
891 1277 958
309 464 959
518 1602 960
1546 1867 961
1576 1867 962
325 1507 963
52 1076 964
570 1040 965
72 628 966
452 2041 967
840 1270 968
391 1334 969
267 1386 970
3 765 971
855 1724 972
1387 1896 973
86 1785 974
270 318 975
676 1576 976
951 2052 977
3 1716 978
388 689 979
1020 2092 980
921 1529 981
751 819 982
309 795 983
100 1990 984
267 1785 985
951 1432 986
30 75 987
120 1469 988
20 725 989
342 1241 990
831 1724 991
547 1229 992
140 859 993
108 1482 994
108 1988 995
1468 1754 996
66 1694 997
891 1896 998
490 1875 999
270 2030 1000
1205 1945 1001
335 480 1002
1078 1784 1003
75 1130 1004
953 1744 1005
1444 1637 1006
480 634 1007
67 2057 1008
104 2027 1009
114 2030 1010
4 1482 1011
112 1757 1012
952 1970 1013
634 859 1014
675 1312 1015
1603 1768 1016
168 1931 1017
38 286 1018
1400 1754 1019
1571 1896 1020
417 763 1021
63 1581 1022
100 765 1023
664 1529 1024
1768 1856 1025
976 1270 1026
190 1854 1027
497 1430 1028
1270 1654 1029
1309 1607 1030
63 775 1031
103 1076 1032
335 859 1033
145 1988 1034
1040 1432 1035
1040 2052 1036
113 1702 1037
100 942 1038
490 579 1039
589 888 1040
1784 1845 1041
4 1988 1042
765 1507 1043
235 1744 1044
666 2092 1045
18 973 1046
87 1020 1047
120 2004 1048
688 859 1049
827 1500 1050
257 1676 1051
819 1298 1052
831 1097 1053
771 1440 1054
191 1945 1055
480 859 1056
855 1097 1057
186 609 1058
674 1594 1059
1222 1486 1060
3 2051 1061
270 1020 1062
365 859 1063
725 855 1064
771 2049 1065
440 921 1066
775 1581 1067
1678 1923 1068
518 1630 1069
100 1903 1070
840 913 1071
59 1206 1072
9 1076 1073
116 1117 1074
858 1460 1075
351 1404 1076
963 1676 1077
771 2032 1078
76 897 1079
7 1942 1080
834 854 1081
61 75 1082
235 1468 1083
100 1716 1084
100 2051 1085
245 2023 1086
687 2059 1087
1931 2143 1088
452 1477 1089
1281 2023 1090
1637 1887 1091
311 1757 1092
780 1931 1093
985 1624 1094
754 1978 1095
1366 2113 1096
126 535 1097
176 1842 1098
480 688 1099
43 623 1100
502 1970 1101
134 1460 1102
163 203 1103
38 757 1104
1834 1896 1105
518 1976 1106
104 1694 1107
1513 1637 1108
3 1785 1109
847 947 1110
87 2030 1111
582 1027 1112
1983 2092 1113
547 1903 1114
1535 2026 1115
3 1903 1116
417 1400 1117
86 554 1118
109 1284 1119
973 1668 1120
1003 1784 1121
46 951 1122
1752 1931 1123
235 1607 1124
566 1750 1125
985 1847 1126
92 609 1127
942 1637 1128
114 1020 1129
267 2057 1130
417 959 1131
43 1842 1132
827 1445 1133
529 2057 1134
491 963 1135
166 1318 1136
688 1117 1137
226 1561 1138
490 1335 1139
765 1444 1140
474 985 1141
704 1834 1142
87 318 1143
1468 1744 1144
163 552 1145
468 1111 1146
1468 1607 1147
1513 2057 1148
913 976 1149
1392 2085 1150
634 1117 1151
203 1400 1152
491 1872 1153
323 440 1154
1334 1624 1155
75 587 1156
468 584 1157
687 1866 1158
779 1637 1159
140 1117 1160
953 1754 1161
3 1229 1162
1064 2026 1163
518 1284 1164
76 689 1165
309 1328 1166
1222 1818 1167
100 779 1168
431 529 1169
116 1482 1170
704 1277 1171
3 779 1172
168 1729 1173
325 1990 1174
28 552 1175
891 1834 1176
926 2022 1177
1887 2057 1178
318 1679 1179
365 1117 1180
440 1057 1181
59 2027 1182
144 1467 1183
161 468 1184
1184 1486 1185
87 1983 1186
417 1309 1187
677 757 1188
859 1117 1189
1450 1637 1190
1768 2094 1191
1440 1583 1192
819 1845 1193
67 554 1194
747 2023 1195
1392 2113 1196
257 547 1197
1064 1490 1198
688 2082 1199
1104 1856 1200
1679 2030 1201
0 120 1202
28 103 1203
32 527 1204
100 1162 1205
527 649 1206
1076 1078 1207
1298 2082 1208
88 1224 1209
654 1269 1210
906 1750 1211
1064 1535 1212
812 1530 1213
114 318 1214
176 1529 1215
270 1983 1216
926 1020 1217
503 951 1218
335 1117 1219
46 1040 1220
1583 2032 1221
3 1386 1222
235 953 1223
582 1089 1224
109 1602 1225
502 1226 1226
687 1740 1227
689 925 1228
3 1162 1229
714 1624 1230
116 1988 1231
88 854 1232
300 1970 1233
100 1785 1234
144 1528 1235
103 2069 1236
547 1785 1237
1945 1978 1238
311 2085 1239
824 967 1240
1020 1679 1241
341 497 1242
891 1387 1243
204 953 1244
688 1482 1245
1 676 1246
1772 1945 1247
249 497 1248
114 1983 1249
535 2030 1250
503 1040 1251
1003 2082 1252
754 2030 1253
1872 1896 1254
1937 2004 1255
59 1440 1256
579 1750 1257
440 584 1258
457 1594 1259
1162 1637 1260
365 1988 1261
1076 1784 1262
1444 1507 1263
1507 1637 1264
686 1702 1265
1158 1500 1266
341 790 1267
207 214 1268
86 431 1269
623 2087 1270
953 959 1271
1486 1925 1272
1744 1754 1273
159 664 1274
103 498 1275
114 1576 1276
953 1607 1277
676 2041 1278
335 1988 1279
855 1752 1280
109 1403 1281
819 1224 1282
1444 2057 1283
145 2082 1284
365 1482 1285
470 924 1286
535 1196 1287
707 913 1288
831 2143 1289
765 1450 1290
417 1884 1291
1196 2113 1292
140 1482 1293
795 1694 1294
155 714 1295
214 2052 1296
335 1482 1297
1637 1903 1298
100 1386 1299
790 1430 1300
38 2113 1301
59 1103 1302
123 566 1303
1702 1768 1304
1776 1945 1305
72 824 1306
452 1983 1307
547 554 1308
1490 1535 1309
92 136 1310
140 1988 1311
16 440 1312
570 1528 1313
831 1752 1314
688 1988 1315
1154 1193 1316
341 1397 1317
1637 2057 1318
166 589 1319
100 1229 1320
1130 1429 1321
783 1467 1322
859 1988 1323
859 1482 1324
280 1842 1325
112 2113 1326
468 1073 1327
1847 2027 1328
1104 1702 1329
1845 2082 1330
84 1784 1331
112 2085 1332
911 1768 1333
166 888 1334
190 1965 1335
674 1270 1336
832 1842 1337
67 431 1338
114 666 1339
104 1659 1340
187 795 1341
1268 2058 1342
1444 1887 1343
1277 1387 1344
92 1530 1345
190 656 1346
417 1754 1347
1772 1970 1348
1444 1450 1349
1130 1241 1350
109 1972 1351
855 2143 1352
28 557 1353
128 1676 1354
1309 1823 1355
3 2057 1356
480 1117 1357
751 1400 1358
1784 2069 1359
20 1931 1360
168 1724 1361
634 1482 1362
707 1325 1363
52 2069 1364
780 1097 1365
109 1630 1366
897 1784 1367
832 1530 1368
270 666 1369
309 1709 1370
590 951 1371
812 1529 1372
2027 2032 1373
854 1298 1374
1397 1430 1375
440 832 1376
529 1458 1377
1397 1630 1378
59 2049 1379
422 1768 1380
161 1842 1381
226 679 1382
417 856 1383
505 1318 1384
587 1241 1385
61 1241 1386
529 1123 1387
1196 1366 1388
921 2058 1389
270 1546 1390
888 1512 1391
1469 1557 1392
527 1970 1393
942 1507 1394
61 1429 1395
824 1920 1396
757 2085 1397
267 431 1398
976 1325 1399
985 1201 1400
863 2092 1401
311 1366 1402
109 1976 1403
581 1267 1404
286 2113 1405
190 897 1406
529 554 1407
953 1468 1408
634 2082 1409
1318 1512 1410
7 2007 1411
1386 1637 1412
765 1887 1413
926 2030 1414
316 498 1415
76 688 1416
311 1392 1417
112 1366 1418
959 1309 1419
913 1654 1420
1624 2027 1421
159 921 1422
1450 1507 1423
1637 1654 1424
714 1794 1425
666 1679 1426
1490 2026 1427
1469 1937 1428
651 856 1429
673 1404 1430
309 1989 1431
468 1364 1432
779 1450 1433
634 1988 1434
725 1931 1435
1794 2027 1436
1818 2079 1437
765 1513 1438
7 1514 1439
532 1528 1440
771 1624 1441
67 1458 1442
566 1243 1443
498 1676 1444
1097 1931 1445
464 795 1446
897 2082 1447
1958 2023 1448
1450 1513 1449
759 1530 1450
765 1990 1451
186 1268 1452
590 1040 1453
104 1583 1454
1117 1482 1455
1325 1654 1456
1444 1716 1457
480 1988 1458
1624 1694 1459
532 1467 1460
714 795 1461
86 1458 1462
783 1528 1463
76 1474 1464
676 1983 1465
750 1676 1466
1229 1637 1467
1637 1785 1468
214 675 1469
1654 1680 1470
827 1467 1471
704 1872 1472
326 1594 1473
77 824 1474
891 1872 1475
1879 1896 1476
480 1482 1477
663 925 1478
1193 1945 1479
714 1888 1480
384 660 1481
953 2043 1482
942 1887 1483
1513 1903 1484
187 464 1485
431 547 1486
1400 1823 1487
1557 1937 1488
325 2051 1489
1277 1834 1490
88 1845 1491
654 1949 1492
743 1768 1493
66 1571 1494
249 790 1495
1694 1794 1496
108 2082 1497
751 854 1498
468 1372 1499
481 1460 1500
1444 1903 1501
623 1121 1502
1785 2057 1503
4 807 1504
163 1078 1505
203 1884 1506
318 926 1507
32 1867 1508
267 1458 1509
9 1078 1510
299 973 1511
417 801 1512
532 1482 1513
1729 2143 1514
1312 1445 1515
468 2034 1516
62 662 1517
286 1366 1518
388 663 1519
1637 1716 1520
2033 2085 1521
959 1754 1522
166 1512 1523
1270 1594 1524
1387 1834 1525
926 1983 1526
1607 1754 1527
309 884 1528
1513 1785 1529
470 1942 1530
252 281 1531
609 1668 1532
491 1879 1533
1117 2082 1534
750 824 1535
824 998 1536
942 998 1537
1345 2113 1538
1637 2051 1539
1196 1392 1540
502 1570 1541
725 1729 1542
765 1903 1543
527 947 1544
1162 1507 1545
47 1267 1546
859 2082 1547
827 1528 1548
847 1705 1549
30 1241 1550
676 1477 1551
754 1020 1552
754 1678 1553
43 186 1554
286 2085 1555
765 2051 1556
838 1605 1557
1555 2076 1558
101 388 1559
468 915 1560
1366 1392 1561
1806 1945 1562
1387 1872 1563
120 1269 1564
452 2092 1565
779 1990 1566
1743 1768 1567
104 2032 1568
311 2113 1569
505 888 1570
20 1729 1571
109 2117 1572
267 554 1573
341 810 1574
417 2043 1575
1386 1444 1576
868 1942 1577
819 1003 1578
594 925 1579
69 847 1580
985 1929 1581
635 1823 1582
942 1444 1583
1867 2041 1584
942 967 1585
1205 1970 1586
906 1243 1587
76 1854 1588
1867 1983 1589
108 1968 1590
1818 1940 1591
20 1724 1592
568 1970 1593
20 1097 1594
535 2113 1595
824 1476 1596
1507 1887 1597
204 558 1598
1450 2057 1599
69 1867 1600
1716 1887 1601
114 452 1602
1449 2026 1603
112 311 1604
676 2003 1605
1424 1676 1606
1785 1887 1607
1097 1729 1608
203 1076 1609
1576 2092 1610
714 1328 1611
1694 1847 1612
1450 1887 1613
1584 1942 1614
1513 1887 1615
77 1676 1616
61 342 1617
1430 2015 1618
863 1679 1619
557 790 1620
943 1555 1621
166 505 1622
959 1400 1623
1103 1847 1624
100 2057 1625
765 1716 1626
136 1668 1627
757 2113 1628
187 714 1629
834 1224 1630
1887 1903 1631
1903 2057 1632
1162 1444 1633
1513 1990 1634
589 977 1635
779 1887 1636
1 1867 1637
1776 1970 1638
190 1435 1639
474 1694 1640
1513 1716 1641
30 1429 1642
1097 1724 1643
529 1884 1644
145 807 1645
53 1426 1646
270 863 1647
191 1970 1648
452 2030 1649
535 1392 1650
535 1867 1651
628 997 1652
1064 1449 1653
547 1458 1654
1785 1903 1655
227 1222 1656
468 1182 1657
309 1805 1658
145 1968 1659
65 1794 1660
116 807 1661
1689 1923 1662
144 1702 1663
840 1680 1664
187 1328 1665
1 452 1666
942 2057 1667
190 578 1668
1637 1990 1669
779 1513 1670
221 1705 1671
757 1757 1672
725 1097 1673
190 917 1674
1659 1847 1675
98 256 1676
623 851 1677
1679 1983 1678
1716 1903 1679
235 1823 1680
281 1761 1681
440 1372 1682
123 906 1683
468 1149 1684
52 1027 1685
270 676 1686
649 1978 1687
552 743 1688
779 1716 1689
1444 1785 1690
666 926 1691
490 511 1692
697 1818 1693
91 558 1694
1716 2057 1695
249 810 1696
1117 1988 1697
2022 2030 1698
1162 1903 1699
283 589 1700
810 1430 1701
1529 1652 1702
1583 1624 1703
4 1968 1704
356 1764 1705
1923 1945 1706
325 431 1707
270 1576 1708
1867 2092 1709
491 2011 1710
854 1845 1711
942 1450 1712
1513 2051 1713
159 812 1714
2033 2113 1715
33 609 1716
190 1743 1717
1444 1990 1718
765 2057 1719
1607 1744 1720
529 1298 1721
973 1057 1722
1450 1903 1723
477 1970 1724
707 1680 1725
779 2057 1726
985 1870 1727
121 1913 1728
654 1970 1729
1162 1450 1730
1583 1847 1731
1095 2113 1732
353 502 1733
985 1007 1734
1624 1659 1735
997 1486 1736
159 176 1737
1269 1937 1738
1229 1450 1739
103 1071 1740
113 1335 1741
502 1000 1742
1229 1887 1743
346 1942 1744
677 2085 1745
676 2030 1746
1546 1679 1747
470 2007 1748
535 1366 1749
765 942 1750
1716 1785 1751
1328 1659 1752
114 863 1753
1162 1887 1754
1565 1594 1755
490 1603 1756
757 2033 1757
505 1512 1758
942 1990 1759
9 1529 1760
440 2031 1761
674 913 1762
704 1879 1763
1196 1757 1764
341 2015 1765
342 1130 1766
1447 1460 1767
1474 2082 1768
623 977 1769
1162 1513 1770
18 43 1771
535 677 1772
1201 1659 1773
1020 2022 1774
1449 1535 1775
1397 2117 1776
1468 1823 1777
763 801 1778
1757 2033 1779
75 1563 1780
651 2082 1781
226 1067 1782
203 1571 1783
280 2058 1784
457 2037 1785
518 1397 1786
172 1460 1787
116 1968 1788
309 892 1789
92 1668 1790
1535 1881 1791
609 1235 1792
552 877 1793
594 1652 1794
854 1224 1795
1386 1887 1796
144 1856 1797
942 2051 1798
104 1847 1799
779 942 1800
951 1040 1801
1241 2135 1802
688 807 1803
1313 1750 1804
1345 2085 1805
1990 2057 1806
9 1414 1807
1064 1881 1808
14 1268 1809
490 1463 1810
959 1190 1811
168 1097 1812
629 1931 1813
1277 1872 1814
567 1687 1815
2051 2057 1816
942 1513 1817
953 1823 1818
70 121 1819
168 2143 1820
1162 2057 1821
4 1298 1822
190 1786 1823
204 2037 1824
583 1460 1825
1201 1694 1826
1929 2027 1827
1507 1903 1828
977 1842 1829
907 1430 1830
1200 1594 1831
351 1629 1832
360 497 1833
1404 1629 1834
609 915 1835
52 1089 1836
807 859 1837
1229 1513 1838
582 1367 1839
417 877 1840
679 1561 1841
257 267 1842
1206 1794 1843
351 1267 1844
1386 1990 1845
452 2003 1846
1206 1819 1847
1500 1528 1848
877 953 1849
302 1676 1850
98 2105 1851
1095 2085 1852
1386 1903 1853
925 1135 1854
63 1755 1855
136 2058 1856
1923 1970 1857
491 977 1858
1444 2051 1859
78 1486 1860
1154 1678 1861
309 1963 1862
714 1805 1863
1284 1397 1864
832 973 1865
1507 1716 1866
411 976 1867
474 714 1868
111 2032 1869
391 1794 1870
634 807 1871
1630 2015 1872
1694 1709 1873
176 664 1874
855 1718 1875
92 2005 1876
834 1845 1877
187 474 1878
1267 1404 1879
1469 2004 1880
224 2109 1881
1412 2072 1882
1482 1988 1883
254 562 1884
819 897 1885
1970 1978 1886
765 1229 1887
1397 1602 1888
1694 1929 1889
286 1757 1890
1794 2049 1891
976 1680 1892
1887 2051 1893
18 186 1894
795 1328 1895
1334 1847 1896
91 204 1897
237 1430 1898
1983 2030 1899
163 1884 1900
452 1020 1901
779 1903 1902
985 1805 1903
765 779 1904
47 1629 1905
490 2107 1906
1659 1709 1907
1162 1990 1908
1328 1694 1909
1888 2027 1910
714 1709 1911
1440 1794 1912
1557 2004 1913
135 1581 1914
674 1325 1915
417 743 1916
1602 2015 1917
0 1469 1918
547 1424 1919
335 807 1920
349 440 1921
563 1972 1922
1474 1784 1923
1624 2032 1924
779 2051 1925
1477 1867 1926
798 1104 1927
1270 1325 1928
1557 1949 1929
1229 1785 1930
1158 1528 1931
1284 2114 1932
1450 1785 1933
783 1856 1934
103 1053 1935
856 1397 1936
996 1778 1937
145 2035 1938
187 1201 1939
1668 2058 1940
187 1989 1941
662 1581 1942
140 1968 1943
257 529 1944
1718 1931 1945
66 1794 1946
824 898 1947
1397 1972 1948
763 1884 1949
1008 2137 1950
112 1196 1951
1021 1932 1952
1269 1469 1953
440 1693 1954
1229 1903 1955
1386 1716 1956
714 1929 1957
880 1237 1958
1694 1805 1959
270 699 1960
765 1785 1961
1229 1386 1962
452 699 1963
518 790 1964
23 1712 1965
649 1193 1966
1193 1970 1967
38 1366 1968
78 628 1969
20 1752 1970
325 554 1971
663 689 1972
1937 2123 1973
123 579 1974
411 557 1975
831 1718 1976
1514 1731 1977
474 1659 1978
1386 1513 1979
860 1999 1980
263 417 1981
557 2109 1982
677 2113 1983
88 1854 1984
688 1968 1985
1386 2057 1986
0 2004 1987
779 1229 1988
63 1023 1989
224 656 1990
1450 1990 1991
795 1201 1992
775 1755 1993
76 1965 1994
70 119 1995
1659 1929 1996
452 2022 1997
865 2135 1998
1397 1403 1999
490 520 2000
28 203 2001
725 1752 2002
942 1716 2003
1887 1990 2004
270 1867 2005
1162 1785 2006
1752 2143 2007
277 1768 2008
532 1702 2009
1450 1716 2010
1626 2092 2011
664 812 2012
1229 1990 2013
1744 1823 2014
1229 2057 2015
1583 1929 2016
651 1884 2017
69 1576 2018
673 1267 2019
63 858 2020
1386 1450 2021
257 1637 2022
446 1460 2023
1386 2051 2024
1903 1990 2025
101 925 2026
112 1392 2027
318 1983 2028
924 1505 2029
1546 1983 2030
411 840 2031
1539 1942 2032
1298 1988 2033
20 1538 2034
289 628 2035
311 1196 2036
114 1626 2037
628 1534 2038
1958 2076 2039
1507 2051 2040
108 2018 2041
827 1702 2042
1397 1976 2043
1754 1823 2044
1983 2022 2045
150 1555 2046
673 1629 2047
654 2084 2048
1162 1716 2049
65 1819 2050
1162 2051 2051
1103 1794 2052
1718 1729 2053
89 1875 2054
535 2085 2055
246 2005 2056
907 1602 2057
1345 1366 2058
1806 1970 2059
838 1234 2060
856 1531 2061
925 1175 2062
99 1757 2063
1281 2076 2064
891 1879 2065
1229 1716 2066
309 835 2067
1460 1540 2068
654 2123 2069
562 1654 2070
664 921 2071
474 795 2072
847 960 2073
337 935 2074
490 830 2075
1064 1488 2076
1398 1942 2077
49 558 2078
245 2076 2079
780 1538 2080
913 1270 2081
32 676 2082
1414 1530 2083
155 2032 2084
692 1970 2085
75 2135 2086
1158 1467 2087
461 1426 2088
780 2143 2089
98 522 2090
634 1968 2091
1345 1392 2092
1834 1872 2093
63 627 2094
819 1474 2095
819 1854 2096
365 1968 2097
771 1794 2098
1867 2003 2099
1212 1460 2100
666 1020 2101
1576 1983 2102
609 2087 2103
66 139 2104
431 1637 2105
452 1626 2106
535 884 2107
468 1693 2108
1200 2037 2109
209 702 2110
942 1903 2111
120 1949 2112
610 1366 2113
1020 1867 2114
1020 2030 2115
1449 1490 2116
0 1557 2117
863 926 2118
1400 2043 2119
468 713 2120
1023 1581 2121
363 705 2122
547 759 2123
363 394 2124
1937 1949 2125
14 299 2126
120 2084 2127
1020 1546 2128
440 1667 2129
468 989 2130
1345 1757 2131
967 998 2132
1488 1535 2133
554 942 2134
554 1637 2135
163 763 2136
388 1135 2137
120 1719 2138
163 801 2139
1190 1309 2140
1507 1990 2141
4 2035 2142
394 705 2143
1277 1879 2144
214 1445 2145
365 807 2146
628 821 2147
191 1719 2148
464 1709 2149
474 1989 2150
374 1376 2151
116 2035 2152
135 741 2153
335 1968 2154
856 2109 2155
581 1629 2156
224 1531 2157
464 1328 2158
557 1273 2159
934 2054 2160
99 2085 2161
325 1458 2162
779 1386 2163
1983 2041 2164
153 1867 2165
851 1842 2166
464 714 2167
224 907 2168
32 2092 2169
145 2018 2170
53 1239 2171
1477 2041 2172
1602 2114 2173
226 994 2174
255 831 2175
1668 2005 2176
677 2033 2177
226 1896 2178
1027 2069 2179
139 226 2180
918 1768 2181
1334 1794 2182
111 2027 2183
1867 2030 2184
783 1702 2185
779 1785 2186
859 1968 2187
557 877 2188
1990 2051 2189
64 1942 2190
108 2035 2191
1555 2121 2192
440 682 2193
610 2085 2194
997 1534 2195
20 2143 2196
1716 1990 2197
464 1201 2198
29 1750 2199
1949 2004 2200
18 921 2201
1896 1927 2202
1546 2041 2203
227 1790 2204
1429 2135 2205
1607 1823 2206
1222 1940 2207
61 1130 2208
1571 2030 2209
110 831 2210
942 1229 2211
552 2109 2212
1469 1949 2213
765 1386 2214
32 1679 2215
856 907 2216
1581 1755 2217
967 1044 2218
1380 1942 2219
64 924 2220
535 676 2221
527 681 2222
1903 2051 2223
1450 2051 2224
121 1601 2225
474 1328 2226
561 1389 2227
1284 2015 2228
66 1777 2229
64 1454 2230
1972 2015 2231
1269 1949 2232
32 1546 2233
1149 1842 2234
92 915 2235
400 943 2236
0 1269 2237
491 1927 2238
943 1958 2239
1117 1968 2240
86 257 2241
365 2035 2242
1364 1842 2243
121 734 2244
660 2068 2245
725 1724 2246
464 1989 2247
33 186 2248
110 855 2249
662 833 2250
676 699 2251
1561 1777 2252
480 1968 2253
1229 2051 2254
697 1222 2255
1576 2041 2256
128 1476 2257
237 557 2258
558 1484 2259
1089 2069 2260
587 1130 2261
1386 1785 2262
677 1366 2263
1239 1426 2264
349 1842 2265
153 452 2266
1222 2079 2267
104 1929 2268
942 1162 2269
1181 1750 2270
1716 2051 2271
34 1942 2272
286 610 2273
1358 1999 2274
795 1007 2275
1458 1637 2276
18 280 2277
1888 2032 2278
91 1484 2279
136 2005 2280
1162 1229 2281
831 1538 2282
61 587 2283
92 1938 2284
1008 1696 2285
121 735 2286
775 1023 2287
854 1003 2288
2023 2076 2289
751 1845 2290
1709 2027 2291
120 2123 2292
309 1099 2293
854 897 2294
87 1626 2295
1403 2015 2296
110 1729 2297
121 1169 2298
1624 1847 2299
765 1162 2300
1270 1680 2301
1309 2043 2302
929 2011 2303
1463 1750 2304
1486 1534 2305
87 947 2306
121 1323 2307
779 1162 2308
1062 1594 2309
1097 1718 2310
1754 2043 2311
246 1668 2312
634 2035 2313
1785 1990 2314
103 1120 2315
623 2034 2316
47 1062 2317
38 850 2318
552 1273 2319
1476 1676 2320
121 1436 2321
335 2035 2322
1488 2026 2323
877 959 2324
263 953 2325
490 1700 2326
1678 1970 2327
1805 2027 2328
1076 1668 2329
43 280 2330
518 2015 2331
795 1709 2332
688 2035 2333
128 882 2334
714 1201 2335
535 2041 2336
1190 1400 2337
9 136 2338
1328 2032 2339
1976 2015 2340
7 470 2341
246 1571 2342
854 1854 2343
995 1184 2344
187 1709 2345
190 1957 2346
783 1463 2347
360 790 2348
747 2076 2349
1430 2114 2350
153 270 2351
192 1594 2352
674 1680 2353
1500 1702 2354
832 2058 2355
953 1190 2356
609 1132 2357
63 1377 2358
1261 2107 2359
53 461 2360
1467 1500 2361
243 527 2362
874 1687 2363
994 1561 2364
121 1427 2365
610 1757 2366
9 1204 2367
110 1931 2368
707 898 2369
123 1463 2370
567 874 2371
468 760 2372
1449 1488 2373
1190 1754 2374
1205 1934 2375
270 947 2376
689 819 2377
495 2107 2378
347 1836 2379
191 1759 2380
943 1281 2381
838 1145 2382
1387 1879 2383
252 1761 2384
318 2022 2385
464 474 2386
502 1209 2387
2 14 2388
257 1444 2389
417 1190 2390
795 1989 2391
1347 1594 2392
227 697 2393
159 1652 2394
566 906 2395
1454 1505 2396
121 1933 2397
827 1856 2398
316 963 2399
1064 1723 2400
1089 1367 2401
608 628 2402
474 1103 2403
1603 1750 2404
119 1601 2405
664 1652 2406
1594 1680 2407
591 824 2408
110 1724 2409
824 1647 2410
529 1664 2411
834 1854 2412
1027 1089 2413
1629 1987 2414
326 959 2415
263 959 2416
468 2013 2417
689 1135 2418
178 1578 2419
610 2113 2420
819 1965 2421
1626 1867 2422
1949 2123 2423
444 2058 2424
1372 1530 2425
1482 2035 2426
859 2035 2427
907 2117 2428
187 1805 2429
121 236 2430
1097 1752 2431
790 1784 2432
405 1821 2433
650 824 2434
831 958 2435
1052 1486 2436
468 1030 2437
1696 1804 2438
168 1538 2439
1659 1805 2440
532 1856 2441
64 1514 2442
751 2043 2443
1594 1903 2444
257 1450 2445
428 1581 2446
757 1366 2447
257 1990 2448
209 576 2449
855 1538 2450
474 1709 2451
342 2135 2452
592 1948 2453
119 1427 2454
942 1386 2455
1020 1983 2456
417 2109 2457
1723 2026 2458
597 705 2459
1309 1703 2460
1366 2033 2461
75 865 2462
907 1972 2463
924 1380 2464
2015 2117 2465
227 1940 2466
627 1712 2467
98 1480 2468
87 1154 2469
1784 1965 2470
1224 1845 2471
679 994 2472
1999 2066 2473
884 1196 2474
1440 1819 2475
390 1442 2476
977 1571 2477
1785 2051 2478
1325 1680 2479
243 1867 2480
480 2035 2481
609 1263 2482
1350 1676 2483
714 1496 2484
1201 1328 2485
454 1021 2486
255 2143 2487
431 1444 2488
865 1429 2489
1626 1679 2490
119 1436 2491
440 1686 2492
663 1135 2493
399 856 2494
474 1201 2495
1117 2035 2496
1328 1709 2497
463 558 2498
953 1273 2499
1007 1659 2500
942 1785 2501
1531 1976 2502
100 1123 2503
1201 1709 2504
18 444 2505
554 1450 2506
1530 1924 2507
729 1631 2508
1008 1804 2509
1531 1884 2510
474 1440 2511
863 1020 2512
57 1784 2513
66 1819 2514
360 810 2515
1988 2035 2516
119 1169 2517
318 1020 2518
676 2022 2519
28 1078 2520
1158 1702 2521
136 246 2522
366 2131 2523
295 1557 2524
679 1067 2525
623 1372 2526
795 1249 2527
554 1444 2528
982 1712 2529
1181 1243 2530
649 1867 2531
193 1486 2532
112 2033 2533
771 1819 2534
1090 1778 2535
1020 1576 2536
1929 2032 2537
707 922 2538
783 1743 2539
1243 1603 2540
140 2035 2541
562 1017 2542
929 2018 2543
1486 1868 2544
431 1450 2545
676 2092 2546
547 789 2547
1094 2107 2548
958 1931 2549
1854 2082 2550
1380 1454 2551
9 1825 2552
14 1057 2553
1267 1629 2554
995 2107 2555
121 1327 2556
683 920 2557
1 1477 2558
1538 1931 2559
751 1003 2560
1162 1386 2561
1458 1507 2562
464 2027 2563
126 1088 2564
126 1934 2565
311 1345 2566
1372 1842 2567
209 1773 2568
967 1506 2569
845 1460 2570
1460 1667 2571
1488 1490 2572
566 579 2573
257 1424 2574
677 850 2575
50 724 2576
311 1095 2577
1318 1390 2578
1570 1772 2579
1819 2049 2580
554 1507 2581
126 1159 2582
1834 1879 2583
255 1931 2584
824 1407 2585
1529 2034 2586
884 1821 2587
122 714 2588
255 1724 2589
1505 1942 2590
224 1128 2591
52 1367 2592
186 851 2593
99 2113 2594
882 1476 2595
554 2057 2596
704 1927 2597
798 2052 2598
677 1572 2599
882 1884 2600
1557 2123 2601
69 1546 2602
884 1576 2603
258 1581 2604
891 1927 2605
824 1395 2606
1847 1929 2607
1130 2135 2608
1576 1679 2609
1067 1561 2610
1937 2084 2611
319 759 2612
1277 1927 2613
1790 1940 2614
119 735 2615
998 1044 2616
14 56 2617
226 1153 2618
683 1572 2619
1624 1929 2620
1482 1968 2621
49 1035 2622
423 824 2623
780 1718 2624
1572 2113 2625
254 1017 2626
286 311 2627
468 1419 2628
159 1043 2629
1940 2079 2630
232 976 2631
743 783 2632
62 833 2633
187 2032 2634
1 2041 2635
9 1656 2636
2022 2041 2637
86 1664 2638
1253 1590 2639
299 1057 2640
1718 1724 2641
101 663 2642
147 558 2643
255 855 2644
1872 1879 2645
76 2018 2646
64 2007 2647
119 1327 2648
391 1819 2649
74 316 2650
342 865 2651
1477 1576 2652
1679 1867 2653
341 2114 2654
518 810 2655
99 112 2656
123 1603 2657
274 582 2658
1709 2032 2659
23 1272 2660
76 1957 2661
64 1505 2662
311 2033 2663
431 1507 2664
925 1236 2665
1444 1458 2666
1345 2033 2667
1007 1328 2668
660 1134 2669
119 734 2670
657 1896 2671
714 1847 2672
634 2018 2673
942 1044 2674
664 1043 2675
1349 1935 2676
119 1933 2677
925 2045 2678
1196 1345 2679
126 2074 2680
232 707 2681
671 1264 2682
1387 1927 2683
325 1664 2684
190 1112 2685
1565 2037 2686
1713 1772 2687
77 750 2688
255 1729 2689
1253 1884 2690
106 2143 2691
12 1676 2692
1121 2058 2693
309 1286 2694
431 2057 2695
43 2087 2696
398 1318 2697
498 963 2698
1175 1652 2699
99 757 2700
152 2085 2701
104 1624 2702
589 1543 2703
801 1884 2704
677 1757 2705
153 1983 2706
459 775 2707
207 798 2708
925 1326 2709
227 2079 2710
1576 2003 2711
685 1016 2712
448 1486 2713
750 1920 2714
953 1822 2715
1458 1990 2716
629 1724 2717
913 1680 2718
1043 1530 2719
942 1458 2720
1398 1454 2721
180 1486 2722
868 924 2723
677 920 2724
1044 1506 2725
535 1345 2726
384 2068 2727
62 1731 2728
103 703 2729
119 236 2730
959 2043 2731
490 528 2732
1006 1880 2733
1535 1723 2734
1968 1988 2735
1398 2007 2736
1709 1989 2737
16 552 2738
155 1583 2739
491 1703 2740
194 259 2741
240 1061 2742
824 1627 2743
200 366 2744
203 2109 2745
311 535 2746
178 1092 2747
1184 1925 2748
494 982 2749
657 891 2750
1570 1806 2751
375 1828 2752
209 816 2753
639 985 2754
190 1636 2755
555 1689 2756
1584 2007 2757
1201 2027 2758
1423 1768 2759
800 1332 2760
88 1743 2761
186 915 2762
1528 1702 2763
299 1268 2764
586 1185 2765
616 2113 2766
60 225 2767
190 1247 2768
589 1693 2769
657 704 2770
854 1965 2771
99 2033 2772
1 1576 2773
1538 1724 2774
854 1474 2775
122 2032 2776
743 959 2777
1454 1539 2778
37 424 2779
405 884 2780
209 1809 2781
1243 1700 2782
582 818 2783
110 1097 2784
431 1990 2785
1043 1529 2786
1222 2000 2787
47 1987 2788
126 808 2789
474 1334 2790
1450 1458 2791
187 1249 2792
554 2051 2793
676 2048 2794
649 1983 2795
900 1985 2796
518 2114 2797
558 559 2798
49 147 2799
207 1721 2800
349 1530 2801
286 616 2802
808 1490 2803
281 1350 2804
924 1398 2805
1121 1268 2806
1914 2082 2807
2003 2041 2808
751 897 2809
1048 1050 2810
517 1530 2811
666 863 2812
310 392 2813
490 767 2814
289 586 2815
103 1573 2816
629 1729 2817
699 1867 2818
675 798 2819
1538 2143 2820
28 1076 2821
60 457 2822
1505 2007 2823
1965 2082 2824
662 1077 2825
103 202 2826
490 1977 2827
594 1175 2828
702 1773 2829
240 797 2830
1087 1415 2831
187 1007 2832
786 1768 2833
587 2135 2834
808 1535 2835
865 1241 2836
958 1752 2837
129 635 2838
837 990 2839
1676 1814 2840
1035 2107 2841
558 690 2842
616 757 2843
855 958 2844
924 1539 2845
1392 2033 2846
888 1272 2847
316 1948 2848
552 1822 2849
763 1988 2850
1103 1496 2851
21 824 2852
800 1459 2853
1576 1626 2854
627 1306 2855
66 1373 2856
112 677 2857
676 1679 2858
99 286 2859
33 2087 2860
784 1942 2861
868 1454 2862
128 615 2863
134 1571 2864
337 1748 2865
973 1802 2866
1145 1605 2867
1626 1983 2868
860 1358 2869
789 1887 2870
1008 1524 2871
431 942 2872
1678 1759 2873
572 1741 2874
824 1086 2875
871 1756 2876
319 828 2877
468 1344 2878
1449 1723 2879
1469 2123 2880
103 228 2881
1546 2030 2882
34 924 2883
497 790 2884
63 1306 2885
761 839 2886
1591 1978 2887
921 1121 2888
319 746 2889
812 1652 2890
388 1236 2891
795 1870 2892
824 1441 2893
1328 1870 2894
375 1863 2895
1320 1741 2896
1530 1975 2897
1805 2032 2898
1784 2002 2899
1464 1689 2900
123 1181 2901
677 1392 2902
985 1819 2903
258 775 2904
600 714 2905
1344 1842 2906
186 969 2907
39 1875 2908
1565 1964 2909
554 1990 2910
249 1285 2911
894 1692 2912
1168 1741 2913
572 1168 2914
795 1805 2915
34 1454 2916
123 1700 2917
572 1320 2918
969 1875 2919
1 2003 2920
1078 2109 2921
1111 2058 2922
1276 1622 2923
1770 1876 2924
98 1189 2925
1196 1271 2926
1234 1605 2927
1790 2079 2928
77 1920 2929
1074 1741 2930
186 713 2931
683 1173 2932
616 1757 2933
9 1900 2934
1819 2027 2935
1328 1989 2936
178 1412 2937
922 1325 2938
994 1067 2939
389 1536 2940
455 885 2941
134 1434 2942
384 1134 2943
180 628 2944
616 2033 2945
683 1610 2946
84 911 2947
31 2105 2948
1354 2113 2949
832 2087 2950
1064 1346 2951
1454 1584 2952
1243 1313 2953
1324 1689 2954
654 1713 2955
363 711 2956
511 1875 2957
341 1285 2958
491 1667 2959
95 103 2960
123 1313 2961
159 2034 2962
346 924 2963
474 1805 2964
688 2018 2965
61 2135 2966
3 2060 2967
1413 1460 2968
738 1270 2969
1003 1845 2970
1696 2137 2971
191 1695 2972
482 1050 2973
677 2003 2974
1182 1842 2975
649 1546 2976
84 766 2977
1027 1367 2978
807 1968 2979
239 1530 2980
856 1128 2981
1222 1644 2982
346 1454 2983
474 2027 2984
1372 2087 2985
1938 2005 2986
949 1207 2987
1790 2000 2988
670 1798 2989
311 610 2990
1486 1735 2991
431 1716 2992
954 1755 2993
69 270 2994
693 1475 2995
1468 1866 2996
1063 2062 2997
1224 1854 2998
1576 2030 2999
211 676 3000
36 50 3001
963 1948 3002
1700 1750 3003
798 1432 3004
1557 1703 3005
699 1679 3006
860 2066 3007
873 1590 3008
337 1371 3009
808 2026 3010
697 1940 3011
1052 1899 3012
496 1676 3013
589 1981 3014
616 2085 3015
798 1445 3016
984 1808 3017
697 2000 3018
99 677 3019
122 2027 3020
47 1347 3021
128 799 3022
309 1271 3023
627 858 3024
421 2054 3025
983 1676 3026
1500 1856 3027
1590 1884 3028
795 1258 3029
887 1381 3030
346 2007 3031
579 906 3032
235 1128 3033
418 592 3034
1403 2114 3035
1435 1876 3036
491 933 3037
18 176 3038
519 654 3039
1367 2069 3040
818 1676 3041
168 255 3042
699 2022 3043
1106 1530 3044
99 311 3045
166 1981 3046
1258 1694 3047
176 1043 3048
1095 1392 3049
69 2092 3050
73 1518 3051
112 757 3052
1281 1620 3053
117 564 3054
1490 1723 3055
1689 2012 3056
56 1268 3057
464 2032 3058
51 1075 3059
120 253 3060
628 1051 3061
989 1842 3062
569 1400 3063
494 1578 3064
1709 1870 3065
2003 2030 3066
494 954 3067
385 777 3068
1324 1923 3069
1630 2114 3070
1805 1870 3071
1354 1757 3072
1571 2011 3073
535 2003 3074
18 1111 3075
1647 1920 3076
1158 1856 3077
1303 1768 3078
858 1712 3079
2114 2117 3080
255 1752 3081
423 1920 3082
351 1987 3083
255 780 3084
1548 1646 3085
432 603 3086
490 1816 3087
962 2037 3088
267 1664 3089
309 878 3090
712 2143 3091
1332 1459 3092
91 430 3093
582 2103 3094
893 1884 3095
1842 1975 3096
35 115 3097
1355 1818 3098
454 1932 3099
664 2034 3100
1976 2114 3101
679 1153 3102
964 1980 3103
655 1942 3104
401 402 3105
400 1620 3106
316 1350 3107
648 1931 3108
662 1533 3109
784 1454 3110
1233 1817 3111
1350 1476 3112
9 16 3113
296 671 3114
311 757 3115
493 1460 3116
202 552 3117
15 871 3118
797 1061 3119
101 1135 3120
163 651 3121
464 1805 3122
81 1133 3123
112 610 3124
1972 2114 3125
2030 2041 3126
73 912 3127
558 606 3128
592 638 3129
566 1463 3130
1652 2045 3131
1872 1927 3132
995 1868 3133
461 1239 3134
84 422 3135
23 982 3136
440 2088 3137
460 973 3138
609 1455 3139
1572 2033 3140
517 589 3141
547 1129 3142
1351 1988 3143
139 1561 3144
282 628 3145
884 1345 3146
1616 2027 3147
105 1453 3148
1328 1805 3149
868 2007 3150
639 2027 3151
1255 1650 3152
1354 2085 3153
441 1460 3154
98 577 3155
1505 1514 3156
193 628 3157
867 1087 3158
557 939 3159
168 958 3160
1007 1709 3161
1458 2051 3162
552 1740 3163
50 1493 3164
75 395 3165
924 1221 3166
43 921 3167
219 481 3168
622 1028 3169
751 1273 3170
963 1708 3171
1662 1808 3172
224 1636 3173
657 1387 3174
1273 1400 3175
675 1721 3176
1160 1696 3177
1400 1822 3178
1496 2027 3179
203 1280 3180
213 1842 3181
128 302 3182
1539 2007 3183
547 1669 3184
1723 1881 3185
1773 1809 3186
110 168 3187
589 1151 3188
849 1942 3189
1575 2107 3190
498 1573 3191
775 1598 3192
943 2023 3193
1626 2041 3194
1435 1550 3195
692 2074 3196
897 1845 3197
2107 2141 3198
1694 1819 3199
490 1278 3200
623 1667 3201
309 1720 3202
1676 1871 3203
1258 1659 3204
1458 1716 3205
29 1243 3206
194 1333 3207
349 417 3208
994 1153 3209
639 714 3210
240 1198 3211
1449 2009 3212
204 430 3213
663 1326 3214
281 1839 3215
657 1277 3216
824 983 3217
1438 1842 3218
259 1333 3219
1694 1870 3220
1018 2027 3221
64 1731 3222
1377 1755 3223
1471 1884 3224
1321 1784 3225
1429 1733 3226
1134 2068 3227
50 1711 3228
98 306 3229
582 1491 3230
126 2056 3231
1153 2024 3232
1050 1790 3233
485 1008 3234
639 2049 3235
662 1765 3236
265 463 3237
1182 1668 3238
302 1476 3239
648 780 3240
177 1469 3241
751 1474 3242
998 1506 3243
1875 1914 3244
873 1884 3245
1298 1458 3246
629 1718 3247
223 1557 3248
699 1983 3249
1371 1762 3250
465 2032 3251
495 1261 3252
1372 2058 3253
1620 1958 3254
50 1818 3255
243 2041 3256
685 1188 3257
742 1013 3258
835 1520 3259
627 1377 3260
990 1186 3261
1460 1589 3262
638 1749 3263
74 1696 3264
273 1706 3265
347 979 3266
1205 1660 3267
1215 2037 3268
1431 1836 3269
1201 2032 3270
1715 1773 3271
30 1563 3272
1607 1866 3273
92 1182 3274
635 2059 3275
840 922 3276
714 1611 3277
452 2048 3278
882 1117 3279
114 1732 3280
958 1729 3281
135 752 3282
1768 1837 3283
862 1460 3284
1804 2137 3285
808 1123 3286
1404 1987 3287
38 1392 3288
190 2002 3289
566 1603 3290
615 1790 3291
651 1128 3292
520 1875 3293
566 1700 3294
1135 1326 3295
391 823 3296
1453 1578 3297
34 2007 3298
906 1463 3299
1318 1981 3300
535 1271 3301
1309 2059 3302
224 1998 3303
552 1069 3304
652 780 3305
1184 1534 3306
1732 2092 3307
174 319 3308
1110 2004 3309
1689 1759 3310
649 1576 3311
655 2007 3312
347 828 3313
821 1184 3314
838 1633 3315
1535 2009 3316
1248 1418 3317
1476 1920 3318
679 2024 3319
850 2085 3320
597 711 3321
1050 1839 3322
1600 1935 3323
1867 2048 3324
72 898 3325
289 1185 3326
423 1256 3327
920 2113 3328
1784 1957 3329
1123 2057 3330
1488 1723 3331
282 1486 3332
801 893 3333
649 1719 3334
41 2143 3335
286 1392 3336
623 682 3337
596 2107 3338
700 1997 3339
1412 1739 3340
801 873 3341
1503 1928 3342
558 719 3343
1008 1289 3344
463 1410 3345
963 1350 3346
812 1043 3347
1518 2010 3348
867 1279 3349
1439 1836 3350
257 1458 3351
1272 1439 3352
1407 1920 3353
204 559 3354
337 1382 3355
225 457 3356
273 1222 3357
281 352 3358
14 1029 3359
325 703 3360
1007 1805 3361
1506 1585 3362
947 1689 3363
1102 1581 3364
438 530 3365
464 1870 3366
535 829 3367
91 559 3368
92 1132 3369
647 1752 3370
242 1898 3371
374 703 3372
856 1857 3373
1887 2060 3374
1477 2030 3375
1845 1854 3376
702 1809 3377
1369 1910 3378
565 1318 3379
492 1460 3380
219 1212 3381
705 711 3382
1067 1153 3383
134 929 3384
591 1920 3385
649 681 3386
1046 1896 3387
997 1886 3388
1184 1868 3389
1754 2059 3390
807 2035 3391
1968 2035 3392
683 1826 3393
33 915 3394
122 1583 3395
954 1581 3396
1424 1990 3397
464 1249 3398
581 1987 3399
973 1975 3400
1486 2112 3401
1153 1561 3402
349 1887 3403
437 1676 3404
490 1526 3405
623 1030 3406
1719 1983 3407
132 1999 3408
1249 1328 3409
2084 2123 3410
283 1693 3411
1015 1678 3412
178 2072 3413
906 1603 3414
837 1186 3415
921 2034 3416
407 673 3417
628 1735 3418
712 855 3419
552 981 3420
1064 2009 3421
2034 2058 3422
1039 1768 3423
697 2079 3424
1235 1263 3425
754 947 3426
1118 1818 3427
1345 2003 3428
712 831 3429
640 2104 3430
1723 2009 3431
491 1142 3432
714 2115 3433
1397 2015 3434
152 1366 3435
967 1585 3436
1445 1721 3437
254 1305 3438
1044 1585 3439
1935 2040 3440
1945 1970 3441
55 1552 3442
1403 2124 3443
88 2002 3444
589 1262 3445
1845 1965 3446
1008 1160 3447
1689 1918 3448
51 736 3449
91 1261 3450
403 941 3451
131 1672 3452
320 1793 3453
1626 2030 3454
623 713 3455
2015 2114 3456
1286 1610 3457
622 1341 3458
871 1766 3459
877 2043 3460
1510 1880 3461
1055 1650 3462
1637 1664 3463
122 1659 3464
856 2114 3465
350 1653 3466
60 1215 3467
431 2051 3468
1017 1305 3469
1119 2107 3470
403 1556 3471
407 581 3472
562 804 3473
175 995 3474
1660 1678 3475
99 1366 3476
1092 2072 3477
1192 1371 3478
30 384 3479
49 701 3480
73 2010 3481
1339 1712 3482
741 752 3483
743 1076 3484
495 596 3485
689 1236 3486
261 1368 3487
682 973 3488
62 321 3489
1593 1752 3490
1159 2030 3491
498 1160 3492
1393 1876 3493
23 1484 3494
158 1520 3495
128 1350 3496
1397 2114 3497
662 1348 3498
299 323 3499
760 973 3500
920 1572 3501
319 1179 3502
1251 1389 3503
1309 2112 3504
96 1056 3505
409 1991 3506
850 1757 3507
1007 1103 3508
187 1258 3509
676 1020 3510
1524 2137 3511
1368 1906 3512
57 2082 3513
1004 1887 3514
1881 2009 3515
553 828 3516
790 810 3517
1429 2077 3518
464 1258 3519
495 1502 3520
257 1129 3521
812 2034 3522
1249 1709 3523
10 1417 3524
151 1187 3525
1090 1472 3526
1750 1816 3527
118 262 3528
388 1326 3529
485 1696 3530
495 2111 3531
1560 1581 3532
195 281 3533
263 1190 3534
188 1050 3535
676 1732 3536
1940 2000 3537
312 1508 3538
689 1326 3539
1703 2113 3540
1439 1712 3541
368 490 3542
152 311 3543
563 1491 3544
130 1882 3545
561 1734 3546
280 1111 3547
922 1270 3548
610 616 3549
831 1593 3550
76 2002 3551
1166 1741 3552
167 1451 3553
536 1227 3554
673 1987 3555
1190 2043 3556
1847 2032 3557
497 810 3558
107 1371 3559
1354 1366 3560
832 1268 3561
429 1569 3562
718 1019 3563
560 1009 3564
77 1914 3565
714 2064 3566
23 2142 3567
82 1422 3568
1834 1927 3569
347 553 3570
1239 2057 3571
1201 1805 3572
334 1943 3573
920 1610 3574
579 1463 3575
565 888 3576
153 1477 3577
647 1931 3578
89 1914 3579
490 2050 3580
929 1434 3581
49 802 3582
222 1736 3583
1198 1335 3584
1250 1935 3585
128 599 3586
281 1411 3587
188 1790 3588
47 2116 3589
283 977 3590
14 1802 3591
47 1838 3592
179 1257 3593
256 1381 3594
319 1425 3595
1676 2118 3596
1274 1964 3597
1301 1580 3598
714 1007 3599
219 1447 3600
935 1748 3601
1617 1935 3602
554 1664 3603
912 1518 3604
490 776 3605
474 2032 3606
903 995 3607
431 1123 3608
579 1603 3609
484 592 3610
1238 1425 3611
1474 1845 3612
35 724 3613
759 1424 3614
940 1741 3615
183 1426 3616
1052 1925 3617
616 1366 3618
990 1596 3619
635 1866 3620
1123 1490 3621
1868 1925 3622
1094 2141 3623
1375 1896 3624
124 1140 3625
1204 2108 3626
922 1680 3627
703 1376 3628
1095 1345 3629
179 1291 3630
1295 1964 3631
464 1007 3632
1358 2066 3633
1349 1617 3634
573 1192 3635
43 851 3636
1556 1562 3637
1013 1905 3638
1196 1703 3639
910 959 3640
213 1121 3641
1127 1901 3642
1400 2055 3643
984 1662 3644
153 2030 3645
1204 1656 3646
53 1916 3647
935 1382 3648
996 1090 3649
1706 1790 3650
246 1938 3651
576 816 3652
780 1753 3653
683 1340 3654
896 1243 3655
431 554 3656
657 1872 3657
160 1401 3658
257 759 3659
1505 1509 3660
23 398 3661
248 1080 3662
569 953 3663
934 1800 3664
671 999 3665
1253 1471 3666
791 1012 3667
465 1196 3668
1318 2097 3669
588 773 3670
941 1562 3671
1714 1969 3672
75 2067 3673
565 1512 3674
1032 1230 3675
2009 2026 3676
1402 1489 3677
87 1394 3678
1099 1879 3679
1496 2032 3680
2057 2060 3681
2 1029 3682
1444 1664 3683
757 1572 3684
581 1838 3685
202 557 3686
751 1822 3687
543 1930 3688
435 583 3689
1087 1279 3690
209 2139 3691
615 1350 3692
769 832 3693
831 1753 3694
211 1546 3695
639 1583 3696
189 303 3697
688 2086 3698
152 1757 3699
169 536 3700
1389 1734 3701
954 982 3702
125 641 3703
875 2006 3704
1578 1755 3705
238 506 3706
1400 2059 3707
571 1533 3708
894 1524 3709
989 1364 3710
192 1274 3711
780 919 3712
118 501 3713
1685 1988 3714
392 537 3715
958 1724 3716
683 1722 3717
223 1469 3718
485 2137 3719
559 953 3720
1145 1633 3721
533 1058 3722
865 1130 3723
1587 1818 3724
23 482 3725
452 1732 3726
421 934 3727
256 1480 3728
1761 1839 3729
395 1563 3730
428 1560 3731
552 669 3732
861 1706 3733
1006 1510 3734
557 981 3735
823 1694 3736
87 1336 3737
463 606 3738
693 804 3739
136 969 3740
814 1831 3741
947 1154 3742
856 1998 3743
958 1097 3744
624 1717 3745
915 2087 3746
257 431 3747
428 459 3748
683 2083 3749
954 1890 3750
1903 2060 3751
888 1981 3752
1091 1473 3753
1351 1685 3754
1572 1610 3755
23 615 3756
105 1832 3757
558 756 3758
309 1428 3759
554 1458 3760
444 1025 3761
1061 1198 3762
200 2131 3763
878 2042 3764
663 1236 3765
1417 1950 3766
388 475 3767
799 882 3768
211 452 3769
1010 1799 3770
256 522 3771
625 945 3772
863 2128 3773
1306 1377 3774
963 1573 3775
795 2032 3776
998 1585 3777
490 1579 3778
930 2090 3779
110 1718 3780
562 1305 3781
797 1651 3782
277 388 3783
994 1777 3784
1528 1856 3785
1186 1596 3786
1322 1326 3787
1520 1720 3788
1739 2072 3789
24 1651 3790
751 1965 3791
354 1625 3792
1777 1936 3793
1706 2130 3794
1404 1838 3795
1692 1946 3796
939 1900 3797
1746 2009 3798
1868 2017 3799
84 842 3800
1481 1739 3801
605 1234 3802
711 2078 3803
17 1016 3804
782 1842 3805
78 1735 3806
1994 2106 3807
23 944 3808
252 1839 3809
732 1192 3810
486 2084 3811
1734 1801 3812
33 1132 3813
1754 1866 3814
175 1154 3815
922 1654 3816
1073 1971 3817
1920 1962 3818
499 1294 3819
656 1636 3820
405 829 3821
1794 1819 3822
213 623 3823
1656 2108 3824
1230 1783 3825
1656 1825 3826
1076 1740 3827
1170 1931 3828
151 1211 3829
587 865 3830
1223 1858 3831
152 1345 3832
243 1477 3833
676 901 3834
1937 2119 3835
225 1215 3836
288 1195 3837
896 1266 3838
135 1102 3839
155 1888 3840
561 1251 3841
941 1556 3842
93 788 3843
882 1708 3844
495 1252 3845
1702 2035 3846
597 814 3847
148 1520 3848
546 1631 3849
871 1033 3850
910 1754 3851
1175 2045 3852
829 884 3853
1384 1644 3854
1750 2050 3855
1070 1920 3856
261 1906 3857
859 2086 3858
954 1739 3859
262 501 3860
342 2077 3861
1505 1731 3862
183 2069 3863
295 602 3864
639 1694 3865
1234 1338 3866
694 884 3867
1365 1401 3868
211 2092 3869
1709 1805 3870
392 748 3871
425 1564 3872
100 2060 3873
1 243 3874
505 1981 3875
639 1334 3876
1593 1931 3877
1383 2092 3878
1605 1633 3879
54 592 3880
94 405 3881
342 1733 3882
494 1553 3883
19 1189 3884
407 1404 3885
498 1814 3886
2092 2128 3887
946 1460 3888
1514 1584 3889
1279 1415 3890
466 1594 3891
482 1048 3892
1289 1524 3893
823 985 3894
1273 2043 3895
326 1487 3896
682 2058 3897
892 1194 3898
1779 1911 3899
1773 1874 3900
311 677 3901
1805 1989 3902
1133 1588 3903
92 601 3904
1870 1881 3905
446 751 3906
1254 1869 3907
763 1471 3908
1321 1884 3909
914 1587 3910
174 1424 3911
431 1458 3912
797 1198 3913
14 1592 3914
546 729 3915
1023 1598 3916
1261 1542 3917
2018 2082 3918
170 1335 3919
634 2086 3920
699 1020 3921
306 2105 3922
1200 1565 3923
1578 1699 3924
750 1795 3925
1073 1122 3926
302 1350 3927
712 1931 3928
959 1619 3929
1273 2018 3930
594 2045 3931
152 535 3932
1160 2137 3933
4 2086 3934
321 662 3935
892 1963 3936
1135 1236 3937
1016 1188 3938
275 2092 3939
959 1019 3940
992 1887 3941
482 982 3942
250 1331 3943
1107 1577 3944
399 1857 3945
235 2059 3946
176 2034 3947
272 388 3948
296 514 3949
1471 1590 3950
1098 2140 3951
1078 1273 3952
164 1762 3953
262 826 3954
833 1077 3955
142 1600 3956
226 2024 3957
648 855 3958
115 724 3959
820 2065 3960
111 1847 3961
514 1264 3962
1742 1950 3963
500 1012 3964
118 826 3965
778 788 3966
1461 2092 3967
917 1786 3968
337 1921 3969
1005 1225 3970
1192 2016 3971
450 1974 3972
463 774 3973
1659 1819 3974
867 1415 3975
1163 1992 3976
714 1271 3977
833 1765 3978
458 846 3979
1071 1120 3980
494 661 3981
1261 1575 3982
1659 1870 3983
523 877 3984
816 2139 3985
931 1453 3986
181 1470 3987
379 489 3988
94 1821 3989
15 1756 3990
326 637 3991
161 1121 3992
1235 1455 3993
230 1005 3994
1518 2093 3995
2068 2091 3996
171 977 3997
417 1619 3998
1426 1916 3999
1052 1184 4000
921 1344 4001
1524 1946 4002
481 845 4003
161 1149 4004
1369 1741 4005
639 1103 4006
227 1644 4007
631 1199 4008
394 928 4009
1523 1594 4010
1168 1320 4011
1744 2059 4012
1820 2092 4013
89 511 4014
510 1011 4015
1260 1992 4016
1117 1708 4017
412 856 4018
1095 1703 4019
1517 1779 4020
963 1886 4021
963 2038 4022
1258 1328 4023
311 616 4024
1800 2054 4025
363 928 4026
1022 1580 4027
834 1965 4028
566 1313 4029
770 1792 4030
1468 2059 4031
24 1986 4032
370 1230 4033
1092 1412 4034
386 1827 4035
983 1920 4036
695 1548 4037
462 619 4038
459 1560 4039
217 1792 4040
418 1948 4041
659 1013 4042
116 1357 4043
801 1837 4044
819 1957 4045
837 1596 4046
1620 2076 4047
234 2085 4048
296 1264 4049
763 893 4050
597 928 4051
1887 2036 4052
569 751 4053
184 453 4054
152 2113 4055
110 958 4056
1614 1795 4057
198 319 4058
710 1793 4059
430 559 4060
127 970 4061
263 743 4062
274 744 4063
234 1095 4064
244 995 4065
578 1112 4066
1878 1961 4067
199 1847 4068
394 711 4069
753 1247 4070
605 2088 4071
701 1042 4072
939 1160 4073
1610 1657 4074
69 153 4075
267 789 4076
1580 1647 4077
69 1679 4078
217 770 4079
912 2093 4080
1756 1766 4081
561 1519 4082
829 1821 4083
18 851 4084
163 1471 4085
237 2109 4086
884 1554 4087
1273 1822 4088
798 1312 4089
1606 2065 4090
1495 2037 4091
241 2138 4092
1309 1866 4093
403 1562 4094
485 1804 4095
314 1760 4096
165 613 4097
1184 2017 4098
1228 1846 4099
1624 1888 4100
1124 1652 4101
1143 1658 4102
775 1255 4103
858 1306 4104
325 1448 4105
295 1812 4106
419 1757 4107
216 1155 4108
73 2093 4109
713 1668 4110
728 1900 4111
1035 1178 4112
122 739 4113
1334 1870 4114
1879 1927 4115
1204 1825 4116
948 2011 4117
1616 2032 4118
411 562 4119
883 1992 4120
1638 1950 4121
805 1011 4122
170 1925 4123
683 1657 4124
1828 1863 4125
5 1026 4126
1245 1670 4127
232 898 4128
1476 1708 4129
1676 2078 4130
560 1461 4131
1010 1941 4132
954 1259 4133
757 1392 4134
569 1273 4135
575 806 4136
614 1579 4137
116 2086 4138
1699 1739 4139
651 1471 4140
169 703 4141
1122 2101 4142
731 804 4143
115 2075 4144
657 1834 4145
736 1075 4146
56 1182 4147
363 1276 4148
787 1644 4149
986 1063 4150
1825 1967 4151
328 1919 4152
1380 1584 4153
461 1916 4154
1458 1664 4155
1079 1116 4156
135 1409 4157
417 1551 4158
929 1681 4159
1467 1856 4160
942 1506 4161
1033 1756 4162
972 1489 4163
1544 2092 4164
494 2020 4165
982 1890 4166
1257 1291 4167
23 1390 4168
39 1914 4169
704 1314 4170
24 326 4171
1744 1866 4172
642 892 4173
1063 1727 4174
484 1948 4175
1514 1539 4176
1236 1326 4177
90 1827 4178
1280 1856 4179
170 357 4180
659 1905 4181
815 2037 4182
1255 1598 4183
551 643 4184
611 940 4185
1185 1391 4186
569 1822 4187
302 484 4188
1975 2058 4189
212 2011 4190
1117 2018 4191
19 577 4192
669 1884 4193
866 1902 4194
270 1176 4195
1463 1700 4196
1107 1897 4197
678 2011 4198
1501 1884 4199
84 1665 4200
1314 1387 4201
1405 1947 4202
1513 1664 4203
1101 1779 4204
1171 1532 4205
1490 2009 4206
494 1395 4207
1479 1818 4208
1635 1757 4209
784 1514 4210
457 1215 4211
247 608 4212
1019 1669 4213
615 1940 4214
863 1544 4215
1519 1734 4216
799 1708 4217
1275 1435 4218
634 1232 4219
1249 1805 4220
1713 1970 4221
926 2128 4222
754 1194 4223
955 2127 4224
1100 1126 4225
1479 2079 4226
257 665 4227
906 1700 4228
714 1258 4229
1355 2079 4230
650 1344 4231
709 1705 4232
398 1390 4233
278 1895 4234
445 2006 4235
1753 1931 4236
858 982 4237
1277 1314 4238
1258 1709 4239
285 418 4240
1195 1941 4241
652 1012 4242
1957 2082 4243
695 1646 4244
25 904 4245
956 1986 4246
1178 1231 4247
905 1661 4248
28 1120 4249
926 1544 4250
953 1984 4251
569 2043 4252
1224 1965 4253
97 1953 4254
1059 1378 4255
233 1034 4256
313 2085 4257
474 1870 4258
1518 2096 4259
1023 1255 4260
44 149 4261
715 717 4262
10 1950 4263
319 339 4264
414 690 4265
1485 1575 4266
535 850 4267
139 1373 4268
316 1814 4269
1251 1519 4270
1108 1628 4271
214 1625 4272
897 1474 4273
1443 1796 4274
128 1708 4275
1657 1887 4276
394 1622 4277
1875 1977 4278
1344 2034 4279
1067 1896 4280
214 798 4281
235 1866 4282
146 559 4283
626 1922 4284
172 446 4285
343 1894 4286
1370 2137 4287
1820 2030 4288
246 869 4289
316 1200 4290
910 1190 4291
1799 1941 4292
182 1807 4293
1366 1703 4294
394 1276 4295
1568 2085 4296
138 173 4297
361 749 4298
765 2060 4299
1268 1924 4300
1398 1514 4301
667 1583 4302
28 202 4303
308 716 4304
699 1477 4305
921 1289 4306
18 1030 4307
792 1643 4308
1478 1615 4309
106 255 4310
691 1850 4311
1229 2060 4312
617 870 4313
855 1753 4314
1069 1426 4315
344 1875 4316
1313 1603 4317
168 648 4318
933 2011 4319
1611 2032 4320
887 1480 4321
1780 2060 4322
112 152 4323
148 271 4324
133 1202 4325
1019 1053 4326
699 2041 4327
50 879 4328
100 185 4329
414 1466 4330
612 929 4331
1785 2060 4332
1121 1667 4333
305 580 4334
759 1129 4335
759 1980 4336
1321 1740 4337
1714 1859 4338
256 887 4339
509 711 4340
657 1879 4341
1988 2086 4342
1201 1258 4343
1280 2109 4344
1915 2047 4345
1171 1995 4346
1319 1453 4347
48 1192 4348
0 177 4349
188 2000 4350
1346 1723 4351
615 1476 4352
616 1568 4353
894 1946 4354
185 789 4355
169 1227 4356
323 1924 4357
357 1925 4358
566 1181 4359
608 621 4360
460 1057 4361
629 1593 4362
986 1727 4363
1053 1181 4364
1512 1981 4365
914 1045 4366
380 1993 4367
1219 2065 4368
10 1742 4369
286 1568 4370
1018 2032 4371
2069 2103 4372
994 1837 4373
584 679 4374
818 2090 4375
899 1824 4376
216 1835 4377
1310 1563 4378
1350 1708 4379
1832 1853 4380
9 2108 4381
519 2004 4382
263 1619 4383
90 386 4384
538 1851 4385
1754 2112 4386
848 913 4387
264 1100 4388
1209 1934 4389
981 1414 4390
906 1313 4391
1417 1742 4392
292 1036 4393
699 1626 4394
114 2128 4395
348 531 4396
475 925 4397
763 1837 4398
968 1374 4399
1304 2099 4400
196 315 4401
539 2087 4402
1201 1249 4403
555 1324 4404
158 835 4405
698 925 4406
559 719 4407
422 911 4408
417 1667 4409
928 1274 4410
469 1297 4411
576 2139 4412
1603 1700 4413
1527 1993 4414
815 1594 4415
40 1072 4416
530 1133 4417
1298 1743 4418
1355 1940 4419
91 719 4420
1845 1957 4421
431 836 4422
1141 1521 4423
392 2006 4424
352 1761 4425
522 1480 4426
851 1107 4427
1488 2009 4428
658 1703 4429
1560 1755 4430
814 1873 4431
825 1612 4432
1184 1899 4433
766 911 4434
871 1608 4435
1002 1541 4436
223 1949 4437
501 1697 4438
639 1659 4439
718 1669 4440
427 1668 4441
1239 1916 4442
876 1890 4443
451 478 4444
743 763 4445
1823 1866 4446
940 1320 4447
617 696 4448
684 915 4449
66 1907 4450
883 1260 4451
1571 1848 4452
1858 1859 4453
1314 1896 4454
825 1683 4455
1341 2011 4456
114 2048 4457
1524 1692 4458
1544 1679 4459
365 2086 4460
1823 2059 4461
262 1697 4462
338 1797 4463
716 2028 4464
636 1014 4465
666 1544 4466
962 1676 4467
923 1885 4468
1354 1703 4469
906 1181 4470
270 1820 4471
1384 1706 4472
1546 2048 4473
1822 2043 4474
1244 1525 4475
112 1354 4476
794 2057 4477
855 2136 4478
898 1441 4479
1046 1375 4480
223 1269 4481
46 1164 4482
1059 1939 4483
877 910 4484
416 1779 4485
677 1703 4486
740 1014 4487
841 1952 4488
936 1682 4489
471 947 4490
234 1757 4491
1584 1731 4492
322 1378 4493
85 618 4494
220 1391 4495
891 1314 4496
62 1348 4497
1008 1370 4498
600 2032 4499
768 1406 4500
213 2058 4501
1715 1809 4502
569 2055 4503
1491 2069 4504
1812 1813 4505
1594 2044 4506
501 826 4507
584 590 4508
1189 1767 4509
1395 1890 4510
0 2008 4511
1638 1960 4512
842 911 4513
724 879 4514
509 928 4515
921 1043 4516
268 1956 4517
1350 1948 4518
206 1951 4519
1043 2034 4520
349 832 4521
15 1766 4522
386 1302 4523
1513 2060 4524
1282 1954 4525
814 2042 4526
1481 1578 4527
255 958 4528
877 2002 4529
1344 1804 4530
453 1782 4531
285 1948 4532
363 1622 4533
535 694 4534
835 1720 4535
1046 1966 4536
826 1697 4537
1704 2092 4538
1330 1405 4539
446 493 4540
1117 2086 4541
1496 1847 4542
844 1184 4543
1716 2060 4544
753 1803 4545
535 1703 4546
1149 1364 4547
9 1967 4548
1809 1874 4549
1544 2030 4550
617 1547 4551
122 1496 4552
1176 2030 4553
325 1632 4554
845 1447 4555
660 2091 4556
441 1212 4557
465 1703 4558
586 1913 4559
265 1410 4560
226 493 4561
1290 2110 4562
739 2032 4563
1389 1519 4564
1597 2046 4565
163 893 4566
265 630 4567
344 378 4568
727 1779 4569
1251 1801 4570
152 1392 4571
1037 1840 4572
325 548 4573
916 2032 4574
1222 1384 4575
593 881 4576
1191 1329 4577
1130 1733 4578
1917 2073 4579
168 919 4580
870 1547 4581
232 722 4582
446 819 4583
1263 1455 4584
1424 1458 4585
307 948 4586
736 1342 4587
483 1966 4588
554 2071 4589
1018 1929 4590
1729 1753 4591
1258 1805 4592
834 2002 4593
599 799 4594
1314 1872 4595
1499 1779 4596
1724 1753 4597
74 1804 4598
859 1232 4599
889 1741 4600
226 410 4601
1830 1909 4602
411 738 4603
396 796 4604
981 1076 4605
550 1287 4606
639 2032 4607
903 1478 4608
172 493 4609
294 2018 4610
430 1484 4611
416 442 4612
705 1152 4613
732 1012 4614
1033 1766 4615
521 1889 4616
595 929 4617
666 2128 4618
657 1927 4619
80 390 4620
929 1341 4621
586 1478 4622
1053 1669 4623
67 467 4624
1559 1728 4625
202 1160 4626
349 444 4627
525 1381 4628
1496 1888 4629
676 1820 4630
763 1590 4631
770 1298 4632
873 1471 4633
850 1345 4634
1568 2033 4635
28 1462 4636
651 1590 4637
873 1253 4638
1098 1595 4639
546 2018 4640
696 870 4641
705 1622 4642
114 1544 4643
270 1544 4644
963 2118 4645
1383 2030 4646
1400 1866 4647
1743 1774 4648
11 30 4649
1496 1624 4650
136 605 4651
376 1434 4652
498 2118 4653
266 980 4654
309 1433 4655
629 647 4656
705 928 4657
808 2056 4658
319 1214 4659
325 1852 4660
415 1992 4661
288 1941 4662
1330 1612 4663
220 1099 4664
957 2001 4665
284 310 4666
1649 1828 4667
1702 1856 4668
118 1697 4669
646 937 4670
1152 1274 4671
270 932 4672
699 2030 4673
1330 1915 4674
1268 1416 4675
2005 2061 4676
264 772 4677
479 1698 4678
1642 1737 4679
969 2034 4680
1268 1975 4681
1381 1480 4682
258 1598 4683
422 1665 4684
211 1983 4685
280 650 4686
1613 1644 4687
547 2071 4688
211 2003 4689
1360 1982 4690
963 1814 4691
579 1700 4692
251 456 4693
176 1810 4694
1849 2092 4695
1083 1434 4696
597 1276 4697
790 1285 4698
367 991 4699
511 1275 4700
1345 1354 4701
452 901 4702
699 1576 4703
42 1287 4704
1565 2044 4705
157 433 4706
211 270 4707
1386 2060 4708
69 699 4709
168 1170 4710
304 1639 4711
741 1102 4712
880 1837 4713
1385 1426 4714
102 372 4715
289 1483 4716
51 1300 4717
1226 2083 4718
902 931 4719
1561 2024 4720
266 1949 4721
1123 1774 4722
323 1265 4723
1355 1479 4724
757 1568 4725
122 1888 4726
16 1076 4727
363 1152 4728
1259 1363 4729
1353 1934 4730
2093 2096 4731
1054 1160 4732
943 1620 4733
146 719 4734
199 1929 4735
963 1274 4736
279 1051 4737
886 1649 4738
1732 2022 4739
549 561 4740
762 2040 4741
416 1517 4742
1152 1276 4743
1152 1622 4744
2030 2128 4745
287 895 4746
32 901 4747
201 1690 4748
246 713 4749
542 1203 4750
1077 1765 4751
1273 2055 4752
646 830 4753
759 1779 4754
1163 1260 4755
68 1511 4756
607 1014 4757
27 588 4758
389 1938 4759
1056 1720 4760
1181 1603 4761
1075 1300 4762
1167 2030 4763
1106 1924 4764
1590 1674 4765
724 1711 4766
31 1421 4767
474 1888 4768
488 1311 4769
781 1955 4770
535 616 4771
1289 1344 4772
264 1150 4773
986 2062 4774
317 476 4775
349 789 4776
111 1611 4777
498 1396 4778
878 1989 4779
659 867 4780
1210 1777 4781
255 1753 4782
720 2020 4783
982 2142 4784
155 2115 4785
210 1120 4786
1099 1927 4787
1720 1843 4788
553 1747 4789
493 1745 4790
1060 1779 4791
1578 1623 4792
1788 2017 4793
646 1977 4794
243 2022 4795
1259 1890 4796
1106 1268 4797
2010 2096 4798
1208 1663 4799
606 774 4800
610 1568 4801
1818 2100 4802
1576 1759 4803
978 1829 4804
1278 1512 4805
1173 1722 4806
1258 1881 4807
1345 2123 4808
494 556 4809
811 1581 4810
510 620 4811
1054 1860 4812
269 1096 4813
751 2055 4814
1476 1779 4815
1100 1150 4816
208 892 4817
2010 2093 4818
845 862 4819
755 1725 4820
1420 1590 4821
147 802 4822
99 1095 4823
1245 2126 4824
708 851 4825
280 605 4826
819 2002 4827
484 1476 4828
737 1590 4829
1616 1659 4830
137 1426 4831
493 1434 4832
1161 1308 4833
1151 1262 4834
1777 1819 4835
1007 1881 4836
1242 1964 4837
1414 2108 4838
884 1826 4839
1266 1812 4840
724 2075 4841
911 1144 4842
1024 2020 4843
938 2018 4844
211 1020 4845
268 857 4846
155 474 4847
737 1832 4848
1715 1874 4849
122 1847 4850
815 1964 4851
273 1944 4852
911 1665 4853
1695 1983 4854
694 829 4855
122 987 4856
73 1361 4857
377 2096 4858
763 873 4859
915 1973 4860
2035 2086 4861
270 1704 4862
772 1150 4863
1560 1765 4864
146 2103 4865
956 1565 4866
969 2045 4867
1822 2055 4868
415 1163 4869
380 803 4870
1113 1964 4871
1289 2045 4872
1575 1939 4873
74 534 4874
161 1364 4875
1129 1517 4876
111 1870 4877
1655 2018 4878
878 1099 4879
586 1615 4880
324 1964 4881
917 1912 4882
810 1285 4883
1314 1927 4884
1067 2024 4885
1479 1940 4886
29 908 4887
136 427 4888
1117 1232 4889
584 1543 4890
1060 1129 4891
218 597 4892
309 698 4893
763 1253 4894
142 1452 4895
265 1081 4896
382 2088 4897
912 2096 4898
669 1531 4899
112 850 4900
1160 1860 4901
416 434 4902
211 2041 4903
111 1007 4904
865 1156 4905
988 1821 4906
1133 1396 4907
178 811 4908
89 520 4909
183 743 4910
266 1269 4911
969 1494 4912
1129 1424 4913
1854 1965 4914
105 726 4915
650 2034 4916
123 2050 4917
223 1173 4918
737 1253 4919
928 1622 4920
602 1812 4921
257 1855 4922
1944 2130 4923
2018 2055 4924
1173 1366 4925
893 1471 4926
954 1623 4927
1075 1865 4928
1109 1996 4929
1679 2128 4930
1068 1979 4931
1194 1936 4932
1467 1536 4933
958 1753 4934
830 1977 4935
1066 1160 4936
766 1665 4937
142 733 4938
769 1106 4939
965 1821 4940
1008 1218 4941
154 1566 4942
1185 1478 4943
53 1787 4944
310 2073 4945
551 1462 4946
779 2060 4947
653 1492 4948
782 2058 4949
811 1681 4950
329 1033 4951
657 1314 4952
711 928 4953
324 1836 4954
579 1313 4955
1490 2056 4956
541 2065 4957
745 1183 4958
1477 2022 4959
639 1624 4960
1485 1939 4961
597 1622 4962
1214 1590 4963
897 1003 4964
1477 2048 4965
358 1677 4966
705 1276 4967
129 953 4968
882 1751 4969
1516 1925 4970
141 892 4971
1392 1703 4972
728 939 4973
1125 2079 4974
597 1217 4975
277 1131 4976
1544 1983 4977
721 1616 4978
1180 2032 4979
1531 1998 4980
1123 2056 4981
115 408 4982
185 1785 4983
2043 2055 4984
1020 1544 4985
1146 1964 4986
1568 2113 4987
1774 2056 4988
919 1724 4989
1704 2030 4990
507 2065 4991
893 1590 4992
881 1437 4993
1243 1266 4994
393 1515 4995
498 1871 4996
516 813 4997
757 1635 4998
203 1319 4999
51 1865 5000
1330 1947 5001
1565 1984 5002
318 1544 5003
650 1289 5004
1352 1903 5005
974 1060 5006
330 872 5007
1086 1395 5008
1242 2037 5009
966 1194 5010
1664 1666 5011
122 1841 5012
373 1993 5013
782 1157 5014
1320 1733 5015
858 927 5016
1385 1571 5017
1893 1959 5018
1414 1967 5019
394 1152 5020
1247 1803 5021
6 714 5022
223 2123 5023
446 2082 5024
163 1590 5025
1679 1820 5026
1750 1904 5027
583 946 5028
981 1078 5029
614 1174 5030
1621 2090 5031
28 1701 5032
835 1843 5033
1727 2062 5034
645 1384 5035
713 2005 5036
644 1846 5037
896 1912 5038
1463 2050 5039
136 708 5040
1820 1867 5041
661 1395 5042
430 1105 5043
992 1004 5044
1571 1667 5045
155 600 5046
211 2030 5047
420 962 5048
751 1957 5049
854 1957 5050
1359 1926 5051
273 645 5052
325 1031 5053
1062 1964 5054
1586 2063 5055
1317 1546 5056
710 1239 5057
387 974 5058
1379 1578 5059
1845 2002 5060
1873 2058 5061
1167 1679 5062
161 782 5063
1384 1631 5064
323 1416 5065
969 1111 5066
291 516 5067
498 1242 5068
680 1708 5069
1240 1480 5070
694 1554 5071
1253 1420 5072
431 473 5073
1179 1517 5074
630 1096 5075
892 1645 5076
739 1888 5077
1148 1828 5078
539 1372 5079
658 1196 5080
1356 1389 5081
1517 1911 5082
969 1344 5083
110 919 5084
597 1877 5085
1085 1161 5086
1777 2014 5087
359 2032 5088
993 1096 5089
1054 2134 5090
134 1540 5091
1129 1779 5092
1546 1732 5093
35 2075 5094
105 1316 5095
789 1507 5096
601 1924 5097
1420 1471 5098
1001 1399 5099
89 344 5100
789 1213 5101
1093 1408 5102
1546 1704 5103
892 1738 5104
1578 1681 5105
1273 2109 5106
902 1604 5107
1611 1805 5108
89 1885 5109
584 1046 5110
1313 1700 5111
676 1704 5112
892 1684 5113
1064 1352 5114
1553 1623 5115
275 1679 5116
57 975 5117
467 2051 5118
666 2048 5119
1288 1289 5120
203 272 5121
1242 1594 5122
154 1361 5123
1218 2137 5124
632 866 5125
750 983 5126
1051 1639 5127
1220 2003 5128
963 1871 5129
2048 2092 5130
231 785 5131
729 1384 5132
1024 1598 5133
220 1816 5134
280 1344 5135
1494 1529 5136
80 1442 5137
122 1271 5138
2041 2048 5139
694 1821 5140
1210 1936 5141
718 1053 5142
1181 1463 5143
1983 2048 5144
1456 1951 5145
725 919 5146
829 1554 5147
213 921 5148
296 2059 5149
1246 1586 5150
1313 1463 5151
909 1168 5152
690 1466 5153
969 1124 5154
1714 1892 5155
1181 1669 5156
746 1179 5157
854 2002 5158
381 1462 5159
928 2078 5160
435 1296 5161
1704 2003 5162
205 1707 5163
1428 1498 5164
714 987 5165
1679 1704 5166
1271 1703 5167
1558 2122 5168
1727 2098 5169
322 813 5170
793 1373 5171
1181 1700 5172
1482 2086 5173
599 1708 5174
1603 2050 5175
2030 2048 5176
566 2050 5177
163 1253 5178
535 1315 5179
632 1147 5180
419 1635 5181
561 1801 5182
741 2089 5183
521 953 5184
512 1549 5185
1162 2060 5186
730 1564 5187
1018 1624 5188
1177 1276 5189
893 1253 5190
529 2071 5191
1065 1242 5192
1074 1320 5193
1280 1319 5194
766 1144 5195
1209 1826 5196
1054 1066 5197
1465 1903 5198
484 2100 5199
864 1832 5200
1324 1464 5201
1700 2050 5202
512 822 5203
1280 1862 5204
481 1413 5205
483 1375 5206
808 1774 5207
2032 2115 5208
69 2022 5209
708 1908 5210
1704 1867 5211
211 1704 5212
71 879 5213
1222 2100 5214
1612 2047 5215
340 1321 5216
435 946 5217
818 2118 5218
895 1373 5219
739 1496 5220
1144 1665 5221
928 1276 5222
1160 2118 5223
1103 1258 5224
910 2043 5225
443 586 5226
427 605 5227
68 215 5228
679 1482 5229
739 987 5230
324 515 5231
332 1046 5232
1099 2042 5233
1576 2048 5234
1103 1870 5235
310 397 5236
1545 2081 5237
8 2021 5238
153 2048 5239
1020 1704 5240
1049 1940 5241
737 864 5242
953 2059 5243
1463 1904 5244
512 2081 5245
962 2039 5246
446 1003 5247
548 1345 5248
202 1462 5249
758 817 5250
316 1871 5251
604 1337 5252
832 1975 5253
1389 1801 5254
1066 2134 5255
604 1041 5256
273 857 5257
1295 1565 5258
789 1513 5259
411 1769 5260
2118 2137 5261
185 1213 5262
418 1350 5263
452 1695 5264
1200 1242 5265
211 1679 5266
211 1820 5267
680 882 5268
966 1660 5269
718 1181 5270
862 1903 5271
1237 1837 5272
270 2048 5273
722 1347 5274
918 1307 5275
1200 1763 5276
345 1274 5277
906 2050 5278
843 1345 5279
658 1366 5280
711 1622 5281
1732 1867 5282
736 1300 5283
162 969 5284
809 1159 5285
1274 2132 5286
630 1041 5287
513 1640 5288
737 873 5289
1476 2100 5290
317 418 5291
357 1391 5292
123 1904 5293
1609 1671 5294
345 509 5295
1177 1622 5296
605 1494 5297
1314 1834 5298
752 1102 5299
1626 1732 5300
759 1060 5301
1908 2013 5302
808 2095 5303
204 1343 5304
1007 1258 5305
1979 2125 5306
277 1856 5307
414 962 5308
872 2031 5309
694 1196 5310
1019 1181 5311
1345 1635 5312
1664 2071 5313
1841 2032 5314
1049 1644 5315
1704 1983 5316
204 585 5317
443 1185 5318
474 639 5319
953 1866 5320
1003 1965 5321
1345 1826 5322
852 1446 5323
1224 2002 5324
1049 1118 5325
1185 1615 5326
267 2071 5327
604 1283 5328
651 1253 5329
579 1181 5330
897 1965 5331
937 1977 5332
1359 1775 5333
83 1853 5334
1626 2048 5335
183 950 5336
1065 1200 5337
897 1957 5338
1004 2036 5339
1388 1840 5340
1066 2118 5341
1375 1966 5342
228 1573 5343
711 1152 5344
1710 1758 5345
931 2129 5346
382 969 5347
345 2088 5348
452 1197 5349
759 2080 5350
661 1623 5351
1054 2118 5352
1271 1496 5353
1328 1616 5354
1366 1635 5355
1411 1940 5356
1458 2071 5357
1891 2025 5358
1003 1474 5359
345 2078 5360
439 1567 5361
1635 2003 5362
1786 1912 5363
836 1384 5364
669 1856 5365
345 1877 5366
234 1345 5367
363 1177 5368
404 832 5369
1904 2050 5370
452 1820 5371
836 1513 5372
1888 2115 5373
204 1082 5374
483 1046 5375
1537 1966 5376
632 1862 5377
743 1619 5378
725 1963 5379
711 1276 5380
971 1777 5381
597 1177 5382
1003 2018 5383
714 1870 5384
708 969 5385
1148 1781 5386
962 1054 5387
1314 1879 5388
1428 1989 5389
1194 1864 5390
1635 2113 5391
535 1645 5392
953 2055 5393
698 795 5394
1463 1743 5395
1871 2053 5396
737 1853 5397
1820 2048 5398
1258 2027 5399
739 1271 5400
449 842 5401
822 2081 5402
910 953 5403
321 961 5404
1243 1904 5405
843 1194 5406
318 2048 5407
990 1912 5408
408 1138 5409
1603 1904 5410
332 1966 5411
204 2013 5412
509 1152 5413
764 1791 5414
1957 1965 5415
579 2050 5416
79 953 5417
987 1888 5418
1700 1904 5419
598 1457 5420
210 1071 5421
799 1350 5422
1062 1347 5423
928 1177 5424
1586 1673 5425
882 1350 5426
512 1545 5427
642 1989 5428
988 1362 5429
273 2130 5430
509 1177 5431
324 457 5432
862 1513 5433
1854 2002 5434
1504 1567 5435
772 842 5436
1102 1409 5437
965 1345 5438
394 1177 5439
404 2133 5440
2022 2048 5441
1118 1125 5442
345 382 5443
639 1258 5444
820 1640 5445
566 1904 5446
1908 2034 5447
1084 2025 5448
705 1177 5449
881 1507 5450
183 1069 5451
2031 2094 5452
2051 2071 5453
1038 1361 5454
69 1732 5455
1990 2071 5456
579 1904 5457
1474 1965 5458
795 1616 5459
1071 1385 5460
726 1280 5461
928 1152 5462
332 1537 5463
1350 2038 5464
436 690 5465
1688 1846 5466
672 1833 5467
1616 1709 5468
1732 1820 5469
1599 1623 5470
264 842 5471
1361 1673 5472
1007 2027 5473
535 1362 5474
850 1366 5475
1196 1362 5476
554 2134 5477
644 1688 5478
163 873 5479
1679 1732 5480
408 545 5481
857 2100 5482
1931 1963 5483
1474 1957 5484
901 1626 5485
1069 1071 5486
383 2094 5487
452 1704 5488
1102 1296 5489
1275 1357 5490
1814 1871 5491
1298 1303 5492
1218 1804 5493
474 1624 5494
197 1041 5495
822 1545 5496
1152 1177 5497
776 1853 5498
1623 2029 5499
822 2094 5500
1870 2027 5501
534 1494 5502
1152 2078 5503
963 1152 5504
383 1350 5505
1041 1492 5506
345 1494 5507
534 1350 5508
1477 1695 5509
950 1069 5510
1574 2078 5511
461 1497 5512
1102 1758 5513
1704 2048 5514
1732 2048 5515
961 1648 5516
496 1350 5517
297 332 5518
1186 1912 5519
2031 2081 5520
822 2031 5521
336 1870 5522
698 1328 5523
1704 1732 5524
882 1494 5525
1350 2116 5526
639 1007 5527
1046 1907 5528
1295 2044 5529
1391 1816 5530
1545 2031 5531
1078 1494 5532
1350 2039 5533
332 1375 5534
1616 1870 5535
1076 1494 5536
1637 2071 5537
953 1889 5538
1001 1041 5539
1115 1216 5540
962 2078 5541
1303 1988 5542
437 1350 5543
1096 1545 5544
1704 2041 5545
726 1497 5546
1444 2071 5547
1695 2022 5548
1350 1751 5549
699 2048 5550
906 1904 5551
1695 2041 5552
2081 2094 5553
58 779 5554
1319 1856 5555
317 1357 5556
1391 2080 5557
853 1871 5558
1114 1673 5559
316 1494 5560
1138 1357 5561
1181 1904 5562
837 1912 5563
658 1392 5564
962 1350 5565
942 1285 5566
1477 2092 5567
474 1271 5568
1774 1963 5569
698 1709 5570
1494 2088 5571
2078 2118 5572
1673 1710 5573
467 1507 5574
873 1420 5575
1271 1645 5576
1293 1771 5577
699 1732 5578
1576 1820 5579
1965 2002 5580
1065 1573 5581
1494 1862 5582
820 1606 5583
1258 1870 5584
1870 2032 5585
1020 2048 5586
1457 2102 5587
1316 1916 5588
1497 1916 5589
1956 2130 5590
74 1494 5591
708 1494 5592
1362 1576 5593
168 1963 5594
1357 2019 5595
1496 2115 5596
1688 1791 5597
1303 1357 5598
1271 2032 5599
769 1975 5600
1078 2134 5601
1303 2035 5602
1596 1912 5603
699 1167 5604
1099 1314 5605
1684 1963 5606
711 1177 5607
786 1856 5608
1181 2050 5609
1540 1589 5610
983 2118 5611
953 1641 5612
694 1345 5613
942 1585 5614
1194 1826 5615
842 1144 5616
1704 2022 5617
1216 1730 5618
698 1805 5619
1313 2050 5620
987 2032 5621
1139 1582 5622
1392 1635 5623
1375 1907 5624
653 1041 5625
698 1989 5626
850 2113 5627
1069 1385 5628
1675 1916 5629
950 1385 5630
688 1303 5631
1545 2094 5632
1138 1811 5633
1181 1313 5634
1477 1704 5635
1576 1704 5636
782 921 5637
961 1293 5638
1679 2048 5639
1007 2032 5640
1003 1957 5641
1167 2048 5642
1362 1904 5643
1753 1963 5644
1292 1295 5645
1391 1815 5646
1065 1814 5647
873 1165 5648
1357 1844 5649
1507 2071 5650
1007 1616 5651
1232 1303 5652
853 1814 5653
1303 2086 5654
1271 1315 5655
1313 1904 5656
1049 2100 5657
1102 1673 5658
1450 2071 5659
116 1303 5660
723 1049 5661
971 1637 5662
1814 2118 5663
1258 1624 5664
1350 1892 5665
873 893 5666
699 901 5667
1138 1621 5668
1177 2116 5669
859 1303 5670
1573 1871 5671
699 1695 5672
722 1062 5673
1293 1688 5674
651 873 5675
1303 1482 5676
1076 2134 5677
1054 1350 5678
698 1963 5679
942 1137 5680
963 2078 5681
1494 1708 5682
1162 1262 5683
942 2071 5684
1007 1870 5685
690 1350 5686
776 1062 5687
1258 2032 5688
1344 1494 5689
1724 1963 5690
1538 1963 5691
765 1260 5692
1152 1350 5693
1576 1732 5694
1476 2078 5695
1477 1679 5696
1271 2027 5697
1350 2118 5698
921 1494 5699
1177 1350 5700
1350 2078 5701
