687 953 1
687 1768 2
113 687 3
687 1400 4
953 1400 5
1403 1630 6
86 267 7
300 952 8
190 687 9
144 687 10
953 1754 11
67 86 12
552 557 13
1602 1972 14
300 356 15
953 1309 16
687 1430 17
440 468 18
1630 1972 19
86 1444 20
67 267 21
300 1772 22
1403 1972 23
356 952 24
86 1450 25
417 557 26
300 502 27
635 1468 28
952 1772 29
1432 2052 30
86 529 31
924 1454 32
86 547 33
687 1104 34
687 1744 35
1768 1896 36
635 687 37
113 827 38
687 1468 39
687 1158 40
267 529 41
1630 2117 42
687 827 43
714 2027 44
113 144 45
1403 1976 46
267 547 47
502 952 48
1403 2117 49
113 1768 50
1630 1976 51
1403 1602 52
1602 1630 53
267 1450 54
3 86 55
86 1990 56
267 1444 57
356 1772 58
1104 1432 59
635 953 60
417 552 61
1976 2117 62
502 1772 63
341 687 64
518 1403 65
924 2007 66
529 547 67
65 714 68
1104 2052 69
300 1806 70
67 529 71
190 1768 72
687 1500 73
635 1744 74
113 1158 75
417 1400 76
687 1823 77
686 1768 78
687 1754 79
67 547 80
341 1430 81
1468 1744 82
67 1450 83
1454 2007 84
191 300 85
267 1990 86
557 1602 87
952 1806 88
1454 1942 89
67 1444 90
953 1468 91
532 1768 92
468 623 93
356 477 94
529 1444 95
4 687 96
391 2027 97
557 856 98
953 2043 99
468 589 100
924 1942 101
76 190 102
1772 1806 103
440 623 104
686 1432 105
224 557 106
356 502 107
3 267 108
86 1637 109
953 1744 110
2027 2049 111
86 1716 112
113 1104 113
518 1630 114
714 2032 115
113 686 116
503 1104 117
686 2052 118
503 686 119
2027 2032 120
1284 1972 121
203 557 122
529 1637 123
86 2051 124
235 687 125
300 1205 126
191 952 127
529 1450 128
113 503 129
687 1309 130
267 1637 131
86 100 132
847 2092 133
827 1104 134
1241 2135 135
1972 2117 136
952 1205 137
985 1659 138
1444 1450 139
203 1400 140
502 1806 141
1309 1754 142
88 687 143
67 1990 144
827 1768 145
1103 2027 146
687 1528 147
687 783 148
1103 1694 149
1400 1468 150
300 1776 151
547 1444 152
1468 1823 153
1602 2117 154
191 502 155
113 1432 156
1972 1976 157
589 953 158
635 1400 159
1400 2043 160
3 1444 161
191 356 162
65 2027 163
1284 1630 164
86 1229 165
267 2051 166
144 1768 167
1284 1403 168
140 365 169
144 1104 170
477 502 171
547 1450 172
1440 2027 173
1284 1602 174
714 1440 175
3 67 176
3 1229 177
300 568 178
557 1078 179
190 819 180
356 568 181
1103 1659 182
119 121 183
468 1842 184
86 1386 185
113 2052 186
356 1205 187
235 953 188
235 1468 189
1942 2007 190
100 267 191
959 1400 192
985 2049 193
100 529 194
144 827 195
502 1776 196
714 1103 197
144 686 198
65 1694 199
1768 1988 200
145 1768 201
1104 1158 202
1158 1768 203
1602 1976 204
113 1500 205
140 480 206
686 827 207
356 1806 208
3 529 209
267 1716 210
1243 1768 211
67 1637 212
547 1637 213
3 1450 214
140 335 215
1104 1768 216
116 365 217
952 1776 218
1284 2117 219
1444 1990 220
840 976 221
1284 1976 222
108 140 223
300 1978 224
985 1334 225
635 1823 226
1659 1694 227
1400 1744 228
547 942 229
224 1602 230
1679 2092 231
108 1768 232
468 2058 233
108 145 234
4 1768 235
300 1923 236
714 985 237
1450 1990 238
1334 2027 239
235 635 240
529 942 241
190 2082 242
191 527 243
65 2049 244
1400 1754 245
3 1386 246
3 1716 247
270 2092 248
687 854 249
568 952 250
570 1768 251
1744 1823 252
356 1776 253
687 1224 254
67 2051 255
552 1078 256
953 1823 257
86 1513 258
623 1842 259
300 1193 260
65 1659 261
547 1990 262
831 855 263
65 1440 264
865 2135 265
335 365 266
300 847 267
687 834 268
1500 1768 269
952 1978 270
114 2092 271
529 1513 272
859 1768 273
120 654 274
3 547 275
477 952 276
686 1158 277
518 1972 278
163 557 279
714 1659 280
783 1768 281
1397 2114 282
502 568 283
502 2030 284
300 477 285
1229 1716 286
417 953 287
1309 1400 288
847 952 289
3 1990 290
203 417 291
249 1430 292
267 1513 293
108 365 294
1284 1397 295
356 1978 296
1430 1972 297
590 686 298
865 1241 299
1430 1602 300
46 503 301
300 1678 302
502 847 303
224 1972 304
356 527 305
1103 2049 306
952 1923 307
1206 2049 308
224 1630 309
113 207 310
145 365 311
28 557 312
235 1400 313
1229 1386 314
4 365 315
270 847 316
529 1990 317
686 1104 318
502 1205 319
529 1716 320
552 856 321
675 686 322
116 335 323
191 1772 324
440 609 325
4 145 326
952 1193 327
1440 2049 328
86 1507 329
557 2109 330
856 1602 331
145 335 332
417 959 333
267 1229 334
440 1842 335
190 854 336
67 100 337
65 391 338
86 779 339
203 552 340
468 973 341
108 335 342
1450 2051 343
1444 1637 344
191 568 345
527 2092 346
235 1309 347
663 1135 348
985 2032 349
249 687 350
581 1404 351
67 1716 352
103 557 353
191 477 354
235 1754 355
417 2043 356
503 1432 357
365 634 358
267 1386 359
1430 2117 360
191 1205 361
4 140 362
356 1678 363
714 1694 364
1450 1716 365
341 2117 366
1450 1637 367
9 557 368
714 771 369
4 688 370
267 942 371
100 547 372
751 1400 373
1990 2051 374
144 1158 375
114 847 376
527 1205 377
686 1040 378
568 1772 379
952 1678 380
86 1887 381
100 1450 382
267 1507 383
391 1206 384
856 1630 385
1772 1776 386
3 779 387
1444 1716 388
224 2117 389
75 342 390
1386 1716 391
547 2051 392
502 1978 393
140 145 394
4 634 395
1430 1976 396
503 2052 397
634 688 398
4 335 399
116 634 400
341 1976 401
86 2057 402
1284 1430 403
235 1744 404
529 1887 405
1430 1630 406
365 480 407
100 1990 408
391 1103 409
529 2051 410
1444 2051 411
116 145 412
529 1229 413
267 779 414
341 1972 415
267 1887 416
356 847 417
847 1772 418
1386 1444 419
207 1104 420
985 1440 421
1659 2027 422
557 1784 423
224 1976 424
1076 1078 425
1309 1744 426
4 108 427
65 1334 428
163 552 429
108 688 430
191 847 431
856 1972 432
46 1432 433
86 765 434
391 985 435
440 1530 436
1309 1468 437
9 552 438
100 1444 439
108 634 440
113 675 441
529 1507 442
527 847 443
490 1750 444
3 1637 445
581 673 446
1206 2027 447
116 688 448
365 688 449
113 1528 450
417 1784 451
1229 1450 452
86 1903 453
203 1078 454
1694 2027 455
1776 1978 456
687 1702 457
145 634 458
356 692 459
527 1679 460
335 480 461
28 552 462
300 1970 463
325 547 464
341 1602 465
552 1076 466
325 529 467
3 100 468
300 692 469
1694 2049 470
86 942 471
1403 1430 472
145 688 473
675 1104 474
1103 2032 475
3 1513 476
502 1193 477
529 779 478
67 1513 479
623 1530 480
952 1970 481
1694 2032 482
686 951 483
502 1923 484
547 1887 485
1284 2114 486
335 634 487
686 1500 488
856 1403 489
4 1117 490
953 1607 491
113 1040 492
9 468 493
547 1716 494
847 1806 495
1205 1772 496
46 686 497
86 1162 498
1716 1990 499
114 270 500
267 325 501
529 1386 502
623 2058 503
86 1785 504
190 1784 505
547 1507 506
417 1754 507
570 686 508
1190 1400 509
67 1229 510
4 859 511
123 1750 512
113 1445 513
1440 1694 514
529 765 515
1450 1513 516
108 480 517
109 1284 518
3 2051 519
221 300 520
477 1205 521
1193 1772 522
3 1507 523
518 1602 524
1241 1429 525
113 570 526
144 1500 527
1345 1366 528
108 116 529
831 1931 530
86 325 531
270 1679 532
1468 1754 533
552 1784 534
686 1312 535
687 790 536
267 765 537
100 1637 538
417 856 539
1659 2049 540
856 2117 541
144 532 542
1772 1970 543
113 1312 544
221 502 545
46 1104 546
1309 1607 547
342 1130 548
67 779 549
477 527 550
1528 1768 551
827 1158 552
4 116 553
117 502 554
356 1923 555
87 2092 556
145 859 557
529 1162 558
221 952 559
335 688 560
168 855 561
351 581 562
1229 1990 563
953 959 564
468 921 565
46 2052 566
61 1241 567
67 942 568
1440 1659 569
568 1806 570
1386 1450 571
1334 2049 572
103 552 573
1637 1990 574
847 1193 575
67 1507 576
924 1514 577
1400 1823 578
267 2057 579
771 1206 580
191 1678 581
675 1432 582
67 1386 583
75 1130 584
267 1162 585
779 1716 586
207 675 587
417 1078 588
518 2117 589
675 2052 590
114 1679 591
249 341 592
1659 2032 593
168 1931 594
502 692 595
4 480 596
1104 1312 597
1454 1514 598
191 1776 599
1206 1440 600
113 951 601
207 1432 602
1467 1768 603
1768 2035 604
108 859 605
270 527 606
391 1659 607
692 952 608
1513 1637 609
116 140 610
779 1450 611
46 113 612
518 1976 613
856 1976 614
557 1076 615
67 1887 616
942 1637 617
46 570 618
552 2109 619
224 856 620
547 1162 621
1104 1500 622
635 1309 623
191 692 624
342 1429 625
779 1229 626
1205 1776 627
707 840 628
3 1785 629
779 1386 630
116 859 631
547 1229 632
985 1694 633
1724 1931 634
635 1754 635
926 2092 636
529 1903 637
1386 1990 638
942 1444 639
2022 2092 640
477 1806 641
959 1754 642
1309 2043 643
356 1970 644
207 2052 645
87 1679 646
570 1104 647
1776 1806 648
440 973 649
1637 1887 650
87 847 651
168 831 652
75 1429 653
502 1678 654
847 1776 655
847 1978 656
325 1444 657
335 1968 658
942 1450 659
477 568 660
1444 1887 661
1768 1856 662
1637 1716 663
568 1678 664
686 1445 665
67 325 666
365 859 667
840 1680 668
985 2027 669
855 1729 670
100 2051 671
109 1403 672
634 859 673
1450 1887 674
76 2082 675
688 859 676
3 765 677
87 270 678
391 1694 679
440 1350 680
547 765 681
1334 2032 682
634 1117 683
365 1117 684
1432 1445 685
1744 1754 686
140 634 687
771 2027 688
1444 1507 689
566 1750 690
840 1654 691
1637 2051 692
145 480 693
1716 2051 694
351 673 695
503 590 696
61 342 697
145 1117 698
547 1386 699
1513 1990 700
1754 2043 701
1345 2085 702
123 566 703
100 1513 704
953 1190 705
1450 1507 706
1757 2085 707
1937 1949 708
529 2057 709
113 783 710
391 1440 711
398 1390 712
140 1968 713
570 827 714
100 1716 715
388 663 716
847 926 717
529 1785 718
527 1776 719
61 1130 720
163 203 721
325 1450 722
547 779 723
190 224 724
1603 1768 725
116 1117 726
140 859 727
20 855 728
342 1241 729
779 1990 730
221 1205 731
325 1776 732
686 783 733
1158 1432 734
579 1750 735
267 1785 736
674 840 737
76 819 738
191 1576 739
926 1679 740
959 1309 741
113 590 742
144 1528 743
568 1205 744
1040 1104 745
67 765 746
1678 1772 747
1450 2057 748
765 1444 749
1193 1978 750
477 1978 751
1400 1822 752
100 1229 753
491 704 754
686 1528 755
365 1968 756
417 1190 757
673 1404 758
335 1117 759
47 581 760
1450 1903 761
856 1078 762
1990 2057 763
100 1386 764
1104 1528 765
186 623 766
477 847 767
417 1309 768
765 1450 769
1468 1607 770
335 859 771
1607 1754 772
235 1607 773
847 1678 774
1229 1785 775
92 609 776
114 2022 777
191 1978 778
356 1172 779
440 2058 780
65 985 781
474 985 782
1229 1513 783
117 300 784
341 1630 785
1403 2015 786
187 714 787
518 1430 788
1444 2057 789
388 689 790
692 1772 791
300 1172 792
116 1482 793
1445 2052 794
847 1205 795
855 1931 796
67 1903 797
123 490 798
341 1403 799
1193 1776 800
113 532 801
855 1724 802
959 2043 803
116 480 804
1193 1806 805
113 1702 806
440 921 807
490 906 808
417 2109 809
417 877 810
688 1117 811
51 1075 812
88 190 813
590 1104 814
1576 1867 815
270 2022 816
325 1637 817
714 1794 818
952 1172 819
1444 1903 820
1229 1637 821
1806 1978 822
503 1040 823
771 2049 824
109 1630 825
1386 1513 826
1397 1630 827
779 1637 828
191 1193 829
325 942 830
477 1678 831
518 1284 832
86 431 833
1386 1785 834
477 1970 835
535 1867 836
771 1103 837
847 1923 838
67 2057 839
942 1990 840
1205 2030 841
61 2135 842
140 688 843
692 1205 844
267 431 845
692 1678 846
547 1903 847
589 1842 848
827 1500 849
1162 1444 850
109 1972 851
1513 1716 852
779 1513 853
831 1724 854
1345 1757 855
570 1040 856
4 1988 857
270 926 858
535 1196 859
1162 1450 860
535 1345 861
1444 1785 862
1514 2007 863
3 1887 864
1205 1678 865
1235 1455 866
365 1482 867
1103 1440 868
1450 1785 869
67 1162 870
1130 1429 871
1887 1990 872
1530 1842 873
1583 2027 874
391 2049 875
1507 1637 876
687 1866 877
838 1605 878
1229 2057 879
1513 1887 880
0 1469 881
52 552 882
780 855 883
1206 1659 884
117 952 885
221 1772 886
1513 2051 887
1345 1392 888
502 1172 889
311 1345 890
771 2032 891
1193 1205 892
1196 1345 893
1507 1990 894
100 779 895
123 906 896
765 1716 897
1630 2015 898
570 1500 899
1702 1768 900
452 1546 901
235 1823 902
491 1277 903
765 1637 904
858 1460 905
109 1602 906
249 518 907
527 1983 908
43 623 909
660 2068 910
190 1845 911
491 891 912
1716 1785 913
3 1903 914
100 1887 915
145 1988 916
87 356 917
1097 1729 918
1903 1990 919
75 2135 920
859 1117 921
942 1507 922
1679 2022 923
18 623 924
186 468 925
518 2015 926
953 1273 927
325 1507 928
365 1988 929
707 976 930
145 1482 931
100 1785 932
1206 1694 933
687 2059 934
688 1988 935
3 1162 936
623 921 937
692 847 938
2051 2057 939
1386 1637 940
765 1990 941
1312 1432 942
1135 1326 943
714 795 944
263 953 945
140 1117 946
67 1785 947
3 2057 948
663 1326 949
341 1284 950
464 2027 951
1842 2058 952
474 2027 953
568 847 954
1263 1455 955
4 1482 956
568 1923 957
1162 1990 958
985 1206 959
1309 1823 960
1397 1403 961
1806 1970 962
108 1988 963
765 1229 964
985 1201 965
0 654 966
113 1856 967
568 1193 968
609 915 969
1162 1637 970
431 529 971
431 547 972
535 1366 973
1513 1785 974
1312 2052 975
325 1990 976
704 891 977
547 1676 978
227 697 979
1206 1334 980
491 2030 981
1785 1990 982
654 2004 983
1040 1432 984
535 676 985
688 2082 986
1716 1887 987
1637 1903 988
59 1440 989
144 783 990
1729 2143 991
688 1482 992
109 1976 993
1397 1972 994
532 827 995
1386 2051 996
464 714 997
490 566 998
552 743 999
351 1404 1000
1386 2057 1001
1637 2057 1002
535 2113 1003
1205 1806 1004
497 687 1005
1205 1978 1006
527 2030 1007
1729 1931 1008
1235 1263 1009
300 1945 1010
765 1513 1011
1201 2027 1012
1355 1479 1013
771 1440 1014
855 1097 1015
417 763 1016
480 1968 1017
1190 1309 1018
634 1482 1019
388 1135 1020
474 714 1021
568 1776 1022
108 1482 1023
1678 1806 1024
527 1020 1025
557 877 1026
1103 1624 1027
1513 1903 1028
480 634 1029
1392 1757 1030
114 527 1031
547 1785 1032
1162 1513 1033
61 75 1034
116 1988 1035
1716 2057 1036
491 1387 1037
527 1978 1038
840 1270 1039
3 942 1040
76 688 1041
100 765 1042
765 1507 1043
855 1752 1044
779 2051 1045
1229 2051 1046
628 1486 1047
100 942 1048
207 1312 1049
763 1768 1050
973 1842 1051
67 431 1052
109 2117 1053
985 1103 1054
335 1482 1055
1624 2027 1056
117 1205 1057
477 692 1058
609 973 1059
100 2057 1060
1040 2052 1061
1776 1923 1062
190 1224 1063
342 2135 1064
335 1988 1065
570 1158 1066
819 2082 1067
1172 1205 1068
1507 1716 1069
1756 1766 1070
827 1528 1071
168 1724 1072
1887 2051 1073
59 2027 1074
190 1003 1075
480 859 1076
780 831 1077
906 1243 1078
207 1445 1079
1429 2135 1080
7 924 1081
417 743 1082
951 1432 1083
1392 2085 1084
144 1702 1085
452 1867 1086
751 2082 1087
831 1097 1088
311 2085 1089
779 1785 1090
859 1482 1091
859 1988 1092
1104 1445 1093
20 831 1094
391 1794 1095
204 953 1096
765 1386 1097
704 1277 1098
860 1358 1099
1158 1500 1100
452 2092 1101
191 1923 1102
1724 1729 1103
18 43 1104
634 1988 1105
1514 1942 1106
318 2092 1107
566 906 1108
1716 1903 1109
417 801 1110
46 1040 1111
942 1887 1112
1366 1392 1113
117 356 1114
942 2051 1115
976 1680 1116
714 1201 1117
1334 1659 1118
779 1887 1119
474 1659 1120
1193 1923 1121
1345 2113 1122
190 834 1123
535 1392 1124
942 1513 1125
704 1387 1126
43 468 1127
654 1937 1128
552 877 1129
1334 1694 1130
186 609 1131
101 388 1132
714 1271 1133
952 1945 1134
65 1206 1135
924 1380 1136
1273 1400 1137
47 1404 1138
847 1020 1139
388 925 1140
714 1624 1141
692 1923 1142
765 1785 1143
490 579 1144
1482 1988 1145
341 518 1146
1972 2114 1147
547 1458 1148
474 1440 1149
590 1040 1150
75 865 1151
145 1968 1152
325 1978 1153
566 1243 1154
704 1834 1155
1937 2004 1156
221 1678 1157
1229 1903 1158
1507 1887 1159
18 440 1160
108 2082 1161
140 1988 1162
527 926 1163
891 1387 1164
480 688 1165
203 1076 1166
1196 2113 1167
891 1277 1168
491 1834 1169
100 1162 1170
831 2143 1171
1130 1241 1172
262 1697 1173
692 1978 1174
123 1243 1175
263 417 1176
581 1267 1177
1095 1345 1178
190 897 1179
51 736 1180
634 2082 1181
570 1528 1182
654 1269 1183
765 2051 1184
771 985 1185
116 1968 1186
859 2082 1187
117 477 1188
221 568 1189
140 1482 1190
1607 1744 1191
431 1450 1192
1879 1927 1193
1162 1716 1194
1903 2051 1195
221 1193 1196
191 1945 1197
1576 2092 1198
686 1702 1199
351 1267 1200
360 1430 1201
100 1903 1202
860 2066 1203
1397 1602 1204
976 1654 1205
221 1806 1206
1162 1507 1207
168 1729 1208
1887 1903 1209
1805 2027 1210
891 1834 1211
590 1432 1212
1243 1750 1213
1678 1978 1214
675 1312 1215
1204 1656 1216
1366 2085 1217
431 1637 1218
1794 2027 1219
736 1075 1220
1709 2027 1221
529 1458 1222
1172 1772 1223
634 1968 1224
840 1325 1225
120 2004 1226
1507 2051 1227
65 1103 1228
765 779 1229
535 2030 1230
674 1680 1231
729 1631 1232
1193 1678 1233
43 1842 1234
557 1884 1235
1158 1528 1236
480 1117 1237
692 1776 1238
906 1750 1239
1162 1229 1240
502 1970 1241
743 1768 1242
856 2109 1243
120 191 1244
262 501 1245
108 1968 1246
942 1716 1247
1181 1750 1248
1313 1750 1249
113 1467 1250
569 953 1251
120 1937 1252
877 959 1253
61 1429 1254
959 1190 1255
0 120 1256
431 1990 1257
502 1945 1258
757 2085 1259
779 2057 1260
59 2049 1261
1104 1702 1262
1345 2003 1263
30 75 1264
527 1172 1265
651 856 1266
86 1458 1267
391 1334 1268
1754 1823 1269
325 2051 1270
1193 1970 1271
1694 1709 1272
847 2030 1273
191 1970 1274
1867 2092 1275
1513 2057 1276
33 609 1277
112 2085 1278
951 2052 1279
491 963 1280
1637 1785 1281
1818 2079 1282
783 827 1283
0 1269 1284
783 1158 1285
877 953 1286
673 1629 1287
1970 1978 1288
257 547 1289
587 1241 1290
714 1709 1291
850 1345 1292
145 2082 1293
190 1474 1294
1277 1387 1295
771 1659 1296
855 2143 1297
906 1193 1298
707 1654 1299
1190 1754 1300
535 2041 1301
112 1757 1302
161 468 1303
187 2032 1304
765 1887 1305
953 1822 1306
1440 1794 1307
1386 1903 1308
1784 2082 1309
431 1444 1310
697 1818 1311
1269 1469 1312
921 1842 1313
267 1458 1314
535 677 1315
117 568 1316
1529 1530 1317
913 976 1318
46 590 1319
76 1784 1320
1190 2043 1321
1818 1940 1322
688 1968 1323
1162 1887 1324
0 2004 1325
795 2032 1326
1752 1931 1327
1117 1482 1328
676 2003 1329
1380 1454 1330
532 1158 1331
221 692 1332
263 959 1333
341 360 1334
1983 2092 1335
221 847 1336
46 951 1337
356 1945 1338
877 2043 1339
1162 2051 1340
1397 2117 1341
589 628 1342
714 1328 1343
1117 1988 1344
203 2109 1345
501 1697 1346
590 2052 1347
783 1104 1348
1309 1703 1349
470 924 1350
687 810 1351
4 1968 1352
1007 2027 1353
9 1078 1354
7 1454 1355
714 1007 1356
104 2027 1357
28 203 1358
66 1440 1359
200 2131 1360
676 2041 1361
725 855 1362
1162 1386 1363
674 1654 1364
1366 2113 1365
431 2051 1366
557 1273 1367
20 1931 1368
59 1103 1369
1397 1430 1370
92 440 1371
117 1772 1372
840 913 1373
32 676 1374
249 360 1375
503 951 1376
783 1500 1377
1201 2032 1378
1659 1709 1379
1694 1847 1380
477 1945 1381
70 119 1382
1117 1784 1383
103 1078 1384
112 1196 1385
1277 1834 1386
1776 1970 1387
1847 2027 1388
568 1172 1389
1130 2135 1390
1269 1937 1391
1678 1970 1392
159 664 1393
1923 1970 1394
1659 1805 1395
662 1581 1396
1229 1887 1397
1546 1679 1398
1785 2051 1399
1027 1089 1400
1033 1766 1401
91 558 1402
117 1806 1403
176 1842 1404
1694 1805 1405
67 1458 1406
1678 1923 1407
714 1805 1408
780 1097 1409
1500 1528 1410
194 1333 1411
1417 1742 1412
452 676 1413
547 554 1414
452 847 1415
262 826 1416
714 1870 1417
88 834 1418
464 2032 1419
1206 1794 1420
1368 1906 1421
976 1270 1422
518 1397 1423
779 1903 1424
529 1884 1425
480 1988 1426
527 1923 1427
159 1530 1428
779 942 1429
431 1716 1430
497 1430 1431
480 1482 1432
7 1942 1433
200 366 1434
325 431 1435
1222 1818 1436
663 925 1437
1205 1945 1438
1387 1834 1439
1358 2066 1440
375 1863 1441
1196 1366 1442
692 1193 1443
826 1697 1444
1386 1887 1445
1397 1976 1446
63 775 1447
491 1896 1448
552 1822 1449
1078 1784 1450
581 1629 1451
775 1581 1452
118 262 1453
254 1017 1454
501 826 1455
1988 2035 1456
924 1539 1457
1172 1193 1458
19 98 1459
452 2003 1460
1267 1404 1461
119 734 1462
824 1920 1463
856 1397 1464
47 351 1465
311 1196 1466
779 1162 1467
1027 1367 1468
704 1872 1469
831 1752 1470
122 714 1471
1624 1694 1472
474 2032 1473
384 660 1474
1095 2085 1475
76 854 1476
86 554 1477
59 65 1478
311 1757 1479
468 609 1480
221 1923 1481
474 1694 1482
10 1417 1483
75 587 1484
65 771 1485
532 1528 1486
1103 1794 1487
1281 1555 1488
117 847 1489
257 267 1490
1968 1988 1491
976 1325 1492
118 1697 1493
907 1972 1494
87 1983 1495
1624 1659 1496
538 1851 1497
270 318 1498
452 2030 1499
942 2057 1500
1162 1785 1501
1454 1539 1502
751 1784 1503
780 2143 1504
1785 2057 1505
2030 2092 1506
28 103 1507
589 1530 1508
854 2082 1509
98 256 1510
194 259 1511
1205 1923 1512
126 654 1513
865 1429 1514
311 1366 1515
259 1333 1516
707 1325 1517
827 1702 1518
110 855 1519
119 1933 1520
677 2085 1521
255 855 1522
765 942 1523
1940 2079 1524
810 1430 1525
32 2092 1526
1507 1903 1527
190 1298 1528
1887 2057 1529
1033 1756 1530
623 851 1531
891 1872 1532
985 1624 1533
76 751 1534
1576 2030 1535
249 810 1536
924 1398 1537
529 554 1538
1328 1659 1539
1867 2030 1540
452 1477 1541
342 865 1542
532 1467 1543
257 529 1544
124 1140 1545
666 2092 1546
122 2027 1547
179 1257 1548
1679 1867 1549
204 2037 1550
119 735 1551
309 1709 1552
1117 2082 1553
87 1020 1554
67 554 1555
4 2035 1556
1328 1694 1557
384 2068 1558
1089 1367 1559
431 942 1560
1630 2114 1561
66 1694 1562
654 1469 1563
119 1601 1564
119 1436 1565
1757 2113 1566
59 1206 1567
955 2127 1568
1172 1806 1569
491 1872 1570
112 1366 1571
366 2131 1572
570 783 1573
765 1162 1574
118 501 1575
119 1169 1576
270 1546 1577
474 1334 1578
687 1740 1579
1002 1541 1580
1662 1808 1581
1659 1847 1582
119 1427 1583
309 1805 1584
707 1270 1585
984 1662 1586
1117 1968 1587
32 1867 1588
906 1181 1589
1269 1949 1590
771 1624 1591
1271 2027 1592
743 959 1593
88 2082 1594
561 1389 1595
688 2035 1596
127 970 1597
267 554 1598
1546 1867 1599
10 1742 1600
417 1884 1601
1127 1901 1602
114 2030 1603
1 676 1604
1785 1903 1605
118 826 1606
316 1676 1607
1325 1654 1608
4 807 1609
90 1827 1610
112 2113 1611
365 2035 1612
587 2135 1613
309 1328 1614
554 1637 1615
318 1679 1616
325 554 1617
261 1906 1618
765 2057 1619
110 1729 1620
1270 1680 1621
343 1894 1622
535 2003 1623
953 2059 1624
116 807 1625
491 1571 1626
1602 2114 1627
112 311 1628
126 692 1629
168 780 1630
1785 1887 1631
985 1007 1632
1277 1896 1633
568 1970 1634
663 689 1635
66 491 1636
227 1222 1637
1270 1325 1638
110 831 1639
855 1718 1640
365 807 1641
117 1776 1642
1398 1454 1643
676 1546 1644
226 1561 1645
440 1668 1646
697 2000 1647
1469 2004 1648
53 461 1649
654 1949 1650
187 464 1651
714 1847 1652
470 2007 1653
1718 1729 1654
1743 1768 1655
907 1602 1656
1277 1872 1657
1929 2027 1658
104 1659 1659
1158 1702 1660
452 1983 1661
609 2087 1662
144 1467 1663
1172 1776 1664
609 1530 1665
52 582 1666
747 1555 1667
1104 1467 1668
1576 2003 1669
104 1694 1670
1458 1637 1671
116 2035 1672
204 558 1673
1257 1291 1674
305 580 1675
133 1202 1676
161 1842 1677
795 1694 1678
704 1896 1679
784 1454 1680
847 1172 1681
43 186 1682
1392 2113 1683
1931 2143 1684
900 1985 1685
7 2007 1686
765 1903 1687
1254 1869 1688
159 1529 1689
335 807 1690
942 1162 1691
1017 1305 1692
1794 2049 1693
47 1267 1694
675 1445 1695
1172 1923 1696
119 1327 1697
707 1594 1698
18 186 1699
152 1345 1700
1345 1354 1701
1354 1366 1702
1576 1983 1703
654 2123 1704
1387 1872 1705
942 1229 1706
587 1130 1707
1270 1654 1708
119 236 1709
351 1987 1710
582 1027 1711
1772 1945 1712
2085 2113 1713
1 452 1714
1539 2007 1715
1555 1958 1716
214 2052 1717
1104 1856 1718
582 2069 1719
623 2087 1720
2057 2060 1721
311 535 1722
1345 2033 1723
270 1983 1724
634 807 1725
104 2032 1726
1097 1931 1727
1020 2092 1728
120 1269 1729
123 579 1730
138 173 1731
1867 1983 1732
126 502 1733
697 1222 1734
707 1680 1735
859 1968 1736
535 2085 1737
66 1571 1738
860 1999 1739
108 2018 1740
152 2085 1741
1867 2003 1742
2033 2085 1743
1222 1644 1744
1576 1679 1745
674 1270 1746
1773 1809 1747
1694 1794 1748
771 1794 1749
87 926 1750
1450 1458 1751
819 1784 1752
1196 1392 1753
1201 1659 1754
1994 2106 1755
1709 2032 1756
145 807 1757
664 1530 1758
270 2030 1759
859 2035 1760
552 1273 1761
1469 1937 1762
1078 1494 1763
1903 2057 1764
984 1808 1765
820 2065 1766
850 2085 1767
1870 2027 1768
783 1528 1769
907 2117 1770
654 1970 1771
1531 1976 1772
1162 1903 1773
1366 1757 1774
145 2035 1775
1624 2032 1776
714 1929 1777
30 1563 1778
134 1460 1779
252 1761 1780
1398 1942 1781
1398 2007 1782
1 1576 1783
385 777 1784
32 1679 1785
674 1594 1786
1834 1872 1787
261 1368 1788
1345 2123 1789
76 834 1790
227 2079 1791
582 1089 1792
1805 2032 1793
1576 2041 1794
758 817 1795
240 1061 1796
283 589 1797
393 1515 1798
670 1798 1799
431 2057 1800
32 527 1801
76 897 1802
440 584 1803
707 913 1804
35 2075 1805
86 257 1806
1268 2058 1807
751 2043 1808
566 579 1809
219 1460 1810
581 1987 1811
942 1386 1812
1834 1896 1813
1095 2113 1814
1328 2032 1815
1444 1458 1816
1893 1959 1817
209 1773 1818
834 2082 1819
1270 1594 1820
610 2085 1821
490 1463 1822
490 1603 1823
973 2058 1824
346 924 1825
651 2082 1826
1403 2114 1827
1469 1557 1828
190 1965 1829
326 1594 1830
341 497 1831
1500 1702 1832
1679 1983 1833
47 976 1834
1715 1874 1835
47 673 1836
2114 2117 1837
335 2035 1838
949 1207 1839
9 1204 1840
1607 1823 1841
688 807 1842
1539 1942 1843
831 1718 1844
1477 1576 1845
30 1429 1846
280 2058 1847
1097 1724 1848
1206 1819 1849
891 1896 1850
1273 2043 1851
1752 2143 1852
179 1291 1853
1400 2055 1854
1694 1870 1855
1949 2004 1856
159 176 1857
227 1644 1858
117 1978 1859
227 1940 1860
488 1311 1861
120 1469 1862
921 2058 1863
1510 1880 1864
953 1866 1865
222 1736 1866
245 747 1867
250 1331 1868
942 1458 1869
985 1847 1870
326 959 1871
257 1676 1872
30 1241 1873
521 953 1874
1583 2032 1875
1603 1750 1876
65 66 1877
747 1281 1878
865 1156 1879
351 1629 1880
676 1867 1881
942 1903 1882
33 915 1883
209 702 1884
841 1952 1885
1201 1694 1886
328 1919 1887
452 2041 1888
49 147 1889
18 973 1890
554 942 1891
676 2092 1892
847 1970 1893
111 2027 1894
1454 1505 1895
1458 2051 1896
819 854 1897
98 2105 1898
108 2035 1899
123 1700 1900
157 433 1901
224 656 1902
676 2030 1903
102 372 1904
725 1931 1905
925 1135 1906
847 1945 1907
934 2054 1908
1145 1633 1909
1458 1990 1910
951 1040 1911
1097 1718 1912
590 951 1913
20 168 1914
123 1463 1915
129 953 1916
1304 2099 1917
168 1097 1918
1006 1510 1919
1404 1629 1920
400 1555 1921
536 1227 1922
14 973 1923
676 1477 1924
319 1768 1925
1700 1750 1926
66 391 1927
913 1654 1928
1281 1958 1929
187 474 1930
98 522 1931
685 1188 1932
346 1454 1933
1007 1659 1934
391 1819 1935
651 1884 1936
1196 1757 1937
254 1305 1938
1103 1870 1939
91 204 1940
673 1267 1941
763 1988 1942
1205 1970 1943
924 1505 1944
589 888 1945
1482 2035 1946
1654 1680 1947
856 2114 1948
18 921 1949
431 1507 1950
468 2034 1951
926 2030 1952
346 2007 1953
1135 1236 1954
1463 1750 1955
1387 1896 1956
1162 2057 1957
136 2058 1958
87 114 1959
634 2035 1960
533 1058 1961
1284 2015 1962
249 790 1963
479 1698 1964
676 1576 1965
87 2030 1966
360 497 1967
238 506 1968
1076 1784 1969
1482 1968 1970
1790 2000 1971
9 1656 1972
1044 1506 1973
152 1757 1974
270 699 1975
70 121 1976
868 924 1977
884 1196 1978
468 1149 1979
1334 1847 1980
168 725 1981
309 1989 1982
1380 1942 1983
623 1121 1984
126 535 1985
751 819 1986
1271 2032 1987
190 1854 1988
201 1690 1989
527 1970 1990
689 1135 1991
865 1130 1992
1679 2030 1993
532 1702 1994
1538 1931 1995
780 1931 1996
224 2109 1997
145 2018 1998
121 1436 1999
527 649 2000
985 1805 2001
249 497 2002
666 1679 2003
1505 2007 2004
311 1392 2005
554 1450 2006
610 1757 2007
1267 1629 2008
1945 1970 2009
363 394 2010
136 440 2011
474 795 2012
1845 2082 2013
76 88 2014
532 1482 2015
1298 2082 2016
529 1123 2017
663 1236 2018
101 663 2019
440 2087 2020
566 1700 2021
34 924 2022
87 2022 2023
474 1103 2024
624 1717 2025
65 1794 2026
2015 2117 2027
1602 2015 2028
55 1552 2029
674 1325 2030
1546 1983 2031
113 1335 2032
692 1970 2033
204 430 2034
1458 1716 2035
233 1034 2036
388 1236 2037
827 1467 2038
1972 2015 2039
341 790 2040
491 1703 2041
1405 1947 2042
16 552 2043
120 1949 2044
121 1169 2045
1976 2114 2046
28 1078 2047
400 1281 2048
617 870 2049
798 1104 2050
92 1530 2051
855 1538 2052
1404 1987 2053
824 1395 2054
114 318 2055
714 1888 2056
783 1463 2057
9 1076 2058
824 898 2059
292 1036 2060
1659 1870 2061
452 1020 2062
1528 1702 2063
121 1933 2064
155 714 2065
144 1856 2066
559 953 2067
953 1889 2068
33 1132 2069
751 1845 2070
1718 1931 2071
87 754 2072
450 1974 2073
1558 2122 2074
263 1190 2075
444 468 2076
121 1913 2077
166 589 2078
1656 1825 2079
431 554 2080
431 1458 2081
1372 1842 2082
1642 1737 2083
163 763 2084
163 1078 2085
1430 2015 2086
122 2032 2087
28 202 2088
123 1603 2089
1248 1418 2090
1354 2113 2091
888 1318 2092
1597 2046 2093
121 735 2094
75 395 2095
1334 1794 2096
121 1601 2097
187 795 2098
401 402 2099
654 1557 2100
1325 1680 2101
1629 1987 2102
50 724 2103
110 1931 2104
248 1080 2105
790 1430 2106
203 1280 2107
153 452 2108
631 1199 2109
863 2092 2110
751 1003 2111
1888 2027 2112
1937 2123 2113
629 1931 2114
309 892 2115
699 1679 2116
114 1983 2117
807 859 2118
421 934 2119
617 696 2120
20 1752 2121
121 236 2122
1222 2079 2123
205 1707 2124
114 1626 2125
1007 2032 2126
168 2143 2127
751 854 2128
761 839 2129
1354 2085 2130
800 1332 2131
854 1784 2132
832 1530 2133
140 2035 2134
203 1884 2135
757 1757 2136
942 1785 2137
1440 1819 2138
1872 1896 2139
76 1224 2140
241 2138 2141
1668 2058 2142
897 2082 2143
1594 2037 2144
812 1530 2145
33 186 2146
227 1790 2147
674 913 2148
61 587 2149
868 2007 2150
1064 1490 2151
1064 1723 2152
838 1145 2153
1078 2109 2154
120 2123 2155
209 576 2156
1983 2030 2157
159 921 2158
237 557 2159
325 1458 2160
1469 1949 2161
123 1181 2162
64 1505 2163
421 2054 2164
43 921 2165
468 584 2166
64 1454 2167
704 1879 2168
816 2139 2169
270 1867 2170
76 689 2171
254 562 2172
103 1076 2173
1044 1585 2174
255 831 2175
454 1021 2176
868 1942 2177
1003 1784 2178
114 1576 2179
566 1463 2180
1003 2082 2181
582 1367 2182
1976 2015 2183
341 1397 2184
491 1879 2185
30 384 2186
255 1931 2187
361 749 2188
463 606 2189
409 1991 2190
518 810 2191
868 1454 2192
552 2069 2193
452 1626 2194
685 1016 2195
921 2034 2196
257 1637 2197
469 1297 2198
97 1953 2199
910 953 2200
792 1643 2201
18 280 2202
907 1430 2203
455 885 2204
747 1958 2205
76 1845 2206
152 1366 2207
490 1700 2208
576 816 2209
121 734 2210
168 1538 2211
543 1930 2212
0 1557 2213
89 1875 2214
452 699 2215
101 925 2216
346 1942 2217
1020 1546 2218
1078 1273 2219
468 1364 2220
1606 2065 2221
891 1879 2222
1196 1271 2223
1372 2058 2224
257 1990 2225
856 1531 2226
687 1321 2227
725 831 2228
913 1270 2229
968 1374 2230
957 2001 2231
1109 1996 2232
1222 1486 2233
121 1427 2234
166 1318 2235
1258 2027 2236
1776 1945 2237
34 1454 2238
532 783 2239
468 1111 2240
623 2034 2241
270 1576 2242
1332 1459 2243
245 1281 2244
440 1667 2245
676 1732 2246
121 1327 2247
270 1020 2248
558 1484 2249
566 1603 2250
464 1201 2251
117 1172 2252
582 1784 2253
985 1870 2254
1222 1940 2255
384 1134 2256
569 1400 2257
1626 2092 2258
1417 1950 2259
34 2007 2260
256 522 2261
257 1450 2262
77 824 2263
286 2085 2264
1430 2114 2265
1477 2030 2266
1505 1942 2267
76 1298 2268
242 1898 2269
1819 2027 2270
62 662 2271
470 1942 2272
1 1867 2273
695 1646 2274
714 1258 2275
474 1201 2276
657 704 2277
440 1372 2278
676 1983 2279
934 1800 2280
1277 1879 2281
1358 1999 2282
1903 2060 2283
35 115 2284
664 1529 2285
1945 1978 2286
978 1829 2287
554 1507 2288
1477 1867 2289
1555 2023 2290
1154 1193 2291
1689 1923 2292
1449 2026 2293
819 1224 2294
1193 1945 2295
207 214 2296
1006 1880 2297
20 725 2298
76 1474 2299
498 1676 2300
1328 1709 2301
20 1097 2302
505 1318 2303
270 666 2304
850 1757 2305
856 907 2306
1303 1768 2307
1320 1741 2308
535 1271 2309
635 2059 2310
798 1432 2311
337 935 2312
725 1729 2313
1790 1940 2314
1847 2032 2315
1387 1879 2316
1535 2026 2317
1191 1329 2318
1742 1950 2319
639 714 2320
202 557 2321
440 2005 2322
280 468 2323
1576 1626 2324
341 810 2325
855 958 2326
750 1920 2327
1506 1585 2328
1204 1825 2329
775 1755 2330
1020 1576 2331
117 221 2332
281 1761 2333
309 884 2334
655 2007 2335
926 1020 2336
114 666 2337
535 829 2338
38 1366 2339
110 1097 2340
400 1958 2341
1381 1480 2342
128 1676 2343
187 1805 2344
411 557 2345
2022 2030 2346
874 1687 2347
209 1809 2348
694 1345 2349
1233 1817 2350
9 1414 2351
481 1460 2352
136 1668 2353
625 945 2354
682 973 2355
922 1270 2356
1968 2035 2357
37 424 2358
566 1181 2359
913 1680 2360
1656 2108 2361
579 906 2362
775 1023 2363
166 888 2364
1412 2072 2365
257 1444 2366
1064 1535 2367
348 531 2368
280 440 2369
1879 1896 2370
11 30 2371
176 664 2372
634 2018 2373
1360 1982 2374
91 430 2375
367 991 2376
554 1444 2377
783 1702 2378
1999 2066 2379
311 2113 2380
554 1990 2381
973 1268 2382
831 1538 2383
1469 2123 2384
1594 1680 2385
125 641 2386
465 1196 2387
187 309 2388
507 2065 2389
1097 1752 2390
676 699 2391
626 1922 2392
101 1135 2393
428 1581 2394
1488 2026 2395
871 1756 2396
1168 1741 2397
609 1235 2398
696 870 2399
1548 1646 2400
1020 1867 2401
518 2114 2402
462 619 2403
935 1382 2404
921 1529 2405
819 1845 2406
332 1966 2407
688 2018 2408
926 1983 2409
1079 1116 2410
1546 2030 2411
38 286 2412
64 2007 2413
10 1950 2414
567 874 2415
660 1134 2416
1139 1582 2417
1447 1460 2418
800 1459 2419
1064 2026 2420
654 2084 2421
940 1741 2422
657 1277 2423
114 926 2424
1709 1805 2425
832 2058 2426
246 440 2427
1364 1842 2428
755 1725 2429
309 795 2430
224 1998 2431
1328 1805 2432
69 1867 2433
1243 1603 2434
1490 2026 2435
429 1569 2436
906 1700 2437
1870 2032 2438
64 924 2439
795 1201 2440
1659 1929 2441
103 1120 2442
224 1636 2443
34 1942 2444
906 1463 2445
82 1422 2446
235 1128 2447
1366 1703 2448
176 1043 2449
532 1856 2450
635 1866 2451
187 1709 2452
664 921 2453
808 1123 2454
76 1003 2455
405 1821 2456
837 990 2457
2030 2041 2458
63 1755 2459
47 1629 2460
695 1548 2461
989 1364 2462
98 1480 2463
840 922 2464
286 1757 2465
87 1626 2466
1626 1679 2467
1806 1945 2468
575 806 2469
363 705 2470
1834 1879 2471
554 1458 2472
929 2018 2473
1477 2092 2474
985 1929 2475
1790 2079 2476
1819 2049 2477
283 468 2478
1538 2143 2479
1872 1879 2480
1800 2054 2481
49 558 2482
64 1942 2483
1350 1676 2484
114 452 2485
468 915 2486
617 1547 2487
1168 1320 2488
798 2052 2489
1626 1867 2490
9 1825 2491
63 1581 2492
838 1234 2493
1277 1927 2494
278 1895 2495
374 1376 2496
1021 1932 2497
1158 1467 2498
1723 2009 2499
1867 2041 2500
394 705 2501
52 2069 2502
468 1073 2503
452 1732 2504
759 1530 2505
1757 2033 2506
675 798 2507
454 1932 2508
518 790 2509
1279 1415 2510
468 1372 2511
1896 1927 2512
245 1958 2513
1474 2082 2514
1355 1818 2515
114 1020 2516
639 2027 2517
159 1043 2518
417 1667 2519
110 168 2520
906 1603 2521
1281 2023 2522
147 558 2523
202 552 2524
609 1132 2525
639 985 2526
676 1679 2527
1557 1937 2528
629 1729 2529
72 628 2530
1103 1847 2531
572 1168 2532
1753 1931 2533
464 474 2534
554 2051 2535
2033 2113 2536
92 136 2537
20 1724 2538
702 1773 2539
704 1927 2540
181 1470 2541
189 303 2542
1458 1507 2543
255 2143 2544
1467 1500 2545
75 1563 2546
403 941 2547
281 1486 2548
1020 1679 2549
529 1298 2550
672 1833 2551
715 717 2552
781 1955 2553
494 982 2554
891 1927 2555
112 1392 2556
43 280 2557
610 1366 2558
209 816 2559
440 1268 2560
725 1724 2561
771 1819 2562
2034 2058 2563
110 1724 2564
219 481 2565
1565 1594 2566
69 1576 2567
309 464 2568
1160 1696 2569
1559 1728 2570
1400 1866 2571
20 780 2572
1535 1723 2573
935 1748 2574
1154 1678 2575
1354 1757 2576
14 299 2577
863 1679 2578
609 1668 2579
214 675 2580
683 920 2581
395 1563 2582
1744 2059 2583
1694 1929 2584
480 2035 2585
99 112 2586
547 789 2587
751 897 2588
255 1752 2589
936 1682 2590
341 2015 2591
657 1834 2592
505 888 2593
7 470 2594
32 1546 2595
314 1760 2596
527 947 2597
491 1927 2598
1243 1700 2599
100 2060 2600
224 1531 2601
258 1581 2602
535 884 2603
691 1850 2604
801 1884 2605
1158 1856 2606
1878 1961 2607
1937 2084 2608
1607 1866 2609
309 1271 2610
827 1856 2611
237 1430 2612
1400 2059 2613
224 1128 2614
973 1668 2615
38 677 2616
884 1821 2617
1117 2035 2618
2018 2082 2619
92 1132 2620
440 832 2621
441 1460 2622
103 498 2623
252 281 2624
88 1845 2625
165 613 2626
1121 2058 2627
557 790 2628
1349 1617 2629
69 2092 2630
1372 1530 2631
689 1236 2632
1387 1927 2633
1468 1866 2634
819 897 2635
1366 2033 2636
14 1268 2637
20 2143 2638
1584 1942 2639
2003 2030 2640
52 1027 2641
1345 1635 2642
1887 2060 2643
91 559 2644
187 1328 2645
1204 2108 2646
463 774 2647
1557 2004 2648
14 56 2649
699 2022 2650
591 824 2651
1468 2059 2652
411 976 2653
535 850 2654
677 1366 2655
1200 2037 2656
431 1123 2657
490 1875 2658
623 1030 2659
14 1057 2660
1208 1663 2661
1454 1584 2662
120 1557 2663
837 1186 2664
699 1576 2665
1460 1540 2666
1609 1671 2667
263 743 2668
1744 1866 2669
884 1345 2670
114 863 2671
871 1766 2672
1713 1772 2673
795 1328 2674
280 1842 2675
9 136 2676
1134 2068 2677
784 1942 2678
657 1387 2679
132 1999 2680
468 989 2681
629 1724 2682
657 891 2683
1212 1460 2684
474 1989 2685
640 2104 2686
403 1562 2687
1923 1945 2688
85 618 2689
458 846 2690
474 1328 2691
49 802 2692
182 1807 2693
832 1842 2694
542 1203 2695
1200 1594 2696
1143 1658 2697
1637 1654 2698
783 1467 2699
257 1424 2700
750 824 2701
63 1377 2702
270 676 2703
9 1900 2704
29 1750 2705
379 489 2706
299 973 2707
451 478 2708
100 1123 2709
66 139 2710
163 651 2711
226 679 2712
1519 1734 2713
1108 1628 2714
288 1195 2715
1949 2123 2716
3 2060 2717
1091 1473 2718
1309 1866 2719
856 1128 2720
1273 2018 2721
1983 2022 2722
63 627 2723
166 1981 2724
388 1326 2725
1822 2043 2726
38 757 2727
495 2107 2728
576 2139 2729
1087 1279 2730
226 1896 2731
870 1547 2732
783 1856 2733
1145 1605 2734
99 1757 2735
411 840 2736
851 1842 2737
226 1067 2738
609 1263 2739
1784 1845 2740
47 1987 2741
714 1496 2742
750 1676 2743
115 2075 2744
206 1951 2745
318 2022 2746
5 1026 2747
780 1718 2748
854 1845 2749
1424 1676 2750
1830 1909 2751
464 795 2752
1010 1799 2753
159 812 2754
990 1186 2755
657 1896 2756
654 1713 2757
558 559 2758
1794 1819 2759
795 1709 2760
186 851 2761
697 1940 2762
697 2079 2763
232 976 2764
62 833 2765
172 1460 2766
224 907 2767
130 1882 2768
360 810 2769
768 1406 2770
103 2069 2771
513 1640 2772
1518 2093 2773
1440 1583 2774
1915 2047 2775
428 459 2776
854 1224 2777
1768 1837 2778
207 798 2779
1087 1415 2780
76 2018 2781
190 1957 2782
283 440 2783
1093 1408 2784
1413 1460 2785
547 1424 2786
1064 1449 2787
1460 1589 2788
1477 1679 2789
819 1003 2790
72 824 2791
245 400 2792
757 2033 2793
1117 2018 2794
1834 1927 2795
312 1508 2796
1872 1927 2797
807 1968 2798
922 1680 2799
1312 1445 2800
44 149 2801
1016 1188 2802
190 656 2803
1460 1667 2804
567 1687 2805
1043 1530 2806
724 879 2807
190 578 2808
163 1884 2809
535 694 2810
827 1445 2811
1676 2118 2812
8 2021 2813
1064 1488 2814
121 1323 2815
338 1797 2816
216 1155 2817
683 1610 2818
953 2055 2819
941 1562 2820
33 2087 2821
1828 1863 2822
463 558 2823
309 1963 2824
820 1606 2825
1496 2027 2826
1007 1103 2827
417 1619 2828
521 1889 2829
942 967 2830
558 606 2831
223 1469 2832
1490 1535 2833
1584 2007 2834
87 318 2835
628 997 2836
905 1661 2837
1723 2026 2838
1706 1790 2839
639 2032 2840
1704 2092 2841
623 1372 2842
829 884 2843
679 1561 2844
594 1175 2845
235 2059 2846
334 1943 2847
510 1011 2848
319 759 2849
318 1983 2850
736 1300 2851
1449 1490 2852
64 1514 2853
87 947 2854
153 1867 2855
754 1020 2856
65 1819 2857
1008 2137 2858
1529 2034 2859
1546 2041 2860
1503 1928 2861
440 682 2862
240 797 2863
42 1287 2864
235 1866 2865
664 1043 2866
1020 1983 2867
112 610 2868
550 1287 2869
1251 1519 2870
557 981 2871
49 1035 2872
920 2113 2873
92 1668 2874
258 775 2875
925 1652 2876
120 2084 2877
1958 2023 2878
468 2013 2879
1544 2092 2880
204 559 2881
79 953 2882
1702 2035 2883
52 1076 2884
20 1729 2885
7 1514 2886
833 1765 2887
775 1598 2888
1365 1401 2889
820 1640 2890
103 1071 2891
554 2057 2892
1023 1581 2893
808 2056 2894
824 1407 2895
131 1672 2896
1063 2062 2897
2022 2041 2898
468 1693 2899
9 1967 2900
819 834 2901
1581 1755 2902
123 1313 2903
186 915 2904
743 763 2905
845 1460 2906
884 1576 2907
502 1689 2908
838 1633 2909
396 796 2910
1565 2037 2911
1219 2065 2912
152 535 2913
176 2034 2914
457 2037 2915
552 981 2916
403 1556 2917
256 887 2918
1638 1960 2919
49 701 2920
973 1057 2921
835 1720 2922
407 581 2923
1084 2025 2924
1008 1160 2925
581 1838 2926
245 2023 2927
552 1740 2928
1075 1300 2929
1309 2059 2930
1891 2025 2931
52 1089 2932
1488 1490 2933
1635 1757 2934
98 1189 2935
440 1938 2936
562 1654 2937
779 2060 2938
159 2034 2939
318 926 2940
176 1529 2941
1784 2069 2942
103 202 2943
1366 1635 2944
440 1693 2945
60 225 2946
646 937 2947
270 863 2948
941 1556 2949
616 2085 2950
114 1732 2951
1734 1801 2952
2003 2041 2953
216 1835 2954
657 1872 2955
316 440 2956
986 1063 2957
1940 2000 2958
167 1451 2959
1888 2032 2960
349 440 2961
751 1273 2962
657 1879 2963
1111 2058 2964
78 1735 2965
106 2143 2966
187 1201 2967
187 1989 2968
1505 1514 2969
18 1111 2970
1716 2060 2971
579 1313 2972
510 620 2973
541 2065 2974
17 1016 2975
1476 1676 2976
871 1033 2977
1369 1910 2978
1457 2102 2979
159 1652 2980
1570 1772 2981
578 1112 2982
47 1347 2983
829 1821 2984
535 1703 2985
677 1757 2986
925 1236 2987
1557 2123 2988
112 1354 2989
743 783 2990
1449 1535 2991
754 1678 2992
566 1313 2993
751 1474 2994
112 152 2995
9 2108 2996
529 1664 2997
273 1706 2998
464 1989 2999
707 922 3000
689 925 3001
1201 1805 3002
700 1997 3003
996 1778 3004
219 1212 3005
432 603 3006
753 1803 3007
15 871 3008
823 985 3009
812 1529 3010
1013 1905 3011
203 1571 3012
1098 2140 3013
134 929 3014
702 1809 3015
953 1984 3016
586 1185 3017
1234 1605 3018
4 1298 3019
111 2032 3020
92 1938 3021
639 1103 3022
158 1520 3023
375 1828 3024
51 1300 3025
1718 1724 3026
341 2114 3027
93 788 3028
1513 2060 3029
63 858 3030
468 760 3031
1557 1949 3032
1583 1624 3033
309 878 3034
662 1077 3035
390 1442 3036
647 1752 3037
623 713 3038
399 856 3039
666 926 3040
911 1768 3041
265 463 3042
1253 1884 3043
569 1822 3044
417 1551 3045
598 1457 3046
921 1344 3047
1979 2125 3048
1568 2085 3049
91 1484 3050
649 1978 3051
1273 2109 3052
468 1030 3053
1258 1659 3054
15 1766 3055
609 1455 3056
1261 2107 3057
38 2113 3058
190 1743 3059
69 847 3060
1692 1946 3061
1754 1866 3062
191 1695 3063
286 610 3064
186 969 3065
468 713 3066
66 1794 3067
611 940 3068
649 1193 3069
2092 2128 3070
664 812 3071
1500 1856 3072
62 321 3073
27 588 3074
1349 1935 3075
1556 1562 3076
490 830 3077
623 977 3078
1148 1781 3079
88 1224 3080
886 1649 3081
1196 1703 3082
88 819 3083
160 1401 3084
468 1182 3085
75 2067 3086
616 2033 3087
837 1596 3088
967 998 3089
1020 2030 3090
15 1756 3091
104 1847 3092
226 994 3093
243 1867 3094
499 1294 3095
673 1987 3096
231 785 3097
519 654 3098
497 790 3099
563 1972 3100
1490 1723 3101
255 1724 3102
958 1729 3103
616 1757 3104
2 1029 3105
255 1729 3106
1276 1622 3107
738 1270 3108
824 967 3109
90 386 3110
190 917 3111
871 1608 3112
103 1053 3113
819 1474 3114
855 1753 3115
1456 1951 3116
1477 2041 3117
490 1335 3118
546 729 3119
910 959 3120
587 865 3121
1222 2000 3122
824 998 3123
1875 1914 3124
126 808 3125
1761 1839 3126
1397 2015 3127
28 1076 3128
1251 1801 3129
1823 1866 3130
122 1659 3131
588 773 3132
795 1805 3133
958 1931 3134
77 1920 3135
166 505 3136
1805 1989 3137
511 1875 3138
1215 2037 3139
1929 2032 3140
616 757 3141
676 1020 3142
763 1884 3143
1616 2027 3144
196 315 3145
104 1583 3146
656 1636 3147
662 833 3148
921 1494 3149
783 1743 3150
798 1312 3151
1123 2057 3152
463 1410 3153
1149 1842 3154
805 1011 3155
1732 2092 3156
712 855 3157
953 1641 3158
579 1181 3159
824 1441 3160
1298 1988 3161
84 1784 3162
1020 2022 3163
226 1153 3164
1068 1979 3165
562 1017 3166
757 2113 3167
1820 2092 3168
1488 1535 3169
400 747 3170
910 1190 3171
990 1596 3172
664 1652 3173
1572 2113 3174
1544 2030 3175
558 690 3176
1626 2030 3177
572 1320 3178
1694 1819 3179
1754 2059 3180
88 854 3181
349 417 3182
493 1460 3183
921 1121 3184
660 2091 3185
1571 2030 3186
1538 1724 3187
888 1512 3188
252 1839 3189
349 1842 3190
1334 1624 3191
323 440 3192
342 2077 3193
689 819 3194
819 1298 3195
985 1819 3196
72 1486 3197
671 1264 3198
43 2087 3199
1785 2060 3200
188 2000 3201
831 958 3202
52 1367 3203
129 635 3204
1576 1732 3205
967 1044 3206
1089 2069 3207
1638 1950 3208
522 1480 3209
910 1754 3210
920 1572 3211
1403 2124 3212
230 1005 3213
169 1227 3214
246 2005 3215
219 1447 3216
341 1285 3217
795 1007 3218
69 1679 3219
311 1095 3220
1715 1773 3221
270 947 3222
490 2107 3223
790 810 3224
1703 2113 3225
1095 1392 3226
963 1676 3227
1027 2069 3228
422 1768 3229
610 2113 3230
705 1622 3231
1463 1700 3232
92 915 3233
267 789 3234
1229 2060 3235
525 1381 3236
1822 2055 3237
558 719 3238
712 831 3239
1773 1874 3240
40 1072 3241
899 1824 3242
505 1512 3243
103 228 3244
958 1752 3245
134 1434 3246
1514 1584 3247
1318 1390 3248
597 705 3249
1478 1615 3250
929 2011 3251
110 1718 3252
1085 1161 3253
1605 1633 3254
66 1373 3255
664 2034 3256
712 1931 3257
63 1023 3258
1076 1494 3259
1098 1595 3260
243 1477 3261
321 662 3262
569 2043 3263
682 2058 3264
407 673 3265
1324 1689 3266
894 1946 3267
78 1486 3268
166 1512 3269
419 1757 3270
1938 2005 3271
1820 2030 3272
1809 1874 3273
636 1014 3274
1823 2059 3275
833 1077 3276
942 998 3277
516 813 3278
1251 1389 3279
1659 1819 3280
861 1706 3281
986 2062 3282
213 623 3283
557 939 3284
778 788 3285
243 527 3286
1696 1804 3287
751 1822 3288
1616 2032 3289
1258 1694 3290
523 877 3291
62 1731 3292
322 813 3293
191 1719 3294
398 1318 3295
998 1044 3296
265 1410 3297
1 1477 3298
831 1593 3299
854 1003 3300
399 1857 3301
444 2058 3302
1050 1790 3303
1392 1703 3304
1709 1989 3305
558 756 3306
18 851 3307
1389 1519 3308
847 947 3309
757 1572 3310
1449 1723 3311
569 751 3312
740 1014 3313
78 628 3314
223 1949 3315
1149 1364 3316
1386 2060 3317
1603 1700 3318
92 2005 3319
730 1564 3320
989 1842 3321
497 810 3322
191 1759 3323
699 1867 3324
99 2085 3325
1236 1326 3326
1407 1920 3327
474 1709 3328
491 2011 3329
591 1920 3330
1181 1313 3331
1355 1940 3332
1570 1806 3333
51 1865 3334
1626 1983 3335
490 511 3336
705 1276 3337
929 1434 3338
1258 2032 3339
112 2033 3340
474 1805 3341
1729 1753 3342
440 1057 3343
546 1631 3344
639 2049 3345
92 1182 3346
940 1320 3347
16 440 3348
863 1020 3349
1005 1225 3350
594 925 3351
834 854 3352
1479 1818 3353
63 1306 3354
153 270 3355
1825 1967 3356
115 724 3357
464 1328 3358
490 2050 3359
629 1718 3360
912 1518 3361
921 1043 3362
847 1099 3363
1186 1596 3364
136 2005 3365
209 2139 3366
569 2055 3367
232 707 3368
894 1692 3369
53 1426 3370
214 1445 3371
1049 1644 3372
112 757 3373
924 1221 3374
1160 2137 3375
1917 2073 3376
1429 1733 3377
607 1014 3378
600 714 3379
832 973 3380
887 1381 3381
80 390 3382
386 1827 3383
831 1753 3384
1280 2109 3385
1517 1779 3386
797 1061 3387
1008 1696 3388
906 1313 3389
1649 1828 3390
1074 1741 3391
190 2002 3392
20 1538 3393
386 1302 3394
155 2032 3395
623 682 3396
1100 1150 3397
168 255 3398
659 1905 3399
926 2022 3400
153 1983 3401
342 1733 3402
925 1326 3403
407 1404 3404
1309 2112 3405
411 562 3406
893 1884 3407
98 306 3408
344 1875 3409
264 772 3410
1094 2141 3411
552 669 3412
1075 1865 3413
430 1484 3414
9 16 3415
1530 1975 3416
1123 2056 3417
1010 1941 3418
425 1564 3419
958 1097 3420
1750 2050 3421
461 1916 3422
62 1348 3423
139 1373 3424
514 1264 3425
572 1741 3426
1148 1828 3427
423 824 3428
494 661 3429
360 790 3430
459 775 3431
502 1570 3432
561 1519 3433
651 1128 3434
257 431 3435
1077 1765 3436
461 1426 3437
517 589 3438
648 1931 3439
583 1460 3440
1732 1867 3441
555 1689 3442
939 1900 3443
1064 2009 3444
1181 1243 3445
807 2035 3446
1449 1488 3447
1181 1463 3448
464 1249 3449
824 1086 3450
1676 1871 3451
910 2043 3452
66 1819 3453
68 215 3454
1161 1308 3455
98 577 3456
256 1480 3457
1404 1838 3458
689 1326 3459
86 1664 3460
561 1251 3461
677 2003 3462
2015 2114 3463
834 1845 3464
1023 1598 3465
53 1916 3466
1479 1940 3467
1593 1931 3468
187 1007 3469
363 711 3470
1273 1822 3471
1107 1577 3472
1239 1426 3473
1715 1809 3474
925 1175 3475
1528 1856 3476
31 2105 3477
765 2060 3478
824 1476 3479
683 1572 3480
1975 2058 3481
830 1977 3482
1504 1567 3483
812 1043 3484
1351 1988 3485
249 1285 3486
309 1099 3487
329 1033 3488
405 829 3489
50 879 3490
823 1694 3491
193 628 3492
1647 1920 3493
655 1942 3494
394 1276 3495
405 884 3496
502 1226 3497
152 1392 3498
789 1507 3499
1130 1733 3500
982 1890 3501
1345 1826 3502
126 2056 3503
1713 1970 3504
19 1189 3505
639 1334 3506
1467 1856 3507
270 1704 3508
68 1511 3509
223 1557 3510
350 1653 3511
657 1927 3512
1245 1670 3513
139 1561 3514
754 2030 3515
1490 2056 3516
43 851 3517
627 858 3518
707 898 3519
1310 1563 3520
1182 1842 3521
80 1442 3522
311 2033 3523
967 1506 3524
627 1712 3525
1380 1584 3526
53 1239 3527
1471 1884 3528
2068 2091 3529
89 344 3530
490 520 3531
1535 2009 3532
277 1768 3533
725 1752 3534
845 862 3535
873 1884 3536
1983 2041 3537
856 1857 3538
394 1622 3539
863 926 3540
852 1446 3541
659 1013 3542
977 1842 3543
1053 1669 3544
1245 2126 3545
677 920 3546
922 1654 3547
1103 1496 3548
1583 1929 3549
666 863 3550
725 1097 3551
589 1693 3552
461 1239 3553
786 1768 3554
1635 2113 3555
234 1345 3556
1351 1685 3557
1369 1741 3558
423 1920 3559
1518 2010 3560
789 1887 3561
289 628 3562
675 1721 3563
136 969 3564
1008 1804 3565
535 1315 3566
555 1324 3567
1037 1840 3568
211 676 3569
520 1875 3570
1377 1755 3571
286 1568 3572
1271 1703 3573
46 1164 3574
47 1838 3575
1485 1939 3576
897 1474 3577
151 1211 3578
211 452 3579
582 1491 3580
648 855 3581
959 1619 3582
546 2018 3583
452 2048 3584
126 1088 3585
1696 2137 3586
428 1560 3587
589 1151 3588
867 1087 3589
998 1506 3590
483 1966 3591
677 1392 3592
646 830 3593
1201 1709 3594
267 1664 3595
754 1978 3596
943 1555 3597
446 1460 3598
468 1344 3599
110 958 3600
694 1196 3601
1388 1840 3602
1555 2076 3603
187 1249 3604
1529 1652 3605
736 1342 3606
363 1622 3607
1328 1989 3608
1306 1377 3609
739 2032 3610
808 2095 3611
120 1719 3612
256 1381 3613
1123 1490 3614
126 1159 3615
76 1854 3616
982 1712 3617
997 1486 3618
234 1757 3619
763 801 3620
337 1382 3621
169 536 3622
795 1989 3623
854 897 3624
322 1378 3625
190 1786 3626
2009 2026 3627
1754 2112 3628
922 1325 3629
1389 1801 3630
589 1262 3631
586 1478 3632
19 577 3633
579 1700 3634
135 1102 3635
628 1534 3636
134 1540 3637
996 1090 3638
35 724 3639
808 1490 3640
243 2041 3641
363 1276 3642
683 1826 3643
150 1555 3644
1514 1731 3645
856 1998 3646
99 2113 3647
1626 2041 3648
394 711 3649
412 856 3650
18 176 3651
77 1676 3652
649 1576 3653
942 1044 3654
1196 1362 3655
1443 1796 3656
1063 1727 3657
699 2041 3658
1424 1458 3659
867 1279 3660
1 243 3661
795 1258 3662
16 1076 3663
391 823 3664
180 628 3665
99 1095 3666
1118 1818 3667
111 1870 3668
270 1820 3669
155 474 3670
627 1306 3671
1170 1931 3672
204 585 3673
973 1975 3674
110 919 3675
337 1748 3676
270 1544 3677
309 835 3678
1318 1512 3679
482 1048 3680
1490 2009 3681
23 1712 3682
658 1366 3683
177 1469 3684
310 392 3685
295 1557 3686
1908 2013 3687
1389 1734 3688
1488 1723 3689
1046 1375 3690
151 1187 3691
994 1561 3692
1076 1740 3693
299 1057 3694
584 590 3695
1242 2037 3696
747 2023 3697
120 253 3698
760 973 3699
188 1050 3700
1103 1258 3701
824 983 3702
99 311 3703
139 226 3704
1805 1870 3705
223 2123 3706
981 1078 3707
318 1020 3708
623 1667 3709
464 1709 3710
439 1567 3711
1243 1313 3712
629 1593 3713
639 1659 3714
877 910 3715
273 1222 3716
582 2103 3717
1067 1896 3718
280 1111 3719
579 1463 3720
699 1020 3721
912 2093 3722
99 2033 3723
1076 1668 3724
1375 1896 3725
18 444 3726
481 845 3727
1544 1983 3728
1067 1561 3729
237 2109 3730
1372 2087 3731
452 2022 3732
561 1801 3733
1593 1752 3734
277 388 3735
834 1224 3736
1281 2076 3737
787 1644 3738
887 1480 3739
1181 1603 3740
551 643 3741
1099 1879 3742
1153 1561 3743
1090 1778 3744
825 1612 3745
1094 2107 3746
163 801 3747
441 1212 3748
889 1741 3749
693 804 3750
1239 1916 3751
995 2107 3752
495 596 3753
1162 2060 3754
1367 2069 3755
1505 1509 3756
731 804 3757
282 628 3758
854 1298 3759
344 378 3760
147 802 3761
286 616 3762
32 901 3763
465 2032 3764
920 1610 3765
1594 2044 3766
135 1581 3767
808 2026 3768
562 1305 3769
234 2085 3770
440 1686 3771
306 2105 3772
1195 1941 3773
64 1731 3774
1392 2033 3775
876 1890 3776
1384 1706 3777
1449 2009 3778
308 716 3779
1555 2121 3780
1804 2137 3781
114 1544 3782
349 1530 3783
1046 1896 3784
28 1120 3785
679 1067 3786
495 1261 3787
1071 1120 3788
616 2113 3789
757 1635 3790
1544 1679 3791
481 1413 3792
325 703 3793
204 1343 3794
280 1344 3795
302 1676 3796
1200 1242 3797
1486 1881 3798
801 893 3799
858 982 3800
297 332 3801
1330 1947 3802
273 645 3803
835 1520 3804
207 1721 3805
430 559 3806
1255 1598 3807
1750 1816 3808
569 1273 3809
1676 1814 3810
257 1458 3811
77 750 3812
862 1460 3813
878 2042 3814
1568 2113 3815
161 1364 3816
74 1696 3817
1018 2027 3818
352 1761 3819
430 1105 3820
1355 2079 3821
2 14 3822
812 1652 3823
1689 2012 3824
627 1377 3825
268 1956 3826
579 1603 3827
843 1345 3828
998 1585 3829
1537 1966 3830
316 498 3831
1046 1966 3832
1344 2034 3833
561 1734 3834
188 1790 3835
848 913 3836
1330 1405 3837
50 1818 3838
135 741 3839
1560 1581 3840
71 879 3841
14 1592 3842
639 1694 3843
485 1696 3844
866 1902 3845
954 1581 3846
1429 2077 3847
18 1030 3848
474 1271 3849
104 1929 3850
867 1415 3851
959 1019 3852
798 1445 3853
714 1611 3854
729 1384 3855
878 1989 3856
74 534 3857
474 639 3858
126 1934 3859
1019 1669 3860
694 1821 3861
1546 1732 3862
662 1765 3863
1613 1644 3864
745 1183 3865
1328 1870 3866
494 1395 3867
769 832 3868
502 1209 3869
1637 1664 3870
255 958 3871
281 1350 3872
782 921 3873
1612 2047 3874
2018 2055 3875
763 873 3876
937 1977 3877
583 946 3878
486 2084 3879
628 1735 3880
388 475 3881
969 2034 3882
795 1249 3883
498 1573 3884
679 994 3885
1679 1704 3886
1695 1983 3887
164 1762 3888
291 516 3889
535 1362 3890
712 2143 3891
1617 1935 3892
1818 2100 3893
1160 2118 3894
797 1198 3895
780 1538 3896
1572 1610 3897
213 1842 3898
535 1645 3899
1053 1181 3900
494 954 3901
782 1842 3902
647 1931 3903
649 1983 3904
849 1942 3905
898 1441 3906
1048 1050 3907
1689 1918 3908
1624 1847 3909
136 708 3910
1189 1767 3911
1587 1818 3912
485 2137 3913
819 1854 3914
288 1941 3915
1019 1053 3916
103 703 3917
282 1486 3918
444 1025 3919
926 1544 3920
311 757 3921
1799 1941 3922
1107 1897 3923
790 1784 3924
757 1568 3925
1298 1458 3926
211 2092 3927
239 1530 3928
677 1572 3929
967 1585 3930
1090 1472 3931
1679 2128 3932
1988 2086 3933
1318 1981 3934
1324 1923 3935
1356 1389 3936
646 1977 3937
112 850 3938
2030 2128 3939
676 901 3940
1557 1703 3941
380 1993 3942
1505 1731 3943
39 1875 3944
264 1150 3945
969 1494 3946
281 1839 3947
644 1846 3948
741 752 3949
716 2028 3950
657 1314 3951
784 1514 3952
240 1198 3953
632 1147 3954
825 1683 3955
1958 2076 3956
414 690 3957
464 1805 3958
468 1419 3959
186 1268 3960
954 1890 3961
1118 1125 3962
1099 1927 3963
23 482 3964
431 836 3965
92 601 3966
972 1489 3967
1061 1198 3968
815 1594 3969
915 1973 3970
309 1286 3971
1706 2130 3972
1679 1820 3973
897 1845 3974
6 714 3975
728 1900 3976
1709 1870 3977
299 1268 3978
418 1948 3979
1324 1464 3980
1842 1975 3981
12 1676 3982
286 2113 3983
954 1755 3984
112 677 3985
915 2087 3986
332 1046 3987
226 2024 3988
683 1340 3989
615 1790 3990
710 1793 3991
1086 1395 3992
1496 2032 3993
1 2003 3994
1424 1990 3995
917 1786 3996
38 1392 3997
184 453 3998
1181 1700 3999
742 1013 4000
1518 2096 4001
1159 2030 4002
1178 1231 4003
801 873 4004
453 1782 4005
723 1049 4006
0 177 4007
142 1452 4008
452 901 4009
320 1793 4010
1049 1940 4011
459 1560 4012
888 1981 4013
136 427 4014
797 1651 4015
1314 1927 4016
213 921 4017
180 1486 4018
491 1142 4019
498 1160 4020
594 1652 4021
31 1421 4022
1200 1565 4023
1438 1842 4024
986 1727 4025
1402 1489 4026
332 1537 4027
302 484 4028
718 1019 4029
2043 2055 4030
684 915 4031
882 1708 4032
186 713 4033
676 2022 4034
161 1149 4035
958 1724 4036
1320 1733 4037
1330 1915 4038
475 925 4039
616 1366 4040
648 780 4041
832 2087 4042
1774 2056 4043
491 1667 4044
1166 1741 4045
1182 1668 4046
815 2037 4047
1106 1530 4048
211 2003 4049
1724 1753 4050
100 185 4051
601 1924 4052
1535 1881 4053
84 911 4054
193 1486 4055
313 2085 4056
596 2107 4057
296 1264 4058
2093 2096 4059
128 1476 4060
693 1475 4061
527 681 4062
683 1173 4063
1240 1480 4064
1600 1935 4065
634 1232 4066
187 1258 4067
211 2030 4068
677 2113 4069
438 530 4070
490 1977 4071
658 1196 4072
1383 2092 4073
1565 1964 4074
854 1474 4075
1965 2082 4076
416 1517 4077
873 1590 4078
563 1491 4079
772 1150 4080
1583 1847 4081
1064 1346 4082
88 2002 4083
474 1624 4084
1222 2100 4085
255 780 4086
266 1269 4087
1043 2034 4088
103 1573 4089
589 1981 4090
724 1711 4091
789 1513 4092
926 2128 4093
1129 1424 4094
280 650 4095
158 835 4096
311 616 4097
492 1460 4098
14 1802 4099
25 904 4100
195 281 4101
354 1625 4102
1414 2108 4103
1488 2009 4104
192 1594 4105
946 1460 4106
94 1821 4107
632 866 4108
1314 1879 4109
1344 1842 4110
1481 1739 4111
95 103 4112
615 1350 4113
2010 2093 4114
1171 1532 4115
1153 2024 4116
185 789 4117
855 2136 4118
1572 2033 4119
414 1466 4120
57 1784 4121
1750 1904 4122
446 751 4123
246 1938 4124
850 1366 4125
549 561 4126
464 1007 4127
565 1318 4128
466 1594 4129
1668 2005 4130
547 759 4131
1591 1978 4132
302 1476 4133
484 592 4134
168 648 4135
1359 1926 4136
2005 2061 4137
294 2018 4138
973 1802 4139
440 2088 4140
9 1529 4141
114 2128 4142
152 2113 4143
629 647 4144
1560 1755 4145
639 1583 4146
589 1543 4147
775 1255 4148
104 1624 4149
1046 1907 4150
1171 1995 4151
1624 1888 4152
1624 1929 4153
41 2143 4154
142 1600 4155
380 803 4156
597 1622 4157
142 733 4158
392 2006 4159
1049 1118 4160
1476 1920 4161
24 326 4162
491 977 4163
223 1269 4164
918 1768 4165
1261 1542 4166
649 1867 4167
1250 1935 4168
263 1619 4169
1160 1860 4170
460 973 4171
1024 1598 4172
714 2064 4173
597 711 4174
1486 1925 4175
679 1153 4176
650 824 4177
1007 1805 4178
99 1366 4179
1003 1845 4180
47 1062 4181
423 1256 4182
0 2008 4183
704 1314 4184
666 1020 4185
1935 2040 4186
699 1477 4187
53 1787 4188
1571 1896 4189
1330 1612 4190
1685 1988 4191
36 50 4192
258 1598 4193
919 1724 4194
94 405 4195
283 1693 4196
891 1314 4197
126 2074 4198
50 1711 4199
337 1921 4200
610 1568 4201
257 759 4202
909 1168 4203
4 2086 4204
1259 1890 4205
1384 1631 4206
1704 2030 4207
1007 1709 4208
1944 2130 4209
1616 1659 4210
496 1676 4211
1314 1896 4212
14 1029 4213
808 1774 4214
963 1871 4215
74 316 4216
517 1530 4217
1259 1363 4218
679 2024 4219
1491 2069 4220
152 311 4221
266 980 4222
311 610 4223
589 977 4224
769 1106 4225
190 1247 4226
1060 1779 4227
1576 2048 4228
73 1518 4229
2084 2123 4230
608 628 4231
272 388 4232
824 1647 4233
832 1975 4234
1875 1977 4235
705 711 4236
965 1345 4237
24 1986 4238
168 919 4239
1008 1218 4240
1768 2094 4241
615 1940 4242
694 829 4243
863 1544 4244
962 2037 4245
1423 1768 4246
190 1435 4247
699 2030 4248
28 1462 4249
161 1121 4250
923 1885 4251
491 933 4252
883 1992 4253
938 2018 4254
168 958 4255
1218 2137 4256
1384 1644 4257
651 1471 4258
437 1676 4259
1479 2079 4260
163 1471 4261
88 1743 4262
701 1042 4263
1321 1740 4264
213 2058 4265
1530 1924 4266
714 2115 4267
759 1424 4268
111 1007 4269
214 798 4270
997 1534 4271
69 1546 4272
76 1965 4273
204 1082 4274
981 1414 4275
89 520 4276
1486 1735 4277
326 637 4278
161 782 4279
326 1487 4280
457 1594 4281
954 982 4282
1660 1678 4283
699 1983 4284
211 2041 4285
606 774 4286
2107 2141 4287
1867 2048 4288
1106 1924 4289
1176 2030 4290
39 1914 4291
72 898 4292
1074 1320 4293
1699 1739 4294
897 1784 4295
123 1904 4296
146 719 4297
1727 2062 4298
562 804 4299
485 1008 4300
956 1986 4301
274 582 4302
845 1447 4303
153 2030 4304
539 2087 4305
122 739 4306
878 1099 4307
1561 2024 4308
1067 2024 4309
983 1920 4310
1223 1858 4311
1370 2137 4312
1517 1911 4313
210 1120 4314
474 1870 4315
202 1160 4316
105 1832 4317
370 1230 4318
676 2048 4319
780 919 4320
683 2083 4321
763 1471 4322
535 616 4323
1067 1153 4324
683 1722 4325
724 2075 4326
23 1484 4327
60 1215 4328
1055 1650 4329
942 1506 4330
1383 2030 4331
858 1712 4332
1175 1652 4333
683 1657 4334
270 1176 4335
582 818 4336
1059 1378 4337
1704 2003 4338
928 1622 4339
1314 1387 4340
1704 2041 4341
494 556 4342
23 1390 4343
225 1215 4344
1043 1529 4345
1205 1934 4346
1 2041 4347
1277 1314 4348
111 1847 4349
859 1232 4350
490 1816 4351
751 1965 4352
1314 1834 4353
694 884 4354
1523 1594 4355
136 246 4356
1531 1998 4357
91 1261 4358
969 1875 4359
1375 1966 4360
1243 1904 4361
69 270 4362
1594 1903 4363
1249 1805 4364
1689 1759 4365
708 969 4366
1531 1884 4367
484 1476 4368
28 1701 4369
332 1375 4370
1700 1904 4371
1184 1868 4372
286 311 4373
325 1448 4374
965 1821 4375
482 982 4376
494 2020 4377
1723 1881 4378
808 1535 4379
1298 1743 4380
1546 2048 4381
1007 1258 4382
482 1050 4383
1100 1126 4384
718 1053 4385
875 2006 4386
1854 2082 4387
573 1192 4388
268 857 4389
1185 1478 4390
762 2040 4391
1290 2110 4392
299 323 4393
319 828 4394
1553 1623 4395
1073 1971 4396
105 1453 4397
1832 1853 4398
356 1764 4399
666 1544 4400
708 851 4401
418 592 4402
340 1321 4403
411 738 4404
928 1276 4405
1678 1759 4406
1322 1326 4407
89 511 4408
349 832 4409
257 1129 4410
1008 1524 4411
274 744 4412
928 1177 4413
713 1668 4414
1205 1660 4415
1129 1779 4416
822 2081 4417
246 1668 4418
358 1677 4419
954 1259 4420
943 1281 4421
176 1810 4422
287 895 4423
763 1253 4424
1163 1992 4425
23 2142 4426
622 1028 4427
592 1948 4428
91 719 4429
903 1478 4430
1253 1590 4431
1702 1856 4432
1334 1870 4433
1426 1916 4434
1540 1589 4435
810 1285 4436
1527 1993 4437
50 1493 4438
382 969 4439
1230 1783 4440
148 1520 4441
548 1345 4442
1445 1721 4443
1295 1964 4444
519 2004 4445
653 1492 4446
1321 1884 4447
1226 2083 4448
579 2050 4449
509 711 4450
1652 2045 4451
116 2086 4452
148 271 4453
811 1581 4454
854 1854 4455
812 2034 4456
1584 1731 4457
494 1578 4458
1066 1160 4459
498 963 4460
628 1051 4461
273 1944 4462
1281 1620 4463
1110 2004 4464
1514 1539 4465
743 1619 4466
1064 1881 4467
1192 2016 4468
1022 1580 4469
1295 2044 4470
610 616 4471
1444 1664 4472
217 1792 4473
374 703 4474
316 963 4475
1398 1514 4476
677 2033 4477
614 1174 4478
1520 1720 4479
2030 2048 4480
1032 1230 4481
1655 2018 4482
89 1914 4483
309 1428 4484
465 1703 4485
1739 2072 4486
705 928 4487
232 898 4488
658 1703 4489
1858 1859 4490
24 1651 4491
671 999 4492
1092 1412 4493
1092 2072 4494
411 1769 4495
1201 1258 4496
1295 1565 4497
1301 1580 4498
1035 1178 4499
1359 1775 4500
460 1057 4501
732 1192 4502
452 1695 4503
1814 1871 4504
599 799 4505
311 677 4506
571 1533 4507
782 1157 4508
264 1100 4509
1070 1920 4510
56 1268 4511
981 1076 4512
661 1395 4513
309 1433 4514
1015 1678 4515
836 1384 4516
169 703 4517
172 446 4518
146 2103 4519
1209 1934 4520
1568 2033 4521
1476 1779 4522
1346 1723 4523
600 2032 4524
1141 1521 4525
1362 1576 4526
2041 2048 4527
310 2073 4528
414 962 4529
221 1705 4530
1173 1366 4531
994 1067 4532
319 746 4533
677 1703 4534
1704 2022 4535
645 1384 4536
1412 1739 4537
345 2088 4538
1314 1872 4539
135 752 4540
809 1159 4541
29 1243 4542
1083 1434 4543
757 1366 4544
863 2128 4545
739 1271 4546
1676 2078 4547
1122 2101 4548
1129 1517 4549
651 873 4550
1258 1805 4551
48 1192 4552
427 1668 4553
431 473 4554
275 2092 4555
295 602 4556
190 1112 4557
605 1494 4558
88 1854 4559
1321 1784 4560
824 1627 4561
939 1160 4562
1004 2036 4563
763 893 4564
483 1375 4565
718 1669 4566
203 1319 4567
204 2013 4568
376 1434 4569
659 867 4570
153 1477 4571
658 1392 4572
1770 1876 4573
38 850 4574
880 1237 4575
1222 1384 4576
1727 2098 4577
1260 1992 4578
597 1276 4579
988 1821 4580
794 2057 4581
1496 1624 4582
203 272 4583
325 1632 4584
21 824 4585
325 1031 4586
474 1888 4587
669 1884 4588
882 1884 4589
1019 1181 4590
373 1993 4591
1318 2097 4592
1464 1689 4593
436 690 4594
251 456 4595
858 1306 4596
1282 1954 4597
281 352 4598
639 1007 4599
502 1000 4600
1614 1795 4601
155 1583 4602
814 1873 4603
1616 1709 4604
485 1804 4605
639 1624 4606
835 1843 4607
982 2142 4608
969 1111 4609
1003 2018 4610
74 1804 4611
440 2031 4612
99 757 4613
494 1553 4614
650 2034 4615
1268 1924 4616
483 1046 4617
547 1669 4618
1467 1536 4619
1039 1768 4620
906 2050 4621
699 1626 4622
1249 1709 4623
994 1153 4624
1920 1962 4625
2069 2103 4626
353 502 4627
389 1536 4628
56 1182 4629
404 2133 4630
1714 1969 4631
1486 2112 4632
614 1579 4633
708 1908 4634
662 1348 4635
246 869 4636
713 2005 4637
57 2082 4638
445 2006 4639
530 1133 4640
96 1056 4641
464 1258 4642
688 2086 4643
1354 1703 4644
877 2002 4645
146 559 4646
170 357 4647
245 2076 4648
608 621 4649
728 939 4650
746 1179 4651
1474 1957 4652
185 1213 4653
1255 1650 4654
814 1831 4655
1375 1907 4656
1578 1755 4657
605 2088 4658
1007 1328 4659
128 302 4660
128 1708 4661
632 1862 4662
255 1753 4663
703 1376 4664
914 1045 4665
1117 1232 4666
1784 1965 4667
566 1904 4668
1035 2107 4669
190 1636 4670
799 1708 4671
1271 1315 4672
1486 1868 4673
1280 1856 4674
795 1616 4675
325 548 4676
1477 2048 4677
1937 2119 4678
896 1243 4679
392 537 4680
1679 1732 4681
947 1154 4682
1565 2044 4683
782 2058 4684
289 1185 4685
881 1437 4686
1249 1328 4687
1414 1967 4688
692 2074 4689
763 1837 4690
289 1483 4691
1501 1884 4692
1286 1610 4693
1123 1774 4694
1201 1328 4695
1784 2002 4696
709 1705 4697
325 1852 4698
649 1719 4699
897 1957 4700
1341 2011 4701
1234 1338 4702
211 1679 4703
1177 1276 4704
1495 2037 4705
392 748 4706
1020 1544 4707
192 1274 4708
136 605 4709
23 944 4710
711 1622 4711
1018 1929 4712
163 893 4713
969 1344 4714
73 912 4715
363 928 4716
285 418 4717
106 255 4718
1485 1575 4719
81 1133 4720
382 2088 4721
505 1981 4722
1201 1249 4723
1524 2137 4724
1177 1622 4725
283 977 4726
381 1462 4727
461 1497 4728
622 1341 4729
560 1009 4730
23 982 4731
1620 1958 4732
1261 1575 4733
651 1253 4734
750 983 4735
1119 2107 4736
1720 1843 4737
586 1615 4738
1463 1904 4739
666 2128 4740
1560 1765 4741
1561 1777 4742
751 2055 4743
73 2093 4744
566 2050 4745
888 1272 4746
1474 1784 4747
427 605 4748
495 2111 4749
925 2045 4750
1099 1314 4751
958 1753 4752
1258 1709 4753
498 2118 4754
795 1870 4755
1125 2079 4756
277 1131 4757
1746 2009 4758
178 1412 4759
943 1958 4760
1461 2092 4761
720 2020 4762
111 1611 4763
500 1012 4764
1845 1965 4765
1253 1471 4766
128 615 4767
122 1888 4768
884 1554 4769
929 1341 4770
560 1461 4771
296 671 4772
818 1676 4773
202 1462 4774
1513 1664 4775
163 873 4776
1313 1463 4777
1700 2050 4778
74 1494 4779
743 1076 4780
1244 1525 4781
954 1739 4782
220 1816 4783
793 1373 4784
1482 2086 4785
1242 1594 4786
534 1494 4787
123 2050 4788
400 1620 4789
490 767 4790
552 1069 4791
1313 1603 4792
930 2090 4793
1474 1845 4794
690 1466 4795
1719 1983 4796
597 928 4797
892 1963 4798
1695 2041 4799
330 872 4800
933 2011 4801
23 398 4802
678 2011 4803
490 1579 4804
906 1904 4805
323 1265 4806
307 948 4807
107 1371 4808
232 722 4809
1546 1704 4810
122 1271 4811
484 1948 4812
66 1907 4813
325 1664 4814
134 1571 4815
1393 1876 4816
914 1587 4817
918 1307 4818
1575 2107 4819
1228 1846 4820
76 1957 4821
912 2096 4822
1078 2134 4823
1073 1122 4824
319 1179 4825
819 1965 4826
892 1645 4827
289 586 4828
1428 1498 4829
69 699 4830
1371 1762 4831
280 605 4832
495 1502 4833
296 514 4834
1779 1911 4835
310 397 4836
897 1003 4837
1732 2022 4838
368 490 4839
490 1278 4840
1124 1652 4841
1273 2055 4842
135 1409 4843
284 310 4844
1476 1708 4845
766 1144 4846
1576 1759 4847
281 1411 4848
679 1482 4849
490 528 4850
829 1554 4851
814 2042 4852
309 1720 4853
649 1546 4854
1603 1904 4855
1847 1929 4856
759 1779 4857
1007 1616 4858
947 1689 4859
1239 2057 4860
1411 1940 4861
1018 2032 4862
2035 2086 4863
141 892 4864
273 2130 4865
394 928 4866
155 600 4867
1167 1679 4868
29 908 4869
753 1247 4870
198 319 4871
766 1665 4872
1590 1884 4873
1192 1371 4874
155 2115 4875
698 1805 4876
490 1526 4877
896 1266 4878
484 2100 4879
247 608 4880
858 927 4881
170 1335 4882
954 1623 4883
1173 1722 4884
584 1543 4885
992 1004 4886
1095 1703 4887
2010 2096 4888
634 2086 4889
791 1012 4890
1242 1964 4891
559 719 4892
1184 1486 4893
751 1957 4894
1198 1335 4895
593 881 4896
1497 1916 4897
1054 2134 4898
54 592 4899
60 457 4900
551 1462 4901
662 1533 4902
616 1568 4903
780 1753 4904
1152 1276 4905
467 2051 4906
727 1779 4907
1179 1517 4908
257 1855 4909
116 1357 4910
554 2071 4911
1024 2020 4912
1054 1160 4913
1477 1695 4914
400 943 4915
279 1051 4916
597 1877 4917
210 1071 4918
155 1888 4919
988 1362 4920
349 789 4921
895 1373 4922
722 1347 4923
1133 1588 4924
1957 2082 4925
265 1081 4926
168 1170 4927
304 1639 4928
377 2096 4929
718 1181 4930
316 1948 4931
211 270 4932
962 1676 4933
1066 2118 4934
246 713 4935
612 929 4936
211 1983 4937
1008 1370 4938
1023 1255 4939
1695 2022 4940
1428 1989 4941
726 1497 4942
1908 2034 4943
818 2118 4944
349 444 4945
801 1837 4946
1152 1622 4947
602 1812 4948
815 1964 4949
178 2072 4950
211 1546 4951
323 1924 4952
539 1372 4953
498 1871 4954
1167 2030 4955
1275 1435 4956
1956 2130 4957
1435 1876 4958
711 1276 4959
721 1616 4960
694 1554 4961
1101 1779 4962
273 857 4963
628 821 4964
669 1531 4965
1051 1639 4966
1512 1981 4967
76 2002 4968
1050 1839 4969
769 1975 4970
117 564 4971
212 2011 4972
667 1583 4973
174 319 4974
493 1745 4975
963 2038 4976
495 1252 4977
864 1832 4978
1610 1657 4979
1121 1268 4980
1714 1859 4981
1200 1763 4982
1353 1934 4983
1113 1964 4984
214 1625 4985
223 1173 4986
345 382 4987
943 1620 4988
983 1676 4989
77 1914 4990
416 1779 4991
1524 1692 4992
1181 1669 4993
962 1054 4994
725 919 4995
1066 2134 4996
1435 1550 4997
67 467 4998
99 286 4999
834 2002 5000
153 2048 5001
565 888 5002
213 1121 5003
319 339 5004
1841 2032 5005
73 2010 5006
595 929 5007
894 1524 5008
1272 1439 5009
122 1496 5010
316 1350 5011
584 1046 5012
178 811 5013
1611 1805 5014
337 1371 5015
873 1253 5016
1313 2050 5017
84 766 5018
547 2071 5019
892 1194 5020
553 1747 5021
185 1785 5022
175 1154 5023
415 1163 5024
1102 1581 5025
597 1217 5026
676 1704 5027
226 493 5028
171 977 5029
208 892 5030
638 1749 5031
851 1107 5032
1524 1946 5033
565 1512 5034
172 493 5035
183 743 5036
649 681 5037
1313 1700 5038
592 638 5039
404 832 5040
714 987 5041
752 1102 5042
511 1275 5043
1914 2082 5044
747 2076 5045
257 665 5046
963 1350 5047
387 974 5048
316 1871 5049
1571 2011 5050
750 1795 5051
1812 1813 5052
389 1938 5053
1218 1804 5054
509 928 5055
1626 2048 5056
211 1704 5057
1059 1939 5058
464 1870 5059
1121 1667 5060
365 2086 5061
1392 1635 5062
347 553 5063
1887 2036 5064
128 799 5065
893 1471 5066
1873 2058 5067
211 1020 5068
345 1877 5069
275 1679 5070
554 1664 5071
1463 2050 5072
493 1434 5073
363 1152 5074
547 1129 5075
1099 2042 5076
1465 1903 5077
1611 2032 5078
1780 2060 5079
1620 2076 5080
66 1777 5081
1247 1803 5082
1675 1916 5083
457 1215 5084
286 1392 5085
1004 1887 5086
1616 1870 5087
708 1494 5088
1209 1826 5089
105 726 5090
639 1258 5091
1054 1860 5092
265 630 5093
1020 1704 5094
446 493 5095
163 1253 5096
1146 1964 5097
1243 1266 5098
84 422 5099
1458 2071 5100
1056 1720 5101
1603 2050 5102
1664 1666 5103
644 1688 5104
2118 2137 5105
122 1583 5106
1220 2003 5107
1494 1529 5108
295 1812 5109
854 1965 5110
883 1260 5111
225 457 5112
661 1623 5113
1881 2009 5114
220 1099 5115
1339 1712 5116
323 1416 5117
1117 1708 5118
1151 1262 5119
178 1092 5120
1049 2100 5121
1181 1904 5122
764 1791 5123
943 2023 5124
1868 2017 5125
498 1814 5126
1258 1328 5127
902 1604 5128
1868 1925 5129
699 1695 5130
448 1486 5131
650 1344 5132
832 1268 5133
892 1738 5134
1071 1385 5135
1052 1486 5136
84 842 5137
218 597 5138
1704 1983 5139
1395 1890 5140
1599 1623 5141
183 2069 5142
1274 2132 5143
1292 1295 5144
677 757 5145
394 1152 5146
842 911 5147
834 1854 5148
1065 1242 5149
228 1573 5150
859 2086 5151
818 2090 5152
69 153 5153
87 1394 5154
115 408 5155
553 828 5156
174 1424 5157
309 698 5158
790 1285 5159
319 1425 5160
1476 2100 5161
884 1826 5162
435 583 5163
443 586 5164
1471 1590 5165
705 1177 5166
1344 1494 5167
1788 2017 5168
316 1494 5169
1458 1664 5170
446 1003 5171
23 1272 5172
69 1732 5173
89 1885 5174
1018 1624 5175
997 1886 5176
1494 2088 5177
726 1280 5178
615 1476 5179
993 1096 5180
1185 1615 5181
1743 1774 5182
1271 1645 5183
1280 1319 5184
1499 1779 5185
105 1316 5186
23 615 5187
1849 2092 5188
819 1957 5189
1688 1846 5190
1181 2050 5191
87 1336 5192
170 1925 5193
269 1096 5194
974 1060 5195
1271 1496 5196
710 1239 5197
87 1154 5198
285 1948 5199
754 947 5200
1280 1862 5201
705 1152 5202
1580 1647 5203
1820 1867 5204
416 434 5205
586 1913 5206
1180 2032 5207
1347 1594 5208
711 928 5209
211 1820 5210
446 2082 5211
763 1590 5212
1486 1534 5213
977 1571 5214
857 2100 5215
597 814 5216
963 1573 5217
1477 1704 5218
318 1544 5219
1052 1925 5220
1076 2134 5221
1163 1260 5222
992 1887 5223
1328 1616 5224
415 1992 5225
1238 1425 5226
1623 2029 5227
347 828 5228
1854 2002 5229
680 1708 5230
178 1578 5231
449 842 5232
408 545 5233
594 2045 5234
1379 1578 5235
154 1566 5236
529 2071 5237
416 442 5238
931 2129 5239
1001 1399 5240
1635 2003 5241
128 599 5242
420 962 5243
1115 1216 5244
969 1124 5245
1496 1888 5246
1704 2048 5247
1144 1665 5248
277 1856 5249
266 1949 5250
1224 1854 5251
69 2022 5252
183 1426 5253
963 1886 5254
1352 1903 5255
452 1820 5256
739 1888 5257
234 1095 5258
84 1665 5259
1274 1964 5260
1578 1623 5261
1175 2045 5262
1106 1268 5263
286 1366 5264
1575 1939 5265
509 1152 5266
452 1704 5267
911 1665 5268
2032 2115 5269
471 947 5270
490 776 5271
422 1665 5272
509 1177 5273
836 1513 5274
873 1471 5275
498 1242 5276
137 1426 5277
651 1590 5278
732 1012 5279
1054 2118 5280
1576 1820 5281
226 410 5282
995 1868 5283
882 1476 5284
599 1708 5285
1688 1791 5286
1657 1887 5287
1481 1578 5288
1845 2002 5289
122 1847 5290
296 2059 5291
759 1129 5292
1003 1965 5293
1266 1812 5294
512 1549 5295
799 882 5296
1224 1845 5297
359 2032 5298
963 2118 5299
47 2116 5300
1133 1396 5301
498 1396 5302
903 995 5303
961 1648 5304
324 515 5305
1621 2090 5306
1704 1732 5307
882 1117 5308
1350 1476 5309
604 1283 5310
1316 1916 5311
1845 1957 5312
604 1337 5313
963 1814 5314
1052 1899 5315
819 2002 5316
183 950 5317
347 979 5318
956 1565 5319
1732 1820 5320
1224 2002 5321
1576 1704 5322
1117 2086 5323
317 476 5324
789 1213 5325
842 1144 5326
1065 1200 5327
1152 1177 5328
737 1832 5329
1496 1847 5330
948 2011 5331
1871 2053 5332
902 931 5333
1578 1699 5334
319 1214 5335
901 1626 5336
199 1929 5337
347 1836 5338
652 1012 5339
811 1681 5340
652 780 5341
737 1853 5342
1293 1771 5343
1545 2081 5344
950 1385 5345
1983 2048 5346
83 1853 5347
1069 1426 5348
246 1571 5349
2048 2092 5350
739 1496 5351
966 1660 5352
1463 1743 5353
58 779 5354
270 932 5355
916 2032 5356
1003 1474 5357
1494 1862 5358
57 975 5359
1253 1420 5360
698 1709 5361
443 1185 5362
741 1102 5363
597 1177 5364
963 1948 5365
1578 1681 5366
452 1197 5367
699 901 5368
244 995 5369
929 1681 5370
1516 1925 5371
1565 1984 5372
316 1814 5373
1060 1129 5374
446 819 5375
881 1507 5376
642 892 5377
680 882 5378
873 1420 5379
1664 2071 5380
584 679 5381
642 1989 5382
757 1392 5383
220 1391 5384
1317 1546 5385
666 2048 5386
1167 2048 5387
1626 1732 5388
554 2134 5389
892 1684 5390
1184 1899 5391
316 1200 5392
772 842 5393
969 2045 5394
1420 1590 5395
699 2048 5396
994 1777 5397
1391 1816 5398
2051 2071 5399
114 2048 5400
1069 1071 5401
2023 2076 5402
1052 1184 5403
1008 1289 5404
349 1887 5405
162 969 5406
199 1847 5407
1054 1066 5408
128 882 5409
243 2022 5410
512 2081 5411
987 1888 5412
962 2039 5413
847 1705 5414
737 1253 5415
741 2089 5416
1439 1712 5417
128 1350 5418
1777 1819 5419
336 1870 5420
496 1350 5421
964 1980 5422
770 1792 5423
698 1989 5424
217 770 5425
357 1391 5426
437 1350 5427
605 1234 5428
1268 1416 5429
99 677 5430
419 1635 5431
739 987 5432
467 1507 5433
1344 1804 5434
422 911 5435
776 1853 5436
1064 1352 5437
267 2071 5438
1185 1391 5439
1278 1512 5440
854 2002 5441
669 1856 5442
983 2118 5443
1714 1892 5444
1350 2038 5445
872 2031 5446
264 842 5447
711 2078 5448
1774 1963 5449
317 418 5450
435 946 5451
1637 2071 5452
324 1964 5453
357 1925 5454
822 1545 5455
1571 1667 5456
676 1820 5457
854 1957 5458
737 864 5459
1420 1471 5460
1990 2071 5461
928 2078 5462
363 1177 5463
928 1152 5464
994 1837 5465
1216 1730 5466
759 1060 5467
931 1453 5468
1065 1573 5469
1184 2017 5470
175 995 5471
893 1253 5472
1177 2116 5473
1065 1814 5474
862 1903 5475
1319 1453 5476
1350 2118 5477
1573 1871 5478
1888 2115 5479
1786 1912 5480
197 1041 5481
1732 2048 5482
942 2071 5483
1194 1864 5484
630 1096 5485
928 1274 5486
1854 1965 5487
1350 1751 5488
1574 2078 5489
917 1912 5490
1319 1856 5491
270 2048 5492
324 457 5493
183 1069 5494
1152 1274 5495
394 1177 5496
1224 1965 5497
1684 1963 5498
1431 1836 5499
383 1350 5500
862 1513 5501
766 911 5502
963 1708 5503
122 1841 5504
163 1590 5505
843 1194 5506
630 1041 5507
1288 1289 5508
1350 2039 5509
1385 1426 5510
1474 1965 5511
897 1965 5512
737 1590 5513
921 1289 5514
512 822 5515
1194 1826 5516
154 1361 5517
534 1350 5518
1210 1936 5519
1303 1988 5520
882 1751 5521
1586 2063 5522
512 1545 5523
690 1350 5524
345 509 5525
942 1585 5526
770 1298 5527
1704 1867 5528
1494 1708 5529
122 987 5530
990 1912 5531
345 1494 5532
844 1184 5533
942 1285 5534
698 925 5535
1957 1965 5536
383 2094 5537
1258 1870 5538
324 1836 5539
116 1303 5540
737 873 5541
837 1912 5542
1571 1848 5543
698 795 5544
995 1184 5545
1845 1854 5546
302 1350 5547
1246 1586 5548
1350 1948 5549
711 1177 5550
1965 2002 5551
1184 1925 5552
321 961 5553
1673 1710 5554
2031 2081 5555
579 1904 5556
1362 1904 5557
950 1069 5558
2078 2118 5559
318 2048 5560
1186 1912 5561
1777 2014 5562
1303 2035 5563
1038 1361 5564
604 1041 5565
725 1963 5566
786 1856 5567
418 1350 5568
1904 2050 5569
911 1144 5570
699 1167 5571
1293 1688 5572
435 1296 5573
1020 2048 5574
1289 1524 5575
345 1274 5576
722 1062 5577
1275 1357 5578
1496 2115 5579
1820 2048 5580
1102 1409 5581
1194 1936 5582
1069 1385 5583
1444 2071 5584
1114 1673 5585
1679 2048 5586
1268 1975 5587
822 2031 5588
1152 2078 5589
1545 2031 5590
1596 1912 5591
1041 1492 5592
987 2032 5593
711 1152 5594
1507 2071 5595
1350 1708 5596
754 1194 5597
1590 1674 5598
971 1637 5599
1007 1870 5600
1450 2071 5601
698 1328 5602
1096 1545 5603
168 1963 5604
1784 1957 5605
850 2113 5606
1054 1350 5607
1313 1904 5608
853 1814 5609
1003 1957 5610
1357 1844 5611
1391 1815 5612
1210 1777 5613
834 1965 5614
1138 1811 5615
1870 1881 5616
2022 2048 5617
1138 1621 5618
853 1871 5619
1710 1758 5620
408 1138 5621
688 1303 5622
1184 1534 5623
1814 2118 5624
2081 2094 5625
1237 1837 5626
962 1350 5627
966 1194 5628
1001 1041 5629
1232 1303 5630
73 1361 5631
759 2080 5632
1439 1836 5633
1062 1964 5634
1350 2116 5635
873 1165 5636
317 1357 5637
759 1980 5638
896 1912 5639
1289 1344 5640
847 960 5641
698 1963 5642
942 1137 5643
345 2078 5644
893 1590 5645
1357 2019 5646
1777 1936 5647
1545 2094 5648
1476 2078 5649
1477 2022 5650
653 1041 5651
873 893 5652
1258 1624 5653
880 1837 5654
1303 1482 5655
1538 1963 5656
1303 2086 5657
821 1184 5658
1102 1296 5659
961 1293 5660
962 2078 5661
1162 1262 5662
677 850 5663
699 1732 5664
1138 1357 5665
1303 1357 5666
859 1303 5667
1062 1347 5668
1214 1590 5669
1007 1881 5670
650 1289 5671
1102 1673 5672
822 2094 5673
1102 1758 5674
799 1350 5675
1289 2045 5676
1385 1571 5677
1391 2080 5678
1753 1963 5679
1453 1578 5680
1350 1892 5681
1152 1350 5682
2031 2094 5683
1258 1881 5684
1414 1530 5685
1586 1673 5686
971 1777 5687
776 1062 5688
963 1274 5689
1298 1303 5690
1724 1963 5691
765 1260 5692
963 1152 5693
963 2078 5694
882 1494 5695
1931 1963 5696
1361 1673 5697
1177 1350 5698
1062 1594 5699
882 1350 5700
1350 2078 5701
