1403 1630 1
224 1630 2
924 1454 3
356 847 4
224 557 5
144 687 6
221 847 7
1454 2007 8
300 952 9
924 2007 10
300 356 11
221 502 12
1630 1976 13
518 1630 14
113 687 15
686 1104 16
1630 2117 17
270 847 18
356 952 19
1976 2117 20
9 557 21
221 300 22
113 827 23
113 144 24
300 1772 25
356 502 26
675 1104 27
847 2092 28
117 847 29
300 1776 30
687 1768 31
113 1104 32
502 847 33
827 1104 34
1432 2052 35
518 1403 36
113 686 37
847 1172 38
221 952 39
686 1432 40
840 976 41
468 973 42
117 300 43
356 477 44
1602 1972 45
847 2030 46
113 783 47
144 686 48
117 356 49
144 1768 50
952 1772 51
552 557 52
675 1432 53
144 1104 54
924 1942 55
1454 1942 56
686 2052 57
224 2117 58
1104 1432 59
224 1976 60
1403 1976 61
117 502 62
356 1776 63
477 502 64
117 952 65
87 847 66
847 926 67
1403 2117 68
468 623 69
675 2052 70
224 856 71
952 1776 72
120 654 73
1602 1630 74
300 1205 75
356 1772 76
468 589 77
440 468 78
570 1104 79
113 1158 80
477 527 81
1630 1972 82
1942 2007 83
267 529 84
477 952 85
502 1172 86
687 1104 87
203 557 88
840 1680 89
300 1978 90
1454 1514 91
86 529 92
924 1514 93
1602 2117 94
46 1104 95
113 207 96
1403 1602 97
1403 1972 98
1104 1158 99
518 2117 100
518 1976 101
570 1768 102
847 1978 103
300 477 104
1602 1976 105
440 973 106
952 1205 107
1104 2052 108
144 783 109
356 527 110
300 1172 111
847 1193 112
686 827 113
224 1602 114
300 1806 115
856 1403 116
557 856 117
87 270 118
856 1630 119
86 267 120
113 570 121
224 1972 122
532 1768 123
529 547 124
856 1602 125
687 1500 126
847 1806 127
113 532 128
191 300 129
9 468 130
9 552 131
117 221 132
341 1630 133
502 568 134
1284 1630 135
502 1978 136
114 527 137
502 1772 138
952 1978 139
103 557 140
300 1193 141
356 1806 142
113 1432 143
113 1768 144
341 687 145
417 557 146
468 921 147
856 1972 148
1772 1776 149
87 1679 150
502 1776 151
86 547 152
341 1430 153
529 1637 154
46 1432 155
267 547 156
502 1806 157
67 267 158
114 847 159
117 1776 160
341 2117 161
847 1205 162
86 1637 163
952 1806 164
1284 1602 165
67 529 166
1284 1972 167
1514 2007 168
67 86 169
221 1205 170
267 1637 171
356 1978 172
0 654 173
87 2092 174
687 783 175
191 952 176
687 1430 177
527 847 178
557 1602 179
628 1486 180
1972 2117 181
341 1976 182
527 1776 183
502 1193 184
952 1172 185
221 568 186
221 1772 187
840 1325 188
547 1637 189
1284 2117 190
1284 1976 191
557 1078 192
686 1768 193
1972 1976 194
1104 1768 195
477 847 196
502 692 197
529 1444 198
341 518 199
46 2052 200
123 1750 201
113 675 202
203 552 203
341 1403 204
847 1776 205
267 1444 206
468 1842 207
1430 1630 208
856 2117 209
300 1923 210
468 609 211
144 532 212
144 1500 213
856 1976 214
502 952 215
0 1269 216
300 502 217
686 1158 218
529 1450 219
144 1528 220
692 847 221
1284 1403 222
67 1637 223
114 270 224
557 1076 225
113 2052 226
952 1193 227
86 1444 228
190 687 229
440 623 230
117 1205 231
119 121 232
547 1444 233
675 686 234
707 1270 235
477 1205 236
527 926 237
1784 2082 238
67 547 239
1469 1557 240
502 2030 241
687 1528 242
783 1768 243
570 686 244
0 120 245
847 1772 246
502 1205 247
783 1104 248
103 552 249
207 1104 250
568 847 251
973 1842 252
1158 1432 253
840 913 254
502 1923 255
440 609 256
686 783 257
847 1923 258
907 1602 259
7 924 260
1430 1976 261
1403 1430 262
116 145 263
847 1020 264
707 840 265
190 1784 266
1444 1637 267
267 1450 268
503 1104 269
113 503 270
186 468 271
191 477 272
1269 1937 273
907 1972 274
1514 1942 275
356 1923 276
417 552 277
547 1450 278
687 1309 279
46 113 280
270 2092 281
654 1937 282
1430 1602 283
976 1680 284
552 856 285
86 1450 286
623 1842 287
1430 2117 288
113 1500 289
477 1978 290
1205 1776 291
76 1784 292
191 356 293
67 1444 294
1104 1445 295
144 1702 296
654 1469 297
654 2004 298
1281 1555 299
518 1430 300
557 1784 301
707 1654 302
1205 1978 303
186 623 304
249 1430 305
300 692 306
547 1990 307
1241 1429 308
468 2058 309
1450 1637 310
117 1772 311
913 976 312
145 335 313
976 1325 314
87 356 315
552 1078 316
1776 1806 317
4 140 318
1768 1896 319
114 2092 320
952 1923 321
566 1750 322
7 1454 323
518 1602 324
687 1754 325
1776 1978 326
191 527 327
847 1678 328
116 634 329
117 477 330
191 1772 331
552 1076 332
3 529 333
34 924 334
145 365 335
527 1205 336
623 2058 337
570 783 338
686 1500 339
635 687 340
1772 1806 341
191 847 342
1284 1430 343
1430 1972 344
527 1978 345
687 1400 346
356 1205 347
117 1806 348
7 2007 349
116 335 350
1193 1772 351
529 1990 352
356 1172 353
116 365 354
518 1972 355
1205 1772 356
400 1555 357
207 1432 358
3 86 359
191 502 360
590 686 361
1500 1768 362
221 1806 363
113 590 364
270 1679 365
783 827 366
924 1380 367
190 2082 368
3 267 369
654 1557 370
973 1268 371
67 1450 372
1679 2092 373
847 952 374
1172 1776 375
570 827 376
117 1172 377
191 1776 378
687 953 379
470 924 380
529 1887 381
868 924 382
440 1842 383
144 827 384
43 623 385
46 686 386
86 100 387
113 1856 388
527 2030 389
1637 1990 390
136 440 391
503 686 392
1432 1445 393
145 634 394
341 1602 395
1937 2004 396
76 2082 397
249 341 398
1312 2052 399
568 1172 400
840 1654 401
1325 1680 402
113 1445 403
267 1990 404
300 847 405
100 529 406
221 692 407
224 2109 408
356 692 409
126 654 410
76 190 411
316 440 412
1104 1500 413
126 502 414
1172 1205 415
1193 1205 416
847 1945 417
1193 1776 418
1637 1887 419
4 335 420
1445 2052 421
267 1887 422
552 1784 423
1243 1750 424
1555 1958 425
654 1269 426
4 480 427
207 2052 428
589 953 429
675 1445 430
100 267 431
7 1942 432
86 1887 433
270 2022 434
747 1555 435
686 1040 436
609 973 437
88 687 438
113 1528 439
270 926 440
503 2052 441
161 468 442
547 2051 443
674 840 444
687 1702 445
4 365 446
120 1937 447
346 924 448
335 634 449
1444 1450 450
190 224 451
190 1768 452
1312 1432 453
76 819 454
86 1990 455
123 490 456
1205 2030 457
547 1887 458
707 976 459
532 783 460
120 1269 461
1172 1772 462
589 1842 463
926 2092 464
270 527 465
783 1500 466
140 634 467
4 145 468
440 1350 469
1768 1856 470
140 480 471
827 1768 472
163 557 473
341 1972 474
365 634 475
452 847 476
503 1432 477
1594 2037 478
1241 2135 479
570 1500 480
924 1505 481
532 1467 482
341 1284 483
221 1193 484
116 688 485
477 1806 486
692 952 487
117 568 488
123 906 489
3 1637 490
400 1281 491
532 827 492
100 1637 493
140 145 494
686 1528 495
87 2030 496
1104 1312 497
34 2007 498
86 1507 499
518 1284 500
527 1172 501
1776 1923 502
1078 1784 503
634 688 504
117 1978 505
1158 1768 506
1454 1505 507
65 714 508
300 568 509
18 623 510
1104 1528 511
1397 1630 512
86 1513 513
1694 2032 514
906 1750 515
4 634 516
417 856 517
590 1104 518
116 140 519
490 1750 520
140 365 521
529 1513 522
477 568 523
568 1776 524
529 2051 525
687 1158 526
145 688 527
704 891 528
847 1099 529
1507 1637 530
714 1694 531
1429 2135 532
1557 1937 533
1637 2051 534
140 335 535
783 1528 536
1444 1990 537
1104 1467 538
3 67 539
527 1020 540
267 2051 541
440 921 542
529 1716 543
3 547 544
527 1983 545
547 1507 546
4 116 547
687 827 548
114 1679 549
207 675 550
529 765 551
114 2022 552
783 1158 553
1937 1949 554
780 855 555
868 2007 556
1281 1958 557
335 365 558
686 1445 559
868 1942 560
1269 1949 561
1444 1887 562
1505 2007 563
113 1040 564
300 1678 565
140 859 566
267 1513 567
557 2109 568
687 1468 569
67 1887 570
497 687 571
1528 1768 572
43 1842 573
86 765 574
163 203 575
245 747 576
113 1312 577
67 1990 578
417 1784 579
1513 1637 580
527 2092 581
686 951 582
1842 2058 583
1184 1486 584
926 1679 585
116 859 586
108 335 587
87 114 588
356 1678 589
623 1530 590
855 1729 591
108 145 592
168 831 593
245 1281 594
300 1945 595
67 100 596
267 1716 597
527 1923 598
913 1680 599
100 547 600
1500 1528 601
3 1444 602
144 1856 603
831 855 604
92 440 605
144 1158 606
634 859 607
108 365 608
86 1716 609
108 140 610
976 1654 611
221 1923 612
267 1507 613
384 660 614
346 2007 615
589 628 616
120 2004 617
470 2007 618
203 417 619
145 480 620
335 859 621
590 1040 622
116 1117 623
1193 1978 624
547 942 625
856 1078 626
335 688 627
1309 1754 628
9 1900 629
468 2034 630
140 1117 631
480 634 632
1469 1937 633
86 2051 634
100 1444 635
249 687 636
686 1312 637
140 688 638
529 1162 639
245 400 640
692 1772 641
116 480 642
502 1678 643
634 1117 644
34 1454 645
1450 1990 646
267 765 647
186 609 648
547 1716 649
891 1277 650
108 116 651
847 947 652
1444 1507 653
0 2004 654
365 688 655
557 1884 656
1450 1887 657
34 1942 658
1380 1454 659
356 1945 660
906 1243 661
1530 1842 662
388 689 663
747 1281 664
847 1970 665
346 1942 666
88 2082 667
570 1158 668
570 1528 669
855 1931 670
9 136 671
568 1806 672
704 1277 673
1500 1702 674
1528 1702 675
4 688 676
4 859 677
827 1158 678
86 1162 679
477 692 680
72 1486 681
566 906 682
1193 1806 683
692 1776 684
417 1078 685
365 480 686
4 1117 687
100 1450 688
1380 1942 689
1450 1507 690
3 100 691
1637 1716 692
28 557 693
1768 1988 694
3 1450 695
1594 1680 696
168 855 697
63 775 698
145 859 699
4 108 700
1270 1654 701
490 566 702
76 88 703
891 1387 704
1444 2051 705
207 1445 706
1806 1978 707
191 1193 708
1486 1925 709
763 1768 710
9 1078 711
765 1637 712
831 1724 713
18 440 714
145 1117 715
674 1654 716
1602 2015 717
116 1482 718
267 1162 719
477 1678 720
1040 1104 721
351 581 722
335 480 723
388 663 724
529 942 725
20 831 726
43 468 727
470 1942 728
145 1482 729
86 1386 730
440 1268 731
1076 1784 732
325 1776 733
654 1949 734
4 687 735
245 1958 736
1467 1768 737
67 1513 738
547 1162 739
868 1454 740
335 1117 741
365 859 742
581 1404 743
582 2069 744
688 859 745
249 518 746
163 552 747
529 1386 748
687 790 749
270 318 750
1776 1945 751
113 1702 752
440 1668 753
547 765 754
1162 1637 755
67 2051 756
400 747 757
704 1387 758
704 1896 759
985 1694 760
0 1469 761
400 1958 762
123 579 763
840 1270 764
921 1842 765
686 1702 766
1366 2085 767
86 1229 768
952 1945 769
952 1678 770
1205 1806 771
692 1205 772
113 1467 773
346 1454 774
1172 1806 775
1694 2027 776
108 634 777
1397 1403 778
67 1716 779
687 1744 780
891 1834 781
480 859 782
2022 2092 783
568 952 784
570 1040 785
502 1945 786
529 1507 787
491 1896 788
529 1229 789
87 1983 790
126 808 791
191 1978 792
88 190 793
365 1482 794
452 1867 795
0 1557 796
67 1507 797
704 1834 798
1366 1757 799
856 2109 800
123 566 801
267 1386 802
623 2087 803
108 480 804
113 951 805
335 1482 806
1277 1896 807
67 765 808
1450 2051 809
163 1078 810
187 714 811
86 779 812
65 1694 813
342 1241 814
865 1429 815
28 552 816
356 568 817
1507 1990 818
72 824 819
187 309 820
688 1117 821
18 186 822
663 1135 823
1887 1990 824
46 570 825
365 1117 826
891 1896 827
417 763 828
1630 2114 829
203 1078 830
87 1020 831
108 859 832
798 2052 833
1181 1750 834
1450 1513 835
532 1158 836
942 1637 837
267 1229 838
114 926 839
1990 2051 840
207 1312 841
819 1784 842
1584 2007 843
109 1602 844
1243 1768 845
529 1903 846
1277 1387 847
365 807 848
1463 1750 849
780 831 850
783 1702 851
47 581 852
318 2092 853
921 2058 854
490 579 855
491 704 856
827 1445 857
204 2037 858
341 360 859
20 855 860
480 1117 861
498 1676 862
1193 1923 863
1757 2085 864
140 1482 865
831 1097 866
491 891 867
855 1724 868
480 688 869
568 1772 870
1659 2032 871
360 1430 872
444 468 873
270 2030 874
579 1750 875
798 1432 876
582 1784 877
674 1594 878
1584 1942 879
232 976 880
973 2058 881
440 1530 882
707 1594 883
859 1117 884
1444 1716 885
204 953 886
1076 1078 887
3 1507 888
86 1903 889
145 1968 890
18 921 891
86 1785 892
100 1887 893
103 1078 894
1603 1750 895
109 1972 896
780 1931 897
3 1513 898
765 1444 899
18 43 900
235 687 901
86 942 902
865 1241 903
145 1768 904
623 921 905
7 1514 906
280 468 907
634 1482 908
101 388 909
3 1887 910
52 552 911
1637 2057 912
529 779 913
985 1334 914
714 1659 915
518 1397 916
747 1958 917
529 1785 918
651 856 919
52 582 920
568 1205 921
126 692 922
714 1103 923
532 1528 924
1454 1584 925
3 1990 926
267 779 927
676 1477 928
1557 1949 929
109 1403 930
1729 1931 931
634 807 932
100 1513 933
1277 1834 934
388 1135 935
925 1652 936
1555 2023 937
100 1990 938
1200 1594 939
67 1162 940
319 1768 941
191 692 942
1366 2113 943
144 1467 944
75 1429 945
865 2135 946
1172 1193 947
257 1637 948
1130 1241 949
120 191 950
654 2123 951
114 1020 952
384 2068 953
973 1668 954
552 2109 955
590 1432 956
1397 1430 957
692 1978 958
300 1970 959
464 714 960
635 1309 961
765 1450 962
65 66 963
186 1268 964
547 1386 965
714 2027 966
1430 2015 967
86 2057 968
491 2030 969
568 1923 970
190 819 971
270 1546 972
18 973 973
1104 1702 974
87 926 975
1313 1750 976
502 1689 977
1513 1887 978
1637 1903 979
529 2057 980
4 1482 981
120 1557 982
267 942 983
325 547 984
342 1429 985
581 673 986
985 2032 987
529 1884 988
87 2022 989
190 1298 990
391 2027 991
109 1284 992
490 906 993
1507 2051 994
502 1970 995
547 1458 996
1972 2015 997
1477 1867 998
1205 1678 999
257 547 1000
257 529 1001
527 947 1002
547 1676 1003
168 780 1004
527 1679 1005
235 1309 1006
1990 2057 1007
1949 2004 1008
342 1130 1009
120 1949 1010
1162 1444 1011
109 1630 1012
1450 1716 1013
19 98 1014
20 780 1015
1834 1896 1016
795 1694 1017
855 1097 1018
1702 1768 1019
267 1785 1020
1003 1784 1021
1387 1834 1022
855 1752 1023
687 854 1024
136 1668 1025
985 1103 1026
1659 2027 1027
566 579 1028
221 1678 1029
552 2069 1030
2085 2113 1031
14 1268 1032
187 2032 1033
309 464 1034
547 1229 1035
65 2027 1036
203 1076 1037
1387 1896 1038
87 754 1039
3 1716 1040
926 2022 1041
529 1458 1042
1757 2113 1043
207 214 1044
440 832 1045
1269 1469 1046
1281 2023 1047
116 807 1048
663 925 1049
1546 1867 1050
1700 1750 1051
100 1716 1052
440 584 1053
120 1469 1054
589 888 1055
942 1887 1056
1172 1923 1057
76 854 1058
267 2057 1059
316 1676 1060
714 1709 1061
65 1103 1062
108 1482 1063
14 973 1064
337 935 1065
810 1430 1066
3 765 1067
557 1273 1068
1392 1757 1069
1659 1694 1070
924 1398 1071
1386 1637 1072
108 1768 1073
692 1193 1074
714 2032 1075
440 2058 1076
1397 1602 1077
30 1429 1078
72 628 1079
547 1903 1080
757 2085 1081
831 1931 1082
203 1400 1083
257 267 1084
832 1842 1085
942 1990 1086
191 1205 1087
1490 2026 1088
20 1931 1089
951 1432 1090
47 976 1091
1716 1887 1092
779 1637 1093
590 2052 1094
100 765 1095
65 1659 1096
325 1978 1097
1557 2004 1098
676 1546 1099
751 2082 1100
1398 1454 1101
906 1463 1102
64 1454 1103
1637 1654 1104
325 1507 1105
725 855 1106
9 1204 1107
335 807 1108
833 1765 1109
281 1486 1110
464 2032 1111
743 1768 1112
859 1768 1113
1284 1397 1114
92 136 1115
1162 1450 1116
623 851 1117
942 1444 1118
168 1724 1119
1752 1931 1120
67 1386 1121
187 795 1122
1576 1867 1123
114 2030 1124
452 2003 1125
204 558 1126
1469 2004 1127
951 2052 1128
783 1856 1129
687 1224 1130
754 2030 1131
76 1298 1132
190 854 1133
375 1863 1134
1268 2058 1135
30 75 1136
547 779 1137
1104 1856 1138
688 1482 1139
819 2082 1140
897 1784 1141
190 834 1142
676 2003 1143
891 1872 1144
88 819 1145
714 985 1146
953 1754 1147
532 1702 1148
257 1676 1149
1784 2069 1150
952 1970 1151
245 2023 1152
1206 1440 1153
417 1884 1154
1887 2051 1155
388 925 1156
714 1328 1157
834 2082 1158
704 1872 1159
976 1270 1160
168 1729 1161
214 2052 1162
491 1387 1163
116 1968 1164
518 2114 1165
391 1694 1166
714 1440 1167
953 1309 1168
1162 1887 1169
1222 1486 1170
497 1430 1171
1678 1772 1172
207 798 1173
922 1680 1174
1507 1887 1175
203 1884 1176
827 1528 1177
1298 2082 1178
76 834 1179
249 360 1180
1386 1444 1181
1500 1856 1182
3 1162 1183
480 1482 1184
1392 2085 1185
687 834 1186
765 1887 1187
1458 1637 1188
1469 1949 1189
1229 1637 1190
101 925 1191
1117 1784 1192
654 1970 1193
687 1823 1194
468 584 1195
1205 1923 1196
67 1903 1197
589 1530 1198
1513 1990 1199
163 651 1200
299 973 1201
582 1027 1202
309 892 1203
547 1785 1204
67 1229 1205
109 1976 1206
660 2068 1207
765 1507 1208
581 1267 1209
235 1754 1210
2027 2049 1211
3 1229 1212
309 1709 1213
311 2085 1214
86 325 1215
108 688 1216
161 1842 1217
1531 1976 1218
2030 2092 1219
635 1400 1220
838 1605 1221
1366 1392 1222
568 1193 1223
906 1193 1224
1867 2003 1225
326 1594 1226
831 1752 1227
33 186 1228
491 1277 1229
9 1076 1230
318 1679 1231
985 1659 1232
474 714 1233
707 1680 1234
906 1603 1235
1064 2026 1236
1020 2022 1237
692 1923 1238
1097 1729 1239
1776 1970 1240
840 922 1241
123 1463 1242
351 1404 1243
3 1386 1244
20 1729 1245
114 1576 1246
356 1970 1247
1444 2057 1248
28 103 1249
100 1162 1250
579 906 1251
1637 1785 1252
714 795 1253
714 1805 1254
103 1076 1255
309 1328 1256
859 2082 1257
226 1561 1258
3 779 1259
1196 1392 1260
100 1386 1261
136 2058 1262
942 1450 1263
807 859 1264
827 1500 1265
1724 1729 1266
635 1754 1267
323 440 1268
103 498 1269
123 1243 1270
267 1458 1271
1679 2022 1272
440 1057 1273
92 609 1274
780 1097 1275
20 168 1276
123 1181 1277
431 1637 1278
270 1983 1279
431 529 1280
1397 1972 1281
1565 1594 1282
431 547 1283
61 1241 1284
997 1486 1285
65 1440 1286
566 1243 1287
609 2087 1288
779 1450 1289
1309 1468 1290
1872 1896 1291
86 257 1292
675 1312 1293
675 1721 1294
1003 2082 1295
67 942 1296
100 1229 1297
391 1659 1298
1325 1654 1299
1403 2114 1300
1887 1903 1301
417 1309 1302
1284 2015 1303
87 1626 1304
166 589 1305
3 1785 1306
943 1555 1307
246 440 1308
109 2117 1309
440 2005 1310
75 587 1311
1772 1970 1312
114 1983 1313
1444 1903 1314
69 847 1315
87 318 1316
1555 2076 1317
191 568 1318
468 1111 1319
110 855 1320
609 1530 1321
100 2051 1322
688 807 1323
707 1325 1324
1450 2057 1325
76 688 1326
566 1181 1327
832 1530 1328
1440 2027 1329
707 913 1330
1398 1942 1331
20 1724 1332
1386 1450 1333
4 1968 1334
1507 1716 1335
224 1636 1336
1454 1539 1337
1397 2117 1338
1270 1594 1339
1772 1945 1340
67 1785 1341
1513 1716 1342
86 1458 1343
1309 1400 1344
4 807 1345
100 1785 1346
257 1444 1347
391 1206 1348
1602 2114 1349
3 2051 1350
249 497 1351
913 1654 1352
325 529 1353
1309 1744 1354
582 1089 1355
1514 1731 1356
1716 1990 1357
417 1400 1358
2051 2057 1359
959 1754 1360
1130 1429 1361
634 1968 1362
1514 1584 1363
1887 2057 1364
112 1392 1365
341 790 1366
623 2034 1367
1397 2114 1368
491 1834 1369
1117 2082 1370
110 831 1371
76 689 1372
145 807 1373
1205 1945 1374
1334 2027 1375
91 204 1376
341 1397 1377
552 743 1378
1103 1694 1379
64 2007 1380
581 1629 1381
859 1482 1382
924 1539 1383
1397 1976 1384
1603 1768 1385
547 554 1386
1040 1432 1387
191 1923 1388
267 325 1389
824 967 1390
1806 1945 1391
1277 1872 1392
1103 2049 1393
688 2082 1394
1206 1694 1395
926 2030 1396
1229 1450 1397
52 2069 1398
100 779 1399
674 1680 1400
191 1576 1401
457 1594 1402
838 1145 1403
43 186 1404
67 779 1405
529 1298 1406
1594 1903 1407
417 1754 1408
747 2023 1409
1694 1847 1410
168 1097 1411
714 1201 1412
59 1440 1413
674 913 1414
765 1513 1415
267 431 1416
1103 2027 1417
16 440 1418
1181 1243 1419
532 1482 1420
126 535 1421
257 1990 1422
1444 1785 1423
856 1397 1424
311 1757 1425
609 1668 1426
64 924 1427
1958 2023 1428
1162 1513 1429
808 1490 1430
112 2085 1431
491 1879 1432
203 2109 1433
325 1450 1434
66 1440 1435
214 675 1436
906 1700 1437
942 2051 1438
1440 1694 1439
687 1866 1440
959 1309 1441
1450 1903 1442
75 342 1443
1879 1896 1444
790 1430 1445
1505 1942 1446
113 1335 1447
341 497 1448
2022 2030 1449
224 1998 1450
566 1463 1451
98 256 1452
922 1270 1453
795 2032 1454
527 1970 1455
1539 1942 1456
270 947 1457
888 1318 1458
819 1298 1459
1387 1872 1460
187 1328 1461
491 1571 1462
1162 1990 1463
561 1389 1464
557 790 1465
417 959 1466
663 689 1467
1162 1507 1468
765 1990 1469
677 2085 1470
20 1097 1471
190 1003 1472
257 1450 1473
1281 2076 1474
468 1073 1475
47 1404 1476
623 1121 1477
2015 2114 1478
635 1468 1479
1064 1490 1480
907 2117 1481
925 1135 1482
1040 2052 1483
1937 2084 1484
224 656 1485
838 1234 1486
995 1184 1487
190 1224 1488
9 1656 1489
65 985 1490
657 1896 1491
783 1463 1492
474 1694 1493
725 1931 1494
827 1467 1495
1284 2114 1496
237 1430 1497
1193 1678 1498
477 1970 1499
86 431 1500
897 2082 1501
286 1757 1502
1834 1872 1503
452 1546 1504
635 953 1505
159 1529 1506
783 1467 1507
1206 2049 1508
552 1273 1509
985 2049 1510
1215 2037 1511
1972 2114 1512
1444 1458 1513
1400 1468 1514
112 1757 1515
985 1201 1516
532 1856 1517
832 2058 1518
1468 1754 1519
43 280 1520
255 831 1521
1513 2051 1522
579 1463 1523
53 461 1524
457 2037 1525
1097 1724 1526
973 1057 1527
1403 2015 1528
159 921 1529
191 1678 1530
1450 1785 1531
47 351 1532
226 1896 1533
1654 1680 1534
67 325 1535
1709 2032 1536
61 75 1537
86 554 1538
283 468 1539
224 907 1540
270 1020 1541
67 2057 1542
341 810 1543
1328 1694 1544
1923 1945 1545
1400 1754 1546
50 724 1547
765 1716 1548
687 1321 1549
468 1149 1550
926 1020 1551
1430 2114 1552
309 1989 1553
65 1206 1554
490 1463 1555
92 1668 1556
309 1805 1557
16 552 1558
725 1729 1559
757 1757 1560
452 1477 1561
554 1637 1562
1513 1785 1563
76 1003 1564
518 790 1565
654 2084 1566
942 1507 1567
4 1768 1568
325 1990 1569
468 1364 1570
503 590 1571
579 1603 1572
673 1404 1573
1477 1576 1574
1117 1482 1575
985 1206 1576
1158 1528 1577
280 440 1578
490 1875 1579
824 898 1580
1400 1744 1581
391 1103 1582
28 203 1583
831 2143 1584
1162 1716 1585
1267 1404 1586
1386 1513 1587
628 997 1588
1983 2022 1589
249 810 1590
140 1988 1591
224 1531 1592
283 440 1593
503 1040 1594
1976 2015 1595
687 1740 1596
468 915 1597
635 1744 1598
676 1867 1599
655 2007 1600
2114 2117 1601
23 1712 1602
1694 1709 1603
725 831 1604
1334 2032 1605
692 1678 1606
859 1968 1607
254 562 1608
754 1020 1609
270 666 1610
1204 1656 1611
342 2135 1612
43 921 1613
1193 1970 1614
108 1968 1615
66 1694 1616
20 725 1617
1474 1784 1618
1630 2015 1619
1398 2007 1620
214 1445 1621
2027 2032 1622
535 1196 1623
67 1458 1624
119 734 1625
854 1784 1626
1744 1754 1627
1309 1607 1628
1229 1513 1629
674 1325 1630
1528 1856 1631
280 2058 1632
491 963 1633
1386 1887 1634
360 497 1635
76 897 1636
674 1270 1637
1659 1847 1638
100 1903 1639
518 810 1640
286 2085 1641
1103 1659 1642
226 679 1643
1397 2015 1644
1729 2143 1645
704 1879 1646
1458 1507 1647
98 1480 1648
824 1920 1649
581 1987 1650
103 2069 1651
779 1887 1652
1529 1530 1653
490 1603 1654
666 2092 1655
1205 1970 1656
1546 1679 1657
1785 1887 1658
468 1182 1659
1328 2032 1660
779 1716 1661
267 554 1662
351 673 1663
365 1968 1664
1976 2114 1665
440 2087 1666
32 527 1667
651 2082 1668
1486 1534 1669
325 1444 1670
2015 2117 1671
245 2076 1672
714 1870 1673
1440 1659 1674
1277 1879 1675
562 1654 1676
1806 1970 1677
891 1879 1678
1097 1931 1679
203 1571 1680
491 1872 1681
140 1968 1682
535 2113 1683
65 1334 1684
411 557 1685
688 1988 1686
3 1903 1687
1312 1445 1688
1571 1896 1689
431 1990 1690
91 558 1691
688 1968 1692
1386 1990 1693
176 1842 1694
634 1988 1695
62 662 1696
854 2082 1697
325 1637 1698
1716 2051 1699
1206 2027 1700
1229 1716 1701
20 1752 1702
190 1845 1703
464 474 1704
123 1700 1705
707 898 1706
714 771 1707
1805 2032 1708
1970 1978 1709
65 2049 1710
166 1318 1711
1386 1716 1712
209 1773 1713
63 1023 1714
123 1313 1715
687 2059 1716
1486 1881 1717
1121 1268 1718
126 1088 1719
1482 1968 1720
474 1989 1721
1458 1990 1722
1328 1659 1723
61 1429 1724
1450 1458 1725
1158 1500 1726
49 558 1727
1565 2037 1728
43 2087 1729
747 2076 1730
265 463 1731
417 801 1732
209 702 1733
1229 1887 1734
819 854 1735
335 2035 1736
819 834 1737
1583 2027 1738
628 1534 1739
779 1513 1740
391 2049 1741
66 491 1742
187 1709 1743
1162 1785 1744
187 474 1745
911 1768 1746
808 2026 1747
535 1366 1748
824 998 1749
123 1603 1750
1539 2007 1751
2033 2085 1752
527 649 1753
159 664 1754
1229 1990 1755
557 877 1756
921 1529 1757
832 973 1758
32 676 1759
477 1945 1760
1576 2003 1761
1702 2035 1762
98 2105 1763
59 2027 1764
88 854 1765
1668 2058 1766
64 1942 1767
116 1988 1768
765 1162 1769
780 1718 1770
942 1513 1771
32 2092 1772
1983 2092 1773
1945 1978 1774
316 498 1775
490 1335 1776
779 1990 1777
186 851 1778
237 557 1779
120 2123 1780
587 1241 1781
1513 1903 1782
2033 2113 1783
70 119 1784
67 431 1785
84 1784 1786
568 1678 1787
112 311 1788
342 865 1789
765 1229 1790
1162 1229 1791
1130 2135 1792
1486 1868 1793
1467 1500 1794
765 2051 1795
147 558 1796
502 1226 1797
140 2035 1798
431 1444 1799
784 1454 1800
985 1847 1801
76 1224 1802
1162 1386 1803
235 635 1804
270 699 1805
779 1229 1806
1519 1734 1807
191 1945 1808
689 1135 1809
1345 2085 1810
1709 2027 1811
529 554 1812
865 1130 1813
75 1130 1814
311 2113 1815
953 1400 1816
110 1724 1817
657 704 1818
440 1938 1819
114 666 1820
1531 1884 1821
452 2030 1822
1193 1945 1823
780 2143 1824
168 1931 1825
1201 2032 1826
474 2032 1827
1200 2037 1828
1724 1931 1829
33 609 1830
1206 1334 1831
1251 1801 1832
1718 1729 1833
855 2143 1834
365 1988 1835
566 1700 1836
582 1367 1837
474 1709 1838
779 1785 1839
1251 1519 1840
942 1716 1841
1117 1968 1842
318 926 1843
209 576 1844
163 763 1845
87 947 1846
491 1927 1847
926 1983 1848
159 176 1849
341 2015 1850
765 1785 1851
859 1988 1852
558 606 1853
391 1440 1854
995 2107 1855
1694 1805 1856
204 430 1857
411 840 1858
468 713 1859
1659 1709 1860
187 1007 1861
1903 1990 1862
1229 1386 1863
1624 1694 1864
552 877 1865
1626 2092 1866
566 1603 1867
779 1386 1868
689 925 1869
365 2035 1870
657 891 1871
4 1988 1872
309 795 1873
1468 1744 1874
1923 1970 1875
657 1834 1876
69 1867 1877
765 779 1878
64 1731 1879
985 1805 1880
75 2135 1881
985 1870 1882
1734 1801 1883
779 1162 1884
704 1927 1885
187 464 1886
750 824 1887
1320 1741 1888
765 1386 1889
1449 2026 1890
30 1241 1891
78 1486 1892
61 342 1893
1958 2076 1894
464 795 1895
1743 1768 1896
1206 1659 1897
1404 1629 1898
1234 1605 1899
311 1366 1900
1386 1785 1901
490 1700 1902
676 2022 1903
807 1968 1904
1440 2049 1905
1277 1927 1906
100 942 1907
341 2114 1908
743 783 1909
906 1181 1910
1229 1785 1911
942 2057 1912
1162 2051 1913
1845 2082 1914
422 1768 1915
1387 1879 1916
114 1626 1917
337 1371 1918
664 1529 1919
682 973 1920
474 1103 1921
847 1705 1922
563 1972 1923
1757 2033 1924
1716 1785 1925
136 969 1926
75 395 1927
452 676 1928
166 888 1929
664 921 1930
855 1718 1931
891 1927 1932
190 897 1933
921 2034 1934
145 1988 1935
1535 2026 1936
112 1366 1937
844 1184 1938
1702 1856 1939
609 915 1940
558 1484 1941
854 1298 1942
64 1514 1943
108 1988 1944
594 925 1945
921 1121 1946
535 1867 1947
463 774 1948
1158 1467 1949
1679 2030 1950
985 2027 1951
827 1856 1952
464 2027 1953
1145 1605 1954
474 1201 1955
530 1133 1956
1513 2057 1957
110 168 1958
699 2022 1959
255 855 1960
1768 2035 1961
9 1529 1962
119 735 1963
194 259 1964
283 589 1965
827 1702 1966
1328 1709 1967
351 1629 1968
1896 1927 1969
1181 1463 1970
14 299 1971
249 790 1972
763 1884 1973
1689 1923 1974
474 985 1975
9 1825 1976
1110 2004 1977
187 1201 1978
440 1372 1979
100 2057 1980
907 1430 1981
388 1236 1982
1678 1978 1983
856 907 1984
887 1381 1985
1474 2082 1986
1145 1633 1987
1756 1766 1988
623 1030 1989
1404 1987 1990
1785 1990 1991
78 628 1992
255 1931 1993
1076 1668 1994
46 503 1995
480 1968 1996
1754 2043 1997
783 1743 1998
676 2041 1999
1847 2027 2000
108 2082 2001
535 676 2002
101 663 2003
203 1280 2004
351 1267 2005
163 1884 2006
391 985 2007
657 1277 2008
929 2018 2009
255 1752 2010
431 1450 2011
464 1328 2012
468 1372 2013
49 1035 2014
1309 1823 2015
49 147 2016
116 2035 2017
3 2057 2018
474 1805 2019
1334 1694 2020
1607 1754 2021
145 2035 2022
431 2051 2023
579 1700 2024
707 922 2025
464 1989 2026
468 2013 2027
119 1427 2028
417 2043 2029
798 1104 2030
519 654 2031
666 1679 2032
480 1988 2033
1380 1584 2034
110 1729 2035
325 2051 2036
18 444 2037
255 1729 2038
335 1988 2039
417 953 2040
769 832 2041
1 676 2042
51 1075 2043
1449 1490 2044
634 2018 2045
856 1531 2046
1626 1867 2047
61 1130 2048
335 1968 2049
657 1387 2050
1879 1927 2051
1488 2026 2052
119 1933 2053
589 977 2054
609 1235 2055
1387 1927 2056
1052 1486 2057
587 1130 2058
1490 1535 2059
505 888 2060
677 1757 2061
66 1571 2062
1507 1903 2063
255 1724 2064
119 236 2065
347 1836 2066
634 2082 2067
1458 2051 2068
1716 2057 2069
67 554 2070
1867 2030 2071
417 2109 2072
280 1842 2073
309 835 2074
535 2085 2075
1867 2041 2076
566 1313 2077
959 1190 2078
1345 1757 2079
126 2056 2080
1412 2072 2081
46 590 2082
145 2082 2083
1937 2123 2084
535 2030 2085
819 1003 2086
1064 1535 2087
590 951 2088
119 1169 2089
856 1998 2090
411 976 2091
1931 2143 2092
921 1344 2093
1482 1988 2094
1624 1659 2095
76 1474 2096
1020 2092 2097
687 810 2098
1834 1879 2099
104 2027 2100
610 2085 2101
775 1023 2102
579 1313 2103
1033 1756 2104
1334 2049 2105
3 942 2106
474 1328 2107
1117 1988 2108
104 1694 2109
7 470 2110
99 1757 2111
200 366 2112
92 1530 2113
325 1458 2114
891 1314 2115
191 1970 2116
57 1784 2117
440 682 2118
1716 1903 2119
1488 1490 2120
145 2018 2121
953 2043 2122
75 1563 2123
1490 1723 2124
255 780 2125
1309 2043 2126
1345 1366 2127
98 522 2128
400 943 2129
194 1333 2130
1270 1680 2131
51 736 2132
311 1392 2133
906 1313 2134
468 1344 2135
943 1281 2136
765 1903 2137
751 1784 2138
1392 2113 2139
958 1729 2140
114 318 2141
112 1196 2142
676 2030 2143
763 801 2144
47 1267 2145
63 627 2146
474 1659 2147
190 1854 2148
518 2015 2149
1449 1535 2150
325 431 2151
50 1818 2152
1033 1766 2153
159 1530 2154
452 1626 2155
1754 1823 2156
133 1202 2157
702 1773 2158
1162 1903 2159
1488 1535 2160
554 1450 2161
1424 1676 2162
1679 1983 2163
1027 2069 2164
1181 1603 2165
289 628 2166
1366 2033 2167
1784 1845 2168
697 1818 2169
913 1270 2170
924 1221 2171
1805 2027 2172
14 1057 2173
88 834 2174
168 255 2175
1626 1679 2176
692 1970 2177
1184 1534 2178
110 1097 2179
190 1474 2180
725 1724 2181
49 701 2182
535 884 2183
1064 1449 2184
56 1268 2185
502 1209 2186
688 2018 2187
119 1327 2188
986 1063 2189
1828 1863 2190
391 1334 2191
953 1468 2192
1298 1988 2193
1477 2041 2194
101 1135 2195
847 960 2196
209 1809 2197
108 2018 2198
464 1201 2199
70 121 2200
765 942 2201
623 977 2202
838 1633 2203
942 1903 2204
963 1676 2205
1270 1325 2206
375 1828 2207
554 1444 2208
673 1629 2209
187 1805 2210
554 1990 2211
685 1188 2212
1196 2113 2213
497 790 2214
309 1099 2215
452 2022 2216
832 1268 2217
1192 1371 2218
812 1529 2219
856 2114 2220
1064 1488 2221
951 1040 2222
176 1529 2223
689 819 2224
784 1942 2225
431 1507 2226
921 1494 2227
209 816 2228
589 1262 2229
15 871 2230
463 558 2231
480 2035 2232
1318 1512 2233
119 1436 2234
1429 1733 2235
104 2032 2236
1281 1620 2237
259 1333 2238
2022 2041 2239
1870 2032 2240
704 1314 2241
628 821 2242
683 920 2243
848 913 2244
634 2035 2245
860 1358 2246
1834 1927 2247
1201 1328 2248
120 2084 2249
474 795 2250
609 1132 2251
4 2035 2252
1242 2037 2253
1659 1805 2254
59 1206 2255
795 1709 2256
66 391 2257
942 1162 2258
984 1662 2259
985 1929 2260
14 56 2261
855 1538 2262
1678 1806 2263
589 1543 2264
757 1392 2265
851 1842 2266
49 802 2267
75 865 2268
124 1140 2269
1123 1490 2270
1078 1273 2271
877 959 2272
32 1867 2273
163 801 2274
654 1713 2275
1463 1700 2276
47 673 2277
679 1561 2278
780 1538 2279
46 1040 2280
319 759 2281
119 1601 2282
121 1933 2283
270 863 2284
953 1744 2285
1089 2069 2286
33 2087 2287
635 1823 2288
1386 2051 2289
2023 2076 2290
168 725 2291
1345 2113 2292
4 1298 2293
516 813 2294
319 746 2295
1222 1818 2296
1007 1659 2297
1097 1718 2298
30 1563 2299
168 2143 2300
10 1742 2301
959 1400 2302
1117 2018 2303
417 877 2304
10 1417 2305
186 915 2306
562 1017 2307
464 1709 2308
860 2066 2309
900 1985 2310
52 1027 2311
1867 1983 2312
831 958 2313
1158 1702 2314
440 1693 2315
1064 1723 2316
627 1712 2317
20 2143 2318
32 1679 2319
736 1075 2320
9 1967 2321
150 1555 2322
235 1744 2323
366 2131 2324
114 452 2325
688 2035 2326
43 851 2327
610 2113 2328
714 1794 2329
326 959 2330
1087 1415 2331
99 112 2332
491 2011 2333
1468 1607 2334
59 65 2335
1945 1970 2336
779 2051 2337
1064 1881 2338
1182 1842 2339
452 1983 2340
1181 1313 2341
547 759 2342
33 915 2343
399 856 2344
757 2033 2345
1243 1700 2346
176 664 2347
871 1756 2348
1417 1742 2349
1565 1964 2350
226 1067 2351
610 1757 2352
77 824 2353
1303 1768 2354
808 1535 2355
502 1570 2356
795 1201 2357
921 1043 2358
547 789 2359
1723 2026 2360
286 2113 2361
1314 1387 2362
1872 1879 2363
166 1512 2364
771 985 2365
855 958 2366
1328 1805 2367
254 1017 2368
200 2131 2369
1158 1856 2370
360 790 2371
757 1366 2372
1314 1834 2373
232 707 2374
505 1318 2375
1482 2035 2376
121 1913 2377
623 682 2378
1709 1805 2379
257 1458 2380
349 440 2381
112 2113 2382
235 1468 2383
568 1970 2384
1277 1314 2385
159 812 2386
110 1931 2387
256 1381 2388
1656 1825 2389
363 705 2390
1662 1808 2391
942 1458 2392
1903 2051 2393
274 582 2394
856 1128 2395
1313 1463 2396
417 1190 2397
1106 1268 2398
9 1414 2399
1242 1594 2400
1505 1509 2401
623 1372 2402
977 1842 2403
1243 1603 2404
490 511 2405
440 1667 2406
1190 1309 2407
495 2107 2408
1201 2027 2409
1078 2109 2410
943 1958 2411
831 1718 2412
771 1659 2413
431 2057 2414
795 1007 2415
1386 1903 2416
1095 2085 2417
808 1123 2418
309 1963 2419
444 2058 2420
1123 2057 2421
121 1323 2422
1190 1754 2423
286 1366 2424
322 813 2425
1709 1870 2426
166 505 2427
1784 2002 2428
177 1469 2429
257 431 2430
1121 2058 2431
725 1752 2432
474 1334 2433
1983 2030 2434
155 714 2435
468 989 2436
579 1181 2437
819 897 2438
1279 1415 2439
677 2113 2440
683 1572 2441
53 1426 2442
771 1440 2443
136 2005 2444
953 959 2445
61 587 2446
108 2035 2447
121 1169 2448
1555 2121 2449
474 1870 2450
1063 2062 2451
114 863 2452
1718 1931 2453
1181 1700 2454
235 1607 2455
655 1942 2456
363 394 2457
2057 2060 2458
299 1268 2459
1229 2051 2460
1694 1870 2461
69 1576 2462
1313 1603 2463
849 1942 2464
657 1879 2465
510 1011 2466
1768 2094 2467
91 430 2468
517 589 2469
277 1768 2470
925 1175 2471
2003 2041 2472
126 1934 2473
1872 1927 2474
63 1377 2475
92 915 2476
153 270 2477
854 1003 2478
121 734 2479
388 1326 2480
558 559 2481
216 1155 2482
657 1872 2483
497 810 2484
1785 2051 2485
112 757 2486
985 1624 2487
1400 1823 2488
1097 1752 2489
1535 1723 2490
135 741 2491
311 757 2492
2003 2030 2493
407 581 2494
609 1263 2495
942 1785 2496
1744 1823 2497
121 1436 2498
834 854 2499
819 1224 2500
29 1750 2501
673 1267 2502
61 2135 2503
59 2049 2504
554 2051 2505
1008 1160 2506
1620 1958 2507
12 1676 2508
1571 2030 2509
226 994 2510
1349 1617 2511
535 1392 2512
121 1427 2513
1486 2112 2514
136 708 2515
1392 2033 2516
255 2143 2517
824 1476 2518
1196 1757 2519
246 2005 2520
790 1784 2521
953 1607 2522
121 1327 2523
955 2127 2524
159 2034 2525
0 177 2526
190 656 2527
942 1386 2528
1201 1709 2529
2068 2091 2530
660 2091 2531
240 1061 2532
589 1151 2533
227 697 2534
859 2035 2535
295 1557 2536
63 858 2537
1184 1925 2538
1196 1366 2539
850 2085 2540
1087 1279 2541
337 1921 2542
535 1345 2543
1201 1694 2544
871 1033 2545
1887 2060 2546
474 2027 2547
1154 1193 2548
1468 1823 2549
311 1196 2550
1196 1345 2551
490 520 2552
385 777 2553
1398 1514 2554
461 1426 2555
1629 1987 2556
1656 2108 2557
629 1724 2558
884 1196 2559
190 1247 2560
629 1729 2561
92 1182 2562
187 1258 2563
623 1667 2564
832 2087 2565
1403 2124 2566
240 797 2567
608 628 2568
1937 2119 2569
159 1652 2570
223 1557 2571
468 1693 2572
1750 1904 2573
1785 1903 2574
98 306 2575
121 236 2576
65 771 2577
226 1153 2578
1298 1458 2579
552 1822 2580
1514 1539 2581
1607 1744 2582
557 939 2583
1347 1594 2584
325 942 2585
597 705 2586
714 1258 2587
958 1752 2588
1204 1825 2589
227 1790 2590
1229 1903 2591
808 2056 2592
1078 1494 2593
1254 1869 2594
1255 1598 2595
53 1239 2596
771 2027 2597
1149 1842 2598
99 2085 2599
1261 2107 2600
871 1766 2601
463 1410 2602
1007 1709 2603
1358 2066 2604
187 1989 2605
824 1395 2606
1445 1721 2607
1321 1884 2608
20 1538 2609
90 1827 2610
121 1601 2611
421 934 2612
256 522 2613
1529 2034 2614
1713 1772 2615
535 2003 2616
714 1007 2617
104 1659 2618
1258 1694 2619
76 1854 2620
1160 2137 2621
865 1156 2622
663 1326 2623
712 831 2624
18 1111 2625
464 1805 2626
491 977 2627
863 2092 2628
610 1366 2629
112 2033 2630
121 735 2631
586 1185 2632
89 1875 2633
400 1620 2634
699 1679 2635
463 606 2636
962 2037 2637
1903 2057 2638
738 1270 2639
886 1649 2640
1694 1929 2641
98 1189 2642
216 1835 2643
795 1805 2644
664 1530 2645
1334 1847 2646
127 970 2647
1334 1659 2648
52 1089 2649
87 1154 2650
211 676 2651
498 2118 2652
628 1051 2653
635 1866 2654
1830 1909 2655
1854 2082 2656
318 1020 2657
309 1271 2658
351 1987 2659
1318 1390 2660
935 1748 2661
1098 2140 2662
28 1078 2663
223 1469 2664
57 2082 2665
1267 1629 2666
309 884 2667
360 810 2668
765 2057 2669
1328 1870 2670
651 873 2671
562 1305 2672
779 942 2673
176 1043 2674
529 1123 2675
1605 1633 2676
958 1931 2677
1196 1271 2678
1477 2030 2679
384 1134 2680
417 743 2681
629 1931 2682
88 1224 2683
1190 2043 2684
1744 1866 2685
221 1705 2686
289 586 2687
816 2139 2688
63 1755 2689
139 226 2690
925 2045 2691
1784 1957 2692
62 1731 2693
1349 1935 2694
1994 2106 2695
227 1222 2696
241 2138 2697
623 713 2698
784 1514 2699
888 1512 2700
915 2087 2701
76 1845 2702
64 1505 2703
1008 1696 2704
831 1538 2705
984 1808 2706
1678 1923 2707
1768 1837 2708
235 1400 2709
450 1974 2710
349 1842 2711
1162 2057 2712
32 1546 2713
1463 1743 2714
52 1076 2715
1668 2005 2716
1268 1924 2717
712 855 2718
759 1530 2719
1593 1752 2720
18 280 2721
1 452 2722
676 1983 2723
751 1003 2724
1557 2123 2725
925 1236 2726
1127 1901 2727
468 1030 2728
582 818 2729
587 2135 2730
1243 1313 2731
1546 1983 2732
192 1594 2733
491 1667 2734
118 262 2735
1469 2123 2736
160 1401 2737
468 760 2738
664 812 2739
649 1978 2740
1490 2009 2741
1505 1514 2742
1135 1326 2743
775 1598 2744
775 1755 2745
1773 1809 2746
9 16 2747
337 1382 2748
395 1563 2749
554 1458 2750
675 798 2751
677 920 2752
760 973 2753
771 2032 2754
922 1654 2755
207 1721 2756
1773 1874 2757
657 1314 2758
985 1440 2759
460 973 2760
535 677 2761
1583 1929 2762
888 1272 2763
929 2011 2764
126 2074 2765
1642 1737 2766
576 816 2767
702 1809 2768
98 577 2769
318 1983 2770
1535 1881 2771
522 1480 2772
934 1800 2773
1364 1842 2774
256 1480 2775
1168 1741 2776
2 14 2777
202 557 2778
1002 1541 2779
106 255 2780
190 1743 2781
92 1938 2782
235 953 2783
589 1981 2784
986 2062 2785
224 1128 2786
1334 1624 2787
1182 1668 2788
1240 1480 2789
757 2113 2790
3 2060 2791
88 1845 2792
256 887 2793
808 1774 2794
102 372 2795
246 1668 2796
651 1884 2797
464 1007 2798
943 2023 2799
81 1133 2800
912 1518 2801
963 2118 2802
1017 1305 2803
942 1229 2804
1204 2108 2805
1576 1626 2806
136 246 2807
186 969 2808
1649 1828 2809
14 1592 2810
99 1366 2811
1020 1679 2812
877 2043 2813
126 1159 2814
159 1043 2815
1968 2035 2816
832 1975 2817
46 951 2818
254 1305 2819
789 1887 2820
1103 1440 2821
431 1458 2822
1314 1872 2823
438 530 2824
604 1041 2825
935 1382 2826
562 804 2827
775 1581 2828
23 615 2829
120 1719 2830
111 2032 2831
609 1455 2832
660 1134 2833
689 1236 2834
958 1724 2835
72 898 2836
97 1953 2837
1505 1731 2838
1 1867 2839
92 2005 2840
743 959 2841
1023 1598 2842
1570 1772 2843
1020 2030 2844
1637 1664 2845
1098 1595 2846
573 1192 2847
341 1285 2848
209 2139 2849
1818 2079 2850
204 585 2851
751 897 2852
1365 1401 2853
795 1258 2854
99 2113 2855
204 2013 2856
114 1732 2857
1148 1828 2858
887 1480 2859
1063 1727 2860
161 1121 2861
168 958 2862
270 1576 2863
92 1132 2864
1372 2058 2865
270 1867 2866
683 1340 2867
856 1857 2868
100 1123 2869
1659 1870 2870
1752 2143 2871
525 1381 2872
1372 1842 2873
68 1511 2874
407 1404 2875
393 1515 2876
23 1272 2877
461 1916 2878
1239 1426 2879
795 1328 2880
1804 2137 2881
405 1821 2882
1468 1866 2883
1239 1916 2884
697 1222 2885
557 981 2886
52 1367 2887
648 780 2888
1785 2057 2889
100 2060 2890
1111 2058 2891
88 1743 2892
1037 1840 2893
311 2033 2894
265 1410 2895
1 1576 2896
1638 1960 2897
789 1507 2898
771 2049 2899
1085 1161 2900
1449 1488 2901
858 1460 2902
554 1507 2903
1389 1801 2904
1603 1700 2905
75 2067 2906
1062 1594 2907
1624 2027 2908
461 1239 2909
1160 1696 2910
1805 1870 2911
398 1318 2912
552 1740 2913
1367 2069 2914
99 1095 2915
337 1748 2916
754 1978 2917
854 1224 2918
1201 1659 2919
1 2003 2920
53 1916 2921
10 1950 2922
258 775 2923
417 1667 2924
625 945 2925
1007 1805 2926
1008 1804 2927
1784 1965 2928
871 1608 2929
1258 1659 2930
1575 2107 2931
223 1949 2932
325 554 2933
30 384 2934
959 2043 2935
14 1029 2936
801 1884 2937
819 1845 2938
412 856 2939
729 1631 2940
858 1712 2941
318 2022 2942
1328 1989 2943
130 1882 2944
91 1484 2945
745 1183 2946
1117 2035 2947
11 30 2948
430 1484 2949
464 1870 2950
657 1927 2951
1386 2057 2952
1467 1856 2953
474 1440 2954
1439 1712 2955
47 1629 2956
973 1975 2957
714 1271 2958
440 1686 2959
1205 1934 2960
533 1058 2961
1457 2102 2962
558 719 2963
795 1989 2964
1004 1887 2965
198 319 2966
682 2058 2967
1280 1856 2968
1847 2032 2969
63 1581 2970
989 1842 2971
792 1643 2972
973 1802 2973
1929 2027 2974
1750 1816 2975
314 1760 2976
455 885 2977
1742 1950 2978
328 1919 2979
535 2041 2980
1823 1866 2981
819 1474 2982
780 1753 2983
62 833 2984
263 959 2985
1200 1565 2986
282 1486 2987
561 1251 2988
934 2054 2989
1273 2018 2990
670 1798 2991
1077 1765 2992
243 1867 2993
598 1457 2994
73 912 2995
257 1424 2996
942 967 2997
1354 2113 2998
1389 1734 2999
31 2105 3000
299 323 3001
1027 1089 3002
190 1965 3003
60 225 3004
677 1366 3005
1251 1389 3006
779 1903 3007
69 270 3008
342 2077 3009
1389 1519 3010
65 391 3011
763 1471 3012
490 830 3013
624 1717 3014
1638 1950 3015
1161 1308 3016
1518 2010 3017
69 2092 3018
985 1007 3019
138 173 3020
291 516 3021
316 1948 3022
1715 1773 3023
280 1111 3024
561 1734 3025
431 942 3026
831 1593 3027
153 452 3028
558 756 3029
1495 2037 3030
1099 1879 3031
33 1132 3032
421 2054 3033
725 1097 3034
801 873 3035
959 1619 3036
425 1564 3037
519 2004 3038
651 1253 3039
2034 2058 3040
103 1071 3041
1713 1970 3042
1417 1950 3043
1818 1940 3044
630 1041 3045
925 1326 3046
163 1253 3047
498 1573 3048
48 1192 3049
459 775 3050
19 577 3051
653 1041 3052
679 1067 3053
152 2085 3054
1184 1868 3055
1696 2137 3056
491 1703 3057
18 176 3058
1005 1225 3059
19 1189 3060
299 1057 3061
510 620 3062
99 311 3063
2018 2082 3064
176 2034 3065
683 1173 3066
353 502 3067
468 1419 3068
1020 1546 3069
732 1012 3070
1523 1594 3071
673 1987 3072
615 1790 3073
1557 1703 3074
683 2083 3075
1051 1639 3076
1694 2049 3077
1106 1924 3078
882 1884 3079
1935 2040 3080
42 1287 3081
683 1610 3082
582 1491 3083
186 713 3084
554 942 3085
204 559 3086
316 1200 3087
863 1679 3088
1458 1716 3089
1805 1989 3090
120 253 3091
163 1471 3092
561 1519 3093
460 1057 3094
1023 1581 3095
249 1285 3096
1345 1392 3097
561 1801 3098
77 1920 3099
503 951 3100
797 1061 3101
763 1253 3102
1020 1983 3103
1 1477 3104
1715 1874 3105
153 1867 3106
235 1128 3107
782 921 3108
1314 1927 3109
1546 2041 3110
270 676 3111
1064 2009 3112
1867 2092 3113
110 1718 3114
1052 1899 3115
394 705 3116
1107 1577 3117
1272 1439 3118
319 828 3119
812 1530 3120
676 1576 3121
693 1475 3122
479 1698 3123
63 1306 3124
9 2108 3125
486 2084 3126
1321 1784 3127
978 1829 3128
1007 2032 3129
1067 1896 3130
1449 1723 3131
1583 1847 3132
55 1552 3133
230 1005 3134
1676 2118 3135
448 1486 3136
505 1512 3137
498 1160 3138
841 1952 3139
1388 1840 3140
824 1647 3141
2009 2026 3142
322 1378 3143
187 1249 3144
1310 1563 3145
1709 1989 3146
267 789 3147
68 215 3148
1201 1805 3149
286 311 3150
884 1821 3151
103 228 3152
576 2139 3153
854 1845 3154
1915 2047 3155
1477 2022 3156
664 1652 3157
1754 2112 3158
193 1486 3159
323 1265 3160
520 1875 3161
1052 1184 3162
1809 1874 3163
235 1823 3164
320 1793 3165
1400 2043 3166
464 1258 3167
1694 1794 3168
906 1904 3169
180 1486 3170
963 1350 3171
118 501 3172
1368 1906 3173
104 1583 3174
280 650 3175
38 286 3176
0 2008 3177
196 315 3178
485 1696 3179
147 802 3180
676 699 3181
417 1619 3182
1119 2107 3183
1190 1400 3184
1607 1823 3185
214 798 3186
262 501 3187
2030 2041 3188
1371 1762 3189
1529 1652 3190
263 417 3191
589 1693 3192
1788 2017 3193
1134 2068 3194
1143 1658 3195
59 1103 3196
452 2041 3197
543 1930 3198
795 1249 3199
502 1000 3200
730 1564 3201
1313 1700 3202
255 958 3203
582 2103 3204
627 1377 3205
310 392 3206
1067 1561 3207
1178 1231 3208
648 855 3209
99 2033 3210
498 963 3211
1314 1879 3212
833 1077 3213
953 1823 3214
732 1192 3215
1354 1366 3216
855 1753 3217
152 2113 3218
547 1424 3219
751 819 3220
728 1900 3221
969 1875 3222
1318 2097 3223
1659 1929 3224
1600 1935 3225
183 2069 3226
277 388 3227
701 1042 3228
1594 2044 3229
179 1257 3230
662 833 3231
1075 1865 3232
666 926 3233
1538 2143 3234
1800 2054 3235
180 628 3236
246 1571 3237
261 1368 3238
587 865 3239
986 1727 3240
710 1793 3241
1298 1743 3242
527 681 3243
398 1390 3244
116 2086 3245
164 1762 3246
1488 1723 3247
1617 1935 3248
305 580 3249
797 1198 3250
432 603 3251
190 1957 3252
850 1757 3253
1133 1588 3254
1535 2009 3255
867 1279 3256
1184 2017 3257
1732 2022 3258
103 1573 3259
1106 1530 3260
1168 1320 3261
751 854 3262
1591 1978 3263
1198 1335 3264
1729 1753 3265
805 1011 3266
1706 1790 3267
452 1020 3268
592 1948 3269
597 711 3270
193 628 3271
821 1184 3272
258 1581 3273
262 1697 3274
663 1236 3275
1250 1935 3276
1010 1941 3277
123 2050 3278
1584 1731 3279
466 1594 3280
1229 2057 3281
628 1735 3282
743 1076 3283
311 535 3284
128 1676 3285
649 1193 3286
103 202 3287
572 1320 3288
262 826 3289
977 1571 3290
942 998 3291
169 536 3292
1356 1389 3293
1624 1847 3294
1103 1847 3295
677 2033 3296
953 1190 3297
16 1076 3298
251 456 3299
292 1036 3300
132 1999 3301
1020 1867 3302
1538 1931 3303
1154 1678 3304
431 554 3305
1647 1920 3306
280 1344 3307
584 590 3308
751 1845 3309
812 1652 3310
1957 2082 3311
370 1230 3312
554 2057 3313
867 1087 3314
76 2018 3315
769 1106 3316
118 826 3317
818 1676 3318
53 1787 3319
18 851 3320
684 915 3321
35 115 3322
1257 1291 3323
1372 1530 3324
158 1520 3325
1345 2033 3326
995 1868 3327
893 1884 3328
1626 1983 3329
261 1906 3330
1486 1735 3331
550 1287 3332
1572 1610 3333
679 994 3334
1008 2137 3335
1184 1899 3336
1309 1703 3337
634 2086 3338
789 1513 3339
409 1991 3340
693 804 3341
4 2086 3342
807 2035 3343
808 2095 3344
601 1924 3345
51 1865 3346
15 1756 3347
1727 2062 3348
179 1291 3349
76 1957 3350
1513 2060 3351
501 1697 3352
912 2093 3353
248 1080 3354
1891 2025 3355
669 1884 3356
692 2074 3357
940 1320 3358
423 824 3359
440 2088 3360
867 1415 3361
996 1778 3362
511 1875 3363
529 1664 3364
1068 1979 3365
91 1261 3366
1306 1377 3367
28 1076 3368
46 1164 3369
535 1271 3370
535 850 3371
152 1366 3372
182 1807 3373
286 1392 3374
1092 1412 3375
1979 2125 3376
786 1768 3377
870 1547 3378
178 1412 3379
311 1345 3380
884 1576 3381
1975 2058 3382
1075 1300 3383
1107 1897 3384
860 1999 3385
306 2105 3386
288 1195 3387
325 703 3388
282 628 3389
202 552 3390
800 1332 3391
1999 2066 3392
233 1034 3393
1135 1236 3394
1173 1366 3395
115 2075 3396
104 1847 3397
763 1988 3398
1359 1926 3399
39 1875 3400
552 669 3401
1314 1896 3402
112 610 3403
112 677 3404
319 339 3405
1255 1650 3406
627 858 3407
676 2092 3408
1133 1396 3409
1195 1941 3410
211 452 3411
15 1766 3412
431 1716 3413
943 1620 3414
1235 1263 3415
1424 1458 3416
1620 2076 3417
165 613 3418
714 1611 3419
1893 1959 3420
754 947 3421
31 1421 3422
123 1904 3423
1344 1842 3424
1938 2005 3425
771 1624 3426
250 1331 3427
74 1696 3428
616 757 3429
213 921 3430
304 1639 3431
1715 1809 3432
635 2059 3433
134 929 3434
1381 1480 3435
826 1697 3436
968 1374 3437
354 1625 3438
903 1478 3439
495 596 3440
958 1097 3441
1309 2112 3442
219 1460 3443
683 1722 3444
854 897 3445
536 1227 3446
1263 1455 3447
1424 1990 3448
103 1120 3449
135 752 3450
35 724 3451
309 1720 3452
361 749 3453
1491 2069 3454
168 1538 3455
1095 2113 3456
1546 2030 3457
1659 2049 3458
1842 1975 3459
1799 1941 3460
227 1940 3461
779 2057 3462
146 2103 3463
1456 1951 3464
1518 2093 3465
47 1987 3466
73 2010 3467
273 1706 3468
1949 2123 3469
750 1920 3470
242 1898 3471
1032 1230 3472
982 1712 3473
316 963 3474
1405 1947 3475
73 1518 3476
204 1082 3477
651 1471 3478
967 1044 3479
134 1571 3480
771 1103 3481
863 926 3482
1234 1338 3483
2 1029 3484
399 1857 3485
903 995 3486
1295 1964 3487
118 1697 3488
204 1343 3489
835 1520 3490
859 1232 3491
1141 1521 3492
197 1041 3493
588 773 3494
88 1854 3495
309 878 3496
664 1043 3497
740 1014 3498
552 981 3499
915 1973 3500
1023 1255 3501
99 757 3502
1727 2098 3503
920 1572 3504
35 2075 3505
1035 2107 3506
311 1095 3507
558 690 3508
712 1931 3509
488 1311 3510
790 810 3511
743 763 3512
698 1805 3513
1103 1870 3514
65 1819 3515
222 1736 3516
319 1425 3517
1035 1178 3518
1490 2056 3519
699 1867 3520
1027 1367 3521
349 832 3522
1258 2032 3523
1988 2035 3524
1402 1489 3525
2107 2141 3526
23 982 3527
213 623 3528
851 1107 3529
1358 1999 3530
819 1854 3531
1438 1842 3532
323 1924 3533
440 2031 3534
107 1371 3535
1230 1783 3536
750 1676 3537
1010 1799 3538
1016 1188 3539
286 610 3540
652 780 3541
495 1261 3542
617 1547 3543
1094 2107 3544
1463 2050 3545
1723 1881 3546
1043 1529 3547
664 2034 3548
1868 2017 3549
972 1489 3550
1268 1416 3551
91 559 3552
491 1142 3553
549 561 3554
14 1802 3555
50 1493 3556
69 153 3557
148 1520 3558
1330 1947 3559
1571 1667 3560
174 319 3561
688 2086 3562
1148 1781 3563
1718 1724 3564
231 785 3565
411 562 3566
798 1445 3567
922 1325 3568
191 1759 3569
1359 1775 3570
324 1836 3571
106 2143 3572
115 724 3573
92 601 3574
918 1768 3575
69 1679 3576
795 1870 3577
66 139 3578
206 1951 3579
501 826 3580
1968 1988 3581
134 1460 3582
491 933 3583
728 939 3584
356 1764 3585
1439 1836 3586
289 1185 3587
555 1689 3588
2118 2137 3589
649 1867 3590
1576 1983 3591
21 824 3592
546 2018 3593
636 1014 3594
214 1625 3595
244 995 3596
157 433 3597
1192 2016 3598
572 1741 3599
267 1664 3600
24 326 3601
831 1753 3602
232 898 3603
1162 2060 3604
1476 1676 3605
754 1678 3606
62 1348 3607
834 1224 3608
1330 1405 3609
347 828 3610
616 2113 3611
791 1012 3612
834 1845 3613
1723 2009 3614
343 1894 3615
696 870 3616
1261 1542 3617
998 1044 3618
1084 2025 3619
1790 2000 3620
677 1572 3621
390 1442 3622
683 1826 3623
386 1827 3624
169 1227 3625
225 1215 3626
51 1300 3627
62 321 3628
852 1446 3629
128 615 3630
652 1012 3631
877 953 3632
1761 1839 3633
494 982 3634
1372 2087 3635
500 1012 3636
1261 1575 3637
1530 1975 3638
810 1285 3639
237 2109 3640
579 1904 3641
1431 1836 3642
1965 2082 3643
112 1354 3644
374 703 3645
423 1920 3646
263 743 3647
850 2113 3648
1061 1198 3649
1570 1806 3650
2010 2093 3651
724 879 3652
616 2033 3653
551 643 3654
566 1904 3655
27 588 3656
910 1754 3657
1626 2030 3658
23 1390 3659
255 1753 3660
1330 1915 3661
1603 2050 3662
1716 2060 3663
490 2107 3664
1386 2060 3665
616 1757 3666
90 386 3667
898 1441 3668
634 1232 3669
1235 1455 3670
128 882 3671
1268 1975 3672
724 2075 3673
117 564 3674
190 1636 3675
610 1568 3676
1785 2060 3677
168 648 3678
1055 1650 3679
36 50 3680
712 2143 3681
213 1842 3682
596 2107 3683
939 1160 3684
779 2060 3685
1858 1859 3686
1626 2041 3687
23 944 3688
152 535 3689
347 553 3690
1099 1927 3691
169 703 3692
490 2050 3693
581 1838 3694
1607 1866 3695
607 1014 3696
152 1757 3697
2069 2103 3698
708 851 3699
627 1306 3700
1754 1866 3701
263 1190 3702
155 2032 3703
565 1318 3704
798 1312 3705
1103 1624 3706
597 928 3707
1696 1804 3708
50 879 3709
563 1491 3710
1113 1964 3711
404 2133 3712
325 1664 3713
482 1048 3714
1258 1709 3715
897 1003 3716
1558 2122 3717
1794 2027 3718
920 1610 3719
465 1196 3720
1530 1924 3721
994 1561 3722
1744 2059 3723
683 1657 3724
323 1416 3725
311 677 3726
226 493 3727
1052 1925 3728
80 390 3729
996 1090 3730
110 958 3731
571 1533 3732
815 1594 3733
37 424 3734
430 559 3735
404 832 3736
889 1741 3737
1059 1378 3738
80 1442 3739
190 1435 3740
2084 2123 3741
1249 1328 3742
494 1395 3743
1196 1703 3744
606 774 3745
662 1077 3746
82 1422 3747
163 873 3748
1286 1610 3749
288 1941 3750
731 804 3751
743 1619 3752
775 1255 3753
824 1441 3754
616 2085 3755
60 457 3756
490 1977 3757
1754 2059 3758
329 1033 3759
495 1502 3760
266 980 3761
1039 1768 3762
940 1741 3763
495 2111 3764
1094 2141 3765
1103 2032 3766
539 2087 3767
1074 1741 3768
344 378 3769
347 979 3770
736 1300 3771
912 2096 3772
997 1534 3773
243 527 3774
1463 1904 3775
1095 1392 3776
495 1252 3777
17 1016 3778
1583 1624 3779
1089 1367 3780
1583 2032 3781
697 2000 3782
1280 2109 3783
1429 2077 3784
23 482 3785
1870 2027 3786
29 1243 3787
243 1477 3788
1750 2050 3789
135 1581 3790
201 1690 3791
859 2086 3792
1370 2137 3793
103 703 3794
1449 2009 3795
191 1719 3796
386 1302 3797
650 824 3798
1007 2027 3799
1520 1720 3800
1477 2092 3801
569 953 3802
1423 1768 3803
23 1484 3804
286 616 3805
888 1981 3806
418 1948 3807
1007 1258 3808
76 751 3809
584 679 3810
1090 1778 3811
1223 1858 3812
1444 1664 3813
790 1285 3814
1593 1931 3815
962 1676 3816
1412 1739 3817
1679 1867 3818
594 1652 3819
50 1711 3820
967 998 3821
662 1765 3822
112 152 3823
226 2024 3824
699 1477 3825
1258 2027 3826
1242 1964 3827
365 2086 3828
485 1804 3829
758 817 3830
350 1653 3831
407 673 3832
546 1631 3833
1273 2043 3834
87 1336 3835
103 1053 3836
190 2002 3837
240 1198 3838
401 402 3839
1576 2041 3840
452 2092 3841
765 2060 3842
65 1794 3843
1369 1741 3844
1 2041 3845
485 1008 3846
125 641 3847
417 1551 3848
23 398 3849
223 2123 3850
1229 2060 3851
1366 1703 3852
148 271 3853
1983 2041 3854
647 1752 3855
1354 2085 3856
992 1887 3857
910 959 3858
994 1067 3859
405 884 3860
1332 1459 3861
430 1105 3862
685 1016 3863
1440 1583 3864
136 427 3865
175 995 3866
257 759 3867
274 744 3868
566 2050 3869
69 1546 3870
998 1506 3871
1318 1981 3872
1244 1525 3873
1123 2056 3874
490 1816 3875
782 1842 3876
1914 2082 3877
428 459 3878
757 1572 3879
586 1913 3880
714 1888 3881
797 1651 3882
1624 2032 3883
211 2003 3884
553 828 3885
967 1506 3886
1001 1041 3887
469 1297 3888
485 2137 3889
66 1819 3890
602 1812 3891
1339 1712 3892
153 1477 3893
431 1123 3894
648 1931 3895
646 830 3896
1488 2009 3897
1309 1866 3898
546 729 3899
824 1627 3900
1249 1709 3901
2093 2096 3902
1868 1925 3903
344 1875 3904
896 1266 3905
586 1478 3906
689 1326 3907
24 1986 3908
1044 1506 3909
1485 1575 3910
1330 1612 3911
535 829 3912
111 2027 3913
2010 2096 3914
937 1977 3915
1706 2130 3916
444 1025 3917
812 2034 3918
266 1269 3919
800 1459 3920
825 1683 3921
656 1636 3922
1678 1970 3923
99 286 3924
161 1149 3925
338 1797 3926
1689 2012 3927
89 511 3928
342 1733 3929
74 1804 3930
321 662 3931
1531 1998 3932
569 2043 3933
939 1900 3934
178 1092 3935
1404 1838 3936
1468 2059 3937
225 457 3938
617 696 3939
1320 1733 3940
1812 1813 3941
1092 2072 3942
279 1051 3943
855 2136 3944
1239 2057 3945
405 829 3946
1041 1492 3947
246 1938 3948
380 803 3949
1753 1931 3950
116 1357 3951
629 1718 3952
662 1533 3953
388 475 3954
77 1676 3955
1130 1733 3956
751 1474 3957
56 1182 3958
60 1215 3959
168 919 3960
411 738 3961
1007 1328 3962
71 879 3963
24 1651 3964
669 1856 3965
1243 1904 3966
89 520 3967
1117 2086 3968
1346 1723 3969
1518 2096 3970
640 2104 3971
1875 1977 3972
1443 1796 3973
677 2003 3974
265 630 3975
772 1150 3976
1917 2073 3977
349 1530 3978
736 1342 3979
1074 1320 3980
152 1392 3981
614 1174 3982
969 1494 3983
309 1286 3984
1095 1345 3985
78 1735 3986
1249 1805 3987
1823 2059 3988
105 1832 3989
223 1173 3990
713 1668 3991
1482 2086 3992
94 1821 3993
142 733 3994
363 711 3995
1146 1964 3996
724 1711 3997
861 1706 3998
676 1020 3999
963 1573 4000
653 1492 4001
1043 1530 4002
1076 1740 4003
190 578 4004
482 1050 4005
677 1392 4006
1226 2083 4007
41 2143 4008
646 937 4009
998 1585 4010
1064 1346 4011
768 1406 4012
1123 1774 4013
418 592 4014
110 919 4015
873 1884 4016
1700 2050 4017
703 1376 4018
203 1319 4019
5 1026 4020
647 1931 4021
969 2034 4022
919 1724 4023
38 757 4024
73 2093 4025
349 444 4026
676 1679 4027
829 1821 4028
1689 1918 4029
1166 1741 4030
28 202 4031
86 1664 4032
340 1321 4033
801 893 4034
605 1234 4035
166 1981 4036
780 919 4037
142 1452 4038
763 873 4039
741 752 4040
710 1239 4041
824 1407 4042
763 893 4043
1090 1472 4044
1117 1232 4045
1467 1536 4046
1568 2085 4047
559 719 4048
1189 1767 4049
1572 2033 4050
285 418 4051
89 344 4052
374 1376 4053
769 1975 4054
94 405 4055
815 2037 4056
114 2128 4057
535 1703 4058
1236 1326 4059
1561 1777 4060
762 2040 4061
1117 1708 4062
178 2072 4063
854 1474 4064
1689 1759 4065
669 1531 4066
1354 1703 4067
1070 1920 4068
1516 1925 4069
1572 2113 4070
698 925 4071
920 2113 4072
142 1600 4073
498 1242 4074
1676 1814 4075
771 1206 4076
273 1944 4077
464 1249 4078
319 1214 4079
76 1965 4080
1273 2109 4081
1173 1722 4082
272 388 4083
672 1833 4084
1007 1103 4085
158 835 4086
1304 2099 4087
1354 1757 4088
676 1732 4089
1309 2059 4090
1478 1615 4091
270 1544 4092
594 1175 4093
565 888 4094
662 1348 4095
691 1850 4096
131 1672 4097
161 1364 4098
2005 2061 4099
649 1576 4100
223 1269 4101
475 925 4102
614 1579 4103
163 893 4104
363 1276 4105
1008 1370 4106
914 1045 4107
1609 1671 4108
84 766 4109
863 1020 4110
392 2006 4111
349 417 4112
825 1612 4113
646 1977 4114
923 1885 4115
189 303 4116
273 1222 4117
584 1543 4118
494 2020 4119
1295 2044 4120
326 1487 4121
87 1394 4122
104 1929 4123
638 1749 4124
1295 1565 4125
294 2018 4126
1050 1839 4127
882 1117 4128
457 1215 4129
569 1273 4130
698 1709 4131
899 1824 4132
1324 1923 4133
1790 2079 4134
285 1948 4135
452 699 4136
629 1593 4137
989 1364 4138
326 637 4139
39 1914 4140
1321 1740 4141
1377 1755 4142
93 788 4143
38 677 4144
956 1565 4145
91 719 4146
572 1168 4147
611 940 4148
1276 1622 4149
1003 1845 4150
824 1086 4151
896 1243 4152
1350 1676 4153
234 2085 4154
213 1121 4155
1414 2108 4156
28 1462 4157
1703 2113 4158
906 2050 4159
658 1703 4160
957 2001 4161
1222 1940 4162
443 586 4163
38 1366 4164
100 185 4165
1200 1242 4166
505 1981 4167
1652 2045 4168
591 824 4169
1822 2043 4170
311 610 4171
1407 1920 4172
1739 2072 4173
1440 1819 4174
358 1677 4175
604 1283 4176
1073 1971 4177
273 645 4178
679 1153 4179
967 1585 4180
622 1028 4181
176 1810 4182
1610 1657 4183
66 1794 4184
170 1335 4185
1732 2092 4186
1170 1931 4187
713 2005 4188
1657 1887 4189
265 1081 4190
8 2021 4191
1538 1724 4192
151 1211 4193
1153 1561 4194
1151 1262 4195
167 1451 4196
1048 1050 4197
151 1187 4198
235 1866 4199
161 782 4200
947 1689 4201
953 1273 4202
139 1561 4203
239 1530 4204
462 619 4205
997 1886 4206
592 638 4207
461 1497 4208
1576 2030 4209
38 2113 4210
617 870 4211
591 1920 4212
23 2142 4213
84 842 4214
969 2045 4215
1100 1150 4216
1159 2030 4217
551 1462 4218
129 635 4219
1560 1765 4220
604 1337 4221
2018 2055 4222
226 410 4223
289 1483 4224
639 714 4225
659 867 4226
1920 1962 4227
392 537 4228
1163 1992 4229
1185 1478 4230
630 1096 4231
1121 1667 4232
1266 1812 4233
1575 1939 4234
88 2002 4235
812 1043 4236
909 1168 4237
283 1693 4238
1059 1939 4239
697 1940 4240
651 1128 4241
1253 1884 4242
190 917 4243
270 1820 4244
1076 1494 4245
1506 1585 4246
679 1482 4247
1222 2000 4248
1612 2047 4249
1944 2130 4250
246 713 4251
759 1424 4252
1603 1904 4253
330 872 4254
1022 1580 4255
1464 1689 4256
135 1102 4257
1282 1954 4258
1692 1946 4259
1384 1631 4260
981 1078 4261
295 602 4262
1160 1860 4263
122 1583 4264
213 2058 4265
423 1256 4266
146 559 4267
227 2079 4268
2092 2128 4269
569 1400 4270
1067 1153 4271
649 1983 4272
963 1948 4273
1384 1706 4274
146 719 4275
295 1812 4276
1720 1843 4277
446 2082 4278
1095 1703 4279
778 788 4280
1513 1664 4281
910 2043 4282
1258 1805 4283
1175 1652 4284
1344 2034 4285
367 991 4286
1091 1473 4287
258 1598 4288
969 1111 4289
815 1964 4290
1847 1929 4291
429 1569 4292
309 1428 4293
877 2002 4294
910 1190 4295
112 850 4296
1109 1996 4297
1501 1884 4298
575 806 4299
584 1046 4300
1044 1585 4301
921 1289 4302
1746 2009 4303
263 953 4304
1290 2110 4305
105 726 4306
969 1124 4307
1825 1967 4308
105 1316 4309
286 1568 4310
191 1695 4311
428 1560 4312
490 1579 4313
190 1786 4314
610 616 4315
1544 2092 4316
1908 2034 4317
1093 1408 4318
1345 2123 4319
569 1822 4320
936 1682 4321
349 789 4322
542 1203 4323
484 592 4324
199 1929 4325
929 1434 4326
586 1615 4327
1881 2009 4328
1301 1580 4329
1675 1916 4330
552 1069 4331
1324 1689 4332
1322 1326 4333
352 1761 4334
349 1887 4335
1565 2044 4336
1908 2013 4337
264 772 4338
1512 1981 4339
190 1112 4340
499 1294 4341
319 1179 4342
824 983 4343
1497 1916 4344
1065 1242 4345
1122 2101 4346
1292 1295 4347
1013 1905 4348
1820 2092 4349
1568 2033 4350
1024 2020 4351
281 1761 4352
324 1964 4353
363 1622 4354
956 1986 4355
273 2130 4356
823 1694 4357
1392 1703 4358
1426 1916 4359
368 490 4360
498 1396 4361
1201 1258 4362
1260 1992 4363
252 281 4364
392 748 4365
1743 1774 4366
264 1150 4367
243 2041 4368
523 877 4369
579 2050 4370
759 1779 4371
1780 2060 4372
153 1983 4373
622 1341 4374
854 1854 4375
1875 1914 4376
490 528 4377
535 616 4378
1929 2032 4379
170 1925 4380
428 1581 4381
458 846 4382
202 1160 4383
264 1100 4384
659 1905 4385
616 1366 4386
714 1847 4387
829 884 4388
809 1159 4389
484 1948 4390
969 1344 4391
1273 1822 4392
1580 1647 4393
74 316 4394
1205 1660 4395
490 1526 4396
1694 1819 4397
1353 1934 4398
1774 2056 4399
705 1276 4400
1258 1328 4401
881 1437 4402
1024 1598 4403
616 1568 4404
18 1030 4405
608 621 4406
232 722 4407
44 149 4408
451 478 4409
459 1560 4410
649 1546 4411
415 1992 4412
84 911 4413
302 1676 4414
1043 2034 4415
553 1747 4416
153 2030 4417
1956 2130 4418
1001 1399 4419
1099 1314 4420
539 1372 4421
714 1929 4422
1700 1904 4423
1704 2003 4424
1440 1794 4425
85 618 4426
309 698 4427
394 711 4428
547 1129 4429
28 1120 4430
96 1056 4431
263 1619 4432
578 1112 4433
892 1963 4434
247 608 4435
835 1843 4436
1527 1993 4437
1820 1867 4438
270 1704 4439
313 2085 4440
1355 1479 4441
252 1839 4442
679 2024 4443
269 1096 4444
185 789 4445
377 2096 4446
894 1946 4447
1400 1822 4448
211 2041 4449
676 2048 4450
897 1845 4451
379 489 4452
883 1992 4453
1218 2137 4454
211 1546 4455
850 1366 4456
66 1777 4457
257 665 4458
823 985 4459
1544 2030 4460
729 1384 4461
490 767 4462
629 647 4463
494 661 4464
565 1512 4465
938 2018 4466
309 1433 4467
1153 2024 4468
1369 1910 4469
1724 1753 4470
1209 1934 4471
1477 1679 4472
283 977 4473
1124 1652 4474
555 1324 4475
559 953 4476
47 1838 4477
858 1306 4478
443 1185 4479
837 1596 4480
959 1019 4481
708 969 4482
183 743 4483
235 2059 4484
273 857 4485
597 1217 4486
2035 2086 4487
203 272 4488
942 1044 4489
1185 1615 4490
1571 2011 4491
698 1989 4492
830 1977 4493
993 1096 4494
89 1914 4495
615 1940 4496
494 556 4497
782 2058 4498
1243 1266 4499
1485 1939 4500
1887 2036 4501
310 2073 4502
1073 1122 4503
662 1581 4504
985 1819 4505
709 1705 4506
600 714 4507
183 1426 4508
84 422 4509
219 481 4510
597 1276 4511
1537 1966 4512
1904 2050 4513
54 592 4514
135 1409 4515
837 990 4516
1056 1720 4517
981 1076 4518
257 1855 4519
753 1803 4520
1004 2036 4521
700 1997 4522
270 1176 4523
695 1646 4524
185 1213 4525
1201 1249 4526
114 2048 4527
312 1508 4528
1704 2092 4529
877 910 4530
311 616 4531
1548 1646 4532
1903 2060 4533
446 819 4534
1655 2018 4535
168 1170 4536
178 1578 4537
411 1769 4538
1476 1920 4539
389 1536 4540
115 408 4541
1481 1739 4542
569 2055 4543
382 2088 4544
1400 1866 4545
246 869 4546
782 1157 4547
1222 1384 4548
394 1276 4549
819 1957 4550
1316 1916 4551
882 1708 4552
494 1553 4553
1313 2050 4554
155 474 4555
726 1497 4556
1819 2027 4557
89 1885 4558
695 1548 4559
1597 2046 4560
708 1908 4561
1062 1964 4562
332 1966 4563
720 2020 4564
105 1453 4565
1050 1790 4566
1334 1870 4567
188 1790 4568
277 1131 4569
490 1278 4570
714 2064 4571
277 1856 4572
1313 1904 4573
1676 1871 4574
794 2057 4575
994 1153 4576
1 243 4577
104 1624 4578
1699 1739 4579
1820 2030 4580
1503 1928 4581
1220 2003 4582
1878 1961 4583
982 2142 4584
363 928 4585
1222 2079 4586
639 1694 4587
1560 1755 4588
567 874 4589
850 1345 4590
1103 1794 4591
992 1004 4592
220 1099 4593
1149 1364 4594
307 948 4595
482 982 4596
155 1583 4597
837 1186 4598
1274 1964 4599
57 975 4600
645 1384 4601
1008 1218 4602
1008 1524 4603
297 332 4604
597 1622 4605
642 1989 4606
1576 2092 4607
175 1154 4608
218 597 4609
95 103 4610
494 1578 4611
535 1645 4612
705 1622 4613
509 711 4614
1162 1262 4615
1355 1818 4616
742 1013 4617
1790 1940 4618
1067 2024 4619
1471 1884 4620
111 1847 4621
676 1820 4622
380 1993 4623
666 1020 4624
953 1822 4625
436 690 4626
1108 1628 4627
25 904 4628
878 1989 4629
1007 1870 4630
1181 1904 4631
612 929 4632
2043 2055 4633
1341 2011 4634
1611 1805 4635
453 1782 4636
252 1761 4637
567 1687 4638
811 1681 4639
199 1847 4640
1065 1200 4641
114 1544 4642
1103 1258 4643
1819 2049 4644
427 1668 4645
538 1851 4646
1873 2058 4647
391 1819 4648
1006 1510 4649
725 919 4650
874 1687 4651
990 1596 4652
76 2002 4653
128 1708 4654
595 929 4655
597 1877 4656
1334 1794 4657
234 1095 4658
593 881 4659
1222 1644 4660
1524 1692 4661
1510 1880 4662
1576 1759 4663
2030 2128 4664
310 397 4665
963 1886 4666
1383 2092 4667
1867 2048 4668
1458 1664 4669
1273 2055 4670
705 928 4671
1375 1896 4672
1344 1804 4673
373 1993 4674
1494 1529 4675
661 1395 4676
77 1914 4677
781 1955 4678
881 1507 4679
1524 2137 4680
1186 1596 4681
928 1622 4682
128 799 4683
659 1013 4684
357 1925 4685
1428 1989 4686
1714 1859 4687
1003 2018 4688
284 310 4689
594 2045 4690
278 1895 4691
929 1681 4692
446 1460 4693
1616 1709 4694
1659 1819 4695
914 1587 4696
324 515 4697
517 1530 4698
1940 2079 4699
1544 1679 4700
1704 1867 4701
184 453 4702
1218 1804 4703
1561 2024 4704
597 814 4705
1171 1995 4706
1083 1434 4707
1400 2055 4708
1324 1464 4709
28 1701 4710
136 605 4711
234 1757 4712
705 711 4713
1524 1946 4714
1565 1984 4715
863 2128 4716
128 302 4717
152 311 4718
639 1583 4719
40 1072 4720
897 1474 4721
667 1583 4722
1479 1818 4723
268 1956 4724
99 677 4725
697 2079 4726
481 1460 4727
332 1537 4728
1064 1352 4729
958 1753 4730
281 1839 4731
474 1888 4732
875 2006 4733
990 1186 4734
181 1470 4735
452 2048 4736
884 1554 4737
1624 1929 4738
268 857 4739
680 1708 4740
835 1720 4741
698 795 4742
834 1854 4743
926 1544 4744
1171 1532 4745
751 2043 4746
1328 1616 4747
1587 1818 4748
419 1757 4749
1233 1817 4750
1461 2092 4751
1611 2032 4752
415 1163 4753
1200 1763 4754
174 1424 4755
171 977 4756
1176 2030 4757
1832 1853 4758
894 1692 4759
66 1373 4760
275 2092 4761
983 1920 4762
494 954 4763
789 1213 4764
929 1341 4765
381 1462 4766
454 1021 4767
490 776 4768
801 1837 4769
1003 1474 4770
1021 1932 4771
1319 1856 4772
560 1461 4773
452 1820 4774
1822 2055 4775
134 1434 4776
511 1275 4777
446 493 4778
481 1413 4779
391 1794 4780
192 1274 4781
324 457 4782
1086 1395 4783
325 548 4784
334 1943 4785
396 796 4786
437 1676 4787
1679 2128 4788
29 908 4789
376 1434 4790
676 901 4791
677 757 4792
1428 1498 4793
883 1260 4794
547 2071 4795
716 2028 4796
317 418 4797
699 2030 4798
111 1007 4799
722 1347 4800
441 1212 4801
763 1837 4802
202 1462 4803
1474 1845 4804
786 1856 4805
1245 1670 4806
496 1676 4807
678 2011 4808
1719 1983 4809
445 2006 4810
1018 1929 4811
933 2011 4812
1460 1667 4813
1163 1260 4814
74 1494 4815
454 1932 4816
1185 1391 4817
394 1622 4818
1209 1826 4819
751 1273 4820
1278 1512 4821
698 1328 4822
47 1347 4823
170 357 4824
1679 1820 4825
1351 1685 4826
185 1785 4827
483 1966 4828
658 1392 4829
982 1890 4830
1704 2030 4831
658 1366 4832
948 2011 4833
154 1566 4834
1245 2126 4835
1400 2059 4836
746 1179 4837
318 1544 4838
858 927 4839
228 1573 4840
615 1476 4841
2022 2048 4842
699 1983 4843
892 1194 4844
1383 2030 4845
1794 2049 4846
152 1345 4847
431 836 4848
1046 1966 4849
639 2027 4850
211 270 4851
452 1197 4852
699 1020 4853
947 1154 4854
905 1661 4855
949 1207 4856
270 932 4857
842 911 4858
69 699 4859
1248 1418 4860
1571 1848 4861
836 1384 4862
1298 1303 4863
389 1938 4864
818 2118 4865
1477 2048 4866
694 829 4867
878 1099 4868
981 1414 4869
963 2038 4870
493 1745 4871
1888 2027 4872
137 1426 4873
639 985 4874
211 1020 4875
178 811 4876
560 1009 4877
403 1562 4878
721 1616 4879
155 1888 4880
694 884 4881
1888 2032 4882
753 1247 4883
1006 1880 4884
605 2088 4885
266 1949 4886
481 845 4887
211 1983 4888
1100 1126 4889
658 1196 4890
858 982 4891
1175 2045 4892
128 599 4893
172 493 4894
1544 1983 4895
1854 2002 4896
649 681 4897
403 941 4898
195 281 4899
302 484 4900
452 1695 4901
714 1624 4902
111 1870 4903
1546 1704 4904
1206 1819 4905
414 1466 4906
1177 1622 4907
1385 1571 4908
1066 1160 4909
1345 1354 4910
257 1129 4911
819 1965 4912
1079 1116 4913
1395 1890 4914
639 1659 4915
1556 1562 4916
661 1623 4917
650 2034 4918
941 1562 4919
829 1554 4920
1679 1704 4921
676 1704 4922
715 717 4923
1069 1426 4924
699 1626 4925
1046 1896 4926
219 1212 4927
1414 1967 4928
465 1703 4929
799 1708 4930
547 1669 4931
188 1050 4932
1477 1704 4933
211 1704 4934
391 823 4935
694 1821 4936
317 476 4937
928 1276 4938
1071 1120 4939
1167 2030 4940
892 1645 4941
942 1506 4942
212 2011 4943
666 2128 4944
449 842 4945
1517 1779 4946
690 1466 4947
1273 1400 4948
965 1821 4949
32 901 4950
219 1447 4951
467 2051 4952
639 1334 4953
741 2089 4954
38 850 4955
1988 2086 4956
394 928 4957
467 1507 4958
1317 1546 4959
512 1549 4960
631 1199 4961
325 1448 4962
1020 1544 4963
308 716 4964
1206 1794 4965
1065 1573 4966
439 1567 4967
498 1814 4968
474 1271 4969
1678 1759 4970
819 2002 4971
963 1708 4972
836 1513 4973
597 1177 4974
139 1373 4975
446 751 4976
666 863 4977
751 1957 4978
1160 2118 4979
772 842 4980
345 2088 4981
554 1664 4982
639 2032 4983
1375 1966 4984
47 1062 4985
864 1832 4986
639 2049 4987
1578 1681 4988
1779 1911 4989
569 751 4990
1695 2022 4991
382 969 4992
220 1816 4993
1479 2079 4994
1384 1644 4995
690 1350 4996
1351 1988 4997
67 467 4998
128 1476 4999
953 1984 5000
493 1434 5001
757 1568 5002
1616 1659 5003
403 1556 5004
1224 1845 5005
876 1890 5006
1578 1755 5007
896 1912 5008
941 1556 5009
188 2000 5010
238 506 5011
111 1611 5012
1845 1957 5013
1940 2000 5014
954 982 5015
1247 1803 5016
1345 2003 5017
1481 1578 5018
926 2128 5019
1101 1779 5020
116 1303 5021
316 1814 5022
1635 2003 5023
316 1494 5024
755 1725 5025
535 694 5026
1360 1982 5027
1596 1912 5028
725 1963 5029
1578 1699 5030
172 1460 5031
1258 1870 5032
1553 1623 5033
154 1361 5034
484 1476 5035
761 839 5036
845 1447 5037
69 2022 5038
699 2041 5039
73 1361 5040
1191 1329 5041
414 962 5042
529 2071 5043
615 1350 5044
666 1544 5045
727 1779 5046
408 545 5047
822 2081 5048
1208 1663 5049
1560 1581 5050
325 1031 5051
953 1866 5052
84 1665 5053
431 473 5054
1125 2079 5055
210 1120 5056
863 1544 5057
626 1922 5058
1517 1911 5059
894 1524 5060
512 2081 5061
1118 1818 5062
162 969 5063
325 1852 5064
857 2100 5065
1504 1567 5066
535 1315 5067
677 1703 5068
994 1837 5069
129 953 5070
345 1877 5071
845 862 5072
1275 1435 5073
38 1392 5074
1616 2032 5075
348 531 5076
1474 1957 5077
155 600 5078
873 1253 5079
1581 1755 5080
994 1777 5081
1614 1795 5082
69 1732 5083
983 1676 5084
1096 1545 5085
1704 2041 5086
483 1375 5087
1679 1732 5088
918 1307 5089
1099 2042 5090
1411 1940 5091
1476 1708 5092
264 842 5093
1181 2050 5094
897 1957 5095
1238 1425 5096
1447 1460 5097
711 928 5098
1559 1728 5099
859 1303 5100
649 1719 5101
211 2092 5102
211 1820 5103
211 2030 5104
971 1637 5105
1849 2092 5106
694 1196 5107
751 1822 5108
884 1826 5109
963 1814 5110
1224 1854 5111
1685 1988 5112
74 534 5113
275 1679 5114
766 1665 5115
1499 1779 5116
452 1704 5117
872 2031 5118
599 1708 5119
1129 1424 5120
737 1832 5121
737 1853 5122
893 1253 5123
583 946 5124
1845 2002 5125
287 895 5126
332 1375 5127
414 690 5128
302 1476 5129
77 750 5130
509 928 5131
1814 2118 5132
483 1046 5133
1379 1578 5134
799 882 5135
714 2115 5136
1167 1679 5137
493 1460 5138
650 1344 5139
1177 1276 5140
280 605 5141
418 1350 5142
862 1513 5143
172 446 5144
884 1345 5145
882 1476 5146
1507 2071 5147
763 1590 5148
751 1965 5149
854 1957 5150
694 1554 5151
2031 2081 5152
1623 2029 5153
873 1471 5154
474 639 5155
680 882 5156
895 1373 5157
1704 1983 5158
639 1103 5159
1018 2027 5160
954 1739 5161
163 1590 5162
811 1581 5163
1065 1814 5164
1845 1854 5165
183 1069 5166
332 1046 5167
281 352 5168
1965 2002 5169
325 1632 5170
452 901 5171
1018 1624 5172
1303 2086 5173
281 1411 5174
718 1019 5175
1546 2048 5176
471 947 5177
600 2032 5178
484 2100 5179
1303 1482 5180
420 962 5181
1232 1303 5182
1957 1965 5183
930 2090 5184
1271 1703 5185
688 1303 5186
446 1003 5187
1576 1820 5188
141 892 5189
345 509 5190
1714 1969 5191
183 950 5192
1637 2071 5193
58 779 5194
1212 1460 5195
1186 1912 5196
205 1707 5197
208 892 5198
83 1853 5199
639 1624 5200
220 1391 5201
435 583 5202
741 1102 5203
1228 1846 5204
1180 2032 5205
1616 2027 5206
910 953 5207
1476 1779 5208
1818 2100 5209
988 1821 5210
227 1644 5211
834 2002 5212
1599 1623 5213
509 1177 5214
866 1902 5215
1626 2048 5216
66 1907 5217
1020 1576 5218
234 1345 5219
281 1350 5220
757 1635 5221
818 2090 5222
878 2042 5223
705 1177 5224
795 1616 5225
854 1965 5226
6 714 5227
474 1624 5228
1774 1963 5229
990 1912 5230
1613 1644 5231
296 2059 5232
1038 1361 5233
1303 1357 5234
1568 2113 5235
793 1373 5236
842 1144 5237
983 2118 5238
787 1644 5239
964 1980 5240
155 2115 5241
1578 1623 5242
1626 1732 5243
599 799 5244
1196 1362 5245
754 1194 5246
917 1912 5247
1271 2032 5248
1476 2100 5249
363 1152 5250
770 1298 5251
1019 1181 5252
1355 2079 5253
916 2032 5254
1060 1779 5255
1222 2100 5256
512 822 5257
1458 2071 5258
1345 1826 5259
1479 1940 5260
1704 2022 5261
917 1786 5262
452 1732 5263
1018 2032 5264
383 2094 5265
711 1622 5266
1280 1319 5267
1664 1666 5268
416 1779 5269
435 946 5270
737 864 5271
316 1350 5272
644 1846 5273
1224 2002 5274
651 1590 5275
1621 2090 5276
554 2071 5277
1053 1181 5278
902 1604 5279
583 1460 5280
1046 1375 5281
699 1167 5282
766 1144 5283
893 1471 5284
134 1540 5285
210 1071 5286
1054 1860 5287
862 1903 5288
953 2059 5289
1274 2132 5290
1003 1957 5291
1259 1890 5292
854 2002 5293
1777 1819 5294
387 974 5295
1545 2081 5296
1435 1550 5297
711 1276 5298
722 1062 5299
2030 2048 5300
837 1912 5301
1253 1471 5302
427 605 5303
512 1545 5304
521 1889 5305
535 1362 5306
1066 2118 5307
718 1181 5308
1344 1494 5309
416 1517 5310
605 1494 5311
2041 2048 5312
1888 2115 5313
862 1460 5314
1179 1517 5315
1576 1704 5316
267 2071 5317
1695 1983 5318
359 2032 5319
416 442 5320
416 434 5321
363 1177 5322
1062 1347 5323
1845 1965 5324
737 1253 5325
1474 1965 5326
1635 1757 5327
465 2032 5328
759 1980 5329
1118 1125 5330
639 1258 5331
892 1738 5332
1319 1453 5333
1586 2063 5334
435 1296 5335
1732 1820 5336
1391 1816 5337
928 1177 5338
671 1264 5339
1152 1622 5340
1990 2071 5341
822 2031 5342
845 1460 5343
318 2048 5344
897 1965 5345
1590 1884 5346
752 1102 5347
1020 1704 5348
514 1264 5349
814 1873 5350
1676 2078 5351
766 911 5352
962 1054 5353
153 2048 5354
422 1665 5355
962 2039 5356
1259 1363 5357
422 911 5358
122 1847 5359
548 1345 5360
642 892 5361
834 1965 5362
843 1345 5363
122 1659 5364
79 953 5365
639 1007 5366
882 1751 5367
316 1871 5368
705 1152 5369
394 1152 5370
296 514 5371
336 1870 5372
217 1792 5373
357 1391 5374
1786 1912 5375
243 2022 5376
750 1795 5377
1054 1160 5378
901 1626 5379
1271 1645 5380
1355 1940 5381
1460 1540 5382
1271 2027 5383
711 1177 5384
711 2078 5385
1181 1669 5386
942 1285 5387
987 1888 5388
1008 1289 5389
950 1069 5390
708 1494 5391
211 1679 5392
1540 1589 5393
962 1350 5394
1794 1819 5395
1144 1665 5396
419 1635 5397
751 2055 5398
961 1648 5399
1054 2118 5400
122 1888 5401
1152 1276 5402
1303 2035 5403
1435 1876 5404
1576 1679 5405
321 961 5406
1129 1779 5407
1714 1892 5408
699 1576 5409
776 1853 5410
822 1545 5411
1616 1870 5412
507 2065 5413
759 2080 5414
296 1264 5415
1576 2048 5416
2051 2071 5417
954 1755 5418
954 1890 5419
1477 1695 5420
1695 2041 5421
1732 1867 5422
541 2065 5423
873 893 5424
759 1129 5425
345 382 5426
1366 1635 5427
1219 2065 5428
1246 1586 5429
1352 1903 5430
1385 1426 5431
1444 2071 5432
1545 2031 5433
383 1350 5434
873 1590 5435
1253 1590 5436
1350 1948 5437
122 1841 5438
1496 1888 5439
737 873 5440
880 1237 5441
1546 1732 5442
1660 1678 5443
1049 1118 5444
1496 2115 5445
726 1280 5446
1102 1581 5447
714 1496 5448
1253 1420 5449
1704 1732 5450
122 2027 5451
270 2048 5452
954 1623 5453
632 866 5454
911 1665 5455
764 1791 5456
498 1871 5457
1139 1582 5458
902 931 5459
942 1137 5460
217 770 5461
737 1590 5462
1688 1791 5463
2081 2094 5464
698 1963 5465
770 1792 5466
814 1831 5467
946 1460 5468
1167 2048 5469
47 2116 5470
492 1460 5471
1066 2134 5472
1275 1357 5473
928 1274 5474
974 1060 5475
1841 2032 5476
1345 1635 5477
509 1152 5478
1983 2048 5479
296 671 5480
953 2055 5481
1049 2100 5482
1494 2088 5483
1871 2053 5484
1289 1344 5485
1361 1673 5486
1854 1965 5487
1102 1296 5488
1606 2065 5489
1688 1846 5490
1624 1888 5491
739 1888 5492
1820 2048 5493
394 1177 5494
441 1460 5495
644 1688 5496
1350 1476 5497
759 1060 5498
1496 1847 5499
820 2065 5500
988 1362 5501
942 1585 5502
1054 1066 5503
2032 2115 5504
1019 1669 5505
408 1138 5506
513 1640 5507
1870 1881 5508
739 987 5509
1375 1907 5510
122 714 5511
1413 1460 5512
953 1889 5513
843 1194 5514
1069 1071 5515
1350 2118 5516
122 1496 5517
317 1357 5518
892 1684 5519
963 1871 5520
345 2078 5521
1420 1471 5522
965 1345 5523
1102 1409 5524
718 1669 5525
1471 1590 5526
723 1049 5527
771 1819 5528
928 2078 5529
1586 1673 5530
1114 1673 5531
122 987 5532
966 1660 5533
521 953 5534
1350 2038 5535
1573 1871 5536
739 1271 5537
1069 1385 5538
1129 1517 5539
1214 1590 5540
534 1494 5541
128 1350 5542
1293 1771 5543
554 2134 5544
1019 1053 5545
122 739 5546
632 1862 5547
2048 2092 5548
632 1147 5549
822 2094 5550
1450 2071 5551
671 999 5552
1496 2027 5553
739 1496 5554
1103 1496 5555
1237 1837 5556
718 1053 5557
911 1144 5558
699 1732 5559
1015 1678 5560
1194 1826 5561
1138 1621 5562
345 1274 5563
1420 1590 5564
1574 2078 5565
750 983 5566
1152 1274 5567
1770 1876 5568
496 1350 5569
1210 1936 5570
1814 1871 5571
853 1871 5572
1288 1289 5573
437 1350 5574
1664 2071 5575
1704 2048 5576
2031 2094 5577
714 987 5578
1115 1216 5579
853 1814 5580
1194 1864 5581
931 2129 5582
820 1606 5583
1194 1936 5584
1465 1903 5585
771 1794 5586
928 1152 5587
1350 2039 5588
1003 1965 5589
302 1350 5590
699 2048 5591
1673 1710 5592
1350 1708 5593
1392 1635 5594
820 1640 5595
1357 1844 5596
1362 1904 5597
873 1420 5598
1224 1965 5599
1460 1589 5600
1635 2113 5601
534 1350 5602
1216 1730 5603
1303 1988 5604
961 1293 5605
963 2078 5606
1350 1751 5607
814 2042 5608
1078 2134 5609
1931 1963 5610
1732 2048 5611
953 1641 5612
699 1695 5613
1007 1616 5614
122 1271 5615
345 1494 5616
954 1259 5617
1138 1357 5618
1393 1876 5619
880 1837 5620
1046 1907 5621
1777 2014 5622
1138 1811 5623
2078 2118 5624
950 1385 5625
1020 2048 5626
1271 1315 5627
739 2032 5628
1391 1815 5629
1357 2019 5630
122 2032 5631
1545 2094 5632
1538 1963 5633
694 1345 5634
1280 1862 5635
1049 1644 5636
711 1152 5637
1007 1881 5638
1753 1963 5639
931 1453 5640
873 1165 5641
1060 1129 5642
1391 2080 5643
699 901 5644
1289 1524 5645
1679 2048 5646
942 2071 5647
1210 1777 5648
168 1963 5649
1496 1624 5650
1258 1624 5651
1590 1674 5652
666 2048 5653
1071 1385 5654
1684 1963 5655
1102 1758 5656
1258 1881 5657
1289 2045 5658
1710 1758 5659
893 1590 5660
1453 1578 5661
963 1152 5662
1152 1177 5663
1049 1940 5664
799 1350 5665
1054 2134 5666
987 2032 5667
650 1289 5668
1053 1669 5669
1494 1862 5670
1496 2032 5671
1293 1688 5672
677 850 5673
954 1581 5674
1777 1936 5675
1362 1576 5676
776 1062 5677
1576 1732 5678
971 1777 5679
1271 1496 5680
966 1194 5681
765 1260 5682
1350 1892 5683
1076 2134 5684
1177 2116 5685
962 2078 5686
1152 2078 5687
1350 2078 5688
1724 1963 5689
1350 2116 5690
1414 1530 5691
1494 1708 5692
751 1400 5693
1102 1673 5694
963 1274 5695
1476 2078 5696
882 1494 5697
1054 1350 5698
1152 1350 5699
1177 1350 5700
882 1350 5701
