687 1768 1
86 267 2
300 952 3
113 687 4
86 1990 5
267 1637 6
267 1990 7
547 942 8
1602 1972 9
1637 1990 10
267 942 11
86 1637 12
547 1637 13
67 267 14
67 86 15
4 687 16
86 942 17
502 2030 18
86 1450 19
325 1978 20
942 1637 21
1241 2135 22
86 547 23
529 942 24
529 547 25
687 1104 26
1450 1637 27
267 1450 28
267 529 29
140 480 30
1450 1990 31
67 1990 32
267 547 33
67 547 34
529 1990 35
1193 1978 36
3 86 37
67 1637 38
581 1404 39
67 1450 40
335 480 41
67 529 42
86 529 43
581 673 44
547 1990 45
67 942 46
342 1429 47
529 1637 48
356 952 49
924 1454 50
1284 1972 51
942 1990 52
100 267 53
140 335 54
547 1450 55
3 267 56
86 100 57
1397 1972 58
86 1444 59
942 1450 60
86 1716 61
341 687 62
687 1430 63
847 2030 64
1637 1887 65
952 1193 66
267 1716 67
267 1444 68
847 2092 69
547 765 70
529 1887 71
952 1772 72
924 2007 73
480 1968 74
3 1386 75
267 2051 76
3 67 77
267 1887 78
3 1990 79
529 1450 80
687 827 81
1284 1602 82
86 2051 83
3 100 84
86 1386 85
100 547 86
67 1716 87
342 1241 88
1444 1990 89
86 1887 90
1887 1990 91
190 687 92
351 581 93
673 1404 94
1130 1241 95
67 1444 96
140 1968 97
1454 2007 98
1716 1990 99
3 547 100
942 1887 101
3 1444 102
952 1978 103
1444 1450 104
67 100 105
144 687 106
547 1887 107
1637 1716 108
3 1637 109
3 1450 110
1241 1429 111
687 953 112
1990 2051 113
1972 2114 114
3 1785 115
300 356 116
532 1768 117
1972 2117 118
365 480 119
1397 1602 120
3 1716 121
687 1158 122
1432 2052 123
267 765 124
86 765 125
547 2051 126
67 2051 127
267 2057 128
86 2057 129
67 765 130
687 1528 131
1386 1785 132
1637 2051 133
557 1602 134
1444 1637 135
100 1444 136
100 1450 137
686 1768 138
1450 1716 139
341 1972 140
100 1990 141
1130 2135 142
1450 1887 143
67 1887 144
76 688 145
300 1772 146
687 1500 147
116 365 148
267 1386 149
942 2051 150
113 827 151
952 1205 152
529 2051 153
3 529 154
300 1193 155
1229 1386 156
113 2052 157
1104 1768 158
1768 1896 159
67 1386 160
86 779 161
865 1241 162
547 1444 163
1444 2057 164
100 765 165
100 2057 166
267 1162 167
351 1404 168
865 2135 169
856 1972 170
1630 1976 171
3 1229 172
1279 1415 173
1386 1990 174
547 1716 175
1716 2057 176
100 1637 177
3 765 178
140 365 179
581 1629 180
365 859 181
1386 1716 182
100 1386 183
100 1716 184
1444 1716 185
1450 2051 186
1386 1444 187
924 1942 188
547 1162 189
342 1130 190
827 1104 191
1104 2052 192
300 1978 193
765 1785 194
100 1785 195
952 1806 196
100 779 197
765 1990 198
942 2057 199
1450 2057 200
86 1162 201
1630 2117 202
1887 2051 203
1087 1415 204
3 779 205
1990 2057 206
1454 1942 207
100 942 208
341 1430 209
1087 1279 210
529 1444 211
687 1702 212
1284 1976 213
1630 1972 214
529 1716 215
67 1162 216
1602 2117 217
1678 1978 218
100 529 219
1430 1972 220
1444 1887 221
86 1229 222
1284 1430 223
527 1205 224
779 1785 225
1602 2114 226
145 335 227
942 1444 228
207 1104 229
1403 1630 230
113 1432 231
256 1480 232
765 1450 233
1716 1785 234
86 1785 235
113 1768 236
986 1063 237
942 1386 238
75 1429 239
116 335 240
1205 2030 241
46 1104 242
1063 2062 243
1942 2007 244
1386 1450 245
1162 1990 246
1104 1432 247
67 2057 248
952 1945 249
240 1061 250
267 779 251
1404 1629 252
1972 1976 253
1284 2117 254
335 859 255
952 1776 256
838 1605 257
1397 1430 258
30 1429 259
1386 2057 260
529 1386 261
325 547 262
871 1756 263
952 1970 264
660 2068 265
1397 1976 266
356 1772 267
942 1716 268
341 1602 269
356 1978 270
934 2054 271
3 942 272
7 1942 273
116 1482 274
356 1205 275
547 1386 276
1130 1429 277
49 147 278
145 365 279
765 1444 280
3 2057 281
765 1637 282
1976 2114 283
365 2035 284
529 765 285
868 1942 286
113 207 287
1162 1450 288
1397 2117 289
1063 1727 290
365 1482 291
477 502 292
3 1162 293
527 1978 294
1602 1630 295
300 1806 296
686 1104 297
75 342 298
87 356 299
779 1386 300
1716 2051 301
267 1785 302
342 2135 303
480 859 304
3 2051 305
356 1776 306
687 854 307
856 1602 308
86 1513 309
986 2062 310
270 847 311
267 1229 312
67 325 313
300 1205 314
1444 1785 315
335 365 316
1887 2057 317
859 1482 318
1776 1978 319
1785 1990 320
1104 1158 321
1386 1637 322
140 859 323
688 859 324
1397 2114 325
116 480 326
116 859 327
191 527 328
1430 1602 329
2114 2117 330
765 2057 331
765 942 332
67 1785 333
116 140 334
346 1942 335
675 1104 336
356 1678 337
859 1117 338
529 2057 339
1403 1976 340
765 1716 341
86 325 342
1450 1785 343
114 527 344
190 1784 345
1602 1976 346
145 859 347
267 1513 348
119 121 349
568 952 350
113 1158 351
527 1983 352
1968 2035 353
67 1513 354
1229 1785 355
267 325 356
871 1766 357
1444 2051 358
491 2030 359
765 1386 360
1662 1808 361
335 2035 362
827 1768 363
1104 1500 364
1970 1978 365
67 1229 366
859 1968 367
1162 1444 368
1145 1633 369
942 1162 370
527 1020 371
140 1482 372
973 1268 373
1193 1776 374
365 688 375
140 634 376
191 1576 377
1229 1990 378
480 1482 379
61 2135 380
779 1990 381
1229 1716 382
1785 2057 383
100 1162 384
116 1968 385
779 942 386
351 1629 387
984 1808 388
1429 2135 389
341 1284 390
480 2035 391
859 2082 392
61 1241 393
159 664 394
67 779 395
1104 1445 396
986 1727 397
145 1968 398
300 1970 399
1403 2117 400
527 1970 401
1193 1772 402
300 1776 403
503 1104 404
634 859 405
1514 1942 406
356 477 407
1716 1887 408
1205 1945 409
1727 2062 410
480 634 411
144 1528 412
687 783 413
140 2035 414
224 1976 415
1513 1637 416
224 2117 417
1500 1528 418
984 1662 419
356 527 420
7 924 421
1193 1806 422
502 1978 423
587 1241 424
86 1903 425
1162 1637 426
116 688 427
1976 2117 428
300 1945 429
365 634 430
144 1500 431
351 673 432
190 1768 433
687 1224 434
765 1162 435
254 1305 436
325 1990 437
502 1193 438
1482 1988 439
2051 2057 440
4 480 441
502 952 442
365 1117 443
490 579 444
547 779 445
687 1400 446
859 2035 447
351 1267 448
779 1450 449
838 1145 450
1193 1205 451
973 2058 452
587 2135 453
335 1968 454
407 581 455
867 1279 456
75 587 457
867 1415 458
1229 1450 459
35 2075 460
529 1162 461
1386 2051 462
325 1776 463
779 1716 464
856 2117 465
67 1903 466
1205 1978 467
1117 1482 468
765 779 469
477 1978 470
1756 1766 471
191 1193 472
144 1104 473
1513 1990 474
34 1942 475
100 1887 476
100 2051 477
527 1172 478
1162 1386 479
480 1117 480
1162 1785 481
254 1017 482
480 1988 483
335 1482 484
140 1117 485
952 1678 486
1284 1630 487
1605 1633 488
838 1633 489
1768 1856 490
108 1768 491
859 1768 492
688 1482 493
529 1229 494
765 2051 495
1430 2114 496
1162 1716 497
240 797 498
867 1087 499
224 1972 500
113 951 501
518 1630 502
14 1268 503
116 145 504
365 1968 505
1145 1605 506
1284 1397 507
4 859 508
1637 2057 509
779 2057 510
1162 2057 511
529 1785 512
335 688 513
502 1806 514
4 140 515
686 827 516
1193 1923 517
1450 1513 518
108 145 519
341 1397 520
634 1117 521
1017 1305 522
407 1404 523
529 779 524
113 1104 525
1193 1678 526
688 2035 527
973 1057 528
1158 1768 529
518 1430 530
4 1768 531
547 1229 532
686 2052 533
325 529 534
490 906 535
4 365 536
660 1134 537
797 1061 538
1772 1970 539
100 1229 540
300 568 541
3 1887 542
440 468 543
570 1768 544
547 1785 545
145 688 546
765 1229 547
856 1976 548
779 1637 549
1134 2068 550
1104 1312 551
384 1134 552
116 2035 553
351 1987 554
686 1500 555
51 1075 556
88 687 557
325 942 558
502 568 559
635 687 560
480 688 561
325 1450 562
365 1988 563
942 1513 564
655 2007 565
1193 1970 566
1945 1970 567
503 686 568
325 1507 569
840 1325 570
1312 2052 571
325 431 572
1528 1702 573
300 1678 574
417 557 575
529 1903 576
779 1162 577
1325 1680 578
1368 1906 579
3 1507 580
335 1988 581
827 1158 582
261 1368 583
502 847 584
261 1906 585
686 1528 586
1403 1972 587
109 1972 588
942 1458 589
779 1229 590
264 1150 591
685 1188 592
1040 1104 593
1584 1942 594
140 688 595
1267 1629 596
1270 1654 597
1397 1630 598
1678 1772 599
1752 1931 600
356 502 601
529 1513 602
887 1381 603
557 2109 604
254 562 605
356 1970 606
140 145 607
535 2030 608
1162 2051 609
634 688 610
942 1229 611
190 2082 612
532 1482 613
1284 1403 614
75 1130 615
221 502 616
144 686 617
335 1117 618
1467 1768 619
224 557 620
1637 1785 621
1454 1514 622
1397 1403 623
140 1988 624
687 834 625
859 1988 626
1229 1637 627
1403 1602 628
527 1776 629
557 856 630
1482 2035 631
688 1968 632
116 1117 633
1702 2035 634
502 1172 635
1903 2057 636
4 1988 637
1482 1968 638
503 2052 639
1104 1528 640
30 75 641
1828 1863 642
14 973 643
20 855 644
502 1772 645
673 1629 646
1450 1903 647
300 502 648
75 2135 649
1117 1988 650
375 1828 651
888 1318 652
1205 1772 653
113 590 654
704 1387 655
860 2066 656
1117 2035 657
100 1513 658
477 1205 659
4 1117 660
470 1942 661
907 1972 662
1968 1988 663
1629 1987 664
1903 1990 665
891 1834 666
1500 1768 667
145 480 668
1513 1785 669
325 1444 670
686 951 671
145 1768 672
10 1417 673
335 634 674
1454 1584 675
20 1931 676
1603 1768 677
704 891 678
535 676 679
704 1834 680
906 1193 681
1016 1188 682
1806 1978 683
108 2082 684
190 224 685
686 1432 686
1772 1776 687
145 1482 688
561 1801 689
87 847 690
421 934 691
421 2054 692
856 1397 693
1417 1742 694
1768 1988 695
10 1742 696
831 1931 697
1988 2035 698
1513 2051 699
490 1750 700
502 1945 701
491 1896 702
685 1016 703
891 1387 704
687 790 705
1270 1680 706
145 634 707
1205 1970 708
47 351 709
144 1702 710
924 1514 711
561 1519 712
417 552 713
35 115 714
113 1040 715
356 1806 716
654 2004 717
417 959 718
61 1130 719
341 518 720
477 527 721
4 335 722
87 2092 723
1117 2082 724
191 1772 725
673 1987 726
375 1863 727
1158 1432 728
502 1923 729
561 1734 730
1800 2054 731
207 675 732
798 1104 733
547 1903 734
688 2082 735
840 1680 736
1386 1887 737
4 2035 738
191 1978 739
1772 1806 740
860 1358 741
1284 2114 742
707 1654 743
1303 1768 744
2035 2086 745
934 1800 746
1879 1927 747
7 2007 748
673 1267 749
49 802 750
224 1630 751
590 1104 752
4 116 753
115 2075 754
856 1403 755
924 1539 756
341 2114 757
1229 2057 758
1117 1968 759
65 714 760
194 259 761
865 1130 762
87 1679 763
14 299 764
207 1445 765
644 1688 766
686 1312 767
1768 2035 768
15 871 769
686 1040 770
581 1267 771
623 2058 772
1205 1678 773
1325 1654 774
1637 1903 775
1309 1754 776
3 1513 777
675 686 778
249 1430 779
1389 1801 780
529 1884 781
856 1630 782
145 1117 783
113 686 784
687 1823 785
1204 1656 786
714 1794 787
113 1528 788
707 1270 789
1387 1834 790
1482 2086 791
503 1040 792
952 1172 793
113 144 794
518 1403 795
1162 1229 796
356 568 797
775 1023 798
1678 1970 799
675 1445 800
1389 1519 801
7 1454 802
200 366 803
557 1784 804
1784 2082 805
116 634 806
1513 2057 807
552 1784 808
1513 1716 809
255 1931 810
35 724 811
30 1241 812
191 952 813
503 1432 814
1887 1903 815
502 692 816
61 75 817
765 1507 818
1528 1768 819
207 1312 820
477 1970 821
1444 1903 822
1834 1872 823
562 1305 824
552 1273 825
704 1277 826
1312 1432 827
75 395 828
207 2052 829
113 1500 830
194 1333 831
688 1117 832
249 810 833
463 606 834
587 1130 835
1277 1387 836
117 502 837
145 1988 838
562 1017 839
341 1976 840
552 557 841
1104 1702 842
704 1872 843
224 856 844
388 663 845
891 1277 846
1539 1942 847
1454 1539 848
1630 2114 849
1785 2051 850
503 590 851
780 855 852
144 1768 853
567 874 854
113 1445 855
388 1135 856
1716 1903 857
686 1702 858
1277 1834 859
686 1158 860
1389 1734 861
112 2113 862
567 1687 863
109 1602 864
561 1251 865
687 1468 866
692 1978 867
1267 1404 868
325 1458 869
1387 1872 870
891 1872 871
76 1784 872
490 2050 873
518 1972 874
224 1602 875
557 1273 876
341 2117 877
1229 2051 878
145 2035 879
116 1988 880
1931 2143 881
942 1785 882
1064 1723 883
502 1205 884
724 2075 885
568 1806 886
942 1903 887
634 1968 888
356 1945 889
86 1507 890
686 1445 891
847 1193 892
108 480 893
264 772 894
855 1097 895
342 865 896
417 1400 897
440 973 898
654 1937 899
117 952 900
1251 1389 901
1403 2114 902
1430 2117 903
1514 2007 904
942 1044 905
4 145 906
855 2143 907
249 341 908
249 687 909
581 1987 910
200 2131 911
240 1198 912
831 2143 913
0 654 914
75 865 915
687 1754 916
887 1480 917
417 856 918
831 855 919
522 1480 920
922 1680 921
1162 1507 922
337 935 923
255 855 924
765 1513 925
1358 2066 926
191 300 927
1834 1896 928
4 1968 929
1117 1784 930
67 1458 931
69 847 932
325 1637 933
1162 1513 934
704 1896 935
341 790 936
477 1678 937
3 1903 938
366 2131 939
1430 1976 940
502 1776 941
552 1076 942
561 1389 943
609 915 944
502 1970 945
1380 1942 946
259 1333 947
831 1097 948
874 1687 949
1404 1987 950
249 518 951
675 2052 952
687 1309 953
1398 1942 954
10 1950 955
325 2051 956
634 1482 957
1334 2032 958
687 1744 959
687 1866 960
61 1429 961
191 1678 962
780 1931 963
1184 1868 964
60 225 965
1277 1872 966
1417 1950 967
108 335 968
959 1190 969
570 686 970
765 1903 971
952 1923 972
800 1332 973
1430 1630 974
203 557 975
1061 1198 976
108 1482 977
159 1043 978
75 1563 979
116 2086 980
1386 1513 981
1776 1970 982
144 532 983
356 692 984
688 1988 985
1773 1809 986
100 1903 987
46 113 988
108 859 989
664 1043 990
1397 2015 991
557 1076 992
4 1482 993
335 807 994
503 951 995
907 1602 996
47 1629 997
191 356 998
859 2086 999
807 859 1000
365 807 1001
470 924 1002
497 687 1003
568 1772 1004
491 891 1005
113 1702 1006
144 783 1007
2068 2091 1008
674 1680 1009
922 1270 1010
1090 1778 1011
440 1268 1012
552 856 1013
1500 1702 1014
390 1442 1015
518 1602 1016
1117 2018 1017
1332 1459 1018
1349 1617 1019
1444 1507 1020
1507 1716 1021
518 1976 1022
1654 1680 1023
87 2030 1024
779 2051 1025
783 1768 1026
847 926 1027
942 1506 1028
120 654 1029
256 887 1030
547 1676 1031
113 1312 1032
117 1978 1033
1469 1557 1034
108 140 1035
795 1694 1036
840 1270 1037
654 1269 1038
568 1678 1039
2 1029 1040
840 922 1041
765 1887 1042
117 300 1043
535 1366 1044
535 2113 1045
117 1205 1046
518 1284 1047
581 1838 1048
790 1430 1049
865 1429 1050
46 686 1051
654 1469 1052
663 1135 1053
1162 1887 1054
491 704 1055
856 2114 1056
1193 1945 1057
80 1442 1058
751 1400 1059
1972 2015 1060
2 14 1061
87 270 1062
1172 1776 1063
1702 1768 1064
840 1654 1065
1742 1950 1066
687 2059 1067
1205 1776 1068
1518 2093 1069
67 1507 1070
1104 1856 1071
80 390 1072
47 581 1073
398 1390 1074
1945 1978 1075
113 532 1076
108 688 1077
568 1205 1078
660 2091 1079
14 1029 1080
996 1090 1081
4 688 1082
1095 2085 1083
1450 1507 1084
1937 2004 1085
431 942 1086
120 2004 1087
113 675 1088
527 2030 1089
113 503 1090
860 1999 1091
34 924 1092
15 1756 1093
985 1805 1094
535 2085 1095
590 686 1096
634 1988 1097
221 952 1098
1776 1945 1099
191 1205 1100
267 1507 1101
704 1927 1102
108 116 1103
108 365 1104
356 1923 1105
203 552 1106
552 2109 1107
1270 1325 1108
1404 1838 1109
477 952 1110
495 1252 1111
634 807 1112
360 1430 1113
529 1298 1114
714 2027 1115
568 1193 1116
1806 1970 1117
47 1987 1118
1243 1768 1119
490 566 1120
1539 2007 1121
855 1729 1122
300 1172 1123
868 924 1124
311 2085 1125
417 1784 1126
800 1459 1127
924 1398 1128
1785 1887 1129
891 1896 1130
973 1975 1131
417 1754 1132
299 973 1133
891 1927 1134
1276 1622 1135
145 2082 1136
207 1432 1137
649 1193 1138
1834 1927 1139
675 1312 1140
783 1104 1141
518 1397 1142
662 833 1143
2015 2114 1144
1078 1784 1145
1535 2026 1146
1903 2051 1147
2030 2092 1148
502 1678 1149
47 1267 1150
1387 1896 1151
187 2032 1152
1510 1880 1153
634 2082 1154
827 1528 1155
783 1500 1156
1757 2085 1157
9 468 1158
827 1500 1159
19 98 1160
677 2085 1161
1095 2113 1162
1196 2113 1163
1040 2052 1164
346 924 1165
547 554 1166
547 1458 1167
996 1778 1168
1229 1887 1169
1387 1927 1170
1507 1990 1171
682 973 1172
505 888 1173
114 847 1174
855 1931 1175
1284 2015 1176
108 1988 1177
771 2032 1178
1430 2015 1179
491 1872 1180
810 1430 1181
1694 1709 1182
123 490 1183
687 810 1184
677 2003 1185
176 1842 1186
570 1104 1187
557 790 1188
832 2058 1189
1277 1927 1190
783 1528 1191
1269 1937 1192
92 440 1193
7 470 1194
535 1867 1195
686 783 1196
518 2117 1197
663 925 1198
707 1680 1199
1694 1805 1200
757 2113 1201
187 714 1202
47 1404 1203
529 1507 1204
1372 2058 1205
61 342 1206
775 1598 1207
922 1654 1208
783 1463 1209
169 1227 1210
1694 2032 1211
76 819 1212
1458 1716 1213
1513 1887 1214
1805 2027 1215
617 870 1216
1637 1654 1217
1872 1927 1218
86 1458 1219
1729 1931 1220
113 1467 1221
780 2143 1222
570 1528 1223
1104 1467 1224
570 1500 1225
1205 1806 1226
826 1697 1227
1386 1903 1228
123 906 1229
1548 1646 1230
20 831 1231
257 529 1232
634 2035 1233
1458 1637 1234
46 503 1235
28 557 1236
356 1172 1237
98 522 1238
190 1298 1239
63 775 1240
677 2113 1241
1469 1949 1242
644 1846 1243
1490 2026 1244
64 1514 1245
1269 1949 1246
654 1949 1247
257 1637 1248
388 1236 1249
705 1276 1250
1277 1896 1251
267 1458 1252
610 2085 1253
925 1135 1254
440 2087 1255
855 1752 1256
46 1040 1257
123 566 1258
468 2058 1259
1229 1513 1260
1937 2123 1261
1077 1765 1262
566 906 1263
491 1387 1264
144 827 1265
470 2007 1266
497 1430 1267
1507 1637 1268
14 1592 1269
168 2143 1270
586 1185 1271
847 1020 1272
341 1630 1273
868 1454 1274
654 1970 1275
384 660 1276
417 763 1277
4 1298 1278
34 1454 1279
9 557 1280
1584 2007 1281
779 1887 1282
108 634 1283
654 2123 1284
300 1923 1285
1040 1432 1286
1403 1430 1287
256 522 1288
657 1834 1289
847 1978 1290
891 1879 1291
535 677 1292
1834 1879 1293
0 1269 1294
951 1040 1295
1432 1445 1296
1445 2052 1297
116 807 1298
840 913 1299
868 2007 1300
1398 1454 1301
780 1097 1302
1678 1806 1303
43 1842 1304
190 656 1305
191 568 1306
491 1927 1307
46 2052 1308
942 1585 1309
221 300 1310
807 2035 1311
49 701 1312
1172 1205 1313
491 1277 1314
529 1458 1315
692 1678 1316
9 1656 1317
1772 1945 1318
1320 1741 1319
417 2043 1320
1923 1970 1321
527 649 1322
98 577 1323
657 704 1324
1785 1903 1325
704 1879 1326
1172 1193 1327
113 570 1328
235 687 1329
871 1033 1330
1314 1927 1331
1270 1594 1332
4 634 1333
221 1193 1334
103 552 1335
840 976 1336
109 1284 1337
695 1646 1338
527 1679 1339
190 1003 1340
440 2058 1341
101 925 1342
692 1205 1343
557 1078 1344
440 1057 1345
341 810 1346
363 1276 1347
255 831 1348
221 1772 1349
1097 1931 1350
532 783 1351
816 2139 1352
118 826 1353
518 810 1354
1872 1896 1355
203 417 1356
779 1513 1357
1006 1510 1358
15 1766 1359
1602 2015 1360
1999 2066 1361
682 2058 1362
9 1825 1363
34 2007 1364
101 388 1365
856 907 1366
49 1035 1367
675 1432 1368
120 2123 1369
491 1834 1370
123 1750 1371
191 1970 1372
50 724 1373
2107 2141 1374
9 1204 1375
527 2092 1376
341 360 1377
1328 1709 1378
11 30 1379
168 831 1380
831 1752 1381
959 1400 1382
590 1040 1383
108 1968 1384
634 2018 1385
635 953 1386
1328 1694 1387
64 1942 1388
1949 2004 1389
191 477 1390
530 1133 1391
855 1718 1392
1002 1541 1393
346 1454 1394
976 1654 1395
518 790 1396
714 1694 1397
1842 2058 1398
440 2005 1399
1298 2082 1400
807 1968 1401
1776 1806 1402
440 682 1403
1277 1879 1404
255 780 1405
14 1057 1406
705 1622 1407
654 1557 1408
117 356 1409
1162 1903 1410
1387 1879 1411
112 2085 1412
527 1923 1413
784 1454 1414
98 306 1415
341 497 1416
942 1507 1417
440 1842 1418
109 1630 1419
1097 1718 1420
1709 2027 1421
46 1432 1422
1630 2015 1423
166 888 1424
532 1528 1425
1006 1880 1426
921 2058 1427
113 1856 1428
547 1507 1429
118 262 1430
1148 1828 1431
856 2109 1432
0 2004 1433
98 1480 1434
440 609 1435
490 1603 1436
953 1309 1437
490 1700 1438
262 826 1439
394 1276 1440
657 891 1441
47 673 1442
262 1697 1443
566 1750 1444
692 952 1445
1718 1931 1446
1729 2143 1447
207 798 1448
384 2068 1449
1872 1879 1450
145 807 1451
101 1135 1452
346 2007 1453
417 2109 1454
527 926 1455
610 2113 1456
203 1400 1457
28 552 1458
118 1697 1459
495 1502 1460
1314 1834 1461
1594 1903 1462
191 1776 1463
1505 1942 1464
440 832 1465
692 1772 1466
959 1619 1467
64 1505 1468
495 596 1469
557 877 1470
363 705 1471
1201 2027 1472
831 1724 1473
438 530 1474
501 1697 1475
1312 1445 1476
431 547 1477
532 827 1478
976 1680 1479
1659 1805 1480
674 840 1481
1094 2107 1482
535 1345 1483
724 1711 1484
1076 1784 1485
20 780 1486
186 623 1487
1358 1999 1488
1398 2007 1489
98 256 1490
490 1463 1491
1094 2141 1492
101 663 1493
147 802 1494
431 1458 1495
431 2057 1496
714 771 1497
629 1931 1498
90 386 1499
856 1531 1500
2027 2032 1501
518 2015 1502
780 831 1503
1458 1990 1504
108 2035 1505
925 1175 1506
1100 1150 1507
394 705 1508
832 973 1509
1013 1905 1510
417 1190 1511
566 1700 1512
90 1827 1513
695 1548 1514
457 1215 1515
536 1227 1516
2018 2082 1517
2033 2085 1518
590 2052 1519
168 1931 1520
191 502 1521
1314 1879 1522
985 1201 1523
568 1923 1524
594 925 1525
1469 1937 1526
707 922 1527
714 1709 1528
714 2032 1529
847 1678 1530
491 1703 1531
1450 1458 1532
688 807 1533
953 2059 1534
518 2114 1535
1649 1828 1536
386 1827 1537
92 609 1538
417 743 1539
714 1440 1540
2033 2113 1541
1117 2086 1542
649 1983 1543
1458 2051 1544
501 826 1545
1593 1931 1546
704 1314 1547
221 1678 1548
900 1985 1549
763 1768 1550
23 1390 1551
959 2043 1552
468 973 1553
819 1784 1554
63 1377 1555
165 613 1556
582 2069 1557
692 1193 1558
924 1505 1559
657 1277 1560
191 1945 1561
495 2107 1562
43 2087 1563
169 536 1564
76 190 1565
431 1637 1566
226 1153 1567
897 1784 1568
1572 2113 1569
657 1872 1570
2003 2030 1571
623 1530 1572
9 552 1573
257 267 1574
568 1970 1575
1345 2085 1576
114 452 1577
477 1806 1578
855 1538 1579
891 1314 1580
1172 1772 1581
552 1078 1582
674 1270 1583
609 973 1584
712 1931 1585
342 1733 1586
495 2111 1587
1324 1689 1588
288 1195 1589
118 501 1590
127 970 1591
688 2086 1592
953 1754 1593
280 2058 1594
1172 1806 1595
14 56 1596
1583 2027 1597
341 1403 1598
693 1475 1599
763 1988 1600
1298 1458 1601
674 1654 1602
50 1711 1603
736 1075 1604
50 1493 1605
973 1802 1606
270 527 1607
832 1842 1608
1678 1923 1609
288 1941 1610
784 1942 1611
147 558 1612
1314 1872 1613
1727 2098 1614
51 736 1615
913 1680 1616
112 1757 1617
707 840 1618
388 925 1619
1158 1528 1620
1976 2015 1621
300 692 1622
657 1387 1623
1975 2058 1624
563 1972 1625
130 1882 1626
646 1977 1627
654 2084 1628
714 1805 1629
1454 1505 1630
1983 2092 1631
318 2092 1632
554 942 1633
907 1430 1634
692 1970 1635
1133 1588 1636
109 1403 1637
270 2092 1638
110 1931 1639
568 1172 1640
1403 2015 1641
235 953 1642
117 1772 1643
1281 1958 1644
363 394 1645
113 783 1646
913 976 1647
103 557 1648
1314 1387 1649
69 2092 1650
535 2041 1651
1594 1680 1652
2015 2117 1653
677 1366 1654
491 1879 1655
1195 1941 1656
736 1300 1657
1268 2058 1658
460 973 1659
144 1158 1660
144 1467 1661
855 958 1662
922 1325 1663
906 1700 1664
1158 1500 1665
692 1923 1666
123 1700 1667
186 468 1668
651 856 1669
590 951 1670
55 1552 1671
179 1291 1672
1659 1709 1673
360 497 1674
221 1806 1675
714 1847 1676
23 398 1677
176 664 1678
1507 1887 1679
1694 1847 1680
262 501 1681
953 1400 1682
1724 1729 1683
328 1919 1684
590 1432 1685
1507 2051 1686
662 1765 1687
159 176 1688
463 774 1689
63 627 1690
270 1546 1691
432 603 1692
942 998 1693
792 1643 1694
300 477 1695
1277 1314 1696
474 1103 1697
859 1303 1698
341 2015 1699
1896 1927 1700
1298 1988 1701
1449 1535 1702
780 1718 1703
1172 1923 1704
552 877 1705
670 1798 1706
968 1374 1707
1557 1937 1708
112 1366 1709
179 1257 1710
249 790 1711
1949 2123 1712
191 692 1713
431 1716 1714
1143 1658 1715
1328 1659 1716
775 1581 1717
168 1097 1718
976 1325 1719
61 587 1720
651 2082 1721
1092 1412 1722
64 1454 1723
1366 2085 1724
570 783 1725
81 1133 1726
505 1318 1727
323 440 1728
117 1776 1729
535 1196 1730
973 1842 1731
115 724 1732
363 1622 1733
913 1654 1734
579 906 1735
649 1978 1736
1153 2024 1737
959 1754 1738
976 1270 1739
1784 2069 1740
1033 1756 1741
1354 2113 1742
1607 1754 1743
64 924 1744
474 1440 1745
393 1515 1746
91 558 1747
856 1078 1748
1201 1659 1749
1318 1512 1750
43 623 1751
46 570 1752
267 431 1753
1064 1449 1754
662 1581 1755
798 2052 1756
1799 1941 1757
568 1776 1758
525 1381 1759
1715 1874 1760
395 1563 1761
958 1931 1762
1474 1784 1763
76 2018 1764
559 719 1765
1020 1576 1766
831 1718 1767
942 967 1768
207 214 1769
532 1702 1770
877 959 1771
1098 1595 1772
1700 1750 1773
145 2018 1774
570 827 1775
110 831 1776
249 360 1777
951 2052 1778
1444 1458 1779
1538 1931 1780
403 1562 1781
623 1372 1782
1205 1923 1783
2085 2113 1784
342 2077 1785
1272 1439 1786
1505 2007 1787
417 1078 1788
394 1622 1789
455 885 1790
257 1676 1791
190 819 1792
4 108 1793
1380 1454 1794
576 816 1795
263 959 1796
662 1077 1797
160 1401 1798
176 2034 1799
1805 2032 1800
1449 2026 1801
249 497 1802
178 1578 1803
623 2087 1804
827 1445 1805
1334 1694 1806
0 1469 1807
797 1651 1808
110 1724 1809
76 854 1810
440 1350 1811
655 1942 1812
847 1772 1813
819 854 1814
677 1572 1815
951 1432 1816
1257 1291 1817
109 1976 1818
256 1381 1819
664 812 1820
117 1806 1821
214 2052 1822
1372 2087 1823
835 1520 1824
1642 1737 1825
1365 1401 1826
86 431 1827
863 2092 1828
657 1314 1829
91 430 1830
152 2085 1831
1178 1231 1832
1626 2092 1833
1513 1903 1834
707 976 1835
1576 1983 1836
502 1570 1837
51 1300 1838
797 1198 1839
1098 2140 1840
67 431 1841
833 1077 1842
838 1234 1843
714 1271 1844
783 1702 1845
1349 1935 1846
417 1309 1847
915 2087 1848
1163 1992 1849
440 1530 1850
120 191 1851
224 656 1852
783 827 1853
1519 1734 1854
666 2092 1855
1392 2085 1856
18 973 1857
309 1709 1858
159 812 1859
1488 1535 1860
222 1736 1861
452 2003 1862
1372 1842 1863
255 2143 1864
168 855 1865
609 2087 1866
1229 1903 1867
790 1784 1868
1206 2027 1869
714 1659 1870
926 1679 1871
594 1175 1872
1345 2033 1873
1806 1945 1874
1119 2107 1875
1269 1469 1876
1709 1805 1877
18 623 1878
221 1923 1879
1033 1766 1880
1201 1694 1881
403 941 1882
634 2086 1883
712 831 1884
49 558 1885
136 440 1886
847 1806 1887
1314 1896 1888
532 1856 1889
558 606 1890
912 1518 1891
1075 1300 1892
1594 2037 1893
538 1851 1894
159 1529 1895
635 1400 1896
1556 1562 1897
86 257 1898
168 1724 1899
1617 1935 1900
1776 1923 1901
1937 2084 1902
417 877 1903
535 2003 1904
589 1842 1905
648 780 1906
779 1903 1907
1544 2092 1908
1103 2032 1909
255 1752 1910
270 318 1911
587 865 1912
463 1410 1913
1488 2026 1914
1888 2032 1915
14 1802 1916
131 1672 1917
108 2018 1918
109 2117 1919
221 1205 1920
464 2027 1921
920 2113 1922
675 798 1923
1923 1945 1924
88 190 1925
270 2030 1926
388 1326 1927
190 1636 1928
1092 2072 1929
314 1760 1930
1400 2043 1931
1983 2030 1932
76 1298 1933
941 1562 1934
225 1215 1935
311 2113 1936
87 1983 1937
110 855 1938
1303 1482 1939
168 780 1940
257 1450 1941
63 1306 1942
1544 2030 1943
1637 1664 1944
64 2007 1945
1097 1724 1946
1486 1881 1947
1988 2086 1948
827 1702 1949
187 1709 1950
847 1923 1951
224 1531 1952
1784 1957 1953
714 1888 1954
1222 1486 1955
953 2043 1956
114 1576 1957
440 921 1958
552 1822 1959
832 1530 1960
760 973 1961
1334 2027 1962
1364 1842 1963
431 1990 1964
4 807 1965
20 1752 1966
827 1467 1967
910 959 1968
168 255 1969
674 1594 1970
646 937 1971
88 2082 1972
688 2018 1973
784 1514 1974
1003 1784 1975
532 1467 1976
924 1380 1977
30 1563 1978
1703 2113 1979
659 1905 1980
4 2086 1981
594 1652 1982
831 1593 1983
176 1043 1984
529 1664 1985
133 1202 1986
1044 1506 1987
1784 2002 1988
1937 1949 1989
440 1693 1990
505 1512 1991
1638 1960 1992
257 1990 1993
1064 2026 1994
62 662 1995
60 1215 1996
403 1556 1997
1309 1607 1998
926 2030 1999
1064 1488 2000
1718 1729 2001
1345 1366 2002
1518 2010 2003
417 1619 2004
464 714 2005
696 870 2006
1583 2032 2007
707 1594 2008
1535 1723 2009
391 2027 2010
1688 1846 2011
440 1667 2012
657 1927 2013
692 847 2014
468 1073 2015
693 804 2016
99 2085 2017
1175 1652 2018
1467 1500 2019
337 1371 2020
30 384 2021
824 1920 2022
1709 2032 2023
906 1750 2024
926 2092 2025
985 1007 2026
527 847 2027
417 1884 2028
46 951 2029
474 1334 2030
554 2057 2031
925 1652 2032
1546 2030 2033
679 1153 2034
251 456 2035
692 1776 2036
547 1424 2037
920 1572 2038
953 1823 2039
1557 1949 2040
576 2139 2041
255 1724 2042
68 1511 2043
2027 2049 2044
152 2113 2045
688 1303 2046
724 879 2047
831 958 2048
1035 1178 2049
783 1158 2050
1818 2079 2051
1064 1535 2052
1513 1664 2053
248 1080 2054
468 1842 2055
1153 1561 2056
783 1467 2057
1185 1615 2058
1724 1931 2059
452 1020 2060
847 1970 2061
119 1933 2062
177 1469 2063
519 654 2064
1478 1615 2065
1505 1514 2066
47 1838 2067
847 952 2068
888 1512 2069
98 2105 2070
163 557 2071
1052 1184 2072
186 609 2073
701 1042 2074
953 1190 2075
1867 2092 2076
490 2107 2077
1154 1193 2078
870 1547 2079
1303 2035 2080
953 1744 2081
1429 2077 2082
1688 1791 2083
309 1805 2084
1366 2113 2085
120 1937 2086
440 623 2087
190 1224 2088
790 810 2089
281 1761 2090
596 2107 2091
117 477 2092
286 2085 2093
616 2085 2094
689 1236 2095
50 879 2096
119 1427 2097
819 1298 2098
431 529 2099
1236 1326 2100
657 1879 2101
1412 2072 2102
1538 2143 2103
23 982 2104
75 2067 2105
707 1325 2106
46 590 2107
270 926 2108
1366 1703 2109
676 1983 2110
855 1753 2111
270 1867 2112
835 1720 2113
1867 1983 2114
830 1977 2115
117 1172 2116
440 1668 2117
1723 2009 2118
1400 1823 2119
20 168 2120
1310 1563 2121
1659 1847 2122
552 743 2123
589 628 2124
1754 1823 2125
214 675 2126
117 221 2127
623 921 2128
1546 1679 2129
365 2086 2130
461 1916 2131
311 677 2132
1010 1941 2133
18 440 2134
751 1784 2135
554 1637 2136
1400 1468 2137
468 609 2138
1345 2003 2139
468 915 2140
731 804 2141
847 1205 2142
104 2032 2143
743 1619 2144
1130 1733 2145
582 1089 2146
263 417 2147
589 953 2148
190 1474 2149
617 1547 2150
712 2143 2151
664 1529 2152
847 1776 2153
1449 1490 2154
119 735 2155
121 1933 2156
697 1818 2157
743 959 2158
84 1784 2159
68 215 2160
91 1484 2161
190 854 2162
457 2037 2163
649 1576 2164
941 1556 2165
1449 1723 2166
1879 1896 2167
265 463 2168
1148 1781 2169
1008 2137 2170
1468 1744 2171
265 1410 2172
190 1854 2173
609 1132 2174
617 696 2175
646 830 2176
1261 2107 2177
36 50 2178
116 1303 2179
1234 1605 2180
925 1326 2181
753 1803 2182
119 1169 2183
440 1372 2184
677 1757 2185
121 1913 2186
582 1367 2187
1255 1650 2188
768 1406 2189
1753 1931 2190
123 579 2191
187 1805 2192
311 1345 2193
306 2105 2194
464 2032 2195
772 1150 2196
1400 1754 2197
1867 2030 2198
1097 1729 2199
1449 2009 2200
953 1607 2201
1723 2026 2202
23 944 2203
182 1807 2204
935 1748 2205
1479 2079 2206
43 280 2207
609 1263 2208
1345 1757 2209
158 1520 2210
460 1057 2211
155 714 2212
468 589 2213
757 2085 2214
270 2022 2215
407 673 2216
1234 1338 2217
1507 1903 2218
1518 2096 2219
452 1983 2220
1429 1733 2221
454 1021 2222
1334 1659 2223
554 1458 2224
497 790 2225
1020 1867 2226
360 790 2227
532 1158 2228
1184 1486 2229
163 552 2230
1400 1744 2231
674 1325 2232
190 897 2233
430 1484 2234
953 959 2235
7 1514 2236
677 920 2237
1490 1535 2238
468 1364 2239
166 505 2240
712 855 2241
648 1931 2242
1149 1842 2243
167 1451 2244
87 1020 2245
244 995 2246
1679 2030 2247
356 847 2248
337 1748 2249
609 1235 2250
953 1468 2251
1303 1988 2252
311 1366 2253
1734 1801 2254
221 692 2255
17 1016 2256
223 1949 2257
610 1757 2258
431 2051 2259
114 2030 2260
477 692 2261
1469 2004 2262
267 1664 2263
1500 1856 2264
2022 2030 2265
1328 1805 2266
2022 2092 2267
1135 1236 2268
1440 1659 2269
20 1724 2270
264 1100 2271
912 2093 2272
1668 2058 2273
286 2113 2274
0 120 2275
190 1845 2276
341 1285 2277
92 2005 2278
2093 2096 2279
349 417 2280
499 1294 2281
1754 2043 2282
117 847 2283
168 1729 2284
391 1694 2285
1064 2009 2286
246 440 2287
495 1261 2288
16 440 2289
552 2069 2290
477 1945 2291
2057 2060 2292
19 577 2293
267 554 2294
854 1298 2295
24 1651 2296
1694 2027 2297
385 777 2298
854 1784 2299
2010 2093 2300
144 1856 2301
1488 1723 2302
1784 1845 2303
187 309 2304
958 1752 2305
1235 1263 2306
270 1544 2307
586 1615 2308
270 863 2309
190 578 2310
221 568 2311
204 430 2312
572 1168 2313
450 1974 2314
702 1773 2315
1878 1961 2316
126 692 2317
959 1309 2318
255 1729 2319
1366 1757 2320
570 1158 2321
664 2034 2322
65 1694 2323
985 2032 2324
38 2113 2325
640 2104 2326
888 1981 2327
20 1729 2328
43 468 2329
325 554 2330
148 271 2331
89 1875 2332
187 1328 2333
1535 2009 2334
178 1092 2335
855 1724 2336
1095 1345 2337
572 1320 2338
159 2034 2339
468 1693 2340
136 2058 2341
123 1181 2342
832 1975 2343
1330 1947 2344
2009 2026 2345
122 2032 2346
610 1366 2347
1109 1996 2348
114 2092 2349
725 1931 2350
1888 2027 2351
106 2143 2352
60 457 2353
104 2027 2354
110 1729 2355
935 1382 2356
65 1659 2357
226 2024 2358
1720 1843 2359
1754 1866 2360
1468 1754 2361
159 1652 2362
33 609 2363
497 810 2364
664 1652 2365
223 1269 2366
1659 2032 2367
91 559 2368
120 1269 2369
484 592 2370
283 589 2371
565 1318 2372
588 773 2373
677 1703 2374
865 1156 2375
850 2113 2376
910 1754 2377
566 1181 2378
847 1172 2379
19 1189 2380
361 749 2381
431 1507 2382
360 810 2383
92 136 2384
566 579 2385
1273 1400 2386
482 1048 2387
714 1201 2388
1201 1805 2389
659 1013 2390
337 1382 2391
1468 1823 2392
76 2082 2393
255 958 2394
823 1694 2395
32 2092 2396
233 1034 2397
87 1626 2398
153 270 2399
289 628 2400
978 1829 2401
847 1945 2402
554 1990 2403
629 1724 2404
502 1689 2405
1035 2107 2406
33 915 2407
1530 1842 2408
457 1594 2409
121 1436 2410
225 457 2411
751 2082 2412
5 1026 2413
1235 1455 2414
579 1750 2415
1121 2058 2416
1154 1678 2417
783 1856 2418
1196 1366 2419
1514 1539 2420
482 982 2421
886 1649 2422
462 619 2423
234 2085 2424
27 588 2425
657 1896 2426
86 554 2427
468 1372 2428
76 1845 2429
1638 1950 2430
1868 2017 2431
664 1530 2432
1488 2009 2433
635 1468 2434
973 1668 2435
1023 1598 2436
209 702 2437
246 2005 2438
300 847 2439
114 2022 2440
226 1561 2441
1309 1703 2442
697 1222 2443
9 2108 2444
1405 1947 2445
135 1102 2446
468 1182 2447
1659 1694 2448
69 270 2449
925 1236 2450
1773 1874 2451
270 666 2452
1345 2113 2453
827 1856 2454
1184 1899 2455
38 677 2456
209 816 2457
107 1371 2458
440 584 2459
1744 1823 2460
50 1818 2461
639 714 2462
1251 1519 2463
1842 1975 2464
110 168 2465
570 1040 2466
1192 1371 2467
23 2142 2468
1788 2017 2469
221 847 2470
1937 2119 2471
216 1835 2472
1679 1983 2473
1201 2032 2474
399 856 2475
563 1491 2476
691 1850 2477
318 1679 2478
418 592 2479
452 676 2480
121 1427 2481
582 1027 2482
1398 1514 2483
1440 1694 2484
121 1169 2485
151 1211 2486
558 719 2487
863 1020 2488
1107 1577 2489
1568 2113 2490
834 2082 2491
209 1773 2492
907 2117 2493
1938 2005 2494
557 1884 2495
1075 1865 2496
1371 1762 2497
1744 1754 2498
477 568 2499
831 1538 2500
1784 1965 2501
20 2143 2502
677 1392 2503
624 1717 2504
635 1744 2505
798 1445 2506
1576 2003 2507
937 1977 2508
257 547 2509
1263 1455 2510
1431 1836 2511
1528 1856 2512
235 1823 2513
452 847 2514
309 1328 2515
850 2085 2516
474 1694 2517
921 1043 2518
216 1155 2519
558 1484 2520
1456 1951 2521
1488 1490 2522
819 1845 2523
119 1436 2524
572 1741 2525
122 714 2526
1190 1400 2527
454 1932 2528
191 1923 2529
589 1151 2530
1400 2055 2531
494 1578 2532
1561 2024 2533
187 795 2534
1445 1721 2535
663 1236 2536
998 1506 2537
477 847 2538
224 1128 2539
1557 2004 2540
25 904 2541
223 1469 2542
1355 2079 2543
121 1323 2544
675 1721 2545
1303 2086 2546
1366 2033 2547
191 847 2548
725 831 2549
707 913 2550
67 554 2551
998 1044 2552
159 1530 2553
440 1938 2554
795 1328 2555
921 1529 2556
1496 2032 2557
1520 1720 2558
86 1664 2559
312 1508 2560
1190 1754 2561
1576 2030 2562
1689 2012 2563
431 1450 2564
1089 1367 2565
23 1272 2566
2092 2128 2567
1003 2082 2568
163 1078 2569
468 989 2570
757 2033 2571
119 734 2572
270 1983 2573
906 2050 2574
311 535 2575
190 1957 2576
714 1496 2577
837 1596 2578
953 1866 2579
1702 1856 2580
780 1538 2581
452 2030 2582
1458 1507 2583
257 1444 2584
309 795 2585
151 1187 2586
316 1676 2587
676 1020 2588
367 991 2589
1243 1750 2590
1400 1822 2591
158 835 2592
1449 1488 2593
168 958 2594
764 1791 2595
906 1313 2596
1043 2034 2597
1158 1467 2598
924 1221 2599
1439 1836 2600
856 1857 2601
1110 2004 2602
714 985 2603
320 1793 2604
347 553 2605
913 1270 2606
798 1312 2607
835 1843 2608
529 554 2609
468 921 2610
1479 1818 2611
1854 2082 2612
100 1123 2613
1381 1480 2614
51 1865 2615
161 1842 2616
1887 2060 2617
1223 1858 2618
702 1809 2619
1440 2027 2620
859 1232 2621
1694 2049 2622
1794 2027 2623
31 1421 2624
627 1306 2625
949 1207 2626
280 440 2627
549 561 2628
679 2024 2629
763 1884 2630
391 1659 2631
775 1255 2632
114 270 2633
224 1636 2634
91 719 2635
1021 1932 2636
683 920 2637
106 255 2638
28 103 2639
1616 2027 2640
235 1468 2641
110 1718 2642
529 1123 2643
714 1103 2644
1809 1874 2645
20 1097 2646
114 863 2647
1185 1478 2648
729 1631 2649
119 236 2650
1052 1899 2651
214 798 2652
539 2087 2653
555 1689 2654
1268 1975 2655
942 2071 2656
99 2113 2657
1044 1585 2658
1529 1530 2659
995 1868 2660
1133 1396 2661
468 713 2662
958 1729 2663
775 1755 2664
1757 2033 2665
889 1741 2666
751 2043 2667
468 623 2668
594 2045 2669
1994 2106 2670
1184 2017 2671
1190 2043 2672
600 714 2673
674 913 2674
1568 2085 2675
148 1520 2676
1168 1741 2677
1679 2092 2678
0 177 2679
250 1331 2680
1240 1480 2681
99 311 2682
982 1712 2683
1355 1818 2684
486 2084 2685
337 1921 2686
635 1754 2687
1514 1584 2688
411 557 2689
110 1097 2690
468 1149 2691
120 2084 2692
1469 2123 2693
224 2109 2694
258 775 2695
329 1033 2696
1345 2123 2697
153 1983 2698
235 1400 2699
190 1965 2700
535 1703 2701
627 1712 2702
635 1823 2703
119 1327 2704
987 2032 2705
1626 1679 2706
468 584 2707
209 1809 2708
683 1610 2709
1467 1856 2710
278 1895 2711
780 1753 2712
431 1444 2713
53 461 2714
176 1810 2715
837 990 2716
96 1056 2717
1819 2027 2718
1858 1859 2719
237 1430 2720
263 743 2721
714 2115 2722
623 1842 2723
1107 1897 2724
1477 2030 2725
510 1011 2726
1027 1089 2727
1117 1232 2728
1273 2043 2729
191 1695 2730
609 1455 2731
906 1603 2732
1293 1771 2733
1055 1650 2734
1052 1486 2735
1603 1750 2736
725 855 2737
164 1762 2738
440 1686 2739
808 2026 2740
270 699 2741
31 2105 2742
468 2013 2743
1752 2143 2744
47 976 2745
683 1572 2746
155 2032 2747
0 1557 2748
126 535 2749
687 1740 2750
431 554 2751
443 1185 2752
468 1111 2753
458 846 2754
568 847 2755
589 1693 2756
1181 1243 2757
1158 1702 2758
1010 1799 2759
474 1989 2760
1743 1768 2761
119 1601 2762
1659 2049 2763
299 323 2764
812 1652 2765
87 754 2766
100 2060 2767
832 2087 2768
1503 1928 2769
1019 1181 2770
223 1557 2771
714 795 2772
985 1334 2773
166 1318 2774
1103 1870 2775
854 1845 2776
1158 1856 2777
299 1268 2778
798 1432 2779
63 1023 2780
989 1842 2781
168 1538 2782
201 1690 2783
190 834 2784
1713 1970 2785
316 440 2786
771 2027 2787
1309 1823 2788
616 2113 2789
207 1721 2790
235 1744 2791
666 863 2792
1718 1724 2793
812 1529 2794
479 1698 2795
114 666 2796
283 468 2797
8 2021 2798
18 851 2799
152 535 2800
558 756 2801
283 440 2802
1369 1741 2803
166 1981 2804
326 959 2805
856 1128 2806
1254 1869 2807
121 735 2808
168 648 2809
63 1581 2810
121 734 2811
126 654 2812
614 1174 2813
649 1867 2814
837 1186 2815
1309 1866 2816
819 2082 2817
1251 1801 2818
1366 1392 2819
1544 1679 2820
52 582 2821
70 119 2822
270 1679 2823
311 1095 2824
1309 2043 2825
579 2050 2826
1208 1663 2827
1089 2069 2828
267 789 2829
527 947 2830
428 1560 2831
311 1757 2832
799 1708 2833
1486 1925 2834
1490 1723 2835
187 474 2836
1309 1400 2837
213 2058 2838
697 2000 2839
1053 1181 2840
1056 1720 2841
1064 1881 2842
1440 1583 2843
1464 1689 2844
656 1636 2845
863 1679 2846
163 203 2847
224 1998 2848
942 1285 2849
235 1754 2850
82 1422 2851
1820 2092 2852
209 576 2853
1215 2037 2854
1847 2032 2855
666 1679 2856
638 1749 2857
235 1607 2858
663 1326 2859
1439 1712 2860
1611 2032 2861
754 2030 2862
982 2142 2863
833 1765 2864
743 783 2865
1531 1976 2866
795 1709 2867
1624 1694 2868
178 1412 2869
1003 2018 2870
844 1184 2871
1099 1927 2872
1757 2113 2873
697 1940 2874
117 568 2875
209 2139 2876
277 1131 2877
543 1930 2878
757 1366 2879
71 879 2880
126 2074 2881
801 1884 2882
831 1753 2883
444 468 2884
121 236 2885
226 1067 2886
714 1929 2887
626 1922 2888
120 1949 2889
299 1057 2890
854 2082 2891
104 1694 2892
1255 1598 2893
905 1661 2894
122 1659 2895
535 850 2896
659 867 2897
1123 2057 2898
443 586 2899
1181 1700 2900
347 979 2901
539 1372 2902
745 1183 2903
1095 1392 2904
710 1793 2905
921 1842 2906
1474 2082 2907
1506 1585 2908
586 1478 2909
32 527 2910
474 1659 2911
1356 1389 2912
743 1768 2913
132 1999 2914
1369 1910 2915
41 2143 2916
415 1992 2917
452 1867 2918
763 801 2919
714 987 2920
1626 2030 2921
623 851 2922
1074 1741 2923
18 280 2924
1570 1772 2925
56 1268 2926
206 1951 2927
417 953 2928
851 1842 2929
854 1224 2930
1367 2069 2931
1591 1978 2932
1388 1840 2933
76 751 2934
380 803 2935
468 2034 2936
786 1768 2937
2032 2115 2938
280 1842 2939
98 1189 2940
967 1044 2941
474 1271 2942
858 1460 2943
9 1076 2944
488 1311 2945
757 1572 2946
269 1096 2947
310 392 2948
676 1576 2949
562 804 2950
1689 1918 2951
736 1342 2952
1468 1607 2953
1744 1866 2954
1424 1990 2955
120 1469 2956
1313 1750 2957
112 1196 2958
349 440 2959
24 1986 2960
122 2027 2961
3 2060 2962
1007 1659 2963
289 1483 2964
1027 2069 2965
1529 2034 2966
1201 1709 2967
338 1797 2968
565 888 2969
202 557 2970
43 921 2971
765 2060 2972
967 1506 2973
1330 1405 2974
1271 2032 2975
608 628 2976
65 2027 2977
490 1875 2978
1785 2060 2979
400 1281 2980
897 1003 2981
995 1184 2982
18 43 2983
69 1679 2984
388 689 2985
452 1546 2986
947 1154 2987
1103 1694 2988
1379 1578 2989
277 1768 2990
926 1983 2991
1570 1806 2992
211 2092 2993
226 679 2994
270 947 2995
1250 1935 2996
1576 2092 2997
990 1596 2998
1027 1367 2999
1386 2060 3000
286 1757 3001
325 1664 3002
1090 1472 3003
579 1700 3004
631 1199 3005
808 1490 3006
985 1694 3007
76 897 3008
547 789 3009
1345 1392 3010
87 947 3011
897 2082 3012
751 1273 3013
1607 1823 3014
1957 2082 3015
1186 1596 3016
202 552 3017
623 2034 3018
1020 2022 3019
781 1955 3020
1527 1993 3021
33 2087 3022
535 1271 3023
582 1784 3024
474 1805 3025
65 1206 3026
112 610 3027
1253 1884 3028
1298 1303 3029
1135 1326 3030
1097 1752 3031
128 1708 3032
270 1820 3033
475 925 3034
1106 1268 3035
91 204 3036
1578 1681 3037
1400 2059 3038
23 482 3039
92 1530 3040
1535 1881 3041
1754 2112 3042
805 1011 3043
1095 1703 3044
718 1019 3045
1572 1610 3046
152 1366 3047
739 2032 3048
76 1854 3049
1597 2046 3050
1689 1923 3051
554 1450 3052
20 725 3053
125 641 3054
128 1476 3055
347 1836 3056
1248 1418 3057
126 1088 3058
498 1676 3059
1271 2027 3060
958 1724 3061
52 2069 3062
111 2027 3063
1555 1958 3064
1354 1703 3065
1258 1694 3066
856 1998 3067
428 459 3068
66 491 3069
1847 2027 3070
2034 2058 3071
1228 1846 3072
985 1870 3073
474 1709 3074
1064 1490 3075
666 1020 3076
995 2107 3077
519 2004 3078
993 1096 3079
551 643 3080
1166 1741 3081
1309 1468 3082
819 897 3083
955 2127 3084
1181 1750 3085
1823 1866 3086
235 635 3087
998 1585 3088
606 774 3089
78 628 3090
28 202 3091
1660 1678 3092
961 1648 3093
1293 1688 3094
373 1993 3095
136 1668 3096
632 866 3097
1715 1773 3098
679 1482 3099
1037 1840 3100
1572 2033 3101
72 1486 3102
1200 1594 3103
1830 1909 3104
235 1309 3105
1754 2059 3106
920 1610 3107
893 1884 3108
1085 1161 3109
468 1419 3110
99 1757 3111
287 895 3112
280 468 3113
747 1281 3114
758 817 3115
72 628 3116
309 1271 3117
1593 1752 3118
600 2032 3119
850 1366 3120
1486 1868 3121
990 1186 3122
558 559 3123
270 1020 3124
112 2033 3125
474 795 3126
623 1121 3127
779 2060 3128
847 1099 3129
648 855 3130
926 1020 3131
664 921 3132
1161 1308 3133
246 1938 3134
554 2051 3135
111 2032 3136
769 832 3137
491 963 3138
87 2022 3139
163 1884 3140
474 985 3141
789 1887 3142
62 833 3143
692 2074 3144
1607 1744 3145
349 1842 3146
63 1755 3147
757 1757 3148
23 1712 3149
635 2059 3150
725 1729 3151
114 1983 3152
1679 1867 3153
985 1659 3154
1281 1555 3155
121 1601 3156
535 1392 3157
1477 2092 3158
213 921 3159
415 1163 3160
1790 2079 3161
190 917 3162
76 1474 3163
754 1020 3164
1175 2045 3165
883 1992 3166
683 1340 3167
1318 1390 3168
1324 1464 3169
866 1902 3170
1242 1594 3171
1392 1757 3172
70 121 3173
112 677 3174
153 2030 3175
1206 2049 3176
474 1201 3177
1159 2030 3178
1261 1542 3179
614 1579 3180
1468 1866 3181
121 1327 3182
1111 2058 3183
639 1694 3184
120 1557 3185
510 620 3186
152 1345 3187
48 1192 3188
1656 1825 3189
168 919 3190
440 2031 3191
159 921 3192
444 2058 3193
463 558 3194
714 1611 3195
815 1594 3196
400 1958 3197
1020 1983 3198
1067 1153 3199
490 830 3200
1023 1255 3201
1723 1881 3202
1 452 3203
1790 1940 3204
878 2042 3205
114 1020 3206
428 1581 3207
714 1328 3208
214 1445 3209
520 1875 3210
527 681 3211
505 1981 3212
609 1530 3213
852 1446 3214
23 1484 3215
2022 2041 3216
1043 1530 3217
72 824 3218
1453 1578 3219
683 1173 3220
9 1967 3221
747 1958 3222
1354 2085 3223
1820 2030 3224
628 1486 3225
227 697 3226
878 1099 3227
87 926 3228
535 616 3229
308 716 3230
304 1639 3231
168 725 3232
237 557 3233
1685 1988 3234
62 321 3235
647 1752 3236
1351 1988 3237
1496 2027 3238
136 2005 3239
1444 1664 3240
680 1708 3241
1020 1546 3242
1273 2018 3243
103 1120 3244
112 311 3245
1559 1728 3246
725 1752 3247
1929 2027 3248
204 559 3249
689 925 3250
166 1512 3251
1189 1767 3252
1309 2059 3253
76 1003 3254
188 1790 3255
915 1973 3256
186 851 3257
223 2123 3258
1616 2032 3259
1845 2082 3260
40 1072 3261
249 1285 3262
190 1435 3263
812 2034 3264
967 998 3265
1531 1884 3266
2030 2041 3267
616 1757 3268
877 2043 3269
76 1957 3270
1372 1530 3271
1940 2079 3272
1206 1694 3273
629 1729 3274
1485 1575 3275
178 2072 3276
634 1232 3277
1616 1659 3278
566 1603 3279
1233 1817 3280
669 1884 3281
985 1103 3282
1204 1825 3283
1560 1765 3284
1003 1474 3285
285 418 3286
252 1761 3287
1790 2000 3288
609 1668 3289
910 2043 3290
1600 1935 3291
485 2137 3292
597 705 3293
1206 1659 3294
1965 2082 3295
1490 2056 3296
716 2028 3297
647 1931 3298
1568 2033 3299
1881 2009 3300
430 559 3301
146 719 3302
1099 1879 3303
52 1027 3304
380 1993 3305
663 689 3306
1100 1126 3307
2084 2123 3308
203 2109 3309
166 589 3310
418 1948 3311
146 2103 3312
474 2027 3313
599 1708 3314
1309 1744 3315
32 1679 3316
1091 1473 3317
277 388 3318
391 1103 3319
1460 1667 3320
20 1538 3321
1692 1946 3322
18 186 3323
286 1366 3324
112 1354 3325
1271 1703 3326
52 1367 3327
388 475 3328
1679 2022 3329
1694 1929 3330
1676 1871 3331
1571 2030 3332
542 1203 3333
1715 1809 3334
1659 1929 3335
136 427 3336
1581 1755 3337
687 1321 3338
676 2003 3339
873 1253 3340
1424 1458 3341
819 1854 3342
190 2002 3343
662 1348 3344
911 1768 3345
184 453 3346
238 506 3347
1239 1916 3348
444 1025 3349
493 1745 3350
1004 1887 3351
555 1324 3352
597 1276 3353
381 1462 3354
848 913 3355
319 746 3356
569 1273 3357
326 1594 3358
1181 1313 3359
1392 2033 3360
1557 2123 3361
1659 2027 3362
1196 1345 3363
871 1608 3364
608 621 3365
819 1474 3366
43 186 3367
562 1654 3368
1412 1739 3369
639 2032 3370
1181 1463 3371
142 1600 3372
224 907 3373
1716 2060 3374
679 1561 3375
850 1345 3376
161 468 3377
76 1965 3378
1676 1814 3379
814 1831 3380
1273 2109 3381
97 1953 3382
906 1243 3383
1481 1739 3384
18 921 3385
23 615 3386
270 1576 3387
751 1822 3388
1339 1712 3389
87 1154 3390
286 311 3391
972 1489 3392
440 2088 3393
919 1724 3394
1196 1703 3395
126 502 3396
1239 1426 3397
39 1875 3398
311 1392 3399
1867 2003 3400
32 676 3401
152 1757 3402
535 884 3403
9 1078 3404
391 985 3405
223 1173 3406
529 2071 3407
92 1132 3408
877 953 3409
270 676 3410
474 1624 3411
449 842 3412
99 677 3413
73 1518 3414
114 1679 3415
319 1768 3416
76 1224 3417
468 760 3418
453 1782 3419
1463 1750 3420
699 1679 3421
92 1668 3422
888 1272 3423
957 2001 3424
1823 2059 3425
1190 1309 3426
468 1030 3427
697 2079 3428
1935 2040 3429
849 1942 3430
635 1309 3431
103 1078 3432
114 1732 3433
310 2073 3434
289 1185 3435
62 1731 3436
128 799 3437
1103 2027 3438
398 1318 3439
819 1003 3440
363 711 3441
921 2034 3442
1074 1320 3443
1402 1489 3444
429 1569 3445
217 1792 3446
566 2050 3447
204 558 3448
76 88 3449
718 1181 3450
1258 1659 3451
738 1270 3452
1122 2101 3453
1309 2112 3454
46 1164 3455
825 1612 3456
323 1416 3457
565 1512 3458
1392 2113 3459
912 2096 3460
1260 1992 3461
1917 2073 3462
103 2069 3463
126 2056 3464
374 703 3465
474 1328 3466
873 1884 3467
718 1053 3468
850 1757 3469
2030 2128 3470
65 2049 3471
575 806 3472
1403 2124 3473
112 1392 3474
705 711 3475
1624 1659 3476
786 1856 3477
311 616 3478
579 1181 3479
227 1940 3480
985 2049 3481
123 2050 3482
967 1585 3483
1020 2092 3484
190 1743 3485
814 2042 3486
152 1392 3487
1490 2009 3488
252 281 3489
52 1089 3490
569 2043 3491
1531 1998 3492
66 1694 3493
247 608 3494
270 1176 3495
309 464 3496
368 490 3497
1477 1679 3498
142 1452 3499
114 926 3500
1530 1975 3501
146 559 3502
762 2040 3503
1491 2069 3504
1668 2005 3505
73 2093 3506
589 888 3507
812 1530 3508
1261 1575 3509
578 1112 3510
897 1474 3511
635 1866 3512
1048 1050 3513
142 733 3514
1168 1320 3515
211 2030 3516
569 2055 3517
1229 2060 3518
53 1916 3519
92 1938 3520
114 318 3521
114 1544 3522
1818 1940 3523
264 842 3524
1546 2041 3525
597 711 3526
684 915 3527
1170 1931 3528
1239 2057 3529
1232 1303 3530
117 564 3531
579 1313 3532
824 998 3533
854 1854 3534
940 1741 3535
2010 2096 3536
16 1076 3537
411 840 3538
485 1008 3539
103 228 3540
219 1460 3541
566 1243 3542
677 2033 3543
1354 1366 3544
87 114 3545
894 1946 3546
825 1683 3547
1318 1981 3548
112 757 3549
676 2092 3550
9 136 3551
464 1709 3552
917 1786 3553
281 1486 3554
1424 1676 3555
743 763 3556
1196 1271 3557
1744 2059 3558
102 372 3559
203 1884 3560
677 757 3561
466 1594 3562
511 1875 3563
1328 2032 3564
1481 1578 3565
929 2011 3566
59 1440 3567
417 801 3568
1468 2059 3569
1713 1772 3570
1805 1870 3571
284 310 3572
1182 1842 3573
1355 1479 3574
1249 1709 3575
307 948 3576
321 662 3577
819 1965 3578
187 1201 3579
309 1099 3580
459 1560 3581
1181 1603 3582
772 842 3583
263 1619 3584
725 1724 3585
16 552 3586
1739 2072 3587
354 1625 3588
190 1786 3589
349 1887 3590
59 2027 3591
138 173 3592
231 785 3593
485 1696 3594
310 397 3595
832 1268 3596
461 1239 3597
547 2071 3598
989 1364 3599
252 1839 3600
711 1622 3601
1565 2037 3602
711 1276 3603
933 2011 3604
33 186 3605
1184 1925 3606
569 1400 3607
1103 2049 3608
1870 2027 3609
374 1376 3610
490 1335 3611
242 1898 3612
689 1135 3613
175 1154 3614
1099 2042 3615
114 2048 3616
1103 1659 3617
769 1975 3618
1699 1739 3619
169 703 3620
318 1983 3621
1103 1440 3622
188 2000 3623
566 1313 3624
1612 2047 3625
0 2008 3626
1915 2047 3627
103 1076 3628
1360 1982 3629
123 1603 3630
490 1526 3631
601 1924 3632
573 1192 3633
161 1149 3634
87 318 3635
461 1426 3636
1523 1594 3637
363 928 3638
1191 1329 3639
163 1471 3640
597 1622 3641
1729 1753 3642
494 556 3643
64 1731 3644
1192 2016 3645
923 1885 3646
1545 2081 3647
430 1105 3648
808 1123 3649
953 1273 3650
186 915 3651
188 1050 3652
751 819 3653
57 1784 3654
104 1659 3655
347 828 3656
1626 1983 3657
1709 1870 3658
1656 2108 3659
1 1576 3660
103 202 3661
191 1759 3662
153 452 3663
459 775 3664
405 1821 3665
808 1535 3666
864 1832 3667
639 2027 3668
181 1470 3669
616 1568 3670
592 1948 3671
676 2030 3672
99 2033 3673
820 1606 3674
940 1320 3675
135 741 3676
928 1622 3677
187 1249 3678
490 528 3679
1073 1122 3680
703 1376 3681
1495 2037 3682
474 2032 3683
569 1822 3684
579 1463 3685
491 933 3686
819 1957 3687
317 418 3688
416 442 3689
571 1533 3690
1578 1699 3691
234 1345 3692
554 1444 3693
100 185 3694
569 751 3695
280 605 3696
795 1805 3697
718 1669 3698
906 1463 3699
1929 2032 3700
326 637 3701
356 1764 3702
9 16 3703
755 1725 3704
959 1019 3705
812 1043 3706
386 1302 3707
1679 2128 3708
65 1440 3709
348 531 3710
599 799 3711
824 967 3712
795 1007 3713
464 474 3714
714 1624 3715
851 1107 3716
91 1261 3717
1204 2108 3718
218 597 3719
474 714 3720
243 527 3721
422 1768 3722
451 478 3723
53 1239 3724
1181 1669 3725
683 1657 3726
1242 2037 3727
808 2056 3728
452 2092 3729
714 1870 3730
961 1293 3731
1558 2122 3732
676 1867 3733
863 926 3734
502 1226 3735
123 1243 3736
283 1693 3737
741 752 3738
112 152 3739
490 767 3740
554 1507 3741
1538 1724 3742
592 638 3743
597 928 3744
651 1128 3745
1578 1755 3746
623 1030 3747
123 1313 3748
569 953 3749
1020 2030 3750
1051 1639 3751
155 474 3752
985 1440 3753
1206 1440 3754
1700 2050 3755
1205 1660 3756
88 819 3757
1750 2050 3758
292 1036 3759
753 1247 3760
742 1013 3761
1868 1925 3762
99 1366 3763
318 1020 3764
279 1051 3765
452 1626 3766
847 947 3767
490 1816 3768
947 1689 3769
761 839 3770
1903 2060 3771
1694 1870 3772
190 1112 3773
2018 2055 3774
255 1753 3775
431 1123 3776
2069 2103 3777
676 2022 3778
517 589 3779
894 1692 3780
311 1196 3781
942 1137 3782
679 1067 3783
747 1555 3784
795 2032 3785
85 618 3786
557 981 3787
92 915 3788
1322 1326 3789
213 1842 3790
392 537 3791
273 2130 3792
389 1536 3793
763 1471 3794
1514 1731 3795
616 2033 3796
1380 1584 3797
114 2128 3798
566 1463 3799
1286 1610 3800
1435 1550 3801
1544 1983 3802
780 919 3803
1124 1652 3804
985 1929 3805
789 1513 3806
1565 2044 3807
1471 1884 3808
829 884 3809
1679 1820 3810
1 1867 3811
110 919 3812
795 1249 3813
43 851 3814
1015 1678 3815
163 651 3816
1043 1529 3817
1637 2071 3818
502 1209 3819
170 357 3820
226 1896 3821
628 1735 3822
754 1678 3823
285 1948 3824
57 2082 3825
99 286 3826
452 2048 3827
662 1533 3828
895 1373 3829
311 2033 3830
1281 1620 3831
1354 1757 3832
446 2082 3833
1983 2041 3834
53 1426 3835
67 467 3836
1635 2113 3837
1768 2094 3838
1546 1983 3839
38 1366 3840
925 2045 3841
1222 1818 3842
819 1224 3843
136 246 3844
553 828 3845
1067 2024 3846
985 1847 3847
204 585 3848
399 1857 3849
198 319 3850
1320 1733 3851
929 2018 3852
318 926 3853
582 1491 3854
1196 1757 3855
324 515 3856
1076 1740 3857
639 1659 3858
782 1842 3859
790 1285 3860
62 1348 3861
232 976 3862
597 1217 3863
1244 1525 3864
464 1805 3865
1073 1971 3866
1219 2065 3867
737 1832 3868
1505 1731 3869
490 511 3870
126 808 3871
683 1722 3872
1249 1805 3873
232 707 3874
401 402 3875
1822 2043 3876
38 286 3877
394 711 3878
815 2037 3879
234 1757 3880
1624 2027 3881
103 1053 3882
1149 1364 3883
204 1343 3884
1200 2037 3885
124 1140 3886
412 856 3887
589 1530 3888
1486 1534 3889
551 1462 3890
1626 2041 3891
654 1713 3892
1891 2025 3893
280 1111 3894
211 270 3895
214 1625 3896
69 1867 3897
795 1258 3898
192 1594 3899
481 1460 3900
611 940 3901
267 2071 3902
1177 1622 3903
452 2022 3904
1067 1561 3905
227 1790 3906
128 1676 3907
18 1111 3908
172 493 3909
136 605 3910
1321 1784 3911
1281 2023 3912
627 1377 3913
325 703 3914
392 2006 3915
190 1247 3916
651 1884 3917
112 850 3918
1330 1612 3919
400 1555 3920
482 1050 3921
186 1268 3922
1238 1425 3923
163 801 3924
1565 1594 3925
602 1812 3926
319 339 3927
689 1326 3928
926 1544 3929
309 884 3930
579 1603 3931
672 1833 3932
24 326 3933
323 1265 3934
705 928 3935
1377 1755 3936
319 1425 3937
404 2133 3938
1304 2099 3939
1273 1822 3940
176 1529 3941
275 2092 3942
135 752 3943
1253 1471 3944
1321 1884 3945
416 434 3946
258 1581 3947
281 1839 3948
1513 2060 3949
452 1732 3950
628 1051 3951
820 2065 3952
126 1159 3953
326 1487 3954
677 850 3955
883 1260 3956
1176 2030 3957
168 1170 3958
1282 1954 3959
258 1598 3960
461 1497 3961
810 1285 3962
204 1082 3963
213 623 3964
793 1373 3965
1560 1581 3966
321 961 3967
1084 2025 3968
99 112 3969
115 408 3970
257 1424 3971
1529 1652 3972
178 811 3973
481 1413 3974
589 977 3975
1392 1703 3976
110 958 3977
627 858 3978
1983 2022 3979
104 1847 3980
1676 2118 3981
37 424 3982
1099 1314 3983
246 1668 3984
1121 1268 3985
1958 2023 3986
1557 1703 3987
699 2030 3988
948 2011 3989
187 464 3990
928 1276 3991
113 1335 3992
203 1076 3993
711 928 3994
1318 2097 3995
152 311 3996
191 1719 3997
392 748 3998
33 1132 3999
52 552 4000
464 795 4001
274 582 4002
1603 1700 4003
1334 2049 4004
1295 1565 4005
1606 2065 4006
1709 1989 4007
273 1706 4008
732 1192 4009
1050 1790 4010
452 901 4011
757 1392 4012
94 1821 4013
837 1912 4014
32 1867 4015
589 1981 4016
174 319 4017
589 1543 4018
751 854 4019
1812 1813 4020
751 2055 4021
237 2109 4022
1103 1624 4023
1458 1664 4024
1064 1346 4025
1594 2044 4026
234 1095 4027
1280 1856 4028
265 1081 4029
382 2088 4030
66 1440 4031
589 1262 4032
205 1707 4033
92 1182 4034
78 1486 4035
277 1856 4036
751 1845 4037
1280 2109 4038
128 599 4039
789 1507 4040
1400 1866 4041
507 2065 4042
1298 1743 4043
628 821 4044
1576 1679 4045
1689 1759 4046
1607 1866 4047
1479 1940 4048
59 1103 4049
1216 1730 4050
1458 2071 4051
1537 1966 4052
309 835 4053
1334 1870 4054
76 689 4055
187 1007 4056
1578 1623 4057
1887 2036 4058
18 176 4059
822 2081 4060
610 1568 4061
1141 1521 4062
1355 1940 4063
464 1201 4064
357 1925 4065
180 1486 4066
1151 1262 4067
953 1822 4068
1003 1957 4069
1117 1708 4070
1162 2060 4071
58 779 4072
1163 1260 4073
902 1604 4074
1505 1509 4075
921 1121 4076
1201 1249 4077
309 1989 4078
63 858 4079
257 431 4080
1008 1218 4081
1247 1803 4082
281 352 4083
286 610 4084
286 1392 4085
1078 1273 4086
427 1668 4087
1023 1581 4088
958 1097 4089
992 1887 4090
1652 2045 4091
1186 1912 4092
490 520 4093
1620 1958 4094
490 1579 4095
344 1875 4096
623 713 4097
1805 1989 4098
669 1531 4099
841 1952 4100
906 1181 4101
73 2010 4102
241 2138 4103
771 1624 4104
963 1676 4105
558 690 4106
270 1704 4107
1516 1925 4108
396 796 4109
1005 1225 4110
1443 1796 4111
855 2136 4112
1007 1103 4113
1032 1230 4114
1334 1847 4115
404 832 4116
1083 1434 4117
936 1682 4118
123 1463 4119
490 1977 4120
616 757 4121
625 945 4122
649 1719 4123
845 1460 4124
1330 1915 4125
289 586 4126
909 1168 4127
1485 1939 4128
65 985 4129
323 1924 4130
552 669 4131
929 1681 4132
227 2079 4133
535 1315 4134
1750 1904 4135
311 610 4136
754 1978 4137
616 1366 4138
54 592 4139
2043 2055 4140
1218 2137 4141
552 1740 4142
313 2085 4143
452 2041 4144
985 1624 4145
126 1934 4146
18 1030 4147
658 1703 4148
1599 1623 4149
1704 2092 4150
295 602 4151
467 2051 4152
180 628 4153
311 757 4154
203 1078 4155
553 1747 4156
1243 1700 4157
1875 1914 4158
612 929 4159
263 953 4160
405 884 4161
746 1179 4162
811 1681 4163
128 882 4164
226 994 4165
1018 2032 4166
38 1392 4167
1181 2050 4168
1486 2112 4169
1616 1709 4170
376 1434 4171
605 1234 4172
1719 1983 4173
1 676 4174
352 1761 4175
379 489 4176
547 1129 4177
87 1336 4178
66 1571 4179
1474 1957 4180
57 975 4181
2005 2061 4182
76 834 4183
977 1842 4184
1908 2034 4185
175 995 4186
854 1965 4187
1575 2107 4188
808 2095 4189
1008 1696 4190
1524 1692 4191
65 1794 4192
884 1345 4193
282 1486 4194
243 1867 4195
334 1943 4196
1423 1768 4197
491 2011 4198
713 1668 4199
914 1045 4200
1273 2055 4201
235 2059 4202
554 2071 4203
882 1708 4204
1127 1901 4205
490 1278 4206
897 1957 4207
1467 1536 4208
1346 1723 4209
782 921 4210
811 1581 4211
88 854 4212
1761 1839 4213
325 1448 4214
38 757 4215
1560 1755 4216
649 681 4217
884 1576 4218
1068 1979 4219
632 1147 4220
95 103 4221
1596 1912 4222
1512 1981 4223
183 743 4224
881 1437 4225
956 1986 4226
834 854 4227
903 1478 4228
1383 2092 4229
669 1856 4230
332 1966 4231
820 1640 4232
1359 1926 4233
1610 1657 4234
1268 1924 4235
309 1963 4236
914 1587 4237
494 982 4238
954 1581 4239
1875 1977 4240
1345 1354 4241
187 1258 4242
212 2011 4243
494 1553 4244
73 912 4245
628 1534 4246
699 1983 4247
282 628 4248
1438 1842 4249
103 1071 4250
1979 2125 4251
854 897 4252
676 1546 4253
286 1568 4254
1249 1328 4255
1258 1881 4256
754 947 4257
824 1627 4258
1370 2137 4259
243 2041 4260
220 1099 4261
629 1593 4262
305 580 4263
910 953 4264
257 1458 4265
474 639 4266
186 713 4267
65 1103 4268
332 1537 4269
1052 1925 4270
491 1571 4271
316 498 4272
783 1743 4273
114 1626 4274
1678 1759 4275
2003 2041 4276
502 1000 4277
411 976 4278
1313 2050 4279
787 1644 4280
1171 1995 4281
235 1866 4282
170 1925 4283
994 1561 4284
349 789 4285
1587 1818 4286
1268 1416 4287
1675 1916 4288
226 410 4289
99 757 4290
394 928 4291
464 1328 4292
219 1212 4293
448 1486 4294
1290 2110 4295
185 1785 4296
1160 1860 4297
1655 2018 4298
894 1524 4299
582 2103 4300
1768 1837 4301
56 1182 4302
219 1447 4303
829 1821 4304
66 1373 4305
1008 1370 4306
819 834 4307
1944 2130 4308
317 476 4309
1007 2027 4310
1463 1700 4311
245 747 4312
607 1014 4313
1185 1391 4314
1463 2050 4315
103 703 4316
286 616 4317
990 1912 4318
1990 2071 4319
120 253 4320
1177 1276 4321
763 893 4322
1020 2048 4323
921 1344 4324
533 1058 4325
1123 1490 4326
417 1667 4327
649 1546 4328
809 1159 4329
1200 1763 4330
235 1128 4331
512 1545 4332
163 893 4333
370 1230 4334
139 1373 4335
1383 2030 4336
153 1867 4337
953 2055 4338
1008 1804 4339
21 824 4340
128 1350 4341
1093 1408 4342
53 1787 4343
464 1249 4344
623 682 4345
89 1914 4346
1106 1530 4347
705 1177 4348
726 1497 4349
1226 2083 4350
1676 2078 4351
1103 1847 4352
129 635 4353
863 1544 4354
273 1944 4355
1102 1581 4356
639 2049 4357
1018 2027 4358
69 1576 4359
1624 2032 4360
245 1958 4361
750 1676 4362
985 1206 4363
1626 1867 4364
414 1466 4365
710 1239 4366
824 1407 4367
325 548 4368
1007 1805 4369
309 1720 4370
357 1391 4371
1020 1679 4372
1173 1722 4373
516 813 4374
1115 1216 4375
1160 2137 4376
196 315 4377
414 690 4378
1196 1392 4379
1603 2050 4380
1695 1983 4381
230 1005 4382
1724 1963 4383
227 1222 4384
92 601 4385
417 1551 4386
1181 1904 4387
623 1667 4388
884 1821 4389
854 1474 4390
1524 1946 4391
707 898 4392
483 1966 4393
1584 1731 4394
408 545 4395
757 1568 4396
391 2049 4397
954 1739 4398
1 2041 4399
1079 1116 4400
150 1555 4401
452 1695 4402
584 679 4403
741 2089 4404
1659 1870 4405
740 1014 4406
728 1900 4407
211 1679 4408
452 1477 4409
309 892 4410
721 1616 4411
1020 1544 4412
636 1014 4413
1313 1700 4414
1008 1160 4415
1230 1783 4416
801 873 4417
1724 1753 4418
324 457 4419
1039 1768 4420
245 1281 4421
1328 1616 4422
1486 1735 4423
391 1334 4424
552 981 4425
713 2005 4426
1206 1334 4427
1497 1916 4428
1576 1867 4429
1205 1934 4430
204 2013 4431
824 1441 4432
419 1757 4433
1359 1775 4434
1694 1794 4435
645 1384 4436
771 1103 4437
795 1616 4438
322 1378 4439
349 1530 4440
523 877 4441
854 1003 4442
782 2058 4443
795 1201 4444
217 770 4445
834 1224 4446
822 1545 4447
203 1280 4448
1714 1859 4449
1167 2030 4450
680 882 4451
1623 2029 4452
1576 2048 4453
353 502 4454
535 829 4455
824 1086 4456
163 763 4457
541 2065 4458
427 605 4459
938 2018 4460
884 1554 4461
897 1845 4462
139 226 4463
1160 1696 4464
985 2027 4465
94 405 4466
666 926 4467
858 1712 4468
750 824 4469
219 481 4470
389 1938 4471
1732 2092 4472
622 1028 4473
1078 2109 4474
1222 2079 4475
275 1679 4476
295 1812 4477
1281 2076 4478
1696 2137 4479
929 1434 4480
1076 2134 4481
622 1341 4482
1426 1916 4483
1576 2041 4484
441 1212 4485
699 1020 4486
926 2128 4487
295 1557 4488
829 1554 4489
263 1190 4490
309 1286 4491
639 985 4492
969 1124 4493
344 378 4494
771 1659 4495
66 391 4496
1328 1870 4497
221 1705 4498
490 776 4499
89 344 4500
1576 1626 4501
546 729 4502
963 1871 4503
391 1206 4504
1275 1435 4505
1173 1366 4506
294 2018 4507
493 1460 4508
1167 1679 4509
1353 1934 4510
325 1632 4511
1046 1375 4512
1200 1565 4513
552 1069 4514
1171 1532 4515
193 628 4516
1347 1594 4517
134 929 4518
903 995 4519
513 1640 4520
226 493 4521
471 947 4522
1350 1676 4523
446 751 4524
1103 1794 4525
1983 2048 4526
99 1095 4527
547 759 4528
1804 2137 4529
1841 2032 4530
824 1395 4531
884 1196 4532
491 1667 4533
1258 1805 4534
168 1963 4535
203 1319 4536
678 2011 4537
689 819 4538
823 985 4539
210 1120 4540
1958 2076 4541
324 1836 4542
690 1466 4543
699 2041 4544
28 1076 4545
170 1335 4546
1258 2027 4547
411 1769 4548
676 2041 4549
861 1706 4550
1822 2055 4551
29 1750 4552
483 1046 4553
628 997 4554
1201 1328 4555
824 898 4556
1746 2009 4557
725 1097 4558
595 929 4559
185 1213 4560
32 1546 4561
1546 1867 4562
52 1076 4563
465 2032 4564
821 1184 4565
134 1460 4566
47 1347 4567
89 520 4568
1007 1881 4569
593 881 4570
1583 1624 4571
325 1031 4572
1611 1805 4573
1316 1916 4574
1 2003 4575
751 1957 4576
929 1341 4577
535 694 4578
39 1914 4579
363 1177 4580
794 2057 4581
751 1003 4582
411 562 4583
1555 2023 4584
316 1350 4585
185 789 4586
769 1106 4587
1555 2121 4588
274 744 4589
29 908 4590
591 824 4591
863 2128 4592
186 969 4593
597 814 4594
493 1434 4595
1407 1920 4596
266 1269 4597
88 1743 4598
1635 1757 4599
77 824 4600
1341 2011 4601
597 1877 4602
1222 2000 4603
1476 1676 4604
714 1007 4605
1956 2130 4606
193 1486 4607
1328 1989 4608
76 2002 4609
318 1544 4610
584 590 4611
9 1900 4612
1062 1594 4613
211 452 4614
302 484 4615
1590 1884 4616
751 897 4617
1138 1811 4618
1108 1628 4619
78 1735 4620
676 2048 4621
211 2003 4622
954 1755 4623
918 1768 4624
1345 1635 4625
1366 1635 4626
1873 2058 4627
28 203 4628
18 444 4629
65 1334 4630
610 616 4631
679 994 4632
854 1957 4633
111 1007 4634
187 1989 4635
546 1631 4636
683 1826 4637
943 1958 4638
157 433 4639
899 1824 4640
87 1394 4641
875 2006 4642
1375 1896 4643
484 1948 4644
1007 1709 4645
1066 1160 4646
966 1660 4647
1657 1887 4648
105 1832 4649
789 1213 4650
1870 1881 4651
926 2022 4652
858 1306 4653
763 1253 4654
969 1875 4655
1295 2044 4656
325 1852 4657
349 444 4658
1450 2071 4659
69 2022 4660
246 713 4661
445 2006 4662
129 953 4663
345 382 4664
676 1732 4665
720 2020 4666
1182 1668 4667
363 1152 4668
66 139 4669
694 884 4670
1209 1934 4671
1106 1924 4672
770 1792 4673
88 1224 4674
1324 1923 4675
743 1076 4676
446 819 4677
815 1964 4678
161 1364 4679
296 2059 4680
956 1565 4681
65 66 4682
394 1152 4683
345 2088 4684
1280 1319 4685
1222 1644 4686
752 1102 4687
683 2083 4688
1565 1964 4689
882 1117 4690
1212 1460 4691
416 1517 4692
1351 1685 4693
273 645 4694
1679 1704 4695
28 1078 4696
431 473 4697
676 1679 4698
309 878 4699
1832 1853 4700
318 2022 4701
943 1281 4702
139 1561 4703
1019 1669 4704
1555 2076 4705
1440 2049 4706
534 1350 4707
799 882 4708
639 1103 4709
1780 2060 4710
1046 1966 4711
1706 2130 4712
452 699 4713
1292 1295 4714
211 1983 4715
639 1583 4716
211 1020 4717
906 1904 4718
858 982 4719
962 2037 4720
1576 1759 4721
751 1474 4722
391 823 4723
28 1462 4724
65 1819 4725
474 1870 4726
1635 2003 4727
877 2002 4728
939 1900 4729
134 1434 4730
319 1179 4731
324 1964 4732
1123 2056 4733
1160 2118 4734
1266 1812 4735
1440 1794 4736
349 832 4737
77 1676 4738
195 281 4739
586 1913 4740
728 939 4741
726 1280 4742
763 873 4743
446 493 4744
910 1190 4745
1931 1963 4746
1059 1378 4747
171 977 4748
982 1890 4749
183 2069 4750
211 2041 4751
1319 1856 4752
120 1719 4753
652 780 4754
1076 1668 4755
1306 1377 4756
111 1870 4757
89 511 4758
270 932 4759
322 813 4760
1243 1313 4761
1814 1871 4762
441 1460 4763
316 1871 4764
345 1877 4765
547 1669 4766
605 2088 4767
468 1344 4768
1253 1590 4769
485 1804 4770
1258 1328 4771
1553 1623 4772
105 1316 4773
266 980 4774
105 726 4775
163 1253 4776
1076 1078 4777
1295 1964 4778
1209 1826 4779
661 1623 4780
1313 1603 4781
1750 1816 4782
1908 2013 4783
1940 2000 4784
128 302 4785
211 676 4786
981 1076 4787
1613 1644 4788
639 1334 4789
405 829 4790
623 977 4791
1007 1328 4792
59 2049 4793
1258 1709 4794
394 1177 4795
566 1904 4796
597 1177 4797
824 1476 4798
1004 2036 4799
88 1845 4800
963 1814 4801
666 2128 4802
1575 1939 4803
88 834 4804
103 498 4805
391 1440 4806
559 953 4807
814 1873 4808
1609 1671 4809
1571 1896 4810
154 1566 4811
630 1096 4812
137 1426 4813
700 1997 4814
898 1441 4815
629 647 4816
918 1307 4817
494 1395 4818
943 1555 4819
246 869 4820
666 1544 4821
1071 1120 4822
1096 1545 4823
1103 1258 4824
554 2134 4825
1198 1335 4826
1474 1845 4827
737 864 4828
1222 1940 4829
997 1486 4830
266 1949 4831
511 1275 4832
309 1433 4833
782 1157 4834
1440 1819 4835
494 661 4836
220 1816 4837
1694 1819 4838
498 963 4839
591 1920 4840
795 1989 4841
1078 2134 4842
1334 1624 4843
1152 1276 4844
1825 1967 4845
2030 2048 4846
1278 1512 4847
629 1718 4848
632 1862 4849
122 739 4850
122 987 4851
546 2018 4852
281 1350 4853
1046 1896 4854
1444 2071 4855
1659 1819 4856
759 1530 4857
163 873 4858
882 1884 4859
1867 2041 4860
408 1138 4861
615 1790 4862
105 1453 4863
141 892 4864
928 1177 4865
172 446 4866
969 2034 4867
1845 1957 4868
1344 2034 4869
1184 1534 4870
232 898 4871
1138 1621 4872
1146 1964 4873
136 708 4874
319 1214 4875
74 1696 4876
265 630 4877
465 1196 4878
1024 2020 4879
1344 1842 4880
437 1676 4881
481 845 4882
1118 1818 4883
134 1540 4884
74 316 4885
496 1676 4886
1224 1854 4887
954 1623 4888
418 1350 4889
1113 1964 4890
491 1142 4891
1152 1622 4892
280 1344 4893
771 1440 4894
964 1980 4895
9 1414 4896
103 1573 4897
104 1624 4898
72 898 4899
650 824 4900
1019 1053 4901
1477 1867 4902
38 850 4903
824 1647 4904
1059 1939 4905
1447 1460 4906
199 1847 4907
377 2096 4908
858 927 4909
69 153 4910
302 1476 4911
494 954 4912
1384 1706 4913
676 901 4914
765 1260 4915
1384 1631 4916
1732 1867 4917
291 516 4918
725 919 4919
1258 1624 4920
534 1494 4921
666 2048 4922
694 1554 4923
1504 1567 4924
135 1581 4925
1086 1395 4926
2041 2048 4927
123 1904 4928
174 1424 4929
1546 1732 4930
729 1384 4931
155 600 4932
737 1253 4933
512 1549 4934
69 1546 4935
474 1888 4936
135 1409 4937
183 950 4938
88 1854 4939
9 1529 4940
842 911 4941
661 1395 4942
297 332 4943
877 910 4944
439 1567 4945
1517 1911 4946
59 65 4947
732 1012 4948
795 1870 4949
136 969 4950
281 1411 4951
698 1805 4952
509 711 4953
316 1948 4954
12 1676 4955
1350 1476 4956
1524 2137 4957
243 2022 4958
340 1321 4959
771 985 4960
963 1350 4961
1003 1845 4962
1024 1598 4963
1334 1794 4964
469 1297 4965
104 1929 4966
89 1885 4967
845 1447 4968
698 1709 4969
239 1530 4970
873 1471 4971
1200 1242 4972
161 1121 4973
316 1200 4974
464 1989 4975
554 1664 4976
711 1177 4977
446 1460 4978
220 1391 4979
491 977 4980
1546 2048 4981
819 2002 4982
1350 1948 4983
1460 1540 4984
981 1078 4985
1867 2048 4986
992 1004 4987
714 1258 4988
1914 2082 4989
183 1069 4990
639 1007 4991
939 1160 4992
423 824 4993
1008 1524 4994
227 1644 4995
161 782 4996
422 911 4997
494 2020 4998
1695 2022 4999
283 977 5000
302 1350 5001
557 939 5002
584 1543 5003
1920 1962 5004
272 388 5005
658 1196 5006
699 2022 5007
994 1153 5008
69 699 5009
204 953 5010
2051 2071 5011
28 1701 5012
512 2081 5013
969 2045 5014
987 1888 5015
1583 1929 5016
853 1871 5017
1647 1920 5018
1695 2041 5019
65 391 5020
210 1071 5021
709 1705 5022
971 1637 5023
694 1196 5024
535 1645 5025
847 1705 5026
203 1571 5027
1679 1732 5028
1 1477 5029
730 1564 5030
1586 2063 5031
116 1357 5032
465 1703 5033
517 1530 5034
715 717 5035
917 1912 5036
1253 1420 5037
615 1350 5038
1561 1777 5039
1053 1669 5040
1700 1904 5041
316 1814 5042
77 1920 5043
273 1222 5044
155 1583 5045
1062 1347 5046
1313 1463 5047
83 1853 5048
498 1871 5049
153 1477 5050
676 1477 5051
319 759 5052
791 1012 5053
1064 1352 5054
1065 1200 5055
29 1243 5056
74 534 5057
84 911 5058
1067 1896 5059
1704 2030 5060
483 1375 5061
708 1908 5062
1050 1839 5063
1201 1258 5064
1224 1845 5065
1428 1498 5066
708 851 5067
1413 1460 5068
172 1460 5069
818 1676 5070
122 1583 5071
44 149 5072
319 828 5073
66 1819 5074
694 829 5075
1129 1424 5076
834 1854 5077
750 1920 5078
1435 1876 5079
969 1111 5080
302 1676 5081
737 1853 5082
705 1152 5083
162 969 5084
111 1611 5085
676 699 5086
1007 1258 5087
411 738 5088
725 1963 5089
122 1841 5090
759 1424 5091
257 759 5092
47 2116 5093
452 1820 5094
1123 1774 5095
2118 2137 5096
873 1590 5097
246 1571 5098
1545 2031 5099
834 1845 5100
766 911 5101
1243 1266 5102
257 1855 5103
309 698 5104
893 1471 5105
1 243 5106
316 963 5107
1870 2032 5108
84 422 5109
343 1894 5110
954 982 5111
1845 1854 5112
1714 1969 5113
484 2100 5114
763 1837 5115
1818 2100 5116
66 1794 5117
965 1821 5118
257 665 5119
741 1102 5120
878 1989 5121
350 1653 5122
498 1396 5123
332 1046 5124
1494 2088 5125
423 1920 5126
358 1677 5127
1319 1453 5128
1414 2108 5129
801 893 5130
1779 1911 5131
604 1337 5132
436 690 5133
1494 1708 5134
28 1120 5135
199 1929 5136
615 1476 5137
651 1471 5138
1583 1847 5139
1303 1357 5140
245 400 5141
270 2048 5142
862 1460 5143
1786 1912 5144
1576 1732 5145
1571 1667 5146
652 1012 5147
1847 1929 5148
977 1571 5149
1220 2003 5150
651 1253 5151
1501 1884 5152
65 771 5153
1179 1517 5154
1411 1940 5155
309 1428 5156
1007 1616 5157
1243 1603 5158
953 1984 5159
257 1129 5160
467 1507 5161
853 1814 5162
280 650 5163
464 1007 5164
189 303 5165
204 2037 5166
658 1366 5167
862 1513 5168
446 1003 5169
699 1867 5170
423 1256 5171
1395 1890 5172
1624 1888 5173
1530 1924 5174
763 1590 5175
1070 1920 5176
985 1819 5177
583 946 5178
778 788 5179
464 1870 5180
273 857 5181
484 1476 5182
950 1069 5183
1704 2003 5184
930 2090 5185
111 1847 5186
708 969 5187
1054 1860 5188
1222 2100 5189
639 1624 5190
268 1956 5191
391 1794 5192
854 2002 5193
1616 1870 5194
873 1165 5195
584 1046 5196
1461 2092 5197
1054 1160 5198
1696 1804 5199
202 1160 5200
1706 1790 5201
1664 1666 5202
2048 2092 5203
211 1546 5204
1125 2079 5205
2031 2081 5206
202 1462 5207
208 892 5208
268 857 5209
492 1460 5210
699 1626 5211
988 1821 5212
192 1274 5213
943 1620 5214
400 1620 5215
630 1041 5216
425 1564 5217
582 818 5218
498 1814 5219
500 1012 5220
1565 1984 5221
1121 1667 5222
698 1328 5223
711 2078 5224
808 1774 5225
1321 1740 5226
615 1940 5227
824 983 5228
747 2023 5229
893 1253 5230
1477 1576 5231
155 1888 5232
1621 2090 5233
1180 2032 5234
1375 1966 5235
1614 1795 5236
604 1283 5237
958 1753 5238
1517 1779 5239
1103 1496 5240
84 842 5241
183 1426 5242
667 1583 5243
845 862 5244
245 2023 5245
1888 2115 5246
1222 1384 5247
400 747 5248
698 925 5249
771 2049 5250
873 1420 5251
93 788 5252
1391 1815 5253
639 1258 5254
1065 1242 5255
1271 1315 5256
1624 1847 5257
751 1965 5258
464 1258 5259
1499 1779 5260
1245 2126 5261
1392 1635 5262
548 1345 5263
88 2002 5264
911 1665 5265
1101 1779 5266
1540 1589 5267
1820 1867 5268
84 766 5269
498 1242 5270
994 1067 5271
892 1738 5272
1246 1586 5273
1477 2041 5274
521 953 5275
332 1375 5276
336 1870 5277
770 1298 5278
1224 2002 5279
1849 2092 5280
737 873 5281
1624 1929 5282
47 1062 5283
391 1819 5284
359 2032 5285
1218 1804 5286
1280 1862 5287
1420 1471 5288
882 1751 5289
203 272 5290
382 969 5291
69 1732 5292
296 1264 5293
1845 1965 5294
452 1197 5295
153 2048 5296
560 1461 5297
1794 2049 5298
66 1777 5299
1704 2041 5300
154 1361 5301
498 1573 5302
1245 1670 5303
921 1494 5304
1102 1409 5305
213 1121 5306
873 893 5307
84 1665 5308
400 943 5309
435 583 5310
842 1144 5311
163 1590 5312
1275 1357 5313
316 1494 5314
579 1904 5315
1732 2022 5316
122 1888 5317
759 1980 5318
714 2064 5319
1271 1645 5320
857 2100 5321
880 1237 5322
969 1344 5323
512 822 5324
1391 1816 5325
1819 2049 5326
699 901 5327
953 1889 5328
1018 1929 5329
1001 1399 5330
1196 1362 5331
650 2034 5332
498 1160 5333
74 1804 5334
699 1695 5335
1065 1814 5336
727 1779 5337
1274 1964 5338
962 2039 5339
1066 2118 5340
698 795 5341
345 2078 5342
387 974 5343
122 1271 5344
694 1821 5345
509 928 5346
963 1948 5347
1049 1644 5348
1845 2002 5349
59 1206 5350
419 1635 5351
983 1676 5352
1350 1708 5353
435 946 5354
916 2032 5355
2022 2048 5356
801 1837 5357
836 1384 5358
560 1009 5359
605 1494 5360
1162 1262 5361
1620 2076 5362
1854 2002 5363
604 1041 5364
128 615 5365
1704 1983 5366
1904 2050 5367
1732 2048 5368
1774 1963 5369
245 2076 5370
1118 1125 5371
1893 1959 5372
1460 1589 5373
1476 1708 5374
1243 1904 5375
1463 1743 5376
318 2048 5377
676 1704 5378
747 2076 5379
1384 1644 5380
431 836 5381
994 1777 5382
77 750 5383
699 1576 5384
1020 1704 5385
1054 2118 5386
766 1665 5387
104 1583 5388
1362 1576 5389
409 1991 5390
535 1362 5391
1704 2022 5392
911 1144 5393
963 1708 5394
1274 2132 5395
901 1626 5396
211 1704 5397
420 962 5398
521 1889 5399
902 931 5400
1102 1296 5401
416 1779 5402
737 1590 5403
963 2038 5404
1496 1624 5405
1626 2048 5406
6 714 5407
232 722 5408
739 1271 5409
963 2118 5410
843 1345 5411
435 1296 5412
963 1573 5413
1345 1826 5414
1414 1967 5415
759 1129 5416
884 1826 5417
1774 2056 5418
722 1347 5419
750 1795 5420
676 1820 5421
296 514 5422
32 901 5423
988 1362 5424
134 1571 5425
881 1507 5426
1571 1848 5427
243 1477 5428
1603 1904 5429
1350 2118 5430
928 1274 5431
739 987 5432
1463 1904 5433
943 2023 5434
983 1920 5435
966 1194 5436
122 1847 5437
509 1177 5438
1714 1892 5439
928 2078 5440
1007 2032 5441
1545 2094 5442
1664 2071 5443
66 1907 5444
2031 2094 5445
422 1665 5446
962 1676 5447
1069 1426 5448
452 1704 5449
1242 1964 5450
872 2031 5451
1476 2100 5452
345 1494 5453
1471 1590 5454
1420 1590 5455
690 1350 5456
963 1886 5457
1054 1066 5458
345 509 5459
414 962 5460
799 1350 5461
498 2118 5462
822 2031 5463
892 1194 5464
896 1243 5465
928 1152 5466
1477 2048 5467
776 1853 5468
650 1344 5469
74 1494 5470
896 1266 5471
834 2002 5472
1546 1704 5473
1571 2011 5474
739 1888 5475
962 1054 5476
1777 1819 5477
1069 1071 5478
651 873 5479
642 1989 5480
1626 1732 5481
708 1494 5482
997 1886 5483
653 1492 5484
1352 1903 5485
1871 2053 5486
1477 1695 5487
1576 1820 5488
892 1645 5489
954 1890 5490
1038 1361 5491
969 1494 5492
122 1496 5493
642 892 5494
882 1494 5495
383 1350 5496
1496 2115 5497
42 1287 5498
1494 1862 5499
2023 2076 5500
892 1684 5501
155 2115 5502
699 1477 5503
699 2048 5504
1194 1864 5505
1138 1357 5506
330 872 5507
1054 1350 5508
79 953 5509
1732 1820 5510
211 1820 5511
862 1903 5512
771 1206 5513
1350 2116 5514
1066 2134 5515
1496 1888 5516
1129 1517 5517
550 1287 5518
962 1350 5519
73 1361 5520
437 1350 5521
1152 1274 5522
317 1357 5523
1076 1494 5524
509 1152 5525
1590 1674 5526
228 1573 5527
950 1385 5528
965 1345 5529
1206 1819 5530
1069 1385 5531
1194 1826 5532
818 2118 5533
1317 1546 5534
1957 1965 5535
876 1890 5536
1350 2078 5537
882 1476 5538
77 1914 5539
1350 2038 5540
296 671 5541
1313 1904 5542
1574 2078 5543
1259 1363 5544
698 1989 5545
1214 1590 5546
1046 1907 5547
1350 1892 5548
1357 1844 5549
496 1350 5550
514 1264 5551
1177 2116 5552
1301 1580 5553
383 2094 5554
699 1167 5555
1152 2078 5556
739 1496 5557
1049 2100 5558
2081 2094 5559
345 1274 5560
1679 2048 5561
1494 1529 5562
711 1152 5563
1474 1965 5564
1258 1870 5565
1538 1963 5566
1049 1118 5567
1258 2032 5568
1476 1920 5569
1507 2071 5570
722 1062 5571
1129 1779 5572
1210 1777 5573
897 1965 5574
983 2118 5575
1206 1794 5576
1259 1890 5577
880 1837 5578
843 1194 5579
197 1041 5580
892 1963 5581
1350 2039 5582
1704 1867 5583
1071 1385 5584
694 1345 5585
1022 1580 5586
1065 1573 5587
1393 1876 5588
1018 1624 5589
1576 1704 5590
1704 2048 5591
1001 1041 5592
1007 1870 5593
974 1060 5594
658 1392 5595
1167 2048 5596
671 1264 5597
931 2129 5598
1477 2022 5599
1041 1492 5600
1008 1289 5601
1003 1965 5602
847 960 5603
1428 1989 5604
776 1062 5605
757 1635 5606
1777 2014 5607
1152 1177 5608
1224 1965 5609
1820 2048 5610
953 1641 5611
759 1060 5612
651 1590 5613
759 2080 5614
1139 1582 5615
1496 1847 5616
1854 1965 5617
963 1152 5618
971 1777 5619
1237 1837 5620
583 1460 5621
766 1144 5622
1271 1496 5623
893 1590 5624
1144 1665 5625
1152 1350 5626
598 1457 5627
699 1732 5628
1457 2102 5629
698 1963 5630
1357 2019 5631
1102 1673 5632
1350 1751 5633
1770 1876 5634
1465 1903 5635
750 983 5636
1477 1704 5637
1476 2078 5638
1753 1963 5639
1965 2002 5640
822 2094 5641
981 1414 5642
954 1259 5643
653 1041 5644
997 1534 5645
1704 1732 5646
1375 1907 5647
1814 2118 5648
1078 1494 5649
723 1049 5650
1573 1871 5651
882 1350 5652
1361 1673 5653
1580 1647 5654
1684 1963 5655
1794 1819 5656
2078 2118 5657
818 2090 5658
836 1513 5659
1414 1530 5660
771 1794 5661
931 1453 5662
946 1460 5663
671 999 5664
1060 1779 5665
1344 1804 5666
1054 2134 5667
1385 1426 5668
1102 1758 5669
771 1819 5670
834 1965 5671
1289 2045 5672
1743 1774 5673
896 1912 5674
1344 1494 5675
994 1837 5676
1060 1129 5677
1391 2080 5678
963 1274 5679
1385 1571 5680
1177 1350 5681
1288 1289 5682
1210 1936 5683
1289 1524 5684
963 2078 5685
1049 1940 5686
754 1194 5687
1777 1936 5688
962 2078 5689
759 1779 5690
1062 1964 5691
1114 1673 5692
1476 1779 5693
921 1289 5694
1362 1904 5695
1194 1936 5696
1586 1673 5697
1710 1758 5698
1289 1344 5699
1673 1710 5700
650 1289 5701
