1027 1753 1
853 1027 2
1027 1491 3
681 1027 4
1027 1472 5
560 1027 6
59 1027 7
92 1027 8
1472 1529 9
325 1027 10
149 1027 11
1624 1753 12
428 1027 13
1108 1713 14
48 260 15
48 368 16
792 1027 17
48 1491 18
1398 1491 19
1027 1297 20
311 792 21
1027 1868 22
682 1472 23
830 1753 24
48 1398 25
898 1027 26
1027 1562 27
1027 1329 28
428 1624 29
1396 1491 30
48 1776 31
59 92 32
557 1472 33
48 1396 34
59 1624 35
59 560 36
1491 1640 37
149 1472 38
1027 1133 39
1529 1753 40
475 1472 41
560 1624 42
842 1777 43
560 898 44
48 1234 45
1234 1491 46
1027 1555 47
48 908 48
214 1027 49
368 1398 50
648 1027 51
260 1398 52
428 1529 53
1396 1398 54
149 1753 55
119 1027 56
1027 1862 57
842 1624 58
615 1624 59
911 1027 60
1027 1837 61
368 1396 62
368 1776 63
260 1396 64
1088 1713 65
48 316 66
92 898 67
304 1753 68
1027 1608 69
1234 1398 70
342 1753 71
1027 1255 72
260 1234 73
864 1027 74
59 898 75
403 1027 76
368 1234 77
1027 1819 78
1398 1640 79
908 1398 80
48 1494 81
368 908 82
1234 1396 83
260 908 84
637 1753 85
60 628 86
316 368 87
316 1398 88
80 1027 89
106 159 90
260 316 91
792 1624 92
87 311 93
48 1640 94
864 1753 95
311 756 96
751 842 97
147 842 98
860 1027 99
714 1753 100
1624 1842 101
1396 1640 102
6 893 103
681 1562 104
199 311 105
6 681 106
260 1494 107
368 1494 108
147 749 109
311 837 110
560 1562 111
1027 1830 112
149 681 113
1297 1398 114
368 1640 115
507 1108 116
106 325 117
214 428 118
214 1624 119
260 1640 120
325 1300 121
1088 1108 122
628 747 123
749 751 124
149 428 125
714 1624 126
846 1027 127
1255 1491 128
106 747 129
528 1027 130
648 1529 131
810 1108 132
92 1614 133
574 1713 134
92 1805 135
308 636 136
1027 1549 137
681 1329 138
507 810 139
1396 1494 140
908 1640 141
308 1137 142
962 1753 143
106 171 144
1528 1713 145
628 1353 146
475 792 147
304 830 148
147 329 149
395 522 150
507 1088 151
311 827 152
110 682 153
403 1624 154
342 830 155
1027 1292 156
59 1562 157
308 334 158
853 1837 159
1027 1047 160
48 713 161
311 1155 162
147 1777 163
574 1108 164
804 1493 165
132 311 166
893 1822 167
325 1538 168
1283 1753 169
768 1753 170
198 308 171
779 1027 172
908 1494 173
947 1027 174
129 1753 175
830 864 176
329 751 177
628 729 178
68 830 179
80 560 180
325 833 181
739 804 182
946 1027 183
1108 1528 184
48 1271 185
311 1469 186
637 830 187
78 853 188
68 1529 189
311 1158 190
62 428 191
203 716 192
784 1472 193
476 681 194
395 630 195
398 681 196
804 1614 197
908 1297 198
654 1713 199
893 1112 200
628 1611 201
198 1137 202
119 1805 203
751 1777 204
797 1027 205
810 1088 206
695 1027 207
311 1298 208
395 752 209
1027 1625 210
149 1297 211
203 1191 212
203 767 213
268 682 214
1713 1761 215
620 648 216
681 1255 217
64 628 218
893 1191 219
804 1707 220
305 308 221
316 1297 222
403 428 223
334 636 224
830 962 225
59 80 226
1027 1400 227
203 1030 228
147 751 229
305 1137 230
308 1651 231
311 1567 232
522 630 233
240 1027 234
311 1705 235
630 752 236
395 1120 237
560 1697 238
1230 1713 239
60 1353 240
892 1713 241
898 1625 242
94 853 243
739 1493 244
958 1027 245
203 1178 246
325 455 247
548 853 248
368 1271 249
843 1408 250
1493 1614 251
778 1027 252
14 311 253
341 1027 254
1472 1727 255
92 214 256
110 268 257
12 1753 258
1027 1227 259
149 1562 260
217 804 261
486 1624 262
560 1625 263
853 1319 264
867 1027 265
801 1027 266
1027 1769 267
311 1625 268
1027 1285 269
388 853 270
458 1027 271
585 620 272
677 853 273
323 423 274
1027 1729 275
1058 1600 276
1027 1683 277
214 475 278
654 1108 279
1027 1157 280
1027 1485 281
898 1697 282
910 1027 283
260 1271 284
59 1697 285
439 1027 286
1491 1552 287
389 1027 288
522 752 289
1027 1866 290
171 1382 291
1027 1209 292
158 560 293
577 1027 294
92 585 295
77 1027 296
1027 1148 297
102 159 298
323 594 299
968 1027 300
1525 1776 301
1652 1753 302
425 435 303
969 1027 304
475 1822 305
1027 1226 306
1027 1076 307
1027 1662 308
557 669 309
62 149 310
1027 1338 311
60 729 312
1027 1033 313
59 576 314
681 1830 315
48 1552 316
557 1253 317
150 1027 318
278 1472 319
761 1027 320
342 637 321
811 830 322
888 1753 323
149 792 324
214 244 325
304 637 326
528 1529 327
1297 1494 328
57 475 329
60 1611 330
198 305 331
342 864 332
203 1192 333
1108 1230 334
158 898 335
766 1027 336
1271 1396 337
304 342 338
636 1651 339
44 106 340
214 494 341
203 1312 342
145 1753 343
55 1472 344
819 1382 345
203 1584 346
507 1761 347
900 1027 348
1776 1817 349
68 648 350
278 311 351
68 811 352
739 1614 353
80 681 354
151 1137 355
214 714 356
368 1552 357
560 1344 358
198 1651 359
397 804 360
637 864 361
1027 1132 362
325 1463 363
752 1798 364
359 1713 365
1466 1529 366
142 308 367
87 199 368
739 1707 369
1408 1555 370
46 1453 371
203 1693 372
311 1392 373
334 1651 374
395 1798 375
59 1625 376
630 1120 377
1493 1707 378
179 311 379
94 199 380
397 1493 381
906 1529 382
1161 1555 383
1109 1723 384
214 403 385
1640 1837 386
1343 1713 387
214 277 388
311 1655 389
217 1493 390
729 1353 391
149 1058 392
1614 1707 393
208 1753 394
1027 1799 395
419 682 396
522 1798 397
757 1723 398
343 1713 399
560 1278 400
92 409 401
199 756 402
1596 1723 403
1183 1555 404
1392 1398 405
311 779 406
62 214 407
522 1120 408
92 1113 409
311 603 410
435 1337 411
59 1278 412
142 334 413
325 678 414
79 615 415
323 846 416
59 1621 417
1306 1529 418
275 1832 419
142 1651 420
557 708 421
946 1624 422
1534 1622 423
260 1552 424
752 1120 425
203 1460 426
325 1020 427
714 768 428
217 739 429
1178 1334 430
119 354 431
435 1639 432
560 589 433
254 1137 434
1368 1472 435
1621 1842 436
1385 1713 437
1491 1498 438
45 1056 439
311 710 440
159 335 441
351 1753 442
604 1624 443
119 482 444
68 585 445
1088 1528 446
843 1183 447
637 962 448
267 1805 449
756 1155 450
388 1269 451
25 1494 452
203 1788 453
311 1601 454
338 1713 455
464 1805 456
749 1399 457
183 1349 458
311 917 459
325 1499 460
837 1842 461
423 594 462
1713 1889 463
395 1504 464
880 1624 465
145 1283 466
239 311 467
928 1713 468
69 557 469
630 1798 470
87 94 471
106 841 472
308 1540 473
354 1805 474
1396 1552 475
388 1341 476
199 1155 477
403 830 478
836 1713 479
203 1718 480
214 1365 481
397 1707 482
132 827 483
302 1778 484
475 486 485
166 395 486
236 325 487
94 756 488
1108 1343 489
1529 1877 490
929 1713 491
747 1382 492
382 1529 493
475 937 494
1491 1500 495
142 636 496
311 1560 497
765 882 498
620 1466 499
560 1633 500
274 893 501
157 311 502
898 1754 503
323 580 504
853 857 505
151 305 506
436 1261 507
893 1052 508
302 1004 509
173 1529 510
296 325 511
149 1819 512
305 1540 513
557 1474 514
830 1652 515
1395 1753 516
857 1776 517
325 381 518
87 756 519
94 1133 520
977 1472 521
159 221 522
1504 1798 523
64 1382 524
679 1108 525
1231 1713 526
57 1624 527
342 962 528
706 749 529
1612 1713 530
304 962 531
1329 1562 532
990 1776 533
356 806 534
1600 1664 535
102 747 536
40 1753 537
763 882 538
929 1108 539
1485 1753 540
308 621 541
636 1067 542
1176 1624 543
436 686 544
810 1761 545
1161 1408 546
1088 1761 547
1504 1860 548
403 1278 549
1183 1408 550
254 636 551
311 1344 552
325 1095 553
1632 1634 554
628 1430 555
1275 1600 556
323 612 557
507 1008 558
217 1707 559
106 721 560
198 254 561
203 1831 562
325 1152 563
1108 1889 564
1573 1795 565
522 1504 566
1058 1664 567
159 1142 568
476 1329 569
763 765 570
25 967 571
1137 1388 572
78 1525 573
259 842 574
73 1061 575
381 1624 576
568 1429 577
1010 1713 578
1234 1552 579
260 1262 580
869 1713 581
25 529 582
560 850 583
628 1409 584
691 1529 585
245 560 586
749 1266 587
817 1073 588
1594 1777 589
258 816 590
620 906 591
254 308 592
1446 1713 593
345 1752 594
189 258 595
158 1842 596
198 581 597
333 720 598
395 885 599
749 1200 600
1626 1713 601
234 799 602
581 1651 603
1319 1580 604
22 311 605
311 1285 606
244 528 607
864 962 608
122 1529 609
325 1804 610
630 1504 611
752 1504 612
1120 1504 613
620 1744 614
395 1860 615
647 1753 616
171 1521 617
1285 1491 618
192 1776 619
226 1491 620
288 1137 621
620 894 622
1120 1860 623
319 749 624
714 1614 625
749 1594 626
1409 1611 627
581 636 628
1578 1723 629
308 581 630
258 407 631
898 1357 632
198 621 633
356 483 634
877 1723 635
302 1421 636
251 811 637
448 1573 638
618 1283 639
803 1776 640
203 1160 641
258 512 642
768 1283 643
898 1691 644
44 716 645
227 308 646
304 864 647
799 1397 648
898 1703 649
723 1795 650
476 1004 651
1004 1884 652
159 1478 653
325 1695 654
820 827 655
1798 1860 656
319 329 657
114 985 658
308 1067 659
475 1075 660
177 842 661
198 1540 662
682 1135 663
641 1883 664
682 1613 665
628 1526 666
714 888 667
258 1453 668
159 1599 669
560 577 670
217 1614 671
331 568 672
560 1700 673
45 1183 674
420 1723 675
998 1180 676
594 612 677
568 1416 678
325 1240 679
290 1056 680
706 1777 681
978 1417 682
664 720 683
723 1073 684
560 786 685
842 1594 686
118 1753 687
842 1399 688
1753 1850 689
679 810 690
690 1723 691
800 1842 692
888 911 693
159 807 694
323 1557 695
893 1351 696
898 1002 697
1120 1798 698
132 1655 699
228 302 700
254 305 701
1140 1529 702
459 620 703
74 628 704
1337 1639 705
254 1540 706
620 913 707
557 1041 708
223 1071 709
428 772 710
428 938 711
6 495 712
585 648 713
719 1723 714
319 1777 715
560 655 716
1038 1337 717
183 1444 718
399 804 719
767 1416 720
288 308 721
321 1112 722
334 581 723
756 1298 724
171 1323 725
560 794 726
706 842 727
258 510 728
704 1004 729
180 275 730
302 1244 731
630 1860 732
435 980 733
146 302 734
620 1074 735
681 1788 736
1297 1365 737
621 1137 738
768 911 739
1073 1735 740
320 428 741
1116 1868 742
704 1757 743
673 693 744
90 1369 745
263 898 746
404 842 747
592 1334 748
1398 1552 749
89 971 750
171 468 751
176 497 752
1088 1343 753
404 749 754
87 1155 755
218 1493 756
1562 1788 757
242 1842 758
526 1175 759
635 843 760
594 1614 761
1440 1624 762
425 1639 763
486 1382 764
604 1334 765
166 1824 766
436 656 767
430 584 768
594 846 769
245 428 770
1266 1777 771
810 1213 772
242 560 773
946 966 774
973 1669 775
302 1757 776
482 860 777
323 657 778
500 629 779
388 1354 780
1205 1753 781
1353 1526 782
1108 1231 783
345 1128 784
329 1594 785
1500 1640 786
401 817 787
571 765 788
1200 1777 789
319 842 790
842 1266 791
767 1116 792
1286 1555 793
729 1855 794
1669 1858 795
1723 1857 796
455 819 797
557 1506 798
73 701 799
158 398 800
334 1067 801
311 881 802
612 846 803
752 1860 804
295 1268 805
329 706 806
768 888 807
843 1218 808
477 1624 809
560 818 810
688 1360 811
94 1298 812
766 1491 813
1078 1803 814
1325 1723 815
1682 1723 816
620 1263 817
1181 1745 818
1625 1697 819
827 1655 820
1047 1133 821
323 446 822
677 1817 823
248 557 824
908 1552 825
75 1185 826
267 354 827
1421 1884 828
422 1546 829
425 1337 830
119 1024 831
259 1777 832
785 1306 833
771 1327 834
245 898 835
842 1200 836
259 749 837
171 1187 838
325 800 839
323 889 840
1130 1568 841
45 290 842
81 955 843
106 175 844
617 1168 845
161 1396 846
26 792 847
171 364 848
522 1860 849
620 1786 850
302 1510 851
799 952 852
56 143 853
723 1573 854
1661 1834 855
1645 1723 856
390 1622 857
38 491 858
642 1026 859
843 916 860
1206 1687 861
50 428 862
275 942 863
677 1133 864
423 657 865
585 906 866
1223 1723 867
1319 1553 868
44 1191 869
362 1796 870
67 1178 871
331 767 872
757 1578 873
732 1723 874
1529 1862 875
953 1720 876
475 1173 877
578 1406 878
853 1097 879
1088 1760 880
853 1305 881
1513 1735 882
31 1883 883
197 1883 884
329 1266 885
335 1116 886
526 1293 887
1602 1778 888
178 883 889
5 1534 890
399 1707 891
425 1038 892
624 1723 893
653 1723 894
709 1807 895
874 1732 896
491 798 897
1004 1778 898
135 1073 899
1285 1776 900
383 826 901
1498 1640 902
723 1883 903
6 638 904
1269 1354 905
19 843 906
227 254 907
1056 1183 908
1026 1807 909
47 1170 910
538 1798 911
69 674 912
151 1388 913
323 1028 914
76 1369 915
440 1546 916
1408 1846 917
76 90 918
844 882 919
754 1253 920
1211 1532 921
1271 1297 922
52 498 923
259 329 924
171 807 925
463 983 926
1519 1546 927
706 751 928
842 1165 929
897 1408 930
700 806 931
682 750 932
57 1805 933
843 1628 934
747 1521 935
1408 1642 936
6 1052 937
329 1200 938
318 1573 939
10 1406 940
520 704 941
12 129 942
615 784 943
178 1180 944
425 980 945
435 1833 946
557 828 947
723 1318 948
96 295 949
226 1640 950
52 1070 951
1212 1658 952
491 1279 953
747 1520 954
878 1723 955
140 895 956
874 1090 957
318 1795 958
135 1883 959
1507 1624 960
517 1016 961
1442 1599 962
1341 1354 963
560 855 964
1151 1816 965
1185 1311 966
208 1023 967
333 1121 968
1207 1524 969
445 1680 970
483 1349 971
1669 1739 972
525 1422 973
917 1298 974
119 1567 975
756 917 976
162 1842 977
199 917 978
413 979 979
571 763 980
501 1679 981
1155 1298 982
1199 1546 983
1321 1794 984
46 1741 985
893 1788 986
248 555 987
218 804 988
475 1419 989
519 1311 990
104 1653 991
214 772 992
1102 1832 993
508 1492 994
92 755 995
433 538 996
590 1838 997
1551 1723 998
1448 1669 999
78 521 1000
576 1590 1001
1465 1856 1002
6 1822 1003
59 852 1004
161 1234 1005
1123 1580 1006
1253 1506 1007
584 946 1008
1229 1417 1009
146 681 1010
1292 1297 1011
38 1279 1012
606 842 1013
397 1749 1014
1595 1738 1015
171 665 1016
317 349 1017
323 616 1018
1255 1329 1019
89 1362 1020
1056 1555 1021
399 739 1022
435 1728 1023
1231 1528 1024
109 1555 1025
130 988 1026
791 1752 1027
1410 1849 1028
560 1314 1029
1463 1537 1030
617 1061 1031
584 958 1032
284 843 1033
409 1266 1034
995 1102 1035
822 1036 1036
996 1168 1037
551 819 1038
1398 1755 1039
321 840 1040
766 1776 1041
996 1061 1042
1675 1791 1043
6 64 1044
258 1709 1045
267 1678 1046
476 1812 1047
9 1516 1048
768 1096 1049
1149 1573 1050
297 1747 1051
17 275 1052
1178 1282 1053
40 129 1054
91 615 1055
356 503 1056
261 1380 1057
681 695 1058
700 1789 1059
915 1573 1060
529 1121 1061
386 1309 1062
765 987 1063
249 1851 1064
354 464 1065
723 974 1066
321 993 1067
1058 1275 1068
351 647 1069
423 446 1070
635 1408 1071
888 962 1072
1465 1881 1073
679 1088 1074
105 1581 1075
163 310 1076
277 1621 1077
419 1135 1078
862 868 1079
997 1723 1080
1513 1859 1081
1560 1640 1082
25 1334 1083
302 520 1084
911 1725 1085
985 1483 1086
1398 1500 1087
26 1347 1088
401 496 1089
442 483 1090
349 1542 1091
1788 1822 1092
119 1705 1093
612 657 1094
1325 1682 1095
381 517 1096
732 1109 1097
1061 1661 1098
1783 1842 1099
675 802 1100
240 830 1101
1116 1192 1102
893 1447 1103
46 740 1104
427 893 1105
119 1469 1106
843 1870 1107
1493 1749 1108
1195 1584 1109
1360 1423 1110
72 275 1111
79 467 1112
64 763 1113
61 300 1114
1299 1354 1115
21 1763 1116
280 1734 1117
267 464 1118
615 1044 1119
637 837 1120
675 1427 1121
1668 1771 1122
724 1863 1123
1122 1333 1124
980 1337 1125
298 668 1126
39 275 1127
79 231 1128
347 576 1129
996 1834 1130
26 1011 1131
500 1779 1132
638 1726 1133
78 939 1134
464 1710 1135
804 1749 1136
1518 1529 1137
731 1077 1138
1121 1414 1139
74 1353 1140
1168 1661 1141
1400 1408 1142
983 1207 1143
1578 1682 1144
576 1081 1145
681 1428 1146
126 1334 1147
309 945 1148
843 897 1149
109 1183 1150
246 1346 1151
616 1116 1152
20 190 1153
294 1121 1154
853 1047 1155
576 1700 1156
460 1524 1157
384 411 1158
438 1765 1159
1153 1423 1160
59 794 1161
538 1219 1162
73 313 1163
159 1310 1164
601 1281 1165
1156 1821 1166
500 1885 1167
574 1230 1168
1047 1408 1169
321 499 1170
476 1610 1171
907 1253 1172
654 1230 1173
855 1842 1174
101 1808 1175
876 1620 1176
538 1692 1177
1098 1417 1178
825 1449 1179
1456 1811 1180
149 1434 1181
784 1624 1182
440 1519 1183
1121 1564 1184
1408 1484 1185
90 753 1186
225 1255 1187
763 987 1188
440 1126 1189
608 979 1190
1245 1325 1191
278 879 1192
926 1377 1193
430 958 1194
843 1642 1195
11 838 1196
495 1600 1197
61 135 1198
1121 1424 1199
107 1063 1200
275 1874 1201
747 1478 1202
26 1089 1203
113 1822 1204
274 1447 1205
6 1782 1206
53 54 1207
1121 1743 1208
1004 1757 1209
682 784 1210
765 988 1211
1052 1782 1212
1169 1234 1213
1030 1460 1214
631 1449 1215
145 618 1216
171 586 1217
432 1198 1218
1782 1822 1219
361 1599 1220
680 1185 1221
99 1051 1222
803 1525 1223
519 680 1224
34 517 1225
46 1733 1226
1038 1728 1227
468 747 1228
988 1816 1229
800 819 1230
1179 1822 1231
1723 1864 1232
271 1166 1233
660 1115 1234
1080 1465 1235
1691 1697 1236
1822 1868 1237
251 403 1238
648 1466 1239
63 1167 1240
699 981 1241
1178 1690 1242
751 1266 1243
866 1423 1244
871 1495 1245
321 835 1246
1639 1728 1247
782 1646 1248
766 853 1249
864 1820 1250
481 1101 1251
1113 1729 1252
92 935 1253
864 1370 1254
1694 1752 1255
120 1389 1256
608 1412 1257
873 1185 1258
484 1422 1259
357 1858 1260
106 722 1261
990 1525 1262
88 1187 1263
106 1384 1264
275 487 1265
46 712 1266
291 1513 1267
49 190 1268
403 1411 1269
633 1442 1270
791 1520 1271
1185 1495 1272
861 1466 1273
1185 1742 1274
898 1729 1275
1343 1379 1276
1367 1788 1277
237 1842 1278
190 1300 1279
1192 1718 1280
642 1796 1281
853 968 1282
592 1516 1283
781 861 1284
114 1775 1285
558 1187 1286
252 411 1287
213 396 1288
911 1627 1289
492 1177 1290
597 992 1291
532 539 1292
677 857 1293
1128 1694 1294
406 1194 1295
464 1678 1296
1058 1203 1297
864 1652 1298
887 1616 1299
651 1150 1300
1018 1712 1301
1051 1138 1302
675 702 1303
287 728 1304
781 1210 1305
317 1075 1306
391 1656 1307
59 850 1308
46 602 1309
757 1682 1310
853 1285 1311
1625 1691 1312
351 1686 1313
843 1681 1314
460 1333 1315
574 1626 1316
843 1846 1317
373 1474 1318
191 1476 1319
335 1030 1320
509 838 1321
585 913 1322
770 1727 1323
1441 1865 1324
5 1668 1325
79 194 1326
176 730 1327
892 1848 1328
1162 1541 1329
476 588 1330
973 1653 1331
993 1075 1332
660 1391 1333
681 786 1334
516 1144 1335
620 1507 1336
1123 1193 1337
444 1322 1338
1122 1524 1339
366 1509 1340
555 1391 1341
1163 1881 1342
312 365 1343
1321 1851 1344
638 1104 1345
1191 1788 1346
1312 1502 1347
617 1834 1348
1438 1708 1349
78 246 1350
632 1051 1351
996 1708 1352
7 257 1353
604 1071 1354
838 1265 1355
690 1109 1356
280 685 1357
843 1570 1358
119 1721 1359
548 677 1360
911 1569 1361
432 994 1362
353 1219 1363
1707 1749 1364
1126 1546 1365
79 1636 1366
90 127 1367
659 1381 1368
830 1205 1369
992 1653 1370
237 1278 1371
409 1164 1372
964 1481 1373
1449 1545 1374
789 939 1375
284 1183 1376
1013 1307 1377
298 572 1378
1031 1562 1379
125 1513 1380
62 1801 1381
348 895 1382
590 1684 1383
1275 1664 1384
892 1343 1385
608 786 1386
594 889 1387
1093 1101 1388
152 1800 1389
34 519 1390
588 681 1391
1423 1539 1392
1389 1390 1393
959 1185 1394
1074 1466 1395
1245 1337 1396
26 550 1397
316 1552 1398
557 1084 1399
1639 1833 1400
1678 1805 1401
906 1466 1402
1260 1726 1403
300 525 1404
112 952 1405
1061 1768 1406
372 1312 1407
408 1079 1408
539 944 1409
397 399 1410
538 1759 1411
493 868 1412
358 765 1413
857 1817 1414
908 1847 1415
149 1828 1416
179 881 1417
1140 1408 1418
843 1103 1419
144 1352 1420
105 366 1421
149 515 1422
753 1369 1423
498 1070 1424
546 798 1425
1297 1392 1426
739 1749 1427
846 889 1428
92 863 1429
196 366 1430
162 398 1431
518 1725 1432
950 1582 1433
1339 1688 1434
1579 1814 1435
417 449 1436
615 1507 1437
747 947 1438
16 614 1439
26 137 1440
380 978 1441
750 1135 1442
604 1773 1443
571 987 1444
654 1761 1445
690 1857 1446
1220 1455 1447
277 1145 1448
22 881 1449
387 627 1450
862 1313 1451
865 1243 1452
199 1071 1453
13 1138 1454
707 1123 1455
165 494 1456
263 1697 1457
484 892 1458
26 86 1459
186 1453 1460
1324 1498 1461
1183 1570 1462
783 846 1463
37 64 1464
78 886 1465
165 715 1466
792 1822 1467
1356 1465 1468
518 911 1469
149 1033 1470
107 860 1471
583 681 1472
504 1781 1473
651 1292 1474
980 1728 1475
448 915 1476
884 960 1477
3 957 1478
354 1678 1479
456 982 1480
580 657 1481
497 730 1482
1445 1555 1483
222 728 1484
777 793 1485
594 1557 1486
224 277 1487
277 511 1488
1437 1555 1489
657 846 1490
107 1681 1491
1456 1852 1492
403 1302 1493
854 1779 1494
1515 1659 1495
277 1317 1496
482 1047 1497
528 1147 1498
304 1652 1499
674 1243 1500
888 1096 1501
1203 1600 1502
485 1176 1503
638 1479 1504
59 655 1505
1337 1833 1506
674 1065 1507
1396 1847 1508
521 1051 1509
625 1075 1510
1019 1394 1511
631 1382 1512
424 541 1513
585 1466 1514
599 1623 1515
468 533 1516
881 1775 1517
399 1614 1518
587 1673 1519
1805 1828 1520
502 662 1521
591 1222 1522
726 1302 1523
232 1361 1524
457 856 1525
1057 1595 1526
1431 1463 1527
455 1665 1528
1161 1286 1529
1238 1425 1530
1458 1571 1531
272 367 1532
819 1576 1533
568 1254 1534
1661 1708 1535
1147 1588 1536
83 912 1537
1012 1832 1538
1079 1182 1539
1085 1868 1540
1319 1423 1541
1529 1608 1542
226 1255 1543
711 1335 1544
399 1749 1545
637 1652 1546
444 1572 1547
92 1729 1548
274 1815 1549
1000 1773 1550
1115 1391 1551
1344 1700 1552
1541 1797 1553
750 1722 1554
320 1099 1555
556 1172 1556
807 1676 1557
1297 1350 1558
1047 1837 1559
64 1064 1560
117 1379 1561
186 489 1562
1051 1745 1563
33 1587 1564
461 1851 1565
765 1535 1566
840 1112 1567
1217 1465 1568
1535 1693 1569
667 1461 1570
495 1664 1571
46 153 1572
551 935 1573
1156 1890 1574
170 421 1575
990 1817 1576
1348 1750 1577
683 1315 1578
482 991 1579
715 1125 1580
414 1048 1581
556 1068 1582
681 1550 1583
144 1462 1584
1278 1305 1585
1086 1595 1586
359 1612 1587
819 1020 1588
648 1756 1589
130 1816 1590
372 1050 1591
398 800 1592
1583 1772 1593
421 458 1594
665 1279 1595
185 1112 1596
754 907 1597
186 1793 1598
742 1198 1599
1069 1070 1600
1042 1556 1601
342 1652 1602
1264 1666 1603
542 1450 1604
1131 1573 1605
386 1245 1606
734 1273 1607
355 1624 1608
556 1304 1609
773 829 1610
962 1652 1611
480 554 1612
497 1054 1613
613 963 1614
1463 1819 1615
1779 1872 1616
398 938 1617
453 877 1618
1169 1297 1619
121 561 1620
1837 1856 1621
488 1541 1622
599 1726 1623
131 775 1624
757 927 1625
591 1767 1626
1303 1770 1627
186 490 1628
415 834 1629
473 1700 1630
492 1832 1631
911 1548 1632
1325 1405 1633
366 1488 1634
146 476 1635
474 736 1636
670 1748 1637
1118 1754 1638
1794 1851 1639
1503 1599 1640
1292 1583 1641
639 1068 1642
1103 1408 1643
585 1774 1644
622 1716 1645
629 854 1646
650 1398 1647
437 1239 1648
216 400 1649
821 860 1650
121 698 1651
962 1205 1652
1123 1423 1653
714 1096 1654
135 318 1655
248 524 1656
555 1874 1657
547 800 1658
186 407 1659
307 761 1660
943 1649 1661
669 708 1662
1176 1587 1663
304 1839 1664
1364 1659 1665
607 1801 1666
864 1205 1667
864 1785 1668
812 1609 1669
575 834 1670
379 807 1671
8 320 1672
226 681 1673
654 1889 1674
1183 1437 1675
1374 1876 1676
240 449 1677
188 1295 1678
841 1384 1679
34 1257 1680
51 270 1681
757 1551 1682
533 1521 1683
1060 1063 1684
456 582 1685
985 1775 1686
1280 1420 1687
184 527 1688
967 1592 1689
1357 1633 1690
888 1614 1691
911 1601 1692
57 541 1693
1861 1879 1694
1116 1718 1695
819 1819 1696
605 1112 1697
1147 1314 1698
712 1386 1699
870 1331 1700
186 512 1701
134 363 1702
205 1701 1703
242 898 1704
284 1570 1705
44 1584 1706
877 997 1707
1042 1083 1708
186 1474 1709
497 1457 1710
204 1837 1711
429 1021 1712
800 1629 1713
231 1790 1714
766 985 1715
1770 1843 1716
1191 1367 1717
593 975 1718
914 1727 1719
116 772 1720
637 1205 1721
410 1607 1722
1522 1531 1723
282 1587 1724
754 1506 1725
544 1565 1726
1351 1473 1727
1371 1403 1728
591 1107 1729
469 1197 1730
649 919 1731
730 1054 1732
162 819 1733
862 1585 1734
877 1551 1735
1158 1285 1736
493 1313 1737
681 1610 1738
1119 1533 1739
468 764 1740
920 1219 1741
330 1574 1742
133 1468 1743
195 1792 1744
1121 1141 1745
529 1592 1746
543 1394 1747
891 1618 1748
649 1057 1749
352 1133 1750
355 615 1751
747 1294 1752
1060 1072 1753
44 1192 1754
139 502 1755
247 1575 1756
439 774 1757
943 1648 1758
215 766 1759
1304 1446 1760
801 1730 1761
812 934 1762
695 1544 1763
1086 1559 1764
206 338 1765
367 528 1766
367 1686 1767
599 1224 1768
28 613 1769
863 1635 1770
139 662 1771
747 1142 1772
758 1486 1773
790 905 1774
534 1689 1775
173 1657 1776
83 1844 1777
616 846 1778
363 938 1779
1610 1812 1780
269 1819 1781
437 1566 1782
1247 1861 1783
747 1342 1784
970 1555 1785
35 485 1786
1398 1847 1787
833 1804 1788
575 833 1789
473 589 1790
733 1301 1791
470 1208 1792
970 1183 1793
471 1214 1794
614 1567 1795
589 1700 1796
1205 1652 1797
1714 1731 1798
862 1322 1799
1393 1426 1800
170 219 1801
382 1686 1802
937 1173 1803
843 1140 1804
242 1221 1805
451 1025 1806
665 788 1807
1378 1383 1808
335 1254 1809
98 1037 1810
1297 1847 1811
1075 1112 1812
1648 1649 1813
779 1157 1814
625 1112 1815
405 1350 1816
1375 1665 1817
332 1119 1818
360 1338 1819
485 813 1820
35 1587 1821
535 1324 1822
588 1812 1823
175 1873 1824
187 816 1825
149 1131 1826
43 314 1827
242 855 1828
911 1549 1829
761 1235 1830
494 1249 1831
1630 1886 1832
239 316 1833
1009 1084 1834
592 784 1835
790 1055 1836
1382 1641 1837
70 201 1838
283 370 1839
671 746 1840
1064 1102 1841
1116 1474 1842
213 1236 1843
477 849 1844
939 1007 1845
168 1519 1846
187 813 1847
792 1347 1848
927 1551 1849
6 443 1850
214 769 1851
1727 1827 1852
1783 1784 1853
235 1112 1854
1188 1609 1855
36 1825 1856
1178 1862 1857
497 1092 1858
1407 1487 1859
84 788 1860
834 1020 1861
39 1202 1862
186 814 1863
187 814 1864
64 241 1865
174 1379 1866
762 1363 1867
1161 1445 1868
1630 1727 1869
805 1415 1870
721 722 1871
303 1267 1872
1583 1830 1873
769 1521 1874
137 213 1875
3 27 1876
513 1695 1877
346 1605 1878
482 1402 1879
801 975 1880
314 1443 1881
128 999 1882
354 1677 1883
148 1845 1884
402 777 1885
1116 1312 1886
1297 1823 1887
727 1356 1888
376 1264 1889
1252 1402 1890
687 769 1891
602 1386 1892
8 1660 1893
180 523 1894
684 1123 1895
745 1609 1896
860 991 1897
1083 1556 1898
1374 1598 1899
309 792 1900
1060 1681 1901
957 1400 1902
1499 1665 1903
232 441 1904
342 1205 1905
1428 1812 1906
355 1201 1907
6 904 1908
976 1242 1909
1132 1322 1910
1285 1837 1911
360 761 1912
506 1614 1913
1059 1519 1914
551 1047 1915
777 1255 1916
137 750 1917
582 1762 1918
493 1322 1919
1376 1393 1920
238 871 1921
579 1554 1922
921 1202 1923
927 1717 1924
376 1666 1925
1375 1561 1926
494 847 1927
540 1091 1928
1029 1124 1929
740 1386 1930
676 696 1931
136 735 1932
291 1202 1933
494 1125 1934
505 1666 1935
1047 1609 1936
376 505 1937
146 1329 1938
326 1603 1939
567 708 1940
1058 1827 1941
39 1102 1942
788 1119 1943
279 1046 1944
982 1480 1945
255 565 1946
84 1119 1947
735 1330 1948
256 482 1949
787 1171 1950
1201 1507 1951
669 1277 1952
238 1358 1953
256 513 1954
701 1174 1955
1347 1769 1956
505 1264 1957
716 1436 1958
1372 1425 1959
1053 1094 1960
1195 1503 1961
162 938 1962
292 306 1963
989 1387 1964
1064 1598 1965
270 792 1966
687 716 1967
896 1762 1968
1191 1224 1969
30 1374 1970
155 1501 1971
1334 1828 1972
1189 1806 1973
111 1189 1974
583 1629 1975
1329 1812 1976
582 643 1977
837 1755 1978
1060 1216 1979
1216 1439 1980
687 1191 1981
39 184 1982
339 564 1983
1635 1729 1984
644 1132 1985
649 1300 1986
160 1844 1987
633 1503 1988
1096 1614 1989
164 1876 1990
1017 1809 1991
85 1359 1992
797 1089 1993
834 1131 1994
1614 1635 1995
881 968 1996
26 1236 1997
672 1174 1998
363 912 1999
1111 1456 2000
262 1615 2001
678 1402 2002
716 947 2003
15 360 2004
1382 1608 2005
450 1193 2006
609 1561 2007
531 1323 2008
1174 1619 2009
747 1831 2010
1209 1614 2011
1297 1755 2012
136 354 2013
747 1310 2014
174 1387 2015
1015 1173 2016
17 705 2017
1428 1550 2018
1258 1751 2019
452 1117 2020
1482 1596 2021
697 1203 2022
453 1508 2023
1425 1724 2024
150 482 2025
1316 1826 2026
244 640 2027
1111 1718 2028
1475 1723 2029
585 1635 2030
1058 1110 2031
1111 1160 2032
708 1332 2033
471 1039 2034
905 1055 2035
961 1143 2036
256 1020 2037
1614 1749 2038
600 1766 2039
238 930 2040
265 610 2041
43 1740 2042
137 797 2043
552 1022 2044
582 1288 2045
1259 1382 2046
815 1875 2047
64 1876 2048
912 1003 2049
1286 1445 2050
1755 1813 2051
661 1871 2052
1334 1809 2053
392 986 2054
819 1131 2055
244 1841 2056
385 1094 2057
1003 1336 2058
708 1277 2059
1136 1469 2060
269 455 2061
1366 1400 2062
231 1477 2063
1116 1503 2064
1131 1382 2065
725 1316 2066
393 1082 2067
482 1136 2068
293 716 2069
1189 1670 2070
244 1882 2071
646 1508 2072
569 1868 2073
244 549 2074
1400 1643 2075
1764 1868 2076
336 1717 2077
609 938 2078
615 1174 2079
1160 1503 2080
202 1237 2081
1608 1685 2082
233 1868 2083
923 1489 2084
1654 1671 2085
1326 1868 2086
193 1591 2087
335 1111 2088
160 201 2089
769 1837 2090
1553 1650 2091
582 1433 2092
689 1806 2093
1663 1810 2094
100 455 2095
1139 1766 2096
238 1043 2097
903 1888 2098
743 1608 2099
902 1702 2100
1596 1864 2101
44 745 2102
1530 1755 2103
1233 1400 2104
923 1577 2105
43 1308 2106
350 1810 2107
506 1400 2108
446 616 2109
750 1236 2110
37 167 2111
115 923 2112
687 947 2113
244 1829 2114
559 1614 2115
1001 1664 2116
1695 1809 2117
1365 1392 2118
212 1880 2119
477 956 2120
1608 1866 2121
1058 1467 2122
716 1291 2123
797 1617 2124
744 1868 2125
912 1844 2126
281 1401 2127
1105 1705 2128
325 652 2129
1223 1614 2130
156 1033 2131
689 1670 2132
1505 1514 2133
1609 1702 2134
551 1225 2135
661 1608 2136
1608 1878 2137
250 1032 2138
1111 1116 2139
167 301 2140
792 1875 2141
902 1402 2142
1467 1664 2143
1275 1467 2144
1604 1608 2145
649 687 2146
741 1868 2147
834 1538 2148
837 1392 2149
1667 1868 2150
658 1755 2151
539 1356 2152
551 968 2153
2 792 2154
1085 1715 2155
933 1064 2156
860 1614 2157
666 1660 2158
1047 1819 2159
649 1259 2160
935 1132 2161
1254 1508 2162
15 1235 2163
1467 1600 2164
226 1329 2165
947 1291 2166
1400 1451 2167
582 1480 2168
1290 1418 2169
665 1654 2170
935 970 2171
1277 1589 2172
1736 1746 2173
1382 1654 2174
455 834 2175
1548 1549 2176
1548 1569 2177
1552 1847 2178
666 792 2179
716 1190 2180
930 1039 2181
172 1011 2182
661 663 2183
1106 1332 2184
1329 1550 2185
567 1332 2186
695 1329 2187
725 1826 2188
1085 1174 2189
943 1503 2190
1095 1562 2191
1654 1836 2192
4 703 2193
515 1702 2194
1136 1439 2195
687 1310 2196
1665 1862 2197
792 1869 2198
1058 1823 2199
1412 1508 2200
1275 1823 2201
635 1484 2202
933 1799 2203
902 905 2204
1105 1469 2205
784 1367 2206
925 1514 2207
792 859 2208
1154 1806 2209
1614 1882 2210
948 1356 2211
1291 1799 2212
174 989 2213
1255 1799 2214
849 1432 2215
920 1328 2216
1259 1609 2217
32 1589 2218
455 551 2219
1799 1840 2220
947 1503 2221
1203 1706 2222
1376 1511 2223
515 1248 2224
6 486 2225
207 1352 2226
1105 1567 2227
569 1355 2228
692 1471 2229
738 1876 2230
1382 1499 2231
760 1600 2232
815 1053 2233
933 1508 2234
1392 1847 2235
1511 1805 2236
747 1861 2237
1085 1617 2238
1105 1878 2239
506 1549 2240
858 1435 2241
1600 1823 2242
902 1413 2243
954 1186 2244
1664 1706 2245
513 1862 2246
862 1300 2247
815 1094 2248
1329 1629 2249
684 707 2250
200 1035 2251
823 920 2252
1251 1830 2253
1024 1828 2254
1240 1246 2255
1228 1719 2256
968 991 2257
569 776 2258
687 1322 2259
736 1039 2260
207 1471 2261
965 1614 2262
1095 1157 2263
1116 1572 2264
746 1116 2265
832 947 2266
738 1563 2267
815 1186 2268
1039 1043 2269
687 1342 2270
1034 1111 2271
1352 1672 2272
694 1717 2273
713 837 2274
935 1140 2275
1105 1114 2276
1116 1641 2277
931 1116 2278
849 940 2279
1058 1706 2280
1152 1352 2281
1105 1436 2282
1228 1586 2283
1475 1830 2284
1340 1596 2285
1471 1593 2286
1609 1868 2287
949 1289 2288
575 1352 2289
784 1103 2290
849 956 2291
1275 1706 2292
899 902 2293
1549 1569 2294
535 1511 2295
566 1490 2296
1014 1647 2297
1300 1436 2298
1600 1706 2299
1329 1829 2300
1277 1332 2301
619 1799 2302
1267 1300 2303
1062 1114 2304
1435 1471 2305
569 1780 2306
1131 1671 2307
455 1402 2308
1452 1459 2309
1508 1654 2310
455 1809 2311
1499 1654 2312
1617 1769 2313
1695 1696 2314
687 1499 2315
809 1328 2316
924 1452 2317
1538 1809 2318
58 1580 2319
1087 1116 2320
737 1644 2321
932 940 2322
1095 1114 2323
1134 1576 2324
1352 1404 2325
991 1136 2326
1580 1650 2327
1392 1530 2328
687 1867 2329
902 1049 2330
940 956 2331
327 1352 2332
1250 1300 2333
1215 1853 2334
1186 1512 2335
848 1186 2336
1116 1508 2337
901 1274 2338
1034 1116 2339
658 1392 2340
692 1352 2341
900 1300 2342
1272 1746 2343
687 1320 2344
211 634 2345
1352 1435 2346
1040 1352 2347
1300 1425 2348
1352 1670 2349
623 875 2350
1373 1699 2351
1039 1586 2352
1352 1496 2353
635 1507 2354
570 1039 2355
1517 1780 2356
160 1580 2357
1375 1471 2358
738 1696 2359
1116 1246 2360
1704 1828 2361
780 1828 2362
1674 1711 2363
1553 1580 2364
1159 1580 2365
1300 1322 2366
626 1184 2367
1039 1141 2368
687 689 2369
687 1259 2370
717 1129 2371
796 1517 2372
1131 1836 2373
661 1095 2374
687 1256 2375
948 1039 2376
1132 1828 2377
1475 1547 2378
948 1228 2379
1017 1696 2380
918 1828 2381
1196 1352 2382
354 1511 2383
872 1300 2384
66 780 2385
687 808 2386
713 935 2387
1154 1352 2388
1259 1654 2389
1215 1475 2390
1284 1538 2391
1105 1471 2392
1154 1300 2393
1272 1787 2394
1300 1818 2395
635 784 2396
1251 1631 2397
66 1704 2398
635 1236 2399
747 1131 2400
788 1799 2401
652 1490 2402
815 954 2403
1095 1100 2404
972 1511 2405
66 918 2406
851 1511 2407
1274 1696 2408
573 1049 2409
687 1436 2410
1352 1490 2411
1452 1471 2412
1259 1470 2413
718 1105 2414
1662 1828 2415
1402 1538 2416
713 1136 2417
1259 1547 2418
716 1799 2419
1232 1511 2420
716 1259 2421
947 1300 2422
1039 1514 2423
718 1062 2424
941 1862 2425
923 1696 2426
713 1066 2427
592 1862 2428
626 1259 2429
1032 1452 2430
1538 1758 2431
1251 1464 2432
687 1799 2433
747 1654 2434
1477 1511 2435
831 1828 2436
1006 1828 2437
842 1828 2438
652 1452 2439
1116 1862 2440
1340 1475 2441
1228 1499 2442
1400 1614 2443
687 1508 2444
713 1569 2445
1475 1853 2446
650 713 2447
713 1241 2448
645 1862 2449
1276 1862 2450
592 1518 2451
611 1862 2452
1296 1862 2453
853 1799 2454
792 1075 2455
713 1549 2456
792 1240 2457
909 1862 2458
713 1597 2459
1352 1452 2460
687 738 2461
1543 1862 2462
1518 1685 2463
1049 1538 2464
738 1131 2465
1131 1259 2466
1828 1868 2467
1580 1828 2468
626 792 2469
1005 1862 2470
1758 1862 2471
1452 1828 2472
951 1862 2473
1518 1758 2474
747 1300 2475
784 792 2476
611 1518 2477
1228 1828 2478
909 1518 2479
1005 1518 2480
1538 1828 2481
923 1511 2482
1296 1518 2483
951 1518 2484
687 1300 2485
1518 1802 2486
792 1300 2487
1049 1862 2488
1049 1518 2489
1259 1300 2490
792 1131 2491
