80 1027 1
150 1027 2
577 1027 3
958 1027 4
778 1027 5
1027 1549 6
761 1027 7
1120 1860 8
198 1137 9
867 1027 10
1027 1819 11
1027 1209 12
860 1027 13
560 1027 14
341 1027 15
1027 1485 16
846 1027 17
522 752 18
439 1027 19
522 630 20
752 1120 21
630 752 22
334 636 23
1027 1148 24
1108 1713 25
752 1504 26
77 1027 27
522 1504 28
254 308 29
630 1120 30
1027 1729 31
630 1860 32
766 1027 33
1027 1255 34
1027 1662 35
129 1753 36
522 1798 37
308 1540 38
522 1120 39
395 752 40
1798 1860 41
801 1027 42
308 1137 43
752 1798 44
59 560 45
1027 1769 46
1504 1798 47
308 334 48
1120 1504 49
797 1027 50
395 630 51
752 1860 52
910 1027 53
458 1027 54
1027 1866 55
198 308 56
308 1651 57
630 1798 58
325 1027 59
1027 1226 60
1120 1798 61
395 1120 62
389 1027 63
1027 1753 64
308 636 65
1027 1862 66
305 1137 67
636 1651 68
395 522 69
1027 1868 70
1027 1285 71
48 368 72
1027 1297 73
1205 1753 74
528 1027 75
1504 1860 76
334 1651 77
911 1027 78
1027 1227 79
1027 1837 80
142 636 81
630 1504 82
140 895 83
962 1753 84
342 864 85
92 1027 86
142 334 87
1027 1157 88
681 1027 89
198 254 90
142 308 91
522 1860 92
87 311 93
254 1540 94
304 830 95
304 1753 96
654 1713 97
1283 1753 98
900 1027 99
395 1504 100
395 1860 101
779 1027 102
198 1651 103
304 962 104
254 636 105
621 1137 106
830 864 107
1205 1652 108
254 305 109
497 1054 110
48 1396 111
648 1027 112
1491 1640 113
1343 1713 114
198 305 115
359 1713 116
1027 1562 117
690 1723 118
1234 1396 119
60 729 120
227 308 121
585 620 122
620 1466 123
830 962 124
581 1651 125
1027 1491 126
59 1027 127
574 1713 128
403 1027 129
792 1027 130
968 1027 131
757 1723 132
947 1027 133
1612 1713 134
1027 1047 135
305 308 136
311 1298 137
600 1766 138
142 1651 139
60 628 140
395 1798 141
962 1652 142
1515 1659 143
1528 1713 144
898 1027 145
739 804 146
304 342 147
1493 1749 148
254 1137 149
351 1753 150
1682 1723 151
342 830 152
354 464 153
1027 1133 154
1108 1528 155
1109 1723 156
830 1205 157
1652 1753 158
647 1753 159
342 962 160
342 1205 161
585 906 162
864 1753 163
1707 1749 164
1713 1889 165
119 1027 166
803 1776 167
308 581 168
581 636 169
151 1137 170
739 1707 171
1626 1713 172
308 621 173
768 888 174
637 1753 175
198 1540 176
199 756 177
1027 1033 178
1275 1600 179
342 1753 180
214 1027 181
1027 1292 182
311 756 183
484 1422 184
804 1493 185
843 1408 186
962 1205 187
1231 1713 188
864 1027 189
397 1749 190
43 314 191
804 1614 192
1525 1776 193
1137 1388 194
620 906 195
946 1027 196
1108 1230 197
1230 1713 198
342 1652 199
267 1678 200
342 637 201
217 1707 202
739 1493 203
311 1655 204
399 1749 205
217 1493 206
368 1396 207
1614 1707 208
325 1804 209
1192 1718 210
40 1753 211
497 1457 212
906 1466 213
1162 1541 214
804 1707 215
48 260 216
1027 1132 217
311 1285 218
308 1067 219
384 411 220
149 1027 221
969 1027 222
1485 1753 223
198 621 224
87 756 225
198 581 226
89 971 227
637 962 228
830 1652 229
978 1417 230
1027 1338 231
1285 1776 232
929 1713 233
1108 1889 234
1088 1108 235
714 1624 236
648 1529 237
436 1261 238
145 1753 239
399 1707 240
498 1070 241
311 1155 242
80 560 243
637 830 244
973 1669 245
1231 1528 246
12 1753 247
1229 1417 248
60 1353 249
620 1074 250
714 888 251
40 129 252
311 1158 253
399 804 254
714 1753 255
368 1234 256
756 1155 257
267 354 258
304 637 259
304 864 260
560 850 261
305 1540 262
464 1678 263
853 1027 264
864 962 265
1493 1707 266
739 1749 267
368 1552 268
997 1723 269
1578 1723 270
176 730 271
732 1723 272
756 1298 273
1111 1116 274
368 1776 275
730 1054 276
151 1388 277
288 308 278
397 1493 279
435 1639 280
560 577 281
325 833 282
1723 1857 283
695 1027 284
497 730 285
1027 1076 286
60 1611 287
288 1137 288
304 1652 289
348 895 290
311 1625 291
425 1337 292
61 300 293
810 1088 294
22 311 295
476 1812 296
888 1096 297
929 1108 298
654 1230 299
12 129 300
768 1753 301
68 830 302
1578 1682 303
518 1725 304
574 1108 305
654 1108 306
1286 1555 307
1088 1761 308
560 1700 309
300 525 310
1155 1298 311
571 987 312
990 1776 313
1027 1472 314
1321 1851 315
179 311 316
217 804 317
637 1205 318
171 1187 319
484 892 320
677 853 321
48 1776 322
354 1678 323
435 1728 324
973 1653 325
560 1344 326
507 1761 327
1183 1555 328
267 1805 329
217 739 330
1624 1753 331
203 1460 332
397 1707 333
425 435 334
176 497 335
560 898 336
435 1337 337
368 1271 338
888 1614 339
628 1353 340
1042 1556 341
284 1183 342
171 1323 343
843 1846 344
1364 1659 345
548 853 346
339 564 347
1713 1761 348
766 1776 349
343 1713 350
906 1529 351
45 1183 352
87 1155 353
507 810 354
714 768 355
864 1652 356
217 1614 357
525 1422 358
46 1741 359
864 1205 360
87 199 361
147 751 362
368 1494 363
240 1027 364
1161 1555 365
560 655 366
637 1652 367
757 1578 368
119 1805 369
1297 1494 370
334 581 371
620 648 372
1596 1723 373
199 311 374
227 254 375
290 1056 376
877 1723 377
1027 1329 378
1541 1797 379
249 1851 380
464 1805 381
751 1777 382
1027 1683 383
1131 1573 384
1096 1614 385
1600 1664 386
132 311 387
399 1614 388
830 1753 389
1669 1858 390
654 1889 391
888 962 392
267 464 393
476 1610 394
571 763 395
1493 1614 396
52 498 397
334 1067 398
679 810 399
765 987 400
502 662 401
763 765 402
440 1546 403
354 1805 404
690 1857 405
397 399 406
359 1612 407
690 1109 408
1466 1529 409
311 827 410
1183 1570 411
48 316 412
804 1749 413
888 1753 414
325 1020 415
636 1067 416
1073 1735 417
397 804 418
476 588 419
135 1073 420
178 883 421
46 602 422
199 1155 423
203 1030 424
252 411 425
1058 1600 426
48 1552 427
704 1757 428
302 1004 429
435 1833 430
46 740 431
48 1398 432
149 428 433
425 1639 434
560 1278 435
620 1744 436
260 1234 437
497 1092 438
251 811 439
311 917 440
351 647 441
48 1640 442
203 1192 443
1116 1718 444
147 749 445
637 864 446
1234 1491 447
311 779 448
1108 1231 449
428 1027 450
1639 1833 451
46 712 452
151 305 453
323 594 454
1074 1466 455
506 1614 456
915 1573 457
706 751 458
1042 1083 459
45 290 460
321 840 461
811 830 462
48 908 463
1191 1788 464
1573 1795 465
898 1697 466
1776 1817 467
284 843 468
106 1384 469
723 1795 470
59 80 471
83 912 472
620 913 473
139 502 474
1529 1753 475
145 618 476
475 937 477
329 751 478
620 894 479
316 368 480
599 1726 481
729 1353 482
436 686 483
248 555 484
368 1640 485
765 1535 486
291 1513 487
448 1573 488
842 1777 489
757 1682 490
311 881 491
1341 1354 492
139 662 493
475 1419 494
949 1289 495
1337 1639 496
992 1653 497
679 1108 498
928 1713 499
574 1230 500
1421 1884 501
560 794 502
59 655 503
754 1253 504
214 428 505
628 729 506
817 1073 507
52 1070 508
90 753 509
388 1354 510
428 1529 511
440 1519 512
130 1816 513
46 1733 514
368 908 515
311 1705 516
48 1234 517
90 1369 518
260 908 519
1794 1851 520
500 629 521
892 1713 522
1098 1417 523
106 721 524
311 1601 525
1385 1713 526
260 1640 527
1253 1506 528
68 585 529
810 1108 530
836 1713 531
94 756 532
628 1611 533
57 475 534
1445 1555 535
998 1180 536
48 1271 537
481 1101 538
749 751 539
1519 1546 540
43 1740 541
985 1775 542
765 882 543
766 853 544
1269 1354 545
425 980 546
435 980 547
1139 1766 548
149 1753 549
1594 1777 550
346 1605 551
1678 1805 552
388 1341 553
739 1614 554
654 1761 555
756 917 556
6 1782 557
59 1278 558
857 1776 559
723 1573 560
245 560 561
259 749 562
1723 1864 563
395 885 564
278 311 565
1669 1739 566
312 365 567
226 1255 568
260 1494 569
1271 1297 570
749 1200 571
911 1549 572
311 1567 573
476 681 574
704 1004 575
869 1713 576
145 1283 577
714 1096 578
260 1552 579
574 1626 580
602 1386 581
92 1113 582
917 1298 583
428 1624 584
68 648 585
260 1396 586
92 585 587
192 1776 588
571 765 589
585 1466 590
171 1521 591
585 648 592
1551 1723 593
183 1349 594
114 985 595
853 857 596
1034 1116 597
132 827 598
1353 1526 599
681 1329 600
436 656 601
430 584 602
321 1112 603
560 589 604
48 1491 605
464 1710 606
268 682 607
106 722 608
520 704 609
810 1761 610
214 772 611
248 524 612
158 560 613
763 987 614
1639 1728 615
114 1775 616
274 1447 617
425 1038 618
840 1112 619
1467 1600 620
706 749 621
1093 1101 622
1614 1749 623
180 275 624
1027 1830 625
620 1786 626
660 1115 627
1277 1332 628
388 1269 629
557 1041 630
68 1529 631
171 586 632
560 1562 633
318 1573 634
399 739 635
911 1548 636
1297 1823 637
79 1636 638
641 1883 639
893 1351 640
628 1526 641
89 1362 642
311 1469 643
419 682 644
488 1541 645
356 483 646
861 1466 647
625 1112 648
319 329 649
768 1096 650
843 1570 651
1290 1418 652
260 316 653
538 1798 654
1396 1552 655
1446 1713 656
53 54 657
171 364 658
990 1525 659
628 1409 660
907 1253 661
260 1271 662
557 1472 663
79 194 664
679 1088 665
1661 1834 666
1234 1552 667
843 897 668
1130 1568 669
214 714 670
203 1718 671
59 850 672
329 1594 673
518 911 674
1396 1640 675
1126 1546 676
1306 1529 677
118 1753 678
754 907 679
61 135 680
318 1795 681
319 1777 682
714 1614 683
470 1208 684
763 882 685
1770 1843 686
81 955 687
459 620 688
560 855 689
46 153 690
618 1283 691
1407 1487 692
403 1624 693
877 1551 694
325 800 695
17 275 696
165 494 697
1409 1611 698
316 1297 699
1610 1812 700
43 1308 701
505 1666 702
1316 1826 703
6 893 704
526 1175 705
1185 1311 706
45 1056 707
106 841 708
1083 1556 709
1500 1640 710
507 1088 711
1088 1528 712
585 913 713
1264 1666 714
1088 1713 715
314 1443 716
1395 1753 717
358 765 718
749 1594 719
843 1642 720
980 1337 721
1102 1832 722
311 1392 723
898 1691 724
507 1008 725
1018 1712 726
843 1183 727
893 1052 728
104 1653 729
1158 1285 730
1161 1286 731
1303 1770 732
83 1844 733
5 1668 734
492 1832 735
1027 1625 736
355 1624 737
475 1173 738
680 1185 739
214 1365 740
1297 1847 741
897 1408 742
1398 1491 743
557 828 744
842 1624 745
31 1883 746
109 1183 747
284 1570 748
1440 1624 749
989 1387 750
766 985 751
166 395 752
94 199 753
48 1494 754
620 1263 755
1266 1777 756
557 1253 757
325 1095 758
892 1848 759
78 939 760
132 1655 761
178 1180 762
1200 1777 763
1513 1735 764
599 1623 765
1056 1183 766
94 853 767
766 1491 768
1185 1495 769
171 468 770
1325 1682 771
681 1428 772
135 1883 773
246 1346 774
751 842 775
76 90 776
557 1084 777
893 1447 778
970 1183 779
356 806 780
505 1264 781
59 794 782
203 1312 783
461 1851 784
990 1817 785
323 889 786
428 772 787
873 1185 788
927 1551 789
1030 1460 790
199 917 791
125 1513 792
448 915 793
864 1820 794
37 167 795
557 669 796
46 1453 797
376 505 798
500 1779 799
1199 1546 800
245 428 801
588 1812 802
985 1483 803
1038 1728 804
1691 1697 805
325 1695 806
79 231 807
297 1747 808
75 1185 809
258 512 810
171 807 811
568 1416 812
1632 1634 813
1663 1810 814
80 681 815
833 1804 816
360 1338 817
419 1135 818
1396 1491 819
670 1748 820
149 1819 821
597 992 822
130 988 823
599 1224 824
608 1412 825
1234 1398 826
79 615 827
877 997 828
1106 1332 829
79 467 830
197 1883 831
628 1430 832
1004 1757 833
1160 1503 834
970 1555 835
403 830 836
660 1391 837
120 1389 838
558 1187 839
751 1266 840
307 761 841
325 1499 842
585 1774 843
432 1198 844
757 927 845
92 1805 846
1442 1599 847
432 994 848
409 1164 849
700 806 850
1408 1846 851
1396 1494 852
1069 1070 853
240 830 854
149 1434 855
319 749 856
403 428 857
381 1624 858
664 720 859
311 603 860
325 1538 861
669 708 862
1088 1343 863
1258 1751 864
1286 1445 865
557 1506 866
757 1551 867
1367 1788 868
206 338 869
1324 1498 870
225 1255 871
110 268 872
584 946 873
1010 1713 874
1149 1573 875
6 1052 876
234 799 877
417 449 878
323 423 879
732 1109 880
959 1185 881
1491 1552 882
338 1713 883
1183 1437 884
242 560 885
427 893 886
1111 1456 887
1056 1555 888
996 1168 889
422 1546 890
311 837 891
494 1249 892
1321 1794 893
1161 1445 894
239 311 895
263 898 896
988 1816 897
723 1073 898
1147 1314 899
110 682 900
316 1398 901
1513 1859 902
376 1666 903
758 1486 904
629 854 905
892 1343 906
1437 1555 907
354 1677 908
208 1023 909
376 1264 910
642 1026 911
1548 1569 912
183 1444 913
754 1506 914
1448 1669 915
996 1061 916
91 615 917
159 221 918
560 1314 919
800 819 920
1051 1745 921
535 1324 922
216 400 923
708 1277 924
1456 1811 925
864 1370 926
94 1298 927
557 1474 928
980 1728 929
880 1624 930
165 715 931
302 1757 932
750 1135 933
908 1494 934
311 792 935
492 1177 936
494 847 937
648 1466 938
186 407 939
203 1584 940
372 1312 941
1128 1694 942
147 842 943
841 1384 944
1648 1649 945
59 1562 946
323 846 947
475 486 948
357 1858 949
531 1323 950
560 1624 951
911 1725 952
460 1524 953
363 912 954
390 1622 955
1012 1832 956
218 1493 957
203 1160 958
1491 1500 959
1191 1367 960
274 893 961
302 1778 962
724 1863 963
926 1377 964
214 403 965
148 1845 966
433 538 967
92 1614 968
1275 1664 969
615 1624 970
519 680 971
535 1511 972
1168 1661 973
528 1147 974
538 1692 975
555 1391 976
214 769 977
311 1344 978
1529 1608 979
1645 1723 980
546 798 981
509 838 982
519 1311 983
32 1589 984
605 1112 985
380 978 986
1058 1664 987
78 1525 988
1389 1390 989
367 1686 990
455 1665 991
770 1727 992
119 1567 993
331 767 994
1119 1533 995
173 1529 996
74 628 997
329 1200 998
1374 1598 999
35 1587 1000
35 485 1001
278 879 1002
15 1235 1003
908 1640 1004
258 1453 1005
1753 1850 1006
1297 1365 1007
92 1729 1008
1061 1768 1009
721 722 1010
996 1834 1011
147 329 1012
158 398 1013
37 64 1014
325 381 1015
33 1587 1016
325 1240 1017
1111 1160 1018
335 1030 1019
350 1810 1020
1027 1400 1021
893 1191 1022
304 1839 1023
424 541 1024
538 1759 1025
799 952 1026
345 1128 1027
803 1525 1028
729 1855 1029
1176 1624 1030
203 1178 1031
259 329 1032
1176 1587 1033
624 1723 1034
1161 1408 1035
347 576 1036
59 92 1037
8 1660 1038
382 1686 1039
1456 1852 1040
440 1126 1041
323 580 1042
226 1491 1043
1344 1700 1044
437 1239 1045
456 982 1046
1398 1640 1047
1027 1555 1048
719 1723 1049
908 1398 1050
616 1116 1051
333 720 1052
248 557 1053
819 1020 1054
325 678 1055
106 171 1056
731 1077 1057
507 1108 1058
1004 1884 1059
186 512 1060
231 1477 1061
231 1790 1062
1668 1771 1063
853 1285 1064
302 1510 1065
612 846 1066
171 665 1067
1548 1549 1068
275 1874 1069
222 728 1070
311 710 1071
212 1880 1072
810 1213 1073
368 1398 1074
584 958 1075
159 807 1076
296 325 1077
421 458 1078
135 318 1079
331 568 1080
1079 1182 1081
463 983 1082
235 1112 1083
291 1202 1084
768 1283 1085
560 1633 1086
927 1717 1087
843 916 1088
203 767 1089
321 993 1090
311 1560 1091
617 1168 1092
19 843 1093
1624 1842 1094
819 1819 1095
853 1837 1096
196 366 1097
725 1316 1098
147 1777 1099
996 1708 1100
44 1191 1101
72 275 1102
1078 1803 1103
1116 1192 1104
6 904 1105
972 1511 1106
1271 1396 1107
258 816 1108
1185 1742 1109
323 1557 1110
477 1624 1111
1203 1600 1112
726 1302 1113
170 421 1114
585 1635 1115
64 628 1116
325 1463 1117
613 963 1118
214 244 1119
1058 1275 1120
473 589 1121
888 911 1122
16 614 1123
180 523 1124
237 1278 1125
275 942 1126
323 616 1127
437 1566 1128
401 817 1129
1108 1343 1130
1147 1588 1131
149 1033 1132
623 875 1133
567 708 1134
430 958 1135
321 499 1136
700 1789 1137
1181 1745 1138
1027 1799 1139
604 1624 1140
1115 1391 1141
92 898 1142
214 494 1143
333 1121 1144
560 1625 1145
1038 1337 1146
203 1191 1147
68 811 1148
1368 1472 1149
106 175 1150
162 819 1151
203 716 1152
325 455 1153
360 761 1154
408 1079 1155
476 1329 1156
1255 1329 1157
403 1278 1158
455 1402 1159
687 1191 1160
302 1244 1161
539 944 1162
1051 1138 1163
62 149 1164
119 1721 1165
625 1075 1166
1211 1532 1167
6 495 1168
76 1369 1169
501 1679 1170
946 1624 1171
275 1832 1172
725 1826 1173
345 1752 1174
1004 1778 1175
277 1621 1176
336 1717 1177
69 557 1178
59 1624 1179
272 367 1180
594 846 1181
792 1624 1182
590 1838 1183
6 443 1184
864 1785 1185
15 360 1186
162 398 1187
1337 1833 1188
228 302 1189
335 1111 1190
617 1834 1191
321 835 1192
475 1472 1193
25 967 1194
175 1873 1195
203 1831 1196
455 819 1197
557 708 1198
495 1600 1199
762 1363 1200
874 1090 1201
468 533 1202
167 301 1203
453 877 1204
653 1723 1205
1064 1598 1206
783 846 1207
838 1265 1208
366 1509 1209
1491 1498 1210
62 214 1211
753 1369 1212
843 1218 1213
483 1349 1214
500 1885 1215
67 1178 1216
854 1779 1217
351 1686 1218
105 366 1219
63 1167 1220
491 798 1221
14 311 1222
259 1777 1223
131 775 1224
708 1332 1225
1285 1491 1226
491 1279 1227
1277 1589 1228
25 529 1229
526 1293 1230
265 610 1231
878 1723 1232
28 613 1233
320 428 1234
438 1765 1235
995 1102 1236
1278 1305 1237
567 1332 1238
576 1700 1239
1088 1760 1240
632 1051 1241
159 335 1242
64 763 1243
1027 1608 1244
100 455 1245
214 475 1246
908 1297 1247
87 94 1248
134 363 1249
185 1112 1250
1382 1641 1251
119 1469 1252
1625 1697 1253
208 1753 1254
993 1075 1255
271 1166 1256
588 681 1257
1396 1398 1258
898 1625 1259
1116 1641 1260
269 1819 1261
857 1817 1262
716 1291 1263
911 1569 1264
871 1495 1265
166 1824 1266
912 1003 1267
39 275 1268
57 1624 1269
560 1697 1270
747 1521 1271
119 1024 1272
186 814 1273
203 1788 1274
1064 1102 1275
715 1125 1276
881 1775 1277
1061 1661 1278
186 1474 1279
226 681 1280
631 1382 1281
205 1701 1282
236 325 1283
64 241 1284
712 1386 1285
1600 1823 1286
159 1599 1287
240 449 1288
323 657 1289
694 1717 1290
659 1381 1291
1275 1467 1292
677 1817 1293
5 1534 1294
59 898 1295
532 539 1296
136 354 1297
355 1201 1298
146 476 1299
740 1386 1300
476 1004 1301
320 1099 1302
822 1036 1303
843 1628 1304
937 1173 1305
373 1474 1306
214 1624 1307
133 1468 1308
149 1058 1309
674 1243 1310
691 1529 1311
912 1844 1312
735 1330 1313
482 860 1314
681 1610 1315
302 520 1316
1630 1886 1317
410 1607 1318
423 446 1319
589 1700 1320
242 855 1321
428 938 1322
486 1624 1323
1498 1640 1324
676 696 1325
799 1397 1326
1661 1708 1327
245 898 1328
356 503 1329
544 1565 1330
891 1618 1331
302 1421 1332
186 1453 1333
409 1266 1334
911 1601 1335
1529 1877 1336
843 1140 1337
21 1763 1338
1351 1473 1339
669 1277 1340
767 1416 1341
827 1655 1342
843 1870 1343
615 1044 1344
460 1333 1345
475 1075 1346
742 1198 1347
1121 1414 1348
1140 1529 1349
90 127 1350
282 1587 1351
323 446 1352
482 1402 1353
383 826 1354
807 1676 1355
361 1599 1356
1408 1642 1357
109 1555 1358
226 1640 1359
255 565 1360
149 1472 1361
379 807 1362
88 1187 1363
149 515 1364
1408 1484 1365
34 519 1366
295 1268 1367
258 510 1368
269 455 1369
317 1075 1370
681 1550 1371
556 1304 1372
560 786 1373
843 1103 1374
92 214 1375
529 1121 1376
122 1529 1377
733 1301 1378
1522 1531 1379
149 1297 1380
551 819 1381
592 1334 1382
69 674 1383
455 834 1384
1245 1337 1385
44 1192 1386
528 1529 1387
982 1480 1388
98 1037 1389
232 1361 1390
1467 1664 1391
92 755 1392
119 1705 1393
677 857 1394
943 1648 1395
863 1635 1396
1191 1224 1397
771 1327 1398
247 1575 1399
761 1235 1400
283 370 1401
57 1805 1402
506 1549 1403
78 886 1404
825 1449 1405
325 1152 1406
1217 1465 1407
335 1116 1408
1518 1529 1409
62 1801 1410
1111 1718 1411
674 1065 1412
366 1488 1413
1458 1571 1414
706 1777 1415
576 1590 1416
1019 1394 1417
1113 1729 1418
202 1237 1419
1325 1723 1420
258 407 1421
1507 1624 1422
865 1243 1423
1339 1688 1424
749 1266 1425
25 1334 1426
218 804 1427
548 677 1428
101 1808 1429
1195 1584 1430
423 657 1431
593 975 1432
893 1112 1433
174 989 1434
1428 1550 1435
908 1552 1436
1614 1635 1437
59 1697 1438
155 1501 1439
678 1402 1440
977 1472 1441
1428 1812 1442
162 1842 1443
633 1442 1444
1255 1491 1445
186 489 1446
238 871 1447
278 1472 1448
568 1429 1449
538 1219 1450
576 1081 1451
260 1398 1452
363 938 1453
30 1374 1454
455 551 1455
1178 1334 1456
1034 1111 1457
1630 1727 1458
1408 1555 1459
112 952 1460
1121 1424 1461
1121 1564 1462
494 1125 1463
699 981 1464
7 257 1465
162 938 1466
683 1315 1467
223 1071 1468
578 1406 1469
382 1529 1470
387 627 1471
785 1306 1472
1511 1805 1473
1312 1502 1474
203 1693 1475
1299 1354 1476
1640 1837 1477
769 1837 1478
367 528 1479
275 487 1480
468 747 1481
843 1681 1482
876 1620 1483
1122 1333 1484
1297 1398 1485
280 1734 1486
1549 1569 1487
84 1119 1488
582 1762 1489
648 1756 1490
1212 1658 1491
38 1279 1492
388 853 1493
6 638 1494
329 1266 1495
99 1051 1496
39 1102 1497
298 668 1498
1122 1524 1499
560 818 1500
682 1613 1501
482 991 1502
1472 1529 1503
186 490 1504
323 1028 1505
677 1133 1506
950 1582 1507
157 311 1508
355 615 1509
62 428 1510
789 939 1511
188 1295 1512
617 1061 1513
26 1011 1514
513 1695 1515
1245 1325 1516
398 800 1517
1465 1856 1518
44 716 1519
1178 1282 1520
1534 1622 1521
116 772 1522
1075 1112 1523
1374 1876 1524
84 788 1525
106 159 1526
39 184 1527
158 898 1528
96 295 1529
1116 1572 1530
665 788 1531
846 889 1532
1621 1842 1533
174 1379 1534
631 1449 1535
682 1135 1536
121 698 1537
556 1068 1538
749 1399 1539
893 1788 1540
1382 1654 1541
161 1234 1542
805 1415 1543
119 482 1544
25 1494 1545
855 1842 1546
10 1406 1547
186 1793 1548
601 1281 1549
1060 1063 1550
158 1842 1551
179 881 1552
983 1207 1553
317 349 1554
767 1116 1555
44 1584 1556
420 1723 1557
457 856 1558
747 1142 1559
44 745 1560
800 1842 1561
1348 1750 1562
1356 1465 1563
187 816 1564
485 813 1565
74 1353 1566
1209 1614 1567
1465 1881 1568
121 561 1569
287 728 1570
590 1684 1571
515 1248 1572
709 1807 1573
768 911 1574
144 1352 1575
398 938 1576
50 428 1577
1207 1524 1578
168 1519 1579
146 302 1580
444 1572 1581
609 1561 1582
59 1621 1583
921 1202 1584
1779 1872 1585
741 1868 1586
976 1242 1587
592 1516 1588
1178 1690 1589
237 1842 1590
242 1842 1591
279 1046 1592
64 1876 1593
842 1828 1594
73 313 1595
791 1752 1596
277 511 1597
583 681 1598
788 1119 1599
1118 1754 1600
1087 1116 1601
723 1883 1602
485 1176 1603
1319 1553 1604
543 1394 1605
792 1347 1606
34 517 1607
812 934 1608
146 1329 1609
159 1142 1610
171 1382 1611
737 1644 1612
1009 1084 1613
189 258 1614
1596 1864 1615
204 1837 1616
1183 1408 1617
1783 1842 1618
1357 1633 1619
362 1796 1620
587 1673 1621
628 747 1622
844 882 1623
860 1614 1624
170 219 1625
445 1680 1626
475 792 1627
765 988 1628
26 550 1629
887 1616 1630
1116 1503 1631
614 1567 1632
594 1614 1633
747 1831 1634
1059 1519 1635
540 1091 1636
746 1116 1637
853 1305 1638
716 947 1639
781 1210 1640
195 1792 1641
898 1357 1642
1477 1511 1643
191 1476 1644
616 846 1645
1340 1596 1646
214 277 1647
232 441 1648
381 517 1649
1206 1687 1650
353 1219 1651
898 1703 1652
747 1342 1653
335 1254 1654
539 1356 1655
898 1754 1656
1156 1821 1657
1220 1455 1658
1600 1706 1659
477 849 1660
547 800 1661
556 1172 1662
144 1462 1663
446 616 1664
493 1322 1665
1727 1827 1666
92 863 1667
64 1064 1668
73 1061 1669
819 1576 1670
1463 1819 1671
1026 1807 1672
1579 1814 1673
898 1002 1674
152 1800 1675
26 1347 1676
26 137 1677
137 750 1678
280 685 1679
1291 1799 1680
575 833 1681
1223 1723 1682
244 1882 1683
298 572 1684
292 306 1685
11 838 1686
159 1478 1687
493 868 1688
1052 1782 1689
352 1133 1690
398 681 1691
874 1732 1692
1260 1726 1693
105 1581 1694
1174 1619 1695
1178 1862 1696
1560 1640 1697
517 1016 1698
1031 1562 1699
1304 1446 1700
834 1020 1701
473 1700 1702
480 554 1703
256 1020 1704
635 843 1705
56 143 1706
242 898 1707
455 1809 1708
651 1150 1709
38 491 1710
119 354 1711
665 1279 1712
59 852 1713
626 1184 1714
1371 1403 1715
66 918 1716
626 792 1717
9 1516 1718
931 1116 1719
682 750 1720
1376 1511 1721
609 938 1722
862 1313 1723
128 999 1724
402 777 1725
666 1660 1726
1238 1425 1727
594 889 1728
717 1129 1729
1285 1837 1730
258 1709 1731
534 1689 1732
1376 1393 1733
903 1888 1734
414 1048 1735
777 793 1736
1297 1392 1737
513 1862 1738
149 1828 1739
1714 1731 1740
943 1649 1741
238 930 1742
59 576 1743
469 1197 1744
939 1007 1745
559 1614 1746
961 1143 1747
620 1507 1748
1140 1408 1749
853 1319 1750
706 842 1751
723 1318 1752
688 1360 1753
211 634 1754
622 1716 1755
1343 1379 1756
444 1322 1757
1132 1828 1758
329 706 1759
442 483 1760
149 1562 1761
316 1552 1762
1169 1297 1763
1398 1500 1764
604 1773 1765
615 1507 1766
26 86 1767
651 1292 1768
716 1436 1769
1674 1711 1770
256 482 1771
1000 1773 1772
78 246 1773
851 1511 1774
681 1255 1775
26 1236 1776
1441 1865 1777
711 1335 1778
1449 1545 1779
862 868 1780
1614 1882 1781
13 1138 1782
893 1822 1783
1393 1426 1784
106 747 1785
1024 1828 1786
914 1727 1787
791 1520 1788
92 409 1789
1319 1580 1790
163 310 1791
106 325 1792
55 1472 1793
716 1190 1794
747 1520 1795
1017 1809 1796
51 270 1797
1058 1823 1798
57 541 1799
521 1051 1800
238 1043 1801
681 1562 1802
70 201 1803
853 968 1804
22 881 1805
1438 1708 1806
456 582 1807
615 1174 1808
834 1538 1809
39 1202 1810
274 1815 1811
638 1726 1812
933 1064 1813
1116 1246 1814
1535 1693 1815
44 106 1816
187 814 1817
452 1117 1818
542 1450 1819
1121 1743 1820
1562 1788 1821
6 64 1822
294 1121 1823
1240 1246 1824
1015 1173 1825
1151 1816 1826
261 1380 1827
579 1554 1828
858 1435 1829
250 1032 1830
687 1322 1831
701 1174 1832
73 701 1833
6 486 1834
161 1396 1835
493 1313 1836
1195 1503 1837
591 1107 1838
604 1071 1839
386 1245 1840
1704 1828 1841
819 1382 1842
94 1133 1843
591 1767 1844
1029 1124 1845
1664 1706 1846
386 1309 1847
797 1617 1848
184 527 1849
415 834 1850
1292 1297 1851
1058 1467 1852
896 1762 1853
1431 1463 1854
1805 1828 1855
727 1356 1856
6 681 1857
568 1254 1858
1297 1350 1859
323 612 1860
372 1050 1861
325 652 1862
723 974 1863
1058 1203 1864
260 1262 1865
277 1145 1866
781 861 1867
1053 1094 1868
1373 1699 1869
1529 1862 1870
59 1625 1871
777 1255 1872
392 986 1873
911 1627 1874
991 1136 1875
85 1359 1876
277 1317 1877
555 1874 1878
1694 1752 1879
1163 1881 1880
8 320 1881
639 1068 1882
1378 1383 1883
608 786 1884
842 1594 1885
853 1097 1886
256 513 1887
790 905 1888
820 827 1889
1553 1650 1890
215 766 1891
224 277 1892
1169 1234 1893
102 747 1894
451 1025 1895
439 774 1896
309 792 1897
692 1471 1898
575 834 1899
1203 1706 1900
1080 1465 1901
1538 1828 1902
146 681 1903
293 716 1904
404 749 1905
529 1592 1906
657 846 1907
1105 1567 1908
107 1063 1909
612 657 1910
633 1503 1911
842 1266 1912
673 693 1913
920 1219 1914
946 966 1915
695 1544 1916
137 797 1917
332 1119 1918
533 1521 1919
672 1174 1920
689 1670 1921
1049 1538 1922
174 1387 1923
1499 1665 1924
1136 1469 1925
213 396 1926
326 1603 1927
259 842 1928
468 764 1929
1121 1141 1930
1602 1778 1931
1156 1890 1932
1223 1614 1933
1503 1599 1934
591 1222 1935
750 1722 1936
199 1071 1937
1116 1312 1938
330 1574 1939
747 1478 1940
918 1828 1941
965 1614 1942
1654 1671 1943
102 159 1944
244 1829 1945
898 1729 1946
26 792 1947
270 792 1948
325 1300 1949
475 1822 1950
967 1592 1951
1103 1408 1952
64 1382 1953
608 979 1954
1482 1596 1955
482 1136 1956
486 1382 1957
935 970 1958
406 1194 1959
226 1329 1960
552 1022 1961
1472 1727 1962
349 1542 1963
769 1521 1964
1334 1828 1965
213 1236 1966
837 1842 1967
1329 1812 1968
1326 1868 1969
1047 1819 1970
792 1240 1971
780 1828 1972
233 1868 1973
1398 1552 1974
1463 1537 1975
160 1844 1976
784 1624 1977
1058 1110 1978
862 1322 1979
1400 1614 1980
78 853 1981
508 1492 1982
1252 1402 1983
107 860 1984
238 1358 1985
923 1489 1986
244 640 1987
681 1788 1988
136 735 1989
47 1170 1990
327 1352 1991
319 842 1992
866 1423 1993
1062 1114 1994
1132 1322 1995
164 1876 1996
1329 1550 1997
66 1704 1998
644 1132 1999
149 681 2000
797 1089 2001
842 1200 2002
1201 1507 2003
34 1257 2004
860 991 2005
471 1214 2006
36 1825 2007
495 1664 2008
401 496 2009
504 1781 2010
1060 1072 2011
884 960 2012
1275 1823 2013
1764 1868 2014
801 975 2015
849 1432 2016
1837 1856 2017
3 957 2018
1292 1583 2019
792 1875 2020
642 1796 2021
908 1847 2022
744 1868 2023
187 813 2024
244 528 2025
281 1401 2026
244 1841 2027
403 1411 2028
1365 1392 2029
66 780 2030
1665 1862 2031
582 1288 2032
638 1104 2033
263 1697 2034
923 1577 2035
17 705 2036
115 923 2037
684 1123 2038
923 1511 2039
582 1480 2040
244 549 2041
779 1157 2042
604 1334 2043
1325 1405 2044
405 1350 2045
747 1294 2046
207 1471 2047
156 1033 2048
173 1657 2049
1410 1849 2050
582 643 2051
649 1057 2052
666 792 2053
92 935 2054
784 1472 2055
1382 1499 2056
1006 1828 2057
697 1203 2058
773 829 2059
1654 1836 2060
1329 1562 2061
200 1035 2062
716 1799 2063
1085 1868 2064
150 482 2065
800 1629 2066
1105 1469 2067
1334 1809 2068
423 594 2069
792 1300 2070
1799 1840 2071
1013 1307 2072
1583 1830 2073
309 945 2074
1375 1665 2075
831 1828 2076
692 1352 2077
862 1585 2078
117 1379 2079
1105 1705 2080
1471 1593 2081
1003 1336 2082
551 935 2083
675 1427 2084
107 1681 2085
354 1511 2086
580 657 2087
607 1801 2088
933 1799 2089
1352 1435 2090
413 979 2091
665 1654 2092
707 1123 2093
734 1273 2094
159 1310 2095
635 1408 2096
149 792 2097
1662 1828 2098
26 1089 2099
745 1609 2100
1085 1174 2101
1788 1822 2102
842 1165 2103
1783 1784 2104
1828 1868 2105
177 842 2106
4 703 2107
801 1730 2108
403 1302 2109
1123 1193 2110
1635 1729 2111
1284 1538 2112
1402 1538 2113
393 1082 2114
583 1629 2115
1319 1423 2116
594 1557 2117
1435 1471 2118
638 1479 2119
760 1600 2120
1360 1423 2121
1475 1830 2122
58 1580 2123
681 786 2124
515 1702 2125
834 1131 2126
947 1503 2127
1667 1868 2128
948 1356 2129
262 1615 2130
242 1221 2131
750 1236 2132
819 1131 2133
1538 1809 2134
160 201 2135
1136 1439 2136
575 1352 2137
792 1869 2138
1232 1511 2139
849 940 2140
671 746 2141
1116 1508 2142
968 991 2143
1695 1809 2144
6 1822 2145
2 792 2146
1352 1404 2147
1398 1847 2148
1609 1868 2149
1297 1755 2150
1398 1755 2151
251 403 2152
747 1382 2153
832 947 2154
695 1329 2155
646 1508 2156
837 1755 2157
1216 1439 2158
126 1334 2159
453 1508 2160
1300 1322 2161
385 1094 2162
450 1193 2163
935 1140 2164
137 213 2165
3 27 2166
239 316 2167
790 1055 2168
718 1062 2169
792 859 2170
1085 1617 2171
1352 1496 2172
1580 1650 2173
675 702 2174
1159 1580 2175
615 784 2176
1280 1420 2177
207 1352 2178
1105 1436 2179
902 1402 2180
924 1452 2181
947 1291 2182
172 1011 2183
619 1799 2184
1001 1664 2185
1423 1539 2186
675 802 2187
943 1503 2188
948 1228 2189
1375 1561 2190
1047 1837 2191
516 1144 2192
592 1862 2193
1040 1352 2194
1058 1827 2195
940 956 2196
1412 1508 2197
637 837 2198
1583 1772 2199
681 1830 2200
1179 1822 2201
1116 1474 2202
78 521 2203
429 1021 2204
923 1696 2205
1057 1595 2206
48 713 2207
404 842 2208
1475 1723 2209
477 956 2210
506 1400 2211
1352 1670 2212
687 1499 2213
1275 1706 2214
682 1472 2215
606 842 2216
812 1609 2217
881 968 2218
1188 1609 2219
573 1049 2220
650 1398 2221
1255 1799 2222
1822 1868 2223
391 1656 2224
551 1225 2225
1251 1830 2226
1095 1562 2227
569 1868 2228
747 1654 2229
1228 1719 2230
649 919 2231
687 1310 2232
1352 1672 2233
747 1310 2234
1329 1629 2235
113 1822 2236
160 1580 2237
303 1267 2238
689 1806 2239
1196 1352 2240
1060 1681 2241
954 1186 2242
1352 1452 2243
1340 1475 2244
1452 1828 2245
1452 1471 2246
1595 1738 2247
870 1331 2248
1123 1423 2249
474 736 2250
1396 1847 2251
905 1055 2252
1017 1696 2253
1131 1671 2254
1580 1828 2255
1123 1580 2256
1131 1382 2257
1085 1715 2258
1058 1706 2259
592 784 2260
193 1591 2261
649 687 2262
658 1392 2263
687 769 2264
718 1105 2265
953 1720 2266
1517 1780 2267
787 1171 2268
1538 1758 2269
747 1861 2270
626 1259 2271
1131 1836 2272
815 1094 2273
1505 1514 2274
1189 1670 2275
1228 1828 2276
837 1392 2277
20 190 2278
684 707 2279
1736 1746 2280
551 1047 2281
551 968 2282
1372 1425 2283
482 1047 2284
1116 1862 2285
1675 1791 2286
853 1047 2287
1552 1847 2288
815 1875 2289
1382 1608 2290
1609 1702 2291
1625 1691 2292
594 612 2293
1300 1436 2294
569 1780 2295
658 1755 2296
964 1481 2297
1499 1654 2298
471 1039 2299
823 920 2300
582 1433 2301
902 1049 2302
1758 1862 2303
149 1131 2304
1695 1696 2305
930 1039 2306
849 956 2307
1189 1806 2308
1272 1787 2309
1060 1216 2310
902 1702 2311
1400 1408 2312
1105 1471 2313
957 1400 2314
1153 1423 2315
1425 1724 2316
635 1484 2317
1005 1862 2318
592 1518 2319
900 1300 2320
1452 1459 2321
49 190 2322
747 947 2323
1296 1862 2324
652 1490 2325
111 1189 2326
681 695 2327
1039 1141 2328
1154 1352 2329
1247 1861 2330
611 1862 2331
1276 1862 2332
190 1300 2333
1250 1300 2334
652 1452 2335
1259 1382 2336
635 784 2337
1014 1647 2338
570 1039 2339
784 792 2340
872 1300 2341
1259 1609 2342
1543 1862 2343
713 1549 2344
1782 1822 2345
569 776 2346
809 1328 2347
738 1876 2348
821 860 2349
1617 1769 2350
738 1131 2351
1755 1813 2352
842 1399 2353
1300 1818 2354
815 1053 2355
716 1259 2356
649 1300 2357
661 1095 2358
1259 1470 2359
932 940 2360
933 1508 2361
951 1862 2362
1274 1696 2363
1366 1400 2364
1392 1530 2365
1392 1847 2366
1134 1576 2367
1553 1580 2368
667 1461 2369
925 1514 2370
1400 1643 2371
1475 1853 2372
687 716 2373
920 1328 2374
1392 1398 2375
1475 1547 2376
1347 1769 2377
941 1862 2378
948 1039 2379
1272 1746 2380
1032 1452 2381
1047 1133 2382
1259 1547 2383
1215 1853 2384
1352 1490 2385
1518 1758 2386
1329 1829 2387
1251 1464 2388
935 1132 2389
1095 1157 2390
1251 1631 2391
687 1508 2392
661 1608 2393
713 1136 2394
645 1862 2395
901 1274 2396
1267 1300 2397
1861 1879 2398
784 1103 2399
947 1300 2400
902 905 2401
713 1569 2402
1049 1518 2403
1400 1451 2404
635 1236 2405
738 1563 2406
569 1355 2407
848 1186 2408
1039 1586 2409
796 1517 2410
1608 1866 2411
1375 1471 2412
736 1039 2413
782 1646 2414
1186 1512 2415
899 902 2416
1152 1352 2417
1530 1755 2418
815 954 2419
909 1862 2420
1049 1862 2421
815 1186 2422
1518 1802 2423
1039 1043 2424
566 1490 2425
1086 1559 2426
1254 1508 2427
743 1608 2428
747 1300 2429
1233 1400 2430
649 1259 2431
687 1259 2432
1086 1595 2433
687 1256 2434
1005 1518 2435
1154 1806 2436
1105 1114 2437
788 1799 2438
1228 1586 2439
635 1507 2440
1039 1514 2441
1215 1475 2442
784 1367 2443
687 1342 2444
1095 1100 2445
650 713 2446
738 1696 2447
792 1822 2448
862 1300 2449
687 1436 2450
1047 1609 2451
713 1241 2452
951 1518 2453
1105 1878 2454
902 1413 2455
1154 1300 2456
1228 1499 2457
1095 1114 2458
1508 1654 2459
682 784 2460
687 1867 2461
1047 1408 2462
1608 1685 2463
713 1597 2464
1116 1868 2465
611 1518 2466
1608 1878 2467
1259 1654 2468
661 1871 2469
1604 1608 2470
713 1066 2471
909 1518 2472
713 935 2473
792 1075 2474
713 837 2475
1296 1518 2476
1300 1425 2477
1518 1685 2478
687 947 2479
687 738 2480
687 689 2481
687 808 2482
661 663 2483
792 1131 2484
687 1300 2485
687 1320 2486
687 1799 2487
747 1131 2488
853 1799 2489
1131 1259 2490
1259 1300 2491
