522 630 1
522 752 2
522 1860 3
183 1444 4
522 1120 5
483 1349 6
630 752 7
395 1504 8
395 1860 9
522 1504 10
491 1279 11
630 1120 12
395 522 13
630 1860 14
752 1120 15
752 1860 16
739 804 17
395 630 18
1120 1860 19
142 308 20
630 1504 21
752 1504 22
38 1279 23
395 752 24
395 1120 25
399 804 26
700 1789 27
996 1708 28
1120 1504 29
183 1349 30
334 1651 31
1504 1860 32
38 491 33
308 1540 34
630 1798 35
804 1493 36
119 1805 37
395 1798 38
522 1798 39
142 334 40
334 636 41
555 1391 42
739 1493 43
804 1707 44
1115 1391 45
198 1540 46
142 636 47
1120 1798 48
166 395 49
739 1707 50
660 1391 51
660 1115 52
804 1749 53
752 1798 54
356 806 55
217 1707 56
300 525 57
61 300 58
557 1474 59
1088 1713 60
1493 1749 61
1661 1708 62
1798 1860 63
1504 1798 64
1707 1749 65
254 636 66
996 1834 67
525 1422 68
739 1749 69
254 1540 70
714 768 71
749 1200 72
259 749 73
356 483 74
319 749 75
342 962 76
399 1707 77
308 636 78
628 1409 79
911 1027 80
636 1651 81
254 308 82
804 1614 83
308 334 84
996 1168 85
1283 1753 86
142 1651 87
171 807 88
618 1283 89
714 888 90
700 806 91
749 1594 92
198 1651 93
379 807 94
996 1061 95
507 810 96
311 827 97
217 804 98
628 729 99
311 1567 100
217 1493 101
198 254 102
768 888 103
45 1056 104
308 581 105
60 628 106
397 1707 107
617 1834 108
290 1056 109
397 804 110
334 1067 111
1168 1661 112
319 329 113
1661 1834 114
5 1668 115
48 368 116
484 1422 117
198 1137 118
334 581 119
395 885 120
574 1108 121
329 1200 122
617 1168 123
1614 1635 124
171 468 125
641 1883 126
197 1883 127
48 260 128
558 1187 129
874 1732 130
311 1469 131
751 1777 132
259 329 133
637 962 134
1061 1661 135
217 739 136
5 1534 137
557 1253 138
254 305 139
628 1430 140
199 756 141
390 1622 142
1493 1707 143
254 1137 144
308 1651 145
1353 1526 146
491 798 147
1096 1614 148
57 475 149
546 798 150
628 1611 151
31 1883 152
329 1594 153
888 911 154
1491 1640 155
73 1061 156
135 1883 157
147 749 158
208 1023 159
342 637 160
442 483 161
628 1353 162
642 1026 163
397 1493 164
617 1061 165
248 555 166
319 842 167
749 751 168
767 1416 169
311 917 170
568 1416 171
807 1676 172
166 1824 173
176 497 174
628 1526 175
739 1614 176
1668 1771 177
218 804 178
311 1655 179
331 767 180
208 1753 181
1389 1390 182
679 810 183
218 1493 184
810 1213 185
45 290 186
171 1323 187
888 962 188
60 729 189
331 568 190
581 636 191
581 1651 192
1108 1230 193
1682 1723 194
106 159 195
145 618 196
267 354 197
810 1108 198
962 1652 199
308 1067 200
557 1084 201
1108 1713 202
75 1185 203
907 1253 204
132 311 205
810 1761 206
1030 1460 207
12 1753 208
171 586 209
1528 1713 210
1409 1611 211
440 1519 212
147 1777 213
830 962 214
311 1705 215
665 1279 216
366 1488 217
568 1429 218
87 1155 219
871 1495 220
1541 1797 221
1400 1614 222
507 1108 223
892 1713 224
120 1389 225
636 1067 226
60 1353 227
333 720 228
440 1546 229
119 354 230
488 1541 231
864 1753 232
714 1753 233
178 883 234
304 1753 235
768 1283 236
768 1753 237
1108 1528 238
1614 1749 239
105 366 240
165 715 241
959 1185 242
74 1353 243
12 129 244
135 1073 245
171 665 246
574 1713 247
1713 1889 248
874 1090 249
214 475 250
1493 1614 251
1614 1707 252
214 428 253
664 720 254
145 1753 255
507 1008 256
333 1121 257
399 739 258
926 1377 259
259 842 260
729 1353 261
48 1491 262
877 1723 263
639 1068 264
171 364 265
260 1640 266
1061 1768 267
59 1027 268
319 1777 269
706 1777 270
171 1187 271
287 728 272
571 763 273
706 749 274
723 1883 275
1534 1622 276
842 1594 277
366 1509 278
810 1088 279
368 1640 280
642 1796 281
1126 1546 282
135 318 283
507 1088 284
227 254 285
723 1073 286
329 1266 287
571 987 288
275 1832 289
484 892 290
227 308 291
174 1379 292
305 1540 293
590 1838 294
362 1796 295
906 1529 296
198 305 297
590 1684 298
342 1753 299
768 1096 300
842 1200 301
356 503 302
1185 1495 303
436 686 304
973 1669 305
73 701 306
1652 1753 307
147 751 308
214 1624 309
1185 1742 310
1231 1713 311
90 1369 312
962 1205 313
1027 1491 314
1448 1669 315
436 656 316
620 906 317
1027 1753 318
763 987 319
1713 1761 320
61 135 321
715 1125 322
422 1546 323
92 585 324
349 1542 325
259 1777 326
397 399 327
518 1725 328
684 707 329
69 557 330
214 1027 331
222 728 332
305 308 333
473 589 334
88 1187 335
198 308 336
1200 1777 337
1325 1723 338
83 1844 339
1253 1506 340
329 751 341
436 1261 342
304 962 343
1088 1108 344
92 214 345
260 1396 346
318 1795 347
40 1753 348
679 1108 349
998 1180 350
1438 1708 351
198 581 352
557 1041 353
843 1183 354
246 1346 355
560 1027 356
1088 1528 357
1088 1760 358
1299 1354 359
48 1640 360
252 411 361
57 1805 362
267 1678 363
799 1397 364
1669 1858 365
46 1453 366
680 1185 367
217 1614 368
1669 1739 369
147 329 370
754 907 371
888 1753 372
1162 1541 373
60 1611 374
475 486 375
637 830 376
1594 1777 377
196 366 378
914 1727 379
507 1761 380
555 1874 381
989 1387 382
1185 1311 383
908 1494 384
162 1842 385
714 1096 386
424 541 387
342 830 388
1456 1852 389
368 1396 390
248 524 391
873 1185 392
57 541 393
317 349 394
538 1798 395
574 1230 396
440 1126 397
332 1119 398
1230 1713 399
48 1494 400
74 628 401
888 1096 402
1027 1799 403
40 129 404
475 1472 405
171 1521 406
277 1317 407
147 842 408
384 411 409
83 912 410
791 1752 411
92 1113 412
706 842 413
258 1453 414
723 1795 415
988 1816 416
158 1842 417
830 864 418
679 1088 419
149 1472 420
912 1844 421
464 1710 422
830 1652 423
893 1822 424
1088 1761 425
749 1399 426
368 1494 427
92 863 428
214 772 429
79 194 430
1119 1533 431
311 756 432
363 912 433
199 311 434
709 1807 435
57 1624 436
323 423 437
1525 1776 438
654 1889 439
763 882 440
342 864 441
305 1137 442
48 1776 443
87 199 444
519 680 445
556 1304 446
1519 1546 447
224 277 448
519 1311 449
92 1027 450
199 917 451
729 1855 452
749 1266 453
119 1469 454
258 816 455
308 621 456
684 1123 457
129 1753 458
1612 1713 459
1026 1807 460
1108 1889 461
799 952 462
70 201 463
827 1655 464
585 620 465
145 1283 466
688 1360 467
464 1805 468
203 1030 469
64 628 470
898 1027 471
149 1753 472
1573 1795 473
391 1656 474
571 765 475
614 1567 476
174 989 477
817 1073 478
267 464 479
359 1713 480
151 305 481
754 1506 482
1147 1588 483
397 1749 484
1121 1424 485
1396 1640 486
59 560 487
354 1678 488
198 621 489
76 1369 490
830 1753 491
995 1102 492
990 1525 493
92 898 494
354 1805 495
694 1717 496
1551 1723 497
132 827 498
836 1713 499
189 258 500
754 1253 501
101 1808 502
119 1567 503
843 916 504
268 682 505
48 1396 506
506 1614 507
973 1653 508
304 830 509
654 1108 510
928 1713 511
278 311 512
399 1749 513
580 657 514
130 988 515
531 1323 516
311 1601 517
557 828 518
724 1863 519
14 311 520
178 1180 521
184 527 522
497 1054 523
1343 1713 524
345 1128 525
132 1655 526
654 1713 527
174 1387 528
1199 1546 529
48 316 530
180 275 531
304 342 532
345 1752 533
647 1753 534
751 1266 535
529 1121 536
962 1753 537
284 1570 538
363 938 539
316 368 540
258 510 541
351 1753 542
753 1369 543
419 682 544
1109 1723 545
1121 1743 546
585 906 547
284 843 548
186 489 549
45 1183 550
912 1003 551
159 1599 552
1130 1568 553
205 1701 554
1155 1298 555
1321 1851 556
87 756 557
1343 1379 558
1027 1297 559
455 819 560
539 1356 561
1019 1394 562
55 1472 563
87 94 564
468 533 565
159 1478 566
1073 1735 567
1121 1141 568
149 1058 569
277 1621 570
94 199 571
1783 1784 572
498 1070 573
1108 1231 574
1364 1659 575
413 979 576
811 830 577
690 1723 578
751 842 579
584 958 580
186 1453 581
1269 1354 582
59 92 583
584 946 584
820 827 585
1465 1856 586
258 512 587
248 557 588
781 1210 589
1247 1861 590
475 1822 591
1266 1777 592
448 915 593
556 1172 594
927 1717 595
64 763 596
654 1761 597
399 1614 598
946 966 599
260 1234 600
1515 1659 601
110 682 602
258 407 603
89 971 604
770 1727 605
425 1038 606
234 799 607
171 1382 608
532 539 609
185 1112 610
304 637 611
1223 1723 612
1341 1354 613
277 1145 614
267 1805 615
94 756 616
117 1379 617
464 1678 618
159 1142 619
329 706 620
419 1135 621
321 840 622
1783 1842 623
52 1070 624
497 1092 625
380 978 626
403 1411 627
89 1362 628
1121 1564 629
79 467 630
368 1271 631
435 980 632
359 1612 633
214 277 634
388 1341 635
277 511 636
560 1700 637
707 1123 638
756 917 639
106 171 640
203 767 641
323 580 642
706 751 643
59 1278 644
1027 1555 645
17 275 646
559 1614 647
92 409 648
501 1679 649
637 1652 650
888 1614 651
594 1614 652
1442 1599 653
538 1692 654
757 1578 655
73 313 656
1027 1549 657
308 1137 658
1205 1753 659
557 1506 660
34 517 661
52 498 662
260 1494 663
1059 1519 664
605 1112 665
557 1472 666
39 275 667
869 1713 668
1396 1491 669
803 1525 670
304 1652 671
336 1717 672
1083 1556 673
556 1068 674
585 1466 675
186 1474 676
585 1774 677
597 992 678
682 1613 679
1861 1879 680
432 994 681
977 1472 682
1245 1325 683
304 1839 684
401 496 685
76 90 686
102 159 687
1113 1729 688
403 428 689
560 898 690
354 464 691
1108 1343 692
621 1137 693
79 1636 694
1639 1833 695
435 1728 696
1325 1682 697
118 1753 698
500 629 699
1128 1694 700
321 993 701
134 363 702
311 603 703
877 1551 704
1578 1723 705
1088 1343 706
192 1776 707
1626 1713 708
176 730 709
844 882 710
1042 1083 711
435 1639 712
1465 1881 713
199 1155 714
435 1337 715
1794 1851 716
448 1573 717
929 1713 718
1694 1752 719
433 538 720
388 1269 721
1337 1639 722
186 490 723
251 811 724
843 1570 725
538 1219 726
343 1713 727
1304 1446 728
404 749 729
1042 1556 730
318 1573 731
335 1030 732
1056 1555 733
768 911 734
560 1278 735
992 1653 736
1075 1112 737
615 1044 738
980 1337 739
1195 1584 740
568 1254 741
463 983 742
877 997 743
68 830 744
90 127 745
1121 1414 746
843 1218 747
311 779 748
637 1753 749
1614 1882 750
625 1112 751
791 1520 752
1174 1619 753
39 184 754
125 1513 755
136 354 756
232 1361 757
295 1268 758
445 1680 759
911 1725 760
892 1343 761
608 786 762
486 1624 763
723 974 764
249 1851 765
149 428 766
388 1354 767
864 1652 768
892 1848 769
608 979 770
609 938 771
235 1112 772
59 576 773
284 1183 774
765 882 775
1472 1727 776
468 747 777
258 1709 778
1078 1803 779
361 1599 780
68 811 781
121 561 782
1368 1472 783
497 730 784
19 843 785
170 219 786
203 1460 787
368 1234 788
763 765 789
1056 1183 790
560 1314 791
3 27 792
637 1205 793
492 1832 794
159 807 795
723 1573 796
1446 1713 797
260 1262 798
843 1870 799
654 1230 800
110 268 801
84 1119 802
842 1399 803
978 1417 804
79 231 805
179 311 806
803 1776 807
1498 1640 808
387 627 809
1123 1193 810
1385 1713 811
756 1298 812
37 64 813
62 214 814
628 747 815
843 1408 816
323 616 817
543 1394 818
323 594 819
430 584 820
151 1137 821
864 962 822
843 1628 823
242 560 824
1156 1890 825
278 879 826
262 1615 827
500 1779 828
214 244 829
1137 1388 830
526 1175 831
765 987 832
920 1219 833
997 1723 834
843 1642 835
1723 1857 836
1513 1859 837
425 1639 838
557 669 839
119 482 840
78 886 841
461 1851 842
435 1833 843
557 708 844
1562 1788 845
965 1614 846
539 944 847
533 1521 848
260 316 849
48 1552 850
342 1652 851
840 1112 852
1098 1417 853
756 1155 854
629 854 855
186 512 856
403 1027 857
1485 1753 858
149 1819 859
92 1614 860
203 1584 861
275 1874 862
203 1693 863
1395 1753 864
90 753 865
990 1776 866
1140 1529 867
1398 1491 868
714 1614 869
59 898 870
244 1882 871
613 963 872
846 1027 873
1630 1727 874
726 1302 875
1398 1640 876
1069 1070 877
311 710 878
1156 1821 879
139 662 880
453 877 881
1151 1816 882
842 1777 883
653 1723 884
765 988 885
898 1754 886
1678 1805 887
203 1831 888
518 911 889
1183 1570 890
288 1137 891
139 502 892
165 494 893
16 614 894
21 1763 895
232 441 896
214 494 897
757 1682 898
186 1793 899
203 1788 900
325 1027 901
1513 1735 902
91 615 903
203 1191 904
100 455 905
1003 1336 906
1441 1865 907
186 407 908
1360 1423 909
149 1131 910
1491 1498 911
1102 1832 912
475 1419 913
1027 1729 914
929 1108 915
294 1121 916
612 846 917
157 311 918
321 499 919
665 788 920
502 662 921
1596 1723 922
33 1587 923
62 1801 924
884 960 925
682 1135 926
865 1243 927
130 1816 928
492 1177 929
1624 1753 930
599 1726 931
867 1027 932
1051 1745 933
260 1552 934
701 1174 935
785 1306 936
425 1337 937
105 1581 938
368 1552 939
119 1721 940
121 698 941
528 1147 942
898 1357 943
1630 1886 944
242 898 945
78 1525 946
238 871 947
574 1626 948
94 1298 949
311 1344 950
423 657 951
450 1193 952
1027 1255 953
1192 1718 954
1217 1465 955
311 1625 956
226 1491 957
323 446 958
39 1102 959
843 1846 960
323 1557 961
1149 1573 962
730 1054 963
22 311 964
87 311 965
475 937 966
609 1561 967
1357 1633 968
3 957 969
750 1135 970
1176 1624 971
538 1759 972
214 769 973
288 308 974
423 594 975
1278 1305 976
620 1786 977
725 1316 978
1578 1682 979
214 714 980
747 1521 981
878 1723 982
112 952 983
957 1400 984
92 755 985
168 1519 986
767 1116 987
260 908 988
781 861 989
1621 1842 990
311 1560 991
321 1112 992
1329 1562 993
604 1334 994
309 945 995
136 735 996
244 1829 997
591 1107 998
620 913 999
893 1447 1000
497 1457 1001
616 846 1002
325 678 1003
911 1627 1004
409 1266 1005
373 1474 1006
39 1202 1007
1456 1811 1008
430 958 1009
298 668 1010
159 221 1011
214 403 1012
239 311 1013
203 716 1014
311 1155 1015
506 1400 1016
620 1744 1017
46 602 1018
594 1557 1019
1233 1400 1020
92 1805 1021
672 1174 1022
1229 1417 1023
601 1281 1024
838 1265 1025
526 1293 1026
323 612 1027
368 1776 1028
1410 1849 1029
149 1027 1030
251 403 1031
376 505 1032
842 1266 1033
304 864 1034
674 1065 1035
1038 1728 1036
513 1695 1037
1147 1314 1038
84 788 1039
119 1705 1040
160 1844 1041
864 1027 1042
691 1529 1043
401 817 1044
311 837 1045
830 1205 1046
323 1028 1047
34 519 1048
325 381 1049
8 320 1050
104 1653 1051
149 1297 1052
403 1278 1053
338 1713 1054
1027 1226 1055
11 838 1056
321 835 1057
325 455 1058
1027 1562 1059
48 713 1060
282 1587 1061
122 1529 1062
485 1176 1063
116 772 1064
216 400 1065
560 818 1066
1753 1850 1067
637 864 1068
1191 1788 1069
427 893 1070
468 764 1071
1027 1837 1072
1176 1587 1073
79 615 1074
64 241 1075
1339 1688 1076
732 1723 1077
778 1027 1078
800 1842 1079
186 814 1080
206 338 1081
1064 1598 1082
927 1551 1083
1027 1209 1084
1329 1829 1085
528 1027 1086
351 1686 1087
425 435 1088
476 681 1089
1260 1726 1090
6 893 1091
900 1027 1092
351 647 1093
203 1312 1094
486 1382 1095
1374 1876 1096
244 528 1097
560 577 1098
560 1562 1099
911 1601 1100
408 1079 1101
28 613 1102
358 765 1103
946 1027 1104
1529 1753 1105
576 1590 1106
242 855 1107
1324 1498 1108
368 908 1109
64 1876 1110
585 913 1111
742 1198 1112
140 895 1113
376 1264 1114
342 1205 1115
494 1249 1116
1560 1640 1117
280 1734 1118
1027 1862 1119
311 1285 1120
476 1812 1121
578 1406 1122
260 1271 1123
560 794 1124
25 967 1125
151 1388 1126
237 1278 1127
409 1164 1128
44 1584 1129
119 1024 1130
459 620 1131
779 1027 1132
1209 1614 1133
769 1521 1134
188 1295 1135
854 1779 1136
6 495 1137
860 1614 1138
1400 1643 1139
158 898 1140
325 1463 1141
317 1075 1142
560 1633 1143
608 1412 1144
1010 1713 1145
1522 1531 1146
173 1657 1147
348 895 1148
320 1099 1149
137 213 1150
432 1198 1151
509 838 1152
723 1318 1153
860 1027 1154
1223 1614 1155
1027 1485 1156
560 850 1157
560 1625 1158
238 1358 1159
341 1027 1160
494 847 1161
757 927 1162
893 1351 1163
10 1406 1164
1255 1491 1165
48 1398 1166
1321 1794 1167
72 275 1168
311 1158 1169
81 955 1170
494 1125 1171
887 1616 1172
280 685 1173
164 1876 1174
428 1027 1175
521 1051 1176
1060 1072 1177
1161 1555 1178
690 1857 1179
765 1535 1180
893 1788 1181
528 1529 1182
1139 1766 1183
96 295 1184
958 1027 1185
368 1398 1186
591 1222 1187
1027 1329 1188
162 938 1189
747 1520 1190
719 1723 1191
529 1592 1192
946 1624 1193
1529 1877 1194
481 1101 1195
1027 1227 1196
376 1666 1197
403 1624 1198
106 721 1199
325 1695 1200
477 1624 1201
560 1624 1202
1344 1700 1203
403 1302 1204
620 1263 1205
725 1826 1206
1038 1337 1207
428 772 1208
771 1327 1209
15 1235 1210
727 1356 1211
1027 1819 1212
1779 1872 1213
1027 1608 1214
428 938 1215
560 855 1216
26 137 1217
203 1192 1218
6 443 1219
296 325 1220
579 1554 1221
438 1765 1222
388 853 1223
1205 1652 1224
1079 1182 1225
240 1027 1226
842 1624 1227
162 398 1228
354 1677 1229
1306 1529 1230
594 846 1231
1027 1338 1232
146 476 1233
843 1681 1234
1080 1465 1235
214 1365 1236
78 521 1237
560 655 1238
335 1254 1239
495 1600 1240
59 794 1241
242 1842 1242
325 1804 1243
591 1767 1244
1727 1827 1245
508 1492 1246
44 1191 1247
274 1815 1248
59 1562 1249
589 1700 1250
1316 1826 1251
674 1243 1252
967 1592 1253
158 398 1254
757 1723 1255
159 335 1256
311 1298 1257
735 1330 1258
1207 1524 1259
1639 1728 1260
226 1329 1261
383 826 1262
458 1027 1263
915 1573 1264
325 1020 1265
404 842 1266
1027 1157 1267
162 819 1268
560 589 1269
921 1202 1270
687 769 1271
853 1027 1272
59 1625 1273
170 421 1274
560 1344 1275
347 576 1276
1027 1625 1277
6 904 1278
577 1027 1279
1255 1329 1280
292 306 1281
1303 1770 1282
585 648 1283
600 1766 1284
1776 1817 1285
1500 1640 1286
620 1466 1287
283 370 1288
1012 1832 1289
339 564 1290
106 325 1291
604 1624 1292
853 1319 1293
237 1842 1294
298 572 1295
357 1858 1296
638 1726 1297
612 657 1298
1788 1822 1299
46 712 1300
1058 1600 1301
1770 1843 1302
1400 1451 1303
158 560 1304
576 1081 1305
1408 1642 1306
1183 1555 1307
22 881 1308
1093 1101 1309
482 860 1310
187 816 1311
291 1202 1312
505 1264 1313
736 1039 1314
1231 1528 1315
1610 1812 1316
990 1817 1317
78 246 1318
682 1472 1319
911 1569 1320
1325 1405 1321
560 1697 1322
6 486 1323
1675 1791 1324
620 894 1325
1329 1812 1326
46 740 1327
516 1144 1328
880 1624 1329
1201 1507 1330
876 1620 1331
917 1298 1332
1366 1400 1333
1264 1666 1334
1027 1683 1335
119 1027 1336
35 485 1337
1645 1723 1338
26 1011 1339
843 1140 1340
428 1624 1341
505 1666 1342
788 1119 1343
6 638 1344
35 1587 1345
51 270 1346
355 1201 1347
843 1103 1348
403 830 1349
1535 1693 1350
893 1112 1351
59 850 1352
690 1109 1353
150 1027 1354
423 446 1355
732 1109 1356
761 1027 1357
1635 1729 1358
1624 1842 1359
1064 1102 1360
1027 1472 1361
1511 1805 1362
180 523 1363
455 1809 1364
1163 1881 1365
843 897 1366
59 1624 1367
1491 1500 1368
439 1027 1369
382 1529 1370
1140 1408 1371
534 1689 1372
1378 1383 1373
149 1434 1374
1212 1658 1375
1051 1138 1376
1491 1552 1377
48 1271 1378
599 1623 1379
1423 1539 1380
355 615 1381
675 702 1382
425 980 1383
837 1842 1384
864 1370 1385
947 1027 1386
950 1582 1387
1319 1580 1388
146 1329 1389
920 1328 1390
855 1842 1391
92 1729 1392
203 1718 1393
68 585 1394
244 549 1395
1337 1833 1396
606 842 1397
1396 1494 1398
437 1566 1399
325 1152 1400
588 1812 1401
747 1861 1402
682 750 1403
1179 1822 1404
635 843 1405
146 302 1406
381 517 1407
473 1700 1408
1285 1491 1409
1027 1076 1410
325 1538 1411
278 1472 1412
800 819 1413
1158 1285 1414
476 588 1415
675 802 1416
863 1635 1417
1234 1491 1418
1356 1465 1419
585 1635 1420
7 257 1421
25 1334 1422
156 1033 1423
476 1610 1424
714 1624 1425
969 1027 1426
939 1007 1427
274 893 1428
250 1032 1429
323 657 1430
353 1219 1431
777 793 1432
594 889 1433
870 1331 1434
244 640 1435
993 1075 1436
67 1178 1437
1579 1814 1438
242 1221 1439
274 1447 1440
475 1173 1441
607 1801 1442
203 1160 1443
1428 1812 1444
265 610 1445
1393 1426 1446
226 1640 1447
1723 1864 1448
360 761 1449
460 1524 1450
160 201 1451
633 1442 1452
1238 1425 1453
761 1235 1454
325 833 1455
757 1551 1456
908 1640 1457
1408 1846 1458
137 797 1459
898 1703 1460
910 1027 1461
64 1064 1462
25 1494 1463
1060 1681 1464
172 1011 1465
77 1027 1466
78 939 1467
1013 1307 1468
260 1398 1469
323 846 1470
99 1051 1471
94 853 1472
367 1686 1473
681 1329 1474
1027 1148 1475
1396 1398 1476
236 325 1477
766 1776 1478
1111 1456 1479
1027 1866 1480
1191 1224 1481
1805 1828 1482
594 612 1483
437 1239 1484
25 529 1485
1118 1754 1486
1189 1806 1487
1297 1494 1488
109 1555 1489
402 777 1490
231 1790 1491
179 881 1492
244 1841 1493
47 1170 1494
638 1479 1495
784 1472 1496
37 167 1497
92 935 1498
1275 1600 1499
797 1027 1500
106 747 1501
1027 1292 1502
1234 1552 1503
137 750 1504
624 1723 1505
620 1074 1506
389 1027 1507
1105 1567 1508
898 1697 1509
475 792 1510
1600 1664 1511
819 1020 1512
1131 1573 1513
622 1716 1514
238 930 1515
1085 1174 1516
500 1885 1517
681 1255 1518
477 849 1519
406 1194 1520
312 365 1521
59 655 1522
1122 1524 1523
801 1730 1524
48 908 1525
638 1104 1526
983 1207 1527
15 360 1528
50 428 1529
8 1660 1530
517 1016 1531
177 842 1532
325 652 1533
398 938 1534
106 841 1535
297 1747 1536
1183 1408 1537
149 515 1538
226 1255 1539
355 1624 1540
819 1382 1541
30 1374 1542
372 1312 1543
446 616 1544
1178 1334 1545
615 1174 1546
417 449 1547
980 1728 1548
1027 1769 1549
681 1788 1550
69 674 1551
1440 1624 1552
898 1729 1553
982 1480 1554
906 1466 1555
245 898 1556
213 1236 1557
240 830 1558
256 513 1559
1396 1552 1560
106 1384 1561
535 1324 1562
866 1423 1563
1052 1782 1564
144 1462 1565
846 889 1566
893 1191 1567
476 1329 1568
1234 1398 1569
1105 1705 1570
620 648 1571
1015 1173 1572
784 1624 1573
1027 1830 1574
109 1183 1575
560 786 1576
576 1700 1577
964 1481 1578
111 1189 1579
199 1071 1580
1103 1408 1581
26 550 1582
175 1873 1583
320 428 1584
898 1002 1585
864 1785 1586
769 1837 1587
766 1491 1588
372 1050 1589
1161 1408 1590
106 722 1591
238 1043 1592
314 1443 1593
1009 1084 1594
1234 1396 1595
615 1624 1596
665 1654 1597
307 761 1598
651 1150 1599
316 1297 1600
864 1820 1601
34 1257 1602
1058 1664 1603
1031 1562 1604
275 942 1605
1058 1827 1606
1178 1282 1607
1372 1425 1608
316 1398 1609
456 982 1610
149 1562 1611
245 560 1612
269 455 1613
386 1245 1614
187 814 1615
17 705 1616
480 554 1617
937 1173 1618
482 991 1619
1027 1662 1620
681 1027 1621
825 1449 1622
842 1165 1623
1297 1350 1624
325 1240 1625
675 1427 1626
263 898 1627
48 1234 1628
36 1825 1629
1153 1423 1630
80 1027 1631
540 1091 1632
1466 1529 1633
59 1697 1634
275 487 1635
1837 1856 1636
59 80 1637
420 1723 1638
44 106 1639
671 746 1640
648 1027 1641
898 1625 1642
1178 1690 1643
149 681 1644
149 792 1645
493 1313 1646
616 1116 1647
823 920 1648
1695 1809 1649
26 1089 1650
1374 1598 1651
64 1382 1652
382 1686 1653
681 1610 1654
155 1501 1655
325 800 1656
893 1052 1657
853 1305 1658
149 1033 1659
1085 1617 1660
1027 1285 1661
485 813 1662
469 1197 1663
213 396 1664
475 1075 1665
1648 1649 1666
544 1565 1667
615 1507 1668
80 560 1669
1181 1745 1670
323 889 1671
588 681 1672
968 1027 1673
44 1192 1674
460 1333 1675
593 975 1676
26 86 1677
167 301 1678
1351 1473 1679
421 458 1680
792 1027 1681
911 1549 1682
428 1529 1683
455 1665 1684
631 1382 1685
1472 1529 1686
173 1529 1687
291 1513 1688
731 1077 1689
669 708 1690
673 693 1691
762 1363 1692
1027 1133 1693
261 1380 1694
1123 1423 1695
269 1819 1696
1161 1286 1697
625 1075 1698
26 792 1699
908 1552 1700
6 1822 1701
59 852 1702
1375 1561 1703
1449 1545 1704
247 1575 1705
385 1094 1706
102 747 1707
106 175 1708
599 1224 1709
1105 1469 1710
750 1722 1711
837 1392 1712
1425 1724 1713
949 1289 1714
1027 1132 1715
325 1095 1716
547 800 1717
1408 1484 1718
1292 1297 1719
159 1310 1720
126 1334 1721
801 1027 1722
1122 1333 1723
819 1819 1724
1348 1750 1725
113 1822 1726
239 316 1727
908 1398 1728
789 939 1729
474 736 1730
948 1356 1731
398 800 1732
270 792 1733
1329 1550 1734
6 1052 1735
651 1292 1736
1027 1400 1737
26 1236 1738
515 1248 1739
1189 1670 1740
648 1529 1741
1518 1529 1742
316 1552 1743
911 1548 1744
766 1027 1745
750 1236 1746
414 1048 1747
1437 1555 1748
228 302 1749
747 1142 1750
1053 1094 1751
1312 1502 1752
721 722 1753
792 1869 1754
1039 1141 1755
107 1063 1756
62 428 1757
1131 1382 1758
62 149 1759
78 853 1760
1297 1398 1761
325 1499 1762
53 54 1763
59 1621 1764
1017 1809 1765
1431 1463 1766
1695 1696 1767
1136 1469 1768
792 859 1769
1116 1192 1770
1529 1608 1771
1463 1537 1772
1367 1788 1773
493 868 1774
163 310 1775
1382 1608 1776
107 1681 1777
819 1131 1778
897 1408 1779
1027 1033 1780
623 875 1781
302 520 1782
1245 1337 1783
225 1255 1784
864 1205 1785
747 1294 1786
747 1310 1787
161 1234 1788
191 1476 1789
226 681 1790
587 1673 1791
1285 1776 1792
133 1468 1793
792 1624 1794
471 1039 1795
444 1322 1796
773 829 1797
809 1328 1798
583 681 1799
46 153 1800
632 1051 1801
1371 1403 1802
245 428 1803
666 792 1804
256 1020 1805
415 834 1806
6 64 1807
930 1039 1808
1058 1203 1809
381 1624 1810
410 1607 1811
862 1313 1812
302 1244 1813
659 1381 1814
683 1315 1815
902 1402 1816
1714 1731 1817
309 792 1818
398 681 1819
779 1157 1820
1600 1823 1821
46 1733 1822
881 1775 1823
302 1778 1824
114 1775 1825
6 681 1826
203 1178 1827
737 1644 1828
1074 1466 1829
311 792 1830
985 1775 1831
1467 1600 1832
56 143 1833
862 868 1834
1503 1599 1835
303 1267 1836
604 1773 1837
948 1039 1838
330 1574 1839
551 935 1840
1319 1423 1841
455 551 1842
43 314 1843
1259 1382 1844
515 1702 1845
747 1831 1846
861 1466 1847
1183 1437 1848
1271 1297 1849
551 819 1850
800 1629 1851
6 1782 1852
495 1664 1853
506 1549 1854
657 846 1855
211 634 1856
592 1334 1857
667 1461 1858
302 1757 1859
477 956 1860
146 681 1861
1169 1297 1862
187 813 1863
386 1309 1864
898 1691 1865
302 1510 1866
1095 1562 1867
747 1478 1868
1058 1110 1869
1507 1624 1870
699 981 1871
476 1004 1872
1375 1665 1873
792 1075 1874
681 1428 1875
1191 1367 1876
766 985 1877
131 775 1878
676 696 1879
695 1544 1880
1329 1629 1881
346 1605 1882
797 1089 1883
1058 1823 1884
1463 1819 1885
678 1402 1886
1297 1823 1887
633 1503 1888
1206 1687 1889
857 1817 1890
1161 1445 1891
631 1449 1892
63 1167 1893
620 1507 1894
2 792 1895
902 1702 1896
783 846 1897
1211 1532 1898
635 1507 1899
68 648 1900
681 786 1901
760 1600 1902
1195 1503 1903
1548 1549 1904
570 1039 1905
1116 1474 1906
1297 1365 1907
1640 1837 1908
68 1529 1909
1116 1312 1910
26 1347 1911
392 986 1912
46 1741 1913
583 1629 1914
615 784 1915
302 1421 1916
1027 1047 1917
367 528 1918
1085 1715 1919
1467 1664 1920
190 1300 1921
1398 1500 1922
256 482 1923
231 1477 1924
520 704 1925
635 1484 1926
94 1133 1927
493 1322 1928
405 1350 1929
943 1648 1930
567 708 1931
1106 1332 1932
98 1037 1933
360 1338 1934
695 1329 1935
1058 1467 1936
740 1386 1937
44 716 1938
335 1111 1939
695 1027 1940
782 1646 1941
1428 1550 1942
797 1617 1943
891 1618 1944
815 1053 1945
1398 1552 1946
452 1117 1947
1060 1063 1948
150 482 1949
1039 1043 1950
85 1359 1951
1111 1718 1952
1027 1868 1953
819 1576 1954
943 1649 1955
513 1862 1956
681 1550 1957
792 1347 1958
1782 1822 1959
215 766 1960
325 1300 1961
455 834 1962
1258 1751 1963
1654 1671 1964
1458 1571 1965
812 934 1966
335 1116 1967
923 1489 1968
207 1471 1969
482 1136 1970
669 1277 1971
704 1757 1972
1319 1553 1973
1365 1392 1974
1275 1467 1975
857 1776 1976
635 1236 1977
1116 1718 1978
161 1396 1979
66 918 1980
746 1116 1981
841 1384 1982
66 1704 1983
223 1071 1984
44 745 1985
747 1342 1986
1285 1837 1987
637 837 1988
602 1386 1989
822 1036 1990
240 449 1991
1286 1555 1992
711 1335 1993
1691 1697 1994
923 1577 1995
1602 1778 1996
833 1804 1997
207 1352 1998
666 1660 1999
1408 1555 2000
692 1471 2001
834 1020 2002
837 1755 2003
933 1064 2004
792 1875 2005
681 1562 2006
1538 1809 2007
985 1483 2008
1421 1884 2009
734 1273 2010
354 1511 2011
862 1585 2012
1625 1697 2013
1632 1634 2014
80 681 2015
815 1094 2016
582 1480 2017
1549 1569 2018
115 923 2019
747 1382 2020
853 1285 2021
114 985 2022
948 1228 2023
1252 1402 2024
444 1572 2025
455 1402 2026
471 1214 2027
849 1432 2028
1039 1586 2029
716 1259 2030
849 956 2031
453 1508 2032
148 1845 2033
681 1830 2034
1188 1609 2035
1001 1664 2036
271 1166 2037
1548 1569 2038
1275 1664 2039
1382 1641 2040
43 1308 2041
1654 1836 2042
648 1466 2043
689 1670 2044
1376 1393 2045
801 975 2046
1297 1847 2047
551 1225 2048
1178 1862 2049
144 1352 2050
1663 1810 2051
1412 1508 2052
712 1386 2053
451 1025 2054
1382 1654 2055
43 1740 2056
575 834 2057
20 190 2058
204 1837 2059
1000 1773 2060
697 1203 2061
263 1697 2062
1452 1471 2063
1159 1580 2064
649 919 2065
149 1828 2066
58 1580 2067
689 1806 2068
745 1609 2069
961 1143 2070
1123 1580 2071
255 565 2072
1271 1396 2073
535 1511 2074
766 853 2075
1058 1275 2076
439 774 2077
350 1810 2078
635 1408 2079
1667 1868 2080
582 643 2081
744 1868 2082
853 1097 2083
1275 1823 2084
1029 1124 2085
152 1800 2086
457 856 2087
713 1549 2088
908 1297 2089
582 1288 2090
1169 1234 2091
551 968 2092
849 940 2093
935 1140 2094
741 1868 2095
1060 1216 2096
1131 1836 2097
1326 1868 2098
738 1876 2099
1334 1809 2100
272 367 2101
456 582 2102
1529 1862 2103
49 190 2104
233 1868 2105
279 1046 2106
1111 1160 2107
1284 1538 2108
195 1792 2109
777 1255 2110
1039 1514 2111
66 780 2112
293 716 2113
1482 1596 2114
4 703 2115
790 905 2116
1445 1555 2117
482 1047 2118
302 1004 2119
716 1436 2120
1609 1702 2121
1017 1696 2122
193 1591 2123
1475 1723 2124
542 1450 2125
970 1183 2126
713 837 2127
858 1435 2128
976 1242 2129
860 991 2130
1471 1593 2131
1286 1445 2132
1292 1583 2133
682 784 2134
940 956 2135
1203 1600 2136
1216 1439 2137
1435 1471 2138
1047 1609 2139
1600 1706 2140
429 1021 2141
692 1352 2142
812 1609 2143
853 857 2144
567 1332 2145
1034 1111 2146
1352 1435 2147
747 1654 2148
788 1799 2149
970 1555 2150
1552 1847 2151
1764 1868 2152
1334 1828 2153
1822 1868 2154
687 1342 2155
716 1190 2156
1704 1828 2157
918 1828 2158
792 1822 2159
1131 1671 2160
482 1402 2161
1240 1246 2162
687 1191 2163
128 999 2164
790 1055 2165
991 1136 2166
13 1138 2167
573 1049 2168
1087 1116 2169
107 860 2170
592 1516 2171
582 1433 2172
1160 1503 2173
931 1116 2174
548 853 2175
1583 1772 2176
815 1875 2177
575 833 2178
1583 1830 2179
1105 1436 2180
504 1781 2181
1095 1157 2182
1116 1641 2183
1228 1586 2184
902 1049 2185
1580 1650 2186
470 1208 2187
1290 1418 2188
1136 1439 2189
1131 1259 2190
1617 1769 2191
687 1310 2192
1228 1719 2193
900 1300 2194
935 970 2195
548 677 2196
652 1452 2197
352 1133 2198
853 1837 2199
1300 1425 2200
212 1880 2201
326 1603 2202
834 1131 2203
646 1508 2204
1047 1819 2205
1154 1806 2206
1116 1572 2207
661 1095 2208
792 1240 2209
650 1398 2210
704 1004 2211
649 1057 2212
780 1828 2213
1280 1420 2214
1499 1665 2215
677 857 2216
708 1277 2217
1400 1408 2218
1300 1436 2219
160 1580 2220
1024 1828 2221
687 1436 2222
905 1055 2223
1608 1878 2224
9 1516 2225
626 1184 2226
1004 1778 2227
200 1035 2228
1392 1847 2229
635 784 2230
677 1817 2231
1297 1392 2232
1382 1499 2233
708 1332 2234
311 881 2235
1034 1116 2236
202 1237 2237
1085 1868 2238
1132 1322 2239
901 1274 2240
1553 1650 2241
661 1608 2242
1277 1589 2243
881 968 2244
311 1392 2245
815 954 2246
862 1322 2247
834 1538 2248
1297 1755 2249
1340 1596 2250
687 1867 2251
1152 1352 2252
796 1517 2253
32 1589 2254
677 853 2255
842 1828 2256
1267 1300 2257
661 1871 2258
1452 1459 2259
902 905 2260
592 1862 2261
1250 1300 2262
1154 1300 2263
652 1490 2264
899 902 2265
687 689 2266
758 1486 2267
903 1888 2268
923 1511 2269
1004 1884 2270
552 1022 2271
853 1799 2272
924 1452 2273
805 1415 2274
582 1762 2275
281 1401 2276
1251 1830 2277
677 1133 2278
393 1082 2279
1018 1712 2280
947 1291 2281
1665 1862 2282
687 1256 2283
738 1563 2284
1625 1691 2285
848 1186 2286
933 1508 2287
1505 1514 2288
551 1047 2289
1407 1487 2290
1604 1608 2291
831 1828 2292
1057 1595 2293
1116 1508 2294
1398 1847 2295
872 1300 2296
1274 1696 2297
716 947 2298
1392 1398 2299
648 1756 2300
935 1132 2301
1595 1738 2302
681 695 2303
1596 1864 2304
713 1241 2305
1095 1100 2306
1058 1706 2307
792 1131 2308
747 1131 2309
1347 1769 2310
649 1300 2311
743 1608 2312
1132 1828 2313
1186 1512 2314
713 1066 2315
908 1847 2316
1376 1511 2317
1402 1538 2318
1006 1828 2319
1396 1847 2320
566 1490 2321
1352 1452 2322
687 1320 2323
1580 1828 2324
327 1352 2325
713 1136 2326
1352 1404 2327
1608 1685 2328
1477 1511 2329
718 1105 2330
1664 1706 2331
1277 1332 2332
821 860 2333
1499 1654 2334
902 1413 2335
1275 1706 2336
1220 1455 2337
947 1503 2338
716 1799 2339
1196 1352 2340
1352 1496 2341
896 1762 2342
1352 1672 2343
1105 1114 2344
1352 1670 2345
1116 1246 2346
972 1511 2347
923 1696 2348
716 1291 2349
713 1597 2350
1517 1780 2351
1272 1787 2352
1300 1818 2353
1116 1868 2354
1251 1631 2355
713 935 2356
787 1171 2357
1004 1757 2358
1259 1547 2359
1259 1654 2360
687 808 2361
644 1132 2362
645 1862 2363
687 716 2364
661 663 2365
932 940 2366
853 968 2367
1116 1503 2368
953 1720 2369
1799 1840 2370
658 1392 2371
933 1799 2372
968 991 2373
569 1780 2374
687 947 2375
1475 1830 2376
925 1514 2377
718 1062 2378
1111 1116 2379
1276 1862 2380
1375 1471 2381
1608 1866 2382
575 1352 2383
943 1503 2384
1014 1647 2385
1543 1862 2386
1392 1530 2387
1373 1699 2388
670 1748 2389
1040 1352 2390
1553 1580 2391
604 1071 2392
1538 1758 2393
649 687 2394
733 1301 2395
626 792 2396
1452 1828 2397
1662 1828 2398
1032 1452 2399
592 784 2400
717 1129 2401
1291 1799 2402
784 1367 2403
832 947 2404
954 1186 2405
1134 1576 2406
1203 1706 2407
947 1300 2408
738 1696 2409
815 1186 2410
851 1511 2411
1049 1862 2412
941 1862 2413
1674 1711 2414
862 1300 2415
909 1862 2416
1475 1853 2417
747 947 2418
1116 1862 2419
1475 1547 2420
1609 1868 2421
1232 1511 2422
611 1862 2423
784 792 2424
1352 1490 2425
784 1103 2426
1086 1559 2427
1254 1508 2428
1251 1464 2429
1105 1471 2430
569 1355 2431
792 1300 2432
1086 1595 2433
649 1259 2434
650 713 2435
951 1862 2436
687 1259 2437
1047 1408 2438
1154 1352 2439
569 1868 2440
619 1799 2441
853 1047 2442
1005 1862 2443
1340 1475 2444
1755 1813 2445
713 1569 2446
1398 1755 2447
1272 1746 2448
1095 1114 2449
1105 1878 2450
1047 1837 2451
1736 1746 2452
569 776 2453
1228 1499 2454
1215 1475 2455
1259 1609 2456
1259 1470 2457
1215 1853 2458
1518 1802 2459
1758 1862 2460
738 1131 2461
1828 1868 2462
951 1518 2463
1296 1518 2464
658 1755 2465
1049 1538 2466
1062 1114 2467
1005 1518 2468
1296 1862 2469
1538 1828 2470
687 1799 2471
1518 1758 2472
687 738 2473
1300 1322 2474
1047 1133 2475
1259 1300 2476
1530 1755 2477
747 1300 2478
909 1518 2479
1255 1799 2480
1508 1654 2481
687 1508 2482
687 1499 2483
1228 1828 2484
687 1322 2485
626 1259 2486
1518 1685 2487
592 1518 2488
1049 1518 2489
687 1300 2490
611 1518 2491
