90 1369 1
90 753 2
76 90 3
998 1180 4
38 491 5
664 720 6
38 1279 7
491 798 8
76 1369 9
558 1187 10
333 720 11
804 1707 12
234 799 13
491 1279 14
90 127 15
546 798 16
52 1070 17
397 1493 18
739 804 19
178 1180 20
178 883 21
799 1397 22
1019 1394 23
334 636 24
399 804 25
397 804 26
399 1749 27
804 1493 28
753 1369 29
1026 1807 30
171 1187 31
799 952 32
198 254 33
176 497 34
581 636 35
254 636 36
397 1707 37
397 1749 38
217 1707 39
112 952 40
432 1198 41
498 1070 42
308 1651 43
254 1540 44
630 1860 45
1504 1860 46
438 1765 47
395 1120 48
568 1429 49
1069 1070 50
218 1493 51
497 1054 52
739 1749 53
630 1120 54
176 730 55
384 411 56
395 630 57
88 1187 58
333 1121 59
217 739 60
278 879 61
397 399 62
142 334 63
308 636 64
391 1656 65
739 1493 66
432 994 67
52 498 68
308 1540 69
636 1651 70
730 1054 71
222 728 72
217 804 73
390 1622 74
142 308 75
252 411 76
804 1749 77
1493 1749 78
287 728 79
142 1651 80
308 334 81
739 1707 82
334 1651 83
497 730 84
198 581 85
254 308 86
543 1394 87
636 1067 88
1156 1890 89
507 1761 90
1493 1707 91
334 581 92
227 254 93
254 1137 94
497 1457 95
518 1725 96
630 752 97
1669 1858 98
1269 1354 99
395 522 100
142 636 101
217 1493 102
189 258 103
198 1540 104
395 1504 105
1321 1851 106
1504 1798 107
308 581 108
295 1268 109
198 1137 110
1794 1851 111
497 1092 112
752 1504 113
227 308 114
249 1851 115
399 1707 116
258 1709 117
522 1504 118
742 1198 119
811 830 120
395 752 121
874 1732 122
258 816 123
395 1860 124
752 1860 125
1120 1504 126
522 630 127
258 510 128
1707 1749 129
642 1026 130
1321 1794 131
709 1807 132
1410 1849 133
218 804 134
1120 1860 135
995 1102 136
522 752 137
752 1120 138
1156 1821 139
630 1504 140
641 1883 141
198 308 142
1632 1634 143
334 1067 144
121 698 145
198 1651 146
1088 1761 147
574 1108 148
198 621 149
297 1747 150
308 621 151
79 194 152
522 1120 153
973 1669 154
254 305 155
399 739 156
468 533 157
630 1798 158
461 1851 159
522 1798 160
704 1757 161
1115 1391 162
430 584 163
568 1416 164
121 561 165
1121 1564 166
1121 1743 167
331 568 168
1299 1354 169
1341 1354 170
251 811 171
383 826 172
507 1088 173
258 512 174
356 483 175
1713 1889 176
522 1860 177
1798 1860 178
752 1798 179
704 1004 180
830 1652 181
308 1067 182
166 395 183
135 1883 184
1612 1713 185
395 1798 186
810 1761 187
1245 1325 188
665 1279 189
871 1495 190
1389 1390 191
96 295 192
183 1349 193
785 1306 194
356 503 195
1121 1424 196
208 1023 197
120 1389 198
723 1883 199
304 830 200
356 806 201
288 1137 202
425 1337 203
366 1488 204
507 810 205
170 219 206
660 1115 207
874 1090 208
699 981 209
294 1121 210
1120 1798 211
929 1108 212
305 1540 213
435 1833 214
1004 1778 215
258 407 216
359 1612 217
574 1713 218
484 892 219
105 366 220
425 435 221
1639 1833 222
581 1651 223
807 1676 224
660 1391 225
950 1582 226
519 1311 227
425 1639 228
1108 1528 229
675 802 230
68 830 231
1004 1884 232
1522 1531 233
73 313 234
290 1056 235
1121 1414 236
830 962 237
184 527 238
380 978 239
79 467 240
639 1068 241
114 985 242
435 1337 243
1325 1682 244
654 1230 245
31 1883 246
1639 1728 247
114 1775 248
1004 1757 249
675 1427 250
79 231 251
617 1168 252
1137 1388 253
1073 1735 254
1275 1467 255
409 1164 256
519 680 257
1185 1311 258
1337 1639 259
1669 1739 260
25 529 261
1230 1713 262
362 1796 263
425 1038 264
529 1121 265
366 1509 266
529 1592 267
576 1590 268
132 1655 269
1088 1713 270
996 1168 271
1325 1405 272
584 958 273
949 1289 274
183 1444 275
298 572 276
435 1639 277
1343 1713 278
1713 1761 279
483 1349 280
200 1035 281
135 1073 282
283 370 283
817 1073 284
967 1592 285
978 1417 286
288 308 287
359 1713 288
654 1889 289
679 810 290
892 1713 291
574 1626 292
258 1453 293
1409 1611 294
1528 1713 295
278 311 296
79 1636 297
311 827 298
379 807 299
409 1266 300
1108 1713 301
132 827 302
507 1108 303
642 1796 304
163 310 305
388 1354 306
869 1713 307
305 308 308
827 1655 309
501 1679 310
1534 1622 311
39 275 312
151 1137 313
723 1795 314
1223 1723 315
61 135 316
1513 1735 317
357 1858 318
973 1653 319
1108 1889 320
654 1761 321
584 946 322
508 1492 323
628 1611 324
1108 1231 325
298 668 326
675 702 327
739 1614 328
1220 1455 329
1185 1495 330
484 1422 331
1058 1827 332
188 1295 333
45 1056 334
1515 1659 335
1231 1528 336
680 1185 337
1600 1664 338
386 1245 339
810 1088 340
343 1713 341
674 1065 342
68 811 343
608 979 344
171 586 345
888 1096 346
302 1004 347
1102 1832 348
311 1655 349
1168 1661 350
810 1108 351
825 1449 352
1448 1669 353
48 260 354
171 807 355
1385 1713 356
197 1883 357
1283 1753 358
171 468 359
1456 1852 360
314 1443 361
399 1614 362
61 300 363
1058 1600 364
351 1686 365
43 314 366
166 1824 367
196 366 368
240 830 369
865 1243 370
946 966 371
996 1708 372
1088 1528 373
1098 1417 374
151 305 375
25 967 376
679 1108 377
688 1360 378
48 368 379
132 311 380
502 662 381
621 1137 382
1038 1728 383
73 701 384
568 1254 385
1229 1417 386
43 1740 387
105 1581 388
1088 1108 389
305 1137 390
576 1081 391
654 1713 392
318 1795 393
1018 1712 394
1083 1556 395
1199 1546 396
1661 1708 397
440 1546 398
1421 1884 399
1467 1600 400
129 1753 401
1337 1833 402
571 987 403
1231 1713 404
5 1534 405
435 1728 406
757 1682 407
46 1453 408
198 305 409
804 1614 410
928 1713 411
1614 1749 412
136 735 413
836 1713 414
1602 1778 415
929 1713 416
425 980 417
520 704 418
810 1213 419
674 1243 420
145 1283 421
830 1205 422
574 1230 423
654 1108 424
1364 1659 425
151 1388 426
507 1008 427
1578 1682 428
617 1061 429
1573 1795 430
4 703 431
171 364 432
469 1197 433
1456 1811 434
171 665 435
534 1689 436
1108 1343 437
1674 1711 438
248 555 439
1163 1881 440
171 1323 441
555 1391 442
304 962 443
618 1283 444
186 512 445
723 1073 446
208 1753 447
617 1834 448
1058 1203 449
700 806 450
1088 1343 451
435 980 452
1058 1467 453
413 979 454
723 1318 455
170 421 456
518 911 457
1038 1337 458
347 576 459
1108 1230 460
60 1611 461
679 1088 462
830 864 463
342 830 464
782 1646 465
39 1102 466
1203 1600 467
576 1700 468
700 1789 469
538 1692 470
767 1416 471
1042 1556 472
1088 1760 473
70 201 474
308 1137 475
985 1483 476
1278 1305 477
180 275 478
1661 1834 479
440 1519 480
1010 1713 481
238 871 482
422 1546 483
48 1640 484
275 942 485
135 318 486
608 1412 487
45 1183 488
884 960 489
980 1337 490
139 662 491
75 1185 492
525 1422 493
231 1790 494
255 565 495
246 1346 496
1042 1083 497
217 1614 498
445 1680 499
1519 1546 500
331 767 501
277 1317 502
280 1734 503
302 1757 504
1130 1568 505
723 974 506
538 1798 507
442 483 508
911 1725 509
1275 1600 510
1682 1723 511
1275 1706 512
1626 1713 513
302 1778 514
757 1723 515
311 603 516
321 840 517
48 1776 518
83 1844 519
87 311 520
723 1573 521
711 1335 522
351 647 523
1442 1599 524
1465 1881 525
300 525 526
139 502 527
368 1776 528
272 367 529
302 1421 530
740 1386 531
73 1061 532
1374 1598 533
46 712 534
1058 1664 535
911 1601 536
12 129 537
996 1834 538
1449 1545 539
473 1700 540
1078 1803 541
959 1185 542
39 184 543
186 814 544
45 290 545
40 129 546
697 1203 547
1126 1546 548
864 1370 549
1374 1876 550
186 1793 551
440 1126 552
1185 1742 553
388 1269 554
311 1601 555
757 1578 556
367 1686 557
548 853 558
155 1501 559
765 1535 560
216 400 561
533 1521 562
729 1353 563
864 1820 564
961 1143 565
628 1409 566
40 1753 567
1058 1110 568
342 962 569
531 1323 570
670 1748 571
1266 1777 572
714 888 573
735 1330 574
1513 1859 575
1541 1797 576
186 490 577
1096 1614 578
571 763 579
544 1565 580
665 788 581
492 1177 582
1438 1708 583
186 407 584
280 685 585
1245 1337 586
17 275 587
159 807 588
338 1713 589
430 958 590
81 955 591
1223 1614 592
1325 1723 593
25 1334 594
145 618 595
48 1396 596
1162 1541 597
876 1620 598
145 1753 599
647 1753 600
714 1096 601
395 885 602
896 1762 603
1212 1658 604
30 1374 605
628 729 606
53 54 607
311 1567 608
149 428 609
275 1874 610
768 888 611
480 554 612
622 1716 613
996 1061 614
312 365 615
48 1552 616
628 1353 617
12 1753 618
277 1145 619
195 1792 620
21 1763 621
387 627 622
602 1386 623
1183 1570 624
1614 1707 625
277 511 626
958 1027 627
48 1491 628
83 912 629
1153 1423 630
451 1025 631
582 1762 632
382 1686 633
787 1171 634
1306 1529 635
1064 1102 636
140 895 637
1207 1524 638
48 1494 639
60 628 640
628 1526 641
311 917 642
1275 1664 643
1319 1553 644
245 560 645
388 1341 646
980 1728 647
985 1775 648
1080 1465 649
673 693 650
989 1387 651
690 1723 652
46 602 653
160 201 654
538 1759 655
275 487 656
604 1334 657
1360 1423 658
1465 1856 659
714 768 660
853 1305 661
251 403 662
1253 1506 663
560 1278 664
604 1773 665
754 1253 666
193 1591 667
637 830 668
388 853 669
437 1566 670
768 911 671
48 1234 672
557 1253 673
1058 1275 674
1493 1614 675
174 989 676
1491 1498 677
60 729 678
265 610 679
104 1653 680
599 1623 681
248 524 682
1600 1706 683
72 275 684
186 1453 685
1217 1465 686
1353 1526 687
171 1521 688
712 1386 689
456 982 690
342 864 691
319 1777 692
476 1004 693
495 1664 694
408 1079 695
488 1541 696
1723 1857 697
187 816 698
822 1036 699
892 1848 700
311 1155 701
403 830 702
763 987 703
1578 1723 704
732 1723 705
43 1308 706
386 1309 707
761 1027 708
1079 1182 709
1161 1555 710
1423 1539 711
1395 1753 712
318 1573 713
186 489 714
873 1185 715
888 962 716
14 311 717
830 1753 718
321 1112 719
437 1239 720
853 1319 721
1121 1141 722
608 786 723
853 857 724
1109 1723 725
582 643 726
888 911 727
962 1652 728
1467 1664 729
468 764 730
125 1513 731
224 277 732
492 1832 733
321 835 734
342 1753 735
1203 1706 736
46 740 737
516 1144 738
982 1480 739
89 971 740
719 1723 741
78 1525 742
133 1468 743
321 499 744
60 1353 745
582 1288 746
329 1266 747
191 1476 748
992 1653 749
179 311 750
311 710 751
1061 1661 752
760 1600 753
1056 1183 754
361 1599 755
726 1302 756
862 868 757
790 1055 758
988 1816 759
260 1262 760
302 1510 761
1275 1823 762
284 1183 763
1058 1706 764
946 1624 765
559 1614 766
417 449 767
1061 1768 768
203 1693 769
311 756 770
271 1166 771
68 585 772
840 1112 773
351 1753 774
864 1027 775
92 409 776
500 1885 777
203 1831 778
1664 1706 779
1562 1788 780
131 775 781
1178 1282 782
187 814 783
1058 1823 784
577 1027 785
348 895 786
556 1172 787
862 1585 788
16 614 789
820 827 790
864 1753 791
259 1777 792
1446 1713 793
34 519 794
89 1362 795
473 589 796
997 1723 797
1205 1652 798
911 1027 799
1621 1842 800
653 1723 801
74 628 802
495 1600 803
284 1570 804
228 302 805
33 1587 806
460 1524 807
1286 1555 808
150 1027 809
628 1430 810
80 1027 811
456 582 812
1630 1886 813
157 311 814
240 449 815
282 1587 816
311 1705 817
458 1027 818
8 1660 819
174 1379 820
926 1377 821
109 1183 822
962 1205 823
1000 1773 824
453 877 825
803 1525 826
278 1472 827
106 171 828
751 1266 829
877 1723 830
311 1298 831
1614 1635 832
599 1726 833
206 338 834
302 520 835
304 1652 836
481 1101 837
557 669 838
877 1551 839
763 882 840
149 1819 841
349 1542 842
605 1112 843
341 1027 844
768 1753 845
8 320 846
74 1353 847
766 1027 848
571 765 849
557 1084 850
604 1624 851
861 1466 852
460 1333 853
1027 1549 854
203 1460 855
706 1777 856
887 1616 857
1535 1693 858
214 714 859
917 1298 860
990 1525 861
1030 1460 862
589 1700 863
714 1753 864
892 1343 865
778 1027 866
500 629 867
1837 1856 868
751 1777 869
199 1155 870
260 1494 871
862 1313 872
87 1155 873
64 628 874
311 1344 875
1441 1865 876
49 190 877
118 1753 878
768 1096 879
781 1210 880
199 917 881
585 620 882
1303 1770 883
69 674 884
87 199 885
199 311 886
560 850 887
781 861 888
1128 1694 889
1485 1753 890
342 1652 891
1445 1555 892
25 1494 893
158 560 894
1491 1640 895
1027 1148 896
1594 1777 897
864 1785 898
1027 1562 899
368 1640 900
1437 1555 901
302 1244 902
319 329 903
844 882 904
706 751 905
368 1234 906
130 988 907
368 1494 908
187 813 909
1027 1555 910
526 1175 911
766 1491 912
771 1327 913
853 1097 914
585 1466 915
214 277 916
372 1050 917
109 1555 918
304 637 919
946 1027 920
1001 1664 921
557 1506 922
587 1673 923
237 1278 924
342 1205 925
239 311 926
240 1027 927
1652 1753 928
1183 1555 929
238 1358 930
5 1668 931
601 1281 932
1525 1776 933
20 190 934
1285 1776 935
321 993 936
345 1128 937
1147 1588 938
557 1041 939
585 906 940
35 1587 941
92 1614 942
763 765 943
1551 1723 944
7 257 945
1027 1076 946
1151 1816 947
1181 1745 948
1624 1842 949
1059 1519 950
59 92 951
134 363 952
304 1839 953
1304 1446 954
599 1224 955
965 1614 956
1529 1753 957
500 1779 958
585 913 959
1324 1498 960
1027 1227 961
1122 1524 962
631 1449 963
159 221 964
1205 1753 965
164 1876 966
666 1660 967
358 765 968
1491 1500 969
80 560 970
87 756 971
620 1744 972
149 1753 973
1178 1690 974
1500 1640 975
175 1873 976
101 1808 977
275 1832 978
1009 1084 979
403 1027 980
420 1723 981
690 1109 982
1012 1832 983
48 908 984
223 1071 985
260 1640 986
1183 1437 987
624 1723 988
867 1027 989
769 1521 990
1624 1753 991
1600 1823 992
92 1027 993
403 1411 994
277 1621 995
159 1599 996
1056 1555 997
637 962 998
1118 1754 999
130 1816 1000
1027 1819 1001
749 1266 1002
269 1819 1003
493 868 1004
590 1838 1005
898 1357 1006
329 751 1007
914 1727 1008
48 1271 1009
962 1753 1010
215 766 1011
990 1817 1012
888 1614 1013
35 485 1014
676 696 1015
614 1567 1016
1176 1587 1017
78 521 1018
205 1701 1019
39 1202 1020
84 1119 1021
1367 1788 1022
311 1469 1023
756 1155 1024
1396 1491 1025
63 1167 1026
136 354 1027
486 1624 1028
790 905 1029
1027 1047 1030
578 1406 1031
604 1071 1032
214 475 1033
615 1624 1034
354 1678 1035
582 1480 1036
582 1433 1037
1498 1640 1038
770 1727 1039
1027 1485 1040
539 944 1041
346 1605 1042
765 987 1043
912 1844 1044
304 342 1045
907 1253 1046
267 1678 1047
403 1302 1048
585 1774 1049
1074 1466 1050
1093 1101 1051
1645 1723 1052
620 894 1053
1312 1502 1054
46 1741 1055
382 1529 1056
690 1857 1057
235 1112 1058
625 1112 1059
1234 1491 1060
880 1624 1061
1027 1285 1062
556 1304 1063
900 1027 1064
597 992 1065
509 838 1066
857 1817 1067
864 962 1068
368 908 1069
401 817 1070
439 1027 1071
677 1817 1072
79 615 1073
267 354 1074
320 1099 1075
92 214 1076
714 1614 1077
1770 1843 1078
1753 1850 1079
91 615 1080
864 1652 1081
1396 1640 1082
160 1844 1083
695 1027 1084
585 648 1085
1155 1298 1086
22 311 1087
106 159 1088
448 1573 1089
526 1293 1090
911 1627 1091
878 1723 1092
68 648 1093
1161 1286 1094
147 1777 1095
560 1562 1096
320 428 1097
245 898 1098
521 1051 1099
332 1119 1100
560 1633 1101
620 913 1102
192 1776 1103
560 1700 1104
1161 1445 1105
147 749 1106
311 837 1107
1529 1877 1108
906 1529 1109
110 268 1110
846 1027 1111
10 1406 1112
765 988 1113
1723 1864 1114
620 1074 1115
1149 1573 1116
898 1754 1117
165 715 1118
311 779 1119
48 1398 1120
199 1071 1121
1466 1529 1122
463 983 1123
214 772 1124
1013 1307 1125
620 1466 1126
1344 1700 1127
78 886 1128
590 1684 1129
116 772 1130
185 1112 1131
877 997 1132
149 1472 1133
969 1027 1134
248 557 1135
403 1624 1136
122 1529 1137
389 1027 1138
428 772 1139
78 939 1140
168 1519 1141
843 1218 1142
259 329 1143
59 1562 1144
765 882 1145
888 1753 1146
424 541 1147
48 316 1148
1348 1750 1149
56 143 1150
59 1278 1151
583 681 1152
304 1753 1153
557 708 1154
843 1183 1155
1260 1726 1156
345 1752 1157
560 898 1158
677 857 1159
476 1610 1160
629 854 1161
476 1812 1162
749 751 1163
756 1298 1164
557 828 1165
912 1003 1166
976 1242 1167
1027 1133 1168
317 349 1169
172 1011 1170
325 455 1171
706 749 1172
557 1474 1173
560 1027 1174
475 486 1175
677 853 1176
354 464 1177
67 1178 1178
725 1316 1179
1027 1753 1180
504 1781 1181
244 1882 1182
260 1396 1183
910 1027 1184
92 1729 1185
729 1855 1186
734 1273 1187
968 1027 1188
92 585 1189
304 864 1190
77 1027 1191
92 898 1192
1027 1255 1193
69 557 1194
78 246 1195
146 302 1196
203 1030 1197
94 199 1198
433 538 1199
715 1125 1200
203 1312 1201
1027 1226 1202
1027 1683 1203
1357 1633 1204
579 1554 1205
732 1109 1206
162 1842 1207
342 637 1208
843 1570 1209
368 1552 1210
556 1068 1211
1027 1292 1212
1027 1157 1213
325 1020 1214
92 863 1215
94 1133 1216
620 1786 1217
147 751 1218
535 1324 1219
908 1494 1220
171 1382 1221
214 1624 1222
325 1463 1223
891 1618 1224
1122 1333 1225
34 517 1226
311 1158 1227
548 677 1228
1640 1837 1229
146 681 1230
401 496 1231
906 1466 1232
1319 1423 1233
725 1826 1234
1027 1769 1235
319 749 1236
415 834 1237
800 1842 1238
555 1874 1239
681 1329 1240
915 1573 1241
493 1313 1242
174 1387 1243
372 1312 1244
898 1703 1245
47 1170 1246
560 589 1247
156 1033 1248
100 455 1249
1779 1872 1250
34 1257 1251
803 1776 1252
204 1837 1253
560 818 1254
476 681 1255
1051 1745 1256
560 1344 1257
1027 1866 1258
1727 1827 1259
311 792 1260
368 1396 1261
843 1408 1262
1292 1297 1263
1258 1751 1264
766 853 1265
464 1678 1266
560 577 1267
560 794 1268
749 1200 1269
756 917 1270
528 1147 1271
92 755 1272
162 819 1273
260 1552 1274
838 1265 1275
392 986 1276
284 843 1277
1003 1336 1278
421 458 1279
165 494 1280
459 620 1281
64 763 1282
448 915 1283
3 957 1284
57 475 1285
291 1513 1286
862 1322 1287
199 756 1288
659 1381 1289
403 1278 1290
1614 1882 1291
758 1486 1292
117 1379 1293
119 482 1294
1064 1598 1295
367 528 1296
637 1205 1297
423 446 1298
64 1064 1299
1319 1580 1300
620 906 1301
354 1677 1302
761 1235 1303
620 648 1304
528 1529 1305
591 1222 1306
714 1624 1307
486 1382 1308
1458 1571 1309
864 1205 1310
560 1314 1311
1031 1562 1312
329 1594 1313
1131 1573 1314
330 1574 1315
681 695 1316
866 1423 1317
51 270 1318
921 1202 1319
80 681 1320
637 1753 1321
1027 1662 1322
87 94 1323
477 1624 1324
532 539 1325
854 1779 1326
98 1037 1327
754 1506 1328
863 1635 1329
1111 1456 1330
1113 1729 1331
853 1837 1332
1393 1426 1333
147 329 1334
560 855 1335
3 27 1336
1119 1533 1337
470 1208 1338
368 1271 1339
1027 1297 1340
119 1567 1341
1343 1379 1342
92 1113 1343
1408 1642 1344
260 1234 1345
1596 1723 1346
158 898 1347
428 938 1348
762 1363 1349
1200 1777 1350
59 898 1351
681 1788 1352
983 1207 1353
1238 1425 1354
55 1472 1355
158 1842 1356
476 588 1357
766 985 1358
214 1365 1359
46 1733 1360
1472 1727 1361
19 843 1362
149 1058 1363
791 1752 1364
36 1825 1365
620 1263 1366
1027 1491 1367
1316 1826 1368
311 1285 1369
355 1201 1370
1408 1555 1371
754 907 1372
819 1819 1373
1694 1752 1374
149 1027 1375
452 1117 1376
226 1491 1377
717 1129 1378
1491 1552 1379
843 1846 1380
990 1776 1381
1191 1788 1382
911 1548 1383
64 1876 1384
274 893 1385
768 1283 1386
779 1027 1387
843 1628 1388
1334 1809 1389
560 655 1390
903 1888 1391
1027 1837 1392
1610 1812 1393
681 1428 1394
316 368 1395
588 681 1396
757 1551 1397
360 761 1398
797 1027 1399
1027 1729 1400
149 681 1401
335 1030 1402
94 1298 1403
268 682 1404
588 1812 1405
1339 1688 1406
1285 1491 1407
457 856 1408
245 428 1409
259 749 1410
94 756 1411
173 1657 1412
6 495 1413
381 1624 1414
291 1202 1415
615 1174 1416
203 1788 1417
749 1594 1418
1440 1624 1419
274 1447 1420
311 881 1421
893 1112 1422
607 1801 1423
637 864 1424
17 705 1425
267 464 1426
307 761 1427
110 682 1428
406 1194 1429
677 1133 1430
1206 1687 1431
1408 1846 1432
637 1652 1433
231 1477 1434
11 838 1435
1378 1383 1436
638 1104 1437
631 1382 1438
1123 1423 1439
1176 1624 1440
203 1191 1441
898 1729 1442
325 678 1443
1027 1209 1444
214 244 1445
651 1150 1446
419 682 1447
1027 1033 1448
769 1837 1449
843 897 1450
893 1351 1451
1183 1408 1452
1373 1699 1453
311 1560 1454
46 153 1455
648 1027 1456
149 1434 1457
757 927 1458
681 786 1459
57 1624 1460
1286 1445 1461
186 1474 1462
1027 1472 1463
1027 1625 1464
149 1033 1465
1191 1224 1466
106 721 1467
398 681 1468
853 1027 1469
1161 1408 1470
262 1615 1471
26 1011 1472
843 916 1473
1027 1799 1474
352 1133 1475
214 769 1476
857 1776 1477
1776 1817 1478
325 1027 1479
260 908 1480
428 1529 1481
682 750 1482
638 1726 1483
788 1119 1484
560 1624 1485
355 1624 1486
1252 1402 1487
455 819 1488
681 1610 1489
50 428 1490
106 722 1491
517 1016 1492
236 325 1493
214 403 1494
834 1020 1495
242 1842 1496
1668 1771 1497
1396 1494 1498
59 1027 1499
119 1027 1500
173 1529 1501
1209 1614 1502
238 1043 1503
274 1815 1504
376 1264 1505
106 841 1506
106 175 1507
159 1142 1508
560 786 1509
560 1625 1510
329 706 1511
860 1027 1512
897 1408 1513
902 1402 1514
214 428 1515
591 1107 1516
146 476 1517
898 1002 1518
325 381 1519
393 1082 1520
648 1529 1521
792 1624 1522
800 819 1523
898 1027 1524
323 423 1525
538 1219 1526
464 1710 1527
68 1529 1528
427 893 1529
339 564 1530
126 1334 1531
363 912 1532
540 1091 1533
681 1562 1534
615 1044 1535
119 1705 1536
893 1447 1537
1027 1338 1538
376 505 1539
59 1621 1540
585 1635 1541
681 1027 1542
226 1640 1543
905 1055 1544
92 1805 1545
1027 1329 1546
106 1384 1547
292 306 1548
1412 1508 1549
119 354 1550
506 1614 1551
842 1624 1552
6 64 1553
6 638 1554
355 615 1555
947 1027 1556
1027 1132 1557
1368 1472 1558
325 1804 1559
1463 1819 1560
226 681 1561
528 1027 1562
648 1466 1563
927 1551 1564
1017 1809 1565
1425 1724 1566
59 1624 1567
482 1047 1568
485 813 1569
1027 1862 1570
94 853 1571
455 551 1572
260 1271 1573
381 517 1574
893 1788 1575
898 1697 1576
376 1666 1577
855 1842 1578
1553 1650 1579
1264 1666 1580
724 1863 1581
419 1135 1582
436 1261 1583
203 1192 1584
119 1469 1585
149 1297 1586
214 1027 1587
58 1580 1588
214 494 1589
1047 1837 1590
1560 1640 1591
99 1051 1592
1178 1334 1593
159 335 1594
325 833 1595
329 1200 1596
908 1640 1597
212 1880 1598
681 1550 1599
323 580 1600
678 1402 1601
1290 1418 1602
1195 1584 1603
311 1625 1604
542 1450 1605
323 446 1606
269 455 1607
244 528 1608
296 325 1609
687 769 1610
423 657 1611
1630 1727 1612
232 441 1613
232 1361 1614
494 847 1615
789 939 1616
493 1322 1617
902 905 1618
267 1805 1619
749 1399 1620
750 1135 1621
841 1384 1622
203 767 1623
1234 1396 1624
747 1521 1625
939 1007 1626
1579 1814 1627
1356 1465 1628
1372 1425 1629
911 1549 1630
311 1392 1631
475 1472 1632
263 898 1633
665 1654 1634
977 1472 1635
59 80 1636
672 1174 1637
898 1625 1638
1027 1400 1639
1428 1812 1640
309 945 1641
485 1176 1642
691 1529 1643
149 1131 1644
325 1152 1645
468 747 1646
1382 1641 1647
62 149 1648
368 1398 1649
444 1572 1650
638 1479 1651
819 1020 1652
899 902 1653
335 1254 1654
1105 1567 1655
403 428 1656
238 930 1657
801 1730 1658
801 1027 1659
843 1681 1660
237 1842 1661
323 616 1662
970 1183 1663
1407 1487 1664
48 713 1665
1783 1842 1666
494 1249 1667
560 1697 1668
180 523 1669
547 800 1670
575 834 1671
766 1776 1672
1027 1608 1673
44 1191 1674
970 1555 1675
591 1767 1676
594 1614 1677
731 1077 1678
263 1697 1679
59 850 1680
270 792 1681
666 792 1682
149 515 1683
59 576 1684
414 1048 1685
428 1624 1686
853 1047 1687
242 898 1688
475 1075 1689
593 975 1690
59 852 1691
600 1766 1692
628 747 1693
149 1562 1694
179 881 1695
360 1338 1696
773 829 1697
1376 1393 1698
881 1775 1699
893 1191 1700
1105 1705 1701
323 1028 1702
325 1240 1703
1398 1640 1704
59 655 1705
203 716 1706
721 722 1707
1507 1624 1708
59 560 1709
1053 1094 1710
385 1094 1711
1140 1529 1712
84 788 1713
475 1419 1714
620 1507 1715
1635 1729 1716
843 1870 1717
203 1584 1718
701 1174 1719
1158 1285 1720
616 1116 1721
505 1264 1722
843 1642 1723
681 1255 1724
1174 1619 1725
160 1580 1726
1398 1491 1727
159 1478 1728
260 316 1729
453 1508 1730
404 749 1731
373 1474 1732
1382 1608 1733
354 1805 1734
428 1027 1735
203 1718 1736
242 560 1737
6 681 1738
1047 1819 1739
551 819 1740
1027 1830 1741
106 747 1742
158 398 1743
1297 1823 1744
455 1809 1745
26 550 1746
557 1472 1747
59 794 1748
64 241 1749
436 686 1750
923 1577 1751
102 159 1752
1518 1529 1753
464 1805 1754
494 1125 1755
1400 1614 1756
1211 1532 1757
44 1584 1758
37 64 1759
323 846 1760
475 937 1761
1047 1408 1762
1075 1112 1763
250 1032 1764
22 881 1765
632 1051 1766
1123 1580 1767
446 616 1768
791 1520 1769
1280 1420 1770
323 612 1771
651 1292 1772
893 1052 1773
1191 1367 1774
62 428 1775
648 1756 1776
683 1315 1777
923 1489 1778
1678 1805 1779
475 1822 1780
646 1508 1781
993 1075 1782
26 137 1783
953 1720 1784
1553 1580 1785
44 716 1786
226 1255 1787
436 656 1788
119 1805 1789
853 1285 1790
1147 1314 1791
1027 1868 1792
325 1499 1793
398 800 1794
1472 1529 1795
767 1116 1796
26 86 1797
1297 1350 1798
15 1235 1799
57 541 1800
898 1691 1801
28 613 1802
1139 1766 1803
119 1024 1804
260 1398 1805
911 1569 1806
505 1666 1807
842 1777 1808
625 1075 1809
44 106 1810
152 1800 1811
1255 1491 1812
682 1135 1813
1047 1133 1814
1285 1837 1815
1529 1862 1816
62 214 1817
575 833 1818
476 1329 1819
633 1442 1820
580 657 1821
1396 1398 1822
244 549 1823
933 1064 1824
513 1695 1825
819 1382 1826
150 482 1827
801 975 1828
57 1805 1829
1192 1718 1830
551 1225 1831
1400 1408 1832
323 889 1833
908 1297 1834
26 792 1835
244 1841 1836
1271 1396 1837
211 634 1838
261 1380 1839
1695 1809 1840
309 792 1841
750 1722 1842
539 1356 1843
649 1057 1844
6 904 1845
162 398 1846
146 1329 1847
853 968 1848
613 963 1849
792 1875 1850
323 1557 1851
1396 1552 1852
78 853 1853
444 1322 1854
137 750 1855
1580 1650 1856
783 846 1857
26 1347 1858
902 1702 1859
1159 1580 1860
402 777 1861
860 1614 1862
115 923 1863
612 846 1864
1382 1654 1865
474 736 1866
106 325 1867
1271 1297 1868
846 889 1869
244 640 1870
319 842 1871
1297 1494 1872
1428 1550 1873
26 1236 1874
242 1221 1875
439 774 1876
682 1613 1877
1254 1508 1878
325 1695 1879
213 396 1880
148 1845 1881
616 846 1882
202 1237 1883
62 1801 1884
1051 1138 1885
1105 1469 1886
316 1297 1887
128 999 1888
615 1507 1889
1234 1552 1890
335 1111 1891
26 1089 1892
681 1830 1893
325 800 1894
792 859 1895
1255 1329 1896
149 792 1897
551 935 1898
834 1131 1899
1529 1608 1900
649 919 1901
792 1347 1902
777 793 1903
784 1624 1904
800 1629 1905
842 1266 1906
1538 1809 1907
247 1575 1908
669 708 1909
819 1576 1910
1103 1408 1911
471 1214 1912
902 1413 1913
162 938 1914
354 1511 1915
15 360 1916
1178 1862 1917
1297 1365 1918
59 1625 1919
551 1047 1920
669 1277 1921
682 1472 1922
1329 1812 1923
6 443 1924
256 1020 1925
144 1462 1926
259 842 1927
1169 1297 1928
843 1103 1929
242 855 1930
279 1046 1931
37 167 1932
747 1520 1933
1140 1408 1934
167 301 1935
1201 1507 1936
455 834 1937
363 938 1938
657 846 1939
213 1236 1940
1300 1322 1941
59 1697 1942
326 1603 1943
635 843 1944
908 1552 1945
1398 1500 1946
964 1481 1947
1408 1484 1948
190 1300 1949
1788 1822 1950
671 746 1951
119 1721 1952
1123 1193 1953
1297 1398 1954
64 1382 1955
66 780 1956
1085 1617 1957
137 213 1958
475 1173 1959
908 1398 1960
1329 1562 1961
1371 1403 1962
583 1629 1963
592 1334 1964
612 657 1965
1608 1685 1966
695 1544 1967
1292 1583 1968
1052 1782 1969
1234 1398 1970
1329 1550 1971
203 1178 1972
1085 1174 1973
792 1027 1974
325 1300 1975
317 1075 1976
833 1804 1977
637 837 1978
1334 1828 1979
44 1192 1980
92 935 1981
225 1255 1982
747 1382 1983
256 513 1984
746 1116 1985
149 1828 1986
482 1402 1987
687 1191 1988
837 1842 1989
6 893 1990
475 792 1991
737 1644 1992
293 716 1993
107 860 1994
316 1398 1995
707 1123 1996
66 918 1997
837 1392 1998
325 652 1999
727 1356 2000
1132 1322 2001
957 1400 2002
477 849 2003
535 1511 2004
161 1396 2005
405 1350 2006
482 991 2007
1351 1473 2008
1691 1697 2009
6 1052 2010
353 1219 2011
1375 1665 2012
609 1561 2013
792 1822 2014
44 745 2015
716 1190 2016
747 1342 2017
815 1094 2018
925 1514 2019
1508 1654 2020
323 657 2021
870 1331 2022
429 1021 2023
107 1063 2024
687 1322 2025
1505 1514 2026
1625 1697 2027
147 842 2028
792 1869 2029
1482 1596 2030
1131 1671 2031
738 1876 2032
792 1131 2033
325 1095 2034
626 792 2035
226 1329 2036
751 842 2037
1131 1836 2038
834 1538 2039
747 1478 2040
159 1310 2041
1116 1474 2042
477 956 2043
708 1277 2044
777 1255 2045
695 1329 2046
2 792 2047
482 860 2048
13 1138 2049
137 797 2050
1047 1609 2051
1365 1392 2052
66 1704 2053
316 1552 2054
797 1617 2055
747 1294 2056
1029 1124 2057
747 1831 2058
716 947 2059
649 1300 2060
102 747 2061
107 1681 2062
161 1234 2063
1608 1866 2064
455 1402 2065
1297 1392 2066
843 1140 2067
1398 1552 2068
815 1053 2069
455 1665 2070
1297 1847 2071
706 842 2072
1608 1878 2073
1511 1805 2074
1665 1862 2075
1548 1549 2076
893 1822 2077
1297 1755 2078
1548 1569 2079
1131 1382 2080
1382 1499 2081
506 1400 2082
1375 1561 2083
747 1310 2084
1654 1671 2085
325 1538 2086
323 594 2087
85 1359 2088
1116 1312 2089
1255 1799 2090
203 1160 2091
281 1401 2092
743 1608 2093
932 940 2094
747 1142 2095
1111 1718 2096
853 1799 2097
177 842 2098
842 1200 2099
1277 1589 2100
1034 1111 2101
937 1173 2102
684 1123 2103
1095 1562 2104
111 1189 2105
6 486 2106
551 968 2107
649 1259 2108
716 1259 2109
947 1291 2110
1805 1828 2111
615 784 2112
303 1267 2113
815 1875 2114
1057 1595 2115
842 1594 2116
780 1828 2117
1366 1400 2118
747 1654 2119
1116 1641 2120
1376 1511 2121
450 1193 2122
933 1508 2123
736 1039 2124
923 1511 2125
1134 1576 2126
239 316 2127
1329 1629 2128
1475 1723 2129
819 1131 2130
6 1782 2131
849 1432 2132
862 1300 2133
902 1049 2134
423 594 2135
515 1248 2136
1604 1608 2137
750 1236 2138
716 1291 2139
837 1755 2140
626 1184 2141
650 1398 2142
784 1472 2143
920 1219 2144
256 482 2145
482 1136 2146
644 1132 2147
687 1342 2148
918 1828 2149
1189 1806 2150
1596 1864 2151
32 1589 2152
594 846 2153
779 1157 2154
1463 1537 2155
747 1131 2156
1060 1681 2157
716 1436 2158
404 842 2159
244 1829 2160
784 792 2161
1060 1063 2162
552 1022 2163
796 1517 2164
635 1408 2165
1116 1572 2166
923 1696 2167
930 1039 2168
1503 1599 2169
1663 1810 2170
506 1549 2171
1085 1715 2172
1116 1192 2173
747 947 2174
815 954 2175
335 1116 2176
687 1310 2177
1499 1654 2178
927 1717 2179
1154 1806 2180
594 1557 2181
797 1089 2182
935 1132 2183
908 1847 2184
1169 1234 2185
398 938 2186
792 1240 2187
1259 1300 2188
1136 1469 2189
1259 1382 2190
1583 1830 2191
1060 1072 2192
594 889 2193
1259 1609 2194
1654 1836 2195
1195 1503 2196
1704 1828 2197
661 1608 2198
741 1868 2199
1499 1665 2200
1039 1141 2201
858 1435 2202
1402 1538 2203
1179 1822 2204
1714 1731 2205
805 1415 2206
1015 1173 2207
1039 1043 2208
515 1702 2209
350 1810 2210
849 956 2211
606 842 2212
935 970 2213
144 1352 2214
1352 1435 2215
1452 1828 2216
471 1039 2217
708 1332 2218
1250 1300 2219
1087 1116 2220
943 1648 2221
968 991 2222
940 956 2223
842 1165 2224
1400 1451 2225
1116 1868 2226
815 1186 2227
943 1649 2228
931 1116 2229
1300 1436 2230
1116 1718 2231
1259 1654 2232
689 1806 2233
1617 1769 2234
788 1799 2235
113 1822 2236
682 784 2237
1060 1216 2238
716 1799 2239
649 687 2240
900 1300 2241
1300 1425 2242
635 1507 2243
1233 1400 2244
860 991 2245
1111 1160 2246
1034 1116 2247
1648 1649 2248
972 1511 2249
6 1822 2250
687 1508 2251
1116 1862 2252
513 1862 2253
842 1399 2254
872 1300 2255
1024 1828 2256
832 947 2257
9 1516 2258
658 1392 2259
626 1259 2260
744 1868 2261
1032 1452 2262
1392 1847 2263
687 716 2264
1284 1538 2265
1583 1772 2266
575 1352 2267
410 1607 2268
1538 1828 2269
1326 1868 2270
1392 1530 2271
567 708 2272
692 1471 2273
851 1511 2274
954 1186 2275
1105 1436 2276
1764 1868 2277
233 1868 2278
933 1799 2279
592 1516 2280
738 1131 2281
1189 1670 2282
687 1300 2283
207 1352 2284
567 1332 2285
924 1452 2286
1039 1586 2287
687 1867 2288
1259 1470 2289
687 1436 2290
1228 1586 2291
1580 1828 2292
594 612 2293
633 1503 2294
713 837 2295
1152 1352 2296
1695 1696 2297
1228 1719 2298
1625 1691 2299
1471 1593 2300
1667 1868 2301
336 1717 2302
689 1670 2303
1105 1471 2304
1452 1459 2305
1609 1702 2306
570 1039 2307
947 1300 2308
207 1471 2309
831 1828 2310
1662 1828 2311
842 1828 2312
713 935 2313
745 1609 2314
1251 1830 2315
1435 1471 2316
687 1256 2317
1400 1643 2318
1431 1463 2319
687 1799 2320
812 934 2321
1105 1878 2322
1291 1799 2323
1085 1868 2324
592 1862 2325
1396 1847 2326
849 940 2327
652 1452 2328
823 920 2329
1116 1508 2330
1475 1830 2331
1329 1829 2332
692 1352 2333
687 947 2334
687 1320 2335
812 1609 2336
1452 1471 2337
1186 1512 2338
684 707 2339
1300 1818 2340
1347 1769 2341
821 860 2342
881 968 2343
935 1140 2344
1106 1332 2345
713 1549 2346
948 1228 2347
1006 1828 2348
1154 1300 2349
792 1075 2350
1392 1398 2351
1549 1569 2352
1782 1822 2353
1477 1511 2354
609 938 2355
1131 1259 2356
1232 1511 2357
1154 1352 2358
1552 1847 2359
747 1300 2360
1111 1116 2361
1340 1596 2362
1352 1404 2363
1398 1847 2364
738 1696 2365
792 1300 2366
1352 1672 2367
687 1259 2368
327 1352 2369
687 808 2370
1277 1332 2371
592 784 2372
623 875 2373
1116 1246 2374
747 1861 2375
848 1186 2376
658 1755 2377
1267 1300 2378
652 1490 2379
947 1503 2380
1132 1828 2381
1272 1787 2382
1276 1862 2383
1240 1246 2384
1783 1784 2385
1160 1503 2386
713 1569 2387
635 1484 2388
1675 1791 2389
1475 1547 2390
1595 1738 2391
1196 1352 2392
1352 1496 2393
1822 1868 2394
1352 1670 2395
738 1563 2396
943 1503 2397
1259 1547 2398
1039 1514 2399
635 1236 2400
1095 1157 2401
661 1095 2402
1014 1647 2403
1040 1352 2404
1799 1840 2405
1340 1475 2406
1398 1755 2407
941 1862 2408
1538 1758 2409
1609 1868 2410
687 1499 2411
1017 1696 2412
784 1367 2413
1049 1538 2414
991 1136 2415
1247 1861 2416
1352 1490 2417
1188 1609 2418
1352 1452 2419
1543 1862 2420
619 1799 2421
694 1717 2422
784 1103 2423
1296 1862 2424
645 1862 2425
1062 1114 2426
687 738 2427
573 1049 2428
687 689 2429
948 1039 2430
1375 1471 2431
1828 1868 2432
1530 1755 2433
948 1356 2434
1105 1114 2435
1736 1746 2436
1274 1696 2437
1228 1499 2438
733 1301 2439
1086 1595 2440
951 1862 2441
1755 1813 2442
1136 1439 2443
1228 1828 2444
1005 1862 2445
661 663 2446
667 1461 2447
718 1105 2448
901 1274 2449
569 1868 2450
1216 1439 2451
635 784 2452
1861 1879 2453
650 713 2454
1518 1685 2455
611 1862 2456
1272 1746 2457
1517 1780 2458
718 1062 2459
1475 1853 2460
611 1518 2461
920 1328 2462
1116 1503 2463
1251 1464 2464
661 1871 2465
713 1136 2466
1251 1631 2467
1296 1518 2468
566 1490 2469
592 1518 2470
1095 1114 2471
909 1862 2472
713 1241 2473
1086 1559 2474
1215 1475 2475
1518 1758 2476
1049 1862 2477
1758 1862 2478
809 1328 2479
713 1066 2480
1049 1518 2481
1215 1853 2482
1095 1100 2483
569 1355 2484
569 1780 2485
1518 1802 2486
569 776 2487
1005 1518 2488
951 1518 2489
713 1597 2490
909 1518 2491
