1027 1753 1
59 1027 2
560 1027 3
59 560 4
560 898 5
59 898 6
898 1027 7
681 1027 8
395 522 9
59 92 10
395 630 11
48 260 12
1491 1640 13
395 752 14
1108 1713 15
628 1353 16
395 1504 17
48 1491 18
48 368 19
60 628 20
522 630 21
395 1120 22
574 1713 23
1283 1753 24
92 898 25
830 1753 26
48 1396 27
304 1753 28
630 752 29
1027 1562 30
395 1860 31
522 752 32
48 1640 33
630 1120 34
92 1027 35
630 1504 36
714 1753 37
119 1805 38
1027 1491 39
149 1027 40
830 864 41
1088 1713 42
628 729 43
522 1504 44
1528 1713 45
342 1753 46
522 1120 47
557 1472 48
630 1860 49
752 1120 50
752 1504 51
1396 1491 52
1396 1640 53
48 1398 54
648 1529 55
342 830 56
522 1860 57
752 1860 58
214 428 59
1120 1504 60
1398 1491 61
48 1776 62
80 1027 63
585 648 64
311 1155 65
792 1027 66
149 428 67
260 1396 68
304 830 69
1504 1860 70
1120 1860 71
864 1753 72
119 1027 73
267 1805 74
149 1472 75
860 1027 76
557 1253 77
334 636 78
911 1027 79
368 1396 80
585 620 81
1088 1108 82
325 1027 83
428 1027 84
1027 1819 85
87 311 86
308 334 87
557 669 88
893 1822 89
60 729 90
260 1640 91
308 1137 92
311 756 93
1624 1753 94
507 1108 95
403 1027 96
810 1088 97
368 1640 98
1398 1640 99
637 962 100
739 804 101
395 1798 102
464 1805 103
810 1108 104
311 827 105
199 311 106
768 1753 107
142 308 108
630 1798 109
804 1493 110
1027 1625 111
557 708 112
1396 1398 113
149 1753 114
1682 1723 115
342 962 116
1511 1805 117
636 1651 118
304 342 119
1027 1329 120
507 810 121
560 1562 122
1027 1297 123
48 1234 124
59 1562 125
1234 1491 126
1027 1549 127
342 637 128
1230 1713 129
574 1108 130
305 308 131
342 864 132
59 80 133
962 1753 134
92 585 135
214 1027 136
308 636 137
129 1753 138
888 1753 139
853 1027 140
6 893 141
334 1651 142
962 1205 143
1088 1528 144
637 1753 145
311 1625 146
198 308 147
877 1723 148
637 830 149
907 1253 150
1027 1255 151
560 1625 152
132 311 153
843 1183 154
260 1234 155
476 681 156
620 648 157
892 1713 158
1652 1753 159
681 1329 160
1713 1761 161
80 560 162
1325 1723 163
142 636 164
475 1472 165
507 1761 166
308 1651 167
557 1474 168
59 1625 169
898 1697 170
1231 1713 171
830 962 172
199 756 173
585 906 174
119 354 175
714 888 176
304 637 177
403 1624 178
507 1088 179
654 1713 180
804 1707 181
354 1805 182
1058 1600 183
1183 1555 184
1108 1528 185
752 1798 186
1234 1396 187
1713 1889 188
68 830 189
898 1625 190
158 898 191
311 1298 192
368 1234 193
557 1506 194
1551 1723 195
1120 1798 196
1798 1860 197
522 1798 198
48 908 199
864 962 200
637 864 201
62 428 202
62 149 203
304 962 204
267 1678 205
455 819 206
1027 1837 207
48 1494 208
308 1540 209
403 428 210
475 1822 211
359 1713 212
92 214 213
830 1652 214
714 768 215
620 906 216
804 1749 217
311 1655 218
654 1108 219
1678 1805 220
757 1723 221
267 464 222
368 1776 223
12 1753 224
574 1230 225
68 585 226
628 1611 227
648 1027 228
843 1408 229
267 354 230
448 1573 231
560 1624 232
1027 1830 233
69 557 234
690 1723 235
311 917 236
260 1494 237
1493 1707 238
763 765 239
1529 1753 240
792 1624 241
766 1027 242
679 810 243
1027 1472 244
368 1398 245
304 864 246
1027 1133 247
1612 1713 248
80 681 249
142 334 250
198 1137 251
48 316 252
254 305 253
59 1697 254
560 1697 255
158 560 256
681 1562 257
1205 1753 258
618 1283 259
1277 1332 260
1504 1798 261
351 1753 262
1472 1727 263
110 682 264
1234 1398 265
260 316 266
135 1073 267
428 1529 268
1004 1757 269
60 1611 270
260 908 271
368 1494 272
425 1337 273
1343 1713 274
928 1713 275
1027 1555 276
473 589 277
57 1805 278
92 1805 279
1027 1285 280
864 1027 281
1255 1491 282
695 1027 283
1109 1723 284
342 1652 285
1027 1292 286
68 1529 287
110 268 288
57 475 289
311 1285 290
311 1469 291
439 1027 292
68 648 293
203 767 294
779 1027 295
311 1567 296
1491 1552 297
325 1538 298
428 1624 299
1626 1713 300
90 1369 301
149 681 302
888 962 303
40 1753 304
1596 1723 305
581 636 306
302 1004 307
739 1749 308
877 1551 309
368 908 310
577 1027 311
1027 1485 312
1108 1230 313
106 841 314
260 1398 315
739 1493 316
59 1624 317
151 1137 318
149 792 319
756 1155 320
946 1027 321
114 985 322
149 1819 323
1329 1562 324
62 214 325
69 674 326
87 1155 327
1088 1761 328
929 1713 329
240 1027 330
48 1271 331
198 1651 332
811 830 333
1056 1183 334
38 491 335
660 1115 336
906 1529 337
1027 1157 338
92 1113 339
1337 1639 340
311 1158 341
338 1713 342
435 1337 343
316 368 344
988 1816 345
68 811 346
1155 1298 347
217 739 348
435 1639 349
958 1027 350
898 1754 351
305 1137 352
1027 1047 353
48 1552 354
106 721 355
106 159 356
1525 1776 357
585 1466 358
1640 1837 359
714 1624 360
198 254 361
761 1027 362
425 435 363
308 581 364
576 1700 365
217 1493 366
754 1253 367
557 1084 368
1083 1556 369
908 1640 370
962 1652 371
268 682 372
318 1795 373
804 1614 374
560 1344 375
654 1761 376
810 1761 377
1253 1506 378
555 1391 379
159 807 380
425 1639 381
248 557 382
846 1027 383
198 1540 384
274 893 385
254 308 386
1385 1713 387
571 987 388
368 1271 389
1042 1556 390
660 1391 391
1161 1555 392
1042 1083 393
311 1344 394
679 1108 395
399 804 396
6 638 397
217 804 398
1131 1382 399
864 1652 400
1027 1862 401
345 1128 402
647 1753 403
199 1155 404
908 1494 405
87 756 406
714 1614 407
756 1298 408
1321 1851 409
1108 1889 410
304 1652 411
681 1255 412
763 882 413
260 1552 414
557 1041 415
1325 1682 416
732 1723 417
1027 1866 418
464 1678 419
57 1624 420
765 882 421
254 1137 422
768 888 423
669 708 424
176 730 425
198 305 426
258 512 427
528 1027 428
149 1131 429
208 1753 430
258 407 431
308 621 432
76 90 433
388 1354 434
1108 1231 435
397 804 436
560 794 437
92 1729 438
260 1271 439
345 1752 440
142 1651 441
354 464 442
571 765 443
571 763 444
1578 1723 445
217 1707 446
714 1096 447
754 907 448
150 1027 449
147 751 450
723 1795 451
214 714 452
869 1713 453
1115 1391 454
147 842 455
908 1398 456
1027 1729 457
151 305 458
801 1027 459
341 1027 460
502 662 461
476 1004 462
87 199 463
1027 1769 464
888 911 465
1027 1400 466
1205 1652 467
171 468 468
1776 1817 469
368 1552 470
1466 1529 471
1485 1753 472
254 636 473
900 1027 474
1491 1498 475
203 1030 476
1027 1148 477
186 1453 478
214 475 479
475 486 480
26 792 481
354 1511 482
1027 1033 483
334 1067 484
475 937 485
1344 1700 486
973 1669 487
59 794 488
757 927 489
1396 1494 490
183 1349 491
342 1205 492
354 1678 493
1058 1664 494
1409 1611 495
915 1573 496
797 1027 497
119 482 498
254 1540 499
620 1466 500
158 1842 501
275 1832 502
560 1633 503
203 1192 504
929 1108 505
1027 1338 506
249 1851 507
867 1027 508
45 1183 509
637 1652 510
739 1707 511
139 502 512
567 708 513
1600 1664 514
1396 1552 515
638 1726 516
1108 1343 517
203 1718 518
284 843 519
1297 1398 520
927 1551 521
458 1027 522
628 1409 523
560 850 524
397 1493 525
637 1205 526
978 1417 527
203 1312 528
723 1573 529
59 1278 530
214 403 531
308 1067 532
723 1883 533
149 1562 534
302 1757 535
448 915 536
475 1173 537
146 681 538
1723 1857 539
491 1279 540
730 1054 541
751 1777 542
1573 1795 543
753 1369 544
560 577 545
60 1353 546
399 1707 547
147 749 548
628 1526 549
599 1726 550
263 898 551
1493 1749 552
176 497 553
1255 1329 554
1027 1226 555
763 987 556
784 1472 557
560 1700 558
898 1691 559
343 1713 560
898 1729 561
77 1027 562
92 863 563
476 1812 564
203 716 565
331 767 566
331 568 567
765 987 568
888 1096 569
171 807 570
857 1776 571
568 1416 572
1625 1697 573
518 911 574
1004 1778 575
1027 1683 576
38 1279 577
139 662 578
227 308 579
708 1277 580
395 885 581
708 1332 582
323 846 583
997 1723 584
311 1601 585
198 581 586
1027 1799 587
217 1614 588
756 917 589
518 1725 590
6 1822 591
729 1353 592
766 1491 593
321 1112 594
1128 1694 595
159 221 596
46 1453 597
476 1610 598
1027 1662 599
311 1705 600
397 1749 601
284 1183 602
397 1707 603
1056 1555 604
214 1624 605
842 1777 606
323 423 607
754 1506 608
305 1540 609
969 1027 610
130 1816 611
791 1752 612
836 1713 613
1027 1227 614
674 1065 615
149 1058 616
704 1004 617
767 1416 618
968 1027 619
62 1801 620
475 792 621
1491 1500 622
248 555 623
316 1398 624
90 753 625
166 395 626
1183 1408 627
226 681 628
316 1297 629
560 589 630
334 581 631
300 525 632
476 588 633
621 1137 634
1297 1494 635
48 713 636
778 1027 637
1669 1858 638
1707 1749 639
757 1578 640
186 1474 641
725 1316 642
420 1723 643
171 1323 644
567 1332 645
853 1319 646
947 1027 647
1794 1851 648
25 1334 649
525 1422 650
76 1369 651
428 772 652
560 655 653
302 1778 654
681 1830 655
46 740 656
906 1466 657
226 1491 658
226 1640 659
388 1269 660
654 1230 661
1448 1669 662
557 828 663
910 1027 664
130 988 665
140 895 666
768 1096 667
45 290 668
473 1700 669
977 1472 670
980 1337 671
1691 1697 672
388 1341 673
227 254 674
435 1728 675
149 1297 676
898 1703 677
1534 1622 678
379 807 679
491 798 680
585 1635 681
725 1826 682
311 837 683
1192 1718 684
893 1052 685
325 1463 686
495 1600 687
674 1243 688
59 850 689
106 1384 690
1306 1529 691
560 1314 692
1010 1713 693
604 1624 694
819 1819 695
325 1804 696
1519 1546 697
911 1569 698
704 1757 699
819 1020 700
74 628 701
898 1357 702
1038 1337 703
258 1453 704
435 1833 705
1231 1528 706
288 308 707
1030 1460 708
325 833 709
122 1529 710
681 1428 711
278 311 712
768 911 713
1275 1600 714
320 428 715
440 1519 716
440 1546 717
1446 1713 718
560 1278 719
242 1842 720
171 1187 721
484 892 722
1408 1555 723
1058 1203 724
46 712 725
46 602 726
1052 1782 727
214 772 728
739 1614 729
311 792 730
1088 1343 731
1321 1794 732
376 505 733
1027 1076 734
1234 1552 735
55 1472 736
214 277 737
765 1535 738
435 980 739
1368 1472 740
106 171 741
75 1185 742
6 495 743
79 615 744
135 318 745
560 855 746
1106 1332 747
679 1088 748
59 655 749
669 1277 750
1285 1491 751
356 483 752
186 407 753
588 681 754
147 329 755
145 618 756
432 1198 757
551 819 758
106 722 759
198 621 760
145 1753 761
245 898 762
700 806 763
403 830 764
1161 1408 765
199 917 766
1353 1526 767
1183 1570 768
359 1612 769
1723 1864 770
681 695 771
118 1753 772
135 1883 773
1493 1614 774
568 1429 775
1694 1752 776
403 1278 777
1669 1739 778
898 1002 779
425 1038 780
325 1020 781
819 1576 782
1364 1659 783
278 1472 784
507 1008 785
1395 1753 786
1472 1529 787
348 895 788
173 1529 789
1176 1624 790
1498 1640 791
92 409 792
290 1056 793
592 1334 794
893 1191 795
14 311 796
132 827 797
94 853 798
329 751 799
1621 1842 800
78 1525 801
106 325 802
22 311 803
893 1351 804
186 512 805
455 1665 806
1341 1354 807
6 1782 808
399 739 809
40 129 810
677 1133 811
768 1283 812
589 1700 813
893 1788 814
12 129 815
459 620 816
985 1775 817
94 1133 818
102 159 819
179 311 820
245 560 821
147 1777 822
584 958 823
681 1610 824
390 1622 825
483 1349 826
1562 1788 827
397 399 828
980 1728 829
92 755 830
648 1466 831
356 806 832
911 1725 833
325 1695 834
681 1788 835
581 1651 836
1285 1776 837
145 1283 838
162 819 839
482 860 840
311 603 841
31 1883 842
171 665 843
203 1788 844
1027 1132 845
121 561 846
878 1723 847
560 818 848
311 779 849
1500 1640 850
1639 1833 851
484 1422 852
908 1297 853
84 1119 854
203 1191 855
749 751 856
853 857 857
59 1621 858
318 1573 859
52 498 860
180 275 861
723 1073 862
648 1756 863
203 1460 864
389 1027 865
855 1842 866
186 489 867
556 1304 868
57 541 869
419 682 870
498 1070 871
546 798 872
114 1775 873
288 1137 874
636 1067 875
1027 1868 876
355 1624 877
73 701 878
528 1147 879
654 1889 880
853 1837 881
121 698 882
990 1776 883
505 1264 884
100 455 885
376 1264 886
973 1653 887
1269 1354 888
282 1587 889
258 816 890
1753 1850 891
911 1548 892
1009 1084 893
497 730 894
1185 1311 895
455 1809 896
827 1655 897
807 1676 898
43 314 899
574 1626 900
927 1717 901
430 584 902
1324 1498 903
25 967 904
873 1185 905
1245 1325 906
477 1624 907
136 354 908
325 678 909
159 1599 910
78 939 911
843 1570 912
284 1570 913
1625 1691 914
422 1546 915
197 1883 916
391 1656 917
840 1112 918
959 1185 919
555 1874 920
218 804 921
6 1052 922
1058 1823 923
44 106 924
468 747 925
119 1469 926
83 1844 927
239 311 928
89 971 929
617 1834 930
174 1387 931
677 853 932
74 1353 933
528 1529 934
641 1883 935
295 1268 936
96 295 937
203 1160 938
5 1668 939
398 681 940
620 913 941
992 1653 942
61 300 943
399 1749 944
1275 1664 945
275 1874 946
25 1494 947
146 476 948
189 258 949
1271 1396 950
1316 1826 951
171 1521 952
311 881 953
810 1213 954
585 1774 955
1139 1766 956
1185 1495 957
64 763 958
242 855 959
475 1075 960
690 1109 961
258 510 962
380 978 963
680 1185 964
1203 1600 965
1027 1209 966
1578 1682 967
1151 1816 968
706 749 969
1118 1754 970
1126 1546 971
460 1333 972
104 1653 973
989 1387 974
877 997 975
1805 1828 976
159 335 977
87 94 978
323 616 979
430 958 980
5 1534 981
937 1173 982
45 1056 983
996 1708 984
817 1073 985
78 853 986
52 1070 987
245 428 988
386 1245 989
166 1824 990
700 1789 991
476 1329 992
757 1682 993
912 1844 994
1286 1555 995
347 576 996
259 1777 997
729 1855 998
287 728 999
1515 1659 1000
382 1529 1001
1438 1708 1002
180 523 1003
252 411 1004
319 1777 1005
323 612 1006
17 275 1007
109 1183 1008
171 1382 1009
468 533 1010
132 1655 1011
167 301 1012
311 1560 1013
505 1666 1014
538 1798 1015
1018 1712 1016
475 1419 1017
576 1590 1018
721 722 1019
742 1198 1020
89 1362 1021
106 175 1022
157 311 1023
682 1135 1024
893 1447 1025
620 1074 1026
950 1582 1027
222 728 1028
1058 1467 1029
1073 1735 1030
73 1061 1031
208 1023 1032
617 1168 1033
1191 1788 1034
819 1382 1035
628 1430 1036
996 1168 1037
1319 1580 1038
682 1472 1039
159 1478 1040
1285 1837 1041
43 1740 1042
336 1717 1043
1788 1822 1044
275 942 1045
1229 1417 1046
1260 1726 1047
311 710 1048
246 1346 1049
863 1635 1050
765 988 1051
911 1549 1052
33 1587 1053
162 1842 1054
146 1329 1055
497 1054 1056
747 1520 1057
1113 1729 1058
583 681 1059
926 1377 1060
455 551 1061
604 1334 1062
125 1513 1063
158 398 1064
860 1614 1065
865 1243 1066
183 1444 1067
615 1044 1068
59 576 1069
1102 1832 1070
1645 1723 1071
44 1191 1072
372 1050 1073
607 1801 1074
917 1298 1075
35 485 1076
119 1567 1077
1458 1571 1078
376 1666 1079
91 615 1080
302 1510 1081
372 1312 1082
1058 1275 1083
323 594 1084
59 852 1085
260 1262 1086
428 938 1087
461 1851 1088
1014 1647 1089
1137 1388 1090
171 586 1091
242 898 1092
432 994 1093
64 1064 1094
203 1584 1095
1098 1417 1096
218 1493 1097
251 811 1098
1149 1573 1099
585 913 1100
1513 1735 1101
94 756 1102
258 1709 1103
242 560 1104
649 687 1105
996 1834 1106
358 765 1107
757 1551 1108
178 1180 1109
1245 1337 1110
357 1858 1111
440 1126 1112
615 1624 1113
1004 1884 1114
1223 1723 1115
1661 1708 1116
274 1447 1117
803 1525 1118
800 819 1119
1147 1588 1120
1200 1777 1121
949 1289 1122
532 539 1123
638 1479 1124
1337 1833 1125
398 938 1126
588 1812 1127
719 1723 1128
943 1648 1129
1351 1473 1130
6 486 1131
691 1529 1132
1199 1546 1133
857 1817 1134
1400 1614 1135
151 1388 1136
442 483 1137
1271 1297 1138
665 1279 1139
790 1055 1140
597 992 1141
105 366 1142
384 411 1143
1074 1466 1144
53 54 1145
1610 1812 1146
1630 1727 1147
174 989 1148
653 1723 1149
788 1119 1150
119 1024 1151
638 1104 1152
732 1109 1153
970 1183 1154
186 490 1155
1782 1822 1156
34 517 1157
312 365 1158
323 446 1159
624 1723 1160
803 1776 1161
1168 1661 1162
255 565 1163
323 580 1164
599 1224 1165
615 1174 1166
1668 1771 1167
830 1205 1168
615 1507 1169
1147 1314 1170
366 1488 1171
492 1177 1172
1131 1573 1173
1445 1555 1174
162 398 1175
186 1793 1176
1158 1285 1177
1185 1742 1178
170 219 1179
21 1763 1180
19 843 1181
44 1192 1182
419 1135 1183
767 1116 1184
107 860 1185
690 1857 1186
544 1565 1187
893 1112 1188
1467 1600 1189
424 541 1190
159 1142 1191
302 1421 1192
1538 1809 1193
356 503 1194
1264 1666 1195
136 735 1196
421 458 1197
149 1434 1198
1088 1760 1199
292 306 1200
880 1624 1201
99 1051 1202
146 302 1203
1116 1718 1204
43 1308 1205
171 364 1206
770 1727 1207
724 1863 1208
1648 1649 1209
946 1624 1210
792 1822 1211
481 1101 1212
1334 1809 1213
231 1477 1214
1442 1599 1215
248 524 1216
94 199 1217
119 1721 1218
576 1081 1219
908 1552 1220
1421 1884 1221
1861 1879 1222
1080 1465 1223
888 1614 1224
1292 1297 1225
325 455 1226
843 1103 1227
72 275 1228
600 1766 1229
1661 1834 1230
244 528 1231
1297 1392 1232
464 1710 1233
485 813 1234
608 1412 1235
892 1343 1236
694 1717 1237
844 882 1238
1093 1101 1239
73 313 1240
1122 1333 1241
841 1384 1242
766 985 1243
321 840 1244
943 1649 1245
39 1102 1246
316 1552 1247
871 1495 1248
533 1521 1249
616 846 1250
1602 1778 1251
366 1509 1252
617 1061 1253
354 1677 1254
214 494 1255
453 877 1256
1303 1770 1257
629 854 1258
61 135 1259
677 1817 1260
620 1786 1261
842 1624 1262
695 1329 1263
1103 1408 1264
50 428 1265
185 1112 1266
1594 1777 1267
17 705 1268
592 1516 1269
1134 1576 1270
1000 1773 1271
1357 1633 1272
529 1121 1273
291 1513 1274
874 1090 1275
84 788 1276
1624 1842 1277
170 421 1278
178 883 1279
1614 1749 1280
1639 1728 1281
558 1187 1282
228 302 1283
604 1773 1284
529 1592 1285
149 1033 1286
226 1329 1287
460 1524 1288
425 980 1289
468 764 1290
681 1550 1291
620 894 1292
1247 1861 1293
455 1402 1294
819 1131 1295
1064 1598 1296
88 1187 1297
236 325 1298
726 1302 1299
302 1244 1300
548 853 1301
339 564 1302
1465 1856 1303
275 487 1304
314 1443 1305
497 1457 1306
1111 1718 1307
184 527 1308
535 1324 1309
46 153 1310
1389 1390 1311
486 1382 1312
205 1701 1313
1600 1823 1314
884 960 1315
329 1266 1316
309 792 1317
203 1693 1318
608 979 1319
486 1624 1320
985 1483 1321
1467 1664 1322
325 1499 1323
355 615 1324
751 1266 1325
843 916 1326
911 1601 1327
995 1102 1328
735 1330 1329
766 1776 1330
843 897 1331
39 275 1332
620 1263 1333
695 1544 1334
1031 1562 1335
94 1298 1336
311 1392 1337
649 1300 1338
351 647 1339
1195 1584 1340
373 1474 1341
500 1779 1342
325 800 1343
92 1614 1344
413 979 1345
575 834 1346
1096 1614 1347
1325 1405 1348
531 1323 1349
706 751 1350
186 814 1351
212 1880 1352
497 1092 1353
921 1202 1354
1047 1819 1355
1529 1877 1356
16 614 1357
620 1744 1358
914 1727 1359
427 893 1360
1275 1467 1361
216 400 1362
1541 1797 1363
1163 1881 1364
983 1207 1365
1116 1312 1366
1630 1886 1367
79 231 1368
560 786 1369
1178 1334 1370
388 853 1371
1299 1354 1372
214 244 1373
409 1266 1374
843 1140 1375
332 1119 1376
1012 1832 1377
231 1790 1378
195 1792 1379
1297 1365 1380
874 1732 1381
521 1051 1382
109 1555 1383
1191 1224 1384
631 1382 1385
666 792 1386
325 1240 1387
1075 1112 1388
1535 1693 1389
1513 1859 1390
78 521 1391
1286 1445 1392
259 749 1393
590 1838 1394
749 1200 1395
791 1520 1396
78 886 1397
706 842 1398
998 1180 1399
193 1591 1400
1038 1728 1401
44 716 1402
90 127 1403
664 720 1404
1440 1624 1405
990 1525 1406
535 1511 1407
706 1777 1408
1275 1823 1409
319 749 1410
843 1681 1411
1047 1133 1412
46 1741 1413
187 816 1414
319 329 1415
1161 1286 1416
8 1660 1417
632 1051 1418
970 1555 1419
1770 1843 1420
325 1152 1421
78 246 1422
843 1846 1423
939 1007 1424
1207 1524 1425
482 1402 1426
675 1427 1427
1130 1568 1428
675 802 1429
367 1686 1430
682 1613 1431
1059 1519 1432
329 1594 1433
519 1311 1434
892 1848 1435
1206 1687 1436
1522 1531 1437
593 975 1438
614 1567 1439
590 1684 1440
677 857 1441
1217 1465 1442
296 325 1443
206 338 1444
1507 1624 1445
174 1379 1446
120 1389 1447
165 715 1448
1183 1437 1449
37 167 1450
274 1815 1451
329 706 1452
843 1642 1453
990 1817 1454
1290 1418 1455
657 846 1456
126 1334 1457
450 1193 1458
594 1557 1459
594 846 1460
263 1697 1461
401 817 1462
8 320 1463
996 1061 1464
232 441 1465
46 1733 1466
485 1176 1467
556 1172 1468
520 704 1469
281 1401 1470
785 1306 1471
1675 1791 1472
361 1599 1473
1122 1524 1474
681 786 1475
740 1386 1476
1061 1768 1477
381 1624 1478
214 1365 1479
861 1466 1480
161 1396 1481
747 1521 1482
792 1869 1483
382 1686 1484
1266 1777 1485
519 680 1486
712 1386 1487
325 381 1488
37 64 1489
723 974 1490
602 1386 1491
323 657 1492
1162 1541 1493
463 983 1494
790 905 1495
766 853 1496
1632 1634 1497
302 520 1498
196 366 1499
751 842 1500
792 1875 1501
64 628 1502
32 1589 1503
455 834 1504
635 843 1505
1195 1503 1506
6 64 1507
2 792 1508
1837 1856 1509
232 1361 1510
323 889 1511
488 1541 1512
1398 1552 1513
417 449 1514
792 1075 1515
1179 1822 1516
25 529 1517
119 1705 1518
749 1594 1519
1783 1784 1520
168 1519 1521
1176 1587 1522
1304 1446 1523
367 528 1524
173 1657 1525
1069 1070 1526
279 1046 1527
1374 1598 1528
688 1360 1529
335 1030 1530
605 1112 1531
436 686 1532
39 1202 1533
259 329 1534
715 1125 1535
781 1210 1536
500 629 1537
149 515 1538
240 449 1539
238 871 1540
270 792 1541
789 939 1542
843 1870 1543
1119 1533 1544
349 1542 1545
492 1832 1546
1727 1827 1547
911 1627 1548
584 946 1549
1374 1876 1550
568 1254 1551
799 952 1552
1779 1872 1553
833 1804 1554
1078 1803 1555
1329 1550 1556
175 1873 1557
329 1200 1558
1783 1842 1559
34 519 1560
235 1112 1561
317 349 1562
792 859 1563
291 1202 1564
160 1844 1565
846 889 1566
897 1408 1567
256 482 1568
482 991 1569
1465 1881 1570
214 769 1571
1408 1642 1572
64 1876 1573
684 707 1574
1343 1379 1575
1714 1731 1576
613 963 1577
386 1309 1578
187 814 1579
9 1516 1580
79 194 1581
723 1318 1582
6 681 1583
333 1121 1584
1312 1502 1585
539 944 1586
162 938 1587
601 1281 1588
277 1317 1589
277 1621 1590
438 1765 1591
761 1235 1592
335 1111 1593
64 241 1594
4 703 1595
853 1285 1596
325 1300 1597
777 793 1598
272 367 1599
223 1071 1600
159 1310 1601
1277 1589 1602
843 1218 1603
1329 1812 1604
355 1201 1605
599 1623 1606
504 1781 1607
1051 1138 1608
321 499 1609
851 1511 1610
594 889 1611
1189 1806 1612
148 1845 1613
240 830 1614
392 986 1615
843 1628 1616
333 720 1617
864 1370 1618
820 827 1619
538 1219 1620
1015 1173 1621
707 1123 1622
864 1820 1623
436 656 1624
242 1221 1625
923 1696 1626
70 201 1627
500 1885 1628
297 1747 1629
307 761 1630
539 1356 1631
335 1116 1632
113 1822 1633
35 1587 1634
964 1481 1635
67 1178 1636
495 1664 1637
781 861 1638
675 702 1639
1061 1661 1640
799 1397 1641
1674 1711 1642
612 846 1643
20 190 1644
423 594 1645
1356 1465 1646
616 1116 1647
1058 1827 1648
203 1831 1649
226 1255 1650
360 761 1651
837 1842 1652
81 955 1653
402 777 1654
494 1125 1655
805 1415 1656
750 1135 1657
1393 1426 1658
269 1819 1659
967 1592 1660
247 1575 1661
436 1261 1662
620 1507 1663
1116 1474 1664
1360 1423 1665
667 1461 1666
747 1478 1667
881 1775 1668
165 494 1669
1058 1706 1670
13 1138 1671
633 1442 1672
642 1796 1673
946 966 1674
352 1133 1675
625 1112 1676
117 1379 1677
676 696 1678
556 1068 1679
749 1266 1680
1161 1445 1681
651 1292 1682
534 1689 1683
864 1205 1684
66 918 1685
747 1294 1686
784 1624 1687
265 610 1688
360 1338 1689
548 677 1690
106 747 1691
1121 1414 1692
834 1131 1693
320 1099 1694
526 1175 1695
912 1003 1696
501 1679 1697
469 1197 1698
699 981 1699
1026 1807 1700
423 657 1701
294 1121 1702
319 842 1703
800 1842 1704
83 912 1705
256 513 1706
34 1257 1707
494 847 1708
351 1686 1709
734 1273 1710
66 1704 1711
445 1680 1712
642 1026 1713
188 1295 1714
433 538 1715
592 784 1716
26 1089 1717
187 813 1718
179 881 1719
482 1047 1720
782 1646 1721
49 190 1722
321 835 1723
224 277 1724
1822 1868 1725
362 1796 1726
709 1807 1727
1367 1788 1728
259 842 1729
278 879 1730
517 1016 1731
415 834 1732
526 1293 1733
28 613 1734
156 1033 1735
234 799 1736
1275 1706 1737
1456 1852 1738
470 1208 1739
403 1302 1740
309 945 1741
684 1123 1742
604 1071 1743
762 1363 1744
149 1828 1745
854 1779 1746
26 550 1747
1051 1745 1748
1376 1511 1749
1140 1408 1750
1258 1751 1751
639 1068 1752
747 1831 1753
801 1730 1754
1238 1425 1755
26 86 1756
269 455 1757
363 912 1758
160 201 1759
1437 1555 1760
401 496 1761
1123 1423 1762
102 747 1763
1003 1336 1764
215 766 1765
423 446 1766
1123 1580 1767
1297 1823 1768
199 1071 1769
842 1594 1770
105 1581 1771
107 1063 1772
22 881 1773
1027 1608 1774
747 1142 1775
701 1174 1776
1456 1811 1777
150 482 1778
905 1055 1779
972 1511 1780
1614 1635 1781
1560 1640 1782
92 935 1783
834 1020 1784
161 1234 1785
853 1047 1786
237 1842 1787
1272 1746 1788
387 627 1789
403 1411 1790
1695 1809 1791
439 774 1792
935 1140 1793
1211 1532 1794
15 360 1795
446 616 1796
493 1322 1797
665 788 1798
393 1082 1799
1181 1745 1800
1614 1707 1801
304 1839 1802
192 1776 1803
317 1075 1804
1425 1724 1805
538 1759 1806
408 1079 1807
437 1566 1808
864 1785 1809
6 443 1810
976 1242 1811
935 970 1812
633 1503 1813
203 1178 1814
1736 1746 1815
1408 1484 1816
1548 1549 1817
323 1557 1818
239 316 1819
1111 1160 1820
44 1584 1821
1319 1553 1822
769 1521 1823
1635 1729 1824
409 1164 1825
580 657 1826
682 750 1827
6 904 1828
101 1808 1829
608 786 1830
659 1381 1831
1372 1425 1832
26 1011 1833
1477 1511 1834
277 511 1835
731 1077 1836
116 772 1837
1232 1511 1838
1334 1828 1839
251 403 1840
1111 1456 1841
128 999 1842
940 956 1843
346 1605 1844
30 1374 1845
494 1249 1846
1382 1654 1847
801 975 1848
1121 1424 1849
1410 1849 1850
1463 1537 1851
79 467 1852
238 1358 1853
244 1882 1854
429 1021 1855
1140 1529 1856
98 1037 1857
623 875 1858
398 800 1859
283 370 1860
891 1618 1861
271 1166 1862
1408 1846 1863
747 1310 1864
842 1200 1865
164 1876 1866
637 837 1867
64 1382 1868
191 1476 1869
325 1095 1870
747 1342 1871
39 184 1872
1428 1812 1873
1463 1819 1874
66 780 1875
277 1145 1876
1153 1423 1877
1503 1599 1878
1529 1862 1879
36 1825 1880
44 745 1881
547 800 1882
1398 1500 1883
3 27 1884
47 1170 1885
800 1629 1886
1156 1821 1887
211 634 1888
1382 1641 1889
540 1091 1890
1178 1690 1891
738 1696 1892
1392 1398 1893
673 693 1894
244 549 1895
1376 1393 1896
133 1468 1897
1156 1890 1898
381 517 1899
551 1225 1900
111 1189 1901
1064 1102 1902
330 1574 1903
594 1614 1904
1431 1463 1905
353 1219 1906
1079 1182 1907
578 1406 1908
7 257 1909
244 640 1910
961 1143 1911
79 1636 1912
876 1620 1913
1123 1193 1914
769 1837 1915
792 1347 1916
437 1239 1917
651 1150 1918
1019 1394 1919
1058 1110 1920
631 1449 1921
452 1117 1922
112 952 1923
172 1011 1924
666 1660 1925
821 860 1926
1596 1864 1927
1178 1282 1928
1348 1750 1929
410 1607 1930
280 1734 1931
825 1449 1932
1664 1706 1933
15 1235 1934
609 1561 1935
538 1692 1936
591 1107 1937
717 1129 1938
1272 1787 1939
63 1167 1940
1116 1192 1941
244 1841 1942
1553 1650 1943
1121 1743 1944
1013 1307 1945
1212 1658 1946
1449 1545 1947
1764 1868 1948
256 1020 1949
591 1222 1950
493 868 1951
783 846 1952
1201 1507 1953
508 1492 1954
323 1028 1955
399 1614 1956
1131 1671 1957
321 993 1958
493 1313 1959
860 991 1960
1428 1550 1961
1095 1562 1962
107 1681 1963
513 1695 1964
1371 1403 1965
1085 1868 1966
1160 1503 1967
1475 1723 1968
671 746 1969
822 1036 1970
456 982 1971
1085 1715 1972
1340 1596 1973
26 1347 1974
137 797 1975
551 968 1976
1111 1116 1977
202 1237 1978
1220 1455 1979
792 1240 1980
711 1335 1981
1121 1564 1982
1339 1688 1983
144 1462 1984
325 652 1985
812 934 1986
1017 1809 1987
741 1868 1988
943 1503 1989
678 1402 1990
383 826 1991
834 1538 1992
225 1255 1993
1407 1487 1994
238 930 1995
280 685 1996
953 1720 1997
758 1486 1998
457 856 1999
1412 1508 2000
1423 1539 2001
1132 1322 2002
1297 1847 2003
672 1174 2004
1189 1670 2005
543 1394 2006
887 1616 2007
935 1132 2008
1482 1596 2009
1695 1696 2010
587 1673 2011
779 1157 2012
842 1266 2013
1191 1367 2014
1373 1699 2015
635 1408 2016
10 1406 2017
689 1670 2018
683 1315 2019
190 1300 2020
261 1380 2021
1278 1305 2022
591 1767 2023
920 1219 2024
1060 1063 2025
350 1810 2026
414 1048 2027
1121 1141 2028
797 1089 2029
689 1806 2030
515 1248 2031
760 1600 2032
1583 1772 2033
1614 1882 2034
737 1644 2035
579 1554 2036
1579 1814 2037
812 1609 2038
1001 1664 2039
298 668 2040
716 1436 2041
1284 1538 2042
1663 1810 2043
1319 1423 2044
144 1352 2045
881 968 2046
1057 1595 2047
1402 1538 2048
1505 1514 2049
451 1025 2050
477 956 2051
482 1136 2052
933 1064 2053
1252 1402 2054
335 1254 2055
665 1654 2056
1174 1619 2057
575 833 2058
1223 1614 2059
1017 1696 2060
56 143 2061
1667 1868 2062
85 1359 2063
238 1043 2064
1029 1124 2065
1378 1383 2066
363 938 2067
303 1267 2068
204 1837 2069
866 1423 2070
551 935 2071
918 1828 2072
1441 1865 2073
51 270 2074
744 1868 2075
1240 1246 2076
612 657 2077
250 1032 2078
1583 1830 2079
687 769 2080
3 957 2081
406 1194 2082
727 1356 2083
925 1514 2084
903 1888 2085
244 1829 2086
1259 1382 2087
298 572 2088
771 1327 2089
1300 1425 2090
1326 1868 2091
262 1615 2092
902 1702 2093
233 1868 2094
405 1350 2095
163 310 2096
237 1278 2097
1396 1847 2098
1580 1650 2099
453 1508 2100
902 1402 2101
1169 1234 2102
615 784 2103
552 1022 2104
1131 1836 2105
326 1603 2106
134 363 2107
385 1094 2108
649 1057 2109
749 1399 2110
853 1305 2111
1047 1609 2112
1203 1706 2113
750 1722 2114
474 736 2115
687 1191 2116
1154 1806 2117
26 137 2118
747 1382 2119
1209 1614 2120
1654 1836 2121
480 554 2122
1382 1499 2123
745 1609 2124
1024 1828 2125
1300 1322 2126
697 1203 2127
777 1255 2128
982 1480 2129
716 1291 2130
1291 1799 2131
152 1800 2132
1552 1847 2133
11 838 2134
862 868 2135
293 716 2136
213 396 2137
862 1313 2138
1292 1583 2139
1392 1847 2140
1452 1459 2141
896 1762 2142
1704 1828 2143
471 1214 2144
1060 1072 2145
131 775 2146
516 1144 2147
582 1762 2148
160 1580 2149
646 1508 2150
687 1310 2151
1060 1681 2152
200 1035 2153
849 1432 2154
207 1471 2155
404 749 2156
853 1097 2157
515 1702 2158
628 747 2159
26 1236 2160
583 1629 2161
947 1291 2162
1188 1609 2163
58 1580 2164
1329 1629 2165
155 1501 2166
456 582 2167
1654 1671 2168
542 1450 2169
716 947 2170
901 1274 2171
506 1614 2172
1047 1837 2173
1548 1569 2174
559 1614 2175
137 213 2176
1169 1297 2177
1215 1853 2178
1105 1567 2179
1159 1580 2180
1595 1738 2181
991 1136 2182
692 1471 2183
924 1452 2184
649 919 2185
780 1828 2186
716 1190 2187
1297 1350 2188
747 1861 2189
1375 1561 2190
509 838 2191
738 1131 2192
1049 1538 2193
1471 1593 2194
1600 1706 2195
862 1300 2196
1131 1259 2197
582 1480 2198
1254 1508 2199
1095 1157 2200
1032 1452 2201
1053 1094 2202
773 829 2203
477 849 2204
1274 1696 2205
900 1300 2206
1475 1830 2207
687 1322 2208
838 1265 2209
582 1288 2210
115 923 2211
582 643 2212
687 1342 2213
797 1617 2214
993 1075 2215
1095 1100 2216
1365 1392 2217
908 1847 2218
506 1549 2219
923 1489 2220
551 1047 2221
842 1165 2222
862 1322 2223
1105 1469 2224
1136 1469 2225
849 956 2226
213 1236 2227
837 1392 2228
1382 1608 2229
1347 1769 2230
1087 1116 2231
1375 1665 2232
1452 1471 2233
404 842 2234
1095 1114 2235
625 1075 2236
1251 1830 2237
444 1572 2238
902 905 2239
746 1116 2240
738 1876 2241
1116 1246 2242
872 1300 2243
1297 1755 2244
823 920 2245
1529 1608 2246
606 842 2247
792 1131 2248
1267 1300 2249
933 1799 2250
177 842 2251
1499 1665 2252
858 1435 2253
923 1511 2254
649 1259 2255
594 612 2256
1085 1617 2257
1105 1705 2258
1154 1300 2259
1250 1300 2260
933 1508 2261
1086 1595 2262
870 1331 2263
787 1171 2264
444 1322 2265
1186 1512 2266
1352 1670 2267
1398 1847 2268
1538 1758 2269
931 1116 2270
622 1716 2271
1352 1435 2272
1034 1111 2273
788 1799 2274
1116 1641 2275
1280 1420 2276
1549 1569 2277
954 1186 2278
713 1569 2279
947 1503 2280
692 1352 2281
650 1398 2282
948 1356 2283
1609 1702 2284
635 1484 2285
513 1862 2286
582 1433 2287
1580 1828 2288
1662 1828 2289
687 738 2290
1517 1780 2291
1392 1530 2292
207 1352 2293
965 1614 2294
137 750 2295
853 968 2296
750 1236 2297
842 1399 2298
902 1049 2299
609 938 2300
661 1871 2301
815 1094 2302
569 1868 2303
862 1585 2304
592 1862 2305
1255 1799 2306
1518 1529 2307
792 1300 2308
815 1053 2309
923 1577 2310
506 1400 2311
831 1828 2312
718 1062 2313
713 1549 2314
569 1780 2315
1352 1404 2316
1538 1828 2317
1034 1116 2318
1329 1829 2319
1435 1471 2320
687 1300 2321
848 1186 2322
1617 1769 2323
747 1300 2324
784 1367 2325
1086 1559 2326
1259 1470 2327
575 1352 2328
1136 1439 2329
592 1518 2330
687 689 2331
1300 1818 2332
687 1436 2333
1352 1452 2334
1799 1840 2335
327 1352 2336
687 808 2337
1259 1547 2338
1352 1672 2339
716 1799 2340
661 663 2341
747 1654 2342
1116 1572 2343
1553 1580 2344
809 1328 2345
573 1049 2346
644 1132 2347
1352 1496 2348
784 1103 2349
902 1413 2350
968 991 2351
1366 1400 2352
1665 1862 2353
920 1328 2354
1085 1174 2355
1154 1352 2356
1508 1654 2357
832 947 2358
849 940 2359
1228 1586 2360
796 1517 2361
1178 1862 2362
747 1131 2363
738 1563 2364
1060 1216 2365
1452 1828 2366
1105 1114 2367
1196 1352 2368
932 940 2369
1152 1352 2370
670 1748 2371
733 1301 2372
815 1875 2373
899 902 2374
1006 1828 2375
569 776 2376
1475 1547 2377
1105 1878 2378
1375 1471 2379
658 1392 2380
687 1867 2381
1755 1813 2382
1251 1631 2383
569 1355 2384
815 1186 2385
687 1320 2386
566 1490 2387
626 1184 2388
1062 1114 2389
1251 1464 2390
1400 1451 2391
1475 1853 2392
687 1256 2393
713 1136 2394
570 1039 2395
1040 1352 2396
1216 1439 2397
1340 1475 2398
1215 1475 2399
626 1259 2400
713 837 2401
1228 1719 2402
815 954 2403
1352 1490 2404
1828 1868 2405
957 1400 2406
1132 1828 2407
1276 1862 2408
1604 1608 2409
747 947 2410
716 1259 2411
837 1755 2412
1518 1802 2413
1608 1866 2414
736 1039 2415
661 1608 2416
682 784 2417
1518 1758 2418
645 1862 2419
948 1228 2420
1400 1408 2421
635 1507 2422
941 1862 2423
1530 1755 2424
619 1799 2425
687 947 2426
1228 1828 2427
1400 1643 2428
652 1490 2429
1233 1400 2430
951 1518 2431
626 792 2432
1005 1518 2433
1105 1436 2434
1047 1408 2435
471 1039 2436
713 1597 2437
713 1241 2438
1398 1755 2439
1608 1878 2440
1300 1436 2441
635 1236 2442
947 1300 2443
1039 1141 2444
784 792 2445
652 1452 2446
661 1095 2447
1609 1868 2448
713 1066 2449
1049 1518 2450
1499 1654 2451
718 1105 2452
1116 1503 2453
611 1862 2454
1039 1514 2455
1259 1300 2456
951 1862 2457
930 1039 2458
1296 1862 2459
1543 1862 2460
687 716 2461
743 1608 2462
1005 1862 2463
1259 1609 2464
948 1039 2465
611 1518 2466
650 713 2467
1758 1862 2468
1039 1586 2469
635 784 2470
1518 1685 2471
658 1755 2472
909 1518 2473
853 1799 2474
1296 1518 2475
1608 1685 2476
1259 1654 2477
1116 1868 2478
1228 1499 2479
1105 1471 2480
909 1862 2481
713 935 2482
687 1499 2483
1039 1043 2484
1116 1508 2485
687 1259 2486
687 1799 2487
1049 1862 2488
842 1828 2489
687 1508 2490
1116 1862 2491
