1729 1730 1
2313 2398 2
136 1729 3
1729 1732 4
2398 2659 5
515 830 6
844 845 7
1730 1732 8
136 1730 9
460 967 10
1253 1254 11
1729 1731 12
1729 1733 13
136 1732 14
423 2398 15
460 830 16
843 845 17
2446 2448 18
1730 1731 19
442 1253 20
1732 1733 21
1731 1732 22
2448 2617 23
460 515 24
1730 1733 25
1835 2448 26
589 1637 27
1729 1734 28
843 844 29
227 442 30
737 999 31
2313 2659 32
811 1543 33
423 2659 34
2402 2451 35
423 2313 36
1732 1734 37
2617 2618 38
728 748 39
2281 2404 40
136 1731 41
1730 1734 42
2446 2617 43
2089 2398 44
596 816 45
2281 2403 46
2448 2618 47
515 829 48
1731 1733 49
2089 2313 50
1733 1734 51
2404 2451 52
515 967 53
2213 2426 54
515 1532 55
2404 2450 56
1253 1255 57
810 1637 58
136 1733 59
136 1734 60
505 1339 61
1803 2456 62
651 844 63
460 1532 64
815 816 65
1835 2618 66
2281 2402 67
1835 2446 68
2402 2450 69
329 1803 70
442 1254 71
1835 2617 72
748 841 73
1731 1734 74
1803 2615 75
553 818 76
222 733 77
1803 2599 78
2446 2618 79
1764 2612 80
460 487 81
2402 2404 82
433 804 83
487 515 84
487 829 85
2281 2450 86
2403 2450 87
2403 2451 88
1803 2609 89
811 1375 90
1803 2614 91
829 830 92
728 842 93
53 1736 94
2450 2451 95
134 135 96
1764 1765 97
737 998 98
242 728 99
2402 2403 100
592 1044 101
728 841 102
2357 2402 103
505 1338 104
1803 2370 105
1803 2371 106
608 1765 107
811 2092 108
1254 1255 109
460 829 110
643 1571 111
1803 2449 112
1025 1249 113
1253 1578 114
737 1534 115
823 984 116
1105 1249 117
1862 2404 118
804 807 119
1422 1423 120
24 520 121
2281 2451 122
2357 2404 123
24 638 124
684 839 125
737 2373 126
1862 2403 127
589 592 128
829 1532 129
1803 2616 130
1296 1637 131
134 180 132
374 596 133
651 843 134
1803 2383 135
592 810 136
1025 1105 137
1637 1725 138
53 1004 139
2403 2404 140
2089 2659 141
2449 2456 142
1803 2608 143
614 1764 144
227 1254 145
832 2389 146
2357 2403 147
244 676 148
589 1296 149
553 819 150
737 1230 151
813 814 152
643 1720 153
1803 1848 154
1309 1331 155
2357 2451 156
642 643 157
423 2089 158
589 724 159
816 821 160
1862 2402 161
15 1375 162
643 644 163
24 640 164
643 1723 165
1249 1250 166
1803 2369 167
643 1719 168
1637 2453 169
644 1721 170
1720 1721 171
532 981 172
642 644 173
1720 1723 174
2402 2452 175
227 1255 176
737 2482 177
642 1721 178
651 845 179
1719 1720 180
1721 1723 181
589 810 182
614 1765 183
532 983 184
644 1720 185
506 1002 186
227 1253 187
644 1719 188
642 1720 189
1719 1721 190
437 2369 191
589 1725 192
642 1723 193
504 505 194
525 733 195
832 1084 196
2401 2402 197
2357 2450 198
838 839 199
1719 1723 200
1376 1377 201
1422 1424 202
1335 2351 203
1309 1330 204
684 1756 205
644 1723 206
1765 2612 207
85 87 208
737 1231 209
816 1184 210
1084 2389 211
85 1331 212
589 1648 213
642 1719 214
643 1721 215
737 2545 216
233 810 217
2456 2616 218
350 635 219
684 838 220
816 1376 221
1721 1722 222
1423 1424 223
1722 1723 224
775 1428 225
981 983 226
2404 2452 227
5 837 228
644 1722 229
810 1648 230
1633 1636 231
629 650 232
2401 2404 233
1720 1722 234
1584 2658 235
1719 1722 236
642 1722 237
433 807 238
447 701 239
1432 1764 240
832 2390 241
1637 1648 242
629 698 243
823 2726 244
737 738 245
222 732 246
1374 1375 247
742 2392 248
724 1296 249
1198 1199 250
86 87 251
2451 2452 252
775 1426 253
2371 2456 254
14 1392 255
912 1809 256
350 633 257
643 1724 258
1848 2369 259
2389 2390 260
2450 2452 261
532 982 262
592 1637 263
1253 2578 264
592 724 265
180 1752 266
592 826 267
2456 2599 268
816 1377 269
1633 1634 270
642 1724 271
1104 1105 272
998 999 273
1721 1724 274
1723 1724 275
838 840 276
515 2408 277
1720 1724 278
1719 1724 279
692 996 280
837 1639 281
675 676 282
684 840 283
596 1184 284
2402 2460 285
1084 2390 286
520 640 287
1722 1724 288
2403 2452 289
506 1008 290
643 1722 291
869 1241 292
1105 1250 293
592 1648 294
1253 1579 295
1634 1636 296
1381 1382 297
224 592 298
1025 1250 299
614 2612 300
775 1427 301
87 592 302
981 982 303
698 1338 304
999 1534 305
26 837 306
134 181 307
815 1533 308
92 837 309
823 863 310
85 86 311
1426 1428 312
2369 2370 313
85 233 314
156 2097 315
732 733 316
1736 2562 317
2401 2403 318
24 1650 319
698 984 320
2369 2744 321
2399 2407 322
638 640 323
1803 2744 324
223 592 325
837 1252 326
701 804 327
737 1563 328
2281 2452 329
826 1322 330
437 2744 331
2443 2445 332
437 1803 333
815 1184 334
1380 1381 335
343 1959 336
651 2467 337
816 1533 338
2448 2571 339
698 1339 340
733 1199 341
460 2441 342
982 983 343
651 708 344
683 684 345
2281 2611 346
129 184 347
242 1238 348
2444 2445 349
622 869 350
101 2369 351
14 60 352
650 651 353
1528 2281 354
651 698 355
329 2608 356
592 1296 357
1631 1632 358
532 1584 359
553 1638 360
644 1724 361
1245 1246 362
101 1803 363
1337 1339 364
674 675 365
1253 1298 366
1309 1310 367
1631 1727 368
129 998 369
515 2441 370
2614 2615 371
775 1429 372
1862 2357 373
573 1385 374
814 817 375
1572 1959 376
623 2395 377
233 592 378
832 2391 379
2281 2401 380
651 984 381
805 1244 382
608 614 383
479 820 384
651 2468 385
1308 1309 386
2392 2394 387
26 1639 388
684 2182 389
2443 2444 390
1803 2678 391
2281 2460 392
609 614 393
629 651 394
748 1577 395
1648 1725 396
454 822 397
561 1435 398
744 822 399
1338 1339 400
830 1532 401
1044 1637 402
2371 2383 403
692 1236 404
1183 1574 405
1387 1388 406
478 479 407
87 1311 408
733 1198 409
1735 2413 410
492 816 411
911 1390 412
53 1006 413
2281 2357 414
446 506 415
984 1338 416
1330 1331 417
2190 2479 418
442 894 419
743 744 420
454 743 421
50 53 422
233 690 423
308 638 424
775 1430 425
520 692 426
607 613 427
733 1373 428
86 592 429
573 995 430
24 25 431
684 1754 432
1025 1737 433
1803 2610 434
607 614 435
747 748 436
984 1339 437
1337 1338 438
1309 1311 439
404 816 440
613 614 441
244 675 442
156 2386 443
684 1489 444
1421 1423 445
2407 2442 446
1084 2391 447
589 664 448
1389 1390 449
506 521 450
811 1804 451
2357 2452 452
2399 2442 453
2357 2401 454
2371 2599 455
676 1652 456
129 183 457
1230 1231 458
1804 1843 459
589 1044 460
24 931 461
60 437 462
125 2380 463
487 2408 464
622 1241 465
733 1653 466
1318 1388 467
1427 1428 468
1254 2338 469
1531 1574 470
808 951 471
87 1331 472
1754 1756 473
630 698 474
87 233 475
2608 2609 476
1375 2275 477
1803 2677 478
651 709 479
2389 2391 480
1254 1892 481
2373 2545 482
643 1590 483
135 178 484
477 520 485
1862 2450 486
2447 2448 487
2448 2725 488
351 816 489
592 664 490
824 1638 491
1037 1242 492
644 1590 493
1428 1429 494
156 2372 495
573 993 496
684 1755 497
1184 1533 498
176 454 499
448 701 500
689 690 501
1735 2414 502
1862 2451 503
1391 1756 504
474 1375 505
651 1338 506
911 1389 507
444 504 508
1803 2589 509
910 911 510
2413 2414 511
329 2456 512
2390 2391 513
2400 2407 514
994 995 515
1428 1430 516
1308 1311 517
265 627 518
698 1301 519
2371 2449 520
404 1533 521
684 1391 522
607 612 523
674 676 524
15 811 525
1282 1390 526
1310 1311 527
742 1378 528
984 1337 529
1578 1579 530
1574 2588 531
1426 1429 532
596 1533 533
343 1572 534
505 1636 535
437 2589 536
1000 1001 537
1717 1718 538
692 997 539
329 2615 540
651 1337 541
596 815 542
869 1762 543
1308 1310 544
607 609 545
805 806 546
1584 1585 547
15 1374 548
53 1468 549
655 659 550
731 2417 551
87 1322 552
481 655 553
1333 1335 554
1489 1756 555
820 833 556
2399 2400 557
343 396 558
608 609 559
460 2408 560
814 2674 561
199 2357 562
265 624 563
351 1376 564
19 53 565
85 592 566
1426 1430 567
1792 1794 568
638 639 569
2371 2616 570
700 701 571
744 1324 572
811 1374 573
1803 2679 574
134 172 575
85 1311 576
474 1727 577
478 820 578
609 611 579
1753 2387 580
244 1652 581
822 1573 582
496 596 583
477 638 584
651 1339 585
238 1392 586
1147 1377 587
608 611 588
836 1037 589
589 1647 590
911 1282 591
22 24 592
603 998 593
869 1763 594
793 868 595
532 1585 596
1054 2411 597
1755 1756 598
199 2097 599
503 1737 600
520 638 601
553 824 602
629 1301 603
1318 2357 604
22 25 605
607 610 606
443 672 607
222 731 608
692 1005 609
199 431 610
596 2732 611
608 612 612
1421 1424 613
607 608 614
1727 2724 615
329 2609 616
743 822 617
2 954 618
994 1385 619
520 639 620
611 614 621
1246 1307 622
199 1862 623
624 625 624
454 744 625
2376 2377 626
816 2732 627
712 2411 628
647 1571 629
676 1431 630
1862 2281 631
2400 2442 632
350 1751 633
1054 2412 634
1848 2370 635
826 2396 636
108 134 637
743 1573 638
923 2332 639
1392 2660 640
332 1248 641
654 655 642
1652 1863 643
444 505 644
608 613 645
823 899 646
1183 1531 647
520 637 648
612 614 649
1421 1422 650
1426 1427 651
14 663 652
23 24 653
608 610 654
609 612 655
629 1735 656
2447 2571 657
592 1322 658
1432 1433 659
60 1392 660
86 1311 661
684 1757 662
712 1054 663
129 1831 664
740 1764 665
474 2724 666
1254 2190 667
820 908 668
265 625 669
596 1810 670
607 611 671
742 1379 672
610 614 673
479 508 674
2352 2672 675
611 613 676
651 1735 677
676 1576 678
635 1630 679
479 833 680
629 632 681
329 2614 682
655 656 683
646 1571 684
676 887 685
1574 2504 686
1769 1770 687
504 547 688
611 612 689
1322 1323 690
1378 1379 691
718 2405 692
433 1244 693
1528 1862 694
2571 2725 695
653 655 696
624 627 697
996 1315 698
573 1375 699
993 1385 700
5 26 701
612 613 702
1119 2735 703
2370 2371 704
1318 1387 705
23 25 706
1002 1008 707
444 521 708
492 1184 709
1044 1296 710
699 701 711
744 1325 712
2680 2700 713
1754 1755 714
719 2405 715
744 1573 716
592 1308 717
815 2732 718
2352 2731 719
1727 1728 720
2387 2388 721
629 707 722
700 804 723
474 871 724
589 882 725
86 1322 726
521 685 727
520 691 728
614 2224 729
729 731 730
821 1533 731
244 674 732
629 630 733
610 611 734
818 1342 735
1326 1327 736
264 1755 737
998 1329 738
1756 1757 739
2400 2665 740
454 2580 741
592 962 742
108 181 743
910 1389 744
2097 2400 745
447 448 746
698 1337 747
1489 1755 748
1245 1307 749
823 900 750
1334 1335 751
343 1284 752
646 647 753
692 1315 754
227 1578 755
1631 1728 756
993 994 757
1298 1579 758
637 638 759
53 421 760
610 612 761
1326 1328 762
2671 2672 763
609 610 764
20 24 765
481 654 766
723 724 767
1427 1430 768
198 453 769
350 413 770
504 1636 771
431 1318 772
442 1255 773
1388 2661 774
698 1251 775
351 1377 776
86 233 777
1753 2388 778
444 446 779
596 1055 780
1391 1755 781
629 631 782
675 1652 783
2276 2449 784
1429 1430 785
329 2371 786
596 1175 787
2588 2680 788
2281 2591 789
625 627 790
1002 2406 791
610 613 792
821 1184 793
542 1526 794
554 742 795
397 460 796
408 1632 797
674 1652 798
552 553 799
1958 1959 800
993 995 801
264 1184 802
1002 2634 803
1500 2378 804
244 887 805
373 733 806
492 1533 807
2467 2468 808
199 2400 809
242 1580 810
690 1726 811
623 835 812
230 698 813
638 691 814
454 1573 815
586 1536 816
242 482 817
951 1183 818
1160 1636 819
50 1468 820
479 507 821
994 1384 822
1381 1383 823
477 640 824
1563 2373 825
654 658 826
1036 1037 827
641 1185 828
692 1006 829
553 2690 830
951 1313 831
1533 2732 832
505 685 833
708 709 834
86 1331 835
914 2571 836
951 1314 837
450 2140 838
503 1025 839
676 1863 840
1427 1429 841
1264 1375 842
1330 2368 843
814 1362 844
603 604 845
26 158 846
2101 2102 847
1264 2633 848
446 505 849
264 1754 850
2097 2386 851
1792 1796 852
1282 1389 853
676 1575 854
264 596 855
1289 1326 856
36 45 857
698 1864 858
1119 2736 859
20 25 860
350 665 861
777 1850 862
1381 2097 863
505 521 864
413 665 865
559 825 866
1812 2416 867
603 606 868
995 1385 869
1635 1636 870
481 658 871
654 656 872
996 997 873
176 822 874
204 1342 875
714 745 876
656 657 877
2504 2588 878
503 2675 879
1384 1385 880
504 685 881
1298 1578 882
676 2698 883
608 2224 884
592 1309 885
637 640 886
923 1119 887
676 1640 888
718 1317 889
14 1058 890
561 2463 891
85 1322 892
343 1285 893
654 657 894
446 521 895
454 867 896
1387 2662 897
242 485 898
692 2668 899
1119 2332 900
868 2380 901
229 996 902
408 474 903
474 870 904
2110 2400 905
835 2395 906
1005 1006 907
1327 1328 908
724 1044 909
829 967 910
1704 2089 911
632 707 912
2688 2706 913
1254 2479 914
1006 1768 915
1824 2443 916
643 2680 917
675 887 918
2101 2745 919
676 1228 920
101 2371 921
350 2363 922
474 503 923
653 654 924
1335 1824 925
550 553 926
592 1310 927
2688 2705 928
592 1311 929
504 521 930
22 23 931
692 693 932
2415 2416 933
351 1147 934
373 732 935
962 1311 936
112 136 937
675 1863 938
198 954 939
672 1461 940
477 637 941
618 620 942
2447 2725 943
520 693 944
676 1175 945
343 2590 946
561 1055 947
404 1184 948
549 553 949
2665 2684 950
503 2458 951
1862 2401 952
495 596 953
1318 1319 954
2357 2591 955
923 2735 956
1808 1809 957
592 1647 958
830 967 959
910 1390 960
2675 2676 961
198 955 962
654 659 963
401 1033 964
561 1146 965
607 2224 966
698 1657 967
874 975 968
500 503 969
2352 2671 970
460 1771 971
53 533 972
592 882 973
496 1184 974
439 442 975
474 475 976
1175 1184 977
1812 2415 978
2588 2743 979
433 805 980
656 705 981
500 2675 982
1391 1489 983
2400 2684 984
474 501 985
651 2740 986
1004 1006 987
199 1388 988
639 640 989
2101 2709 990
494 684 991
2103 2745 992
460 488 993
654 705 994
604 605 995
1762 1763 996
640 691 997
1794 1796 998
176 743 999
505 1160 1000
308 2409 1001
609 2224 1002
629 2471 1003
2678 2679 1004
1324 1325 1005
1425 1768 1006
2564 2565 1007
630 707 1008
1362 2674 1009
341 401 1010
342 343 1011
630 1864 1012
477 639 1013
560 561 1014
651 2515 1015
2101 2103 1016
2677 2678 1017
474 499 1018
561 914 1019
51 53 1020
1036 1242 1021
1044 2378 1022
332 680 1023
912 1808 1024
474 555 1025
500 1025 1026
242 483 1027
129 1830 1028
672 673 1029
543 1526 1030
456 504 1031
481 657 1032
613 2224 1033
448 1796 1034
714 2256 1035
995 1384 1036
129 1329 1037
459 460 1038
244 1431 1039
448 700 1040
624 626 1041
954 2696 1042
766 2472 1043
1025 2707 1044
718 1316 1045
993 1384 1046
1824 2444 1047
478 833 1048
1263 1375 1049
373 731 1050
474 872 1051
503 2641 1052
125 868 1053
1289 1328 1054
2332 2735 1055
630 631 1056
676 978 1057
265 266 1058
609 613 1059
408 2724 1060
596 676 1061
656 706 1062
899 900 1063
975 1196 1064
1862 2452 1065
564 2688 1066
573 2663 1067
504 1160 1068
2097 2372 1069
1315 2668 1070
20 22 1071
604 2669 1072
656 658 1073
478 507 1074
592 1019 1075
408 1727 1076
129 603 1077
910 1282 1078
495 1184 1079
2498 2544 1080
1006 1425 1081
2281 2391 1082
447 1796 1083
490 1769 1084
500 2641 1085
1622 2185 1086
443 1461 1087
266 624 1088
505 506 1089
2680 2743 1090
603 1299 1091
622 834 1092
520 703 1093
561 2245 1094
604 606 1095
821 2613 1096
343 1881 1097
507 834 1098
607 2191 1099
198 990 1100
280 281 1101
402 826 1102
1644 1652 1103
136 137 1104
1100 1753 1105
199 1318 1106
504 1646 1107
482 483 1108
496 1755 1109
718 719 1110
693 1315 1111
2632 2704 1112
1526 2738 1113
264 684 1114
460 940 1115
955 1645 1116
2332 2559 1117
319 818 1118
408 1631 1119
507 508 1120
150 1321 1121
349 413 1122
401 1320 1123
413 1751 1124
413 2363 1125
592 1821 1126
519 520 1127
655 658 1128
923 2736 1129
653 656 1130
520 704 1131
445 446 1132
2102 2745 1133
266 625 1134
598 1025 1135
14 238 1136
659 684 1137
685 687 1138
458 460 1139
542 2738 1140
954 955 1141
596 2698 1142
653 705 1143
466 669 1144
503 2702 1145
1033 2469 1146
1260 1375 1147
605 606 1148
481 659 1149
808 1313 1150
689 1726 1151
266 474 1152
481 656 1153
496 1756 1154
1754 1757 1155
26 111 1156
1636 1646 1157
1647 1648 1158
1019 2161 1159
382 515 1160
867 2580 1161
954 2695 1162
1648 2072 1163
222 373 1164
730 731 1165
436 638 1166
564 2686 1167
14 1059 1168
834 869 1169
266 1727 1170
1318 1862 1171
634 635 1172
2400 2666 1173
53 2644 1174
638 703 1175
606 2669 1176
204 1581 1177
1175 1862 1178
826 1271 1179
2677 2679 1180
2139 2140 1181
297 861 1182
1848 2697 1183
238 554 1184
559 561 1185
1006 1767 1186
205 1001 1187
2735 2736 1188
1751 2363 1189
14 554 1190
626 627 1191
2332 2736 1192
264 496 1193
396 1284 1194
2513 2565 1195
775 1670 1196
525 1373 1197
592 1750 1198
651 746 1199
156 199 1200
561 2718 1201
618 621 1202
679 680 1203
222 750 1204
5 1639 1205
596 1228 1206
688 2165 1207
2458 2641 1208
631 632 1209
657 705 1210
592 641 1211
955 2695 1212
1773 2704 1213
592 2072 1214
1289 1327 1215
1862 2460 1216
2675 2702 1217
658 659 1218
1848 2733 1219
967 1532 1220
466 668 1221
625 626 1222
345 351 1223
742 2737 1224
1862 2611 1225
503 871 1226
573 2664 1227
665 666 1228
808 1314 1229
129 177 1230
836 1242 1231
1755 1757 1232
637 639 1233
20 23 1234
1767 1768 1235
474 574 1236
1388 2662 1237
678 1948 1238
777 1871 1239
676 1263 1240
308 804 1241
454 1711 1242
500 2702 1243
1369 2146 1244
474 502 1245
222 729 1246
685 686 1247
701 1491 1248
2705 2706 1249
176 954 1250
882 1648 1251
657 659 1252
2138 2723 1253
496 1175 1254
603 2669 1255
474 655 1256
564 2570 1257
341 492 1258
2272 2688 1259
826 2568 1260
227 229 1261
500 2676 1262
496 684 1263
676 1038 1264
693 2668 1265
2102 2103 1266
1229 2357 1267
1751 2272 1268
1037 1740 1269
1385 2663 1270
2378 2379 1271
2585 2587 1272
1201 1321 1273
1036 2587 1274
343 965 1275
481 705 1276
1381 2169 1277
638 704 1278
133 1948 1279
630 632 1280
481 653 1281
447 2151 1282
818 819 1283
912 1036 1284
474 476 1285
2103 2709 1286
564 2706 1287
633 1630 1288
657 658 1289
1313 1314 1290
478 2376 1291
494 1754 1292
1796 2151 1293
494 1755 1294
1096 1867 1295
549 550 1296
1948 2593 1297
2393 2493 1298
453 454 1299
503 574 1300
1881 1959 1301
1773 2632 1302
561 2353 1303
482 485 1304
592 1272 1305
2332 2557 1306
222 1529 1307
2332 2556 1308
818 827 1309
1385 2664 1310
729 750 1311
742 890 1312
462 2033 1313
1381 2061 1314
242 484 1315
129 152 1316
592 2549 1317
1500 2379 1318
443 673 1319
654 706 1320
955 2696 1321
198 2695 1322
503 2707 1323
561 562 1324
1242 1243 1325
564 2272 1326
520 1649 1327
993 2663 1328
561 2464 1329
638 2409 1330
996 2381 1331
618 877 1332
53 617 1333
685 688 1334
483 485 1335
658 706 1336
1004 2710 1337
2458 2675 1338
496 1754 1339
479 2488 1340
503 2676 1341
1058 1059 1342
233 664 1343
564 2363 1344
503 1375 1345
266 627 1346
1119 1787 1347
741 742 1348
592 723 1349
1290 1775 1350
592 1214 1351
2102 2709 1352
242 661 1353
618 876 1354
633 635 1355
341 1033 1356
815 821 1357
827 1581 1358
1428 1670 1359
198 2696 1360
150 1201 1361
547 818 1362
18 53 1363
561 2244 1364
2332 2681 1365
618 878 1366
1228 2698 1367
281 2573 1368
635 949 1369
1381 2279 1370
2665 2666 1371
2558 2559 1372
448 2151 1373
529 1583 1374
561 2639 1375
1175 2357 1376
2089 2091 1377
1572 1881 1378
188 1339 1379
204 818 1380
265 408 1381
742 1158 1382
1375 2331 1383
505 1646 1384
2272 2363 1385
2173 2332 1386
629 2476 1387
1175 1318 1388
266 1631 1389
826 2550 1390
1060 2738 1391
60 238 1392
444 445 1393
499 1375 1394
1862 2391 1395
698 1194 1396
1425 1767 1397
1160 1646 1398
413 666 1399
618 702 1400
1119 2519 1401
653 657 1402
1054 1170 1403
1045 1242 1404
227 725 1405
826 1500 1406
433 753 1407
592 929 1408
1380 1382 1409
53 1201 1410
2363 2565 1411
75 1025 1412
542 543 1413
2097 2110 1414
487 488 1415
2146 2283 1416
1036 2585 1417
495 1055 1418
525 1653 1419
531 532 1420
640 1649 1421
238 758 1422
1271 1500 1423
712 2566 1424
1830 1831 1425
547 864 1426
101 1848 1427
150 165 1428
150 1766 1429
740 1432 1430
710 712 1431
955 990 1432
564 1751 1433
624 2162 1434
718 720 1435
1290 1774 1436
2363 2564 1437
499 501 1438
515 537 1439
1381 2496 1440
1862 2591 1441
64 165 1442
475 655 1443
1329 1830 1444
408 1728 1445
705 706 1446
554 663 1447
559 2488 1448
222 2494 1449
482 484 1450
766 2471 1451
500 502 1452
1184 2732 1453
466 667 1454
1375 2461 1455
1948 2673 1456
401 2469 1457
542 1060 1458
499 503 1459
479 607 1460
603 605 1461
1823 1824 1462
350 494 1463
2571 2592 1464
609 2191 1465
1201 1766 1466
2559 2681 1467
483 484 1468
640 704 1469
522 532 1470
608 2191 1471
592 883 1472
592 930 1473
993 2664 1474
350 666 1475
711 712 1476
401 881 1477
435 638 1478
691 693 1479
1263 1264 1480
433 858 1481
592 1168 1482
199 1175 1483
554 741 1484
668 670 1485
686 687 1486
2557 2559 1487
1119 2106 1488
460 1760 1489
129 1509 1490
373 729 1491
499 870 1492
2088 2089 1493
640 703 1494
691 692 1495
1009 2741 1496
396 1285 1497
573 574 1498
607 834 1499
592 2520 1500
501 503 1501
503 598 1502
995 2663 1503
176 453 1504
667 668 1505
2097 2169 1506
513 515 1507
495 496 1508
1306 1307 1509
1375 2355 1510
1381 2500 1511
1264 2461 1512
714 715 1513
280 2573 1514
1055 1184 1515
656 659 1516
834 2502 1517
374 1582 1518
503 681 1519
603 1329 1520
514 515 1521
559 562 1522
427 2703 1523
2089 2716 1524
503 872 1525
479 559 1526
777 1869 1527
1381 2495 1528
620 670 1529
828 2274 1530
620 702 1531
887 1652 1532
198 2552 1533
766 1106 1534
550 551 1535
474 500 1536
882 1647 1537
658 705 1538
479 562 1539
53 2693 1540
470 472 1541
349 495 1542
1100 2388 1543
198 1306 1544
826 1044 1545
1044 1271 1546
667 670 1547
183 184 1548
515 538 1549
640 677 1550
592 1819 1551
341 1393 1552
659 705 1553
1381 2498 1554
1381 2499 1555
2101 2708 1556
1333 1824 1557
2085 2572 1558
497 498 1559
995 2664 1560
2272 2687 1561
543 886 1562
131 182 1563
139 358 1564
498 2455 1565
2695 2696 1566
742 889 1567
92 1252 1568
669 670 1569
500 501 1570
777 1870 1571
816 1188 1572
961 1242 1573
975 2730 1574
1019 2160 1575
2457 2592 1576
520 677 1577
2363 2688 1578
2280 2281 1579
818 888 1580
686 688 1581
499 502 1582
2173 2559 1583
75 2352 1584
199 1319 1585
726 1317 1586
1264 2462 1587
1316 1317 1588
495 1175 1589
530 532 1590
676 2685 1591
688 2166 1592
491 493 1593
526 532 1594
1175 2698 1595
199 1387 1596
1260 1264 1597
1321 1766 1598
81 448 1599
1751 2570 1600
877 878 1601
627 2162 1602
2061 2097 1603
621 670 1604
376 2703 1605
515 1211 1606
2173 2556 1607
646 992 1608
834 1241 1609
1381 2497 1610
515 534 1611
955 2552 1612
596 2105 1613
923 2551 1614
2363 2513 1615
1001 2428 1616
2556 2559 1617
350 495 1618
625 2162 1619
808 809 1620
712 1971 1621
826 2567 1622
920 2178 1623
569 2577 1624
1170 2559 1625
996 1236 1626
486 2705 1627
2103 2708 1628
132 446 1629
498 1883 1630
2097 2279 1631
421 2208 1632
633 634 1633
729 730 1634
2173 2557 1635
620 621 1636
746 1529 1637
2097 2495 1638
494 496 1639
1375 1517 1640
446 645 1641
112 2493 1642
498 544 1643
499 574 1644
433 2542 1645
638 1649 1646
2496 2498 1647
621 702 1648
659 706 1649
742 852 1650
865 866 1651
1774 1775 1652
281 1411 1653
2169 2498 1654
222 746 1655
1526 2397 1656
433 518 1657
2097 2496 1658
1261 1375 1659
165 1321 1660
460 1032 1661
653 658 1662
1229 2281 1663
618 619 1664
931 1783 1665
1229 1862 1666
1582 1758 1667
523 532 1668
527 532 1669
266 2724 1670
266 626 1671
562 607 1672
1018 2161 1673
671 2085 1674
465 466 1675
453 2420 1676
1529 2494 1677
1240 1867 1678
2279 2496 1679
198 1645 1680
226 714 1681
2371 2714 1682
2173 2681 1683
498 2480 1684
253 478 1685
373 750 1686
264 495 1687
439 1655 1688
484 485 1689
2498 2499 1690
112 2393 1691
499 500 1692
834 2488 1693
499 681 1694
528 532 1695
653 659 1696
2557 2681 1697
564 2705 1698
816 2179 1699
1381 2501 1700
524 532 1701
2279 2499 1702
555 1375 1703
5 111 1704
131 132 1705
1363 2274 1706
334 1002 1707
2165 2166 1708
503 1026 1709
481 706 1710
494 816 1711
350 496 1712
87 2246 1713
199 2110 1714
439 1656 1715
165 1766 1716
515 1213 1717
670 702 1718
2279 2500 1719
112 148 1720
2097 2498 1721
2496 2499 1722
640 2692 1723
1036 2584 1724
559 834 1725
408 563 1726
2169 2500 1727
2272 2570 1728
469 2274 1729
921 1256 1730
1018 1019 1731
2471 2476 1732
1819 1821 1733
2169 2279 1734
542 2543 1735
568 569 1736
559 607 1737
1229 2591 1738
199 2386 1739
607 2488 1740
1271 2568 1741
2371 2715 1742
226 227 1743
920 921 1744
1824 1825 1745
238 663 1746
566 567 1747
561 2538 1748
592 2712 1749
1315 2261 1750
718 726 1751
1016 1019 1752
2169 2499 1753
2498 2500 1754
2061 2498 1755
547 888 1756
914 1146 1757
2584 2585 1758
229 808 1759
1825 1828 1760
2496 2500 1761
659 1391 1762
2495 2499 1763
592 1820 1764
592 695 1765
2513 2514 1766
498 1336 1767
112 2141 1768
503 870 1769
1175 1229 1770
2499 2500 1771
264 1175 1772
498 1884 1773
2272 2713 1774
466 467 1775
502 503 1776
525 532 1777
435 436 1778
613 2321 1779
433 806 1780
529 531 1781
2169 2495 1782
344 350 1783
1170 2558 1784
2169 2496 1785
2097 2102 1786
668 669 1787
308 660 1788
1044 2550 1789
1380 1383 1790
2061 2279 1791
2474 2475 1792
169 866 1793
427 1804 1794
618 670 1795
1823 1828 1796
619 620 1797
1500 2568 1798
470 471 1799
951 1852 1800
2146 2606 1801
29 121 1802
2061 2169 1803
2495 2500 1804
188 1045 1805
244 2114 1806
2097 2499 1807
574 681 1808
2279 2495 1809
5 121 1810
562 2488 1811
705 971 1812
297 859 1813
592 1043 1814
1044 1500 1815
914 2718 1816
1704 2088 1817
139 736 1818
503 2252 1819
308 340 1820
694 695 1821
2470 2471 1822
1096 1239 1823
350 762 1824
165 1201 1825
1044 2379 1826
2332 2333 1827
198 1307 1828
2495 2496 1829
468 2274 1830
569 1009 1831
555 574 1832
596 818 1833
1718 2382 1834
433 2079 1835
919 921 1836
19 50 1837
567 568 1838
2061 2496 1839
2556 2557 1840
518 904 1841
2682 2683 1842
498 1196 1843
227 1418 1844
536 742 1845
297 2255 1846
950 951 1847
419 446 1848
439 894 1849
433 1789 1850
515 851 1851
2363 2687 1852
471 472 1853
560 562 1854
401 404 1855
700 1862 1856
522 530 1857
695 696 1858
204 827 1859
522 531 1860
1188 1533 1861
529 532 1862
550 1177 1863
718 1300 1864
494 495 1865
227 428 1866
439 440 1867
522 529 1868
2500 2501 1869
1819 1820 1870
341 404 1871
543 2397 1872
2061 2499 1873
1096 1240 1874
453 955 1875
638 2692 1876
2663 2664 1877
60 112 1878
430 680 1879
1019 2078 1880
2279 2498 1881
2556 2681 1882
128 129 1883
280 1411 1884
2061 2495 1885
510 511 1886
460 1112 1887
336 337 1888
522 528 1889
826 1268 1890
2496 2501 1891
681 1375 1892
1106 2472 1893
919 1256 1894
2061 2500 1895
2499 2501 1896
101 2370 1897
1038 1228 1898
449 450 1899
1820 1821 1900
350 352 1901
2566 2643 1902
1264 2355 1903
404 1570 1904
496 1055 1905
127 129 1906
1604 1605 1907
2488 2502 1908
1038 1175 1909
2332 2537 1910
129 153 1911
244 2113 1912
2495 2498 1913
112 149 1914
493 1570 1915
264 428 1916
555 681 1917
2498 2501 1918
2097 2501 1919
238 741 1920
499 1209 1921
529 530 1922
1012 1019 1923
349 350 1924
1672 2705 1925
639 691 1926
479 834 1927
453 2362 1928
618 879 1929
499 682 1930
559 560 1931
1188 2179 1932
558 559 1933
1827 1828 1934
592 2264 1935
2097 2497 1936
522 526 1937
476 1375 1938
499 555 1939
808 1772 1940
238 451 1941
433 905 1942
2146 2284 1943
138 139 1944
522 525 1945
1185 1187 1946
362 2198 1947
515 1210 1948
826 1043 1949
522 524 1950
229 809 1951
633 949 1952
527 528 1953
1369 2283 1954
1500 2550 1955
233 689 1956
656 971 1957
1862 2280 1958
297 2717 1959
1717 2382 1960
1271 2550 1961
1499 1500 1962
245 1095 1963
266 2162 1964
1044 2568 1965
562 834 1966
2169 2501 1967
679 1247 1968
1036 2586 1969
1060 1526 1970
2279 2501 1971
481 971 1972
522 527 1973
818 1581 1974
1704 2716 1975
2279 2497 1976
1948 2554 1977
470 1086 1978
503 555 1979
522 523 1980
2226 2705 1981
39 47 1982
526 529 1983
1824 1827 1984
2097 2500 1985
667 669 1986
1024 1025 1987
561 2023 1988
619 621 1989
592 696 1990
297 2254 1991
1850 1871 1992
233 1214 1993
766 2470 1994
1824 1826 1995
2363 2570 1996
2496 2497 1997
1055 1175 1998
478 2377 1999
501 502 2000
461 462 2001
466 670 2002
1382 1383 2003
527 531 2004
549 551 2005
818 1006 2006
527 529 2007
188 1020 2008
213 332 2009
2497 2498 2010
1616 2134 2011
776 892 2012
2363 2713 2013
953 955 2014
718 1846 2015
618 880 2016
816 1187 2017
2497 2500 2018
527 530 2019
528 530 2020
870 871 2021
185 850 2022
818 821 2023
2097 2103 2024
1875 2108 2025
1641 2156 2026
1825 1826 2027
466 619 2028
524 531 2029
571 573 2030
746 2494 2031
466 956 2032
2061 2501 2033
351 1011 2034
742 974 2035
349 665 2036
718 1845 2037
2495 2501 2038
892 894 2039
525 528 2040
1641 2157 2041
660 991 2042
572 573 2043
523 525 2044
528 531 2045
349 494 2046
1021 1025 2047
638 677 2048
558 562 2049
199 2372 2050
567 569 2051
1850 1870 2052
2100 2102 2053
1025 1026 2054
1876 1877 2055
496 1757 2056
1264 2275 2057
1526 2543 2058
373 730 2059
526 528 2060
726 1316 2061
1169 1170 2062
408 409 2063
1823 1826 2064
2155 2156 2065
376 377 2066
619 876 2067
266 563 2068
523 528 2069
705 1303 2070
1170 2484 2071
206 1193 2072
1641 1875 2073
530 531 2074
238 505 2075
2714 2715 2076
1043 1044 2077
213 835 2078
523 529 2079
525 531 2080
1850 1869 2081
401 2122 2082
523 531 2083
528 529 2084
526 531 2085
2169 2497 2086
2061 2497 2087
2497 2499 2088
478 1222 2089
1533 2179 2090
776 894 2091
486 1672 2092
573 681 2093
1196 2339 2094
2099 2102 2095
2550 2568 2096
1704 2091 2097
336 1838 2098
524 529 2099
401 492 2100
1258 1259 2101
554 662 2102
524 527 2103
1170 2483 2104
5 46 2105
526 527 2106
388 443 2107
523 527 2108
1271 2567 2109
226 715 2110
1605 2689 2111
1268 1271 2112
2495 2497 2113
432 433 2114
517 1758 2115
524 530 2116
555 573 2117
462 463 2118
238 452 2119
523 530 2120
1238 1580 2121
2567 2568 2122
1015 1019 2123
266 438 2124
882 883 2125
1169 2484 2126
894 1656 2127
468 1363 2128
1602 1605 2129
233 1726 2130
526 530 2131
887 978 2132
374 1758 2133
308 823 2134
550 1178 2135
925 1259 2136
1184 1187 2137
1272 1273 2138
894 1815 2139
185 540 2140
566 568 2141
478 559 2142
914 2457 2143
1228 2685 2144
224 233 2145
777 778 2146
892 1815 2147
852 974 2148
566 569 2149
511 512 2150
1826 1827 2151
377 427 2152
244 2115 2153
574 1375 2154
1019 2337 2155
373 1529 2156
1750 2264 2157
2068 2144 2158
296 596 2159
433 752 2160
524 528 2161
1263 2275 2162
1500 2567 2163
2490 2491 2164
409 697 2165
460 1111 2166
517 1582 2167
524 526 2168
1869 1871 2169
1837 1838 2170
525 527 2171
1823 1827 2172
2088 2091 2173
408 438 2174
470 987 2175
223 233 2176
334 1008 2177
524 525 2178
894 1816 2179
1536 2350 2180
1823 1825 2181
525 526 2182
373 2494 2183
503 1742 2184
656 1303 2185
659 971 2186
1704 2087 2187
43 48 2188
523 524 2189
705 1302 2190
656 1302 2191
1870 1871 2192
2283 2606 2193
525 530 2194
886 2481 2195
1704 2086 2196
1948 2553 2197
703 704 2198
197 199 2199
1641 1877 2200
710 711 2201
264 645 2202
616 2489 2203
776 893 2204
373 746 2205
176 443 2206
392 574 2207
215 351 2208
336 2465 2209
776 1815 2210
818 887 2211
1175 1228 2212
1875 1878 2213
252 253 2214
690 980 2215
2098 2102 2216
518 902 2217
1529 2667 2218
503 1491 2219
2497 2501 2220
404 2122 2221
48 565 2222
891 892 2223
19 421 2224
48 1822 2225
223 224 2226
1565 2157 2227
619 880 2228
892 1816 2229
518 2079 2230
250 252 2231
376 427 2232
1013 1019 2233
922 2416 2234
2096 2102 2235
972 973 2236
15 98 2237
925 1258 2238
404 491 2239
252 1222 2240
523 526 2241
1703 1704 2242
1825 1827 2243
2255 2717 2244
466 957 2245
505 1200 2246
1869 1870 2247
914 2592 2248
1184 1188 2249
1292 2101 2250
515 1270 2251
1641 2155 2252
112 114 2253
442 1656 2254
889 890 2255
1036 2583 2256
476 555 2257
433 2070 2258
185 541 2259
919 920 2260
486 2226 2261
710 2566 2262
492 1570 2263
1260 2275 2264
1261 1264 2265
1823 1829 2266
1044 1168 2267
2275 2461 2268
75 503 2269
253 1222 2270
374 517 2271
619 879 2272
1827 1829 2273
1514 2085 2274
876 879 2275
133 2593 2276
536 852 2277
505 857 2278
1534 2168 2279
2283 2284 2280
64 115 2281
930 1616 2282
490 1305 2283
849 852 2284
244 1190 2285
308 358 2286
1222 2477 2287
1879 2137 2288
2593 2673 2289
235 2469 2290
1044 2567 2291
525 529 2292
1016 1018 2293
1044 1499 2294
469 1363 2295
542 1527 2296
876 880 2297
1304 1814 2298
1825 1829 2299
86 2246 2300
1876 2108 2301
198 1001 2302
1169 2483 2303
892 893 2304
185 2424 2305
753 858 2306
337 374 2307
460 1466 2308
936 939 2309
2550 2567 2310
2477 2478 2311
336 2466 2312
920 1880 2313
891 894 2314
891 1816 2315
2574 2575 2316
2333 2537 2317
2424 2522 2318
350 761 2319
503 1024 2320
909 911 2321
442 1655 2322
337 2465 2323
238 742 2324
619 956 2325
776 1816 2326
1139 2561 2327
1500 1502 2328
1014 1019 2329
39 130 2330
340 758 2331
688 1364 2332
648 1052 2333
490 2363 2334
503 2694 2335
716 717 2336
503 1021 2337
1292 2097 2338
1534 2167 2339
264 1055 2340
677 1649 2341
2483 2484 2342
45 79 2343
358 736 2344
1184 2179 2345
1012 1018 2346
392 572 2347
1641 1878 2348
349 1053 2349
1342 1652 2350
1875 2109 2351
440 442 2352
226 1304 2353
1053 1518 2354
774 777 2355
1565 1641 2356
185 945 2357
678 2673 2358
1268 2568 2359
1641 1876 2360
112 137 2361
678 2593 2362
133 2673 2363
1036 1949 2364
431 893 2365
740 1433 2366
1865 1866 2367
510 554 2368
1187 1188 2369
337 2466 2370
2254 2717 2371
517 518 2372
1139 1207 2373
492 499 2374
45 986 2375
358 374 2376
1207 2561 2377
891 1815 2378
503 682 2379
559 2434 2380
893 1816 2381
1012 2078 2382
1525 1526 2383
1704 2090 2384
284 446 2385
776 891 2386
861 2255 2387
458 1771 2388
559 2433 2389
885 886 2390
343 645 2391
1369 2606 2392
2353 2464 2393
476 499 2394
891 893 2395
491 492 2396
849 868 2397
1742 2458 2398
1885 1886 2399
1174 1175 2400
374 446 2401
401 403 2402
1012 1016 2403
510 512 2404
1829 2594 2405
1287 1289 2406
1529 2548 2407
2160 2161 2408
565 1822 2409
133 678 2410
308 2285 2411
406 2569 2412
465 467 2413
404 499 2414
2100 2103 2415
659 1303 2416
1019 2077 2417
1260 1263 2418
648 649 2419
2254 2255 2420
1268 1500 2421
2275 2355 2422
1434 1881 2423
481 1303 2424
1187 2179 2425
592 2160 2426
1173 1222 2427
1176 1270 2428
2144 2459 2429
408 928 2430
788 895 2431
308 1494 2432
695 2159 2433
1280 1510 2434
469 1334 2435
481 1302 2436
2574 2576 2437
336 2277 2438
1222 2478 2439
476 574 2440
892 2070 2441
2155 2157 2442
2156 2157 2443
2355 2461 2444
341 403 2445
806 2070 2446
1704 1705 2447
494 1184 2448
1268 2550 2449
1292 2102 2450
252 939 2451
893 894 2452
1017 1019 2453
382 537 2454
1263 1575 2455
2463 2464 2456
645 965 2457
490 2273 2458
806 1219 2459
895 2492 2460
1870 1872 2461
599 2439 2462
1672 2226 2463
1529 2711 2464
185 946 2465
1012 1015 2466
1514 2572 2467
700 1491 2468
787 788 2469
806 2074 2470
461 463 2471
500 1026 2472
503 1492 2473
920 1256 2474
1877 2108 2475
308 677 2476
392 573 2477
2489 2547 2478
1677 2574 2479
427 1071 2480
806 2060 2481
1641 2108 2482
572 1354 2483
599 2491 2484
870 872 2485
244 541 2486
1677 2575 2487
455 456 2488
2353 2463 2489
478 2478 2490
662 663 2491
1869 1872 2492
344 349 2493
548 1885 2494
1418 1419 2495
518 901 2496
2081 2474 2497
1035 1036 2498
47 130 2499
1850 1872 2500
262 1811 2501
185 2522 2502
871 872 2503
2287 2563 2504
213 722 2505
1815 1816 2506
598 1026 2507
690 963 2508
18 1201 2509
64 1853 2510
518 905 2511
1038 1039 2512
238 354 2513
261 2489 2514
462 464 2515
953 954 2516
1924 2560 2517
468 469 2518
213 721 2519
464 2454 2520
1281 1282 2521
1177 1178 2522
229 359 2523
185 944 2524
356 373 2525
2575 2576 2526
478 2477 2527
2244 2245 2528
38 1536 2529
2097 2098 2530
2099 2103 2531
490 2272 2532
377 2703 2533
574 682 2534
1292 2103 2535
516 518 2536
518 903 2537
787 2492 2538
238 340 2539
383 1536 2540
517 902 2541
787 895 2542
930 1272 2543
537 851 2544
861 2717 2545
855 856 2546
1288 1289 2547
616 2177 2548
1383 1535 2549
503 1493 2550
1220 1811 2551
777 924 2552
861 2254 2553
599 2546 2554
1187 1533 2555
308 1277 2556
1282 1283 2557
1052 1643 2558
848 849 2559
1018 2078 2560
1774 2595 2561
2277 2465 2562
517 903 2563
500 1024 2564
1003 2069 2565
536 974 2566
238 662 2567
1029 1361 2568
1001 2336 2569
598 2694 2570
2473 2474 2571
659 1302 2572
1426 2149 2573
51 52 2574
515 1212 2575
517 901 2576
1774 1881 2577
1856 1857 2578
382 1270 2579
859 861 2580
1268 2567 2581
540 541 2582
619 957 2583
433 2073 2584
554 896 2585
572 574 2586
329 1053 2587
930 2134 2588
1210 1211 2589
808 898 2590
1565 2156 2591
548 1886 2592
671 1514 2593
893 1815 2594
190 404 2595
1222 1874 2596
349 496 2597
1263 2461 2598
1029 1362 2599
1369 2284 2600
1602 1604 2601
571 2176 2602
879 880 2603
1565 2155 2604
358 1207 2605
407 408 2606
1044 1268 2607
1797 2548 2608
937 1222 2609
1875 2107 2610
826 1168 2611
1229 2280 2612
694 696 2613
1489 1490 2614
44 45 2615
250 1222 2616
922 1812 2617
1530 2548 2618
1894 2439 2619
407 409 2620
535 849 2621
569 1434 2622
186 1817 2623
433 1219 2624
2515 2740 2625
406 2119 2626
308 2309 2627
536 849 2628
1530 2667 2629
695 1295 2630
2465 2466 2631
856 1053 2632
895 2487 2633
2098 2103 2634
718 1409 2635
476 503 2636
498 1208 2637
250 1173 2638
1236 1237 2639
47 71 2640
1529 1530 2641
243 244 2642
337 359 2643
1015 1018 2644
31 896 2645
414 1489 2646
855 1053 2647
206 207 2648
500 598 2649
468 1544 2650
694 1500 2651
1053 1520 2652
962 1214 2653
1529 2133 2654
918 921 2655
2096 2097 2656
157 373 2657
399 473 2658
816 1186 2659
1270 1813 2660
2137 2138 2661
1361 1362 2662
2034 2144 2663
185 210 2664
1417 1418 2665
1642 1643 2666
252 255 2667
1261 2275 2668
440 894 2669
414 854 2670
1044 1502 2671
373 1530 2672
945 1040 2673
2161 2348 2674
382 538 2675
1185 1186 2676
1677 2576 2677
75 598 2678
937 2477 2679
1828 1829 2680
1604 2689 2681
853 855 2682
752 753 2683
945 1038 2684
806 2073 2685
253 2477 2686
854 856 2687
1526 1527 2688
186 1773 2689
569 2104 2690
266 2503 2691
405 2569 2692
432 806 2693
503 1023 2694
1219 2070 2695
392 681 2696
599 1894 2697
922 2415 2698
975 1544 2699
433 2074 2700
659 2000 2701
392 571 2702
1067 2138 2703
893 2070 2704
1417 1419 2705
1038 1041 2706
238 857 2707
852 975 2708
349 352 2709
226 556 2710
1227 1228 2711
1426 2150 2712
382 1213 2713
1038 1042 2714
1026 2694 2715
264 932 2716
340 971 2717
1287 1288 2718
892 2071 2719
403 499 2720
1016 2078 2721
930 1273 2722
2096 2103 2723
599 2490 2724
260 2489 2725
478 2485 2726
481 2251 2727
592 2348 2728
229 1312 2729
409 1564 2730
1948 2540 2731
206 1542 2732
461 464 2733
226 1814 2734
405 406 2735
916 1047 2736
854 855 2737
1184 1185 2738
598 1492 2739
695 2158 2740
569 1074 2741
1159 1948 2742
176 188 2743
308 767 2744
956 957 2745
2082 2083 2746
500 1021 2747
431 2563 2748
654 1028 2749
645 2646 2750
1222 1873 2751
913 914 2752
1175 1227 2753
453 816 2754
907 1349 2755
887 1342 2756
916 1046 2757
167 696 2758
266 928 2759
459 1771 2760
1175 2685 2761
261 615 2762
2487 2492 2763
1797 2133 2764
498 652 2765
535 536 2766
974 975 2767
1257 1259 2768
831 1472 2769
204 1205 2770
893 2375 2771
226 884 2772
1237 1238 2773
674 1342 2774
358 1847 2775
404 492 2776
308 2286 2777
599 636 2778
29 61 2779
696 1500 2780
1881 2418 2781
1513 1514 2782
358 1280 2783
694 1295 2784
36 70 2785
229 441 2786
2097 2099 2787
514 1212 2788
914 1047 2789
921 922 2790
250 939 2791
404 493 2792
12 112 2793
19 51 2794
233 962 2795
349 416 2796
264 2646 2797
536 975 2798
788 2487 2799
266 409 2800
476 681 2801
875 1818 2802
1302 1303 2803
774 778 2804
266 408 2805
787 2487 2806
194 1866 2807
213 273 2808
250 253 2809
215 1011 2810
243 1190 2811
382 851 2812
853 856 2813
700 1979 2814
70 113 2815
415 1489 2816
1261 2461 2817
431 1472 2818
914 1046 2819
1038 1040 2820
469 1544 2821
654 1030 2822
338 505 2823
945 1039 2824
336 374 2825
1530 2711 2826
654 1029 2827
2374 2375 2828
238 332 2829
1601 1605 2830
226 430 2831
654 1361 2832
755 1214 2833
1348 1349 2834
592 1409 2835
273 332 2836
854 1053 2837
408 2503 2838
518 752 2839
14 379 2840
252 936 2841
206 1541 2842
818 2117 2843
432 2070 2844
1015 1016 2845
75 500 2846
268 2581 2847
451 452 2848
2161 2347 2849
916 917 2850
1300 1845 2851
492 493 2852
225 227 2853
2081 2084 2854
223 755 2855
699 700 2856
742 975 2857
226 578 2858
250 936 2859
2473 2475 2860
598 1024 2861
404 1056 2862
944 945 2863
513 534 2864
262 1220 2865
490 2354 2866
503 1343 2867
2108 2109 2868
39 122 2869
427 1712 2870
598 1021 2871
440 1188 2872
397 1077 2873
654 1362 2874
914 2524 2875
1529 1797 2876
2083 2084 2877
639 1011 2878
1034 2428 2879
925 1257 2880
1530 2133 2881
224 755 2882
592 1808 2883
344 414 2884
414 1053 2885
700 945 2886
2160 2348 2887
2114 2115 2888
1034 1348 2889
108 109 2890
440 1185 2891
913 2524 2892
951 1266 2893
1850 2116 2894
373 1083 2895
1263 2355 2896
362 1237 2897
616 2739 2898
1235 1236 2899
337 2277 2900
853 1053 2901
656 2251 2902
233 755 2903
916 1048 2904
248 951 2905
914 1346 2906
1797 2711 2907
431 2287 2908
190 401 2909
1029 1030 2910
1046 1047 2911
414 855 2912
207 1542 2913
358 434 2914
883 930 2915
752 858 2916
372 2104 2917
1870 2116 2918
1527 2543 2919
215 639 2920
226 2143 2921
1022 1026 2922
303 2603 2923
541 700 2924
470 1130 2925
2226 2410 2926
2097 2100 2927
443 2517 2928
914 916 2929
114 115 2930
1260 2461 2931
1026 1492 2932
404 576 2933
273 758 2934
492 1522 2935
700 1038 2936
1067 2137 2937
1499 1502 2938
1018 2337 2939
503 1344 2940
758 1224 2941
2581 2582 2942
2485 2486 2943
252 1173 2944
253 936 2945
45 70 2946
392 1354 2947
392 2176 2948
478 2486 2949
1028 1030 2950
659 2251 2951
914 1049 2952
1233 1236 2953
2082 2084 2954
756 827 2955
2339 2525 2956
816 2012 2957
75 1026 2958
1219 2074 2959
1260 2355 2960
97 98 2961
433 1218 2962
260 616 2963
308 1276 2964
914 1347 2965
349 414 2966
1869 2116 2967
1774 2596 2968
659 2136 2969
661 1061 2970
228 229 2971
1211 1212 2972
213 338 2973
568 2104 2974
264 938 2975
253 1173 2976
1605 1702 2977
598 1023 2978
440 1656 2979
337 1135 2980
343 964 2981
555 682 2982
914 915 2983
910 2325 2984
2113 2114 2985
207 1541 2986
1426 1926 2987
1012 1014 2988
250 255 2989
351 639 2990
1052 2359 2991
1795 2226 2992
659 1010 2993
782 1040 2994
915 1046 2995
362 1233 2996
268 2582 2997
492 1056 2998
309 423 2999
1013 1018 3000
39 71 3001
250 2163 3002
352 395 3003
2113 2115 3004
696 1295 3005
937 2478 3006
19 2208 3007
253 937 3008
414 1518 3009
253 2478 3010
490 2349 3011
541 2424 3012
916 1049 3013
2081 2082 3014
778 1263 3015
1261 2355 3016
1028 1029 3017
344 395 3018
915 916 3019
374 2465 3020
2553 2554 3021
404 1522 3022
696 2159 3023
2081 2083 3024
194 1865 3025
1774 2135 3026
1014 1018 3027
456 1386 3028
516 517 3029
1023 1026 3030
264 1868 3031
758 800 3032
1074 2095 3033
1179 1180 3034
1232 1236 3035
255 936 3036
349 1518 3037
1051 1052 3038
193 2138 3039
260 261 3040
512 1465 3041
913 916 3042
372 376 3043
726 1540 3044
853 854 3045
909 910 3046
397 1032 3047
1354 1869 3048
1530 1797 3049
1774 2305 3050
404 1057 3051
428 1298 3052
1046 1049 3053
1274 1275 3054
2107 2108 3055
915 917 3056
238 273 3057
2135 2595 3058
914 1048 3059
238 800 3060
261 2547 3061
752 905 3062
352 414 3063
915 1047 3064
2433 2434 3065
592 2161 3066
2305 2595 3067
541 850 3068
1426 2597 3069
432 2074 3070
659 2432 3071
971 1303 3072
1881 2596 3073
193 2137 3074
203 204 3075
963 2699 3076
1303 2251 3077
492 1192 3078
1587 1811 3079
1234 1236 3080
910 1286 3081
208 1513 3082
414 856 3083
1569 2117 3084
225 226 3085
1024 1026 3086
598 599 3087
827 1293 3088
2080 2083 3089
303 2075 3090
971 973 3091
1862 2358 3092
252 254 3093
198 2336 3094
400 404 3095
397 1857 3096
450 907 3097
1039 1040 3098
253 939 3099
349 1372 3100
229 1297 3101
1498 1500 3102
1703 2086 3103
1872 2116 3104
193 1067 3105
873 1500 3106
349 853 3107
945 1041 3108
1028 1924 3109
225 1418 3110
752 2079 3111
1513 2112 3112
893 2374 3113
1047 1049 3114
1012 2077 3115
1386 2701 3116
203 1204 3117
541 946 3118
1980 2533 3119
75 1024 3120
358 1348 3121
1420 2642 3122
1514 2112 3123
2 176 3124
433 1217 3125
859 2255 3126
1021 1026 3127
1012 1013 3128
2579 2603 3129
568 1074 3130
412 1526 3131
1047 1048 3132
2035 2036 3133
2160 2347 3134
303 2579 3135
404 1192 3136
463 464 3137
229 1298 3138
2194 2228 3139
1184 1189 3140
238 759 3141
740 777 3142
498 1027 3143
1257 1258 3144
681 682 3145
1233 1238 3146
2080 2082 3147
19 1201 3148
440 816 3149
919 922 3150
2073 2074 3151
409 988 3152
186 2076 3153
808 1064 3154
915 1048 3155
1219 2073 3156
2349 2350 3157
1601 1604 3158
1210 1212 3159
75 1021 3160
1046 1048 3161
2019 2339 3162
200 818 3163
226 1348 3164
1845 1846 3165
204 1206 3166
492 1057 3167
2086 2087 3168
1703 2090 3169
223 1214 3170
334 717 3171
395 396 3172
905 2079 3173
1040 1042 3174
241 335 3175
492 1707 3176
372 569 3177
2086 2090 3178
496 2360 3179
1233 1237 3180
1491 1493 3181
6 137 3182
334 716 3183
208 1514 3184
1065 1067 3185
696 1268 3186
2595 2596 3187
971 1302 3188
362 1235 3189
758 1226 3190
818 1569 3191
186 1857 3192
945 946 3193
1541 1542 3194
1533 2012 3195
357 358 3196
945 1042 3197
1292 2098 3198
541 945 3199
818 1566 3200
1434 2418 3201
1703 1705 3202
204 1204 3203
431 831 3204
303 2518 3205
1818 2734 3206
18 19 3207
2034 2459 3208
213 952 3209
1261 1263 3210
2167 2168 3211
1354 1870 3212
1881 2595 3213
1292 2096 3214
1302 2251 3215
1566 1569 3216
2099 2100 3217
262 1587 3218
389 572 3219
433 1215 3220
859 2717 3221
443 1504 3222
1070 1656 3223
344 847 3224
440 1184 3225
898 968 3226
700 1039 3227
1018 2077 3228
2087 2090 3229
210 374 3230
253 1180 3231
1881 2135 3232
319 2682 3233
362 1238 3234
1074 2104 3235
559 2142 3236
1048 1049 3237
329 2131 3238
1566 2117 3239
19 78 3240
1021 1024 3241
12 35 3242
213 238 3243
1602 2689 3244
1186 1189 3245
1703 2087 3246
529 1257 3247
1013 1016 3248
1300 1846 3249
2080 2084 3250
2098 2099 3251
2107 2109 3252
1184 1186 3253
1236 1238 3254
432 1215 3255
1068 1274 3256
943 2424 3257
1881 2305 3258
1039 1041 3259
429 668 3260
936 937 3261
193 1065 3262
404 1707 3263
440 1189 3264
496 1549 3265
329 414 3266
915 1049 3267
721 722 3268
1266 2607 3269
2135 2305 3270
240 241 3271
1056 1057 3272
1066 1067 3273
758 794 3274
1050 1052 3275
398 399 3276
2019 2600 3277
456 2701 3278
262 1221 3279
1215 1219 3280
1292 2099 3281
898 969 3282
930 1214 3283
1212 1213 3284
440 1187 3285
1043 1168 3286
1263 2462 3287
1354 2116 3288
305 2603 3289
541 2522 3290
264 1651 3291
498 1223 3292
541 1038 3293
958 961 3294
240 1278 3295
344 846 3296
362 1234 3297
2098 2100 3298
373 1797 3299
816 1524 3300
1034 1240 3301
1001 1034 3302
255 939 3303
913 915 3304
308 338 3305
308 1214 3306
1369 2145 3307
2149 2150 3308
943 2522 3309
224 1214 3310
240 335 3311
859 2254 3312
1370 1371 3313
1513 2111 3314
213 374 3315
2096 2099 3316
186 2516 3317
1013 2077 3318
2080 2081 3319
382 1212 3320
433 1216 3321
918 920 3322
1202 1203 3323
648 1050 3324
503 1209 3325
696 1044 3326
1162 1269 3327
432 2073 3328
1409 2630 3329
442 1070 3330
317 509 3331
648 1051 3332
2305 2596 3333
1278 1279 3334
388 393 3335
966 967 3336
226 577 3337
901 902 3338
2135 2596 3339
2070 2071 3340
529 1365 3341
696 2158 3342
240 1279 3343
966 1506 3344
429 670 3345
758 874 3346
854 860 3347
1518 1519 3348
328 2631 3349
222 1358 3350
476 1371 3351
922 1257 3352
1235 1238 3353
358 1699 3354
410 492 3355
652 1208 3356
217 222 3357
362 1236 3358
1514 2111 3359
329 853 3360
1232 1238 3361
253 1179 3362
374 545 3363
332 338 3364
442 906 3365
478 937 3366
1232 1237 3367
1656 1714 3368
176 979 3369
2382 2635 3370
2339 2600 3371
1070 1074 3372
414 1052 3373
995 2648 3374
238 338 3375
652 1027 3376
308 582 3377
210 319 3378
659 2278 3379
253 255 3380
252 1220 3381
1068 1805 3382
252 1221 3383
2096 2100 3384
966 970 3385
1292 2100 3386
1366 2069 3387
372 377 3388
1216 1219 3389
700 1040 3390
392 2011 3391
960 961 3392
966 1507 3393
2163 2164 3394
344 2555 3395
1040 1041 3396
758 1225 3397
541 944 3398
727 1181 3399
782 945 3400
478 2433 3401
74 75 3402
1215 1218 3403
2273 2354 3404
1525 1527 3405
2152 2154 3406
208 2112 3407
344 352 3408
1013 1014 3409
1041 1042 3410
1517 2275 3411
1832 1835 3412
329 2123 3413
2034 2035 3414
794 1224 3415
469 975 3416
850 943 3417
1220 1221 3418
176 1698 3419
344 417 3420
176 1486 3421
392 2175 3422
229 428 3423
1497 1500 3424
932 933 3425
335 1279 3426
1039 1042 3427
1383 1660 3428
2096 2098 3429
255 1180 3430
362 1232 3431
1217 1218 3432
1234 1237 3433
442 1714 3434
432 1216 3435
222 1360 3436
262 1557 3437
372 1070 3438
968 969 3439
200 1006 3440
286 947 3441
1235 1237 3442
2540 2554 3443
397 2076 3444
374 722 3445
1217 1219 3446
186 397 3447
176 590 3448
168 169 3449
1224 1225 3450
1348 2336 3451
1919 2178 3452
458 459 3453
476 682 3454
1928 2152 3455
262 1556 3456
432 1217 3457
317 318 3458
1386 1761 3459
727 2120 3460
920 2512 3461
2382 2637 3462
323 326 3463
48 96 3464
1604 1702 3465
541 1040 3466
2152 2153 3467
794 1225 3468
1292 2708 3469
352 847 3470
264 2118 3471
432 1219 3472
414 1520 3473
443 1925 3474
1070 1714 3475
6 140 3476
860 861 3477
1216 1218 3478
358 1349 3479
1928 2154 3480
898 1197 3481
898 1467 3482
72 75 3483
1031 1345 3484
2347 2348 3485
818 1568 3486
397 2516 3487
929 930 3488
554 977 3489
1215 1217 3490
1926 2150 3491
937 2012 3492
253 254 3493
308 410 3494
696 2385 3495
387 388 3496
726 1195 3497
9 121 3498
1920 2178 3499
344 1357 3500
429 466 3501
253 2163 3502
226 449 3503
1383 1659 3504
372 1074 3505
109 1511 3506
397 1269 3507
252 1923 3508
252 262 3509
778 924 3510
329 2132 3511
350 853 3512
1159 2554 3513
1928 2153 3514
913 917 3515
39 126 3516
2382 2473 3517
2153 2154 3518
303 304 3519
1234 1238 3520
226 1701 3521
758 773 3522
677 2692 3523
1805 2148 3524
429 669 3525
920 2510 3526
694 1268 3527
73 75 3528
1215 1216 3529
516 901 3530
914 917 3531
1068 2148 3532
1518 1520 3533
374 2466 3534
1225 1226 3535
2126 2127 3536
141 358 3537
516 902 3538
1506 1507 3539
71 122 3540
971 972 3541
1343 1344 3542
29 41 3543
1224 1226 3544
1260 2462 3545
266 407 3546
967 1759 3547
2247 2248 3548
492 1700 3549
1232 1233 3550
873 1268 3551
794 1226 3552
397 1031 3553
541 977 3554
893 2071 3555
1233 1235 3556
901 903 3557
329 2127 3558
399 896 3559
329 2126 3560
6 7 3561
1815 2635 3562
96 107 3563
185 943 3564
947 948 3565
1216 1217 3566
1811 2184 3567
109 118 3568
404 1700 3569
252 2670 3570
1027 1223 3571
365 553 3572
1286 2325 3573
186 1162 3574
1302 2187 3575
12 103 3576
319 2683 3577
329 2130 3578
873 1044 3579
592 2347 3580
1276 1277 3581
344 2045 3582
958 960 3583
1354 2174 3584
305 2518 3585
358 1034 3586
1873 1874 3587
1928 2619 3588
176 2250 3589
481 2322 3590
773 1224 3591
995 2647 3592
1302 1742 3593
109 119 3594
352 846 3595
459 940 3596
1498 1499 3597
2635 2637 3598
340 368 3599
394 396 3600
2011 2174 3601
816 1143 3602
358 546 3603
1565 1738 3604
248 249 3605
1034 1349 3606
2111 2112 3607
286 948 3608
572 681 3609
70 104 3610
861 2253 3611
1159 2553 3612
2262 2263 3613
179 1100 3614
305 2579 3615
785 860 3616
882 930 3617
255 937 3618
1156 1611 3619
258 261 3620
2163 2536 3621
389 392 3622
700 739 3623
1659 1660 3624
481 812 3625
773 1225 3626
1265 1266 3627
76 78 3628
324 326 3629
428 1297 3630
853 1518 3631
308 971 3632
255 1179 3633
478 2307 3634
1302 1836 3635
412 1369 3636
1302 2324 3637
2248 2249 3638
19 77 3639
694 1498 3640
761 762 3641
1500 1501 3642
966 1977 3643
278 827 3644
19 52 3645
914 1305 3646
1050 1051 3647
193 1066 3648
403 1057 3649
29 80 3650
1341 1342 3651
759 800 3652
2011 2175 3653
582 677 3654
1233 1234 3655
1815 2636 3656
1891 2248 3657
352 417 3658
773 794 3659
902 903 3660
2034 2036 3661
19 76 3662
970 1063 3663
2173 2262 3664
2336 2651 3665
344 1475 3666
443 1263 3667
392 2174 3668
1262 1263 3669
967 1506 3670
329 2125 3671
440 1533 3672
700 1041 3673
2126 2132 3674
273 875 3675
773 1226 3676
403 1522 3677
273 338 3678
352 2555 3679
403 1056 3680
2130 2131 3681
305 2075 3682
2126 2131 3683
253 2164 3684
456 2361 3685
478 2434 3686
2127 2131 3687
476 1370 3688
6 151 3689
770 1805 3690
700 1042 3691
943 944 3692
397 1856 3693
696 2384 3694
700 1292 3695
2131 2132 3696
770 1068 3697
659 1742 3698
77 78 3699
860 1421 3700
696 1007 3701
358 545 3702
323 324 3703
481 2278 3704
1815 2637 3705
541 782 3706
2473 2635 3707
186 1269 3708
2130 2132 3709
959 961 3710
1526 2111 3711
414 1050 3712
967 1507 3713
2126 2130 3714
1354 2175 3715
405 1551 3716
412 893 3717
541 1039 3718
374 721 3719
659 1836 3720
958 959 3721
38 1951 3722
1070 1369 3723
2540 2553 3724
860 2253 3725
2171 2172 3726
442 1482 3727
329 2128 3728
2127 2132 3729
374 546 3730
397 1162 3731
109 120 3732
199 2356 3733
1811 1936 3734
659 2324 3735
1209 1343 3736
559 2059 3737
1354 2011 3738
2125 2126 3739
429 667 3740
329 2124 3741
1257 1365 3742
934 935 3743
1493 2252 3744
2124 2127 3745
350 414 3746
73 74 3747
1044 1501 3748
344 1658 3749
1263 1505 3750
2171 2173 3751
329 2129 3752
1522 1707 3753
1834 1835 3754
2170 2173 3755
2124 2126 3756
2125 2127 3757
1014 2077 3758
326 935 3759
2123 2127 3760
61 121 3761
761 1549 3762
1811 2605 3763
349 1520 3764
414 1051 3765
2123 2126 3766
344 1355 3767
404 410 3768
478 816 3769
2127 2130 3770
196 198 3771
403 404 3772
920 2509 3773
494 1470 3774
260 2739 3775
478 1533 3776
1340 1341 3777
2384 2385 3778
1482 1656 3779
2034 2037 3780
372 568 3781
516 903 3782
1524 1533 3783
1979 1981 3784
221 2638 3785
352 1475 3786
374 735 3787
318 2147 3788
319 942 3789
1260 1262 3790
318 509 3791
2382 2636 3792
780 1302 3793
909 2325 3794
1232 1234 3795
2473 2637 3796
1556 1557 3797
2125 2131 3798
374 989 3799
1234 1235 3800
1608 1611 3801
1263 1947 3802
1926 2597 3803
659 2187 3804
1117 2155 3805
896 977 3806
352 1357 3807
853 1520 3808
967 970 3809
1232 1235 3810
324 935 3811
2150 2597 3812
545 546 3813
1115 2533 3814
1354 2282 3815
909 1286 3816
1065 1066 3817
199 1351 3818
431 892 3819
387 443 3820
580 1979 3821
1044 1497 3822
1405 1406 3823
1600 2312 3824
1610 1611 3825
318 2257 3826
324 934 3827
818 976 3828
326 934 3829
1342 1539 3830
167 169 3831
217 218 3832
217 219 3833
481 1836 3834
354 758 3835
39 123 3836
2285 2286 3837
199 1353 3838
1182 1565 3839
2126 2128 3840
222 1359 3841
2123 2131 3842
1260 1947 3843
344 1356 3844
937 2260 3845
2174 2175 3846
246 248 3847
2635 2636 3848
652 1223 3849
1979 2022 3850
1421 1554 3851
2125 2132 3852
1815 2382 3853
696 1498 3854
2124 2132 3855
1034 2651 3856
2129 2131 3857
403 492 3858
67 69 3859
410 411 3860
2124 2131 3861
352 2045 3862
726 1558 3863
2126 2129 3864
127 128 3865
628 1411 3866
967 1977 3867
2123 2132 3868
394 395 3869
694 1044 3870
2035 2037 3871
2129 2132 3872
2123 2130 3873
490 2350 3874
1117 2156 3875
2127 2129 3876
219 222 3877
387 573 3878
414 648 3879
198 200 3880
2124 2130 3881
2636 2637 3882
541 1041 3883
1263 2517 3884
1833 1835 3885
1003 1366 3886
2023 2639 3887
128 153 3888
816 1471 3889
1186 1187 3890
54 75 3891
217 220 3892
937 2258 3893
1302 2278 3894
127 153 3895
374 926 3896
959 960 3897
264 1904 3898
2173 2263 3899
303 305 3900
1156 1157 3901
2125 2130 3902
727 1203 3903
770 2148 3904
101 102 3905
1340 1342 3906
2123 2125 3907
1117 1565 3908
918 2510 3909
403 1192 3910
976 2053 3911
2128 2130 3912
253 2423 3913
309 374 3914
2036 2037 3915
65 69 3916
255 2163 3917
898 1484 3918
464 2346 3919
1175 2323 3920
1209 1344 3921
96 1515 3922
253 2260 3923
2128 2131 3924
2123 2124 3925
96 104 3926
459 1882 3927
2124 2125 3928
297 1436 3929
789 790 3930
1214 1494 3931
1936 2605 3932
403 1707 3933
412 1368 3934
2129 2130 3935
68 69 3936
411 677 3937
32 2326 3938
2127 2128 3939
176 464 3940
397 1345 3941
389 681 3942
2128 2132 3943
853 1490 3944
66 69 3945
65 67 3946
1115 1980 3947
1713 2304 3948
861 1436 3949
740 1292 3950
1047 1406 3951
76 77 3952
190 2122 3953
2601 2602 3954
412 2541 3955
2094 2095 3956
352 1658 3957
490 1187 3958
100 101 3959
414 853 3960
1261 1947 3961
922 1365 3962
1482 1714 3963
253 1294 3964
334 1516 3965
199 1352 3966
2172 2263 3967
152 1509 3968
66 67 3969
247 248 3970
795 2170 3971
67 68 3972
1358 1359 3973
2093 2095 3974
1815 2473 3975
304 305 3976
2028 2507 3977
208 2111 3978
2172 2173 3979
415 853 3980
213 309 3981
481 2324 3982
1143 1187 3983
758 759 3984
1358 1360 3985
27 30 3986
740 1291 3987
267 268 3988
273 759 3989
412 2145 3990
352 1355 3991
201 204 3992
481 1366 3993
943 945 3994
1158 1159 3995
2011 2282 3996
127 152 3997
795 2262 3998
313 553 3999
368 518 4000
690 758 4001
233 2430 4002
368 905 4003
141 1699 4004
263 264 4005
443 1260 4006
403 1700 4007
860 1957 4008
2125 2129 4009
72 110 4010
1268 1497 4011
541 943 4012
727 862 4013
72 74 4014
54 74 4015
259 261 4016
1050 2359 4017
1840 1841 4018
220 222 4019
2123 2128 4020
816 1470 4021
1537 1539 4022
199 1350 4023
372 373 4024
1486 2250 4025
1556 1595 4026
496 761 4027
250 318 4028
481 1841 4029
795 2172 4030
186 1856 4031
1007 2385 4032
1159 2540 4033
1942 2270 4034
248 1266 4035
700 1291 4036
1742 2187 4037
49 154 4038
541 1042 4039
253 2536 4040
2473 2636 4041
9 61 4042
861 1449 4043
2124 2128 4044
2125 2128 4045
334 1414 4046
1156 1610 4047
374 952 4048
2124 2129 4049
2123 2129 4050
1997 2505 4051
1527 2111 4052
1359 1360 4053
1519 1844 4054
65 68 4055
918 2509 4056
988 1182 4057
795 2171 4058
1839 1841 4059
261 1477 4060
403 410 4061
442 2038 4062
696 873 4063
374 734 4064
440 1186 4065
352 1356 4066
1366 1368 4067
659 1366 4068
2280 2358 4069
210 989 4070
481 1973 4071
459 1404 4072
152 153 4073
412 1656 4074
859 860 4075
128 152 4076
1268 1498 4077
255 2164 4078
1557 1595 4079
2050 2051 4080
1100 2427 4081
478 2425 4082
54 73 4083
354 759 4084
19 49 4085
659 780 4086
424 427 4087
309 952 4088
1070 1482 4089
66 68 4090
254 2691 4091
344 1372 4092
529 922 4093
387 392 4094
374 927 4095
375 376 4096
1305 2030 4097
859 2253 4098
1277 1545 4099
481 2187 4100
193 1267 4101
1366 1836 4102
795 2263 4103
2275 2331 4104
1555 1556 4105
233 2020 4106
1187 1470 4107
559 2053 4108
1839 1840 4109
298 1519 4110
2180 2312 4111
481 1840 4112
358 770 4113
541 2622 4114
914 2030 4115
1550 1551 4116
253 2258 4117
412 1525 4118
893 1713 4119
373 376 4120
2128 2129 4121
2312 2508 4122
218 222 4123
381 548 4124
761 2360 4125
1214 1277 4126
1475 1476 4127
727 1202 4128
739 740 4129
219 1360 4130
1007 2384 4131
1482 1483 4132
1598 1600 4133
922 2629 4134
238 1508 4135
365 1710 4136
1526 1931 4137
100 102 4138
1143 1533 4139
2341 2342 4140
65 66 4141
255 2536 4142
362 363 4143
354 418 4144
457 459 4145
937 2259 4146
72 305 4147
119 1511 4148
72 73 4149
770 1699 4150
1709 1710 4151
331 334 4152
426 427 4153
648 2343 4154
1260 1261 4155
360 1710 4156
308 411 4157
1742 2324 4158
2258 2260 4159
42 126 4160
541 2181 4161
285 286 4162
414 1490 4163
219 1359 4164
246 249 4165
210 1473 4166
255 2423 4167
1277 1494 4168
214 682 4169
1349 2336 4170
2173 2534 4171
19 2028 4172
32 255 4173
95 96 4174
374 376 4175
1537 1538 4176
2059 2142 4177
2000 2432 4178
286 803 4179
387 1263 4180
2000 2136 4181
199 1485 4182
296 861 4183
2647 2648 4184
539 541 4185
118 1511 4186
1481 1482 4187
1117 2602 4188
220 1360 4189
1263 1504 4190
218 1360 4191
582 2286 4192
1928 2640 4193
193 1512 4194
1919 1921 4195
1600 2180 4196
262 1555 4197
1143 1184 4198
2259 2260 4199
273 1062 4200
918 2512 4201
1302 1366 4202
1555 1557 4203
2053 2059 4204
854 1993 4205
364 1710 4206
1841 1842 4207
375 377 4208
141 770 4209
185 977 4210
898 1064 4211
1350 1353 4212
19 116 4213
648 2342 4214
2228 2269 4215
54 72 4216
166 167 4217
254 255 4218
1498 1502 4219
2342 2343 4220
41 80 4221
49 155 4222
1044 1498 4223
255 1294 4224
99 101 4225
1184 2012 4226
797 2173 4227
490 816 4228
1184 1524 4229
119 120 4230
1352 1353 4231
1708 1710 4232
2329 2330 4233
220 1359 4234
118 119 4235
652 713 4236
1157 1503 4237
1807 2250 4238
860 1554 4239
2509 2510 4240
2505 2523 4241
2023 2538 4242
194 1512 4243
377 628 4244
648 2341 4245
429 1268 4246
253 2259 4247
1158 1517 4248
1599 1600 4249
176 1806 4250
377 2638 4251
559 976 4252
1047 1405 4253
176 2346 4254
263 1904 4255
481 1839 4256
1032 1466 4257
1260 2517 4258
9 93 4259
1538 1539 4260
2341 2343 4261
1034 2336 4262
1920 1921 4263
2268 2269 4264
1567 1568 4265
1997 2506 4266
219 220 4267
1263 2521 4268
1608 1610 4269
220 1358 4270
309 735 4271
1600 2508 4272
412 1070 4273
1260 1505 4274
2526 2527 4275
2228 2268 4276
1342 1538 4277
1470 1533 4278
1832 1834 4279
218 1359 4280
321 354 4281
412 1714 4282
1159 1517 4283
2328 2330 4284
442 2627 4285
1184 1469 4286
309 927 4287
219 1358 4288
19 155 4289
387 393 4290
937 1533 4291
1480 1483 4292
226 1130 4293
218 1358 4294
405 797 4295
2340 2341 4296
1481 1483 4297
221 377 4298
120 1511 4299
247 249 4300
694 1501 4301
255 2258 4302
365 1709 4303
2265 2269 4304
1113 1115 4305
374 1479 4306
1113 1114 4307
700 740 4308
210 941 4309
2328 2329 4310
352 1372 4311
258 260 4312
429 1500 4313
1342 1537 4314
1350 1351 4315
2267 2269 4316
906 1478 4317
2512 2526 4318
976 2059 4319
2267 2268 4320
2436 2437 4321
19 119 4322
360 365 4323
2228 2267 4324
412 1527 4325
1706 2354 4326
372 375 4327
414 415 4328
313 1710 4329
2093 2094 4330
1447 1495 4331
818 1567 4332
2512 2527 4333
1917 1921 4334
176 1807 4335
412 1367 4336
232 233 4337
2265 2268 4338
2340 2342 4339
1268 1501 4340
1157 1786 4341
1351 1352 4342
2193 2269 4343
2266 2268 4344
1919 1920 4345
35 103 4346
2266 2269 4347
481 780 4348
1839 1842 4349
118 120 4350
682 1935 4351
1480 1482 4352
296 297 4353
255 2260 4354
361 365 4355
364 1709 4356
2228 2266 4357
238 760 4358
99 102 4359
1023 1053 4360
1691 1928 4361
1840 1842 4362
2258 2259 4363
1833 1834 4364
1267 1997 4365
795 2173 4366
2193 2268 4367
1691 2640 4368
1990 2535 4369
412 442 4370
580 2022 4371
1832 1833 4372
696 1501 4373
1993 1994 4374
360 1709 4375
319 941 4376
1261 2517 4377
387 572 4378
580 1981 4379
922 2344 4380
1470 2012 4381
253 2691 4382
1990 1991 4383
2228 2265 4384
780 1742 4385
481 1842 4386
853 1519 4387
1220 1560 4388
1708 1709 4389
218 220 4390
2193 2228 4391
260 1477 4392
694 1497 4393
309 1479 4394
1143 2012 4395
83 381 4396
2266 2267 4397
1149 1844 4398
468 975 4399
218 219 4400
478 727 4401
1151 2335 4402
19 118 4403
1100 1408 4404
690 1508 4405
202 204 4406
412 1366 4407
2265 2267 4408
696 1497 4409
344 1476 4410
1023 1519 4411
1294 2423 4412
2193 2267 4413
383 385 4414
2193 2265 4415
1366 1835 4416
758 1508 4417
377 1411 4418
201 202 4419
1352 2356 4420
415 1490 4421
1260 2521 4422
284 473 4423
362 365 4424
682 1934 4425
478 2012 4426
1151 2008 4427
387 1260 4428
1350 2356 4429
61 93 4430
2340 2343 4431
459 1400 4432
19 2507 4433
193 194 4434
364 365 4435
1267 2227 4436
481 1919 4437
195 200 4438
362 364 4439
2265 2266 4440
2327 2330 4441
298 1149 4442
694 873 4443
1114 1115 4444
481 1742 4445
1023 1518 4446
1561 1563 4447
440 1524 4448
117 210 4449
2193 2266 4450
360 364 4451
459 1474 4452
1485 2356 4453
2187 2324 4454
400 403 4455
38 94 4456
1227 2323 4457
758 760 4458
1517 2331 4459
1263 1925 4460
1480 1481 4461
1366 1834 4462
1117 2330 4463
1917 1920 4464
313 361 4465
1184 1470 4466
727 1524 4467
1261 1504 4468
854 1994 4469
290 1064 4470
1117 1738 4471
246 247 4472
1350 1485 4473
2136 2432 4474
1260 1504 4475
1919 1973 4476
2327 2329 4477
298 1844 4478
19 1511 4479
1117 2329 4480
1552 1553 4481
313 362 4482
364 1708 4483
648 2340 4484
360 1708 4485
411 582 4486
198 1034 4487
780 2187 4488
19 120 4489
412 1483 4490
338 446 4491
1151 1438 4492
1366 1833 4493
1849 1851 4494
1184 1471 4495
155 749 4496
309 311 4497
313 1709 4498
1920 1973 4499
2038 2627 4500
255 2259 4501
255 2691 4502
690 760 4503
2047 2049 4504
1438 2335 4505
259 260 4506
296 859 4507
541 2621 4508
19 109 4509
795 1854 4510
252 1560 4511
1917 1919 4512
2509 2512 4513
780 2324 4514
922 2345 4515
443 1261 4516
1117 2601 4517
1260 1925 4518
1352 1485 4519
19 124 4520
365 1708 4521
1366 1832 4522
1486 1807 4523
352 1476 4524
1023 1520 4525
412 1715 4526
442 1478 4527
1981 2022 4528
49 749 4529
424 426 4530
276 1552 4531
425 427 4532
1438 2334 4533
2327 2328 4534
313 360 4535
412 1482 4536
2334 2335 4537
941 2314 4538
1342 1596 4539
1267 2506 4540
859 1436 4541
412 1480 4542
360 362 4543
313 365 4544
33 35 4545
440 1523 4546
859 1449 4547
1112 1466 4548
1931 2111 4549
453 1187 4550
481 1920 4551
367 369 4552
1598 1599 4553
313 364 4554
1032 1112 4555
1934 1935 4556
1400 1404 4557
1400 1474 4558
383 384 4559
1100 2320 4560
2510 2512 4561
1261 2521 4562
1032 1111 4563
1261 1925 4564
35 82 4565
167 168 4566
278 1332 4567
424 425 4568
1350 1352 4569
1495 1496 4570
541 2058 4571
258 1477 4572
412 1481 4573
33 82 4574
371 376 4575
1117 2327 4576
1469 1471 4577
740 2532 4578
1151 2334 4579
478 1184 4580
1186 1469 4581
297 1449 4582
1504 1925 4583
1562 1563 4584
286 1064 4585
429 696 4586
1447 1496 4587
425 426 4588
412 2539 4589
372 374 4590
964 2005 4591
33 103 4592
264 1559 4593
1414 1516 4594
1498 1501 4595
429 694 4596
795 797 4597
1527 1931 4598
1806 1807 4599
360 363 4600
1504 2517 4601
19 749 4602
1523 1524 4603
72 261 4604
1497 1498 4605
308 2625 4606
1438 2008 4607
259 1477 4608
296 1436 4609
411 971 4610
557 1111 4611
200 1859 4612
72 1477 4613
387 681 4614
313 363 4615
302 861 4616
690 759 4617
557 1112 4618
363 365 4619
373 377 4620
1478 2038 4621
231 233 4622
1117 2328 4623
313 1708 4624
740 1716 4625
82 103 4626
384 385 4627
1487 1488 4628
238 690 4629
363 364 4630
387 2517 4631
759 1508 4632
1111 1466 4633
1925 2517 4634
366 369 4635
1111 1112 4636
797 1854 4637
278 1553 4638
258 259 4639
278 1552 4640
383 1018 4641
440 1143 4642
1292 1716 4643
1469 1470 4644
190 192 4645
370 377 4646
2539 2540 4647
374 377 4648
1143 1186 4649
2118 2345 4650
937 1184 4651
967 1945 4652
727 1471 4653
922 2118 4654
190 191 4655
412 2195 4656
740 2531 4657
727 1184 4658
759 760 4659
196 200 4660
308 2626 4661
816 937 4662
740 2530 4663
1471 1524 4664
967 1944 4665
319 2314 4666
264 964 4667
873 1498 4668
429 1044 4669
873 1501 4670
238 368 4671
302 1151 4672
1478 2627 4673
297 302 4674
1292 2532 4675
309 422 4676
700 2531 4677
797 1551 4678
1143 1471 4679
1471 1523 4680
72 258 4681
727 1533 4682
1186 1470 4683
308 2624 4684
1561 1562 4685
370 376 4686
440 1470 4687
1470 1471 4688
1478 1928 4689
853 1023 4690
1143 1470 4691
2511 2512 4692
964 1495 4693
191 1937 4694
1292 2530 4695
1486 1488 4696
2344 2629 4697
296 853 4698
72 260 4699
700 2532 4700
383 386 4701
387 389 4702
1716 2532 4703
1184 1523 4704
276 278 4705
1143 1524 4706
760 1508 4707
1292 2529 4708
368 758 4709
1292 2531 4710
1470 1524 4711
72 259 4712
1143 1469 4713
189 192 4714
873 1497 4715
478 1524 4716
361 363 4717
2531 2532 4718
1182 1738 4719
302 1023 4720
740 2529 4721
1408 2427 4722
1592 2621 4723
964 1496 4724
385 1018 4725
387 1504 4726
1944 1945 4727
541 1592 4728
1496 2005 4729
440 1471 4730
440 478 4731
740 2528 4732
274 2620 4733
387 1261 4734
478 1523 4735
1023 1448 4736
700 1716 4737
231 2430 4738
2530 2532 4739
1497 1501 4740
232 2430 4741
302 1438 4742
1716 2531 4743
1186 1471 4744
2118 2344 4745
390 391 4746
429 873 4747
384 1018 4748
1486 1487 4749
371 377 4750
964 1447 4751
2344 2345 4752
2530 2531 4753
296 1449 4754
387 1925 4755
700 2530 4756
274 2196 4757
727 1523 4758
1292 2528 4759
2196 2620 4760
94 584 4761
478 1470 4762
1716 2530 4763
700 2528 4764
478 1471 4765
302 1436 4766
1117 1182 4767
2528 2532 4768
700 2529 4769
727 1143 4770
853 1448 4771
442 1928 4772
1855 1900 4773
429 1501 4774
366 367 4775
964 1559 4776
2320 2427 4777
302 2334 4778
284 2121 4779
1546 1548 4780
2529 2532 4781
283 284 4782
429 1497 4783
189 190 4784
374 375 4785
1448 1449 4786
191 192 4787
302 853 4788
2528 2531 4789
385 386 4790
440 727 4791
232 2020 4792
853 1449 4793
2529 2531 4794
1436 1449 4795
231 2020 4796
411 2625 4797
379 381 4798
384 386 4799
412 2540 4800
429 1498 4801
411 2626 4802
1470 1523 4803
296 1448 4804
478 1143 4805
1716 2528 4806
189 191 4807
1408 2320 4808
1547 1548 4809
1716 2529 4810
727 1470 4811
1855 1912 4812
273 368 4813
2528 2530 4814
2529 2530 4815
1597 2007 4816
231 232 4817
1899 1900 4818
302 859 4819
1143 1523 4820
1941 2007 4821
373 375 4822
380 381 4823
366 368 4824
296 1023 4825
368 759 4826
1023 1449 4827
371 374 4828
284 1617 4829
2528 2529 4830
379 380 4831
1912 1913 4832
1940 2007 4833
387 391 4834
412 1478 4835
302 1448 4836
370 371 4837
1855 1899 4838
1597 2623 4839
302 1449 4840
371 375 4841
1899 1912 4842
1597 1941 4843
411 2624 4844
371 373 4845
1940 1941 4846
1940 2623 4847
2625 2626 4848
370 373 4849
387 390 4850
1941 2623 4851
277 381 4852
296 302 4853
370 374 4854
1597 1940 4855
2624 2625 4856
373 374 4857
378 381 4858
370 375 4859
378 379 4860
2624 2626 4861
277 379 4862
378 380 4863
277 380 4864
275 380 4865
277 378 4866
275 381 4867
275 378 4868
275 379 4869
275 277 4870
