2617 2618 1
829 830 2
1729 1733 3
2614 2615 4
2089 2398 5
1253 1255 6
1729 1730 7
843 845 8
1729 1731 9
2448 2617 10
2089 2313 11
844 845 12
2313 2398 13
829 1532 14
1835 2448 15
2448 2618 16
728 748 17
1803 2456 18
843 844 19
1729 1734 20
1729 1732 21
136 1729 22
487 829 23
2398 2659 24
2281 2404 25
1765 2612 26
86 87 27
2402 2404 28
2446 2617 29
1803 2614 30
85 86 31
2404 2451 32
1105 1249 33
1835 2617 34
1835 2446 35
2281 2391 36
2313 2659 37
1730 1733 38
2402 2451 39
97 98 40
1105 1250 41
1835 2618 42
1731 1733 43
87 2246 44
1249 1250 45
1730 1732 46
1862 2391 47
87 1322 48
1730 1731 49
748 841 50
829 967 51
2446 2618 52
589 1637 53
651 845 54
2402 2403 55
2281 2403 56
1764 1765 57
85 87 58
2403 2450 59
1104 1105 60
614 1764 61
1732 1733 62
1803 2615 63
423 2398 64
2089 2659 65
832 1084 66
1731 1732 67
838 840 68
1084 2391 69
460 515 70
2404 2450 71
1388 2661 72
136 1732 73
136 1731 74
87 1331 75
1733 1734 76
1732 1734 77
1764 2612 78
2281 2451 79
2403 2452 80
898 1064 81
830 1532 82
1253 1254 83
2281 2402 84
808 898 85
1084 2390 86
1803 2370 87
2281 2450 88
2402 2452 89
2404 2452 90
1731 1734 91
1803 2371 92
1803 2616 93
2407 2442 94
2281 2611 95
614 2612 96
2450 2452 97
86 1322 98
442 1253 99
460 830 100
2403 2451 101
651 844 102
2389 2391 103
2402 2450 104
2281 2452 105
1803 2449 106
838 839 107
1803 2599 108
2450 2451 109
832 2389 110
810 1637 111
651 843 112
832 2391 113
2456 2599 114
85 1331 115
136 1733 116
87 1311 117
2390 2391 118
2403 2404 119
808 1064 120
898 1197 121
134 135 122
1730 1734 123
2401 2402 124
442 1254 125
506 1002 126
1803 2383 127
2446 2448 128
86 1311 129
967 1532 130
460 967 131
1672 2226 132
728 842 133
1025 1105 134
15 98 135
136 1730 136
460 829 137
86 1331 138
614 1765 139
1803 2609 140
227 1255 141
1084 2389 142
692 996 143
86 2246 144
433 804 145
229 809 146
2281 2401 147
1803 2744 148
1803 2608 149
2608 2609 150
2389 2390 151
1388 2662 152
329 2371 153
898 1467 154
1432 1764 155
2370 2371 156
1803 2610 157
1002 1008 158
227 1253 159
1862 2403 160
633 635 161
2456 2616 162
832 2390 163
2226 2410 164
2399 2407 165
233 810 166
1254 1255 167
515 830 168
1025 1249 169
442 1255 170
1803 1848 171
1322 1323 172
2281 2460 173
728 841 174
2401 2404 175
136 1734 176
2402 2460 177
849 868 178
85 1311 179
830 967 180
2357 2403 181
684 839 182
1025 1250 183
2399 2442 184
515 1532 185
101 1803 186
460 1532 187
692 1005 188
2401 2403 189
26 837 190
1296 1637 191
85 1322 192
1044 1637 193
125 868 194
981 982 195
592 1637 196
227 442 197
334 1002 198
996 997 199
1309 1330 200
1862 2452 201
2371 2456 202
2451 2452 203
868 2380 204
589 810 205
1633 1636 206
1832 1835 207
487 515 208
651 984 209
740 777 210
2384 2385 211
589 1725 212
684 840 213
698 984 214
1423 1424 215
515 829 216
423 2313 217
2400 2442 218
2374 2375 219
651 1735 220
1795 2226 221
87 592 222
2357 2452 223
1862 2281 224
486 2226 225
2399 2400 226
242 728 227
912 1809 228
506 1008 229
1002 2634 230
1862 2450 231
651 2468 232
659 684 233
1422 1424 234
651 2467 235
1834 1835 236
1631 1727 237
5 26 238
684 1391 239
1862 2404 240
437 2744 241
532 981 242
329 2456 243
910 1282 244
1862 2451 245
1528 2281 246
553 819 247
589 592 248
423 2659 249
2357 2404 250
643 1723 251
85 233 252
532 983 253
1318 1388 254
968 969 255
635 949 256
635 1630 257
898 1484 258
53 1736 259
898 969 260
898 968 261
1634 1636 262
53 1004 263
684 838 264
622 869 265
651 708 266
1736 2562 267
1862 2402 268
690 1726 269
692 997 270
2400 2407 271
244 676 272
775 1426 273
1720 1723 274
643 1720 275
643 1722 276
242 661 277
923 2551 278
437 1803 279
2357 2450 280
1282 1389 281
350 635 282
608 1765 283
87 233 284
993 995 285
447 701 286
515 2408 287
643 1719 288
1720 1722 289
811 1543 290
1803 2369 291
869 1241 292
2447 2448 293
911 1389 294
643 1721 295
1719 1721 296
981 983 297
1637 1725 298
1054 1170 299
2357 2451 300
1721 1723 301
1862 2460 302
1862 2611 303
433 805 304
699 701 305
644 1720 306
2357 2402 307
2357 2401 308
775 1428 309
238 554 310
811 2092 311
1253 1579 312
1721 1722 313
350 633 314
1648 1725 315
200 1006 316
1253 1298 317
1719 1722 318
644 1721 319
156 199 320
156 2372 321
642 1721 322
1253 2578 323
329 2614 324
1253 1578 325
53 1006 326
834 869 327
134 180 328
1720 1721 329
1727 2724 330
2281 2357 331
433 806 332
14 554 333
92 1252 334
629 1735 335
329 1803 336
1432 1433 337
2097 2372 338
1722 1723 339
199 2386 340
1426 1428 341
982 983 342
423 2089 343
515 967 344
643 644 345
651 2740 346
793 868 347
712 1054 348
747 748 349
816 1376 350
1803 2589 351
2448 2725 352
642 1723 353
1245 1307 354
1002 2406 355
1719 1723 356
437 2589 357
2371 2383 358
86 592 359
893 2374 360
86 233 361
1387 1388 362
994 1384 363
199 1318 364
994 1385 365
1007 2385 366
2498 2544 367
134 181 368
996 1236 369
1318 2357 370
642 643 371
437 2369 372
633 949 373
1862 2401 374
2281 2591 375
1833 1835 376
487 2408 377
651 709 378
486 1672 379
993 994 380
592 1311 381
2371 2599 382
650 651 383
700 701 384
1318 1862 385
644 1722 386
815 816 387
993 1384 388
24 638 389
995 1385 390
1384 1385 391
1735 2413 392
589 664 393
748 1577 394
996 1315 395
634 635 396
2 954 397
837 1639 398
1635 1636 399
278 827 400
589 1296 401
1735 2414 402
2665 2684 403
15 1375 404
569 1009 405
993 1385 406
1318 1387 407
92 837 408
689 690 409
984 1337 410
26 1639 411
642 1720 412
642 1722 413
1005 1006 414
1719 1724 415
2371 2616 416
60 238 417
199 2097 418
690 980 419
26 158 420
910 1389 421
108 134 422
24 520 423
2280 2281 424
532 982 425
227 1254 426
643 1724 427
1245 1246 428
644 1723 429
351 1376 430
589 1648 431
633 1630 432
808 1313 433
651 1337 434
1376 1377 435
383 1536 436
698 1338 437
242 1238 438
676 1431 439
923 1119 440
592 810 441
1721 1724 442
242 1580 443
810 1648 444
1044 1296 445
460 487 446
1637 2453 447
689 1726 448
775 1430 449
684 2182 450
1572 1959 451
532 1584 452
1422 1423 453
1723 1724 454
2387 2388 455
2449 2456 456
1309 1311 457
238 741 458
644 1719 459
1387 2662 460
1803 2678 461
996 2381 462
1037 1242 463
308 638 464
692 1236 465
2444 2445 466
1753 2387 467
156 2386 468
1100 1753 469
1719 1720 470
408 1632 471
698 1337 472
775 1427 473
573 995 474
692 1006 475
1309 1331 476
2400 2684 477
199 2372 478
651 2515 479
233 592 480
589 724 481
1756 1757 482
1025 1737 483
2369 2370 484
2369 2744 485
101 2371 486
134 172 487
433 1244 488
684 1756 489
448 701 490
827 1293 491
808 809 492
1119 2735 493
984 1339 494
642 644 495
824 1638 496
692 1315 497
1727 1728 498
334 1008 499
1672 2705 500
642 1724 501
963 2699 502
1007 2384 503
837 1252 504
2680 2743 505
638 640 506
2226 2705 507
1637 1648 508
1720 1724 509
200 818 510
923 2735 511
53 1468 512
266 2724 513
696 2384 514
1100 2388 515
1717 1718 516
834 1241 517
1754 1756 518
198 200 519
994 995 520
642 1719 521
923 2736 522
553 2690 523
1282 1390 524
1722 1724 525
1246 1307 526
2400 2665 527
2448 2571 528
26 111 529
1337 1339 530
1631 1632 531
1753 2388 532
5 837 533
700 804 534
955 990 535
984 1338 536
777 778 537
486 2705 538
698 1339 539
15 1374 540
775 1429 541
81 448 542
266 474 543
608 614 544
198 955 545
740 1432 546
995 2648 547
1426 1427 548
1391 1755 549
2283 2606 550
1848 2369 551
5 111 552
2097 2400 553
740 1764 554
2097 2386 555
622 1241 556
775 1670 557
1755 1756 558
911 1390 559
108 181 560
442 894 561
460 2408 562
14 238 563
910 911 564
525 1653 565
1009 2741 566
229 441 567
408 474 568
692 2668 569
827 1581 570
1803 2677 571
266 1631 572
808 1314 573
351 1377 574
85 592 575
1391 1756 576
5 1639 577
1318 1319 578
329 2615 579
592 1309 580
676 2685 581
848 849 582
1119 2519 583
622 834 584
515 2441 585
596 816 586
156 2097 587
1119 1787 588
2680 2700 589
1054 2411 590
633 634 591
197 199 592
101 2370 593
525 1373 594
456 504 595
1428 1429 596
447 448 597
554 741 598
684 1489 599
911 1282 600
777 924 601
1631 1728 602
2400 2666 603
651 698 604
1848 2370 605
816 1377 606
478 479 607
199 1388 608
101 2369 609
1119 2106 610
2665 2666 611
644 1724 612
351 816 613
592 1648 614
2371 2449 615
1862 2357 616
995 1384 617
1427 1428 618
448 700 619
229 996 620
374 989 621
1264 2633 622
290 1064 623
676 1263 624
1528 1862 625
1389 1390 626
951 1313 627
774 777 628
343 1959 629
869 1762 630
199 431 631
474 2724 632
818 827 633
2588 2680 634
492 816 635
742 1379 636
532 1585 637
196 200 638
612 614 639
1862 2280 640
1004 1006 641
836 1037 642
1337 1338 643
684 1757 644
1308 1309 645
869 1763 646
498 1196 647
198 1307 648
744 822 649
742 1378 650
1310 1311 651
2146 2606 652
1119 2736 653
613 614 654
228 229 655
238 742 656
490 1769 657
1429 1430 658
1773 2704 659
525 733 660
1754 1757 661
1832 1834 662
2735 2736 663
975 1196 664
1374 1375 665
1330 1331 666
266 1727 667
951 1314 668
592 664 669
1309 1310 670
1426 1429 671
608 613 672
608 610 673
233 664 674
456 1386 675
477 640 676
1428 1430 677
995 2647 678
1769 1770 679
125 2380 680
1313 1314 681
808 951 682
611 614 683
1119 2332 684
2705 2706 685
643 1571 686
229 808 687
1536 2350 688
676 1575 689
1306 1307 690
674 676 691
1755 1757 692
474 1727 693
554 663 694
719 2405 695
2671 2672 696
329 2608 697
609 614 698
690 963 699
229 1312 700
644 1590 701
477 520 702
1308 1311 703
1633 1634 704
740 1433 705
1052 1643 706
1054 2412 707
266 408 708
409 988 709
1391 1489 710
2443 2445 711
1803 2679 712
180 1752 713
661 1061 714
629 651 715
199 1319 716
744 1324 717
756 827 718
50 1468 719
778 924 720
589 1044 721
2588 2743 722
1229 2281 723
683 684 724
638 2409 725
1025 2707 726
684 1755 727
233 690 728
637 640 729
233 1726 730
1773 2632 731
497 498 732
229 359 733
433 807 734
2443 2444 735
196 198 736
444 504 737
131 182 738
460 2441 739
2571 2725 740
605 606 741
2352 2671 742
242 483 743
199 1862 744
2647 2648 745
401 492 746
210 374 747
554 742 748
520 638 749
589 1647 750
2283 2284 751
816 2732 752
554 662 753
498 2455 754
826 2396 755
1036 1242 756
592 962 757
2357 2591 758
199 2400 759
2413 2414 760
675 676 761
676 1640 762
456 2701 763
741 742 764
439 442 765
490 2350 766
614 2224 767
2467 2468 768
692 693 769
1004 2710 770
242 482 771
200 1859 772
227 1578 773
676 1576 774
1862 2358 775
408 2724 776
638 639 777
1333 1335 778
455 456 779
893 2375 780
643 2680 781
608 609 782
498 1336 783
604 605 784
520 640 785
766 1106 786
374 517 787
466 667 788
698 1657 789
610 614 790
672 1461 791
701 804 792
350 1751 793
774 778 794
1326 1328 795
912 1036 796
210 989 797
1327 1328 798
1818 2734 799
198 990 800
641 1185 801
195 200 802
592 1296 803
1426 1430 804
374 1582 805
198 1306 806
2097 2110 807
651 1339 808
2447 2725 809
474 501 810
696 1007 811
811 1374 812
910 1390 813
1375 2275 814
135 178 815
204 827 816
607 608 817
638 703 818
698 1864 819
2103 2745 820
2102 2745 821
743 744 822
630 698 823
1812 2415 824
474 499 825
607 614 826
1704 2089 827
742 2737 828
466 669 829
1428 1670 830
637 638 831
2688 2705 832
698 1194 833
724 1296 834
1582 1758 835
608 612 836
766 2472 837
676 1228 838
626 627 839
2146 2283 840
520 637 841
573 1385 842
1584 1585 843
24 640 844
638 691 845
624 626 846
698 1251 847
341 1033 848
1636 1646 849
589 882 850
1862 2591 851
604 606 852
15 811 853
2332 2735 854
603 606 855
1824 2443 856
643 1590 857
676 1652 858
815 2732 859
808 1772 860
329 2609 861
592 1308 862
625 626 863
805 1244 864
341 1393 865
612 613 866
1330 2368 867
1147 1377 868
610 613 869
696 2385 870
460 1771 871
1427 1429 872
496 1756 873
553 1638 874
608 611 875
742 2392 876
487 488 877
667 670 878
1382 1383 879
496 1757 880
230 698 881
244 887 882
586 1536 883
553 824 884
408 1631 885
592 724 886
1754 1755 887
639 640 888
923 2332 889
456 2361 890
2688 2706 891
1824 2444 892
2352 2672 893
520 639 894
2102 2709 895
244 1652 896
492 1184 897
559 825 898
1427 1430 899
199 2110 900
413 666 901
564 2705 902
608 2224 903
401 404 904
1006 1767 905
1386 2701 906
244 675 907
654 659 908
199 2357 909
227 725 910
242 485 911
596 1184 912
1369 2606 913
744 1573 914
603 604 915
408 1728 916
1036 1037 917
1380 1382 918
198 2696 919
341 401 920
811 1375 921
1238 1580 922
1642 1643 923
818 1006 924
504 685 925
2110 2400 926
676 1175 927
519 520 928
1326 1327 929
198 2695 930
2101 2745 931
474 500 932
672 673 933
1832 1833 934
133 2593 935
506 521 936
1808 1809 937
401 1320 938
592 1044 939
1338 1339 940
1006 1425 941
606 2669 942
688 2166 943
413 665 944
2584 2585 945
1812 2416 946
1160 1636 947
1848 2733 948
676 887 949
1578 1579 950
2447 2571 951
242 484 952
744 1325 953
265 266 954
688 1364 955
1385 2664 956
404 816 957
233 689 958
814 2674 959
627 2162 960
477 638 961
1196 2339 962
701 1491 963
676 1863 964
592 1322 965
596 815 966
995 2663 967
573 993 968
610 612 969
665 666 970
743 822 971
213 374 972
1289 1326 973
2103 2709 974
408 1727 975
520 692 976
836 1242 977
596 676 978
656 658 979
265 627 980
2146 2284 981
603 2669 982
492 493 983
1006 1768 984
2101 2709 985
474 870 986
608 2191 987
954 2696 988
529 1583 989
2332 2736 990
564 2706 991
955 1645 992
266 626 993
678 2593 994
549 553 995
603 605 996
669 670 997
993 2664 998
198 1645 999
659 1391 1000
244 674 1001
454 743 1002
1958 1959 1003
1833 1834 1004
199 1387 1005
654 658 1006
186 1773 1007
266 2162 1008
504 1160 1009
822 1573 1010
2089 2716 1011
133 678 1012
2101 2103 1013
733 1373 1014
1380 1383 1015
651 1338 1016
1378 1379 1017
265 625 1018
1036 2585 1019
647 1571 1020
401 1033 1021
466 668 1022
1385 2663 1023
993 2663 1024
607 609 1025
481 653 1026
564 2686 1027
596 2732 1028
2458 2675 1029
668 669 1030
474 503 1031
693 2668 1032
433 2542 1033
504 521 1034
962 1311 1035
500 2641 1036
505 1636 1037
564 2688 1038
609 610 1039
955 2695 1040
667 669 1041
350 2363 1042
490 2349 1043
2593 2673 1044
504 1636 1045
2349 2350 1046
500 2675 1047
478 833 1048
2081 2474 1049
656 659 1050
495 596 1051
909 911 1052
609 612 1053
624 2162 1054
2675 2702 1055
474 475 1056
280 281 1057
413 1751 1058
498 1883 1059
573 2663 1060
1289 1328 1061
433 2070 1062
474 871 1063
766 2470 1064
693 1315 1065
2089 2091 1066
53 1201 1067
498 2480 1068
550 553 1069
609 613 1070
504 1646 1071
654 655 1072
676 2698 1073
1037 1740 1074
5 46 1075
658 659 1076
2272 2688 1077
653 658 1078
668 670 1079
176 954 1080
482 483 1081
629 707 1082
667 668 1083
676 1038 1084
712 2411 1085
2363 2688 1086
503 2458 1087
1229 1862 1088
1333 1824 1089
401 881 1090
1052 2359 1091
462 463 1092
459 460 1093
2474 2475 1094
616 2739 1095
496 1755 1096
465 466 1097
517 1582 1098
1175 2685 1099
659 705 1100
2101 2708 1101
454 822 1102
625 2162 1103
607 2191 1104
2695 2696 1105
629 650 1106
238 662 1107
462 2033 1108
507 834 1109
828 2274 1110
1948 2593 1111
2047 2049 1112
1366 1835 1113
1229 2357 1114
461 462 1115
604 2669 1116
616 2177 1117
439 1655 1118
474 574 1119
552 553 1120
444 521 1121
820 833 1122
19 53 1123
413 2363 1124
611 613 1125
136 137 1126
1298 1578 1127
504 547 1128
592 882 1129
640 691 1130
474 502 1131
718 719 1132
596 1055 1133
686 688 1134
1308 1310 1135
176 454 1136
1242 1243 1137
1647 1648 1138
1584 2658 1139
656 705 1140
265 624 1141
1489 1756 1142
1335 1824 1143
343 1881 1144
266 627 1145
349 665 1146
1175 2698 1147
1289 1327 1148
1489 1755 1149
609 2191 1150
656 971 1151
238 1392 1152
499 501 1153
1324 1325 1154
1369 2283 1155
466 670 1156
954 2695 1157
592 1647 1158
498 1884 1159
517 1758 1160
238 663 1161
18 53 1162
500 2702 1163
2678 2679 1164
2675 2676 1165
264 1184 1166
610 611 1167
223 592 1168
520 691 1169
684 1754 1170
2558 2559 1171
101 1848 1172
266 625 1173
481 705 1174
133 1948 1175
609 2224 1176
1175 1862 1177
433 753 1178
818 1581 1179
2213 2426 1180
481 658 1181
592 1272 1182
227 229 1183
912 1808 1184
461 463 1185
481 657 1186
374 1758 1187
698 1301 1188
481 656 1189
592 641 1190
631 632 1191
823 984 1192
460 940 1193
657 705 1194
592 1310 1195
1315 2668 1196
466 467 1197
492 1570 1198
1201 1321 1199
1174 1175 1200
483 485 1201
308 677 1202
592 2712 1203
653 657 1204
2190 2479 1205
495 1175 1206
705 706 1207
2585 2587 1208
2165 2166 1209
2515 2740 1210
678 1948 1211
2415 2416 1212
2101 2102 1213
430 680 1214
2504 2588 1215
374 596 1216
496 1754 1217
266 624 1218
500 503 1219
503 574 1220
1369 2284 1221
53 617 1222
520 703 1223
995 2664 1224
503 2641 1225
1298 1579 1226
678 2673 1227
700 1862 1228
435 638 1229
474 555 1230
491 492 1231
1228 2685 1232
553 818 1233
875 1818 1234
1848 2697 1235
1948 2673 1236
710 712 1237
454 744 1238
882 1648 1239
493 1570 1240
573 2664 1241
1762 1763 1242
224 592 1243
479 833 1244
404 492 1245
2677 2678 1246
955 2696 1247
297 861 1248
607 613 1249
2458 2641 1250
501 503 1251
609 611 1252
504 505 1253
674 1652 1254
2102 2103 1255
894 1656 1256
60 112 1257
494 1755 1258
507 508 1259
499 870 1260
1175 1227 1261
499 1209 1262
655 658 1263
742 890 1264
1035 1036 1265
571 573 1266
1051 1052 1267
398 399 1268
1260 1375 1269
630 707 1270
613 2224 1271
629 630 1272
198 2552 1273
629 631 1274
479 834 1275
688 2165 1276
2103 2708 1277
611 612 1278
185 210 1279
429 669 1280
499 500 1281
1425 1768 1282
733 1653 1283
150 1321 1284
341 492 1285
478 820 1286
483 484 1287
1386 1761 1288
555 1375 1289
442 1655 1290
1264 1375 1291
743 1573 1292
1175 1318 1293
496 1184 1294
401 2469 1295
676 978 1296
53 533 1297
630 631 1298
654 656 1299
729 731 1300
474 1375 1301
439 1656 1302
1106 2472 1303
1363 2274 1304
826 1322 1305
651 746 1306
14 60 1307
498 544 1308
820 908 1309
1369 2146 1310
150 1201 1311
573 574 1312
503 2675 1313
638 704 1314
805 806 1315
629 698 1316
112 136 1317
1050 1052 1318
491 493 1319
657 659 1320
478 507 1321
499 1375 1322
500 501 1323
499 574 1324
603 998 1325
708 709 1326
1175 1228 1327
1036 2583 1328
637 639 1329
893 1713 1330
499 503 1331
474 655 1332
1170 2558 1333
1751 2363 1334
477 637 1335
1648 2072 1336
520 693 1337
503 2702 1338
712 2566 1339
629 632 1340
603 1329 1341
1044 2378 1342
1045 1242 1343
1881 1959 1344
2378 2379 1345
436 638 1346
60 437 1347
655 656 1348
653 656 1349
564 2272 1350
264 596 1351
1175 2357 1352
392 573 1353
714 745 1354
266 438 1355
496 1175 1356
448 2151 1357
499 502 1358
653 705 1359
909 910 1360
349 413 1361
481 1366 1362
244 1431 1363
653 659 1364
804 807 1365
1170 2559 1366
429 667 1367
640 703 1368
2088 2089 1369
358 374 1370
742 974 1371
859 861 1372
133 2673 1373
482 485 1374
961 1242 1375
521 685 1376
656 706 1377
1160 1646 1378
2632 2704 1379
618 878 1380
603 1299 1381
657 658 1382
1380 1381 1383
404 1570 1384
176 453 1385
1574 2588 1386
112 149 1387
607 834 1388
723 724 1389
2352 2731 1390
500 1025 1391
281 2573 1392
479 820 1393
724 1044 1394
2677 2679 1395
165 1201 1396
482 484 1397
547 888 1398
607 610 1399
1036 2584 1400
433 858 1401
481 654 1402
656 657 1403
658 705 1404
877 878 1405
343 1572 1406
712 1971 1407
567 569 1408
150 165 1409
460 488 1410
503 1025 1411
503 2676 1412
150 1766 1413
499 681 1414
1201 1766 1415
1036 1949 1416
1036 2587 1417
14 663 1418
1500 2379 1419
1767 1768 1420
429 670 1421
458 1771 1422
955 2552 1423
458 460 1424
1366 1833 1425
813 814 1426
618 670 1427
1254 2479 1428
210 1473 1429
374 446 1430
811 1804 1431
1321 1766 1432
350 413 1433
520 704 1434
479 507 1435
596 1228 1436
554 896 1437
494 684 1438
685 686 1439
592 1214 1440
2363 2687 1441
332 680 1442
505 1646 1443
459 1771 1444
2272 2363 1445
640 704 1446
1825 1828 1447
592 2072 1448
630 632 1449
229 1298 1450
564 2363 1451
222 733 1452
165 1766 1453
490 2272 1454
474 476 1455
466 619 1456
621 670 1457
816 821 1458
561 914 1459
954 955 1460
494 1754 1461
477 639 1462
569 2577 1463
573 1375 1464
549 550 1465
447 2151 1466
646 1571 1467
18 1201 1468
737 998 1469
815 1533 1470
495 1184 1471
562 834 1472
624 627 1473
2473 2474 1474
139 736 1475
433 1219 1476
607 612 1477
1574 2504 1478
474 872 1479
564 1751 1480
711 712 1481
718 2405 1482
691 692 1483
401 2122 1484
494 495 1485
561 2463 1486
1036 2586 1487
520 1649 1488
592 696 1489
646 647 1490
432 433 1491
699 700 1492
266 563 1493
443 1461 1494
222 373 1495
442 1656 1496
815 1184 1497
50 53 1498
431 1318 1499
607 2224 1500
129 998 1501
655 659 1502
592 723 1503
408 438 1504
742 852 1505
620 670 1506
188 1339 1507
1228 2698 1508
31 896 1509
443 672 1510
654 705 1511
700 1979 1512
592 2520 1513
345 351 1514
559 834 1515
264 495 1516
555 573 1517
632 707 1518
481 655 1519
1175 1184 1520
45 986 1521
659 1366 1522
222 732 1523
1425 1767 1524
630 1864 1525
834 2502 1526
2559 2681 1527
495 496 1528
596 1175 1529
537 851 1530
198 954 1531
607 611 1532
861 2254 1533
1033 2469 1534
476 1375 1535
117 210 1536
625 627 1537
658 706 1538
566 569 1539
165 1321 1540
440 442 1541
112 137 1542
816 2179 1543
1751 2570 1544
574 1375 1545
596 2698 1546
867 2580 1547
479 508 1548
505 1160 1549
350 665 1550
1055 1175 1551
640 677 1552
439 894 1553
729 750 1554
624 625 1555
998 1329 1556
2371 2714 1557
433 2073 1558
496 596 1559
653 654 1560
679 1247 1561
484 485 1562
618 702 1563
520 677 1564
566 567 1565
674 675 1566
138 139 1567
1602 2689 1568
1823 1828 1569
357 358 1570
670 702 1571
244 541 1572
653 655 1573
1829 2594 1574
510 554 1575
199 1175 1576
466 956 1577
139 358 1578
1381 1382 1579
490 2273 1580
515 537 1581
500 2676 1582
443 673 1583
618 880 1584
429 668 1585
1500 2378 1586
349 350 1587
1263 1375 1588
265 408 1589
654 657 1590
861 2717 1591
726 1317 1592
1362 2674 1593
495 1055 1594
1175 2323 1595
404 1184 1596
112 2393 1597
816 1533 1598
481 971 1599
685 688 1600
373 731 1601
433 2074 1602
1366 1832 1603
2496 2498 1604
14 1392 1605
1375 2355 1606
1825 1826 1607
621 702 1608
460 1760 1609
503 555 1610
129 603 1611
592 930 1612
496 684 1613
564 2570 1614
408 563 1615
501 502 1616
281 1411 1617
490 2363 1618
479 559 1619
686 687 1620
1260 1264 1621
1381 2498 1622
732 733 1623
746 2494 1624
392 574 1625
226 714 1626
404 1533 1627
2393 2493 1628
729 730 1629
1227 1228 1630
2557 2559 1631
358 1349 1632
646 992 1633
530 532 1634
1383 1659 1635
494 496 1636
2363 2570 1637
662 663 1638
479 607 1639
2371 2715 1640
373 750 1641
573 681 1642
834 2488 1643
2556 2559 1644
208 1513 1645
629 2476 1646
777 1871 1647
468 2274 1648
814 817 1649
351 1147 1650
826 1500 1651
408 2503 1652
492 1533 1653
1366 1834 1654
1381 2500 1655
2272 2687 1656
499 555 1657
112 114 1658
343 2590 1659
447 1796 1660
2682 2683 1661
870 871 1662
1383 1535 1663
524 532 1664
1254 2190 1665
112 148 1666
659 706 1667
714 715 1668
492 1056 1669
659 971 1670
1823 1829 1671
2173 2559 1672
1229 2591 1673
1825 1829 1674
574 681 1675
1870 1871 1676
742 889 1677
2173 2557 1678
618 877 1679
531 532 1680
1175 1229 1681
337 374 1682
60 1392 1683
730 731 1684
444 445 1685
527 532 1686
27 30 1687
814 1362 1688
1828 1829 1689
382 537 1690
404 491 1691
861 2255 1692
433 518 1693
112 2141 1694
951 1183 1695
1264 2355 1696
1824 1825 1697
2097 2169 1698
1751 2272 1699
558 562 1700
1572 1881 1701
1823 1824 1702
525 527 1703
53 2693 1704
865 866 1705
1718 2382 1706
349 495 1707
475 655 1708
558 559 1709
914 1146 1710
18 19 1711
222 2494 1712
500 502 1713
524 525 1714
592 1750 1715
1825 1827 1716
2540 2554 1717
2255 2717 1718
1869 1871 1719
492 1522 1720
374 1479 1721
826 1271 1722
2556 2557 1723
559 2488 1724
429 466 1725
344 395 1726
777 1869 1727
264 428 1728
1717 2382 1729
264 1755 1730
465 467 1731
907 1349 1732
1264 2275 1733
1872 2116 1734
53 2644 1735
891 893 1736
176 188 1737
1381 2501 1738
1329 1830 1739
882 1647 1740
454 1573 1741
523 532 1742
2463 2464 1743
479 2488 1744
1170 2483 1745
1381 2279 1746
503 681 1747
998 999 1748
616 2489 1749
112 2493 1750
569 1434 1751
679 680 1752
2363 2713 1753
2081 2084 1754
492 499 1755
479 562 1756
1827 1829 1757
522 532 1758
818 819 1759
1261 1375 1760
1870 1872 1761
373 729 1762
592 2549 1763
374 735 1764
654 706 1765
2540 2553 1766
476 499 1767
2498 2500 1768
190 401 1769
522 525 1770
816 1188 1771
1381 2496 1772
562 607 1773
1827 1828 1774
2279 2498 1775
1948 2540 1776
204 1581 1777
1381 2495 1778
2663 2664 1779
914 2718 1780
131 132 1781
2272 2570 1782
433 1789 1783
638 1649 1784
404 499 1785
1050 2359 1786
1038 1175 1787
496 1055 1788
1823 1825 1789
562 2488 1790
39 47 1791
1169 1170 1792
358 545 1793
681 1375 1794
718 1317 1795
874 975 1796
332 1248 1797
297 2717 1798
953 954 1799
1381 2061 1800
38 1536 1801
536 742 1802
280 2573 1803
714 2256 1804
2495 2498 1805
337 359 1806
1263 1264 1807
513 515 1808
515 534 1809
618 620 1810
1381 2499 1811
374 722 1812
374 734 1813
2495 2496 1814
2097 2279 1815
710 2566 1816
777 1870 1817
525 532 1818
1826 1827 1819
2557 2681 1820
2353 2463 1821
560 562 1822
222 746 1823
431 893 1824
2280 2358 1825
266 2503 1826
2097 2501 1827
821 1533 1828
1335 2351 1829
528 532 1830
129 1830 1831
523 525 1832
525 531 1833
555 681 1834
2173 2556 1835
1315 2261 1836
2279 2496 1837
336 337 1838
2276 2449 1839
278 1332 1840
461 464 1841
559 562 1842
1381 2097 1843
2353 2464 1844
1804 1843 1845
1823 1826 1846
373 732 1847
374 927 1848
462 464 1849
703 704 1850
1316 1317 1851
2498 2501 1852
1823 1827 1853
2496 2499 1854
374 545 1855
640 1649 1856
2496 2500 1857
1774 1775 1858
549 551 1859
1169 2483 1860
2061 2097 1861
2061 2279 1862
530 531 1863
559 607 1864
2254 2717 1865
613 2321 1866
1000 1001 1867
2279 2495 1868
341 404 1869
1602 1605 1870
229 1297 1871
342 343 1872
1824 1827 1873
1869 1872 1874
1529 2494 1875
561 562 1876
742 1158 1877
559 560 1878
656 1303 1879
1602 1604 1880
297 859 1881
1487 1488 1882
618 876 1883
705 971 1884
2081 2082 1885
535 849 1886
1824 1826 1887
72 110 1888
691 693 1889
2495 2499 1890
513 534 1891
2498 2499 1892
399 896 1893
264 1651 1894
731 2417 1895
620 702 1896
1533 2732 1897
656 1302 1898
656 2251 1899
2097 2495 1900
2081 2083 1901
374 546 1902
524 531 1903
2499 2500 1904
561 2353 1905
737 999 1906
2279 2499 1907
592 883 1908
1050 1051 1909
402 826 1910
776 893 1911
19 1201 1912
410 492 1913
607 2488 1914
525 526 1915
596 1533 1916
529 532 1917
1713 2304 1918
2553 2554 1919
527 531 1920
710 711 1921
596 1810 1922
547 818 1923
2279 2501 1924
433 905 1925
1381 2497 1926
1271 1500 1927
526 532 1928
226 430 1929
481 706 1930
685 687 1931
476 681 1932
502 503 1933
821 1184 1934
392 571 1935
2061 2495 1936
2169 2500 1937
317 509 1938
446 521 1939
264 684 1940
373 733 1941
404 493 1942
560 561 1943
1038 1228 1944
1264 2462 1945
1375 2461 1946
1381 2169 1947
108 109 1948
1170 2484 1949
936 939 1950
1421 1424 1951
2279 2500 1952
816 1184 1953
503 1737 1954
592 1819 1955
374 721 1956
2272 2713 1957
925 1257 1958
1375 2331 1959
129 1329 1960
2169 2279 1961
19 50 1962
433 752 1963
505 1339 1964
539 541 1965
222 731 1966
358 1207 1967
638 677 1968
2097 2500 1969
264 1754 1970
358 1847 1971
705 1303 1972
567 568 1973
373 730 1974
238 505 1975
444 505 1976
451 452 1977
528 531 1978
2473 2475 1979
826 2550 1980
1513 1514 1981
1604 2689 1982
529 531 1983
1254 2338 1984
2061 2498 1985
448 1796 1986
2556 2681 1987
2495 2501 1988
204 818 1989
517 518 1990
1302 1366 1991
358 736 1992
362 2198 1993
2495 2500 1994
727 1181 1995
999 1534 1996
188 1020 1997
2061 2499 1998
639 691 1999
1869 1870 2000
503 598 2001
515 851 2002
176 443 2003
522 529 2004
596 818 2005
746 1529 2006
1850 2116 2007
233 962 2008
893 894 2009
524 530 2010
893 1816 2011
892 894 2012
859 2717 2013
492 1057 2014
737 738 2015
787 788 2016
319 2683 2017
718 1316 2018
264 496 2019
522 531 2020
522 530 2021
524 529 2022
1421 1423 2023
1184 2732 2024
522 527 2025
894 1815 2026
2061 2501 2027
2061 2496 2028
466 957 2029
2496 2501 2030
337 2465 2031
526 531 2032
2061 2500 2033
337 1135 2034
618 879 2035
176 822 2036
514 515 2037
620 621 2038
1381 1383 2039
1850 1869 2040
2098 2103 2041
2465 2466 2042
2500 2501 2043
892 893 2044
280 1411 2045
522 524 2046
404 410 2047
2488 2502 2048
855 856 2049
2097 2496 2050
654 1362 2051
1179 1180 2052
618 619 2053
718 726 2054
266 928 2055
446 506 2056
238 332 2057
2392 2394 2058
433 1215 2059
433 1217 2060
490 1305 2061
2169 2499 2062
2571 2592 2063
431 892 2064
2098 2102 2065
336 374 2066
618 621 2067
1850 1870 2068
2169 2495 2069
2169 2498 2070
1850 1871 2071
1750 2264 2072
392 681 2073
815 821 2074
1264 2461 2075
2499 2501 2076
675 1652 2077
374 2465 2078
925 1259 2079
640 2692 2080
1304 1814 2081
2173 2681 2082
525 528 2083
700 1491 2084
522 523 2085
188 1045 2086
1055 1184 2087
596 2105 2088
2097 2499 2089
547 864 2090
619 956 2091
445 446 2092
476 574 2093
523 524 2094
6 137 2095
555 574 2096
592 1821 2097
526 530 2098
777 1850 2099
250 1222 2100
524 527 2101
2513 2565 2102
776 894 2103
336 2465 2104
1605 2689 2105
599 636 2106
528 529 2107
2 176 2108
185 541 2109
527 529 2110
592 2264 2111
179 1100 2112
1260 2275 2113
527 530 2114
481 659 2115
737 2482 2116
2080 2081 2117
629 2471 2118
766 2471 2119
2169 2496 2120
2495 2497 2121
887 1652 2122
2275 2461 2123
1819 1821 2124
2097 2498 2125
2497 2498 2126
1830 1831 2127
374 952 2128
260 616 2129
1531 1574 2130
2497 2500 2131
1421 1422 2132
433 1218 2133
1869 2116 2134
1290 1774 2135
2496 2497 2136
891 892 2137
1870 2116 2138
350 666 2139
2061 2169 2140
523 527 2141
1263 2275 2142
787 2492 2143
350 495 2144
675 887 2145
503 1742 2146
286 1064 2147
350 494 2148
2094 2095 2149
2332 2559 2150
264 938 2151
788 895 2152
2471 2476 2153
264 1175 2154
1426 2149 2155
382 515 2156
1876 1877 2157
2061 2497 2158
550 1177 2159
876 880 2160
1290 1775 2161
2275 2355 2162
2483 2484 2163
572 574 2164
337 2466 2165
522 526 2166
319 2682 2167
328 2631 2168
1850 1872 2169
336 2466 2170
494 816 2171
561 2464 2172
503 2707 2173
1261 1264 2174
349 416 2175
528 530 2176
886 2481 2177
925 1258 2178
358 546 2179
568 569 2180
892 1815 2181
726 1316 2182
523 526 2183
503 1375 2184
253 1222 2185
358 434 2186
2470 2471 2187
1704 2716 2188
566 568 2189
1169 2484 2190
215 351 2191
1229 2280 2192
2566 2643 2193
2279 2497 2194
806 2070 2195
891 1815 2196
742 975 2197
1185 1187 2198
404 2122 2199
526 529 2200
358 1280 2201
2363 2564 2202
523 529 2203
1096 1867 2204
250 936 2205
705 1302 2206
525 530 2207
826 2568 2208
1188 2179 2209
2277 2465 2210
891 894 2211
2363 2565 2212
226 1304 2213
523 531 2214
932 933 2215
401 403 2216
526 527 2217
1948 2553 2218
859 2254 2219
374 2466 2220
356 373 2221
492 1700 2222
1236 1238 2223
2497 2499 2224
440 1656 2225
700 740 2226
1159 2540 2227
352 395 2228
893 1815 2229
273 875 2230
879 880 2231
1281 1282 2232
210 319 2233
499 682 2234
297 2254 2235
297 2255 2236
895 2487 2237
222 750 2238
1704 2091 2239
334 716 2240
492 1707 2241
523 530 2242
1500 2550 2243
435 436 2244
2376 2377 2245
129 1831 2246
349 494 2247
250 939 2248
490 1187 2249
950 951 2250
1139 1207 2251
503 870 2252
1183 1574 2253
529 530 2254
826 2567 2255
503 871 2256
1641 1878 2257
524 526 2258
561 2718 2259
550 551 2260
1417 1419 2261
1948 2554 2262
1187 1188 2263
1644 1652 2264
2096 2102 2265
870 872 2266
1513 2112 2267
629 1301 2268
1184 2179 2269
459 940 2270
561 1146 2271
776 892 2272
1202 1203 2273
503 1344 2274
1271 2550 2275
515 1211 2276
1139 2561 2277
1616 2134 2278
1366 1836 2279
787 895 2280
1114 1115 2281
2169 2501 2282
12 112 2283
2100 2103 2284
2513 2514 2285
2490 2491 2286
536 849 2287
1113 1114 2288
463 464 2289
468 1363 2290
895 2492 2291
967 1506 2292
1811 1936 2293
250 253 2294
373 2494 2295
382 1270 2296
826 1268 2297
2169 2497 2298
619 620 2299
1282 1283 2300
1044 1271 2301
1417 1418 2302
592 1820 2303
515 1270 2304
524 528 2305
1819 1820 2306
515 538 2307
733 1198 2308
469 2274 2309
776 1815 2310
515 1210 2311
1704 2088 2312
505 521 2313
1021 1025 2314
273 368 2315
273 332 2316
343 1284 2317
454 2580 2318
2564 2565 2319
2575 2576 2320
373 1083 2321
892 2070 2322
893 2071 2323
572 573 2324
1641 1877 2325
893 2070 2326
654 1029 2327
826 1168 2328
1641 1875 2329
1258 1259 2330
210 941 2331
222 729 2332
1024 1025 2333
2100 2102 2334
382 851 2335
503 872 2336
527 528 2337
222 1529 2338
1604 1605 2339
951 1266 2340
252 936 2341
176 743 2342
496 2360 2343
264 932 2344
253 1173 2345
215 639 2346
494 1184 2347
592 826 2348
2254 2255 2349
1500 2567 2350
2097 2497 2351
1257 1258 2352
1177 1178 2353
352 1658 2354
818 888 2355
433 2079 2356
548 1886 2357
659 1302 2358
737 1534 2359
2574 2575 2360
2099 2102 2361
1601 1604 2362
454 867 2363
1207 2561 2364
694 695 2365
1418 1419 2366
505 685 2367
1677 2575 2368
526 528 2369
806 2074 2370
1500 2568 2371
1012 1016 2372
2714 2715 2373
674 1342 2374
226 1814 2375
758 874 2376
227 428 2377
816 1187 2378
523 528 2379
1235 1236 2380
250 255 2381
490 2354 2382
788 2487 2383
1587 1811 2384
2070 2071 2385
464 2454 2386
1012 1015 2387
476 503 2388
700 945 2389
951 1852 2390
525 529 2391
619 621 2392
1811 2605 2393
408 928 2394
235 2469 2395
787 2487 2396
1300 1845 2397
5 121 2398
213 332 2399
1159 2554 2400
505 1338 2401
2332 2557 2402
2489 2547 2403
296 596 2404
358 1034 2405
695 696 2406
967 1507 2407
1159 1948 2408
522 528 2409
619 880 2410
1016 2078 2411
2497 2501 2412
2080 2083 2413
967 1759 2414
1837 1838 2415
358 1699 2416
38 94 2417
343 1285 2418
1173 1222 2419
350 496 2420
264 645 2421
403 492 2422
559 2142 2423
1820 1821 2424
503 2694 2425
358 1348 2426
971 1303 2427
444 446 2428
876 879 2429
250 1173 2430
458 459 2431
561 1435 2432
47 130 2433
252 255 2434
1015 1019 2435
1184 1533 2436
871 872 2437
496 1549 2438
478 559 2439
250 2163 2440
252 253 2441
500 598 2442
2485 2486 2443
1100 1408 2444
885 886 2445
2093 2095 2446
176 979 2447
225 1418 2448
856 1053 2449
1342 1652 2450
648 1052 2451
1641 1876 2452
75 500 2453
457 459 2454
855 1053 2455
470 1086 2456
498 1223 2457
892 1816 2458
894 1816 2459
571 2176 2460
337 2277 2461
654 1028 2462
882 883 2463
167 696 2464
319 818 2465
1220 1811 2466
2574 2576 2467
381 548 2468
1704 2090 2469
336 1838 2470
1025 1026 2471
1044 2379 2472
336 2277 2473
1865 1866 2474
2363 2513 2475
1659 1660 2476
1704 1705 2477
550 1178 2478
1044 2550 2479
1268 1271 2480
1392 2660 2481
1980 2533 2482
889 890 2483
2085 2572 2484
39 130 2485
718 1300 2486
1016 1019 2487
382 538 2488
459 1404 2489
1815 1816 2490
892 2071 2491
561 2538 2492
1271 2567 2493
503 682 2494
2173 2332 2495
478 1222 2496
559 561 2497
592 929 2498
821 2613 2499
453 454 2500
2093 2094 2501
1499 1500 2502
505 506 2503
1292 2101 2504
169 866 2505
737 2545 2506
238 857 2507
1677 2574 2508
826 1044 2509
619 879 2510
1115 2533 2511
659 1303 2512
1704 2087 2513
439 440 2514
1257 1259 2515
382 1212 2516
2099 2103 2517
308 804 2518
910 2325 2519
1222 2477 2520
1260 2355 2521
1529 2667 2522
75 1025 2523
1183 1531 2524
1677 2576 2525
44 45 2526
971 1302 2527
446 505 2528
478 2377 2529
541 700 2530
373 746 2531
399 473 2532
1159 2553 2533
753 858 2534
213 238 2535
514 1212 2536
225 227 2537
739 740 2538
1261 2275 2539
308 358 2540
561 2023 2541
264 2646 2542
308 2409 2543
1271 2568 2544
675 1863 2545
852 974 2546
930 1273 2547
392 2176 2548
956 957 2549
718 1845 2550
598 1025 2551
541 945 2552
1924 2560 2553
2068 2144 2554
264 1055 2555
737 1230 2556
492 1192 2557
654 1361 2558
854 855 2559
1280 1510 2560
2539 2540 2561
250 252 2562
503 1024 2563
545 546 2564
1188 1533 2565
1210 1211 2566
470 1130 2567
1034 1349 2568
859 2255 2569
1044 1168 2570
264 1904 2571
403 499 2572
459 1882 2573
818 821 2574
253 2477 2575
806 2073 2576
226 715 2577
690 760 2578
2550 2568 2579
208 2112 2580
1222 1873 2581
75 503 2582
404 1056 2583
515 1212 2584
2332 2556 2585
223 233 2586
358 770 2587
503 1021 2588
737 1231 2589
476 555 2590
1811 2184 2591
823 2726 2592
909 2325 2593
1641 2155 2594
740 1291 2595
1797 2711 2596
930 1616 2597
718 720 2598
190 2122 2599
253 478 2600
72 305 2601
914 2592 2602
1100 2320 2603
1641 2156 2604
2550 2567 2605
1514 2572 2606
374 926 2607
1043 1044 2608
1184 1188 2609
1500 1502 2610
1096 1240 2611
253 2478 2612
966 967 2613
1012 2078 2614
1272 1273 2615
503 1026 2616
854 856 2617
244 1190 2618
1113 1115 2619
190 404 2620
861 2253 2621
264 1868 2622
1533 2179 2623
1936 2605 2624
818 1342 2625
853 855 2626
433 1216 2627
1234 1236 2628
1383 1660 2629
2275 2331 2630
561 2639 2631
129 184 2632
432 806 2633
2477 2478 2634
1877 2108 2635
1529 2548 2636
1426 1926 2637
2096 2103 2638
94 584 2639
548 1885 2640
1652 1863 2641
2082 2084 2642
47 71 2643
224 233 2644
403 404 2645
1233 1236 2646
324 326 2647
536 974 2648
446 645 2649
659 1010 2650
185 850 2651
914 2571 2652
671 1514 2653
1227 2323 2654
619 876 2655
1486 1487 2656
860 861 2657
599 2490 2658
2144 2459 2659
1873 1874 2660
1703 1704 2661
273 758 2662
319 942 2663
516 517 2664
2082 2083 2665
654 1030 2666
922 2415 2667
38 1951 2668
1115 1980 2669
2487 2492 2670
252 1173 2671
498 652 2672
253 936 2673
1232 1236 2674
39 71 2675
344 1658 2676
397 460 2677
806 1219 2678
910 1286 2679
341 403 2680
776 891 2681
1016 1018 2682
308 971 2683
541 2622 2684
677 1649 2685
1361 1362 2686
252 939 2687
1774 2595 2688
1529 2711 2689
1875 1878 2690
1885 1886 2691
185 945 2692
400 404 2693
500 1024 2694
227 1418 2695
818 887 2696
2087 2090 2697
388 443 2698
382 1213 2699
414 855 2700
1426 2150 2701
323 326 2702
536 852 2703
1211 1212 2704
1074 2095 2705
1514 2085 2706
75 2352 2707
1604 1702 2708
238 451 2709
696 1295 2710
1222 1874 2711
404 1522 2712
39 123 2713
592 695 2714
1003 1366 2715
2080 2082 2716
2083 2084 2717
559 2434 2718
752 753 2719
252 1222 2720
442 906 2721
1222 2478 2722
1797 2548 2723
248 951 2724
1015 1016 2725
1292 2103 2726
1486 1488 2727
470 472 2728
253 939 2729
208 1514 2730
496 761 2731
561 1055 2732
569 2104 2733
853 854 2734
503 1343 2735
854 1053 2736
619 957 2737
1366 2069 2738
2097 2100 2739
6 151 2740
1044 2567 2741
914 1049 2742
1240 1867 2743
129 177 2744
1038 1039 2745
1184 1185 2746
1210 1212 2747
671 2085 2748
2023 2538 2749
141 358 2750
914 915 2751
914 1046 2752
1426 2597 2753
317 318 2754
253 1179 2755
349 496 2756
639 1011 2757
752 858 2758
849 852 2759
1530 2711 2760
914 1048 2761
1044 2568 2762
490 816 2763
318 509 2764
914 1347 2765
921 922 2766
700 1038 2767
1881 2418 2768
2355 2461 2769
243 244 2770
505 857 2771
309 374 2772
1040 1042 2773
1100 2427 2774
19 749 2775
500 1021 2776
592 1043 2777
321 354 2778
826 1043 2779
1268 2567 2780
515 1213 2781
659 1836 2782
1704 2086 2783
1486 2250 2784
351 1011 2785
1028 1029 2786
1044 1500 2787
503 1023 2788
700 1040 2789
1601 1605 2790
1774 1881 2791
2332 2681 2792
240 241 2793
945 946 2794
324 935 2795
776 1816 2796
1068 1274 2797
1797 2133 2798
690 1508 2799
1334 1335 2800
914 2457 2801
1176 1270 2802
2149 2150 2803
529 1365 2804
64 165 2805
440 894 2806
226 884 2807
1287 1289 2808
263 264 2809
1257 1365 2810
696 2159 2811
891 1816 2812
914 1047 2813
818 1566 2814
176 1486 2815
503 1209 2816
199 1353 2817
1012 1019 2818
326 934 2819
599 2546 2820
1514 2112 2821
2287 2563 2822
1268 2568 2823
1187 2179 2824
592 1168 2825
648 1050 2826
967 1977 2827
2080 2084 2828
659 2251 2829
326 935 2830
853 856 2831
945 1038 2832
1876 2108 2833
199 1351 2834
659 2278 2835
2567 2568 2836
1260 2461 2837
238 338 2838
967 1945 2839
1044 1499 2840
638 2692 2841
1260 1263 2842
412 893 2843
930 1272 2844
1184 1187 2845
1068 2148 2846
2155 2156 2847
414 854 2848
1230 1231 2849
1270 1813 2850
244 2113 2851
238 452 2852
351 639 2853
1366 1368 2854
2097 2098 2855
470 471 2856
157 373 2857
469 1363 2858
253 1180 2859
261 2489 2860
695 2159 2861
726 1558 2862
2088 2091 2863
404 1700 2864
569 1074 2865
303 305 2866
72 1477 2867
823 863 2868
75 598 2869
818 1569 2870
1274 1275 2871
1530 1797 2872
1162 1269 2873
1236 1237 2874
1029 1362 2875
695 2158 2876
238 273 2877
273 1062 2878
440 1188 2879
481 1302 2880
535 536 2881
887 1342 2882
945 1040 2883
2581 2582 2884
252 254 2885
915 1046 2886
1641 2108 2887
344 417 2888
1881 2595 2889
700 1039 2890
700 1042 2891
1641 2157 2892
659 2136 2893
1529 2133 2894
470 987 2895
432 2070 2896
806 2060 2897
1529 1797 2898
51 53 2899
198 453 2900
2155 2157 2901
778 1263 2902
914 916 2903
2457 2592 2904
194 1865 2905
1742 2458 2906
700 739 2907
1018 1019 2908
500 1026 2909
536 975 2910
72 258 2911
255 1179 2912
155 749 2913
264 1559 2914
260 2489 2915
1292 2102 2916
737 2373 2917
733 1199 2918
934 935 2919
953 955 2920
431 831 2921
659 2432 2922
2097 2099 2923
498 1027 2924
852 975 2925
505 1200 2926
19 51 2927
323 324 2928
945 1041 2929
1096 1239 2930
2163 2164 2931
2023 2639 2932
1774 2305 2933
352 417 2934
1348 1349 2935
129 1509 2936
541 1038 2937
329 1053 2938
2173 2534 2939
186 1817 2940
442 2627 2941
727 1203 2942
440 1185 2943
478 2485 2944
541 1041 2945
471 472 2946
1268 2550 2947
1261 2461 2948
721 722 2949
334 717 2950
431 1472 2951
1028 1924 2952
352 847 2953
503 1492 2954
334 1414 2955
727 2120 2956
478 2478 2957
922 1812 2958
1434 1881 2959
352 1475 2960
899 900 2961
1038 1042 2962
1565 1641 2963
1807 2250 2964
45 79 2965
261 2547 2966
1300 1846 2967
2339 2525 2968
238 368 2969
185 944 2970
1796 2151 2971
213 273 2972
449 450 2973
1774 2596 2974
919 922 2975
498 1208 2976
718 1409 2977
2086 2090 2978
481 1303 2979
914 1346 2980
255 939 2981
568 2104 2982
1038 1040 2983
176 590 2984
253 2164 2985
1046 1049 2986
599 2491 2987
1219 2070 2988
541 850 2989
1046 1047 2990
238 758 2991
255 1180 2992
914 917 2993
343 964 2994
352 1355 2995
243 1190 2996
414 856 2997
2137 2138 2998
1039 1040 2999
1529 1530 3000
2339 2600 3001
129 152 3002
696 2158 3003
226 1130 3004
1070 1369 3005
700 1041 3006
909 1286 3007
262 1811 3008
344 846 3009
541 946 3010
592 1808 3011
1040 1041 3012
250 318 3013
1530 2548 3014
343 396 3015
14 1059 3016
945 1039 3017
442 1482 3018
541 1039 3019
1029 1030 3020
129 153 3021
215 1011 3022
930 2134 3023
559 2059 3024
1019 2078 3025
1656 1714 3026
431 2563 3027
554 977 3028
352 846 3029
913 914 3030
344 1355 3031
2096 2097 3032
324 934 3033
916 1049 3034
226 578 3035
561 2244 3036
916 1046 3037
1156 1611 3038
404 1057 3039
51 52 3040
574 682 3041
1185 1186 3042
2097 2102 3043
253 2536 3044
6 7 3045
226 556 3046
213 721 3047
244 2114 3048
343 965 3049
352 2555 3050
1029 1361 3051
414 1050 3052
645 2646 3053
782 1040 3054
255 936 3055
1354 1870 3056
431 2287 3057
1354 1869 3058
229 428 3059
14 379 3060
186 2076 3061
2097 2103 3062
1292 2097 3063
36 45 3064
176 2250 3065
194 1866 3066
1067 2138 3067
659 1742 3068
2073 2074 3069
193 1065 3070
1013 1016 3071
648 1051 3072
1021 1024 3073
225 226 3074
818 2117 3075
568 1074 3076
1881 2305 3077
727 1202 3078
1012 1014 3079
1845 1846 3080
1046 1048 3081
2098 2100 3082
517 903 3083
1493 2252 3084
264 2118 3085
1212 1213 3086
1268 1500 3087
592 1409 3088
1292 2708 3089
1039 1042 3090
1513 2111 3091
1815 2382 3092
19 49 3093
2332 2537 3094
414 1053 3095
404 1192 3096
1491 1493 3097
440 816 3098
344 847 3099
1018 2078 3100
176 1806 3101
186 1162 3102
253 2163 3103
2163 2536 3104
1354 2116 3105
1012 1013 3106
303 2075 3107
1041 1042 3108
592 1019 3109
1013 1019 3110
442 1070 3111
450 2140 3112
453 816 3113
2138 2723 3114
39 126 3115
1302 1836 3116
1703 2090 3117
72 74 3118
318 2147 3119
1028 1030 3120
1349 2336 3121
695 1295 3122
352 1357 3123
677 2692 3124
915 1049 3125
14 1058 3126
19 155 3127
1219 2073 3128
1288 1289 3129
966 1506 3130
1038 1041 3131
334 1516 3132
915 1047 3133
372 1070 3134
432 1219 3135
518 752 3136
344 2555 3137
2248 2249 3138
226 577 3139
1815 2637 3140
414 1051 3141
700 1291 3142
129 183 3143
831 1472 3144
1530 2667 3145
1881 2596 3146
392 1354 3147
176 1807 3148
543 886 3149
442 1714 3150
988 1182 3151
694 696 3152
1065 1066 3153
592 2348 3154
478 2477 3155
340 971 3156
411 677 3157
541 782 3158
967 970 3159
273 759 3160
440 1187 3161
770 2148 3162
945 1042 3163
541 1040 3164
329 414 3165
19 78 3166
559 2053 3167
1017 1019 3168
303 304 3169
404 1707 3170
349 1053 3171
193 1066 3172
372 1074 3173
389 681 3174
72 259 3175
244 2115 3176
623 2395 3177
541 2181 3178
1065 1067 3179
681 682 3180
253 255 3181
190 192 3182
303 2579 3183
541 2058 3184
690 759 3185
896 977 3186
659 2000 3187
915 916 3188
303 2518 3189
411 971 3190
1261 2355 3191
373 1529 3192
782 945 3193
962 1214 3194
185 946 3195
1234 1238 3196
1486 1807 3197
403 410 3198
260 2739 3199
883 930 3200
241 335 3201
478 2486 3202
540 541 3203
541 1042 3204
2595 2596 3205
1219 2074 3206
1608 1611 3207
1805 2148 3208
1926 2150 3209
1215 1219 3210
49 155 3211
350 414 3212
517 901 3213
75 1026 3214
362 1236 3215
344 1357 3216
459 1474 3217
1608 1610 3218
233 755 3219
1405 1406 3220
915 917 3221
2099 2100 3222
213 722 3223
2156 2157 3224
409 697 3225
561 2245 3226
189 190 3227
915 1048 3228
1012 1018 3229
176 1698 3230
432 2074 3231
407 408 3232
572 1354 3233
478 2376 3234
1066 1067 3235
262 1220 3236
262 1587 3237
1703 2087 3238
922 2416 3239
1014 1019 3240
1068 1805 3241
1233 1238 3242
255 2163 3243
859 2253 3244
2098 2099 3245
1039 1041 3246
19 52 3247
2086 2087 3248
559 976 3249
1774 2135 3250
1605 1702 3251
226 449 3252
185 540 3253
887 978 3254
1703 1705 3255
1369 2145 3256
240 335 3257
752 2079 3258
49 749 3259
373 1797 3260
2096 2100 3261
253 254 3262
770 1068 3263
518 2079 3264
916 1047 3265
1263 2355 3266
432 1215 3267
967 1944 3268
2113 2114 3269
198 1001 3270
914 2030 3271
2019 2339 3272
1023 1026 3273
428 1298 3274
1292 2098 3275
1235 1238 3276
252 1220 3277
253 1294 3278
329 853 3279
349 1372 3280
2096 2098 3281
1047 1049 3282
1074 2104 3283
1047 1048 3284
75 1021 3285
1530 2133 3286
599 2439 3287
916 917 3288
362 1238 3289
598 1024 3290
944 945 3291
559 2433 3292
2150 2597 3293
696 1044 3294
1048 1049 3295
226 2143 3296
6 140 3297
372 568 3298
1499 1502 3299
412 1366 3300
696 1268 3301
240 1278 3302
39 122 3303
72 261 3304
329 2131 3305
464 2346 3306
598 1026 3307
974 975 3308
223 224 3309
1015 1018 3310
645 965 3311
252 262 3312
305 2075 3313
2113 2115 3314
379 381 3315
916 1048 3316
319 2314 3317
72 73 3318
598 1021 3319
652 1223 3320
193 2138 3321
432 2073 3322
572 681 3323
226 227 3324
476 682 3325
329 2127 3326
372 2104 3327
1018 2337 3328
1565 2155 3329
623 835 3330
2114 2115 3331
443 1261 3332
362 1235 3333
54 73 3334
1012 2077 3335
922 1257 3336
404 576 3337
73 74 3338
450 907 3339
261 615 3340
372 569 3341
919 1256 3342
305 2579 3343
914 1305 3344
770 1805 3345
1021 1026 3346
1044 1268 3347
193 1067 3348
481 2251 3349
1234 1235 3350
352 2045 3351
652 1027 3352
198 2336 3353
273 338 3354
414 1052 3355
1070 1656 3356
1340 1341 3357
304 305 3358
54 74 3359
392 2175 3360
481 1836 3361
598 1023 3362
1237 1238 3363
1022 1026 3364
2019 2600 3365
1070 1714 3366
1879 2137 3367
1434 2418 3368
233 1214 3369
1881 2135 3370
696 1500 3371
213 338 3372
481 812 3373
518 903 3374
141 1699 3375
1013 1014 3376
429 696 3377
1067 2137 3378
1232 1238 3379
19 116 3380
332 338 3381
1184 1189 3382
440 1189 3383
1198 1199 3384
183 184 3385
696 873 3386
2247 2248 3387
443 1260 3388
835 2395 3389
1187 1533 3390
2382 2637 3391
919 921 3392
186 1269 3393
1926 2597 3394
459 1400 3395
1610 1611 3396
758 1224 3397
1261 1263 3398
1266 2607 3399
696 1498 3400
2096 2099 3401
518 905 3402
914 2524 3403
517 902 3404
555 682 3405
213 835 3406
2273 2354 3407
308 340 3408
478 2433 3409
1233 1235 3410
1216 1219 3411
190 191 3412
1019 2160 3413
248 1266 3414
853 1053 3415
598 599 3416
752 905 3417
132 446 3418
816 2012 3419
349 414 3420
1815 2636 3421
2305 2595 3422
1703 2086 3423
1013 1018 3424
2171 2173 3425
354 418 3426
252 1923 3427
409 1564 3428
127 129 3429
392 2011 3430
541 2522 3431
238 800 3432
690 758 3433
718 1846 3434
859 860 3435
303 2603 3436
592 2161 3437
1043 1168 3438
1056 1057 3439
284 446 3440
344 1475 3441
959 960 3442
193 2137 3443
727 862 3444
223 755 3445
1815 2635 3446
252 2670 3447
481 2278 3448
1891 2248 3449
278 1553 3450
659 2187 3451
541 944 3452
1263 2461 3453
1482 1656 3454
206 1193 3455
255 2536 3456
2436 2437 3457
1024 1026 3458
1156 1610 3459
114 115 3460
318 2257 3461
2333 2537 3462
2373 2545 3463
344 2045 3464
1235 1237 3465
75 1024 3466
440 1184 3467
913 916 3468
1517 2275 3469
2107 2109 3470
185 2522 3471
476 1370 3472
1292 2100 3473
797 1551 3474
258 261 3475
2135 2595 3476
278 1552 3477
2194 2228 3478
262 1221 3479
2305 2596 3480
392 572 3481
481 2322 3482
966 1507 3483
1260 1261 3484
1254 1892 3485
930 1214 3486
222 1358 3487
329 2126 3488
410 411 3489
308 410 3490
1232 1235 3491
368 905 3492
1014 1018 3493
1286 2325 3494
442 2038 3495
905 2079 3496
403 1056 3497
1292 2099 3498
305 2518 3499
1565 2157 3500
19 77 3501
726 1195 3502
541 2424 3503
694 1295 3504
1534 2168 3505
1287 1288 3506
221 2638 3507
432 1217 3508
582 677 3509
428 1297 3510
1292 2096 3511
1354 2282 3512
1506 1507 3513
2382 2636 3514
2034 2144 3515
1217 1219 3516
255 2164 3517
238 340 3518
350 761 3519
1265 1266 3520
818 1568 3521
432 1216 3522
1534 2167 3523
700 1292 3524
921 1256 3525
2135 2596 3526
19 76 3527
253 2691 3528
2433 2434 3529
226 1348 3530
913 915 3531
362 1234 3532
1302 1303 3533
12 35 3534
960 961 3535
362 1232 3536
362 1237 3537
1260 2462 3538
442 1928 3539
1302 1742 3540
1019 2077 3541
352 1356 3542
2139 2140 3543
503 2252 3544
518 904 3545
1209 1344 3546
758 1226 3547
823 899 3548
204 1342 3549
362 1233 3550
419 446 3551
2173 2262 3552
1018 2077 3553
224 1214 3554
238 760 3555
222 1360 3556
958 960 3557
453 955 3558
1875 2107 3559
329 2128 3560
659 780 3561
2107 2108 3562
2111 2112 3563
19 124 3564
823 900 3565
224 755 3566
1215 1218 3567
72 260 3568
1232 1237 3569
1354 2011 3570
516 518 3571
32 255 3572
71 122 3573
253 2423 3574
454 1711 3575
268 2582 3576
329 2129 3577
737 1563 3578
217 222 3579
1220 1221 3580
2153 2154 3581
204 1206 3582
226 1701 3583
415 853 3584
1013 2077 3585
2011 2282 3586
541 943 3587
2127 2132 3588
2129 2131 3589
368 518 3590
1522 1707 3591
19 2208 3592
412 1656 3593
67 68 3594
255 1294 3595
302 1436 3596
1565 2156 3597
389 392 3598
1225 1226 3599
1856 1857 3600
1027 1223 3601
194 1512 3602
213 309 3603
245 1095 3604
2601 2602 3605
344 1356 3606
696 1497 3607
372 374 3608
1550 1551 3609
2473 2635 3610
1294 2423 3611
1482 1714 3612
222 1359 3613
329 2132 3614
392 2174 3615
1806 1807 3616
248 249 3617
1232 1233 3618
592 2160 3619
238 759 3620
387 681 3621
758 794 3622
2135 2305 3623
365 553 3624
726 1540 3625
755 1214 3626
240 1279 3627
598 1492 3628
2131 2132 3629
966 1977 3630
208 2111 3631
176 464 3632
1217 1218 3633
1514 2111 3634
193 1267 3635
794 1224 3636
2382 2473 3637
344 352 3638
1232 1234 3639
203 1204 3640
716 717 3641
368 759 3642
2382 2635 3643
816 1186 3644
818 976 3645
1263 2462 3646
53 421 3647
152 153 3648
460 1032 3649
794 1226 3650
920 921 3651
758 1225 3652
1263 1575 3653
1481 1482 3654
67 69 3655
223 1214 3656
268 2581 3657
302 861 3658
816 1524 3659
2108 2109 3660
412 442 3661
253 2258 3662
412 2540 3663
476 1371 3664
2167 2168 3665
329 2125 3666
2011 2174 3667
443 1504 3668
186 1857 3669
648 649 3670
1216 1218 3671
1480 1482 3672
1302 2278 3673
1070 1074 3674
1260 1262 3675
1278 1279 3676
1928 2152 3677
1224 1226 3678
1233 1234 3679
1303 2251 3680
2172 2173 3681
1557 1595 3682
1370 1371 3683
2129 2132 3684
516 901 3685
1044 1502 3686
1555 1556 3687
2152 2154 3688
260 261 3689
503 1493 3690
882 930 3691
1302 2251 3692
186 2516 3693
297 302 3694
65 69 3695
305 2603 3696
266 407 3697
2011 2175 3698
443 2517 3699
2473 2637 3700
335 1279 3701
1234 1237 3702
414 1489 3703
83 381 3704
2034 2459 3705
2332 2333 3706
518 901 3707
329 2130 3708
427 1804 3709
758 800 3710
1556 1557 3711
1224 1225 3712
937 1222 3713
1003 2069 3714
1014 2077 3715
1215 1217 3716
405 797 3717
2127 2131 3718
405 1551 3719
65 68 3720
1555 1557 3721
66 68 3722
12 103 3723
1894 2439 3724
929 930 3725
2128 2131 3726
773 1224 3727
1233 1237 3728
1019 2337 3729
516 903 3730
797 2173 3731
65 67 3732
308 582 3733
2636 2637 3734
54 72 3735
252 1221 3736
794 1225 3737
919 920 3738
213 952 3739
529 1257 3740
2285 2286 3741
773 1225 3742
958 959 3743
1001 2428 3744
598 2694 3745
343 645 3746
389 572 3747
1815 2473 3748
2124 2131 3749
203 204 3750
372 373 3751
329 2124 3752
2244 2245 3753
2000 2432 3754
1928 2153 3755
397 1269 3756
1875 2109 3757
443 1263 3758
66 67 3759
958 961 3760
338 505 3761
975 2730 3762
2000 2136 3763
2124 2132 3764
971 972 3765
414 853 3766
761 2360 3767
773 1226 3768
1343 1344 3769
373 1530 3770
652 713 3771
412 2539 3772
128 129 3773
247 249 3774
414 648 3775
943 945 3776
696 1501 3777
76 78 3778
277 379 3779
518 902 3780
247 248 3781
274 2620 3782
74 75 3783
205 1001 3784
901 902 3785
2152 2153 3786
529 922 3787
259 261 3788
407 409 3789
1875 2108 3790
1475 1476 3791
773 794 3792
971 973 3793
308 823 3794
349 1520 3795
789 790 3796
2127 2130 3797
2473 2636 3798
758 773 3799
1400 1404 3800
45 70 3801
24 931 3802
185 977 3803
1026 1492 3804
77 78 3805
1482 1483 3806
255 2691 3807
101 102 3808
204 1205 3809
966 970 3810
1047 1406 3811
319 941 3812
936 937 3813
400 403 3814
2136 2432 3815
901 903 3816
403 1192 3817
816 1470 3818
352 1372 3819
861 1436 3820
959 961 3821
354 759 3822
853 1490 3823
2126 2127 3824
68 69 3825
468 469 3826
1070 1482 3827
2262 2263 3828
1354 2174 3829
262 1555 3830
2130 2132 3831
478 2307 3832
1034 1348 3833
1186 1187 3834
349 853 3835
443 1925 3836
329 2123 3837
246 249 3838
368 758 3839
387 443 3840
1375 1517 3841
2171 2172 3842
2126 2131 3843
2130 2131 3844
274 2196 3845
478 2434 3846
2635 2637 3847
19 421 3848
199 2356 3849
460 1466 3850
2170 2173 3851
308 338 3852
2126 2132 3853
100 101 3854
255 2258 3855
403 1057 3856
36 70 3857
758 760 3858
185 943 3859
1600 2312 3860
49 154 3861
204 1204 3862
1496 2005 3863
35 103 3864
219 222 3865
1342 1596 3866
70 104 3867
2123 2132 3868
2123 2126 3869
599 1894 3870
2160 2348 3871
440 1533 3872
1158 1159 3873
758 759 3874
383 1018 3875
255 937 3876
412 1070 3877
388 393 3878
1026 2694 3879
1019 2161 3880
1209 1343 3881
415 1489 3882
1498 1500 3883
331 334 3884
850 943 3885
383 384 3886
1260 1505 3887
918 921 3888
2635 2636 3889
860 2253 3890
1928 2154 3891
2124 2127 3892
2125 2131 3893
218 222 3894
275 379 3895
873 1268 3896
349 1518 3897
2126 2129 3898
246 248 3899
2173 2263 3900
152 1509 3901
964 1559 3902
1556 1595 3903
770 1699 3904
1187 1470 3905
2128 2132 3906
1053 1520 3907
2123 2131 3908
254 255 3909
1354 2175 3910
1117 2155 3911
652 1208 3912
397 1162 3913
66 69 3914
659 2324 3915
308 1214 3916
2258 2259 3917
1018 2161 3918
253 937 3919
396 1285 3920
2127 2129 3921
9 93 3922
54 75 3923
2124 2126 3924
253 2260 3925
1537 1539 3926
758 1508 3927
199 1485 3928
816 1143 3929
2123 2127 3930
2125 2128 3931
943 944 3932
1566 1569 3933
516 902 3934
2125 2130 3935
2126 2128 3936
740 2532 3937
913 917 3938
24 1650 3939
700 2531 3940
141 770 3941
276 278 3942
922 2629 3943
1216 1217 3944
2125 2132 3945
264 964 3946
396 1284 3947
937 2258 3948
902 903 3949
2129 2130 3950
349 352 3951
1215 1216 3952
403 1700 3953
1552 1553 3954
76 77 3955
1001 2336 3956
1538 1539 3957
412 1482 3958
2126 2130 3959
2128 2129 3960
19 109 3961
298 1149 3962
1156 1157 3963
72 75 3964
308 2285 3965
2125 2126 3966
70 113 3967
354 758 3968
344 1476 3969
350 853 3970
2180 2312 3971
258 260 3972
186 1856 3973
1341 1342 3974
127 152 3975
127 153 3976
2125 2127 3977
759 760 3978
922 1365 3979
2125 2129 3980
397 2076 3981
760 1508 3982
2127 2128 3983
873 1500 3984
2196 2620 3985
414 1518 3986
1533 2012 3987
761 1549 3988
2124 2130 3989
853 1518 3990
253 2259 3991
313 553 3992
73 75 3993
740 1292 3994
48 1822 3995
429 1044 3996
440 1186 3997
937 2477 3998
2128 2130 3999
199 1350 4000
2123 2129 4001
700 2532 4002
494 1470 4003
964 2005 4004
238 354 4005
592 2347 4006
1928 2619 4007
2124 2129 4008
383 385 4009
258 1477 4010
1058 1059 4011
214 682 4012
759 800 4013
1414 1516 4014
379 380 4015
2259 2260 4016
1053 1518 4017
261 1477 4018
397 1032 4019
1277 1545 4020
1149 1844 4021
694 1500 4022
1569 2117 4023
2344 2629 4024
109 120 4025
344 1372 4026
468 1544 4027
1942 2270 4028
414 415 4029
937 2260 4030
2034 2036 4031
2579 2603 4032
99 101 4033
185 2424 4034
2258 2260 4035
1567 1568 4036
1420 2642 4037
2124 2128 4038
19 2507 4039
397 1077 4040
109 1511 4041
48 565 4042
48 96 4043
1143 1187 4044
2124 2125 4045
255 2259 4046
255 2260 4047
403 1522 4048
795 2173 4049
352 1476 4050
2174 2175 4051
43 48 4052
65 66 4053
412 1369 4054
412 2145 4055
405 406 4056
1351 1352 4057
2123 2130 4058
397 2516 4059
1849 1851 4060
199 1352 4061
408 409 4062
580 1979 4063
2123 2125 4064
220 222 4065
481 1841 4066
64 115 4067
394 395 4068
1031 1345 4069
1184 1186 4070
1600 2180 4071
276 1552 4072
378 379 4073
972 973 4074
109 118 4075
937 2478 4076
2123 2128 4077
255 2423 4078
780 1302 4079
816 1471 4080
2123 2124 4081
277 381 4082
628 1411 4083
2172 2263 4084
2334 2335 4085
2265 2267 4086
362 363 4087
414 1520 4088
795 2171 4089
1358 1359 4090
9 121 4091
344 349 4092
700 1716 4093
920 1256 4094
1267 2227 4095
405 2569 4096
397 1031 4097
1537 1538 4098
29 80 4099
296 861 4100
128 152 4101
481 1920 4102
478 937 4103
42 126 4104
1359 1360 4105
1117 2156 4106
1979 1981 4107
258 259 4108
860 1421 4109
233 2430 4110
1186 1189 4111
191 192 4112
260 1477 4113
481 1842 4114
2034 2035 4115
238 1508 4116
1524 1533 4117
2265 2268 4118
565 1822 4119
1742 2187 4120
1340 1342 4121
308 411 4122
700 2529 4123
1184 1469 4124
1352 1353 4125
412 1368 4126
1348 2336 4127
2268 2269 4128
302 1438 4129
168 169 4130
1305 2030 4131
309 735 4132
740 2531 4133
2193 2268 4134
19 120 4135
1184 2012 4136
309 423 4137
700 2528 4138
262 1557 4139
412 1367 4140
189 192 4141
795 2263 4142
128 153 4143
350 762 4144
427 1712 4145
254 2691 4146
543 2397 4147
309 1479 4148
387 1263 4149
541 1592 4150
308 2286 4151
403 1707 4152
384 1018 4153
481 1919 4154
411 582 4155
1047 1405 4156
1350 1353 4157
2228 2268 4158
2327 2330 4159
2329 2330 4160
263 1904 4161
1979 2022 4162
421 2208 4163
176 2346 4164
795 2172 4165
873 1044 4166
1117 1565 4167
1421 1554 4168
1500 1501 4169
943 2522 4170
35 82 4171
309 927 4172
218 220 4173
302 2334 4174
1563 2373 4175
340 368 4176
780 1742 4177
1302 2187 4178
127 128 4179
218 219 4180
218 1358 4181
860 1957 4182
1489 1490 4183
976 2053 4184
365 1708 4185
397 1857 4186
1034 1240 4187
2034 2037 4188
193 1512 4189
1350 1351 4190
406 2569 4191
218 1359 4192
275 381 4193
937 2259 4194
1709 1710 4195
308 2309 4196
218 1360 4197
284 473 4198
2193 2265 4199
384 385 4200
478 2425 4201
186 397 4202
1497 1500 4203
262 1556 4204
1691 2640 4205
361 365 4206
29 121 4207
219 1358 4208
361 363 4209
412 1714 4210
1498 1499 4211
648 2342 4212
1352 1485 4213
1358 1360 4214
918 920 4215
964 1496 4216
1268 1497 4217
694 1268 4218
1691 1928 4219
2228 2267 4220
387 573 4221
2193 2266 4222
308 767 4223
660 991 4224
440 1524 4225
648 2343 4226
2265 2269 4227
189 191 4228
297 1436 4229
931 1783 4230
1268 1498 4231
2160 2347 4232
412 2541 4233
220 1358 4234
1706 2354 4235
2266 2268 4236
395 396 4237
259 260 4238
365 1710 4239
414 1490 4240
365 1709 4241
542 2738 4242
19 1511 4243
582 2286 4244
2267 2269 4245
481 2187 4246
795 797 4247
387 392 4248
1302 2324 4249
1276 1277 4250
64 1853 4251
259 1477 4252
19 119 4253
853 1520 4254
2228 2265 4255
2327 2329 4256
33 35 4257
266 409 4258
2160 2161 4259
2161 2348 4260
1342 1539 4261
313 361 4262
1117 2327 4263
1044 1497 4264
109 119 4265
460 1112 4266
308 1277 4267
1928 2640 4268
1261 2521 4269
302 1448 4270
1708 1710 4271
2265 2266 4272
309 952 4273
2266 2269 4274
363 365 4275
372 375 4276
1262 1263 4277
360 1710 4278
412 1480 4279
2312 2508 4280
371 374 4281
29 41 4282
275 277 4283
2193 2269 4284
1566 2117 4285
100 102 4286
442 1478 4287
302 1023 4288
429 1268 4289
1708 1709 4290
1480 1481 4291
2328 2330 4292
96 1515 4293
795 2262 4294
1600 2508 4295
1350 1485 4296
2267 2268 4297
976 2059 4298
308 660 4299
296 297 4300
1792 1794 4301
397 1345 4302
510 511 4303
854 1994 4304
2228 2266 4305
82 103 4306
727 1533 4307
193 194 4308
1438 2334 4309
412 1481 4310
360 365 4311
406 2119 4312
2050 2051 4313
2228 2269 4314
785 860 4315
1470 1533 4316
96 104 4317
33 82 4318
1794 1796 4319
394 396 4320
2059 2142 4321
19 118 4322
1598 1600 4323
1519 1844 4324
32 2326 4325
378 381 4326
1060 2738 4327
41 80 4328
308 1494 4329
2347 2348 4330
816 937 4331
1220 1560 4332
219 1359 4333
1400 1474 4334
219 220 4335
510 512 4336
96 107 4337
913 2524 4338
2193 2228 4339
367 369 4340
1292 2532 4341
818 1567 4342
217 218 4343
313 1710 4344
1350 2356 4345
313 363 4346
415 1490 4347
481 780 4348
1184 1524 4349
118 120 4350
1742 2324 4351
302 859 4352
340 758 4353
1214 1277 4354
1184 1470 4355
1277 1494 4356
1409 2630 4357
246 247 4358
412 2195 4359
797 1854 4360
542 2543 4361
429 1498 4362
220 1359 4363
1526 2738 4364
385 386 4365
338 446 4366
1034 2651 4367
2035 2036 4368
298 1519 4369
1447 1495 4370
412 1715 4371
99 102 4372
267 268 4373
313 1708 4374
1260 1504 4375
964 1495 4376
364 1710 4377
580 2022 4378
1034 2336 4379
362 365 4380
481 1840 4381
2193 2267 4382
478 1533 4383
296 859 4384
481 1742 4385
384 386 4386
1260 2521 4387
700 2530 4388
648 2340 4389
252 1560 4390
429 694 4391
1408 2320 4392
360 1709 4393
2266 2267 4394
313 365 4395
1214 1494 4396
2328 2329 4397
694 1498 4398
397 1856 4399
727 1184 4400
61 93 4401
238 690 4402
360 363 4403
1495 1496 4404
2118 2345 4405
219 1360 4406
1438 2008 4407
460 1111 4408
202 204 4409
220 1360 4410
859 1436 4411
360 1708 4412
387 388 4413
503 1491 4414
648 2341 4415
1438 2335 4416
541 977 4417
740 1716 4418
1117 2601 4419
2336 2651 4420
19 2028 4421
1263 1947 4422
1352 2356 4423
795 2170 4424
191 1937 4425
1480 1483 4426
1485 2356 4427
440 1470 4428
373 375 4429
1117 2602 4430
298 1844 4431
313 360 4432
557 1111 4433
95 96 4434
120 1511 4435
380 381 4436
313 1709 4437
1526 2543 4438
853 1519 4439
1143 1184 4440
9 61 4441
429 873 4442
759 1508 4443
1151 1438 4444
33 103 4445
29 61 4446
166 167 4447
1517 2331 4448
1158 1517 4449
1159 1517 4450
1260 2517 4451
1841 1842 4452
364 365 4453
366 369 4454
1342 1537 4455
2341 2343 4456
922 2345 4457
1546 1548 4458
1023 1053 4459
1518 1520 4460
543 1526 4461
861 1449 4462
119 1511 4463
481 2324 4464
1260 1947 4465
1143 1533 4466
1481 1483 4467
1447 1496 4468
1342 1538 4469
1044 1498 4470
481 1973 4471
2053 2059 4472
2342 2343 4473
1186 1469 4474
1261 2517 4475
370 374 4476
1350 1352 4477
2341 2342 4478
412 1483 4479
469 1334 4480
1151 2335 4481
1526 2397 4482
1840 1842 4483
920 2512 4484
198 1034 4485
374 377 4486
1840 1841 4487
387 1260 4488
167 169 4489
1292 2531 4490
975 1544 4491
217 220 4492
217 219 4493
853 1023 4494
920 2510 4495
440 1143 4496
2340 2341 4497
481 1839 4498
364 1708 4499
1920 1921 4500
308 1276 4501
478 816 4502
1261 1504 4503
1263 2521 4504
364 1709 4505
1151 2334 4506
360 364 4507
429 1497 4508
360 362 4509
427 1071 4510
313 364 4511
377 2638 4512
2327 2328 4513
440 1523 4514
694 1044 4515
964 1447 4516
302 1151 4517
580 1981 4518
860 1554 4519
943 2424 4520
119 120 4521
118 1511 4522
854 860 4523
1920 1973 4524
377 1411 4525
1408 2427 4526
469 1544 4527
1263 1505 4528
1839 1841 4529
1839 1842 4530
920 1880 4531
1044 1501 4532
2424 2522 4533
920 2178 4534
2505 2523 4535
541 2621 4536
118 119 4537
412 1526 4538
740 2530 4539
1157 1503 4540
854 1993 4541
873 1498 4542
1526 1931 4543
385 1018 4544
373 374 4545
383 386 4546
277 380 4547
344 350 4548
352 414 4549
1117 2329 4550
682 1935 4551
1268 1501 4552
859 1449 4553
1497 1498 4554
387 389 4555
740 2529 4556
906 1478 4557
233 2020 4558
2344 2345 4559
1622 2185 4560
1117 2330 4561
297 1449 4562
937 1533 4563
1184 1471 4564
206 207 4565
2340 2343 4566
694 873 4567
296 853 4568
232 233 4569
1260 1925 4570
780 2187 4571
1184 1523 4572
1981 2022 4573
727 1471 4574
1157 1786 4575
542 1060 4576
1839 1840 4577
429 1500 4578
231 233 4579
740 2528 4580
206 1541 4581
363 364 4582
1117 2328 4583
1292 2530 4584
1151 2008 4585
440 478 4586
918 2510 4587
2161 2347 4588
362 364 4589
1267 2506 4590
1261 1947 4591
469 975 4592
1792 1796 4593
2036 2037 4594
920 2509 4595
440 1471 4596
853 1448 4597
453 2362 4598
682 1934 4599
453 1187 4600
1518 1519 4601
1917 1920 4602
61 121 4603
542 543 4604
922 2344 4605
277 378 4606
727 1524 4607
970 1063 4608
2340 2342 4609
1498 1502 4610
1292 2529 4611
1032 1466 4612
286 947 4613
922 2118 4614
1525 1526 4615
2035 2037 4616
2038 2627 4617
1599 1600 4618
440 727 4619
542 1526 4620
425 427 4621
918 2509 4622
1997 2506 4623
24 25 4624
221 377 4625
296 302 4626
1263 2517 4627
873 1501 4628
727 1470 4629
795 1854 4630
313 362 4631
918 2512 4632
2187 2324 4633
377 628 4634
350 352 4635
412 1527 4636
1292 2528 4637
1504 1925 4638
1919 1921 4639
873 1497 4640
2320 2427 4641
468 975 4642
1182 1565 4643
941 2314 4644
2511 2512 4645
387 572 4646
302 1449 4647
1497 1501 4648
1990 1991 4649
694 1497 4650
1117 1738 4651
374 375 4652
1001 1034 4653
761 762 4654
1060 1526 4655
1263 1925 4656
2118 2344 4657
1023 1518 4658
1917 1921 4659
427 2703 4660
542 1527 4661
1032 1112 4662
2512 2526 4663
727 1523 4664
1919 1973 4665
275 378 4666
286 803 4667
286 948 4668
412 1525 4669
1023 1520 4670
2028 2507 4671
1261 1925 4672
1990 2535 4673
1143 1470 4674
1547 1548 4675
275 380 4676
372 377 4677
557 1112 4678
1565 1738 4679
1032 1111 4680
1498 1501 4681
1267 1997 4682
1925 2517 4683
387 393 4684
1182 1738 4685
302 853 4686
1526 1527 4687
207 1541 4688
2531 2532 4689
1263 1504 4690
366 368 4691
1920 2178 4692
511 512 4693
853 1449 4694
1527 2543 4695
1944 1945 4696
937 1184 4697
1523 1524 4698
780 2324 4699
1034 2428 4700
206 1542 4701
1186 1470 4702
371 375 4703
1469 1470 4704
387 1261 4705
371 373 4706
2529 2531 4707
424 427 4708
366 367 4709
1716 2531 4710
1931 2111 4711
1111 1466 4712
1919 1920 4713
1292 1716 4714
2529 2532 4715
296 1448 4716
453 2420 4717
478 727 4718
1023 1519 4719
201 204 4720
429 1501 4721
1917 1919 4722
2530 2532 4723
1478 2038 4724
1525 1527 4725
2528 2531 4726
425 426 4727
1470 1471 4728
1934 1935 4729
2509 2510 4730
344 414 4731
478 1524 4732
1504 2517 4733
2526 2527 4734
308 2624 4735
1111 1112 4736
1478 2627 4737
1143 1469 4738
296 1023 4739
1993 1994 4740
1448 1449 4741
694 1501 4742
1470 2012 4743
1469 1471 4744
1526 2111 4745
1186 1471 4746
478 2012 4747
937 2012 4748
1112 1466 4749
2528 2530 4750
370 373 4751
1471 1523 4752
424 425 4753
296 1436 4754
2530 2531 4755
1143 2012 4756
1143 1186 4757
727 1143 4758
1716 2530 4759
2528 2532 4760
1527 1931 4761
20 24 4762
284 1617 4763
374 376 4764
1541 1542 4765
1716 2532 4766
478 1523 4767
1143 1524 4768
478 1470 4769
167 168 4770
411 2624 4771
1941 2007 4772
1716 2528 4773
2510 2512 4774
478 1143 4775
2512 2527 4776
296 1449 4777
207 1542 4778
1598 1599 4779
411 2625 4780
2529 2530 4781
23 24 4782
1470 1524 4783
285 286 4784
426 427 4785
375 376 4786
2528 2529 4787
1716 2529 4788
1143 1471 4789
1561 1562 4790
283 284 4791
411 2626 4792
412 1478 4793
512 1465 4794
1143 1523 4795
387 1925 4796
1023 1448 4797
1470 1523 4798
478 1471 4799
284 2121 4800
370 375 4801
1117 1182 4802
1527 2111 4803
1436 1449 4804
309 422 4805
387 1504 4806
377 2703 4807
1471 1524 4808
387 2517 4809
2625 2626 4810
376 2703 4811
22 25 4812
2509 2512 4813
309 311 4814
22 24 4815
372 376 4816
1561 1563 4817
1997 2505 4818
232 2020 4819
371 377 4820
378 380 4821
1023 1449 4822
232 2430 4823
308 2625 4824
387 390 4825
1478 1928 4826
1919 2178 4827
1597 2007 4828
478 1184 4829
23 25 4830
201 202 4831
231 2020 4832
1941 2623 4833
231 2430 4834
308 2626 4835
375 377 4836
1562 1563 4837
1597 1941 4838
1940 1941 4839
20 25 4840
376 427 4841
376 377 4842
1940 2007 4843
2624 2626 4844
424 426 4845
1855 1900 4846
390 391 4847
370 377 4848
2624 2625 4849
373 376 4850
377 427 4851
1855 1912 4852
1899 1912 4853
387 391 4854
1597 2623 4855
231 232 4856
947 948 4857
20 23 4858
370 376 4859
1592 2621 4860
373 377 4861
371 376 4862
370 371 4863
1899 1900 4864
1855 1899 4865
1912 1913 4866
1597 1940 4867
20 22 4868
22 23 4869
1940 2623 4870
