692 891 1
839 930 2
839 979 3
891 1002 4
610 891 5
87 332 6
692 888 7
791 891 8
891 920 9
930 979 10
254 692 11
610 920 12
840 930 13
692 793 14
692 791 15
692 873 16
692 992 17
993 994 18
839 840 19
11 474 20
43 123 21
50 954 22
891 994 23
610 1002 24
920 1002 25
531 840 26
692 994 27
873 891 28
692 870 29
474 721 30
873 994 31
646 721 32
213 995 33
251 742 34
890 891 35
783 839 36
15 979 37
338 474 38
783 930 39
436 840 40
474 646 41
955 956 42
213 609 43
392 446 44
692 1096 45
791 888 46
11 187 47
50 956 48
213 871 49
190 767 50
840 952 51
165 420 52
11 938 53
341 441 54
647 794 55
238 1102 56
954 955 57
15 783 58
164 165 59
175 238 60
201 338 61
52 598 62
30 474 63
21 232 64
50 955 65
783 979 66
171 519 67
15 839 68
436 952 69
691 692 70
50 754 71
571 758 72
213 240 73
213 792 74
608 763 75
991 999 76
121 852 77
341 365 78
888 891 79
15 930 80
201 717 81
474 612 82
954 956 83
920 921 84
15 469 85
692 752 86
121 853 87
165 191 88
213 608 89
689 692 90
87 1099 91
763 792 92
123 125 93
632 850 94
165 789 95
838 839 96
15 50 97
165 788 98
839 841 99
175 803 100
838 930 101
331 407 102
428 441 103
553 632 104
742 764 105
201 687 106
296 1008 107
850 1092 108
794 800 109
933 971 110
445 958 111
411 445 112
377 721 113
841 930 114
887 888 115
436 531 116
993 1103 117
338 612 118
873 1096 119
11 939 120
262 778 121
101 200 122
213 763 123
938 939 124
11 30 125
164 799 126
201 688 127
363 392 128
123 767 129
165 423 130
52 189 131
121 851 132
690 692 133
792 837 134
828 996 135
608 792 136
436 654 137
531 738 138
873 888 139
590 594 140
445 622 141
455 512 142
90 392 143
123 766 144
793 888 145
159 322 146
920 922 147
159 647 148
785 971 149
178 201 150
184 185 151
457 818 152
785 933 153
213 1076 154
894 896 155
50 247 156
27 332 157
713 869 158
687 688 159
183 184 160
468 682 161
531 739 162
828 935 163
21 928 164
243 595 165
763 837 166
238 743 167
43 213 168
11 84 169
213 837 170
531 952 171
21 598 172
332 1099 173
240 968 174
894 895 175
244 468 176
720 721 177
754 755 178
834 1004 179
165 424 180
895 896 181
838 840 182
892 896 183
436 738 184
43 763 185
52 117 186
254 1081 187
67 121 188
27 87 189
783 784 190
175 553 191
159 659 192
543 991 193
892 894 194
159 745 195
238 803 196
238 998 197
376 771 198
11 191 199
837 1098 200
851 852 201
441 747 202
647 659 203
892 895 204
240 970 205
436 739 206
595 900 207
840 841 208
738 739 209
880 881 210
887 892 211
254 742 212
493 594 213
873 897 214
121 889 215
392 674 216
251 764 217
873 896 218
50 950 219
322 741 220
341 428 221
183 185 222
445 678 223
748 749 224
828 967 225
736 743 226
190 792 227
159 741 228
205 1071 229
205 1072 230
778 779 231
11 744 232
873 894 233
11 683 234
159 525 235
896 897 236
798 799 237
981 982 238
50 101 239
504 834 240
1080 1081 241
60 313 242
213 533 243
726 771 244
11 177 245
322 745 246
475 482 247
828 1108 248
873 895 249
900 902 250
921 922 251
933 1107 252
1081 1110 253
851 853 254
933 1085 255
826 828 256
543 971 257
164 789 258
941 1078 259
125 335 260
225 849 261
503 834 262
331 332 263
43 837 264
164 798 265
543 999 266
175 786 267
376 726 268
881 882 269
137 735 270
430 759 271
766 767 272
805 933 273
468 469 274
894 897 275
87 176 276
933 973 277
574 771 278
827 996 279
726 772 280
609 995 281
11 579 282
445 943 283
313 944 284
852 853 285
296 900 286
341 583 287
15 500 288
21 658 289
441 662 290
30 1097 291
50 483 292
11 576 293
43 359 294
159 746 295
341 1025 296
341 548 297
741 745 298
882 982 299
895 897 300
52 206 301
640 780 302
240 871 303
838 841 304
341 384 305
43 115 306
52 116 307
392 807 308
446 457 309
880 982 310
30 430 311
190 780 312
886 888 313
376 772 314
232 946 315
422 512 316
11 761 317
238 407 318
594 929 319
1071 1072 320
205 1079 321
691 742 322
332 712 323
469 628 324
908 933 325
159 655 326
571 572 327
159 656 328
421 422 329
175 916 330
238 736 331
245 246 332
11 549 333
461 814 334
771 772 335
788 789 336
919 997 337
251 252 338
442 608 339
121 179 340
159 588 341
164 953 342
772 830 343
715 717 344
8 161 345
248 341 346
231 232 347
834 835 348
503 504 349
57 313 350
270 445 351
468 628 352
164 788 353
832 834 354
171 877 355
771 831 356
609 775 357
647 795 358
771 830 359
609 774 360
341 397 361
247 781 362
503 832 363
195 780 364
570 571 365
341 657 366
11 140 367
232 664 368
210 519 369
313 1012 370
594 649 371
933 945 372
30 607 373
232 809 374
721 722 375
504 832 376
519 817 377
503 833 378
519 940 379
553 786 380
553 668 381
881 1094 382
231 946 383
290 296 384
331 1074 385
432 721 386
778 965 387
8 33 388
588 659 389
827 828 390
164 423 391
482 601 392
376 831 393
504 835 394
531 654 395
87 733 396
225 493 397
392 521 398
933 1048 399
43 941 400
115 837 401
212 787 402
475 481 403
811 834 404
43 1078 405
172 175 406
503 835 407
11 427 408
828 1109 409
50 469 410
654 738 411
175 342 412
717 718 413
474 482 414
504 833 415
8 964 416
262 723 417
833 834 418
519 877 419
805 874 420
117 206 421
175 490 422
164 424 423
173 175 424
174 175 425
580 581 426
350 735 427
716 717 428
52 563 429
172 611 430
175 934 431
337 569 432
164 420 433
254 322 434
647 746 435
30 683 436
326 787 437
74 376 438
74 771 439
474 475 440
832 835 441
8 974 442
846 847 443
654 739 444
2 888 445
248 365 446
204 205 447
659 746 448
377 578 449
332 822 450
581 719 451
8 413 452
246 781 453
971 1048 454
205 760 455
430 607 456
15 658 457
881 982 458
30 559 459
338 716 460
175 239 461
338 717 462
441 583 463
772 831 464
933 972 465
828 874 466
833 835 467
1028 1113 468
30 549 469
15 677 470
574 726 471
329 341 472
832 833 473
337 338 474
50 675 475
590 649 476
140 427 477
171 210 478
172 174 479
254 752 480
792 848 481
969 970 482
52 544 483
814 917 484
124 428 485
130 247 486
246 247 487
554 555 488
338 715 489
531 532 490
254 1110 491
336 338 492
189 206 493
257 365 494
175 724 495
212 534 496
967 996 497
130 599 498
1069 1113 499
486 548 500
338 569 501
473 474 502
525 527 503
334 768 504
826 827 505
235 571 506
880 882 507
11 681 508
456 690 509
457 693 510
334 769 511
883 1106 512
291 648 513
83 84 514
313 804 515
968 970 516
653 713 517
212 932 518
446 807 519
13 50 520
199 208 521
113 212 522
525 745 523
845 846 524
254 1080 525
874 933 526
1108 1109 527
52 546 528
746 770 529
290 814 530
338 718 531
139 530 532
212 325 533
50 198 534
291 341 535
481 482 536
155 157 537
716 718 538
212 324 539
575 582 540
598 1111 541
52 545 542
205 723 543
254 691 544
346 582 545
940 1100 546
248 648 547
245 247 548
446 447 549
446 737 550
411 958 551
326 453 552
164 418 553
475 601 554
8 836 555
525 829 556
242 407 557
187 582 558
805 1085 559
725 726 560
175 339 561
353 427 562
21 499 563
212 326 564
547 578 565
377 386 566
377 587 567
8 412 568
190 195 569
814 823 570
353 426 571
570 572 572
826 1087 573
171 255 574
407 599 575
715 718 576
987 1005 577
1028 1069 578
35 648 579
377 547 580
11 582 581
451 878 582
212 554 583
573 574 584
116 206 585
8 872 586
814 927 587
11 389 588
342 343 589
161 964 590
689 691 591
115 213 592
16 660 593
483 484 594
581 726 595
805 908 596
52 543 597
50 135 598
373 1028 599
690 765 600
50 1095 601
588 746 602
254 689 603
212 323 604
689 690 605
228 648 606
543 546 607
175 499 608
191 582 609
640 883 610
490 916 611
543 544 612
715 716 613
308 518 614
423 424 615
1027 1028 616
90 414 617
212 454 618
581 725 619
653 654 620
37 171 621
854 855 622
116 543 623
254 740 624
588 656 625
809 975 626
774 775 627
525 526 628
539 831 629
239 499 630
474 481 631
543 545 632
830 831 633
11 575 634
456 765 635
8 477 636
172 173 637
430 884 638
940 1000 639
1006 1007 640
175 668 641
527 829 642
871 962 643
818 819 644
116 544 645
810 811 646
972 973 647
291 548 648
198 483 649
387 389 650
50 951 651
526 527 652
805 1013 653
723 760 654
35 228 655
553 724 656
15 476 657
212 555 658
976 978 659
8 510 660
225 234 661
254 690 662
430 606 663
171 462 664
426 427 665
195 748 666
124 225 667
171 661 668
8 650 669
116 545 670
768 769 671
811 972 672
225 561 673
678 1055 674
171 589 675
805 945 676
116 546 677
262 779 678
187 191 679
455 734 680
640 1106 681
653 728 682
588 655 683
611 842 684
164 419 685
655 656 686
948 1005 687
113 705 688
948 987 689
430 600 690
324 325 691
470 500 692
235 570 693
254 797 694
611 913 695
678 679 696
805 1062 697
254 757 698
324 326 699
948 1006 700
239 342 701
485 486 702
976 977 703
254 258 704
412 413 705
155 254 706
534 535 707
605 627 708
536 537 709
544 546 710
50 1073 711
873 887 712
139 565 713
204 242 714
11 558 715
60 804 716
323 325 717
339 557 718
473 475 719
195 642 720
977 978 721
57 804 722
948 1007 723
982 1094 724
187 575 725
948 1046 726
286 632 727
605 1104 728
455 856 729
325 326 730
171 330 731
11 821 732
948 1093 733
604 605 734
813 814 735
130 175 736
512 586 737
30 115 738
451 1104 739
171 464 740
195 816 741
162 584 742
247 844 743
11 387 744
648 790 745
874 908 746
948 982 747
948 1094 748
24 377 749
50 476 750
432 722 751
445 491 752
11 680 753
874 1048 754
234 561 755
250 594 756
350 352 757
651 652 758
340 665 759
881 948 760
47 695 761
195 749 762
536 557 763
805 1014 764
190 816 765
199 560 766
212 918 767
262 465 768
212 931 769
62 235 770
347 457 771
326 454 772
57 60 773
190 642 774
124 1025 775
557 762 776
261 465 777
254 591 778
349 812 779
427 602 780
403 484 781
195 597 782
228 248 783
548 777 784
384 519 785
259 262 786
557 966 787
349 684 788
455 478 789
455 727 790
213 346 791
239 553 792
388 389 793
190 963 794
41 311 795
171 472 796
212 1075 797
90 521 798
530 565 799
12 445 800
349 585 801
99 240 802
139 357 803
194 268 804
557 756 805
279 457 806
323 324 807
512 753 808
1032 1033 809
339 668 810
603 605 811
432 528 812
455 733 813
350 351 814
105 658 815
345 480 816
762 966 817
127 510 818
762 855 819
349 796 820
524 1055 821
140 1019 822
247 1112 823
304 307 824
187 233 825
414 566 826
762 854 827
453 454 828
190 597 829
262 651 830
194 354 831
1083 1084 832
149 197 833
242 556 834
451 605 835
908 1048 836
411 899 837
12 958 838
190 552 839
50 1105 840
94 95 841
204 407 842
340 562 843
396 599 844
544 545 845
211 1026 846
582 821 847
38 340 848
304 499 849
539 771 850
241 242 851
30 606 852
195 529 853
566 770 854
646 875 855
539 541 856
371 461 857
147 470 858
30 558 859
74 831 860
1013 1014 861
210 211 862
262 334 863
239 873 864
430 898 865
811 1082 866
132 961 867
291 790 868
372 461 869
167 168 870
67 224 871
180 195 872
239 307 873
445 957 874
478 512 875
192 925 876
130 1050 877
195 311 878
545 546 879
192 926 880
191 575 881
212 535 882
118 622 883
140 177 884
585 684 885
168 301 886
346 821 887
92 458 888
191 216 889
550 863 890
166 167 891
670 672 892
167 301 893
466 467 894
551 552 895
167 169 896
262 333 897
654 670 898
30 759 899
69 242 900
195 552 901
169 301 902
199 202 903
239 756 904
1033 1086 905
139 355 906
166 168 907
684 812 908
345 461 909
704 837 910
394 646 911
606 607 912
74 539 913
67 568 914
239 724 915
130 577 916
168 169 917
186 187 918
153 460 919
20 919 920
212 540 921
90 188 922
90 91 923
11 893 924
130 396 925
262 652 926
585 812 927
173 698 928
89 500 929
93 458 930
333 334 931
166 301 932
1032 1086 933
541 542 934
180 190 935
166 169 936
323 326 937
538 541 938
247 577 939
320 321 940
407 714 941
92 93 942
345 372 943
190 311 944
671 672 945
538 542 946
820 928 947
899 915 948
24 195 949
41 195 950
45 67 951
238 239 952
358 672 953
948 972 954
965 1083 955
965 1084 956
150 151 957
540 542 958
132 646 959
253 254 960
616 958 961
33 415 962
60 215 963
358 670 964
235 236 965
247 1050 966
261 262 967
24 311 968
50 85 969
311 529 970
539 542 971
387 388 972
670 671 973
373 1027 974
407 454 975
1089 1090 976
41 190 977
259 333 978
1051 1052 979
212 541 980
1003 1052 981
76 680 982
773 777 983
471 523 984
151 196 985
259 465 986
540 541 987
259 261 988
291 385 989
173 174 990
139 222 991
654 669 992
24 190 993
212 542 994
250 493 995
654 671 996
416 500 997
38 124 998
140 227 999
212 539 1000
194 270 1001
239 557 1002
414 415 1003
539 540 1004
627 878 1005
811 1089 1006
208 560 1007
226 227 1008
936 937 1009
30 884 1010
538 539 1011
1003 1051 1012
172 463 1013
261 334 1014
228 230 1015
603 604 1016
195 551 1017
193 194 1018
250 349 1019
259 263 1020
212 538 1021
350 562 1022
865 867 1023
262 263 1024
538 540 1025
899 914 1026
67 223 1027
118 119 1028
212 663 1029
220 221 1030
35 98 1031
191 192 1032
33 414 1033
307 458 1034
1032 1035 1035
358 671 1036
35 248 1037
349 620 1038
358 654 1039
20 308 1040
299 459 1041
60 108 1042
605 878 1043
226 584 1044
38 39 1045
148 149 1046
190 551 1047
228 229 1048
632 633 1049
339 666 1050
88 471 1051
195 863 1052
499 928 1053
345 371 1054
566 782 1055
175 396 1056
249 250 1057
259 260 1058
654 672 1059
914 915 1060
515 516 1061
770 782 1062
221 222 1063
60 214 1064
148 218 1065
925 926 1066
162 226 1067
228 685 1068
149 218 1069
667 668 1070
127 477 1071
118 479 1072
195 550 1073
351 352 1074
260 262 1075
177 395 1076
958 1047 1077
20 321 1078
20 28 1079
202 203 1080
20 320 1081
347 349 1082
928 1049 1083
64 235 1084
669 670 1085
339 667 1086
714 947 1087
54 558 1088
407 694 1089
666 668 1090
177 257 1091
220 222 1092
304 305 1093
811 1090 1094
477 510 1095
380 381 1096
30 898 1097
121 299 1098
190 863 1099
331 906 1100
669 672 1101
175 599 1102
28 78 1103
694 714 1104
141 166 1105
140 893 1106
499 567 1107
491 957 1108
45 223 1109
229 230 1110
499 885 1111
20 78 1112
47 477 1113
371 372 1114
449 732 1115
207 208 1116
348 349 1117
38 77 1118
177 893 1119
630 632 1120
38 1015 1121
108 214 1122
631 632 1123
11 54 1124
669 671 1125
225 959 1126
358 669 1127
499 924 1128
190 550 1129
141 144 1130
567 928 1131
1032 1036 1132
14 636 1133
344 345 1134
972 986 1135
139 629 1136
620 653 1137
259 334 1138
160 187 1139
926 1070 1140
2 873 1141
256 257 1142
270 622 1143
873 886 1144
64 236 1145
214 215 1146
92 307 1147
218 219 1148
365 1054 1149
49 1033 1150
49 1032 1151
407 947 1152
948 986 1153
458 516 1154
937 1052 1155
177 227 1156
616 1047 1157
99 100 1158
108 215 1159
286 676 1160
30 54 1161
93 307 1162
95 516 1163
144 166 1164
154 286 1165
261 333 1166
25 42 1167
365 860 1168
95 458 1169
92 516 1170
365 859 1171
625 626 1172
49 1053 1173
937 1051 1174
93 516 1175
177 256 1176
286 673 1177
347 348 1178
404 1077 1179
40 227 1180
99 103 1181
355 629 1182
773 776 1183
626 627 1184
92 95 1185
93 95 1186
202 291 1187
307 495 1188
40 249 1189
937 1003 1190
99 218 1191
704 923 1192
666 667 1193
1 632 1194
782 815 1195
67 299 1196
511 512 1197
704 843 1198
30 960 1199
124 959 1200
317 318 1201
250 348 1202
704 879 1203
909 911 1204
307 516 1205
605 625 1206
631 633 1207
623 653 1208
593 634 1209
62 236 1210
89 417 1211
327 328 1212
625 627 1213
2 886 1214
30 635 1215
605 626 1216
38 126 1217
250 347 1218
406 407 1219
95 307 1220
270 318 1221
630 633 1222
30 410 1223
416 417 1224
9 410 1225
270 354 1226
160 237 1227
630 631 1228
12 491 1229
592 593 1230
911 1101 1231
70 439 1232
859 860 1233
1 633 1234
70 146 1235
1 631 1236
418 420 1237
9 635 1238
270 317 1239
89 416 1240
64 404 1241
409 410 1242
592 634 1243
30 266 1244
418 419 1245
49 1036 1246
145 508 1247
30 408 1248
1 630 1249
404 405 1250
9 30 1251
9 293 1252
409 635 1253
30 409 1254
30 293 1255
3 34 1256
62 64 1257
293 635 1258
3 319 1259
408 409 1260
293 410 1261
268 270 1262
410 635 1263
419 420 1264
54 410 1265
620 623 1266
54 409 1267
305 307 1268
293 409 1269
11 409 1270
9 408 1271
9 409 1272
54 635 1273
30 429 1274
76 1018 1275
9 54 1276
24 522 1277
181 182 1278
408 410 1279
1016 1018 1280
846 990 1281
76 1017 1282
146 439 1283
40 425 1284
408 635 1285
54 408 1286
64 405 1287
1017 1018 1288
9 11 1289
54 293 1290
181 498 1291
11 408 1292
439 508 1293
858 990 1294
1016 1017 1295
293 408 1296
989 990 1297
237 1023 1298
750 846 1299
904 990 1300
846 989 1301
751 990 1302
846 858 1303
751 846 1304
858 989 1305
988 990 1306
846 980 1307
980 990 1308
750 990 1309
846 904 1310
146 508 1311
76 1016 1312
145 439 1313
846 988 1314
751 989 1315
751 858 1316
904 989 1317
858 988 1318
145 146 1319
988 989 1320
858 980 1321
858 904 1322
751 904 1323
980 989 1324
62 63 1325
750 858 1326
750 989 1327
751 980 1328
751 988 1329
64 356 1330
904 988 1331
750 751 1332
980 988 1333
904 980 1334
750 904 1335
750 988 1336
429 960 1337
750 980 1338
62 356 1339
266 429 1340
63 64 1341
63 356 1342
266 960 1343
