87 332 1
610 891 2
692 891 3
692 873 4
891 1002 5
254 692 6
791 891 7
692 793 8
930 979 9
543 991 10
646 721 11
543 999 12
839 930 13
993 994 14
213 240 15
839 979 16
871 962 17
692 870 18
791 888 19
15 783 20
377 721 21
338 474 22
457 693 23
887 888 24
213 995 25
213 871 26
392 446 27
15 469 28
213 609 29
692 888 30
87 1099 31
474 646 32
205 760 33
279 457 34
455 512 35
21 232 36
536 557 37
763 792 38
954 955 39
955 956 40
632 850 41
11 427 42
52 598 43
891 920 44
248 341 45
598 1111 46
11 474 47
213 608 48
457 818 49
692 791 50
11 187 51
332 1099 52
15 677 53
201 338 54
886 888 55
11 821 56
2 888 57
213 763 58
993 1103 59
692 992 60
692 1096 61
296 900 62
566 782 63
21 598 64
341 428 65
571 758 66
608 792 67
50 955 68
160 187 69
783 930 70
519 940 71
201 717 72
213 792 73
446 457 74
692 752 75
11 939 76
792 848 77
331 407 78
21 928 79
407 714 80
246 247 81
890 891 82
30 474 83
704 837 84
446 737 85
933 971 86
474 721 87
468 469 88
873 891 89
11 30 90
531 738 91
891 994 92
920 921 93
87 176 94
543 971 95
691 742 96
838 930 97
15 658 98
783 979 99
888 891 100
164 799 101
291 341 102
27 332 103
50 956 104
30 430 105
692 994 106
783 839 107
794 800 108
954 956 109
254 1081 110
689 691 111
838 839 112
981 982 113
15 979 114
43 941 115
159 322 116
531 532 117
557 756 118
653 713 119
341 397 120
880 982 121
938 939 122
238 407 123
531 739 124
609 995 125
446 807 126
441 747 127
50 954 128
837 1098 129
15 839 130
205 1072 131
213 1076 132
43 123 133
793 888 134
609 774 135
121 852 136
894 895 137
338 717 138
763 837 139
590 594 140
15 930 141
254 752 142
225 849 143
243 595 144
376 771 145
841 930 146
363 392 147
8 836 148
213 533 149
713 869 150
785 971 151
190 792 152
205 1071 153
47 695 154
35 248 155
11 938 156
341 548 157
771 772 158
882 982 159
123 125 160
566 770 161
894 896 162
159 647 163
881 882 164
322 745 165
474 612 166
159 746 167
322 741 168
27 87 169
839 840 170
341 365 171
43 763 172
101 200 173
239 557 174
441 662 175
608 763 176
43 1078 177
43 837 178
839 841 179
880 881 180
213 346 181
557 966 182
159 745 183
971 1048 184
920 922 185
474 475 186
850 1092 187
247 781 188
8 872 189
52 117 190
770 782 191
338 612 192
159 741 193
436 654 194
895 896 195
392 807 196
783 784 197
818 819 198
190 195 199
741 745 200
11 84 201
164 798 202
828 1108 203
52 189 204
159 659 205
244 468 206
827 828 207
20 919 208
720 721 209
60 313 210
254 742 211
887 892 212
8 650 213
436 531 214
52 563 215
455 856 216
873 994 217
919 997 218
445 943 219
175 668 220
873 895 221
874 908 222
798 799 223
840 930 224
407 694 225
474 481 226
826 828 227
828 967 228
11 576 229
557 762 230
15 500 231
738 739 232
175 339 233
933 1107 234
242 407 235
610 920 236
428 441 237
455 727 238
8 974 239
748 749 240
609 775 241
469 628 242
908 933 243
11 744 244
827 996 245
15 50 246
574 771 247
811 972 248
205 1079 249
1080 1081 250
331 906 251
873 894 252
121 851 253
445 678 254
245 247 255
192 925 256
377 587 257
785 933 258
805 908 259
239 873 260
43 213 261
525 745 262
190 780 263
341 441 264
254 757 265
446 447 266
647 794 267
834 1004 268
11 761 269
159 525 270
445 622 271
331 332 272
240 871 273
11 191 274
11 893 275
941 1078 276
455 734 277
171 877 278
933 1048 279
21 658 280
313 804 281
474 482 282
376 726 283
376 772 284
896 897 285
933 1085 286
468 682 287
74 771 288
204 407 289
647 795 290
164 789 291
192 926 292
201 687 293
483 484 294
771 830 295
991 999 296
920 1002 297
124 225 298
455 733 299
594 929 300
8 33 301
691 692 302
342 343 303
892 896 304
238 743 305
239 342 306
74 376 307
173 698 308
228 229 309
436 840 310
159 588 311
473 474 312
1071 1072 313
240 968 314
254 322 315
873 1096 316
341 657 317
873 896 318
11 579 319
11 582 320
87 733 321
880 882 322
548 777 323
659 746 324
210 519 325
742 764 326
948 1094 327
262 723 328
205 723 329
430 898 330
771 831 331
900 902 332
392 674 333
377 386 334
874 1048 335
235 570 336
172 175 337
404 1077 338
486 548 339
15 476 340
130 247 341
254 1110 342
346 582 343
436 738 344
726 771 345
121 853 346
164 953 347
313 944 348
574 726 349
820 928 350
24 190 351
341 583 352
35 648 353
52 206 354
212 663 355
329 341 356
874 933 357
940 1000 358
940 1100 359
90 392 360
172 611 361
430 607 362
164 788 363
746 770 364
52 116 365
430 884 366
982 1094 367
60 804 368
694 714 369
845 846 370
519 817 371
805 874 372
894 897 373
588 659 374
714 947 375
242 556 376
570 571 377
892 895 378
610 1002 379
175 239 380
536 537 381
846 847 382
50 469 383
57 60 384
721 722 385
726 772 386
212 1075 387
376 831 388
689 692 389
11 681 390
646 875 391
436 952 392
826 827 393
339 557 394
895 897 395
187 191 396
881 1094 397
67 299 398
403 484 399
773 776 400
190 963 401
828 996 402
948 1046 403
117 206 404
1081 1110 405
647 746 406
928 1049 407
445 957 408
828 874 409
125 335 410
228 685 411
30 607 412
654 739 413
140 427 414
772 831 415
21 499 416
124 959 417
171 462 418
254 1080 419
57 313 420
575 582 421
828 1109 422
933 945 423
926 1070 424
195 748 425
251 252 426
290 814 427
213 837 428
270 622 429
171 589 430
504 834 431
640 780 432
338 716 433
175 553 434
838 841 435
212 918 436
331 1074 437
332 822 438
124 428 439
228 648 440
105 658 441
212 787 442
503 504 443
259 263 444
581 726 445
908 1048 446
237 1023 447
290 296 448
892 894 449
717 718 450
326 787 451
503 832 452
782 815 453
254 797 454
132 646 455
262 263 456
24 195 457
805 1085 458
716 717 459
175 724 460
499 928 461
833 834 462
160 237 463
187 233 464
195 780 465
178 201 466
832 834 467
519 877 468
247 844 469
585 684 470
873 888 471
948 982 472
50 101 473
232 664 474
436 739 475
238 803 476
338 569 477
531 840 478
50 483 479
511 512 480
291 648 481
588 746 482
811 1082 483
834 835 484
43 359 485
175 342 486
199 208 487
773 777 488
239 756 489
441 583 490
503 834 491
754 755 492
503 833 493
852 853 494
881 982 495
50 247 496
291 548 497
432 721 498
20 308 499
270 445 500
468 628 501
504 832 502
792 837 503
296 1008 504
228 248 505
512 753 506
539 831 507
594 649 508
254 691 509
725 726 510
580 581 511
191 216 512
387 388 513
187 582 514
165 420 515
11 389 516
12 958 517
191 192 518
838 840 519
212 931 520
388 389 521
595 900 522
69 242 523
455 478 524
811 1090 525
37 171 526
171 519 527
201 688 528
235 571 529
851 852 530
411 445 531
411 958 532
805 945 533
832 835 534
262 652 535
377 578 536
253 254 537
851 853 538
503 835 539
239 724 540
525 829 541
811 834 542
968 970 543
239 553 544
805 933 545
229 230 546
605 627 547
647 659 548
83 84 549
190 597 550
171 210 551
159 656 552
194 270 553
35 228 554
504 835 555
186 187 556
571 572 557
774 775 558
338 715 559
832 833 560
334 768 561
189 206 562
248 365 563
38 124 564
225 493 565
286 632 566
451 605 567
116 206 568
52 544 569
525 527 570
762 966 571
262 778 572
238 736 573
259 260 574
605 878 575
840 952 576
969 970 577
30 606 578
164 418 579
833 835 580
195 749 581
585 812 582
715 717 583
115 837 584
123 767 585
504 833 586
690 692 587
451 878 588
52 546 589
74 539 590
570 572 591
190 767 592
212 932 593
828 935 594
11 558 595
190 311 596
326 453 597
239 499 598
341 1025 599
8 964 600
933 973 601
687 688 602
380 381 603
332 712 604
590 649 605
47 477 606
12 445 607
531 952 608
442 608 609
588 656 610
8 477 611
52 545 612
11 387 613
240 970 614
202 291 615
1108 1109 616
132 961 617
873 897 618
407 947 619
531 654 620
171 661 621
911 1101 622
164 423 623
768 769 624
171 255 625
228 230 626
247 1112 627
254 689 628
313 1012 629
394 646 630
603 605 631
611 913 632
766 767 633
338 718 634
430 759 635
654 738 636
948 987 637
627 878 638
651 652 639
830 831 640
165 789 641
554 555 642
50 198 643
475 601 644
159 655 645
195 597 646
605 1104 647
172 173 648
174 175 649
334 769 650
445 958 651
11 575 652
543 546 653
247 577 654
246 781 655
225 561 656
345 480 657
30 115 658
684 812 659
605 625 660
20 321 661
195 311 662
43 115 663
640 883 664
573 574 665
2 873 666
50 754 667
164 419 668
553 668 669
582 821 670
653 728 671
175 786 672
212 534 673
716 718 674
191 582 675
588 655 676
239 307 677
772 830 678
60 108 679
840 841 680
245 246 681
810 811 682
116 543 683
326 454 684
543 544 685
377 547 686
165 788 687
723 760 688
155 157 689
736 743 690
883 1106 691
921 922 692
175 499 693
123 766 694
678 1055 695
475 482 696
180 190 697
512 586 698
60 215 699
350 562 700
190 816 701
241 242 702
873 887 703
20 320 704
933 972 705
534 535 706
715 718 707
543 545 708
116 546 709
171 330 710
873 886 711
805 1014 712
155 254 713
175 803 714
715 716 715
987 1005 716
30 429 717
195 816 718
387 389 719
526 527 720
254 690 721
116 545 722
195 552 723
225 959 724
257 365 725
212 540 726
254 740 727
977 978 728
547 578 729
164 420 730
805 1013 731
60 214 732
30 266 733
8 510 734
154 286 735
115 213 736
212 538 737
260 262 738
778 965 739
976 977 740
291 790 741
811 1089 742
190 551 743
262 651 744
349 796 745
544 546 746
948 1005 747
30 960 748
567 928 749
689 690 750
234 561 751
453 454 752
130 175 753
251 742 754
499 567 755
948 1093 756
478 512 757
881 948 758
1006 1007 759
456 690 760
50 1095 761
248 648 762
525 526 763
190 552 764
162 584 765
337 338 766
611 842 767
24 377 768
232 946 769
212 454 770
262 465 771
344 345 772
813 814 773
11 549 774
232 809 775
35 98 776
286 673 777
482 601 778
187 575 779
211 1026 780
193 194 781
339 668 782
809 975 783
814 917 784
524 1055 785
195 551 786
527 829 787
814 927 788
199 202 789
212 542 790
238 998 791
485 486 792
139 357 793
180 195 794
195 529 795
212 555 796
445 491 797
948 1007 798
52 543 799
164 165 800
349 585 801
238 1102 802
172 463 803
299 459 804
171 472 805
826 1087 806
24 522 807
814 823 808
250 594 809
212 541 810
336 338 811
551 552 812
11 683 813
762 855 814
11 680 815
762 854 816
553 786 817
325 326 818
304 499 819
41 190 820
432 528 821
640 1106 822
164 424 823
212 554 824
530 565 825
127 477 826
251 764 827
190 550 828
171 464 829
254 258 830
473 475 831
231 232 832
648 790 833
94 95 834
67 224 835
24 311 836
198 483 837
324 326 838
788 789 839
50 476 840
254 591 841
210 211 842
225 234 843
74 831 844
976 978 845
1032 1035 846
67 568 847
113 705 848
539 771 849
50 675 850
177 256 851
854 855 852
407 454 853
430 600 854
690 765 855
212 326 856
623 653 857
116 544 858
113 212 859
581 725 860
286 676 861
346 821 862
212 535 863
414 566 864
1032 1033 865
30 1097 866
204 242 867
259 262 868
655 656 869
175 396 870
337 569 871
653 654 872
64 235 873
207 208 874
604 605 875
456 765 876
30 559 877
38 126 878
262 334 879
190 642 880
195 642 881
936 937 882
64 236 883
470 500 884
349 812 885
972 973 886
30 558 887
461 814 888
545 546 889
1089 1090 890
226 584 891
704 879 892
175 238 893
231 946 894
41 195 895
20 28 896
925 926 897
1083 1084 898
259 261 899
550 863 900
948 1006 901
451 1104 902
54 558 903
62 235 904
493 594 905
118 622 906
195 550 907
166 168 908
168 301 909
204 205 910
140 1019 911
139 222 912
30 549 913
20 78 914
165 191 915
349 684 916
90 188 917
291 385 918
38 77 919
581 719 920
175 916 921
407 599 922
353 427 923
365 860 924
57 804 925
130 577 926
247 1050 927
475 481 928
8 161 929
704 923 930
967 996 931
141 166 932
168 169 933
261 334 934
38 39 935
544 545 936
124 1025 937
50 951 938
169 301 939
191 575 940
311 529 941
396 599 942
1032 1086 943
432 722 944
153 460 945
261 262 946
261 465 947
166 301 948
172 174 949
90 91 950
50 1073 951
76 680 952
704 843 953
99 218 954
481 482 955
162 226 956
30 683 957
49 1053 958
67 223 959
121 179 960
371 372 961
50 950 962
173 174 963
199 560 964
268 270 965
553 724 966
167 301 967
491 957 968
541 542 969
305 307 970
347 457 971
538 541 972
539 541 973
323 326 974
365 859 975
166 167 976
235 236 977
90 414 978
166 169 979
173 175 980
167 169 981
262 779 982
490 916 983
167 168 984
430 606 985
41 311 986
350 352 987
175 490 988
202 203 989
539 542 990
603 604 991
538 539 992
11 140 993
427 602 994
99 100 995
259 333 996
8 413 997
540 541 998
50 135 999
538 542 1000
353 426 1001
212 323 1002
538 540 1003
45 223 1004
259 465 1005
212 539 1006
670 672 1007
38 1015 1008
345 461 1009
539 540 1010
605 626 1011
909 911 1012
304 307 1013
108 215 1014
540 542 1015
62 64 1016
212 325 1017
350 735 1018
914 915 1019
13 50 1020
238 239 1021
121 889 1022
64 404 1023
195 863 1024
553 632 1025
625 627 1026
118 479 1027
149 197 1028
220 221 1029
88 471 1030
865 867 1031
899 915 1032
221 222 1033
190 863 1034
99 103 1035
671 672 1036
250 493 1037
177 395 1038
669 672 1039
345 371 1040
212 324 1041
2 886 1042
667 668 1043
99 240 1044
108 214 1045
654 669 1046
358 672 1047
30 898 1048
214 215 1049
151 196 1050
1013 1014 1051
422 512 1052
184 185 1053
92 458 1054
16 660 1055
323 325 1056
333 334 1057
127 510 1058
345 372 1059
45 67 1060
140 893 1061
49 1032 1062
324 325 1063
339 667 1064
373 1027 1065
147 470 1066
30 759 1067
616 958 1068
805 1062 1069
250 348 1070
670 671 1071
1003 1052 1072
130 1050 1073
632 633 1074
1051 1052 1075
183 185 1076
307 458 1077
958 1047 1078
30 884 1079
130 396 1080
270 318 1081
392 521 1082
654 671 1083
218 219 1084
351 352 1085
50 1105 1086
750 751 1087
141 144 1088
1003 1051 1089
616 1047 1090
226 227 1091
358 654 1092
358 671 1093
373 1028 1094
859 860 1095
30 410 1096
67 121 1097
317 318 1098
323 324 1099
175 934 1100
183 184 1101
194 354 1102
30 635 1103
208 560 1104
49 1033 1105
11 177 1106
358 670 1107
371 461 1108
654 670 1109
144 166 1110
358 669 1111
259 334 1112
965 1084 1113
64 356 1114
365 1054 1115
669 671 1116
139 565 1117
270 354 1118
350 351 1119
93 307 1120
12 491 1121
148 218 1122
118 119 1123
139 629 1124
220 222 1125
421 422 1126
150 151 1127
669 670 1128
625 626 1129
678 679 1130
416 417 1131
899 914 1132
948 986 1133
261 333 1134
355 629 1135
340 562 1136
1028 1113 1137
175 599 1138
471 523 1139
1033 1086 1140
778 779 1141
139 530 1142
165 423 1143
411 899 1144
606 607 1145
515 516 1146
130 599 1147
307 495 1148
499 924 1149
654 672 1150
262 333 1151
256 257 1152
95 458 1153
149 218 1154
1069 1113 1155
89 417 1156
1027 1028 1157
38 340 1158
477 510 1159
93 458 1160
137 735 1161
93 516 1162
458 516 1163
177 893 1164
406 407 1165
93 95 1166
121 299 1167
307 516 1168
25 42 1169
320 321 1170
95 516 1171
965 1083 1172
466 467 1173
92 307 1174
92 95 1175
270 317 1176
95 307 1177
177 257 1178
308 518 1179
92 516 1180
426 427 1181
499 885 1182
89 416 1183
250 347 1184
937 1052 1185
340 665 1186
140 227 1187
50 85 1188
626 627 1189
347 349 1190
666 668 1191
30 54 1192
948 972 1193
1 632 1194
11 54 1195
666 667 1196
414 415 1197
177 227 1198
49 1036 1199
139 355 1200
161 964 1201
30 293 1202
40 425 1203
620 653 1204
631 632 1205
341 384 1206
937 1051 1207
92 93 1208
339 666 1209
412 413 1210
630 632 1211
372 461 1212
165 424 1213
8 412 1214
33 415 1215
33 414 1216
1032 1036 1217
62 236 1218
404 405 1219
249 250 1220
449 732 1221
937 1003 1222
90 521 1223
194 268 1224
1028 1069 1225
972 986 1226
348 349 1227
63 64 1228
70 439 1229
327 328 1230
14 636 1231
423 424 1232
148 149 1233
3 319 1234
384 519 1235
3 34 1236
347 348 1237
418 419 1238
751 989 1239
592 593 1240
631 633 1241
64 405 1242
250 349 1243
751 858 1244
1 631 1245
89 500 1246
1 633 1247
62 356 1248
349 620 1249
418 420 1250
146 439 1251
304 305 1252
630 631 1253
630 633 1254
416 500 1255
1017 1018 1256
750 989 1257
593 634 1258
751 904 1259
750 858 1260
11 409 1261
30 409 1262
1 630 1263
40 227 1264
751 980 1265
140 177 1266
293 635 1267
266 429 1268
419 420 1269
54 635 1270
751 990 1271
28 78 1272
592 634 1273
750 904 1274
410 635 1275
620 623 1276
70 146 1277
750 980 1278
751 846 1279
750 990 1280
751 988 1281
181 182 1282
145 508 1283
750 846 1284
1016 1018 1285
9 30 1286
409 635 1287
293 410 1288
145 439 1289
846 989 1290
54 409 1291
54 410 1292
408 409 1293
62 63 1294
439 508 1295
9 11 1296
408 635 1297
30 408 1298
750 988 1299
181 498 1300
846 858 1301
11 408 1302
293 409 1303
409 410 1304
846 990 1305
54 408 1306
1016 1017 1307
429 960 1308
846 904 1309
980 989 1310
9 409 1311
9 635 1312
54 293 1313
76 1018 1314
9 54 1315
858 990 1316
293 408 1317
858 989 1318
858 980 1319
989 990 1320
63 356 1321
846 980 1322
9 408 1323
40 249 1324
858 904 1325
904 989 1326
980 990 1327
145 146 1328
408 410 1329
9 293 1330
846 988 1331
904 990 1332
858 988 1333
988 989 1334
76 1017 1335
904 980 1336
9 410 1337
76 1016 1338
146 508 1339
988 990 1340
904 988 1341
266 960 1342
980 988 1343
