109 131 1
109 142 2
109 110 3
131 138 4
109 152 5
122 138 6
109 139 7
131 140 8
68 109 9
110 139 10
109 140 11
68 131 12
128 138 13
109 148 14
36 72 15
122 132 16
109 146 17
44 109 18
109 134 19
109 117 20
68 140 21
110 117 22
137 138 23
45 109 24
94 122 25
72 113 26
138 141 27
45 148 28
63 68 29
69 124 30
108 109 31
128 129 32
20 43 33
36 106 34
20 118 35
5 72 36
63 64 37
5 54 38
20 45 39
44 148 40
20 124 41
44 45 42
5 37 43
45 65 44
17 20 45
20 44 46
20 46 47
41 130 48
44 48 49
5 104 50
20 65 51
64 68 52
16 20 53
44 65 54
40 42 55
41 42 56
5 154 57
5 70 58
6 68 59
5 27 60
45 108 61
117 134 62
5 100 63
22 44 64
6 63 65
6 85 66
41 150 67
5 111 68
24 101 69
37 154 70
38 44 71
44 89 72
47 65 73
97 98 74
40 41 75
1 2 76
5 86 77
5 99 78
7 85 79
8 85 80
16 17 81
1 24 82
66 67 83
38 88 84
44 49 85
6 64 86
115 126 87
24 99 88
108 112 89
41 125 90
91 99 91
5 155 92
9 126 93
48 49 94
39 88 95
83 96 96
9 115 97
83 88 98
6 8 99
41 127 100
5 87 101
24 29 102
11 88 103
25 115 104
62 114 105
115 116 106
13 44 107
6 7 108
14 62 109
24 25 110
25 116 111
38 96 112
88 96 113
115 153 114
126 153 115
34 44 116
38 83 117
19 65 118
25 101 119
7 8 120
61 107 121
55 65 122
61 62 123
11 39 124
34 89 125
14 103 126
86 87 127
14 102 128
5 26 129
102 103 130
5 61 131
9 10 132
38 95 133
60 156 134
61 114 135
95 96 136
9 105 137
11 135 138
9 153 139
19 94 140
59 60 141
93 94 142
13 34 143
19 93 144
28 29 145
29 30 146
28 30 147
