109 131 1
122 138 2
128 138 3
68 109 4
109 146 5
109 152 6
40 41 7
109 110 8
109 140 9
109 142 10
109 134 11
122 132 12
109 139 13
137 138 14
138 141 15
41 42 16
68 131 17
94 122 18
41 150 19
109 117 20
41 127 21
110 117 22
131 138 23
109 148 24
41 125 25
41 130 26
108 109 27
45 109 28
17 20 29
128 129 30
20 118 31
61 62 32
5 61 33
20 43 34
40 42 35
61 114 36
131 140 37
20 46 38
16 20 39
14 62 40
5 100 41
20 124 42
5 154 43
20 45 44
63 68 45
108 112 46
45 108 47
61 107 48
16 17 49
44 109 50
68 140 51
5 155 52
6 68 53
44 45 54
64 68 55
6 64 56
5 87 57
5 72 58
45 148 59
62 114 60
117 134 61
5 37 62
36 72 63
7 8 64
5 104 65
37 154 66
72 113 67
110 139 68
6 63 69
44 49 70
5 54 71
5 86 72
63 64 73
69 124 74
45 65 75
44 48 76
20 44 77
6 8 78
44 148 79
5 70 80
5 26 81
6 7 82
22 44 83
8 85 84
38 44 85
44 65 86
6 85 87
86 87 88
7 85 89
20 65 90
66 67 91
9 115 92
5 27 93
36 106 94
5 111 95
48 49 96
115 126 97
13 44 98
91 99 99
55 65 100
9 126 101
44 89 102
126 153 103
5 99 104
115 153 105
9 153 106
47 65 107
34 44 108
115 116 109
25 115 110
39 88 111
11 39 112
25 116 113
1 2 114
14 103 115
1 24 116
38 88 117
9 105 118
38 96 119
88 96 120
25 101 121
11 88 122
83 88 123
83 96 124
38 83 125
9 10 126
59 60 127
19 65 128
14 102 129
24 99 130
24 101 131
34 89 132
60 156 133
95 96 134
24 25 135
102 103 136
19 94 137
38 95 138
97 98 139
13 34 140
24 29 141
11 135 142
93 94 143
19 93 144
29 30 145
28 29 146
28 30 147
