122 138 1
5 99 2
5 72 3
109 140 4
109 110 5
109 117 6
109 148 7
137 138 8
41 42 9
68 140 10
5 61 11
108 109 12
138 141 13
41 130 14
110 139 15
131 140 16
40 41 17
122 132 18
41 150 19
41 127 20
109 131 21
20 46 22
41 125 23
45 109 24
14 62 25
20 43 26
109 139 27
109 134 28
20 118 29
44 109 30
20 44 31
45 108 32
68 109 33
45 148 34
61 107 35
44 45 36
20 45 37
16 17 38
72 113 39
44 148 40
5 111 41
5 155 42
16 20 43
20 65 44
40 42 45
5 27 46
97 98 47
108 112 48
5 26 49
47 65 50
91 99 51
109 152 52
17 20 53
20 124 54
109 146 55
5 100 56
109 142 57
131 138 58
5 54 59
102 103 60
117 134 61
5 70 62
5 104 63
45 65 64
55 65 65
94 122 66
44 65 67
5 37 68
36 72 69
128 138 70
110 117 71
61 62 72
44 49 73
61 114 74
5 154 75
5 87 76
11 135 77
5 86 78
66 67 79
6 85 80
48 49 81
44 48 82
38 44 83
62 114 84
115 126 85
115 153 86
64 68 87
126 153 88
19 94 89
63 68 90
6 63 91
63 64 92
11 88 93
6 64 94
6 8 95
34 44 96
37 154 97
115 116 98
44 89 99
24 29 100
68 131 101
9 126 102
86 87 103
6 68 104
9 153 105
28 30 106
19 65 107
25 116 108
36 106 109
25 115 110
24 101 111
83 88 112
24 25 113
1 24 114
6 7 115
39 88 116
38 83 117
69 124 118
83 96 119
38 96 120
60 156 121
24 99 122
59 60 123
9 105 124
25 101 125
14 103 126
38 88 127
14 102 128
9 115 129
88 96 130
8 85 131
11 39 132
22 44 133
34 89 134
38 95 135
95 96 136
7 8 137
9 10 138
93 94 139
29 30 140
128 129 141
7 85 142
13 44 143
28 29 144
19 93 145
1 2 146
13 34 147
