109 131 1
131 140 2
5 99 3
131 138 4
68 131 5
24 99 6
68 109 7
36 106 8
122 138 9
138 141 10
1 24 11
24 25 12
69 124 13
5 100 14
5 72 15
108 109 16
109 152 17
137 138 18
24 29 19
122 132 20
17 20 21
28 29 22
45 109 23
5 27 24
19 94 25
25 116 26
36 72 27
24 101 28
45 108 29
41 130 30
41 42 31
128 138 32
5 54 33
41 125 34
109 139 35
25 101 36
41 150 37
109 140 38
109 117 39
28 30 40
68 140 41
5 111 42
109 146 43
94 122 44
20 46 45
20 45 46
91 99 47
19 65 48
20 118 49
20 124 50
29 30 51
44 109 52
45 65 53
108 112 54
109 110 55
19 93 56
109 142 57
5 155 58
40 41 59
5 86 60
40 42 61
72 113 62
109 148 63
115 116 64
44 45 65
5 154 66
41 127 67
20 43 68
25 115 69
5 104 70
45 148 71
109 134 72
1 2 73
16 20 74
5 70 75
20 65 76
5 26 77
6 68 78
5 37 79
62 114 80
93 94 81
5 61 82
110 139 83
55 65 84
16 17 85
128 129 86
20 44 87
47 65 88
9 10 89
115 153 90
14 62 91
37 154 92
38 44 93
61 62 94
11 135 95
9 115 96
66 67 97
44 65 98
110 117 99
115 126 100
5 87 101
63 68 102
9 126 103
64 68 104
126 153 105
44 48 106
117 134 107
34 44 108
39 88 109
6 7 110
38 83 111
11 39 112
6 63 113
11 88 114
38 95 115
61 107 116
9 153 117
6 8 118
38 88 119
86 87 120
44 49 121
14 103 122
13 44 123
60 156 124
38 96 125
61 114 126
83 88 127
6 64 128
9 105 129
44 148 130
83 96 131
59 60 132
63 64 133
7 8 134
14 102 135
48 49 136
88 96 137
95 96 138
34 89 139
102 103 140
6 85 141
13 34 142
44 89 143
8 85 144
22 44 145
7 85 146
97 98 147
