26 27 1
26 28 2
27 28 3
26 29 4
27 29 5
28 29 6
5 6 7
10 11 8
4 5 9
5 8 10
22 23 11
4 6 12
6 8 13
11 13 14
4 8 15
7 11 16
11 14 17
13 14 18
10 12 19
7 10 20
27 30 21
21 22 22
22 24 23
26 30 24
23 24 25
19 22 26
12 14 27
20 22 28
1 2 29
4 7 30
28 30 31
223 224 32
11 15 33
13 15 34
29 30 35
8 9 36
6 9 37
5 9 38
22 25 39
14 15 40
23 25 41
4 9 42
19 21 43
130 131 44
1 3 45
20 21 46
2 3 47
24 25 48
128 129 49
19 20 50
16 18 51
73 74 52
32 33 53
32 38 54
9 17 55
32 43 56
16 17 57
32 35 58
32 34 59
32 36 60
78 81 61
32 39 62
73 75 63
77 78 64
32 44 65
36 62 66
78 80 67
52 54 68
52 56 69
83 84 70
54 55 71
32 54 72
73 76 73
51 54 74
56 57 75
37 43 76
32 45 77
53 54 78
33 37 79
74 75 80
53 55 81
52 57 82
52 55 83
54 57 84
77 81 85
32 41 86
32 46 87
62 63 88
51 55 89
61 62 90
35 43 91
55 56 92
36 41 93
55 57 94
32 37 95
33 43 96
31 43 97
36 42 98
32 53 99
34 36 100
36 39 101
52 53 102
34 35 103
33 60 104
35 38 105
80 81 106
41 43 107
77 80 108
42 64 109
34 41 110
95 100 111
32 52 112
36 63 113
95 99 114
34 39 115
32 56 116
98 100 117
41 42 118
35 36 119
35 39 120
31 34 121
34 43 122
51 53 123
32 42 124
32 55 125
32 67 126
34 42 127
36 61 128
32 57 129
51 52 130
36 43 131
32 51 132
39 43 133
32 58 134
34 38 135
31 36 136
35 41 137
98 99 138
31 32 139
39 41 140
42 43 141
33 48 142
64 65 143
99 100 144
43 46 145
43 44 146
48 59 147
36 38 148
43 45 149
39 42 150
31 35 151
83 85 152
32 48 153
38 43 154
31 39 155
31 41 156
32 49 157
69 70 158
31 37 159
61 63 160
96 97 161
35 67 162
31 33 163
84 86 164
91 95 165
31 38 166
52 66 167
35 42 168
32 50 169
38 41 170
33 59 171
44 46 172
52 58 173
55 67 174
68 69 175
78 82 176
38 39 177
42 65 178
46 48 179
45 46 180
55 58 181
56 58 182
81 89 183
83 86 184
91 92 185
69 71 186
35 55 187
54 66 188
57 66 189
32 47 190
43 48 191
94 97 192
43 49 193
78 79 194
100 101 195
31 42 196
48 60 197
44 45 198
57 58 199
81 82 200
35 49 201
38 44 202
87 89 203
38 42 204
43 47 205
45 48 206
88 89 207
70 71 208
95 101 209
95 98 210
99 101 211
98 101 212
68 70 213
38 46 214
77 82 215
44 48 216
87 88 217
38 49 218
38 45 219
94 103 220
77 79 221
44 49 222
69 72 223
46 47 224
99 102 225
80 82 226
70 72 227
47 48 228
48 49 229
45 49 230
45 47 231
71 72 232
46 49 233
48 50 234
44 47 235
91 93 236
38 40 237
91 94 238
92 94 239
59 60 240
46 50 241
88 90 242
31 40 243
38 48 244
47 49 245
40 69 246
89 90 247
38 47 248
87 90 249
40 70 250
40 68 251
132 136 252
132 134 253
124 127 254
121 122 255
157 158 256
134 136 257
136 157 258
155 158 259
136 156 260
134 156 261
125 127 262
147 158 263
147 157 264
119 121 265
137 138 266
113 114 267
125 126 268
152 155 269
123 127 270
112 114 271
139 155 272
138 157 273
138 155 274
147 154 275
138 140 276
142 144 277
139 157 278
138 139 279
144 145 280
153 159 281
139 140 282
151 157 283
123 126 284
107 119 285
145 154 286
138 153 287
137 139 288
151 158 289
137 140 290
140 153 291
139 153 292
119 120 293
109 110 294
124 125 295
139 152 296
119 122 297
153 158 298
142 149 299
105 121 300
142 145 301
145 149 302
138 150 303
139 151 304
105 119 305
108 110 306
142 143 307
111 114 308
145 148 309
143 145 310
120 122 311
138 151 312
151 155 313
139 147 314
123 124 315
139 158 316
143 148 317
142 148 318
148 151 319
150 152 320
140 151 321
150 151 322
144 146 323
107 121 324
110 114 325
153 155 326
136 153 327
145 151 328
120 121 329
145 152 330
105 107 331
151 152 332
145 146 333
152 153 334
145 150 335
108 109 336
155 157 337
148 152 338
132 135 339
143 144 340
110 112 341
151 153 342
135 157 343
140 141 344
146 151 345
146 148 346
110 111 347
147 153 348
139 141 349
146 152 350
108 114 351
132 133 352
107 120 353
142 146 354
142 147 355
143 146 356
146 150 357
140 150 358
138 158 359
153 157 360
137 141 361
135 139 362
104 106 363
133 138 364
145 147 365
106 118 366
147 151 367
135 155 368
143 147 369
133 139 370
109 112 371
133 134 372
133 140 373
133 136 374
135 145 375
109 111 376
135 143 377
104 105 378
138 141 379
110 113 380
105 120 381
143 149 382
134 135 383
135 136 384
105 122 385
183 187 386
148 150 387
108 112 388
106 112 389
143 156 390
104 107 391
108 111 392
135 152 393
108 113 394
135 142 395
135 147 396
111 112 397
112 118 398
123 125 399
135 153 400
112 113 401
135 146 402
135 150 403
107 122 404
135 151 405
135 148 406
106 107 407
106 117 408
112 115 409
114 118 410
105 106 411
115 118 412
106 115 413
114 116 414
109 113 415
117 118 416
112 116 417
112 117 418
114 117 419
135 159 420
116 118 421
106 116 422
111 118 423
113 116 424
133 137 425
111 116 426
113 117 427
111 117 428
115 117 429
135 158 430
113 118 431
115 116 432
111 113 433
133 141 434
148 149 435
116 117 436
133 156 437
133 143 438
135 149 439
214 219 440
182 183 441
203 222 442
177 179 443
172 173 444
176 177 445
177 180 446
176 180 447
215 216 448
176 179 449
182 184 450
179 221 451
179 180 452
220 221 453
202 205 454
173 181 455
217 218 456
213 216 457
170 171 458
197 198 459
196 198 460
167 168 461
169 171 462
218 220 463
210 216 464
174 177 465
173 178 466
208 209 467
189 208 468
189 209 469
188 189 470
200 220 471
190 211 472
185 186 473
174 180 474
167 171 475
212 217 476
180 182 477
174 178 478
174 175 479
212 216 480
188 190 481
213 215 482
194 198 483
174 176 484
207 219 485
162 171 486
174 179 487
207 217 488
179 200 489
196 211 490
192 205 491
169 170 492
206 219 493
193 205 494
179 191 495
186 210 496
206 217 497
200 221 498
199 217 499
210 215 500
206 220 501
166 170 502
167 170 503
165 170 504
201 202 505
160 164 506
212 215 507
218 221 508
166 169 509
161 169 510
164 166 511
160 161 512
166 167 513
196 197 514
207 214 515
160 165 516
164 165 517
165 167 518
165 166 519
210 213 520
206 214 521
193 203 522
162 170 523
163 164 524
161 164 525
160 163 526
212 218 527
161 166 528
191 193 529
204 217 530
191 192 531
212 213 532
163 167 533
200 218 534
204 216 535
179 193 536
161 165 537
163 165 538
192 202 539
163 166 540
195 218 541
194 197 542
206 221 543
162 167 544
162 164 545
192 201 546
179 192 547
193 202 548
193 201 549
160 162 550
162 166 551
210 212 552
161 163 553
194 195 554
162 165 555
194 196 556
204 214 557
207 218 558
199 218 559
173 174 560
207 212 561
199 200 562
204 215 563
199 212 564
195 207 565
206 218 566
161 162 567
200 206 568
204 211 569
206 212 570
162 163 571
190 204 572
193 200 573
195 206 574
186 204 575
201 204 576
202 204 577
192 193 578
204 213 579
199 207 580
193 199 581
206 207 582
192 199 583
199 206 584
204 218 585
204 210 586
204 212 587
200 204 588
204 207 589
199 204 590
193 204 591
192 204 592
204 206 593
