26 27 1
26 28 2
27 28 3
22 23 4
27 29 5
26 29 6
5 6 7
11 13 8
4 5 9
5 8 10
10 11 11
4 6 12
22 24 13
23 24 14
6 8 15
28 29 16
4 8 17
19 22 18
21 22 19
11 14 20
7 11 21
20 22 22
13 14 23
10 12 24
5 9 25
6 9 26
8 9 27
19 21 28
11 15 29
4 7 30
12 14 31
22 25 32
4 9 33
27 30 34
23 25 35
7 10 36
19 20 37
13 15 38
26 30 39
20 21 40
28 30 41
24 25 42
16 18 43
29 30 44
14 15 45
16 17 46
9 17 47
73 74 48
32 52 49
36 62 50
68 69 51
33 37 52
32 43 53
61 62 54
52 54 55
35 43 56
36 42 57
40 69 58
51 54 59
95 100 60
32 45 61
53 54 62
54 55 63
77 78 64
32 44 65
31 43 66
69 70 67
37 43 68
41 42 69
36 61 70
33 48 71
98 100 72
48 59 73
36 41 74
42 43 75
54 57 76
51 52 77
33 60 78
73 75 79
42 64 80
43 44 81
32 54 82
43 46 83
43 45 84
32 38 85
36 39 86
33 43 87
36 43 88
52 56 89
36 63 90
99 100 91
73 76 92
87 89 93
33 59 94
32 36 95
32 51 96
41 43 97
32 33 98
32 67 99
52 53 100
32 46 101
34 43 102
31 32 103
39 41 104
95 99 105
32 58 106
32 35 107
34 41 108
39 43 109
88 89 110
32 39 111
96 97 112
32 37 113
39 42 114
52 55 115
91 95 116
62 63 117
87 88 118
32 55 119
38 43 120
34 42 121
52 57 122
32 53 123
32 49 124
32 42 125
55 56 126
53 55 127
77 81 128
35 41 129
44 46 130
35 39 131
45 46 132
34 39 133
32 41 134
35 42 135
32 34 136
78 81 137
43 47 138
46 48 139
98 99 140
44 45 141
78 80 142
51 55 143
35 36 144
32 50 145
34 36 146
68 70 147
34 35 148
35 38 149
64 65 150
74 75 151
31 41 152
61 63 153
38 41 154
38 42 155
77 80 156
31 35 157
38 46 158
31 34 159
32 56 160
43 48 161
31 37 162
38 44 163
94 97 164
35 67 165
32 47 166
38 45 167
34 38 168
31 33 169
31 36 170
31 38 171
40 68 172
31 42 173
95 101 174
36 38 175
48 60 176
83 84 177
56 57 178
42 65 179
32 48 180
91 94 181
32 57 182
31 39 183
38 39 184
83 85 185
43 49 186
45 48 187
52 58 188
46 47 189
45 47 190
100 101 191
55 57 192
47 48 193
52 66 194
40 70 195
69 71 196
35 49 197
95 98 198
98 101 199
44 47 200
44 48 201
35 55 202
54 66 203
31 40 204
80 81 205
88 90 206
38 48 207
46 49 208
99 101 209
84 86 210
55 67 211
38 40 212
38 49 213
81 89 214
89 90 215
46 50 216
94 103 217
56 58 218
1 2 219
48 49 220
78 82 221
59 60 222
48 50 223
2 3 224
45 49 225
87 90 226
83 86 227
38 47 228
1 3 229
91 93 230
81 82 231
44 49 232
55 58 233
69 72 234
91 92 235
70 71 236
92 94 237
51 53 238
78 79 239
99 102 240
77 82 241
80 82 242
70 72 243
47 49 244
57 58 245
77 79 246
57 66 247
71 72 248
132 136 249
132 133 250
128 129 251
134 136 252
130 131 253
121 122 254
157 158 255
124 127 256
144 145 257
132 134 258
145 154 259
136 157 260
124 125 261
155 158 262
147 158 263
145 149 264
137 141 265
147 154 266
112 114 267
136 156 268
142 144 269
134 156 270
139 155 271
133 134 272
109 110 273
108 110 274
138 155 275
132 135 276
125 127 277
113 114 278
138 157 279
139 157 280
125 126 281
137 139 282
133 156 283
143 148 284
138 139 285
137 140 286
147 157 287
138 140 288
143 145 289
155 157 290
153 159 291
110 112 292
142 149 293
137 138 294
142 143 295
143 144 296
145 148 297
139 140 298
142 145 299
152 155 300
138 158 301
139 158 302
142 148 303
151 157 304
139 153 305
139 152 306
106 118 307
139 151 308
110 111 309
123 124 310
108 109 311
138 153 312
145 151 313
133 141 314
123 127 315
144 146 316
108 113 317
123 126 318
138 150 319
138 151 320
142 146 321
151 155 322
140 141 323
139 147 324
153 158 325
145 152 326
136 153 327
138 141 328
135 139 329
140 153 330
105 121 331
108 114 332
119 121 333
146 148 334
145 150 335
145 146 336
139 141 337
153 155 338
110 114 339
135 143 340
135 157 341
112 113 342
151 158 343
143 146 344
108 112 345
109 112 346
142 147 347
146 151 348
119 122 349
133 137 350
143 149 351
109 111 352
140 151 353
135 155 354
143 156 355
111 114 356
110 113 357
135 145 358
107 119 359
120 122 360
105 119 361
143 147 362
152 153 363
151 152 364
133 136 365
107 121 366
151 153 367
106 112 368
105 107 369
115 118 370
111 112 371
108 111 372
112 118 373
133 143 374
150 151 375
145 147 376
153 157 377
134 135 378
135 136 379
147 153 380
135 142 381
133 139 382
147 151 383
135 148 384
113 116 385
133 138 386
135 147 387
135 152 388
112 116 389
135 151 390
133 140 391
146 152 392
123 125 393
135 150 394
119 120 395
148 151 396
135 146 397
120 121 398
146 150 399
116 118 400
112 115 401
107 120 402
111 116 403
105 120 404
106 117 405
135 153 406
106 115 407
112 117 408
135 159 409
104 106 410
109 113 411
106 116 412
107 122 413
117 118 414
111 118 415
114 116 416
104 105 417
113 117 418
106 107 419
105 122 420
111 113 421
111 117 422
150 152 423
135 158 424
113 118 425
114 118 426
116 117 427
115 116 428
140 150 429
115 117 430
148 152 431
114 117 432
148 149 433
105 106 434
135 149 435
104 107 436
148 150 437
223 224 438
214 219 439
183 187 440
203 222 441
217 218 442
185 186 443
196 198 444
215 216 445
173 181 446
197 198 447
196 211 448
218 220 449
202 205 450
172 173 451
213 216 452
182 184 453
207 219 454
220 221 455
194 198 456
206 219 457
182 183 458
173 178 459
207 217 460
210 216 461
206 217 462
167 168 463
169 171 464
170 171 465
180 182 466
190 211 467
188 190 468
196 197 469
212 217 470
177 180 471
167 171 472
199 217 473
206 220 474
176 180 475
208 209 476
213 215 477
174 178 478
212 216 479
174 175 480
200 220 481
179 180 482
193 205 483
188 189 484
162 171 485
192 205 486
189 209 487
206 214 488
174 180 489
207 214 490
186 210 491
218 221 492
210 215 493
169 170 494
201 202 495
177 179 496
194 197 497
166 169 498
166 170 499
165 170 500
194 196 501
167 170 502
193 203 503
176 177 504
206 221 505
195 218 506
166 167 507
160 164 508
160 161 509
212 215 510
164 166 511
165 166 512
179 191 513
200 218 514
176 179 515
161 169 516
179 221 517
204 217 518
189 208 519
165 167 520
200 221 521
160 165 522
204 216 523
164 165 524
210 213 525
161 166 526
194 195 527
212 218 528
207 218 529
174 177 530
199 218 531
161 164 532
160 163 533
162 170 534
195 207 535
206 218 536
174 176 537
195 206 538
163 167 539
200 206 540
191 193 541
161 165 542
191 192 543
163 166 544
163 164 545
212 213 546
174 179 547
192 202 548
193 202 549
163 165 550
179 200 551
192 201 552
193 201 553
162 166 554
160 162 555
162 167 556
204 214 557
199 200 558
162 164 559
161 163 560
207 212 561
173 174 562
199 212 563
210 212 564
179 193 565
204 215 566
199 207 567
162 165 568
206 212 569
190 204 570
204 211 571
179 192 572
206 207 573
186 204 574
161 162 575
199 206 576
201 204 577
202 204 578
193 200 579
162 163 580
193 199 581
204 218 582
204 213 583
192 199 584
192 193 585
200 204 586
204 210 587
204 207 588
204 212 589
204 206 590
199 204 591
193 204 592
192 204 593
