4 9 1
10 11 2
5 9 3
7 11 4
16 17 5
4 7 6
10 12 7
4 5 8
16 18 9
27 29 10
7 10 11
26 28 12
28 29 13
9 17 14
27 28 15
6 9 16
5 8 17
11 14 18
26 27 19
11 13 20
11 15 21
5 6 22
6 8 23
26 29 24
26 30 25
4 8 26
12 14 27
8 9 28
28 30 29
22 23 30
27 30 31
4 6 32
19 22 33
29 30 34
22 24 35
23 25 36
14 15 37
21 22 38
20 22 39
1 2 40
13 14 41
22 25 42
23 24 43
19 20 44
19 21 45
20 21 46
13 15 47
24 25 48
2 3 49
1 3 50
78 81 51
36 42 52
52 57 53
54 57 54
34 36 55
33 60 56
78 80 57
36 39 58
34 35 59
37 43 60
32 36 61
31 34 62
80 81 63
81 89 64
31 36 65
31 43 66
56 57 67
34 42 68
43 46 69
69 71 70
42 65 71
81 82 72
31 42 73
33 37 74
53 55 75
78 82 76
32 54 77
35 42 78
70 71 79
36 41 80
32 52 81
36 62 82
31 33 83
31 39 84
35 39 85
35 55 86
64 65 87
31 41 88
51 54 89
52 54 90
73 76 91
91 94 92
34 43 93
36 38 94
38 43 95
31 37 96
42 43 97
54 55 98
31 38 99
35 36 100
52 53 101
69 70 102
32 38 103
69 72 104
70 72 105
73 75 106
52 55 107
35 43 108
55 57 109
35 38 110
31 32 111
32 43 112
41 43 113
77 81 114
32 57 115
36 63 116
36 43 117
31 35 118
33 43 119
36 61 120
77 78 121
32 37 122
73 74 123
38 39 124
55 56 125
91 92 126
38 44 127
32 35 128
34 38 129
74 75 130
92 94 131
88 89 132
51 55 133
38 46 134
43 44 135
53 54 136
41 42 137
33 59 138
44 46 139
77 80 140
39 43 141
32 34 142
52 56 143
87 90 144
32 55 145
48 59 146
89 90 147
38 42 148
32 42 149
32 46 150
43 48 151
45 46 152
94 103 153
32 41 154
91 93 155
32 39 156
39 42 157
44 47 158
43 49 159
57 66 160
33 48 161
43 45 162
88 90 163
38 49 164
40 70 165
38 45 166
77 79 167
91 95 168
32 47 169
35 41 170
94 97 171
45 47 172
71 72 173
87 89 174
38 41 175
46 48 176
96 97 177
34 41 178
42 64 179
31 40 180
32 45 181
98 100 182
32 33 183
54 66 184
51 52 185
51 53 186
44 45 187
87 88 188
32 44 189
78 79 190
95 98 191
45 48 192
61 62 193
38 48 194
98 101 195
46 47 196
44 48 197
98 99 198
52 58 199
40 69 200
32 53 201
48 50 202
95 99 203
34 39 204
43 47 205
52 66 206
57 58 207
32 56 208
48 60 209
62 63 210
32 50 211
35 49 212
68 70 213
68 69 214
44 49 215
32 49 216
48 49 217
55 58 218
83 84 219
77 82 220
39 41 221
46 50 222
95 101 223
45 49 224
223 224 225
32 48 226
38 47 227
95 100 228
99 101 229
32 58 230
61 63 231
38 40 232
84 86 233
32 67 234
80 82 235
47 48 236
56 58 237
47 49 238
83 85 239
32 51 240
35 67 241
46 49 242
99 100 243
100 101 244
59 60 245
40 68 246
55 67 247
83 86 248
99 102 249
128 129 250
119 121 251
157 158 252
132 133 253
133 156 254
119 122 255
142 149 256
130 131 257
136 156 258
145 146 259
145 152 260
132 136 261
146 150 262
136 157 263
144 146 264
119 120 265
145 150 266
108 113 267
147 154 268
146 148 269
108 111 270
133 141 271
105 121 272
135 152 273
106 115 274
142 147 275
153 158 276
134 136 277
137 141 278
145 149 279
155 157 280
105 119 281
133 136 282
135 143 283
173 181 284
107 121 285
153 159 286
135 157 287
143 146 288
112 114 289
132 134 290
135 146 291
134 156 292
172 173 293
145 154 294
121 122 295
143 144 296
145 147 297
133 137 298
123 126 299
133 140 300
147 157 301
143 145 302
107 119 303
108 110 304
144 145 305
135 158 306
133 134 307
135 142 308
139 152 309
146 152 310
146 151 311
147 158 312
142 143 313
142 146 314
110 111 315
113 114 316
115 116 317
124 125 318
155 158 319
136 153 320
120 121 321
142 144 322
133 143 323
153 157 324
135 148 325
138 157 326
109 113 327
108 112 328
110 113 329
150 151 330
135 149 331
124 127 332
142 148 333
104 105 334
115 118 335
123 124 336
147 153 337
138 141 338
150 152 339
108 109 340
145 151 341
135 147 342
143 149 343
135 150 344
137 139 345
106 107 346
148 152 347
109 112 348
111 112 349
110 114 350
112 113 351
143 147 352
151 157 353
142 145 354
108 114 355
109 110 356
111 113 357
113 118 358
125 126 359
106 116 360
135 145 361
135 151 362
104 107 363
105 120 364
105 122 365
138 153 366
151 152 367
140 151 368
110 112 369
109 111 370
133 139 371
134 135 372
114 116 373
113 117 374
111 114 375
152 153 376
116 117 377
139 147 378
105 106 379
133 138 380
138 158 381
111 118 382
113 116 383
107 120 384
120 122 385
106 118 386
138 150 387
135 136 388
151 153 389
135 153 390
145 148 391
148 150 392
152 155 393
107 122 394
143 156 395
183 187 396
139 153 397
148 149 398
139 141 399
132 135 400
115 117 401
137 138 402
140 141 403
116 118 404
137 140 405
139 158 406
140 150 407
106 112 408
112 116 409
104 106 410
106 117 411
114 117 412
112 117 413
139 155 414
143 148 415
111 117 416
123 127 417
111 116 418
138 151 419
151 158 420
139 157 421
139 140 422
123 125 423
140 153 424
114 118 425
148 151 426
105 107 427
135 159 428
139 151 429
138 140 430
147 151 431
153 155 432
112 115 433
138 139 434
138 155 435
112 118 436
151 155 437
135 139 438
208 209 439
117 118 440
125 127 441
135 155 442
173 178 443
189 209 444
203 222 445
169 170 446
189 208 447
170 171 448
173 174 449
166 170 450
166 169 451
218 220 452
169 171 453
220 221 454
188 190 455
177 180 456
196 197 457
188 189 458
162 171 459
174 175 460
180 182 461
161 169 462
193 203 463
162 170 464
217 218 465
197 198 466
176 177 467
190 211 468
201 202 469
174 178 470
167 168 471
167 171 472
182 183 473
162 166 474
194 197 475
165 170 476
174 180 477
218 221 478
167 170 479
166 167 480
194 198 481
193 205 482
195 218 483
196 198 484
164 166 485
193 201 486
200 218 487
161 166 488
192 201 489
206 219 490
174 176 491
182 184 492
196 211 493
174 177 494
194 196 495
165 166 496
176 180 497
160 162 498
177 179 499
199 218 500
162 163 501
194 195 502
206 221 503
214 219 504
191 193 505
193 202 506
206 218 507
163 166 508
179 180 509
192 205 510
206 220 511
161 162 512
199 217 513
160 163 514
162 167 515
200 220 516
185 186 517
160 161 518
160 165 519
207 217 520
193 200 521
202 205 522
162 164 523
207 218 524
200 206 525
162 165 526
200 221 527
160 164 528
174 179 529
192 193 530
207 219 531
201 204 532
165 167 533
193 204 534
206 214 535
195 207 536
193 199 537
179 221 538
206 217 539
190 204 540
195 206 541
186 210 542
192 202 543
204 217 544
207 214 545
212 218 546
163 167 547
213 216 548
212 217 549
161 164 550
191 192 551
163 165 552
206 207 553
163 164 554
186 204 555
202 204 556
161 163 557
204 218 558
215 216 559
176 179 560
179 191 561
161 165 562
179 200 563
204 211 564
212 216 565
199 207 566
164 165 567
213 215 568
210 215 569
192 204 570
199 212 571
207 212 572
210 213 573
199 206 574
204 214 575
192 199 576
204 206 577
199 200 578
212 215 579
204 215 580
179 193 581
204 216 582
206 212 583
210 216 584
179 192 585
200 204 586
199 204 587
212 213 588
204 207 589
204 212 590
204 213 591
210 212 592
204 210 593
