26 27 1
27 28 2
26 28 3
22 23 4
27 29 5
26 29 6
10 11 7
22 24 8
28 29 9
23 24 10
11 13 11
11 14 12
7 11 13
21 22 14
19 22 15
20 22 16
13 14 17
5 6 18
4 5 19
4 6 20
10 12 21
7 10 22
27 30 23
5 8 24
22 25 25
12 14 26
26 30 27
11 15 28
6 8 29
23 25 30
4 8 31
13 15 32
1 2 33
28 30 34
14 15 35
16 18 36
19 21 37
24 25 38
29 30 39
16 17 40
9 17 41
19 20 42
20 21 43
8 9 44
1 3 45
2 3 46
6 9 47
5 9 48
83 84 49
4 9 50
52 56 51
54 57 52
4 7 53
73 74 54
52 54 55
53 54 56
53 55 57
54 55 58
36 62 59
33 37 60
223 224 61
37 43 62
83 85 63
52 55 64
55 56 65
52 57 66
68 69 67
77 78 68
56 57 69
69 70 70
91 95 71
94 97 72
42 64 73
98 99 74
96 97 75
84 86 76
35 43 77
55 57 78
31 37 79
64 65 80
51 54 81
42 43 82
36 61 83
61 62 84
78 81 85
95 99 86
34 36 87
98 100 88
52 58 89
41 43 90
52 53 91
83 86 92
32 52 93
48 59 94
52 66 95
41 42 96
69 71 97
33 48 98
51 55 99
32 35 100
36 41 101
36 39 102
62 63 103
33 60 104
36 43 105
73 75 106
95 100 107
31 33 108
32 39 109
33 43 110
36 42 111
35 36 112
43 46 113
77 81 114
31 36 115
34 41 116
39 43 117
32 53 118
32 36 119
32 58 120
32 67 121
34 43 122
99 100 123
36 63 124
34 39 125
35 38 126
35 39 127
34 35 128
32 46 129
51 53 130
43 44 131
51 52 132
32 45 133
31 43 134
35 41 135
46 48 136
33 59 137
36 38 138
34 42 139
32 42 140
43 45 141
39 41 142
32 43 143
32 57 144
78 80 145
32 41 146
32 37 147
32 51 148
73 76 149
32 44 150
68 70 151
31 34 152
32 49 153
31 35 154
32 34 155
42 65 156
32 33 157
34 38 158
44 46 159
35 42 160
32 54 161
39 42 162
31 32 163
31 41 164
91 92 165
43 47 166
95 98 167
70 71 168
43 48 169
61 63 170
32 38 171
74 75 172
32 50 173
31 39 174
32 56 175
77 80 176
92 94 177
38 41 178
55 67 179
45 46 180
32 47 181
54 66 182
38 46 183
47 48 184
40 69 185
44 45 186
35 67 187
100 101 188
31 38 189
35 55 190
31 42 191
32 55 192
43 49 193
94 103 194
55 58 195
46 47 196
38 39 197
45 48 198
44 48 199
48 60 200
38 44 201
38 43 202
80 81 203
69 72 204
38 42 205
56 58 206
91 94 207
44 47 208
98 101 209
45 47 210
38 45 211
95 101 212
99 101 213
32 48 214
78 82 215
38 49 216
35 49 217
70 72 218
81 82 219
71 72 220
87 89 221
31 40 222
91 93 223
38 40 224
44 49 225
57 58 226
38 48 227
48 49 228
57 66 229
46 49 230
78 79 231
40 70 232
130 131 233
48 50 234
99 102 235
77 82 236
46 50 237
45 49 238
38 47 239
40 68 240
80 82 241
59 60 242
77 79 243
81 89 244
47 49 245
88 90 246
88 89 247
87 88 248
89 90 249
87 90 250
104 106 251
123 124 252
124 127 253
128 129 254
157 158 255
124 125 256
121 122 257
155 158 258
132 136 259
132 133 260
139 157 261
145 152 262
172 173 263
144 145 264
139 155 265
138 140 266
123 127 267
145 150 268
142 144 269
137 140 270
137 141 271
155 157 272
138 139 273
134 156 274
145 148 275
146 150 276
133 134 277
139 147 278
145 154 279
125 127 280
137 138 281
147 157 282
132 134 283
142 146 284
123 126 285
145 151 286
144 146 287
113 114 288
138 157 289
145 149 290
142 145 291
146 152 292
142 148 293
139 152 294
138 155 295
152 155 296
134 136 297
143 145 298
136 157 299
125 126 300
143 148 301
137 139 302
138 150 303
145 146 304
146 148 305
151 157 306
142 149 307
139 153 308
152 153 309
139 151 310
146 151 311
138 153 312
139 140 313
142 143 314
147 158 315
153 159 316
112 114 317
110 112 318
136 153 319
143 146 320
132 135 321
147 154 322
108 110 323
108 109 324
136 156 325
142 147 326
119 122 327
106 118 328
119 121 329
151 152 330
151 155 331
143 147 332
109 112 333
145 147 334
139 158 335
135 136 336
140 141 337
153 157 338
143 144 339
150 152 340
147 153 341
135 139 342
112 113 343
153 158 344
151 153 345
147 151 346
135 145 347
138 158 348
133 136 349
108 112 350
135 152 351
151 158 352
133 137 353
153 155 354
150 151 355
135 150 356
123 125 357
111 112 358
138 151 359
120 122 360
139 141 361
134 135 362
135 146 363
138 141 364
135 143 365
135 147 366
105 121 367
135 148 368
133 139 369
133 140 370
112 118 371
107 119 372
115 118 373
133 138 374
143 149 375
105 119 376
140 150 377
106 112 378
135 142 379
106 117 380
108 111 381
133 143 382
112 115 383
148 151 384
113 116 385
106 115 386
120 121 387
109 110 388
107 121 389
111 116 390
143 156 391
119 120 392
135 151 393
112 117 394
148 152 395
140 153 396
112 116 397
110 114 398
105 106 399
106 116 400
115 117 401
133 156 402
105 122 403
140 151 404
116 118 405
148 150 406
110 111 407
115 116 408
107 122 409
135 155 410
133 141 411
135 157 412
106 107 413
108 113 414
117 118 415
111 114 416
108 114 417
104 105 418
110 113 419
113 117 420
148 149 421
135 159 422
111 117 423
105 107 424
114 116 425
135 153 426
107 120 427
116 117 428
109 111 429
135 158 430
105 120 431
114 117 432
109 113 433
114 118 434
111 118 435
135 149 436
113 118 437
111 113 438
173 181 439
183 187 440
104 107 441
173 178 442
214 219 443
196 198 444
203 222 445
197 198 446
217 218 447
215 216 448
196 211 449
185 186 450
182 184 451
182 183 452
202 205 453
218 220 454
220 221 455
188 190 456
213 216 457
170 171 458
190 211 459
196 197 460
179 180 461
180 182 462
194 198 463
169 171 464
210 216 465
200 220 466
177 180 467
212 217 468
174 178 469
207 219 470
212 216 471
176 180 472
167 168 473
207 217 474
206 219 475
174 175 476
166 170 477
206 217 478
167 171 479
213 215 480
174 180 481
179 221 482
199 217 483
169 170 484
192 205 485
193 205 486
189 209 487
208 209 488
186 210 489
188 189 490
166 169 491
162 171 492
206 220 493
218 221 494
165 170 495
165 166 496
201 202 497
167 170 498
164 166 499
166 167 500
194 197 501
194 196 502
177 179 503
179 191 504
161 169 505
210 215 506
164 165 507
160 164 508
176 177 509
200 221 510
161 166 511
207 214 512
206 214 513
195 218 514
161 164 515
176 179 516
163 164 517
200 218 518
212 215 519
162 170 520
212 218 521
163 166 522
160 161 523
165 167 524
160 165 525
189 208 526
179 200 527
204 217 528
161 165 529
163 165 530
160 163 531
173 174 532
193 203 533
204 216 534
191 192 535
162 166 536
191 193 537
210 213 538
199 218 539
161 163 540
192 202 541
174 177 542
163 167 543
206 221 544
194 195 545
207 218 546
212 213 547
193 202 548
162 164 549
192 201 550
174 176 551
174 179 552
193 201 553
162 165 554
195 207 555
162 167 556
206 218 557
199 200 558
179 193 559
190 204 560
199 212 561
160 162 562
179 192 563
200 206 564
204 214 565
161 162 566
195 206 567
207 212 568
210 212 569
193 200 570
162 163 571
206 212 572
186 204 573
204 211 574
204 215 575
201 204 576
202 204 577
199 207 578
193 199 579
204 218 580
206 207 581
199 206 582
192 199 583
204 213 584
192 193 585
200 204 586
204 212 587
204 210 588
204 207 589
199 204 590
204 206 591
193 204 592
192 204 593
