36 300 1
168 374 2
62 89 3
81 293 4
44 62 5
174 300 6
322 374 7
332 390 8
35 294 9
317 366 10
166 374 11
191 303 12
245 315 13
52 374 14
73 300 15
300 334 16
271 374 17
293 302 18
339 443 19
383 443 20
332 339 21
296 300 22
36 294 23
62 326 24
332 340 25
94 248 26
104 300 27
339 390 28
35 36 29
81 428 30
57 141 31
145 220 32
276 303 33
151 300 34
81 409 35
353 484 36
151 352 37
116 300 38
178 374 39
225 402 40
277 303 41
165 443 42
452 465 43
302 409 44
390 443 45
294 465 46
339 383 47
245 314 48
88 443 49
122 219 50
147 339 51
86 300 52
281 300 53
300 328 54
234 300 55
203 340 56
57 142 57
76 300 58
99 317 59
67 484 60
33 67 61
182 340 62
190 300 63
376 377 64
202 355 65
155 300 66
270 300 67
362 425 68
361 373 69
245 344 70
312 469 71
300 333 72
425 436 73
139 416 74
32 443 75
88 463 76
300 453 77
46 62 78
27 300 79
232 444 80
2 322 81
340 405 82
316 463 83
157 261 84
300 356 85
300 433 86
33 353 87
151 388 88
156 291 89
269 339 90
275 330 91
74 407 92
288 340 93
34 340 94
232 381 95
338 361 96
51 409 97
210 240 98
314 315 99
28 268 100
125 202 101
14 300 102
71 165 103
180 317 104
284 300 105
196 234 106
94 404 107
13 459 108
151 251 109
135 400 110
139 426 111
193 294 112
361 366 113
361 383 114
62 229 115
161 285 116
53 340 117
300 318 118
317 463 119
242 419 120
300 408 121
150 188 122
195 383 123
300 414 124
57 204 125
57 396 126
3 158 127
54 361 128
236 467 129
456 469 130
154 362 131
337 348 132
150 165 133
212 377 134
259 361 135
167 377 136
170 300 137
201 235 138
126 317 139
222 293 140
9 383 141
224 300 142
11 472 143
9 455 144
69 344 145
23 35 146
136 273 147
22 57 148
131 449 149
43 55 150
51 464 151
72 330 152
183 250 153
364 430 154
30 96 155
48 196 156
150 463 157
13 65 158
321 322 159
431 450 160
97 300 161
16 300 162
136 278 163
146 365 164
2 205 165
23 101 166
195 443 167
29 317 168
241 300 169
10 300 170
300 349 171
101 220 172
151 164 173
165 377 174
174 350 175
198 466 176
2 464 177
59 431 178
134 300 179
158 220 180
116 480 181
277 436 182
90 300 183
300 309 184
133 207 185
229 331 186
256 447 187
300 413 188
397 418 189
209 300 190
363 366 191
147 165 192
21 210 193
25 282 194
300 481 195
181 184 196
202 445 197
115 247 198
213 474 199
32 147 200
120 451 201
300 351 202
79 92 203
279 347 204
140 377 205
34 280 206
187 225 207
18 364 208
85 361 209
38 364 210
2 260 211
19 399 212
24 325 213
75 422 214
307 463 215
2 95 216
206 401 217
210 441 218
20 300 219
176 370 220
64 469 221
153 375 222
320 378 223
335 360 224
189 328 225
316 478 226
227 296 227
342 473 228
143 272 229
151 461 230
78 482 231
208 210 232
123 156 233
174 373 234
107 222 235
147 150 236
34 130 237
98 350 238
372 421 239
194 212 240
292 297 241
215 408 242
238 401 243
2 361 244
122 173 245
379 390 246
57 222 247
93 240 248
382 462 249
147 368 250
172 426 251
216 306 252
12 106 253
16 121 254
23 410 255
47 420 256
68 147 257
50 370 258
129 230 259
265 435 260
132 427 261
42 295 262
117 475 263
239 307 264
212 267 265
211 249 266
263 370 267
16 210 268
130 137 269
185 252 270
71 212 271
171 432 272
180 393 273
149 300 274
39 146 275
109 305 276
319 431 277
17 464 278
80 160 279
2 475 280
16 274 281
101 350 282
398 406 283
118 335 284
4 157 285
8 148 286
66 389 287
1 161 288
137 471 289
91 437 290
3 172 291
283 423 292
85 180 293
188 384 294
257 475 295
40 302 296
112 298 297
387 421 298
403 457 299
458 479 300
75 286 301
177 454 302
109 394 303
15 128 304
217 470 305
8 304 306
195 379 307
199 329 308
105 163 309
431 463 310
218 228 311
179 463 312
56 164 313
0 367 314
287 295 315
301 406 316
63 325 317
214 223 318
307 473 319
395 458 320
41 409 321
319 373 322
6 75 323
84 391 324
222 343 325
246 415 326
442 475 327
39 173 328
77 458 329
458 460 330
75 254 331
147 246 332
63 295 333
85 441 334
41 302 335
446 477 336
54 467 337
372 409 338
175 350 339
197 350 340
164 199 341
97 296 342
189 199 343
49 343 344
246 405 345
237 458 346
345 403 347
403 411 348
40 172 349
169 295 350
420 458 351
118 199 352
169 325 353
325 392 354
313 458 355
411 457 356
124 239 357
246 289 358
75 458 359
103 403 360
103 457 361
345 457 362
