284 300 1
76 300 2
270 300 3
73 300 4
86 300 5
224 300 6
14 300 7
300 334 8
234 300 9
241 300 10
300 414 11
27 300 12
296 300 13
300 349 14
104 300 15
281 300 16
36 300 17
300 433 18
300 318 19
300 333 20
300 453 21
397 418 22
134 300 23
300 413 24
271 374 25
52 374 26
209 300 27
149 300 28
88 463 29
300 328 30
20 300 31
10 300 32
62 89 33
190 300 34
300 351 35
300 356 36
81 293 37
33 67 38
168 374 39
227 296 40
57 142 41
155 300 42
116 300 43
339 443 44
97 300 45
339 390 46
316 463 47
332 390 48
212 377 49
215 408 50
44 62 51
99 317 52
166 374 53
16 300 54
74 407 55
300 481 56
174 300 57
245 315 58
317 463 59
202 445 60
390 443 61
151 388 62
203 340 63
364 430 64
122 219 65
88 443 66
300 408 67
53 340 68
67 484 69
170 300 70
57 141 71
153 375 72
125 202 73
151 300 74
165 377 75
183 250 76
332 340 77
47 420 78
81 409 79
300 309 80
210 240 81
232 444 82
165 443 83
383 443 84
39 146 85
150 463 86
57 222 87
36 294 88
139 426 89
340 405 90
34 340 91
302 409 92
178 374 93
94 248 94
172 426 95
57 396 96
232 381 97
288 340 98
57 204 99
146 365 100
322 374 101
17 464 102
19 399 103
182 340 104
131 449 105
98 350 106
202 355 107
62 326 108
283 423 109
151 352 110
161 285 111
211 249 112
116 480 113
312 469 114
265 435 115
238 401 116
72 330 117
90 300 118
307 463 119
33 353 120
43 55 121
126 317 122
147 165 123
452 465 124
213 474 125
361 366 126
269 339 127
25 282 128
22 57 129
97 296 130
188 384 131
372 421 132
18 364 133
71 165 134
208 210 135
32 443 136
51 409 137
338 361 138
71 212 139
212 267 140
3 172 141
316 478 142
157 261 143
112 298 144
147 339 145
91 437 146
294 465 147
79 92 148
293 302 149
34 130 150
51 464 151
107 222 152
236 467 153
317 366 154
39 173 155
139 416 156
361 383 157
28 268 158
136 273 159
150 165 160
4 157 161
16 274 162
29 317 163
78 482 164
425 436 165
135 400 166
206 401 167
319 373 168
245 344 169
179 463 170
256 447 171
151 251 172
379 390 173
242 419 174
246 405 175
171 432 176
245 314 177
398 406 178
342 473 179
105 163 180
239 307 181
0 367 182
353 484 183
279 347 184
185 252 185
123 156 186
363 366 187
150 188 188
11 472 189
387 421 190
376 377 191
35 294 192
216 306 193
332 339 194
169 295 195
222 293 196
335 360 197
263 370 198
16 121 199
122 173 200
210 441 201
68 147 202
94 404 203
147 368 204
156 291 205
194 212 206
201 235 207
38 364 208
46 62 209
180 393 210
372 409 211
275 330 212
120 451 213
314 315 214
62 229 215
64 469 216
13 65 217
81 428 218
130 137 219
339 383 220
24 325 221
115 247 222
237 458 223
218 228 224
180 317 225
246 415 226
431 463 227
277 303 228
69 344 229
8 148 230
54 361 231
32 147 232
133 207 233
420 458 234
16 210 235
101 350 236
145 220 237
191 303 238
35 36 239
176 370 240
169 325 241
362 425 242
287 295 243
151 164 244
229 331 245
246 289 246
85 180 247
361 373 248
30 96 249
93 240 250
42 295 251
174 350 252
319 431 253
321 322 254
84 391 255
136 278 256
456 469 257
154 362 258
2 475 259
140 377 260
48 196 261
193 294 262
21 210 263
66 389 264
446 477 265
167 377 266
382 462 267
276 303 268
431 450 269
41 409 270
129 230 271
458 460 272
195 383 273
292 297 274
6 75 275
80 160 276
12 106 277
63 325 278
1 161 279
75 422 280
117 475 281
337 348 282
395 458 283
118 199 284
54 467 285
3 158 286
77 458 287
2 205 288
13 459 289
118 335 290
151 461 291
124 239 292
196 234 293
307 473 294
9 383 295
59 431 296
75 458 297
2 260 298
158 220 299
143 272 300
23 35 301
40 302 302
50 370 303
63 295 304
147 150 305
137 471 306
214 223 307
257 475 308
259 361 309
277 436 310
301 406 311
2 464 312
147 246 313
177 454 314
40 172 315
195 379 316
187 225 317
8 304 318
181 184 319
222 343 320
199 329 321
15 128 322
23 101 323
320 378 324
49 343 325
195 443 326
109 305 327
56 164 328
132 427 329
458 479 330
34 280 331
189 328 332
109 394 333
197 350 334
198 466 335
325 392 336
75 254 337
442 475 338
164 199 339
85 361 340
174 373 341
85 441 342
313 458 343
175 350 344
75 286 345
101 220 346
2 361 347
225 402 348
403 411 349
103 457 350
2 95 351
9 455 352
41 302 353
103 403 354
217 470 355
2 322 356
411 457 357
189 199 358
23 410 359
345 457 360
403 457 361
345 403 362
