337 348 1
48 196 2
452 465 3
446 477 4
294 465 5
33 67 6
67 484 7
238 401 8
33 353 9
353 484 10
196 234 11
193 294 12
206 401 13
35 294 14
44 62 15
62 229 16
129 230 17
62 89 18
46 62 19
62 326 20
116 480 21
36 294 22
202 355 23
256 447 24
320 378 25
202 445 26
265 435 27
125 202 28
78 482 29
229 331 30
232 381 31
232 444 32
139 416 33
130 137 34
201 235 35
34 130 36
133 207 37
137 471 38
35 36 39
246 289 40
34 340 41
340 405 42
34 280 43
50 370 44
246 415 45
187 225 46
203 340 47
188 384 48
225 402 49
246 405 50
176 370 51
147 165 52
139 426 53
263 370 54
68 147 55
36 300 56
147 368 57
53 340 58
182 340 59
64 469 60
288 340 61
147 246 62
120 451 63
116 300 64
234 300 65
23 35 66
157 261 67
71 212 68
147 150 69
212 377 70
4 157 71
456 469 72
71 165 73
312 469 74
97 300 75
38 364 76
97 296 77
218 228 78
245 344 79
18 364 80
150 188 81
140 377 82
165 377 83
245 314 84
364 430 85
52 374 86
376 377 87
167 377 88
215 408 89
296 300 90
76 300 91
317 366 92
32 147 93
147 339 94
99 317 95
271 374 96
194 212 97
245 315 98
10 300 99
29 317 100
165 443 101
90 300 102
178 374 103
212 267 104
126 317 105
166 374 106
283 423 107
211 249 108
150 165 109
185 252 110
27 300 111
314 315 112
69 344 113
168 374 114
300 481 115
161 285 116
8 148 117
300 309 118
300 356 119
227 296 120
332 340 121
180 317 122
180 393 123
86 300 124
190 300 125
172 426 126
155 300 127
300 413 128
104 300 129
300 408 130
300 334 131
23 410 132
241 300 133
270 300 134
209 300 135
281 300 136
300 318 137
8 304 138
224 300 139
105 163 140
300 349 141
1 161 142
300 433 143
3 172 144
3 158 145
20 300 146
134 300 147
14 300 148
300 414 149
284 300 150
300 453 151
382 462 152
170 300 153
73 300 154
300 351 155
149 300 156
363 366 157
300 333 158
300 328 159
22 57 160
154 362 161
158 220 162
135 400 163
57 204 164
339 443 165
32 443 166
57 141 167
387 421 168
12 106 169
57 142 170
57 396 171
236 467 172
322 374 173
332 339 174
30 96 175
40 172 176
115 247 177
442 475 178
153 375 179
181 184 180
269 339 181
332 390 182
145 220 183
88 443 184
390 443 185
81 428 186
257 475 187
362 425 188
117 475 189
372 421 190
131 449 191
122 219 192
317 463 193
23 101 194
183 250 195
339 390 196
383 443 197
132 427 198
150 463 199
43 55 200
25 282 201
275 330 202
91 437 203
94 248 204
72 330 205
195 443 206
217 470 207
40 302 208
94 404 209
136 278 210
124 239 211
136 273 212
19 399 213
174 300 214
242 419 215
101 220 216
28 268 217
171 432 218
379 390 219
321 322 220
84 391 221
361 366 222
397 418 223
151 300 224
216 306 225
47 420 226
16 300 227
54 467 228
339 383 229
81 293 230
0 367 231
57 222 232
81 409 233
85 180 234
342 473 235
239 307 236
79 92 237
80 160 238
88 463 239
189 328 240
41 302 241
292 297 242
279 347 243
293 302 244
191 303 245
109 394 246
276 303 247
109 305 248
195 379 249
122 173 250
156 291 251
179 463 252
420 458 253
372 409 254
425 436 255
13 65 256
307 473 257
302 409 258
13 459 259
123 156 260
214 223 261
213 474 262
11 472 263
112 298 264
307 463 265
222 293 266
107 222 267
51 409 268
9 455 269
41 409 270
9 383 271
316 463 272
85 441 273
195 383 274
361 383 275
49 343 276
177 454 277
75 458 278
85 361 279
338 361 280
259 361 281
51 464 282
458 460 283
458 479 284
77 458 285
2 475 286
237 458 287
313 458 288
222 343 289
395 458 290
277 303 291
6 75 292
75 286 293
335 360 294
17 464 295
75 254 296
75 422 297
210 441 298
93 240 299
151 352 300
189 199 301
118 335 302
21 210 303
16 274 304
174 373 305
54 361 306
151 251 307
2 322 308
210 240 309
101 350 310
118 199 311
151 388 312
208 210 313
301 406 314
16 121 315
151 461 316
277 436 317
319 373 318
199 329 319
398 406 320
39 173 321
2 260 322
316 478 323
2 95 324
2 361 325
164 199 326
431 463 327
2 205 328
151 164 329
361 373 330
143 272 331
174 350 332
16 210 333
74 407 334
198 466 335
2 464 336
42 295 337
319 431 338
287 295 339
63 295 340
56 164 341
169 295 342
325 392 343
15 128 344
63 325 345
175 350 346
431 450 347
39 146 348
169 325 349
24 325 350
59 431 351
98 350 352
146 365 353
197 350 354
411 457 355
345 457 356
403 411 357
345 403 358
103 457 359
103 403 360
403 457 361
66 389 362
