35 36 1
275 330 2
33 353 3
36 300 4
296 300 5
23 35 6
293 302 7
353 484 8
136 273 9
136 278 10
69 344 11
72 330 12
81 293 13
8 148 14
33 67 15
62 229 16
154 362 17
36 294 18
158 220 19
53 340 20
165 443 21
8 304 22
151 300 23
182 340 24
245 344 25
150 188 26
187 225 27
3 172 28
150 165 29
88 463 30
81 409 31
203 340 32
67 484 33
222 293 34
150 463 35
339 443 36
57 222 37
174 300 38
317 463 39
398 406 40
34 340 41
35 294 42
300 328 43
57 142 44
229 331 45
206 401 46
9 383 47
312 469 48
245 315 49
74 407 50
97 300 51
332 340 52
270 300 53
73 300 54
456 469 55
157 261 56
300 356 57
81 428 58
147 165 59
57 141 60
202 355 61
90 300 62
241 300 63
27 300 64
161 285 65
52 374 66
300 333 67
300 334 68
178 374 69
224 300 70
288 340 71
117 475 72
166 374 73
361 383 74
190 300 75
225 402 76
322 374 77
1 161 78
134 300 79
48 196 80
383 443 81
339 390 82
12 106 83
234 300 84
316 463 85
57 204 86
64 469 87
300 351 88
62 326 89
135 400 90
147 339 91
4 157 92
397 418 93
300 453 94
57 396 95
101 220 96
99 317 97
215 408 98
16 300 99
284 300 100
340 405 101
379 390 102
300 318 103
301 406 104
22 57 105
23 101 106
94 404 107
339 383 108
19 399 109
76 300 110
302 409 111
390 443 112
2 475 113
30 96 114
28 268 115
104 300 116
139 416 117
300 349 118
85 180 119
86 300 120
62 89 121
196 234 122
452 465 123
382 462 124
314 315 125
209 300 126
217 470 127
238 401 128
281 300 129
155 300 130
300 433 131
3 158 132
44 62 133
300 408 134
94 248 135
202 445 136
11 472 137
38 364 138
168 374 139
300 481 140
332 390 141
317 366 142
10 300 143
201 235 144
165 377 145
245 314 146
307 463 147
300 413 148
170 300 149
364 430 150
180 393 151
320 378 152
145 220 153
300 414 154
91 437 155
40 172 156
115 247 157
294 465 158
21 210 159
125 202 160
147 246 161
300 309 162
97 296 163
183 250 164
80 160 165
139 426 166
122 219 167
51 464 168
271 374 169
442 475 170
46 62 171
29 317 172
362 425 173
151 164 174
180 317 175
279 347 176
51 409 177
172 426 178
193 294 179
13 459 180
126 317 181
14 300 182
116 300 183
321 322 184
17 464 185
20 300 186
156 291 187
131 449 188
425 436 189
232 444 190
41 302 191
32 443 192
133 207 193
227 296 194
283 423 195
23 410 196
212 377 197
232 381 198
337 348 199
112 298 200
259 361 201
18 364 202
210 240 203
210 441 204
85 441 205
257 475 206
32 147 207
85 361 208
208 210 209
239 307 210
88 443 211
171 432 212
338 361 213
43 55 214
147 150 215
179 463 216
123 156 217
214 223 218
332 339 219
2 361 220
188 384 221
13 65 222
56 164 223
431 463 224
151 352 225
107 222 226
9 455 227
25 282 228
222 343 229
40 302 230
174 373 231
246 405 232
93 240 233
79 92 234
361 373 235
41 409 236
185 252 237
129 230 238
151 388 239
319 373 240
194 212 241
211 249 242
151 461 243
71 165 244
116 480 245
335 360 246
167 377 247
212 267 248
387 421 249
149 300 250
164 199 251
151 251 252
363 366 253
361 366 254
71 212 255
16 210 256
124 239 257
276 303 258
109 305 259
246 289 260
146 365 261
191 303 262
246 415 263
292 297 264
372 421 265
213 474 266
376 377 267
0 367 268
101 350 269
403 457 270
78 482 271
140 377 272
195 379 273
265 435 274
118 335 275
120 451 276
143 272 277
109 394 278
195 383 279
2 322 280
176 370 281
269 339 282
307 473 283
54 467 284
122 173 285
256 447 286
34 130 287
216 306 288
277 303 289
411 457 290
153 375 291
189 328 292
130 137 293
181 184 294
2 205 295
198 466 296
50 370 297
277 436 298
66 389 299
34 280 300
54 361 301
177 454 302
218 228 303
342 473 304
49 343 305
147 368 306
75 286 307
132 427 308
372 409 309
403 411 310
15 128 311
84 391 312
316 478 313
446 477 314
16 274 315
24 325 316
75 422 317
242 419 318
195 443 319
137 471 320
2 260 321
199 329 322
2 95 323
263 370 324
16 121 325
189 199 326
47 420 327
345 457 328
59 431 329
68 147 330
431 450 331
105 163 332
98 350 333
325 392 334
458 479 335
319 431 336
236 467 337
39 146 338
75 254 339
345 403 340
39 173 341
118 199 342
174 350 343
2 464 344
75 458 345
103 457 346
458 460 347
103 403 348
175 350 349
63 295 350
395 458 351
77 458 352
6 75 353
197 350 354
313 458 355
237 458 356
63 325 357
169 325 358
420 458 359
42 295 360
287 295 361
169 295 362
