27 78 1
27 76 2
27 39 3
27 51 4
2 24 5
27 41 6
32 76 7
32 51 8
27 43 9
32 78 10
27 36 11
27 38 12
27 45 13
6 77 14
32 41 15
33 39 16
20 78 17
6 171 18
27 47 19
32 39 20
20 76 21
33 78 22
28 43 23
28 51 24
32 43 25
33 51 26
24 28 27
27 46 28
2 6 29
30 39 30
24 30 31
32 45 32
1 2 33
6 30 34
2 30 35
33 43 36
16 51 37
27 37 38
32 38 39
1 24 40
2 43 41
16 46 42
22 30 43
18 43 44
12 76 45
32 42 46
6 49 47
16 76 48
16 43 49
28 41 50
2 76 51
12 78 52
22 171 53
28 39 54
2 16 55
6 24 56
2 46 57
33 76 58
28 76 59
33 41 60
32 47 61
1 28 62
29 76 63
30 76 64
1 25 65
1 16 66
16 30 67
32 46 68
25 30 69
29 43 70
18 76 71
2 28 72
16 41 73
20 39 74
30 78 75
32 75 76
2 22 77
30 42 78
6 63 79
16 33 80
33 46 81
1 76 82
28 30 83
2 159 84
20 36 85
28 78 86
28 46 87
32 37 88
2 51 89
16 38 90
33 47 91
8 30 92
32 177 93
18 51 94
18 78 95
25 33 96
20 46 97
28 33 98
29 78 99
12 43 100
16 37 101
2 90 102
25 51 103
16 78 104
2 177 105
28 38 106
27 75 107
30 45 108
2 47 109
22 24 110
30 33 111
30 46 112
11 76 113
33 37 114
20 41 115
28 47 116
16 42 117
33 45 118
2 42 119
29 51 120
2 187 121
20 43 122
6 174 123
20 45 124
32 154 125
18 39 126
1 30 127
2 143 128
16 24 129
28 42 130
2 8 131
16 157 132
16 175 133
33 42 134
2 41 135
18 28 136
2 33 137
30 41 138
32 175 139
33 177 140
22 42 141
6 65 142
2 127 143
9 46 144
28 45 145
2 78 146
30 51 147
9 76 148
2 154 149
6 161 150
22 154 151
2 20 152
2 174 153
25 38 154
30 154 155
31 76 156
30 43 157
16 45 158
2 25 159
20 51 160
18 41 161
20 154 162
33 38 163
30 47 164
8 171 165
16 171 166
6 118 167
9 43 168
24 25 169
30 175 170
16 158 171
20 75 172
11 39 173
2 124 174
16 28 175
2 175 176
25 43 177
28 177 178
1 39 179
24 33 180
9 37 181
28 37 182
1 22 183
30 90 184
18 45 185
30 159 186
2 60 187
16 39 188
29 30 189
1 6 190
30 60 191
18 37 192
25 41 193
29 37 194
24 174 195
18 47 196
16 154 197
18 30 198
28 75 199
28 154 200
2 39 201
2 40 202
22 77 203
30 37 204
29 45 205
30 38 206
12 36 207
28 161 208
2 114 209
24 161 210
25 39 211
2 38 212
2 75 213
16 47 214
18 36 215
32 36 216
1 154 217
6 28 218
29 36 219
18 46 220
18 24 221
22 65 222
20 37 223
24 63 224
32 159 225
25 28 226
2 68 227
20 38 228
1 33 229
9 39 230
28 31 231
29 38 232
29 42 233
29 154 234
12 45 235
16 177 236
21 78 237
30 144 238
33 36 239
18 154 240
30 70 241
2 62 242
16 75 243
24 140 244
18 159 245
32 179 246
16 25 247
25 78 248
27 179 249
20 47 250
24 49 251
28 36 252
30 75 253
30 79 254
2 37 255
30 36 256
1 43 257
30 161 258
24 118 259
27 175 260
2 45 261
30 62 262
1 32 263
2 70 264
16 29 265
2 67 266
1 18 267
1 90 268
6 140 269
12 39 270
29 47 271
9 75 272
18 38 273
20 175 274
24 90 275
22 28 276
1 46 277
2 129 278
29 46 279
2 18 280
30 50 281
2 136 282
2 29 283
16 77 284
1 45 285
2 79 286
27 154 287
30 179 288
2 164 289
22 76 290
2 161 291
9 30 292
20 177 293
29 177 294
9 175 295
20 24 296
14 78 297
12 51 298
33 171 299
6 16 300
18 42 301
2 140 302
33 157 303
20 28 304
28 175 305
30 139 306
30 177 307
1 78 308
16 159 309
1 136 310
9 41 311
25 42 312
1 8 313
22 46 314
11 78 315
22 44 316
24 29 317
31 78 318
9 16 319
28 159 320
9 24 321
24 65 322
6 154 323
11 46 324
16 36 325
22 35 326
33 75 327
24 40 328
2 36 329
25 76 330
1 47 331
12 41 332
24 70 333
2 108 334
1 40 335
29 41 336
22 51 337
30 174 338
30 129 339
32 157 340
2 162 341
1 50 342
12 38 343
6 33 344
25 45 345
2 32 346
6 9 347
16 31 348
16 22 349
25 47 350
25 46 351
30 40 352
9 47 353
11 38 354
16 161 355
27 177 356
17 43 357
9 28 358
18 177 359
22 49 360
22 175 361
22 41 362
18 75 363
2 100 364
29 33 365
1 42 366
20 159 367
27 159 368
18 31 369
8 24 370
6 44 371
22 39 372
30 162 373
9 36 374
29 39 375
2 52 376
11 45 377
1 38 378
1 56 379
29 159 380
28 174 381
9 38 382
2 125 383
29 179 384
16 20 385
20 42 386
22 177 387
2 146 388
13 78 389
2 49 390
2 171 391
33 175 392
31 41 393
9 22 394
13 39 395
2 31 396
9 51 397
1 29 398
1 70 399
2 44 400
4 43 401
24 77 402
29 175 403
22 38 404
2 178 405
24 79 406
30 32 407
22 75 408
25 31 409
22 157 410
30 31 411
1 164 412
30 157 413
2 111 414
2 95 415
2 139 416
16 63 417
18 22 418
6 40 419
2 113 420
6 35 421
18 25 422
1 175 423
3 43 424
2 65 425
9 179 426
21 43 427
30 71 428
2 56 429
8 154 430
9 167 431
18 175 432
22 140 433
24 44 434
2 9 435
22 159 436
1 143 437
11 51 438
18 179 439
25 37 440
30 140 441
3 76 442
1 177 443
9 161 444
28 29 445
1 162 446
28 79 447
11 43 448
9 42 449
27 157 450
22 33 451
25 75 452
31 45 453
21 45 454
22 45 455
1 75 456
11 36 457
13 38 458
22 47 459
22 63 460
17 78 461
4 78 462
6 29 463
28 170 464
13 76 465
1 41 466
30 63 467
2 144 468
2 126 469
31 43 470
2 23 471
8 28 472
22 37 473
9 158 474
30 136 475
2 71 476
34 43 477
1 37 478
25 177 479
6 170 480
9 159 481
22 66 482
16 49 483
1 23 484
1 67 485
9 157 486
22 118 487
30 49 488
8 16 489
25 29 490
9 154 491
9 78 492
16 140 493
6 158 494
33 159 495
22 174 496
28 157 497
31 36 498
9 171 499
21 28 500
24 50 501
28 65 502
23 28 503
4 51 504
8 49 505
9 25 506
2 148 507
3 38 508
2 157 509
22 43 510
1 36 511
2 89 512
1 60 513
2 181 514
8 43 515
9 140 516
11 187 517
6 25 518
2 77 519
3 45 520
30 114 521
13 43 522
16 174 523
2 98 524
24 43 525
28 171 526
16 179 527
30 69 528
1 31 529
1 127 530
2 3 531
9 49 532
2 103 533
29 171 534
33 179 535
1 9 536
20 33 537
21 51 538
29 157 539
16 134 540
27 30 541
2 74 542
22 179 543
11 37 544
17 51 545
14 51 546
6 134 547
23 43 548
3 78 549
31 51 550
2 163 551
2 69 552
22 161 553
6 18 554
3 46 555
9 45 556
30 65 557
30 68 558
24 171 559
9 177 560
30 56 561
21 38 562
30 151 563
6 66 564
25 171 565
20 30 566
2 118 567
18 20 568
24 31 569
2 5 570
17 76 571
18 33 572
22 25 573
18 157 574
20 171 575
24 76 576
30 67 577
16 167 578
23 51 579
1 159 580
1 77 581
2 55 582
28 179 583
33 170 584
16 18 585
1 51 586
8 22 587
24 172 588
9 33 589
23 30 590
2 151 591
29 75 592
22 29 593
2 50 594
2 179 595
13 36 596
16 79 597
20 25 598
16 32 599
2 128 600
17 39 601
21 154 602
25 36 603
30 77 604
33 154 605
2 63 606
16 61 607
12 175 608
29 31 609
6 8 610
8 158 611
34 51 612
24 39 613
33 158 614
27 42 615
22 90 616
12 24 617
1 179 618
16 35 619
21 76 620
8 47 621
17 45 622
33 161 623
1 174 624
24 42 625
30 52 626
12 47 627
2 142 628
9 77 629
31 47 630
2 130 631
30 146 632
31 33 633
8 46 634
1 68 635
31 46 636
2 153 637
14 43 638
24 37 639
29 49 640
32 158 641
4 37 642
21 39 643
12 154 644
34 39 645
1 62 646
1 153 647
3 154 648
18 32 649
23 37 650
31 38 651
6 43 652
28 32 653
6 42 654
11 41 655
24 60 656
1 63 657
3 171 658
7 76 659
12 37 660
22 158 661
24 78 662
25 157 663
28 140 664
29 161 665
1 114 666
28 138 667
6 61 668
1 20 669
2 17 670
11 47 671
34 38 672
24 32 673
29 158 674
29 167 675
4 39 676
14 41 677
22 78 678
16 70 679
30 171 680
24 35 681
3 30 682
31 39 683
30 164 684
12 46 685
25 154 686
9 118 687
1 49 688
14 175 689
22 167 690
1 12 691
14 46 692
1 139 693
1 71 694
30 158 695
30 172 696
21 36 697
23 24 698
18 171 699
3 39 700
20 158 701
6 157 702
28 77 703
22 134 704
1 144 705
22 31 706
26 39 707
1 79 708
4 45 709
30 127 710
6 46 711
8 42 712
8 157 713
2 134 714
2 12 715
34 78 716
23 76 717
34 42 718
2 101 719
2 96 720
6 159 721
7 43 722
20 157 723
32 167 724
6 79 725
20 31 726
23 171 727
2 11 728
20 32 729
16 44 730
25 175 731
23 78 732
1 125 733
8 76 734
2 123 735
3 36 736
8 75 737
16 90 738
18 158 739
28 158 740
24 56 741
8 18 742
20 22 743
1 118 744
12 16 745
32 33 746
24 46 747
28 63 748
29 140 749
30 134 750
8 36 751
14 39 752
22 32 753
31 75 754
24 139 755
4 41 756
13 47 757
28 49 758
28 167 759
25 159 760
1 34 761
8 179 762
22 34 763
11 175 764
6 38 765
8 51 766
24 177 767
20 161 768
4 76 769
20 167 770
24 34 771
24 125 772
6 76 773
2 19 774
3 51 775
22 36 776
2 104 777
29 79 778
22 60 779
28 60 780
30 137 781
6 75 782
24 47 783
24 143 784
30 113 785
6 70 786
30 170 787
1 171 788
21 41 789
23 39 790
6 90 791
22 79 792
9 18 793
28 40 794
2 137 795
30 141 796
1 52 797
8 25 798
33 167 799
14 36 800
20 29 801
34 37 802
30 35 803
30 125 804
2 106 805
8 39 806
6 177 807
27 158 808
13 41 809
26 41 810
28 90 811
30 61 812
34 76 813
8 172 814
30 156 815
8 37 816
14 38 817
6 167 818
8 177 819
30 66 820
16 66 821
29 65 822
30 34 823
9 66 824
26 78 825
11 75 826
14 45 827
1 11 828
8 159 829
22 61 830
3 24 831
29 90 832
21 37 833
8 33 834
24 129 835
2 105 836
6 22 837
1 17 838
4 30 839
17 38 840
22 170 841
6 45 842
24 134 843
3 41 844
8 45 845
11 24 846
1 161 847
8 161 848
9 29 849
23 46 850
6 37 851
25 161 852
24 164 853
8 175 854
2 35 855
2 61 856
8 41 857
33 77 858
29 32 859
12 159 860
28 172 861
8 29 862
28 34 863
31 177 864
24 157 865
5 30 866
27 171 867
29 170 868
30 167 869
14 76 870
2 27 871
24 26 872
30 143 873
1 65 874
13 51 875
24 67 876
18 170 877
1 140 878
29 63 879
9 34 880
4 28 881
18 167 882
21 30 883
33 140 884
23 29 885
24 41 886
27 33 887
9 11 888
13 46 889
14 75 890
34 75 891
1 129 892
30 118 893
33 49 894
13 75 895
20 179 896
25 34 897
32 171 898
8 63 899
20 77 900
6 20 901
14 177 902
9 61 903
12 177 904
23 41 905
24 68 906
24 69 907
2 156 908
2 158 909
30 130 910
9 63 911
22 70 912
31 42 913
4 38 914
19 24 915
8 78 916
9 27 917
34 41 918
18 161 919
33 79 920
30 96 921
24 136 922
32 63 923
33 134 924
8 77 925
31 154 926
24 36 927
14 47 928
24 51 929
34 36 930
1 157 931
21 159 932
32 61 933
2 93 934
25 134 935
2 107 936
24 127 937
23 33 938
29 50 939
24 170 940
19 76 941
28 134 942
1 158 943
6 48 944
8 38 945
2 66 946
29 70 947
2 13 948
22 40 949
2 84 950
2 34 951
23 38 952
28 105 953
9 170 954
19 33 955
30 103 956
14 37 957
24 38 958
25 170 959
21 177 960
7 38 961
18 19 962
32 48 963
6 12 964
31 171 965
4 46 966
9 40 967
22 172 968
4 158 969
24 71 970
8 44 971
29 77 972
30 135 973
16 65 974
28 61 975
11 22 976
16 71 977
21 31 978
23 45 979
21 46 980
6 39 981
33 174 982
2 81 983
2 21 984
24 175 985
25 32 986
2 97 987
4 6 988
20 65 989
6 172 990
20 61 991
29 61 992
2 133 993
28 44 994
4 36 995
6 41 996
20 48 997
32 77 998
1 95 999
14 27 1000
25 158 1001
1 113 1002
22 62 1003
2 58 1004
9 31 1005
19 30 1006
20 140 1007
20 63 1008
2 119 1009
6 60 1010
18 138 1011
28 48 1012
18 29 1013
1 146 1014
6 31 1015
1 69 1016
19 78 1017
24 162 1018
24 75 1019
24 158 1020
2 10 1021
23 25 1022
2 82 1023
31 159 1024
31 175 1025
8 9 1026
16 170 1027
20 170 1028
6 78 1029
24 62 1030
24 66 1031
26 36 1032
33 62 1033
1 134 1034
24 61 1035
12 42 1036
3 159 1037
23 174 1038
8 11 1039
8 66 1040
23 31 1041
28 156 1042
1 44 1043
1 106 1044
4 24 1045
11 12 1046
24 45 1047
2 92 1048
24 27 1049
21 24 1050
16 127 1051
6 50 1052
17 41 1053
4 42 1054
26 45 1055
24 154 1056
33 138 1057
31 170 1058
4 175 1059
1 55 1060
6 175 1061
17 75 1062
24 167 1063
28 127 1064
24 159 1065
19 39 1066
20 134 1067
29 172 1068
17 24 1069
7 30 1070
9 35 1071
21 75 1072
23 36 1073
28 70 1074
28 118 1075
2 141 1076
30 95 1077
3 37 1078
27 134 1079
29 60 1080
2 26 1081
3 28 1082
17 154 1083
19 51 1084
22 48 1085
2 169 1086
12 75 1087
8 140 1088
22 27 1089
23 158 1090
29 174 1091
30 123 1092
1 123 1093
30 44 1094
13 45 1095
2 172 1096
32 140 1097
24 179 1098
34 46 1099
1 168 1100
26 75 1101
30 87 1102
21 47 1103
26 38 1104
6 34 1105
17 36 1106
16 40 1107
21 179 1108
23 154 1109
3 33 1110
3 75 1111
4 8 1112
1 126 1113
1 187 1114
30 168 1115
2 7 1116
6 51 1117
19 28 1118
15 39 1119
2 115 1120
3 158 1121
14 159 1122
6 23 1123
3 20 1124
29 44 1125
13 154 1126
21 175 1127
33 70 1128
12 179 1129
31 37 1130
3 47 1131
2 135 1132
4 177 1133
18 140 1134
9 50 1135
33 90 1136
28 71 1137
31 179 1138
8 31 1139
4 22 1140
30 115 1141
3 177 1142
19 43 1143
23 175 1144
28 69 1145
9 174 1146
20 23 1147
23 161 1148
29 66 1149
28 141 1150
22 23 1151
4 9 1152
8 35 1153
9 44 1154
1 5 1155
16 21 1156
27 167 1157
4 77 1158
8 134 1159
3 77 1160
8 174 1161
3 42 1162
29 138 1163
13 159 1164
1 111 1165
9 134 1166
1 93 1167
7 39 1168
24 52 1169
8 170 1170
12 157 1171
4 171 1172
28 35 1173
13 175 1174
18 27 1175
22 50 1176
29 62 1177
34 45 1178
32 161 1179
23 75 1180
23 159 1181
29 127 1182
1 124 1183
19 25 1184
8 19 1185
28 66 1186
29 136 1187
2 53 1188
20 49 1189
29 134 1190
1 10 1191
24 123 1192
23 42 1193
33 172 1194
6 138 1195
25 179 1196
18 134 1197
19 22 1198
30 98 1199
8 34 1200
1 108 1201
18 63 1202
2 4 1203
1 27 1204
6 36 1205
11 26 1206
14 154 1207
22 138 1208
17 46 1209
33 34 1210
8 61 1211
20 174 1212
4 75 1213
30 105 1214
21 42 1215
11 16 1216
18 49 1217
33 48 1218
14 179 1219
24 138 1220
33 65 1221
18 23 1222
1 21 1223
30 138 1224
30 57 1225
9 62 1226
9 136 1227
18 48 1228
34 49 1229
16 114 1230
26 51 1231
2 87 1232
19 46 1233
1 35 1234
8 20 1235
28 129 1236
28 143 1237
22 67 1238
32 49 1239
11 89 1240
1 3 1241
31 161 1242
7 175 1243
7 24 1244
18 61 1245
18 174 1246
7 25 1247
12 171 1248
28 50 1249
1 26 1250
12 158 1251
1 19 1252
30 133 1253
31 157 1254
11 177 1255
20 21 1256
2 73 1257
11 159 1258
33 63 1259
1 61 1260
18 77 1261
25 77 1262
16 126 1263
2 152 1264
6 179 1265
22 143 1266
16 23 1267
17 47 1268
29 48 1269
1 74 1270
6 47 1271
26 37 1272
7 22 1273
16 50 1274
34 77 1275
1 96 1276
14 42 1277
27 61 1278
2 183 1279
7 51 1280
30 74 1281
23 63 1282
29 34 1283
7 154 1284
23 157 1285
25 140 1286
24 144 1287
33 60 1288
8 167 1289
2 155 1290
3 16 1291
16 172 1292
30 131 1293
13 177 1294
23 177 1295
9 156 1296
24 141 1297
31 158 1298
4 31 1299
25 63 1300
2 110 1301
22 69 1302
33 61 1303
4 47 1304
10 39 1305
29 118 1306
9 68 1307
1 103 1308
19 20 1309
9 125 1310
9 19 1311
19 41 1312
7 45 1313
1 178 1314
8 118 1315
25 167 1316
33 66 1317
2 167 1318
17 28 1319
29 40 1320
32 65 1321
23 49 1322
22 26 1323
19 38 1324
1 100 1325
16 17 1326
22 156 1327
27 49 1328
32 170 1329
33 35 1330
2 147 1331
19 36 1332
5 28 1333
31 32 1334
9 139 1335
8 90 1336
18 65 1337
21 25 1338
24 55 1339
10 76 1340
2 168 1341
5 8 1342
11 154 1343
19 75 1344
31 77 1345
32 35 1346
24 156 1347
7 78 1348
23 134 1349
16 62 1350
5 12 1351
15 46 1352
33 40 1353
26 76 1354
20 79 1355
29 164 1356
16 129 1357
23 47 1358
32 134 1359
7 36 1360
26 27 1361
3 175 1362
8 32 1363
31 48 1364
29 69 1365
30 73 1366
28 68 1367
18 44 1368
9 48 1369
16 123 1370
16 143 1371
17 177 1372
18 66 1373
31 134 1374
12 22 1375
13 157 1376
11 101 1377
25 138 1378
4 29 1379
26 43 1380
19 177 1381
5 76 1382
33 129 1383
16 34 1384
5 39 1385
13 25 1386
25 174 1387
28 139 1388
31 49 1389
13 37 1390
34 47 1391
34 79 1392
6 127 1393
21 157 1394
25 65 1395
7 46 1396
27 161 1397
5 24 1398
30 84 1399
3 49 1400
2 145 1401
14 157 1402
30 116 1403
2 109 1404
8 23 1405
18 172 1406
27 29 1407
4 16 1408
15 41 1409
33 44 1410
26 46 1411
20 44 1412
1 13 1413
13 24 1414
4 33 1415
25 79 1416
12 30 1417
29 162 1418
16 68 1419
23 140 1420
26 47 1421
3 179 1422
26 159 1423
29 129 1424
1 151 1425
9 133 1426
1 98 1427
10 38 1428
33 68 1429
17 20 1430
29 35 1431
33 139 1432
9 129 1433
9 141 1434
21 171 1435
33 71 1436
28 98 1437
31 167 1438
19 45 1439
30 111 1440
27 140 1441
2 170 1442
3 18 1443
26 175 1444
17 18 1445
25 49 1446
30 128 1447
19 31 1448
26 179 1449
1 105 1450
5 78 1451
30 91 1452
1 4 1453
15 38 1454
29 67 1455
5 29 1456
21 33 1457
16 69 1458
30 97 1459
24 168 1460
34 125 1461
18 21 1462
2 86 1463
17 171 1464
10 51 1465
34 90 1466
8 27 1467
8 65 1468
19 47 1469
30 48 1470
30 147 1471
2 57 1472
26 177 1473
29 143 1474
30 117 1475
32 44 1476
23 79 1477
33 118 1478
7 75 1479
8 40 1480
21 22 1481
30 72 1482
9 123 1483
6 11 1484
6 67 1485
1 137 1486
9 20 1487
22 71 1488
28 52 1489
15 43 1490
23 77 1491
20 66 1492
1 145 1493
1 73 1494
30 153 1495
1 89 1496
10 41 1497
2 99 1498
3 31 1499
7 28 1500
7 41 1501
29 156 1502
1 128 1503
29 98 1504
12 26 1505
24 98 1506
18 79 1507
29 95 1508
25 44 1509
29 71 1510
17 159 1511
26 161 1512
33 127 1513
24 114 1514
7 42 1515
16 138 1516
33 162 1517
3 22 1518
5 154 1519
17 37 1520
31 61 1521
8 12 1522
22 129 1523
5 18 1524
1 163 1525
1 167 1526
24 95 1527
29 52 1528
12 31 1529
20 35 1530
34 60 1531
3 9 1532
3 140 1533
24 148 1534
33 156 1535
17 157 1536
20 40 1537
9 95 1538
20 118 1539
19 29 1540
1 135 1541
4 159 1542
9 127 1543
22 162 1544
8 79 1545
15 45 1546
4 154 1547
8 48 1548
17 25 1549
7 37 1550
16 128 1551
28 136 1552
16 48 1553
29 123 1554
31 174 1555
5 31 1556
1 104 1557
7 47 1558
8 17 1559
13 22 1560
31 140 1561
24 89 1562
10 78 1563
3 8 1564
20 52 1565
15 47 1566
9 97 1567
31 138 1568
25 35 1569
12 161 1570
16 19 1571
16 125 1572
6 27 1573
29 106 1574
3 161 1575
15 51 1576
31 34 1577
16 97 1578
10 43 1579
19 154 1580
2 117 1581
6 62 1582
6 69 1583
28 84 1584
6 141 1585
18 60 1586
20 138 1587
16 67 1588
5 51 1589
28 67 1590
10 47 1591
2 180 1592
3 6 1593
29 139 1594
3 48 1595
25 61 1596
12 77 1597
22 127 1598
2 72 1599
2 138 1600
23 44 1601
32 138 1602
33 144 1603
19 42 1604
7 16 1605
2 150 1606
7 31 1607
17 179 1608
33 137 1609
16 136 1610
16 106 1611
5 20 1612
9 23 1613
7 158 1614
2 88 1615
3 29 1616
34 61 1617
8 21 1618
5 41 1619
11 158 1620
27 44 1621
29 133 1622
25 66 1623
6 32 1624
15 75 1625
9 21 1626
4 179 1627
24 183 1628
3 170 1629
2 173 1630
29 56 1631
4 134 1632
1 97 1633
1 72 1634
8 26 1635
13 179 1636
24 106 1637
7 157 1638
8 138 1639
22 56 1640
3 157 1641
24 153 1642
29 137 1643
17 175 1644
19 175 1645
30 55 1646
18 62 1647
24 128 1648
27 77 1649
7 159 1650
25 48 1651
29 68 1652
2 149 1653
29 141 1654
5 158 1655
3 134 1656
14 174 1657
32 174 1658
16 96 1659
30 145 1660
8 70 1661
5 45 1662
16 116 1663
9 164 1664
16 103 1665
28 74 1666
29 153 1667
2 80 1668
33 141 1669
16 89 1670
11 140 1671
1 66 1672
11 13 1673
26 33 1674
19 37 1675
33 50 1676
5 16 1677
4 11 1678
1 53 1679
5 43 1680
31 63 1681
16 139 1682
20 34 1683
7 167 1684
28 148 1685
4 20 1686
24 87 1687
26 154 1688
28 144 1689
29 115 1690
7 171 1691
6 98 1692
6 162 1693
14 106 1694
23 170 1695
1 141 1696
4 49 1697
5 22 1698
31 65 1699
12 25 1700
21 29 1701
29 55 1702
22 125 1703
18 146 1704
20 172 1705
5 27 1706
21 23 1707
30 53 1708
3 167 1709
24 48 1710
28 164 1711
1 181 1712
2 131 1713
10 36 1714
18 162 1715
4 12 1716
24 104 1717
22 141 1718
24 93 1719
27 34 1720
34 66 1721
34 63 1722
2 165 1723
7 179 1724
5 38 1725
10 45 1726
24 105 1727
18 147 1728
5 33 1729
18 35 1730
4 63 1731
34 44 1732
16 162 1733
23 179 1734
14 48 1735
28 53 1736
17 42 1737
33 52 1738
9 26 1739
34 62 1740
18 118 1741
30 86 1742
33 147 1743
10 37 1744
15 37 1745
21 158 1746
5 46 1747
26 171 1748
3 4 1749
1 101 1750
6 68 1751
8 50 1752
34 40 1753
16 84 1754
33 67 1755
2 83 1756
10 46 1757
11 137 1758
22 68 1759
30 88 1760
16 130 1761
1 142 1762
15 78 1763
18 90 1764
22 136 1765
1 170 1766
33 164 1767
28 95 1768
2 48 1769
16 93 1770
17 22 1771
7 177 1772
24 146 1773
8 10 1774
20 71 1775
4 170 1776
12 29 1777
18 52 1778
23 167 1779
18 40 1780
4 167 1781
22 164 1782
8 127 1783
30 99 1784
25 172 1785
2 91 1786
15 36 1787
34 70 1788
29 93 1789
30 142 1790
1 99 1791
5 175 1792
20 70 1793
3 44 1794
1 107 1795
33 136 1796
9 98 1797
16 115 1798
21 167 1799
11 77 1800
16 153 1801
23 118 1802
1 119 1803
3 174 1804
11 157 1805
2 116 1806
6 52 1807
11 35 1808
32 79 1809
33 74 1810
8 143 1811
16 141 1812
6 125 1813
18 68 1814
22 144 1815
24 137 1816
26 42 1817
1 84 1818
5 36 1819
13 158 1820
28 146 1821
24 169 1822
9 86 1823
19 77 1824
24 96 1825
18 71 1826
12 167 1827
24 145 1828
16 133 1829
31 172 1830
13 171 1831
24 73 1832
19 159 1833
33 123 1834
20 127 1835
34 50 1836
21 48 1837
26 40 1838
34 69 1839
22 139 1840
26 157 1841
14 63 1842
16 164 1843
1 183 1844
14 134 1845
12 143 1846
3 12 1847
17 29 1848
29 105 1849
1 115 1850
31 66 1851
12 134 1852
19 21 1853
1 57 1854
23 138 1855
24 58 1856
3 63 1857
34 68 1858
27 174 1859
30 64 1860
4 66 1861
4 27 1862
5 75 1863
11 181 1864
18 70 1865
34 118 1866
31 44 1867
4 61 1868
1 94 1869
9 12 1870
16 144 1871
6 95 1872
22 133 1873
23 65 1874
26 49 1875
31 79 1876
13 16 1877
18 50 1878
6 164 1879
17 77 1880
23 66 1881
29 97 1882
11 143 1883
20 60 1884
30 104 1885
32 118 1886
9 144 1887
20 162 1888
18 139 1889
11 179 1890
34 35 1891
6 26 1892
32 34 1893
6 71 1894
24 147 1895
4 174 1896
33 105 1897
16 147 1898
16 73 1899
2 94 1900
9 53 1901
29 125 1902
29 128 1903
31 35 1904
33 69 1905
13 161 1906
10 25 1907
5 42 1908
13 42 1909
21 77 1910
18 98 1911
1 172 1912
25 70 1913
1 7 1914
16 168 1915
16 86 1916
34 48 1917
30 80 1918
29 86 1919
16 98 1920
28 73 1921
30 166 1922
6 19 1923
23 32 1924
2 160 1925
5 171 1926
2 121 1927
5 37 1928
11 86 1929
26 65 1930
16 135 1931
5 11 1932
23 90 1933
25 129 1934
19 157 1935
5 177 1936
20 62 1937
2 120 1938
7 20 1939
26 29 1940
2 184 1941
4 44 1942
17 158 1943
21 174 1944
28 125 1945
5 159 1946
17 134 1947
24 53 1948
25 60 1949
33 98 1950
2 64 1951
27 35 1952
18 69 1953
24 86 1954
24 97 1955
3 65 1956
22 52 1957
12 140 1958
14 68 1959
2 122 1960
6 97 1961
7 33 1962
10 24 1963
18 136 1964
26 63 1965
9 108 1966
27 146 1967
21 161 1968
26 28 1969
10 11 1970
12 170 1971
26 98 1972
34 65 1973
1 82 1974
4 21 1975
13 33 1976
14 128 1977
30 85 1978
16 105 1979
11 100 1980
23 35 1981
25 118 1982
19 179 1983
24 131 1984
34 127 1985
16 56 1986
29 131 1987
5 47 1988
19 171 1989
18 143 1990
4 35 1991
8 98 1992
22 146 1993
1 88 1994
18 141 1995
3 11 1996
5 157 1997
11 133 1998
34 71 1999
28 72 2000
33 87 2001
6 7 2002
33 116 2003
22 97 2004
23 70 2005
29 146 2006
1 86 2007
4 48 2008
4 79 2009
14 98 2010
7 170 2011
8 13 2012
29 53 2013
25 40 2014
29 99 2015
6 21 2016
13 134 2017
24 84 2018
13 27 2019
16 145 2020
7 9 2021
8 62 2022
7 8 2023
11 170 2024
24 163 2025
6 17 2026
34 56 2027
19 158 2028
5 170 2029
9 84 2030
34 98 2031
21 79 2032
23 27 2033
3 35 2034
33 57 2035
3 61 2036
22 123 2037
4 118 2038
11 171 2039
20 26 2040
29 145 2041
21 44 2042
16 100 2043
21 61 2044
21 134 2045
4 26 2046
4 34 2047
16 107 2048
23 40 2049
33 133 2050
20 141 2051
3 79 2052
14 61 2053
2 166 2054
24 112 2055
4 143 2056
27 138 2057
28 153 2058
6 129 2059
6 106 2060
6 146 2061
11 44 2062
16 80 2063
10 159 2064
33 56 2065
12 33 2066
13 18 2067
24 133 2068
24 116 2069
3 40 2070
14 95 2071
1 116 2072
9 17 2073
28 56 2074
1 138 2075
23 172 2076
6 10 2077
21 49 2078
23 61 2079
16 94 2080
17 167 2081
29 147 2082
1 80 2083
7 29 2084
31 118 2085
21 34 2086
4 52 2087
4 146 2088
23 48 2089
30 82 2090
7 77 2091
1 169 2092
5 9 2093
1 58 2094
29 57 2095
29 84 2096
11 15 2097
26 134 2098
30 102 2099
26 95 2100
2 102 2101
5 6 2102
26 158 2103
1 173 2104
10 154 2105
14 44 2106
7 49 2107
33 146 2108
1 81 2109
14 171 2110
25 62 2111
27 40 2112
28 64 2113
4 23 2114
10 27 2115
13 77 2116
22 106 2117
1 147 2118
11 17 2119
29 113 2120
32 172 2121
16 55 2122
7 66 2123
17 44 2124
29 148 2125
31 127 2126
4 65 2127
4 70 2128
6 128 2129
5 179 2130
21 71 2131
22 74 2132
1 87 2133
8 14 2134
6 139 2135
31 137 2136
22 168 2137
30 92 2138
8 164 2139
21 65 2140
11 27 2141
17 61 2142
24 72 2143
33 125 2144
11 162 2145
21 138 2146
21 140 2147
1 131 2148
1 48 2149
14 144 2150
23 62 2151
15 175 2152
8 156 2153
33 86 2154
11 167 2155
33 168 2156
3 172 2157
8 52 2158
32 86 2159
1 64 2160
34 67 2161
6 136 2162
18 125 2163
2 85 2164
14 129 2165
20 67 2166
32 129 2167
17 161 2168
28 55 2169
28 128 2170
4 5 2171
34 55 2172
8 95 2173
14 33 2174
31 40 2175
31 52 2176
4 138 2177
24 99 2178
11 106 2179
3 23 2180
24 135 2181
2 185 2182
4 7 2183
34 123 2184
33 153 2185
33 106 2186
23 139 2187
1 155 2188
9 116 2189
24 107 2190
23 71 2191
5 48 2192
7 27 2193
4 32 2194
23 60 2195
3 66 2196
25 90 2197
11 144 2198
9 163 2199
18 55 2200
29 72 2201
18 67 2202
24 80 2203
25 139 2204
34 95 2205
16 183 2206
3 118 2207
25 147 2208
17 140 2209
29 173 2210
34 97 2211
13 65 2212
25 68 2213
6 13 2214
17 65 2215
21 63 2216
29 178 2217
3 5 2218
10 177 2219
12 162 2220
26 106 2221
4 137 2222
10 175 2223
12 23 2224
19 134 2225
9 131 2226
14 138 2227
7 10 2228
11 156 2229
14 147 2230
19 161 2231
25 141 2232
27 60 2233
25 71 2234
9 10 2235
1 152 2236
7 11 2237
13 44 2238
24 160 2239
2 14 2240
7 140 2241
12 86 2242
4 17 2243
5 134 2244
1 109 2245
12 139 2246
18 164 2247
32 50 2248
7 12 2249
11 134 2250
24 91 2251
29 91 2252
4 86 2253
32 69 2254
10 22 2255
21 147 2256
13 61 2257
33 145 2258
13 167 2259
29 142 2260
15 154 2261
8 141 2262
8 146 2263
12 133 2264
22 55 2265
13 63 2266
12 15 2267
13 19 2268
31 133 2269
17 63 2270
21 139 2271
3 60 2272
16 165 2273
27 70 2274
14 67 2275
23 34 2276
20 151 2277
6 81 2278
1 110 2279
31 62 2280
5 77 2281
23 50 2282
10 16 2283
1 91 2284
3 133 2285
15 42 2286
29 64 2287
9 119 2288
9 148 2289
5 61 2290
19 61 2291
19 167 2292
17 19 2293
29 88 2294
32 60 2295
23 123 2296
1 85 2297
34 106 2298
21 60 2299
12 156 2300
33 95 2301
1 117 2302
24 57 2303
4 172 2304
23 162 2305
29 166 2306
20 164 2307
31 141 2308
27 156 2309
8 153 2310
7 61 2311
23 129 2312
25 84 2313
5 15 2314
19 48 2315
26 118 2316
5 167 2317
7 63 2318
22 153 2319
23 87 2320
25 69 2321
25 143 2322
21 40 2323
1 92 2324
33 97 2325
14 24 2326
19 170 2327
3 26 2328
15 177 2329
21 70 2330
4 55 2331
23 69 2332
4 56 2333
12 53 2334
4 128 2335
16 102 2336
23 68 2337
24 64 2338
15 76 2339
1 166 2340
7 161 2341
10 157 2342
25 123 2343
3 138 2344
12 17 2345
13 26 2346
29 85 2347
8 139 2348
4 136 2349
10 42 2350
7 23 2351
19 23 2352
33 119 2353
1 14 2354
10 171 2355
17 49 2356
21 118 2357
3 123 2358
21 69 2359
26 50 2360
3 7 2361
5 49 2362
8 15 2363
15 22 2364
31 60 2365
6 56 2366
12 97 2367
19 174 2368
18 144 2369
25 52 2370
16 64 2371
23 95 2372
5 10 2373
26 178 2374
15 158 2375
4 40 2376
25 50 2377
34 87 2378
19 79 2379
9 13 2380
29 102 2381
19 140 2382
7 18 2383
5 23 2384
12 146 2385
3 70 2386
7 48 2387
9 151 2388
24 88 2389
7 134 2390
23 106 2391
22 148 2392
5 7 2393
31 50 2394
12 147 2395
24 173 2396
25 162 2397
14 22 2398
31 55 2399
34 53 2400
9 91 2401
19 63 2402
13 35 2403
1 180 2404
31 162 2405
32 90 2406
1 102 2407
17 34 2408
26 34 2409
26 156 2410
6 14 2411
8 133 2412
10 158 2413
11 14 2414
30 155 2415
4 60 2416
20 125 2417
3 69 2418
11 131 2419
14 118 2420
7 98 2421
14 74 2422
17 26 2423
26 48 2424
10 179 2425
1 149 2426
4 62 2427
23 67 2428
34 114 2429
5 44 2430
11 119 2431
19 40 2432
3 90 2433
4 90 2434
17 48 2435
26 167 2436
25 74 2437
22 115 2438
4 130 2439
7 26 2440
24 102 2441
32 136 2442
5 13 2443
3 156 2444
7 79 2445
9 85 2446
22 147 2447
9 14 2448
12 34 2449
12 13 2450
5 140 2451
19 87 2452
26 61 2453
19 65 2454
9 94 2455
14 172 2456
21 66 2457
17 35 2458
4 84 2459
1 112 2460
33 142 2461
12 87 2462
17 70 2463
17 23 2464
31 53 2465
34 105 2466
4 139 2467
6 87 2468
9 15 2469
13 108 2470
7 44 2471
1 15 2472
8 144 2473
31 156 2474
4 50 2475
1 165 2476
5 35 2477
15 157 2478
7 17 2479
9 122 2480
15 159 2481
23 164 2482
34 128 2483
22 145 2484
3 13 2485
12 27 2486
10 17 2487
19 34 2488
33 55 2489
19 44 2490
4 69 2491
4 144 2492
26 138 2493
5 138 2494
10 18 2495
31 146 2496
9 57 2497
7 52 2498
3 187 2499
7 40 2500
6 185 2501
4 95 2502
9 117 2503
1 122 2504
7 174 2505
7 127 2506
5 143 2507
1 83 2508
12 93 2509
5 161 2510
34 111 2511
10 19 2512
25 164 2513
34 124 2514
3 129 2515
1 150 2516
8 137 2517
12 66 2518
31 164 2519
6 122 2520
7 138 2521
23 26 2522
4 71 2523
27 93 2524
7 172 2525
16 155 2526
25 86 2527
19 35 2528
34 126 2529
19 49 2530
15 19 2531
19 172 2532
7 60 2533
23 111 2534
12 124 2535
1 160 2536
23 53 2537
23 125 2538
3 71 2539
7 136 2540
25 53 2541
17 68 2542
22 53 2543
12 14 2544
30 83 2545
3 68 2546
13 29 2547
19 66 2548
19 128 2549
31 90 2550
14 26 2551
5 174 2552
12 116 2553
25 67 2554
31 129 2555
15 16 2556
10 12 2557
9 152 2558
20 109 2559
14 116 2560
8 84 2561
7 62 2562
10 26 2563
6 137 2564
12 117 2565
34 86 2566
23 97 2567
9 169 2568
12 141 2569
8 99 2570
13 17 2571
5 65 2572
31 136 2573
5 63 2574
4 125 2575
1 121 2576
3 62 2577
10 77 2578
34 113 2579
7 15 2580
10 29 2581
34 116 2582
26 144 2583
23 55 2584
5 79 2585
2 15 2586
13 68 2587
4 68 2588
7 35 2589
8 105 2590
25 136 2591
5 66 2592
26 131 2593
4 129 2594
25 56 2595
11 122 2596
17 170 2597
17 90 2598
22 102 2599
11 94 2600
17 69 2601
12 148 2602
19 60 2603
22 137 2604
5 34 2605
7 50 2606
15 179 2607
13 14 2608
34 103 2609
13 69 2610
23 136 2611
14 17 2612
7 90 2613
3 87 2614
3 93 2615
6 135 2616
19 68 2617
19 139 2618
10 167 2619
11 85 2620
13 172 2621
19 69 2622
5 128 2623
12 122 2624
17 60 2625
4 80 2626
12 91 2627
7 162 2628
10 61 2629
19 129 2630
31 69 2631
31 97 2632
34 74 2633
3 67 2634
8 93 2635
6 57 2636
23 72 2637
3 125 2638
15 170 2639
19 70 2640
10 134 2641
23 153 2642
7 115 2643
23 56 2644
4 153 2645
1 120 2646
25 106 2647
3 144 2648
4 88 2649
7 13 2650
8 101 2651
8 131 2652
19 138 2653
22 105 2654
7 139 2655
19 71 2656
15 48 2657
34 96 2658
34 93 2659
15 24 2660
31 67 2661
10 70 2662
3 56 2663
10 136 2664
3 15 2665
25 92 2666
5 40 2667
17 118 2668
8 57 2669
26 119 2670
3 126 2671
12 99 2672
13 164 2673
19 141 2674
26 172 2675
17 156 2676
7 122 2677
10 14 2678
10 170 2679
34 115 2680
4 99 2681
13 66 2682
7 95 2683
7 118 2684
3 99 2685
25 125 2686
10 13 2687
21 150 2688
15 61 2689
7 116 2690
10 49 2691
34 110 2692
8 107 2693
34 104 2694
7 14 2695
19 50 2696
8 135 2697
26 141 2698
8 119 2699
19 56 2700
7 69 2701
13 90 2702
4 67 2703
7 65 2704
10 143 2705
25 153 2706
24 166 2707
15 101 2708
8 124 2709
8 108 2710
8 91 2711
34 72 2712
25 128 2713
3 14 2714
7 71 2715
10 48 2716
10 34 2717
15 74 2718
34 99 2719
19 162 2720
12 184 2721
10 144 2722
13 34 2723
15 26 2724
3 141 2725
10 63 2726
8 117 2727
10 138 2728
23 144 2729
8 122 2730
7 156 2731
3 57 2732
33 128 2733
13 15 2734
4 15 2735
10 140 2736
6 15 2737
15 119 2738
34 119 2739
4 82 2740
8 181 2741
8 148 2742
10 131 2743
19 90 2744
31 124 2745
22 166 2746
19 67 2747
5 125 2748
10 162 2749
19 118 2750
7 146 2751
8 180 2752
7 113 2753
10 133 2754
34 73 2755
12 88 2756
4 141 2757
10 65 2758
10 67 2759
10 164 2760
34 117 2761
22 163 2762
17 66 2763
31 56 2764
10 187 2765
7 101 2766
7 67 2767
10 106 2768
15 100 2769
25 166 2770
7 125 2771
15 148 2772
15 156 2773
24 122 2774
10 15 2775
22 84 2776
34 80 2777
13 23 2778
1 185 2779
15 106 2780
7 164 2781
5 144 2782
25 183 2783
10 126 2784
5 50 2785
19 164 2786
6 145 2787
8 94 2788
7 21 2789
13 91 2790
10 178 2791
13 148 2792
12 21 2793
26 66 2794
25 55 2795
19 125 2796
17 173 2797
15 95 2798
25 81 2799
31 125 2800
10 156 2801
21 115 2802
13 117 2803
8 151 2804
15 168 2805
15 167 2806
6 173 2807
15 128 2808
1 184 2809
34 64 2810
7 173 2811
3 10 2812
7 34 2813
5 118 2814
10 122 2815
10 168 2816
7 19 2817
8 85 2818
23 145 2819
5 130 2820
15 138 2821
1 182 2822
8 173 2823
7 56 2824
10 35 2825
7 149 2826
7 130 2827
10 107 2828
5 162 2829
17 141 2830
13 87 2831
10 23 2832
15 97 2833
15 186 2834
10 66 2835
15 29 2836
8 103 2837
10 94 2838
15 122 2839
34 88 2840
10 183 2841
34 122 2842
9 109 2843
15 183 2844
13 122 2845
9 182 2846
14 34 2847
34 85 2848
10 117 2849
15 66 2850
34 58 2851
15 107 2852
15 141 2853
15 146 2854
34 102 2855
7 152 2856
17 166 2857
26 80 2858
15 23 2859
15 17 2860
10 99 2861
15 133 2862
15 34 2863
15 172 2864
15 99 2865
34 94 2866
14 15 2867
15 129 2868
