1 2 1
1 8 2
29 30 3
2 8 4
1 24 5
24 30 6
24 29 7
28 29 8
8 30 9
8 29 10
2 24 11
1 30 12
1 29 13
2 30 14
8 24 15
25 29 16
28 30 17
22 29 18
2 29 19
25 28 20
1 9 21
29 31 22
25 30 23
22 30 24
28 31 25
1 12 26
2 9 27
8 25 28
22 28 29
22 24 30
30 31 31
2 12 32
20 29 33
1 6 34
24 28 35
1 11 36
20 30 37
24 25 38
22 25 39
1 3 40
4 29 41
6 8 42
8 28 43
25 31 44
2 6 45
2 11 46
18 29 47
2 3 48
29 33 49
8 20 50
15 29 51
20 28 52
8 22 53
8 9 54
18 28 55
1 25 56
4 30 57
8 12 58
1 20 59
12 24 60
22 31 61
29 32 62
19 29 63
6 30 64
28 33 65
24 31 66
31 33 67
20 25 68
20 24 69
28 32 70
9 30 71
1 22 72
4 8 73
12 29 74
9 24 75
16 29 76
30 33 77
18 30 78
30 32 79
23 29 80
20 31 81
2 20 82
6 29 83
12 30 84
9 29 85
25 32 86
19 30 87
25 33 88
23 30 89
27 29 90
31 32 91
2 22 92
18 25 93
15 22 94
2 25 95
21 29 96
22 33 97
24 32 98
18 31 99
23 24 100
8 11 101
8 31 102
20 22 103
24 33 104
22 32 105
27 30 106
19 28 107
24 27 108
6 24 109
16 30 110
12 25 111
21 30 112
9 12 113
3 30 114
12 22 115
3 8 116
4 28 117
15 24 118
21 24 119
11 24 120
1 23 121
19 31 122
19 25 123
1 13 124
19 24 125
17 24 126
4 24 127
17 29 128
1 27 129
20 33 130
1 17 131
2 13 132
32 33 133
16 28 134
18 22 135
1 21 136
2 23 137
22 27 138
8 23 139
26 28 140
3 24 141
16 31 142
6 9 143
2 17 144
21 28 145
26 29 146
2 21 147
16 25 148
6 12 149
18 32 150
4 31 151
2 27 152
13 24 153
20 32 154
1 7 155
8 33 156
8 18 157
21 25 158
3 29 159
9 11 160
1 4 161
2 7 162
18 20 163
19 22 164
8 27 165
13 29 166
23 25 167
8 19 168
16 24 169
7 8 170
18 24 171
22 23 172
1 28 173
8 13 174
30 34 175
23 28 176
23 31 177
2 34 178
16 32 179
27 33 180
4 20 181
21 22 182
11 22 183
16 22 184
19 33 185
21 31 186
4 32 187
9 25 188
2 4 189
18 33 190
8 32 191
24 26 192
15 19 193
22 26 194
17 25 195
8 15 196
17 28 197
11 12 198
12 16 199
1 34 200
8 16 201
23 32 202
1 10 203
7 30 204
9 13 205
13 25 206
24 34 207
8 26 208
15 16 209
8 21 210
9 22 211
17 22 212
23 27 213
3 9 214
16 33 215
3 12 216
6 11 217
4 12 218
10 24 219
4 27 220
9 20 221
12 31 222
1 16 223
2 28 224
7 12 225
13 22 226
12 21 227
4 22 228
23 33 229
3 6 230
6 20 231
2 10 232
6 25 233
10 29 234
19 20 235
18 27 236
26 27 237
2 32 238
12 23 239
12 13 240
26 33 241
21 33 242
16 20 243
20 26 244
5 29 245
1 32 246
20 23 247
4 15 248
7 29 249
1 19 250
12 33 251
12 27 252
5 12 253
6 7 254
4 6 255
14 22 256
29 34 257
15 23 258
6 28 259
9 23 260
9 28 261
6 27 262
7 9 263
6 31 264
20 21 265
8 17 266
13 33 267
13 27 268
8 10 269
12 17 270
14 24 271
1 15 272
5 24 273
5 30 274
9 27 275
12 15 276
14 33 277
1 18 278
2 19 279
2 15 280
4 26 281
7 11 282
11 13 283
11 27 284
10 22 285
12 26 286
2 16 287
6 32 288
14 27 289
13 16 290
10 25 291
15 26 292
23 26 293
9 31 294
7 24 295
16 21 296
4 33 297
6 13 298
18 19 299
2 18 300
5 27 301
7 27 302
11 15 303
1 31 304
6 18 305
18 21 306
19 21 307
11 17 308
16 17 309
9 10 310
7 20 311
5 11 312
11 16 313
12 14 314
5 31 315
3 11 316
10 27 317
4 11 318
3 20 319
8 14 320
13 23 321
13 26 322
4 9 323
17 23 324
3 13 325
4 21 326
6 22 327
21 23 328
2 31 329
3 7 330
6 26 331
10 12 332
7 13 333
13 15 334
10 11 335
13 18 336
6 33 337
9 17 338
13 19 339
5 13 340
33 34 341
5 15 342
15 17 343
7 31 344
9 18 345
6 15 346
9 21 347
1 5 348
3 4 349
6 19 350
9 33 351
5 28 352
9 16 353
11 14 354
5 9 355
14 26 356
17 26 357
9 26 358
11 26 359
13 14 360
17 19 361
2 5 362
2 26 363
17 20 364
6 23 365
1 26 366
1 33 367
19 23 368
5 22 369
9 19 370
13 17 371
22 34 372
9 15 373
16 19 374
5 33 375
2 159 376
2 14 377
5 8 378
30 159 379
7 25 380
14 15 381
3 22 382
3 31 383
1 14 384
18 23 385
30 42 386
10 13 387
28 34 388
17 18 389
30 154 390
30 177 391
1 40 392
6 63 393
30 161 394
24 161 395
22 44 396
3 28 397
16 23 398
2 40 399
30 47 400
6 171 401
22 63 402
2 161 403
3 15 404
6 49 405
22 171 406
30 179 407
30 46 408
8 34 409
22 118 410
30 39 411
22 49 412
29 161 413
7 15 414
30 76 415
2 76 416
30 175 417
30 41 418
30 51 419
24 65 420
3 5 421
22 65 422
10 23 423
2 46 424
22 161 425
30 75 426
4 7 427
7 28 428
10 14 429
2 39 430
6 118 431
6 77 432
1 42 433
1 161 434
2 43 435
6 44 436
22 140 437
6 35 438
30 78 439
24 140 440
30 40 441
29 177 442
30 43 443
2 177 444
30 65 445
2 175 446
6 161 447
2 42 448
7 33 449
1 65 450
24 63 451
25 34 452
1 154 453
5 20 454
24 42 455
2 44 456
22 177 457
6 140 458
14 17 459
2 55 460
2 63 461
1 175 462
24 118 463
22 35 464
30 63 465
1 39 466
1 76 467
30 118 468
1 159 469
8 171 470
1 43 471
2 140 472
2 49 473
32 34 474
22 77 475
30 140 476
30 37 477
30 38 478
2 41 479
24 44 480
22 42 481
2 118 482
30 49 483
6 65 484
24 49 485
2 65 486
10 16 487
22 159 488
29 42 489
1 78 490
11 39 491
24 77 492
2 51 493
2 52 494
2 75 495
2 154 496
1 177 497
8 161 498
9 161 499
1 46 500
2 47 501
16 161 502
8 63 503
22 61 504
24 177 505
30 61 506
30 167 507
1 118 508
28 159 509
30 157 510
8 44 511
11 76 512
2 174 513
1 38 514
24 35 515
2 123 516
11 43 517
3 26 518
28 171 519
7 18 520
11 46 521
24 40 522
22 154 523
29 154 524
2 77 525
2 90 526
2 136 527
24 174 528
30 45 529
22 174 530
2 78 531
29 159 532
1 47 533
24 43 534
28 42 535
1 179 536
8 65 537
1 140 538
6 40 539
9 42 540
22 157 541
30 77 542
22 40 543
30 174 544
2 60 545
30 171 546
30 36 547
18 154 548
2 37 549
29 140 550
1 51 551
16 42 552
22 134 553
28 154 554
24 154 555
16 177 556
30 138 557
25 154 558
2 35 559
8 35 560
24 159 561
2 179 562
29 37 563
9 177 564
6 66 565
6 34 566
29 179 567
2 36 568
24 175 569
2 38 570
2 171 571
2 61 572
2 79 573
12 34 574
8 49 575
22 66 576
2 33 577
9 159 578
16 171 579
28 170 580
6 170 581
11 175 582
1 41 583
22 158 584
29 43 585
24 75 586
6 61 587
11 45 588
7 26 589
22 46 590
1 49 591
9 14 592
18 39 593
24 171 594
8 77 595
2 134 596
16 154 597
8 118 598
28 138 599
1 75 600
2 67 601
24 76 602
2 157 603
6 21 604
1 63 605
24 157 606
28 47 607
28 61 608
9 154 609
28 51 610
6 134 611
29 49 612
22 38 613
22 175 614
28 66 615
29 171 616
30 134 617
29 76 618
3 33 619
3 23 620
5 23 621
29 63 622
28 161 623
7 154 624
8 140 625
1 36 626
1 174 627
16 159 628
28 39 629
28 177 630
8 154 631
25 47 632
18 159 633
11 38 634
30 35 635
29 47 636
1 55 637
11 51 638
24 41 639
29 46 640
28 63 641
9 34 642
22 76 643
30 44 644
7 177 645
18 76 646
29 65 647
1 45 648
6 158 649
8 42 650
30 66 651
16 65 652
5 6 653
12 39 654
7 22 655
16 63 656
29 39 657
1 77 658
2 70 659
11 75 660
30 158 661
6 174 662
28 158 663
29 41 664
1 37 665
30 60 666
18 177 667
29 118 668
25 51 669
7 43 670
7 175 671
24 61 672
24 46 673
2 50 674
8 177 675
16 43 676
2 45 677
4 43 678
11 41 679
29 157 680
2 69 681
6 14 682
11 36 683
2 86 684
29 44 685
29 75 686
22 167 687
28 167 688
29 51 689
16 77 690
17 34 691
29 175 692
4 42 693
21 154 694
9 140 695
24 47 696
25 157 697
28 46 698
22 138 699
28 41 700
6 157 701
7 171 702
18 43 703
9 175 704
11 78 705
16 140 706
7 42 707
24 51 708
24 39 709
22 48 710
4 76 711
30 79 712
29 36 713
28 43 714
8 66 715
28 37 716
2 56 717
2 105 718
33 154 719
4 39 720
29 167 721
11 159 722
11 177 723
2 153 724
7 157 725
24 167 726
6 42 727
33 42 728
7 14 729
25 171 730
6 167 731
29 78 732
12 76 733
4 159 734
18 51 735
22 45 736
29 158 737
33 47 738
9 43 739
2 62 740
6 48 741
16 47 742
1 61 743
1 136 744
7 38 745
7 167 746
28 48 747
29 61 748
2 164 749
33 171 750
33 51 751
1 90 752
9 75 753
29 66 754
2 133 755
9 76 756
18 45 757
6 154 758
28 76 759
33 159 760
1 44 761
22 51 762
2 144 763
7 159 764
8 158 765
18 46 766
2 98 767
22 43 768
1 171 769
7 47 770
18 42 771
25 42 772
9 63 773
25 177 774
1 157 775
16 44 776
29 45 777
4 78 778
7 158 779
22 179 780
4 51 781
24 37 782
1 35 783
4 38 784
16 157 785
33 39 786
2 95 787
24 134 788
9 39 789
7 63 790
25 159 791
15 39 792
16 76 793
25 167 794
10 15 795
8 61 796
18 158 797
16 35 798
33 177 799
7 61 800
24 38 801
31 177 802
18 47 803
22 47 804
4 154 805
23 154 806
29 38 807
4 177 808
30 48 809
33 43 810
4 17 811
28 157 812
25 39 813
33 138 814
24 179 815
27 76 816
30 50 817
28 38 818
22 39 819
22 75 820
2 143 821
25 38 822
7 179 823
9 171 824
6 177 825
8 47 826
29 77 827
8 134 828
16 49 829
25 76 830
28 175 831
24 78 832
6 138 833
8 157 834
24 138 835
29 48 836
18 41 837
28 77 838
22 41 839
4 46 840
18 37 841
28 78 842
8 43 843
18 175 844
8 159 845
8 167 846
12 78 847
2 125 848
4 45 849
7 75 850
28 45 851
12 45 852
29 35 853
16 41 854
33 76 855
33 161 856
18 157 857
9 179 858
11 47 859
11 154 860
15 43 861
28 75 862
33 45 863
24 66 864
16 134 865
18 78 866
7 76 867
7 65 868
32 158 869
12 41 870
21 175 871
8 175 872
2 127 873
29 40 874
7 78 875
30 70 876
30 170 877
25 158 878
16 51 879
2 84 880
20 159 881
22 37 882
31 42 883
28 44 884
29 138 885
6 175 886
12 46 887
30 69 888
18 75 889
24 36 890
10 26 891
25 46 892
4 47 893
7 140 894
31 43 895
12 43 896
20 154 897
21 45 898
2 97 899
10 17 900
28 65 901
23 42 902
2 162 903
30 90 904
4 175 905
6 159 906
8 46 907
2 158 908
22 78 909
9 44 910
29 134 911
31 159 912
4 75 913
9 49 914
25 75 915
1 134 916
9 40 917
9 78 918
23 177 919
20 42 920
25 179 921
28 179 922
25 138 923
2 68 924
25 170 925
22 170 926
1 60 927
13 46 928
25 43 929
28 36 930
3 154 931
9 35 932
11 37 933
29 170 934
18 171 935
25 66 936
28 134 937
8 76 938
21 42 939
31 45 940
4 41 941
12 51 942
25 45 943
7 161 944
31 39 945
33 78 946
18 38 947
8 37 948
28 140 949
9 51 950
7 46 951
24 45 952
30 164 953
7 37 954
16 75 955
24 172 956
8 138 957
16 78 958
1 50 959
1 79 960
24 48 961
12 36 962
30 141 963
28 49 964
8 78 965
21 46 966
31 51 967
2 129 968
6 38 969
18 179 970
25 41 971
7 41 972
10 76 973
16 34 974
1 123 975
33 41 976
7 49 977
21 75 978
30 67 979
21 43 980
20 158 981
30 162 982
4 36 983
5 177 984
8 38 985
21 158 986
21 159 987
1 67 988
20 175 989
31 76 990
12 154 991
31 47 992
16 37 993
24 158 994
13 76 995
33 38 996
9 47 997
16 138 998
33 179 999
7 44 1000
5 175 1001
9 38 1002
18 167 1003
21 51 1004
31 175 1005
16 46 1006
25 37 1007
21 38 1008
16 175 1009
1 164 1010
25 61 1011
27 36 1012
31 154 1013
34 42 1014
3 76 1015
2 156 1016
9 118 1017
33 157 1018
7 51 1019
28 118 1020
15 51 1021
21 76 1022
16 45 1023
23 34 1024
2 146 1025
7 39 1026
31 41 1027
33 37 1028
9 157 1029
16 39 1030
21 177 1031
12 38 1032
33 175 1033
9 77 1034
1 153 1035
2 137 1036
33 46 1037
2 106 1038
9 46 1039
1 52 1040
4 37 1041
7 66 1042
30 172 1043
33 170 1044
16 40 1045
31 167 1046
33 75 1047
2 178 1048
8 51 1049
8 75 1050
2 66 1051
2 116 1052
9 134 1053
22 36 1054
30 136 1055
4 23 1056
12 42 1057
16 61 1058
1 145 1059
8 170 1060
15 45 1061
7 45 1062
2 71 1063
13 42 1064
7 118 1065
27 34 1066
18 61 1067
10 51 1068
3 177 1069
30 62 1070
31 75 1071
12 159 1072
1 105 1073
27 45 1074
13 39 1075
8 48 1076
8 179 1077
25 175 1078
9 41 1079
16 66 1080
16 167 1081
21 36 1082
25 161 1083
33 167 1084
23 43 1085
3 38 1086
20 45 1087
15 76 1088
8 174 1089
25 78 1090
1 56 1091
6 179 1092
28 35 1093
2 128 1094
11 179 1095
31 158 1096
32 175 1097
9 37 1098
13 45 1099
20 39 1100
21 157 1101
8 40 1102
33 63 1103
1 69 1104
3 43 1105
18 161 1106
27 75 1107
27 51 1108
30 139 1109
10 47 1110
15 38 1111
16 179 1112
18 66 1113
30 55 1114
20 177 1115
10 78 1116
15 46 1117
13 38 1118
30 129 1119
12 75 1120
8 45 1121
21 41 1122
34 43 1123
7 170 1124
8 39 1125
8 41 1126
12 47 1127
30 71 1128
5 154 1129
21 39 1130
33 66 1131
31 46 1132
2 138 1133
33 158 1134
23 161 1135
1 167 1136
1 68 1137
2 167 1138
9 61 1139
23 51 1140
3 46 1141
13 34 1142
9 167 1143
3 42 1144
12 175 1145
30 68 1146
23 159 1147
18 36 1148
20 51 1149
7 36 1150
16 18 1151
31 37 1152
4 179 1153
7 77 1154
20 46 1155
16 38 1156
2 147 1157
30 125 1158
32 154 1159
2 53 1160
5 43 1161
24 170 1162
1 70 1163
24 123 1164
2 48 1165
31 157 1166
31 171 1167
32 177 1168
33 61 1169
31 78 1170
1 95 1171
27 39 1172
3 159 1173
16 158 1174
20 76 1175
24 79 1176
13 78 1177
1 86 1178
30 56 1179
9 66 1180
2 114 1181
20 171 1182
5 75 1183
32 75 1184
33 49 1185
23 47 1186
21 179 1187
23 76 1188
5 39 1189
5 76 1190
27 38 1191
27 46 1192
28 40 1193
8 36 1194
15 78 1195
13 41 1196
1 129 1197
29 172 1198
13 43 1199
6 45 1200
31 38 1201
23 45 1202
4 158 1203
25 48 1204
13 75 1205
7 35 1206
2 141 1207
2 139 1208
15 36 1209
9 36 1210
21 167 1211
10 38 1212
5 157 1213
9 158 1214
10 39 1215
1 84 1216
13 154 1217
24 55 1218
16 36 1219
13 36 1220
3 175 1221
24 90 1222
30 114 1223
31 61 1224
4 167 1225
3 39 1226
10 43 1227
20 78 1228
6 47 1229
1 144 1230
20 43 1231
33 140 1232
31 34 1233
31 36 1234
29 174 1235
6 46 1236
21 78 1237
1 158 1238
5 38 1239
9 45 1240
24 129 1241
21 47 1242
2 87 1243
3 37 1244
24 50 1245
3 78 1246
5 158 1247
33 35 1248
5 159 1249
2 131 1250
13 175 1251
7 138 1252
31 170 1253
25 63 1254
32 76 1255
15 175 1256
12 177 1257
26 175 1258
1 125 1259
12 37 1260
1 162 1261
30 105 1262
6 51 1263
13 51 1264
25 36 1265
26 45 1266
34 51 1267
23 63 1268
19 42 1269
27 78 1270
33 77 1271
2 145 1272
2 57 1273
23 179 1274
34 39 1275
10 36 1276
19 177 1277
23 175 1278
23 46 1279
33 48 1280
33 65 1281
3 75 1282
2 124 1283
19 76 1284
18 170 1285
10 45 1286
32 38 1287
15 41 1288
7 134 1289
2 93 1290
25 134 1291
32 159 1292
19 154 1293
32 42 1294
23 78 1295
2 113 1296
7 48 1297
17 43 1298
10 46 1299
26 76 1300
27 175 1301
6 172 1302
1 114 1303
1 143 1304
3 41 1305
5 45 1306
15 75 1307
27 43 1308
28 172 1309
6 43 1310
24 69 1311
27 41 1312
30 52 1313
4 171 1314
6 37 1315
30 144 1316
10 175 1317
20 38 1318
19 159 1319
3 45 1320
1 141 1321
15 154 1322
23 171 1323
2 172 1324
20 75 1325
23 158 1326
30 123 1327
13 47 1328
23 41 1329
6 76 1330
18 138 1331
30 111 1332
34 47 1333
6 39 1334
34 46 1335
9 170 1336
23 65 1337
3 171 1338
17 76 1339
20 47 1340
25 49 1341
25 44 1342
1 178 1343
6 75 1344
17 39 1345
33 36 1346
1 71 1347
13 37 1348
20 157 1349
20 41 1350
33 44 1351
10 41 1352
6 36 1353
7 40 1354
3 51 1355
15 47 1356
27 47 1357
24 70 1358
33 118 1359
3 179 1360
24 60 1361
23 36 1362
13 159 1363
34 78 1364
19 171 1365
32 45 1366
25 35 1367
1 113 1368
23 39 1369
19 45 1370
1 128 1371
2 126 1372
32 157 1373
10 154 1374
10 159 1375
15 42 1376
1 106 1377
30 113 1378
34 75 1379
33 134 1380
17 75 1381
1 126 1382
17 38 1383
16 170 1384
1 138 1385
23 37 1386
23 75 1387
13 177 1388
32 46 1389
1 137 1390
15 159 1391
31 161 1392
3 47 1393
31 138 1394
2 187 1395
5 41 1396
30 103 1397
26 43 1398
1 127 1399
28 55 1400
2 170 1401
5 42 1402
16 48 1403
20 36 1404
20 179 1405
30 95 1406
32 43 1407
11 157 1408
19 43 1409
30 156 1410
34 76 1411
2 108 1412
5 46 1413
27 159 1414
29 79 1415
27 154 1416
31 66 1417
1 116 1418
34 41 1419
23 140 1420
24 67 1421
3 158 1422
25 140 1423
33 172 1424
34 49 1425
17 45 1426
20 61 1427
1 146 1428
31 48 1429
19 39 1430
22 172 1431
23 157 1432
34 38 1433
18 63 1434
3 18 1435
24 164 1436
26 39 1437
5 37 1438
17 175 1439
30 151 1440
5 18 1441
27 42 1442
5 51 1443
20 167 1444
1 57 1445
5 78 1446
21 37 1447
4 61 1448
2 151 1449
3 36 1450
3 157 1451
8 172 1452
17 46 1453
34 65 1454
16 79 1455
27 37 1456
9 174 1457
1 97 1458
1 66 1459
28 141 1460
32 51 1461
12 179 1462
18 140 1463
1 111 1464
5 179 1465
24 125 1466
10 177 1467
18 134 1468
24 56 1469
5 47 1470
5 171 1471
31 179 1472
23 38 1473
20 37 1474
6 41 1475
30 84 1476
17 51 1477
19 46 1478
1 147 1479
9 48 1480
26 36 1481
25 77 1482
34 63 1483
26 41 1484
32 171 1485
26 38 1486
10 42 1487
19 75 1488
26 78 1489
32 179 1490
1 139 1491
2 111 1492
7 34 1493
1 98 1494
15 177 1495
17 42 1496
30 153 1497
23 77 1498
23 167 1499
26 75 1500
23 118 1501
16 174 1502
19 175 1503
24 141 1504
18 44 1505
19 51 1506
2 96 1507
1 172 1508
26 42 1509
3 167 1510
34 45 1511
26 46 1512
1 87 1513
24 144 1514
30 104 1515
30 130 1516
33 40 1517
15 37 1518
21 61 1519
24 68 1520
19 158 1521
26 154 1522
2 163 1523
5 36 1524
1 131 1525
20 63 1526
17 159 1527
29 60 1528
32 78 1529
2 103 1530
19 38 1531
17 177 1532
28 52 1533
27 179 1534
34 36 1535
18 48 1536
25 65 1537
26 51 1538
4 170 1539
2 130 1540
23 138 1541
30 142 1542
17 36 1543
1 62 1544
24 136 1545
23 40 1546
26 177 1547
30 133 1548
16 50 1549
24 153 1550
34 118 1551
22 79 1552
32 167 1553
17 154 1554
23 44 1555
30 86 1556
34 44 1557
23 49 1558
1 96 1559
7 23 1560
20 161 1561
1 53 1562
19 157 1563
1 103 1564
23 35 1565
29 141 1566
4 77 1567
30 96 1568
34 37 1569
32 39 1570
30 146 1571
31 172 1572
27 158 1573
32 47 1574
18 49 1575
34 77 1576
1 124 1577
7 174 1578
28 98 1579
30 127 1580
10 37 1581
14 175 1582
23 170 1583
24 162 1584
2 135 1585
19 47 1586
24 105 1587
30 137 1588
30 116 1589
17 78 1590
1 93 1591
1 48 1592
32 36 1593
19 78 1594
27 177 1595
29 50 1596
18 35 1597
16 70 1598
12 157 1599
17 179 1600
30 97 1601
1 163 1602
17 41 1603
25 118 1604
30 128 1605
22 55 1606
25 172 1607
31 140 1608
2 89 1609
2 181 1610
19 41 1611
30 57 1612
32 37 1613
6 78 1614
12 158 1615
11 158 1616
1 183 1617
13 179 1618
19 37 1619
14 76 1620
21 171 1621
32 41 1622
1 151 1623
30 87 1624
3 170 1625
17 47 1626
26 179 1627
24 84 1628
31 77 1629
23 134 1630
14 43 1631
22 123 1632
26 159 1633
30 98 1634
17 158 1635
24 145 1636
31 49 1637
5 167 1638
7 172 1639
19 179 1640
24 86 1641
34 35 1642
33 141 1643
26 37 1644
24 52 1645
30 145 1646
20 134 1647
1 108 1648
28 60 1649
2 101 1650
3 161 1651
18 77 1652
23 66 1653
32 61 1654
34 40 1655
5 61 1656
30 135 1657
31 63 1658
6 79 1659
28 105 1660
4 44 1661
25 40 1662
19 36 1663
20 170 1664
23 61 1665
28 84 1666
14 39 1667
20 66 1668
24 143 1669
16 172 1670
31 35 1671
3 63 1672
17 37 1673
1 135 1674
1 170 1675
31 134 1676
31 65 1677
3 61 1678
18 65 1679
22 52 1680
16 164 1681
3 140 1682
15 179 1683
30 131 1684
2 142 1685
24 98 1686
29 90 1687
31 44 1688
3 77 1689
28 174 1690
30 143 1691
4 49 1692
18 40 1693
2 183 1694
14 177 1695
17 157 1696
34 61 1697
5 170 1698
30 53 1699
20 140 1700
1 101 1701
31 118 1702
22 141 1703
2 104 1704
2 72 1705
18 172 1706
20 44 1707
28 127 1708
18 118 1709
24 95 1710
28 79 1711
1 73 1712
20 49 1713
20 77 1714
30 92 1715
28 143 1716
2 115 1717
24 89 1718
2 73 1719
27 157 1720
3 44 1721
16 69 1722
24 133 1723
24 137 1724
4 66 1725
14 154 1726
24 116 1727
10 179 1728
1 89 1729
2 100 1730
6 17 1731
20 48 1732
24 156 1733
4 63 1734
3 35 1735
28 136 1736
14 78 1737
28 129 1738
6 141 1739
2 88 1740
7 19 1741
30 73 1742
1 104 1743
14 46 1744
20 118 1745
3 49 1746
1 74 1747
3 66 1748
22 136 1749
29 55 1750
2 91 1751
2 74 1752
4 134 1753
2 148 1754
14 75 1755
26 47 1756
3 134 1757
31 40 1758
3 40 1759
14 36 1760
24 71 1761
24 139 1762
5 44 1763
1 181 1764
28 153 1765
29 52 1766
30 147 1767
19 44 1768
28 56 1769
2 169 1770
16 90 1771
20 65 1772
30 74 1773
1 187 1774
30 155 1775
33 55 1776
24 62 1777
24 163 1778
24 53 1779
22 60 1780
28 50 1781
2 122 1782
20 40 1783
25 141 1784
8 79 1785
24 87 1786
24 127 1787
13 158 1788
4 65 1789
20 35 1790
24 114 1791
2 64 1792
14 38 1793
16 141 1794
16 68 1795
2 173 1796
2 109 1797
4 35 1798
15 157 1799
24 104 1800
24 169 1801
13 157 1802
19 61 1803
1 142 1804
23 48 1805
25 52 1806
9 141 1807
11 167 1808
33 129 1809
2 80 1810
5 134 1811
3 65 1812
30 82 1813
34 66 1814
25 55 1815
2 94 1816
14 45 1817
19 167 1818
14 51 1819
8 98 1820
22 90 1821
5 161 1822
29 129 1823
14 41 1824
19 161 1825
3 48 1826
29 69 1827
14 159 1828
28 156 1829
2 92 1830
5 35 1831
14 42 1832
16 129 1833
28 144 1834
24 58 1835
28 53 1836
2 85 1837
14 37 1838
3 118 1839
33 87 1840
16 62 1841
19 63 1842
29 136 1843
22 164 1844
2 102 1845
3 14 1846
8 141 1847
29 133 1848
33 137 1849
16 136 1850
24 147 1851
15 158 1852
28 69 1853
19 40 1854
33 79 1855
17 171 1856
21 66 1857
3 138 1858
4 48 1859
24 57 1860
22 84 1861
30 91 1862
5 66 1863
24 97 1864
34 48 1865
29 156 1866
33 133 1867
33 153 1868
6 60 1869
24 93 1870
1 94 1871
22 143 1872
2 155 1873
22 70 1874
28 71 1875
14 157 1876
22 129 1877
30 115 1878
33 123 1879
2 107 1880
7 79 1881
16 55 1882
29 70 1883
6 50 1884
26 157 1885
33 106 1886
22 133 1887
10 157 1888
24 128 1889
19 77 1890
23 174 1891
10 158 1892
1 91 1893
16 71 1894
18 55 1895
28 164 1896
19 65 1897
25 123 1898
31 55 1899
1 88 1900
19 170 1901
33 174 1902
12 167 1903
25 153 1904
16 153 1905
33 52 1906
28 74 1907
5 63 1908
5 49 1909
29 71 1910
6 52 1911
27 167 1912
4 118 1913
5 40 1914
29 67 1915
6 90 1916
29 164 1917
1 100 1918
16 105 1919
30 64 1920
32 170 1921
4 40 1922
24 183 1923
22 153 1924
1 72 1925
14 47 1926
16 67 1927
33 164 1928
16 162 1929
33 98 1930
29 123 1931
2 99 1932
30 102 1933
14 179 1934
22 50 1935
22 127 1936
24 131 1937
28 95 1938
33 60 1939
6 98 1940
19 49 1941
30 88 1942
16 56 1943
33 74 1944
30 72 1945
1 115 1946
25 147 1947
8 133 1948
28 70 1949
33 56 1950
16 123 1951
24 106 1952
29 145 1953
16 144 1954
29 105 1955
33 62 1956
5 77 1957
22 156 1958
8 52 1959
29 62 1960
4 138 1961
18 79 1962
22 105 1963
23 172 1964
2 166 1965
28 90 1966
29 56 1967
2 58 1968
25 129 1969
25 86 1970
5 48 1971
22 67 1972
6 70 1973
19 35 1974
22 147 1975
32 48 1976
19 134 1977
24 146 1978
32 63 1979
33 116 1980
25 53 1981
2 117 1982
8 50 1983
22 62 1984
33 71 1985
1 85 1986
1 173 1987
31 141 1988
9 50 1989
25 106 1990
6 129 1991
8 143 1992
8 156 1993
33 136 1994
29 153 1995
33 97 1996
25 74 1997
34 79 1998
5 7 1999
16 84 2000
26 158 2001
22 69 2002
21 48 2003
28 139 2004
22 68 2005
29 95 2006
5 138 2007
16 106 2008
29 139 2009
17 167 2010
27 171 2011
22 162 2012
20 52 2013
8 90 2014
2 119 2015
16 147 2016
18 52 2017
16 143 2018
18 174 2019
23 79 2020
3 174 2021
16 125 2022
6 69 2023
32 134 2024
33 162 2025
18 98 2026
22 137 2027
1 122 2028
20 172 2029
29 131 2030
22 71 2031
25 143 2032
1 102 2033
16 116 2034
29 106 2035
29 137 2036
21 77 2037
22 56 2038
3 172 2039
1 64 2040
19 140 2041
17 61 2042
25 79 2043
28 68 2044
32 77 2045
33 144 2046
33 156 2047
6 136 2048
12 171 2049
21 134 2050
33 105 2051
16 133 2052
29 98 2053
25 84 2054
9 68 2055
22 97 2056
2 82 2057
22 106 2058
5 140 2059
6 87 2060
28 67 2061
33 86 2062
9 164 2063
33 127 2064
24 96 2065
29 84 2066
1 117 2067
1 169 2068
33 147 2069
8 127 2070
27 61 2071
16 98 2072
30 166 2073
8 164 2074
22 144 2075
2 81 2076
18 141 2077
29 68 2078
29 86 2079
33 68 2080
6 162 2081
1 155 2082
33 57 2083
20 138 2084
28 146 2085
31 137 2086
1 80 2087
33 50 2088
15 167 2089
29 143 2090
16 139 2091
2 168 2092
29 57 2093
6 67 2094
4 34 2095
29 93 2096
1 58 2097
6 95 2098
28 128 2099
1 92 2100
24 91 2101
6 145 2102
2 152 2103
16 127 2104
16 145 2105
21 44 2106
6 127 2107
6 164 2108
31 79 2109
33 139 2110
8 153 2111
34 60 2112
16 97 2113
30 99 2114
25 162 2115
1 166 2116
19 48 2117
8 70 2118
18 60 2119
5 65 2120
33 69 2121
6 71 2122
29 162 2123
30 80 2124
6 57 2125
4 174 2126
5 174 2127
1 109 2128
30 85 2129
33 70 2130
13 167 2131
29 147 2132
24 135 2133
29 127 2134
25 56 2135
8 95 2136
21 161 2137
19 118 2138
6 56 2139
25 62 2140
10 167 2141
6 106 2142
33 95 2143
9 62 2144
22 53 2145
29 146 2146
24 73 2147
16 93 2148
29 97 2149
29 128 2150
22 146 2151
22 145 2152
4 172 2153
9 136 2154
6 62 2155
32 161 2156
6 68 2157
6 137 2158
1 107 2159
28 148 2160
29 125 2161
30 117 2162
8 62 2163
31 52 2164
16 128 2165
19 66 2166
28 125 2167
31 133 2168
25 174 2169
6 97 2170
25 136 2171
24 148 2172
29 148 2173
33 145 2174
21 63 2175
25 71 2176
16 96 2177
28 64 2178
31 174 2179
17 134 2180
15 61 2181
29 99 2182
8 144 2183
9 156 2184
21 49 2185
4 79 2186
25 60 2187
32 49 2188
29 115 2189
5 118 2190
9 125 2191
33 67 2192
19 174 2193
32 44 2194
13 171 2195
8 105 2196
5 79 2197
1 81 2198
16 183 2199
19 172 2200
26 167 2201
34 50 2202
3 79 2203
23 60 2204
20 174 2205
21 138 2206
33 90 2207
11 171 2208
16 126 2209
6 125 2210
24 112 2211
31 127 2212
14 61 2213
2 149 2214
7 60 2215
8 84 2216
18 136 2217
4 5 2218
19 79 2219
16 114 2220
16 86 2221
21 40 2222
26 171 2223
13 61 2224
16 89 2225
30 168 2226
1 152 2227
27 134 2228
34 69 2229
24 64 2230
25 164 2231
17 170 2232
22 74 2233
22 125 2234
24 102 2235
4 56 2236
16 102 2237
18 143 2238
18 62 2239
8 146 2240
16 73 2241
1 82 2242
2 110 2243
24 107 2244
9 109 2245
8 137 2246
30 83 2247
25 70 2248
8 93 2249
20 79 2250
21 140 2251
34 70 2252
29 53 2253
32 35 2254
28 73 2255
6 128 2256
24 160 2257
6 146 2258
9 163 2259
1 119 2260
20 34 2261
9 129 2262
16 103 2263
19 138 2264
34 90 2265
7 50 2266
25 50 2267
9 98 2268
16 115 2269
9 139 2270
25 68 2271
29 91 2272
31 56 2273
32 138 2274
33 146 2275
9 95 2276
23 50 2277
20 127 2278
1 99 2279
1 168 2280
31 53 2281
17 77 2282
16 130 2283
31 129 2284
24 173 2285
27 161 2286
16 135 2287
9 108 2288
29 178 2289
16 94 2290
24 80 2291
34 125 2292
24 72 2293
31 136 2294
8 131 2295
31 62 2296
22 139 2297
16 107 2298
31 97 2299
6 81 2300
24 88 2301
33 125 2302
8 57 2303
32 172 2304
33 128 2305
9 133 2306
12 170 2307
4 143 2308
34 67 2309
21 65 2310
23 90 2311
32 65 2312
25 67 2313
25 128 2314
32 140 2315
2 150 2316
18 162 2317
31 60 2318
2 180 2319
4 60 2320
11 181 2321
12 77 2322
25 139 2323
18 50 2324
18 71 2325
17 44 2326
28 72 2327
9 169 2328
21 118 2329
27 49 2330
25 69 2331
33 119 2332
10 61 2333
4 141 2334
8 148 2335
9 148 2336
18 144 2337
26 61 2338
23 69 2339
16 155 2340
7 69 2341
31 156 2342
20 60 2343
6 139 2344
16 64 2345
34 68 2346
34 55 2347
3 141 2348
11 134 2349
8 139 2350
8 91 2351
10 171 2352
18 147 2353
2 160 2354
17 161 2355
5 10 2356
21 79 2357
29 113 2358
22 115 2359
17 63 2360
27 40 2361
11 143 2362
19 60 2363
22 148 2364
2 165 2365
4 52 2366
16 80 2367
18 146 2368
9 144 2369
20 141 2370
27 44 2371
12 134 2372
23 87 2373
16 100 2374
4 69 2375
17 48 2376
27 138 2377
34 62 2378
4 136 2379
9 127 2380
23 70 2381
32 118 2382
25 90 2383
4 55 2384
18 69 2385
24 99 2386
9 152 2387
18 70 2388
23 129 2389
7 98 2390
8 122 2391
4 70 2392
26 134 2393
14 171 2394
2 83 2395
7 52 2396
31 162 2397
27 77 2398
27 140 2399
16 168 2400
3 60 2401
17 49 2402
7 90 2403
31 50 2404
8 99 2405
21 174 2406
4 50 2407
7 67 2408
18 164 2409
11 77 2410
34 106 2411
33 168 2412
7 136 2413
26 40 2414
9 84 2415
17 66 2416
29 64 2417
14 134 2418
18 90 2419
6 122 2420
15 170 2421
11 133 2422
13 134 2423
29 142 2424
9 116 2425
4 144 2426
10 19 2427
9 97 2428
32 86 2429
4 68 2430
14 48 2431
34 56 2432
9 119 2433
2 184 2434
9 131 2435
17 140 2436
9 91 2437
23 164 2438
25 81 2439
11 187 2440
17 35 2441
23 68 2442
29 166 2443
34 95 2444
4 62 2445
11 106 2446
4 90 2447
9 57 2448
24 166 2449
18 67 2450
20 62 2451
31 69 2452
9 151 2453
10 170 2454
11 170 2455
23 106 2456
29 85 2457
34 71 2458
7 62 2459
19 56 2460
29 72 2461
2 120 2462
34 98 2463
34 105 2464
31 164 2465
17 65 2466
27 146 2467
29 102 2468
19 141 2469
23 55 2470
5 16 2471
23 62 2472
25 166 2473
23 123 2474
12 161 2475
32 79 2476
4 139 2477
18 68 2478
23 71 2479
7 156 2480
23 153 2481
6 16 2482
19 50 2483
23 95 2484
7 116 2485
9 123 2486
34 123 2487
11 44 2488
18 139 2489
4 71 2490
23 56 2491
34 97 2492
34 74 2493
29 173 2494
6 185 2495
20 71 2496
6 135 2497
7 164 2498
13 77 2499
4 125 2500
23 145 2501
7 162 2502
14 63 2503
4 95 2504
27 35 2505
4 129 2506
26 106 2507
12 143 2508
3 133 2509
4 82 2510
9 86 2511
23 162 2512
3 93 2513
12 66 2514
23 136 2515
7 115 2516
26 98 2517
8 117 2518
34 127 2519
23 67 2520
3 69 2521
1 150 2522
1 110 2523
7 71 2524
21 60 2525
23 111 2526
32 174 2527
12 133 2528
17 60 2529
26 63 2530
1 149 2531
7 56 2532
10 48 2533
24 122 2534
4 146 2535
19 87 2536
31 67 2537
6 173 2538
8 101 2539
8 181 2540
13 44 2541
3 129 2542
26 161 2543
3 56 2544
15 48 2545
24 168 2546
9 117 2547
31 125 2548
7 146 2549
7 10 2550
11 89 2551
22 168 2552
34 86 2553
2 121 2554
19 69 2555
4 128 2556
25 125 2557
3 62 2558
4 86 2559
19 90 2560
20 162 2561
4 137 2562
23 97 2563
7 95 2564
20 67 2565
6 10 2566
7 122 2567
4 130 2568
25 92 2569
3 71 2570
4 99 2571
1 180 2572
10 134 2573
9 85 2574
13 63 2575
14 172 2576
34 111 2577
26 172 2578
10 106 2579
27 174 2580
14 44 2581
17 118 2582
11 101 2583
13 161 2584
19 129 2585
3 156 2586
1 83 2587
11 140 2588
19 68 2589
3 68 2590
8 119 2591
4 67 2592
34 128 2593
29 88 2594
26 49 2595
20 164 2596
3 70 2597
7 101 2598
34 93 2599
17 69 2600
17 141 2601
20 125 2602
9 94 2603
34 87 2604
9 122 2605
11 131 2606
9 182 2607
10 77 2608
19 71 2609
26 50 2610
2 185 2611
13 65 2612
31 90 2613
4 153 2614
34 114 2615
33 142 2616
17 90 2617
22 166 2618
12 162 2619
32 136 2620
5 143 2621
11 35 2622
34 116 2623
4 80 2624
12 140 2625
23 53 2626
1 165 2627
21 34 2628
3 144 2629
3 57 2630
10 143 2631
12 97 2632
19 162 2633
11 144 2634
5 50 2635
18 125 2636
4 88 2637
17 68 2638
31 146 2639
7 139 2640
1 185 2641
11 162 2642
8 94 2643
14 174 2644
1 160 2645
23 125 2646
10 66 2647
12 86 2648
17 70 2649
21 147 2650
12 139 2651
26 65 2652
23 144 2653
3 67 2654
20 70 2655
34 53 2656
10 133 2657
27 60 2658
26 48 2659
3 87 2660
8 180 2661
5 144 2662
14 106 2663
14 98 2664
32 60 2665
7 125 2666
3 90 2667
11 86 2668
1 112 2669
19 67 2670
7 17 2671
13 172 2672
21 71 2673
34 126 2674
15 106 2675
21 70 2676
7 127 2677
1 120 2678
12 148 2679
22 102 2680
19 139 2681
23 139 2682
34 113 2683
34 58 2684
3 125 2685
21 69 2686
26 95 2687
26 138 2688
15 101 2689
7 113 2690
13 35 2691
13 69 2692
10 136 2693
15 74 2694
19 164 2695
19 70 2696
34 103 2697
32 90 2698
12 93 2699
13 66 2700
3 99 2701
11 156 2702
25 183 2703
26 118 2704
4 84 2705
19 128 2706
22 163 2707
15 138 2708
10 138 2709
12 122 2710
26 131 2711
15 148 2712
32 50 2713
14 138 2714
13 90 2715
15 186 2716
8 85 2717
5 162 2718
34 124 2719
15 95 2720
15 172 2721
3 16 2722
8 173 2723
1 184 2724
11 119 2725
32 129 2726
34 104 2727
19 34 2728
12 156 2729
15 66 2730
1 121 2731
14 68 2732
15 133 2733
7 149 2734
15 129 2735
11 122 2736
34 115 2737
10 65 2738
31 124 2739
12 147 2740
12 53 2741
26 156 2742
8 124 2743
13 68 2744
12 146 2745
26 66 2746
26 141 2747
9 53 2748
15 146 2749
8 135 2750
15 141 2751
19 125 2752
12 87 2753
13 117 2754
26 144 2755
34 96 2756
8 151 2757
13 91 2758
20 109 2759
26 119 2760
34 119 2761
13 164 2762
15 119 2763
5 125 2764
10 144 2765
5 128 2766
14 118 2767
17 156 2768
21 139 2769
10 70 2770
12 141 2771
8 108 2772
10 49 2773
27 156 2774
17 166 2775
14 144 2776
10 162 2777
7 130 2778
27 93 2779
10 164 2780
8 107 2781
10 63 2782
14 95 2783
15 168 2784
23 72 2785
17 173 2786
16 165 2787
20 151 2788
10 140 2789
34 122 2790
34 110 2791
21 115 2792
8 103 2793
13 148 2794
14 67 2795
11 137 2796
15 122 2797
12 117 2798
7 173 2799
15 128 2800
7 152 2801
32 69 2802
10 35 2803
10 67 2804
3 123 2805
10 122 2806
3 126 2807
34 99 2808
11 85 2809
15 156 2810
12 184 2811
15 97 2812
14 129 2813
34 64 2814
10 156 2815
13 122 2816
34 117 2817
21 150 2818
12 91 2819
3 187 2820
11 94 2821
12 116 2822
10 34 2823
10 117 2824
5 130 2825
1 182 2826
10 131 2827
26 178 2828
12 88 2829
10 168 2830
14 128 2831
34 73 2832
7 16 2833
26 80 2834
27 70 2835
34 72 2836
12 99 2837
34 80 2838
13 87 2839
14 74 2840
34 88 2841
34 102 2842
11 100 2843
34 94 2844
12 124 2845
13 108 2846
14 116 2847
15 183 2848
15 99 2849
7 21 2850
34 85 2851
15 107 2852
14 147 2853
10 94 2854
10 107 2855
10 126 2856
10 99 2857
3 10 2858
10 187 2859
15 100 2860
10 183 2861
10 178 2862
10 18 2863
14 34 2864
4 16 2865
26 34 2866
15 34 2867
5 34 2868
