1 2 1
1 24 2
2 24 3
1 30 4
2 8 5
1 129 6
2 30 7
24 30 8
1 22 9
2 6 10
22 24 11
2 22 12
2 106 13
33 76 14
33 51 15
1 6 16
2 78 17
2 29 18
2 129 19
1 128 20
20 78 21
33 43 22
33 78 23
1 95 24
32 78 25
1 20 26
2 175 27
6 24 28
2 177 29
32 51 30
32 76 31
1 154 32
28 51 33
1 106 34
1 28 35
1 175 36
2 159 37
22 30 38
2 98 39
1 8 40
6 30 41
1 29 42
1 51 43
1 43 44
1 45 45
2 133 46
1 31 47
1 33 48
2 128 49
20 51 50
30 51 51
1 143 52
1 159 53
2 28 54
2 55 55
30 78 56
1 146 57
2 143 58
28 76 59
30 128 60
1 37 61
30 39 62
33 75 63
2 76 64
20 76 65
33 46 66
30 154 67
1 76 68
33 39 69
32 43 70
28 177 71
30 129 72
33 41 73
1 27 74
1 177 75
33 154 76
33 159 77
2 46 78
2 47 79
2 146 80
27 39 81
30 159 82
33 177 83
33 42 84
1 78 85
6 22 86
2 43 87
30 43 88
33 47 89
2 51 90
2 33 91
2 75 92
30 52 93
30 46 94
32 46 95
28 159 96
1 46 97
2 20 98
2 162 99
25 33 100
30 76 101
24 29 102
28 43 103
2 97 104
2 127 105
2 41 106
30 95 107
30 175 108
1 161 109
27 41 110
32 45 111
2 39 112
1 19 113
1 47 114
1 23 115
20 45 116
30 41 117
30 75 118
1 41 119
32 47 120
1 52 121
2 52 122
28 175 123
1 39 124
27 76 125
1 136 126
27 45 127
27 30 128
1 75 129
2 18 130
24 161 131
30 45 132
6 33 133
28 154 134
1 157 135
1 171 136
2 19 137
1 55 138
2 32 139
30 42 140
1 162 141
2 62 142
28 78 143
2 40 144
20 43 145
20 46 146
28 75 147
24 28 148
28 42 149
28 41 150
28 179 151
2 171 152
8 22 153
20 175 154
24 33 155
1 32 156
25 29 157
30 55 158
20 24 159
22 78 160
28 47 161
8 24 162
16 175 163
32 38 164
27 29 165
29 32 166
2 16 167
1 42 168
20 154 169
2 27 170
8 30 171
30 127 172
6 171 173
20 75 174
1 16 175
29 33 176
1 61 177
33 175 178
7 175 179
27 33 180
32 37 181
33 179 182
2 12 183
33 37 184
30 177 185
2 23 186
2 25 187
2 161 188
30 33 189
27 51 190
1 25 191
1 17 192
30 47 193
2 136 194
16 33 195
6 154 196
16 61 197
2 42 198
33 38 199
28 38 200
24 129 201
29 30 202
2 38 203
30 38 204
1 18 205
8 175 206
11 78 207
30 158 208
1 122 209
2 153 210
33 45 211
30 144 212
1 140 213
2 7 214
30 146 215
1 67 216
20 47 217
1 77 218
25 76 219
29 41 220
1 40 221
22 175 222
29 76 223
30 143 224
1 179 225
2 140 226
12 76 227
2 154 228
16 28 229
2 157 230
18 51 231
20 177 232
22 29 233
11 76 234
28 39 235
30 98 236
33 158 237
28 46 238
3 76 239
2 144 240
32 39 241
24 43 242
23 28 243
2 122 244
20 38 245
2 34 246
2 45 247
30 37 248
32 41 249
18 177 250
2 17 251
30 61 252
20 37 253
33 36 254
32 177 255
2 37 256
16 20 257
1 158 258
31 51 259
25 30 260
27 38 261
1 36 262
1 38 263
30 32 264
20 39 265
6 8 266
7 27 267
27 47 268
30 162 269
20 29 270
6 175 271
1 56 272
18 76 273
20 30 274
20 41 275
22 171 276
29 154 277
16 23 278
33 157 279
2 56 280
16 78 281
31 78 282
1 134 283
24 61 284
3 38 285
7 43 286
1 12 287
4 45 288
16 76 289
28 29 290
32 175 291
2 31 292
30 179 293
22 177 294
1 34 295
16 29 296
20 33 297
23 24 298
2 164 299
24 175 300
31 76 301
24 25 302
16 157 303
32 75 304
17 45 305
1 98 306
18 24 307
27 78 308
16 154 309
29 75 310
1 7 311
25 47 312
6 29 313
2 36 314
2 95 315
4 30 316
18 41 317
23 25 318
24 75 319
24 177 320
28 157 321
31 43 322
19 24 323
6 19 324
24 159 325
32 36 326
23 33 327
29 159 328
30 157 329
9 30 330
29 51 331
1 97 332
24 140 333
16 22 334
16 158 335
24 77 336
4 6 337
24 27 338
20 36 339
28 55 340
20 159 341
1 144 342
2 44 343
1 62 344
2 61 345
28 37 346
29 45 347
1 153 348
1 141 349
22 33 350
22 76 351
2 60 352
28 158 353
29 43 354
20 23 355
29 177 356
4 76 357
16 30 358
27 46 359
1 71 360
2 71 361
2 49 362
6 20 363
28 129 364
30 31 365
2 156 366
2 125 367
4 22 368
18 45 369
6 16 370
24 49 371
6 51 372
7 38 373
4 43 374
18 30 375
33 161 376
6 76 377
25 46 378
2 134 379
2 3 380
2 90 381
2 68 382
30 171 383
6 43 384
1 172 385
2 179 386
25 154 387
1 5 388
1 164 389
1 68 390
5 29 391
6 23 392
29 175 393
20 28 394
19 76 395
22 39 396
3 51 397
24 45 398
16 75 399
2 147 400
3 43 401
31 75 402
1 49 403
3 154 404
4 7 405
6 28 406
24 167 407
18 179 408
25 51 409
7 154 410
18 154 411
12 24 412
16 24 413
33 61 414
6 77 415
33 171 416
1 44 417
3 75 418
4 51 419
1 50 420
17 38 421
29 179 422
30 133 423
16 159 424
11 45 425
1 66 426
28 52 427
28 40 428
1 138 429
19 30 430
3 46 431
28 45 432
1 90 433
17 39 434
30 56 435
18 43 436
1 167 437
2 69 438
20 22 439
28 33 440
22 154 441
32 33 442
10 27 443
29 78 444
6 35 445
25 75 446
30 138 447
25 177 448
8 27 449
23 30 450
28 105 451
1 63 452
28 30 453
32 179 454
17 29 455
2 138 456
1 118 457
25 38 458
18 32 459
16 47 460
25 39 461
6 9 462
24 78 463
30 136 464
16 77 465
19 51 466
30 97 467
2 139 468
6 27 469
1 21 470
2 4 471
16 25 472
3 175 473
33 138 474
22 46 475
2 77 476
2 35 477
21 51 478
24 157 479
27 34 480
22 32 481
6 161 482
20 32 483
16 18 484
22 45 485
2 26 486
10 78 487
7 20 488
24 51 489
31 45 490
4 175 491
1 26 492
18 39 493
2 65 494
2 167 495
11 46 496
4 38 497
6 25 498
16 42 499
6 38 500
8 18 501
16 43 502
2 158 503
23 29 504
4 24 505
17 24 506
31 33 507
1 9 508
20 31 509
19 78 510
2 9 511
1 3 512
24 32 513
30 62 514
29 42 515
17 51 516
30 36 517
24 154 518
2 21 519
30 40 520
2 141 521
2 67 522
4 20 523
17 76 524
9 29 525
29 31 526
11 38 527
18 159 528
24 95 529
28 32 530
25 42 531
11 41 532
28 153 533
8 159 534
16 51 535
25 159 536
2 79 537
6 45 538
11 43 539
16 38 540
20 42 541
1 125 542
12 39 543
28 138 544
24 47 545
18 29 546
4 78 547
6 78 548
24 35 549
30 167 550
16 177 551
1 35 552
3 37 553
2 13 554
6 61 555
22 27 556
27 36 557
31 41 558
8 23 559
6 158 560
24 106 561
32 42 562
1 13 563
18 22 564
7 42 565
2 118 566
12 78 567
20 34 568
7 51 569
19 33 570
22 31 571
22 28 572
25 43 573
3 29 574
1 127 575
12 175 576
9 22 577
2 63 578
27 43 579
2 10 580
2 110 581
2 181 582
24 26 583
31 39 584
6 32 585
24 37 586
22 43 587
1 123 588
28 143 589
30 139 590
7 18 591
24 158 592
1 70 593
28 171 594
7 75 595
28 127 596
4 37 597
22 159 598
16 45 599
19 46 600
25 28 601
30 156 602
7 45 603
16 31 604
24 39 605
2 50 606
25 78 607
2 172 608
18 28 609
4 39 610
3 30 611
5 30 612
20 179 613
31 154 614
6 75 615
3 45 616
7 157 617
8 158 618
3 171 619
22 38 620
29 46 621
30 66 622
33 40 623
18 46 624
24 143 625
4 12 626
24 118 627
7 158 628
2 155 629
19 29 630
30 77 631
30 71 632
7 12 633
24 38 634
30 123 635
4 41 636
19 22 637
29 47 638
33 129 639
12 43 640
16 167 641
28 61 642
8 37 643
20 25 644
22 41 645
22 42 646
17 43 647
31 47 648
20 158 649
8 51 650
6 12 651
30 34 652
21 28 653
25 41 654
5 78 655
28 31 656
6 37 657
30 153 658
7 22 659
7 30 660
10 24 661
14 27 662
24 34 663
6 49 664
30 172 665
7 171 666
8 77 667
1 79 668
9 24 669
12 33 670
18 78 671
28 36 672
10 25 673
24 98 674
29 157 675
8 154 676
21 30 677
28 146 678
4 27 679
8 43 680
23 32 681
7 61 682
16 171 683
29 39 684
1 10 685
3 41 686
3 39 687
11 175 688
32 154 689
23 171 690
7 78 691
28 141 692
1 104 693
3 33 694
6 39 695
12 45 696
2 137 697
30 141 698
4 42 699
3 11 700
23 43 701
16 32 702
8 61 703
1 139 704
2 109 705
8 171 706
22 75 707
33 77 708
33 140 709
9 25 710
18 38 711
29 38 712
25 45 713
8 33 714
8 19 715
8 161 716
9 171 717
2 14 718
4 23 719
2 105 720
14 78 721
22 51 722
24 63 723
6 157 724
8 28 725
30 140 726
24 31 727
33 52 728
2 15 729
2 84 730
8 78 731
16 19 732
12 22 733
12 46 734
6 66 735
6 159 736
22 34 737
31 37 738
2 103 739
2 150 740
3 4 741
6 63 742
8 47 743
28 53 744
6 65 745
28 128 746
19 41 747
2 70 748
6 31 749
24 41 750
7 25 751
13 76 752
33 34 753
11 51 754
30 87 755
2 178 756
10 45 757
12 31 758
33 167 759
23 161 760
13 27 761
13 78 762
3 78 763
9 42 764
1 15 765
21 22 766
6 138 767
30 161 768
23 154 769
7 46 770
25 157 771
29 158 772
2 169 773
15 29 774
3 42 775
16 21 776
22 47 777
1 111 778
2 5 779
24 128 780
31 46 781
8 25 782
22 23 783
1 126 784
28 98 785
2 123 786
20 157 787
7 19 788
18 175 789
7 76 790
10 51 791
24 138 792
30 53 793
1 69 794
1 174 795
30 164 796
16 35 797
25 34 798
2 184 799
24 172 800
3 24 801
9 39 802
16 46 803
2 174 804
12 36 805
12 51 806
31 175 807
12 47 808
16 44 809
31 159 810
9 154 811
33 35 812
1 113 813
22 179 814
24 46 815
29 61 816
12 154 817
22 158 818
32 157 819
18 36 820
11 39 821
2 66 822
16 39 823
19 21 824
4 46 825
21 41 826
2 126 827
3 20 828
16 179 829
23 175 830
16 37 831
26 27 832
28 140 833
1 11 834
3 22 835
25 175 836
7 23 837
24 65 838
29 171 839
6 10 840
7 39 841
2 104 842
8 157 843
18 75 844
33 65 845
8 177 846
24 44 847
30 86 848
2 81 849
4 47 850
7 179 851
24 171 852
3 179 853
30 49 854
4 77 855
19 43 856
24 66 857
33 127 858
25 171 859
29 37 860
12 29 861
30 147 862
28 34 863
30 137 864
2 11 865
9 27 866
6 18 867
18 33 868
22 25 869
1 65 870
8 29 871
2 83 872
2 111 873
17 18 874
8 76 875
24 134 876
11 37 877
1 170 878
22 138 879
3 177 880
4 177 881
27 37 882
31 177 883
7 159 884
6 167 885
18 37 886
7 31 887
28 65 888
13 24 889
6 47 890
16 161 891
4 8 892
18 47 893
2 108 894
10 76 895
25 179 896
30 105 897
25 32 898
6 46 899
24 127 900
2 86 901
8 46 902
7 37 903
23 78 904
6 179 905
6 36 906
8 32 907
1 103 908
9 75 909
9 61 910
8 31 911
24 76 912
33 66 913
9 41 914
29 36 915
8 42 916
16 49 917
33 55 918
17 22 919
19 37 920
1 86 921
2 119 922
17 47 923
29 49 924
11 75 925
2 92 926
9 76 927
23 63 928
31 36 929
33 141 930
1 60 931
24 40 932
9 78 933
31 38 934
1 147 935
14 33 936
24 144 937
11 47 938
21 78 939
27 177 940
28 172 941
5 7 942
7 167 943
30 60 944
4 31 945
4 29 946
22 36 947
6 141 948
19 75 949
23 177 950
25 31 951
28 49 952
3 36 953
33 49 954
13 25 955
28 161 956
7 177 957
8 49 958
30 68 959
30 48 960
24 42 961
1 119 962
33 134 963
11 154 964
16 41 965
1 105 966
27 175 967
20 171 968
8 45 969
17 78 970
19 39 971
23 34 972
6 170 973
2 74 974
22 37 975
9 43 976
19 28 977
10 43 978
18 27 979
4 158 980
7 41 981
19 175 982
6 134 983
1 4 984
30 125 985
21 33 986
16 36 987
3 8 988
12 42 989
30 79 990
10 12 991
18 42 992
23 37 993
16 134 994
7 47 995
8 167 996
4 17 997
8 38 998
21 45 999
21 76 1000
6 140 1001
4 159 1002
28 84 1003
6 42 1004
28 95 1005
2 116 1006
11 12 1007
31 34 1008
18 20 1009
23 118 1010
21 29 1011
32 159 1012
24 146 1013
12 41 1014
4 33 1015
12 13 1016
1 48 1017
19 25 1018
33 172 1019
11 26 1020
10 46 1021
24 170 1022
25 37 1023
7 17 1024
9 33 1025
17 41 1026
27 159 1027
6 129 1028
27 75 1029
28 90 1030
12 171 1031
2 185 1032
30 134 1033
6 118 1034
7 33 1035
24 52 1036
33 48 1037
13 43 1038
22 61 1039
11 177 1040
3 159 1041
2 163 1042
28 167 1043
6 17 1044
13 22 1045
16 34 1046
2 87 1047
9 18 1048
4 171 1049
6 41 1050
9 20 1051
1 14 1052
22 157 1053
13 39 1054
19 171 1055
9 46 1056
25 40 1057
28 77 1058
4 36 1059
10 41 1060
6 177 1061
5 175 1062
23 61 1063
8 20 1064
24 179 1065
2 130 1066
7 24 1067
13 46 1068
7 36 1069
9 175 1070
17 159 1071
30 44 1072
23 45 1073
25 158 1074
8 41 1075
33 128 1076
23 158 1077
2 124 1078
7 8 1079
28 71 1080
25 138 1081
28 174 1082
16 66 1083
30 90 1084
9 159 1085
2 165 1086
29 140 1087
7 21 1088
30 63 1089
4 154 1090
22 77 1091
17 20 1092
17 46 1093
20 26 1094
29 167 1095
3 158 1096
5 76 1097
24 174 1098
8 75 1099
28 63 1100
22 129 1101
6 44 1102
8 16 1103
16 140 1104
12 158 1105
25 36 1106
22 35 1107
6 7 1108
20 161 1109
24 97 1110
29 134 1111
3 77 1112
30 84 1113
29 77 1114
33 79 1115
4 61 1116
18 157 1117
19 179 1118
1 109 1119
33 62 1120
2 82 1121
6 40 1122
32 158 1123
30 35 1124
33 146 1125
2 53 1126
11 36 1127
33 174 1128
1 137 1129
14 51 1130
19 159 1131
18 25 1132
19 47 1133
8 66 1134
17 175 1135
3 12 1136
9 28 1137
28 118 1138
13 33 1139
1 74 1140
9 45 1141
33 162 1142
30 69 1143
8 134 1144
23 31 1145
33 95 1146
5 43 1147
8 17 1148
17 75 1149
13 45 1150
4 75 1151
28 44 1152
19 154 1153
18 23 1154
1 87 1155
8 36 1156
18 31 1157
24 162 1158
34 43 1159
2 101 1160
18 171 1161
10 38 1162
3 49 1163
2 120 1164
1 96 1165
17 154 1166
20 61 1167
12 159 1168
9 51 1169
23 51 1170
30 67 1171
9 158 1172
13 38 1173
19 20 1174
19 36 1175
16 170 1176
22 106 1177
2 187 1178
7 9 1179
29 172 1180
6 13 1181
5 45 1182
29 141 1183
2 114 1184
24 123 1185
26 45 1186
33 44 1187
8 179 1188
22 49 1189
23 27 1190
1 114 1191
9 177 1192
30 170 1193
11 24 1194
2 151 1195
2 152 1196
30 118 1197
31 158 1198
3 28 1199
16 63 1200
8 39 1201
33 147 1202
23 77 1203
9 19 1204
33 123 1205
8 35 1206
11 17 1207
19 177 1208
28 68 1209
6 162 1210
8 140 1211
3 6 1212
2 48 1213
23 159 1214
28 139 1215
19 45 1216
1 73 1217
1 135 1218
30 174 1219
21 43 1220
28 66 1221
33 153 1222
21 39 1223
24 141 1224
31 42 1225
2 142 1226
25 61 1227
2 170 1228
9 167 1229
30 113 1230
30 103 1231
14 76 1232
26 78 1233
7 29 1234
7 28 1235
12 16 1236
13 29 1237
28 60 1238
21 154 1239
6 34 1240
4 16 1241
10 11 1242
1 181 1243
9 38 1244
12 38 1245
17 28 1246
33 106 1247
2 58 1248
24 55 1249
23 39 1250
30 70 1251
12 75 1252
19 38 1253
24 48 1254
11 22 1255
4 49 1256
6 48 1257
12 26 1258
8 12 1259
13 75 1260
23 48 1261
10 23 1262
2 113 1263
10 154 1264
30 104 1265
21 23 1266
2 89 1267
25 161 1268
16 17 1269
22 134 1270
24 36 1271
10 36 1272
6 79 1273
18 158 1274
21 38 1275
11 159 1276
17 37 1277
22 66 1278
27 154 1279
28 134 1280
33 144 1281
11 27 1282
24 153 1283
8 138 1284
33 137 1285
7 77 1286
9 118 1287
26 175 1288
20 140 1289
19 42 1290
1 169 1291
2 149 1292
13 154 1293
12 15 1294
33 98 1295
33 71 1296
1 155 1297
23 47 1298
29 44 1299
4 21 1300
23 134 1301
8 9 1302
10 29 1303
21 46 1304
18 161 1305
5 39 1306
4 9 1307
20 21 1308
23 49 1309
29 63 1310
31 179 1311
8 63 1312
9 37 1313
28 164 1314
3 47 1315
15 76 1316
15 78 1317
21 175 1318
29 34 1319
10 39 1320
20 52 1321
11 158 1322
23 42 1323
23 157 1324
18 55 1325
7 10 1326
27 171 1327
34 45 1328
31 171 1329
25 48 1330
13 41 1331
19 23 1332
27 42 1333
2 148 1334
6 172 1335
1 92 1336
22 141 1337
9 157 1338
34 37 1339
8 26 1340
33 118 1341
3 7 1342
33 87 1343
5 51 1344
30 116 1345
23 46 1346
5 154 1347
1 163 1348
13 51 1349
6 11 1350
15 45 1351
24 133 1352
23 38 1353
26 76 1354
33 86 1355
28 144 1356
28 67 1357
18 19 1358
33 68 1359
23 179 1360
9 179 1361
12 27 1362
24 122 1363
5 24 1364
11 171 1365
33 170 1366
30 114 1367
3 161 1368
23 75 1369
24 56 1370
20 174 1371
27 158 1372
21 177 1373
21 24 1374
22 44 1375
28 48 1376
25 77 1377
4 167 1378
21 37 1379
30 151 1380
32 61 1381
32 161 1382
5 20 1383
29 128 1384
2 100 1385
14 38 1386
2 180 1387
24 50 1388
3 9 1389
10 13 1390
27 179 1391
3 140 1392
5 16 1393
9 47 1394
9 77 1395
1 149 1396
30 65 1397
8 172 1398
17 25 1399
29 138 1400
23 65 1401
31 161 1402
4 179 1403
10 47 1404
3 167 1405
24 136 1406
22 146 1407
22 140 1408
13 47 1409
34 51 1410
1 120 1411
5 171 1412
23 76 1413
9 36 1414
24 105 1415
29 40 1416
5 177 1417
7 49 1418
28 35 1419
32 34 1420
21 75 1421
1 81 1422
2 93 1423
12 177 1424
16 138 1425
5 18 1426
8 44 1427
20 77 1428
26 29 1429
29 48 1430
6 128 1431
1 110 1432
16 172 1433
15 39 1434
24 156 1435
33 90 1436
29 106 1437
34 49 1438
21 31 1439
9 31 1440
14 45 1441
14 46 1442
17 177 1443
29 129 1444
1 82 1445
22 161 1446
32 171 1447
4 28 1448
7 26 1449
18 146 1450
5 8 1451
33 63 1452
5 12 1453
16 65 1454
1 184 1455
1 178 1456
13 175 1457
1 150 1458
12 30 1459
30 50 1460
9 140 1461
20 167 1462
28 156 1463
1 53 1464
21 47 1465
12 37 1466
34 41 1467
8 10 1468
34 39 1469
15 19 1470
5 159 1471
28 56 1472
25 167 1473
25 129 1474
1 84 1475
9 16 1476
32 63 1477
17 36 1478
3 18 1479
14 41 1480
1 93 1481
26 39 1482
33 156 1483
23 140 1484
33 139 1485
16 40 1486
20 49 1487
31 138 1488
2 160 1489
3 134 1490
2 73 1491
34 75 1492
1 101 1493
1 151 1494
26 41 1495
1 173 1496
23 35 1497
3 16 1498
6 146 1499
16 129 1500
28 50 1501
5 41 1502
9 66 1503
1 124 1504
2 99 1505
23 41 1506
2 121 1507
25 55 1508
13 42 1509
31 127 1510
15 22 1511
17 19 1512
3 61 1513
15 46 1514
17 26 1515
27 157 1516
32 134 1517
20 65 1518
29 161 1519
14 39 1520
1 102 1521
24 69 1522
32 77 1523
15 24 1524
32 140 1525
8 40 1526
23 40 1527
34 77 1528
33 136 1529
22 167 1530
24 87 1531
6 14 1532
1 72 1533
1 131 1534
2 96 1535
2 135 1536
22 48 1537
34 78 1538
33 60 1539
5 38 1540
7 170 1541
3 35 1542
4 63 1543
22 143 1544
6 50 1545
34 42 1546
19 31 1547
25 134 1548
13 26 1549
17 34 1550
8 65 1551
31 32 1552
30 130 1553
34 38 1554
7 134 1555
33 67 1556
9 12 1557
12 23 1558
16 141 1559
20 40 1560
23 138 1561
29 52 1562
23 36 1563
33 97 1564
1 108 1565
32 49 1566
24 86 1567
31 157 1568
1 112 1569
5 36 1570
19 158 1571
12 179 1572
22 55 1573
1 142 1574
29 66 1575
6 174 1576
3 138 1577
33 74 1578
7 16 1579
10 175 1580
3 5 1581
18 61 1582
22 26 1583
7 66 1584
4 134 1585
12 17 1586
31 55 1587
33 133 1588
6 95 1589
15 38 1590
8 118 1591
26 51 1592
34 61 1593
18 52 1594
28 79 1595
28 136 1596
9 49 1597
14 26 1598
26 37 1599
1 115 1600
10 159 1601
31 61 1602
1 117 1603
20 134 1604
19 134 1605
22 40 1606
8 48 1607
34 76 1608
10 37 1609
18 138 1610
4 11 1611
8 21 1612
18 40 1613
9 161 1614
22 156 1615
25 65 1616
4 5 1617
6 21 1618
6 90 1619
7 15 1620
30 73 1621
1 152 1622
14 17 1623
6 26 1624
13 17 1625
12 77 1626
34 36 1627
33 56 1628
8 34 1629
1 91 1630
7 13 1631
9 134 1632
1 85 1633
19 61 1634
26 43 1635
10 42 1636
23 66 1637
1 180 1638
4 48 1639
22 127 1640
28 70 1641
30 135 1642
33 164 1643
20 118 1644
26 177 1645
13 159 1646
26 46 1647
30 96 1648
2 57 1649
21 171 1650
30 74 1651
13 36 1652
29 35 1653
19 157 1654
24 70 1655
9 21 1656
3 157 1657
34 46 1658
1 57 1659
23 167 1660
30 111 1661
3 48 1662
5 6 1663
26 28 1664
29 95 1665
4 40 1666
21 36 1667
22 162 1668
3 13 1669
17 42 1670
1 116 1671
2 183 1672
12 157 1673
20 48 1674
18 21 1675
5 47 1676
22 133 1677
28 74 1678
10 22 1679
12 34 1680
20 63 1681
20 127 1682
8 141 1683
18 134 1684
24 137 1685
1 58 1686
3 23 1687
5 46 1688
9 44 1689
26 36 1690
4 66 1691
21 179 1692
1 182 1693
16 144 1694
22 144 1695
32 65 1696
4 44 1697
4 118 1698
4 35 1699
3 63 1700
29 170 1701
6 106 1702
24 125 1703
34 66 1704
24 147 1705
15 43 1706
25 86 1707
33 50 1708
1 64 1709
1 165 1710
20 35 1711
26 38 1712
29 143 1713
5 179 1714
5 27 1715
18 167 1716
3 31 1717
22 62 1718
22 63 1719
32 167 1720
8 95 1721
3 14 1722
16 106 1723
21 159 1724
22 65 1725
20 162 1726
3 40 1727
32 138 1728
22 52 1729
10 17 1730
21 25 1731
25 52 1732
20 79 1733
33 105 1734
9 23 1735
12 14 1736
17 171 1737
24 84 1738
4 32 1739
10 171 1740
30 57 1741
29 60 1742
23 44 1743
17 179 1744
24 79 1745
33 69 1746
5 75 1747
9 35 1748
8 15 1749
13 37 1750
2 115 1751
12 25 1752
18 147 1753
20 138 1754
29 55 1755
33 70 1756
3 15 1757
25 53 1758
27 146 1759
34 47 1760
14 154 1761
31 79 1762
29 162 1763
24 62 1764
11 77 1765
24 53 1766
15 47 1767
3 174 1768
8 13 1769
16 90 1770
1 88 1771
23 170 1772
26 75 1773
31 172 1774
1 89 1775
14 47 1776
14 159 1777
16 48 1778
14 177 1779
10 177 1780
15 41 1781
24 60 1782
12 140 1783
31 167 1784
2 117 1785
25 141 1786
29 174 1787
28 170 1788
16 143 1789
19 77 1790
24 71 1791
33 116 1792
10 14 1793
11 179 1794
15 51 1795
1 185 1796
31 52 1797
31 137 1798
19 34 1799
16 128 1800
25 49 1801
25 170 1802
14 43 1803
17 23 1804
14 22 1805
10 26 1806
22 174 1807
26 47 1808
2 102 1809
15 26 1810
2 91 1811
12 161 1812
14 175 1813
31 134 1814
17 134 1815
22 118 1816
25 62 1817
25 140 1818
11 13 1819
28 69 1820
15 36 1821
18 174 1822
8 170 1823
4 34 1824
25 66 1825
9 63 1826
21 42 1827
13 177 1828
30 99 1829
2 173 1830
24 67 1831
3 10 1832
7 11 1833
14 75 1834
17 157 1835
24 164 1836
21 147 1837
29 56 1838
27 167 1839
6 67 1840
1 99 1841
25 79 1842
5 22 1843
20 141 1844
24 90 1845
25 118 1846
1 83 1847
3 44 1848
6 68 1849
16 79 1850
22 97 1851
6 62 1852
20 172 1853
29 133 1854
34 35 1855
7 172 1856
19 161 1857
21 34 1858
14 36 1859
13 77 1860
18 35 1861
26 154 1862
29 156 1863
2 131 1864
2 88 1865
30 142 1866
1 166 1867
6 52 1868
34 118 1869
13 179 1870
34 44 1871
22 172 1872
25 35 1873
1 168 1874
18 141 1875
9 170 1876
22 68 1877
30 131 1878
1 183 1879
5 157 1880
6 15 1881
20 44 1882
4 79 1883
29 118 1884
3 118 1885
5 28 1886
6 122 1887
5 37 1888
29 79 1889
24 68 1890
11 15 1891
11 140 1892
13 19 1893
23 26 1894
25 172 1895
10 158 1896
29 127 1897
34 48 1898
34 63 1899
32 86 1900
5 158 1901
19 138 1902
31 129 1903
13 23 1904
29 65 1905
2 72 1906
18 140 1907
10 179 1908
18 49 1909
4 65 1910
3 172 1911
4 15 1912
23 172 1913
18 77 1914
7 14 1915
26 179 1916
1 80 1917
7 63 1918
29 90 1919
21 158 1920
16 70 1921
25 153 1922
31 141 1923
1 94 1924
16 174 1925
7 140 1926
8 14 1927
31 62 1928
6 81 1929
18 118 1930
19 35 1931
13 15 1932
26 171 1933
32 35 1934
1 145 1935
3 141 1936
13 171 1937
33 57 1938
2 145 1939
26 63 1940
27 134 1941
13 18 1942
2 107 1943
23 174 1944
29 71 1945
29 69 1946
4 26 1947
29 139 1948
8 11 1949
15 154 1950
25 143 1951
9 34 1952
2 80 1953
33 125 1954
22 164 1955
32 174 1956
31 49 1957
31 53 1958
30 115 1959
4 172 1960
16 97 1961
28 148 1962
11 134 1963
2 168 1964
30 91 1965
34 40 1966
7 138 1967
22 79 1968
15 37 1969
29 153 1970
2 64 1971
8 122 1972
14 179 1973
25 162 1974
2 166 1975
10 77 1976
24 139 1977
1 187 1978
20 71 1979
6 127 1980
20 62 1981
23 79 1982
19 44 1983
18 62 1984
19 174 1985
6 71 1986
6 70 1987
28 125 1988
31 35 1989
1 121 1990
4 138 1991
7 48 1992
30 83 1993
15 175 1994
25 123 1995
30 82 1996
4 170 1997
29 136 1998
11 44 1999
22 90 2000
19 40 2001
29 164 2002
32 129 2003
11 35 2004
18 172 2005
19 65 2006
16 133 2007
17 158 2008
20 60 2009
26 42 2010
7 79 2011
31 146 2012
14 128 2013
18 143 2014
6 164 2015
8 146 2016
11 101 2017
29 98 2018
28 73 2019
30 145 2020
5 77 2021
30 64 2022
18 79 2023
24 58 2024
31 140 2025
7 35 2026
19 63 2027
3 79 2028
5 42 2029
25 147 2030
24 116 2031
3 60 2032
25 128 2033
25 44 2034
19 167 2035
23 129 2036
25 106 2037
21 157 2038
18 98 2039
7 44 2040
14 24 2041
23 50 2042
24 148 2043
9 40 2044
26 159 2045
24 104 2046
33 145 2047
16 127 2048
20 66 2049
22 60 2050
1 100 2051
14 37 2052
29 97 2053
30 117 2054
13 158 2055
22 136 2056
1 160 2057
22 170 2058
22 69 2059
16 162 2060
7 161 2061
16 69 2062
9 17 2063
4 174 2064
19 49 2065
6 69 2066
16 136 2067
27 77 2068
6 136 2069
14 42 2070
22 67 2071
8 174 2072
29 67 2073
29 105 2074
4 52 2075
3 66 2076
12 134 2077
32 48 2078
31 174 2079
11 143 2080
31 40 2081
31 48 2082
5 33 2083
16 55 2084
32 44 2085
30 102 2086
9 48 2087
9 156 2088
10 16 2089
2 85 2090
16 50 2091
23 90 2092
24 112 2093
18 65 2094
18 162 2095
5 134 2096
11 157 2097
30 92 2098
10 49 2099
25 63 2100
31 162 2101
5 161 2102
19 129 2103
17 44 2104
5 11 2105
10 157 2106
21 167 2107
23 95 2108
24 93 2109
3 26 2110
18 44 2111
29 123 2112
23 106 2113
31 66 2114
14 134 2115
5 23 2116
30 72 2117
17 167 2118
20 67 2119
14 157 2120
8 156 2121
3 65 2122
8 79 2123
16 62 2124
19 140 2125
30 155 2126
31 65 2127
13 157 2128
20 164 2129
5 61 2130
12 167 2131
27 138 2132
32 118 2133
8 143 2134
26 33 2135
18 60 2136
26 40 2137
9 174 2138
11 167 2139
5 13 2140
29 50 2141
9 141 2142
25 70 2143
25 68 2144
32 79 2145
25 84 2146
26 158 2147
9 11 2148
8 50 2149
31 44 2150
34 65 2151
4 141 2152
22 56 2153
25 139 2154
9 13 2155
25 60 2156
13 16 2157
6 98 2158
8 133 2159
19 48 2160
13 34 2161
18 63 2162
25 174 2163
20 70 2164
10 61 2165
6 60 2166
16 68 2167
5 138 2168
5 140 2169
3 129 2170
30 88 2171
32 136 2172
15 75 2173
17 63 2174
25 71 2175
16 126 2176
17 140 2177
25 90 2178
29 68 2179
33 119 2180
14 171 2181
34 79 2182
2 94 2183
5 40 2184
19 141 2185
25 50 2186
26 157 2187
4 143 2188
4 50 2189
8 90 2190
24 89 2191
8 144 2192
16 67 2193
29 53 2194
9 129 2195
5 9 2196
27 161 2197
10 15 2198
10 48 2199
11 137 2200
1 107 2201
6 97 2202
18 71 2203
10 19 2204
4 56 2205
25 56 2206
24 91 2207
18 48 2208
4 128 2209
22 139 2210
23 60 2211
26 49 2212
22 50 2213
12 143 2214
5 49 2215
19 79 2216
31 133 2217
29 146 2218
31 77 2219
22 70 2220
5 35 2221
17 161 2222
19 60 2223
29 147 2224
4 69 2225
24 163 2226
21 61 2227
22 71 2228
21 134 2229
7 40 2230
4 55 2231
15 23 2232
12 139 2233
16 164 2234
6 125 2235
7 118 2236
26 161 2237
19 128 2238
10 140 2239
31 156 2240
5 65 2241
29 86 2242
22 125 2243
34 60 2244
5 174 2245
8 98 2246
9 26 2247
19 118 2248
11 144 2249
18 136 2250
25 164 2251
13 161 2252
17 61 2253
22 147 2254
10 134 2255
15 42 2256
3 69 2257
20 170 2258
15 159 2259
21 77 2260
31 118 2261
4 144 2262
13 61 2263
29 62 2264
18 50 2265
30 166 2266
3 170 2267
27 61 2268
10 143 2269
16 114 2270
29 125 2271
9 15 2272
17 49 2273
30 85 2274
8 52 2275
34 95 2276
9 133 2277
6 56 2278
32 50 2279
17 77 2280
24 73 2281
27 49 2282
24 145 2283
27 140 2284
17 35 2285
16 56 2286
18 68 2287
19 87 2288
21 161 2289
23 67 2290
4 62 2291
5 34 2292
16 102 2293
10 65 2294
15 17 2295
6 139 2296
15 177 2297
25 69 2298
24 131 2299
3 71 2300
12 170 2301
3 62 2302
7 174 2303
21 48 2304
16 125 2305
30 80 2306
10 63 2307
21 138 2308
29 113 2309
4 60 2310
4 129 2311
7 52 2312
11 162 2313
13 14 2314
25 67 2315
32 170 2316
24 114 2317
13 65 2318
30 168 2319
29 70 2320
29 99 2321
28 72 2322
10 34 2323
17 68 2324
10 35 2325
16 139 2326
8 62 2327
17 118 2328
16 71 2329
7 95 2330
18 69 2331
16 80 2332
7 122 2333
7 162 2334
34 62 2335
15 158 2336
34 50 2337
24 169 2338
13 134 2339
16 168 2340
25 136 2341
16 107 2342
18 66 2343
5 128 2344
24 99 2345
5 44 2346
21 44 2347
32 69 2348
9 10 2349
16 135 2350
23 55 2351
19 50 2352
20 151 2353
34 90 2354
5 15 2355
12 87 2356
11 181 2357
18 144 2358
18 90 2359
21 174 2360
32 172 2361
9 95 2362
5 63 2363
22 123 2364
29 137 2365
4 137 2366
8 127 2367
26 134 2368
23 162 2369
4 125 2370
7 62 2371
14 106 2372
9 62 2373
33 168 2374
13 63 2375
10 170 2376
34 106 2377
3 156 2378
3 133 2379
14 138 2380
5 79 2381
19 139 2382
23 62 2383
21 140 2384
19 68 2385
4 95 2386
11 85 2387
31 97 2388
11 86 2389
4 136 2390
20 125 2391
16 73 2392
34 69 2393
11 119 2394
24 102 2395
12 91 2396
11 131 2397
32 60 2398
24 160 2399
34 71 2400
16 94 2401
22 153 2402
4 71 2403
21 49 2404
34 125 2405
13 44 2406
12 53 2407
5 167 2408
22 137 2409
4 130 2410
24 57 2411
26 65 2412
4 80 2413
9 50 2414
19 69 2415
29 84 2416
23 70 2417
26 98 2418
28 64 2419
8 131 2420
22 53 2421
32 90 2422
34 128 2423
14 129 2424
19 71 2425
12 116 2426
24 168 2427
12 162 2428
17 65 2429
19 90 2430
4 88 2431
16 64 2432
14 63 2433
17 48 2434
23 71 2435
7 69 2436
7 98 2437
6 185 2438
18 164 2439
12 66 2440
15 179 2441
29 93 2442
16 103 2443
26 61 2444
26 138 2445
15 34 2446
16 130 2447
4 146 2448
13 68 2449
4 70 2450
17 141 2451
11 156 2452
22 105 2453
18 70 2454
21 63 2455
24 96 2456
34 67 2457
22 84 2458
9 131 2459
9 144 2460
24 183 2461
14 147 2462
4 139 2463
18 67 2464
7 60 2465
10 66 2466
8 139 2467
11 94 2468
19 164 2469
13 69 2470
4 86 2471
34 70 2472
21 79 2473
11 106 2474
4 90 2475
27 70 2476
26 118 2477
3 70 2478
11 16 2479
14 68 2480
31 60 2481
10 162 2482
16 115 2483
16 98 2484
27 35 2485
16 89 2486
5 48 2487
21 66 2488
7 50 2489
12 86 2490
12 133 2491
10 167 2492
23 164 2493
27 156 2494
10 18 2495
24 64 2496
27 40 2497
7 127 2498
8 181 2499
17 156 2500
11 14 2501
15 157 2502
14 95 2503
26 50 2504
31 170 2505
25 74 2506
26 167 2507
13 35 2508
10 138 2509
8 164 2510
11 133 2511
7 156 2512
9 127 2513
7 71 2514
31 50 2515
3 123 2516
23 144 2517
24 72 2518
10 144 2519
19 162 2520
22 163 2521
7 115 2522
19 67 2523
21 60 2524
21 71 2525
6 87 2526
21 40 2527
24 88 2528
23 123 2529
34 68 2530
24 135 2531
7 136 2532
8 180 2533
14 174 2534
10 136 2535
34 56 2536
9 125 2537
3 56 2538
19 172 2539
3 90 2540
3 67 2541
12 147 2542
9 148 2543
18 139 2544
9 91 2545
9 119 2546
17 69 2547
20 109 2548
17 70 2549
9 136 2550
3 93 2551
9 85 2552
10 70 2553
22 74 2554
8 148 2555
9 14 2556
9 98 2557
12 97 2558
17 60 2559
29 72 2560
11 170 2561
13 164 2562
29 115 2563
23 69 2564
14 98 2565
29 85 2566
21 65 2567
19 56 2568
31 69 2569
12 156 2570
29 148 2571
10 164 2572
16 155 2573
23 68 2574
23 111 2575
26 106 2576
29 64 2577
5 143 2578
27 60 2579
12 88 2580
26 48 2581
26 172 2582
27 44 2583
4 68 2584
19 66 2585
9 94 2586
7 90 2587
9 139 2588
14 172 2589
29 145 2590
34 97 2591
31 124 2592
16 96 2593
14 74 2594
12 117 2595
16 183 2596
29 102 2597
24 173 2598
4 153 2599
8 99 2600
8 103 2601
29 173 2602
22 148 2603
8 93 2604
14 144 2605
5 170 2606
9 97 2607
15 61 2608
21 70 2609
9 57 2610
33 142 2611
12 148 2612
8 137 2613
12 99 2614
3 99 2615
14 61 2616
13 90 2617
7 101 2618
8 117 2619
8 119 2620
4 82 2621
26 144 2622
9 117 2623
16 153 2624
13 172 2625
3 68 2626
6 135 2627
9 164 2628
21 139 2629
3 87 2630
23 56 2631
31 164 2632
3 125 2633
23 72 2634
34 127 2635
13 167 2636
10 183 2637
16 93 2638
29 57 2639
10 156 2640
34 98 2641
10 133 2642
6 137 2643
34 55 2644
3 126 2645
4 84 2646
5 118 2647
23 87 2648
29 178 2649
7 65 2650
7 116 2651
8 91 2652
7 130 2653
31 63 2654
8 105 2655
16 165 2656
16 147 2657
7 113 2658
12 93 2659
14 48 2660
7 34 2661
5 130 2662
16 123 2663
4 99 2664
29 142 2665
31 67 2666
3 57 2667
29 166 2668
8 57 2669
31 136 2670
10 106 2671
23 97 2672
9 151 2673
25 166 2674
16 100 2675
18 170 2676
16 105 2677
19 170 2678
27 93 2679
19 125 2680
5 162 2681
8 70 2682
9 123 2683
26 119 2684
10 107 2685
9 108 2686
9 152 2687
21 69 2688
7 125 2689
11 122 2690
7 173 2691
8 84 2692
9 122 2693
8 101 2694
9 84 2695
14 116 2696
25 125 2697
6 57 2698
12 184 2699
24 80 2700
7 67 2701
26 131 2702
29 91 2703
13 148 2704
14 67 2705
8 108 2706
31 125 2707
8 173 2708
8 85 2709
16 86 2710
5 144 2711
23 153 2712
13 117 2713
4 67 2714
7 146 2715
23 139 2716
5 125 2717
34 123 2718
16 116 2719
13 91 2720
34 74 2721
8 151 2722
18 125 2723
3 187 2724
13 66 2725
23 125 2726
31 90 2727
10 117 2728
15 48 2729
11 187 2730
6 173 2731
9 116 2732
11 89 2733
21 150 2734
21 118 2735
8 153 2736
15 128 2737
34 114 2738
34 126 2739
15 16 2740
5 10 2741
23 136 2742
34 122 2743
26 95 2744
17 170 2745
29 131 2746
31 56 2747
14 44 2748
12 21 2749
10 131 2750
7 139 2751
19 70 2752
22 166 2753
23 145 2754
10 67 2755
26 156 2756
7 149 2757
17 90 2758
10 168 2759
24 166 2760
5 50 2761
34 86 2762
9 68 2763
5 31 2764
3 144 2765
34 64 2766
10 99 2767
15 101 2768
25 92 2769
17 66 2770
12 122 2771
7 164 2772
14 118 2773
25 183 2774
9 169 2775
8 94 2776
11 100 2777
23 53 2778
29 88 2779
12 146 2780
27 174 2781
10 122 2782
9 86 2783
34 105 2784
8 107 2785
8 124 2786
34 113 2787
7 152 2788
15 183 2789
5 66 2790
7 56 2791
15 167 2792
15 138 2793
15 141 2794
26 66 2795
22 115 2796
12 141 2797
34 104 2798
34 111 2799
34 58 2800
14 34 2801
10 126 2802
34 110 2803
34 80 2804
26 141 2805
15 146 2806
34 99 2807
26 34 2808
8 135 2809
9 163 2810
13 122 2811
22 102 2812
15 129 2813
25 81 2814
12 124 2815
15 106 2816
34 103 2817
22 145 2818
15 66 2819
21 115 2820
16 84 2821
15 107 2822
34 115 2823
14 15 2824
17 173 2825
34 87 2826
24 107 2827
13 87 2828
34 116 2829
9 53 2830
34 96 2831
16 145 2832
17 166 2833
34 102 2834
6 145 2835
15 186 2836
34 88 2837
26 178 2838
15 172 2839
15 170 2840
34 53 2841
10 94 2842
22 168 2843
9 109 2844
34 85 2845
15 119 2846
34 119 2847
15 74 2848
26 80 2849
15 168 2850
34 117 2851
34 124 2852
15 156 2853
15 95 2854
34 72 2855
34 94 2856
15 97 2857
34 73 2858
13 108 2859
15 133 2860
15 148 2861
15 122 2862
15 99 2863
34 93 2864
9 182 2865
10 178 2866
10 187 2867
15 100 2868
