1 2 1
1 30 2
1 8 3
2 30 4
1 24 5
2 24 6
29 30 7
2 8 8
1 29 9
8 30 10
24 30 11
2 29 12
24 29 13
1 6 14
28 29 15
28 30 16
25 30 17
2 6 18
25 29 19
1 9 20
8 29 21
1 4 22
1 25 23
2 9 24
22 30 25
16 30 26
22 29 27
6 30 28
1 22 29
25 28 30
8 24 31
1 3 32
30 31 33
4 30 34
1 7 35
16 29 36
1 20 37
2 25 38
18 30 39
29 31 40
6 8 41
1 16 42
20 30 43
2 7 44
18 29 45
24 28 46
2 3 47
2 4 48
20 29 49
24 25 50
1 28 51
30 33 52
9 30 53
1 23 54
2 16 55
2 22 56
6 29 57
4 29 58
23 30 59
22 24 60
2 20 61
6 24 62
1 18 63
28 31 64
22 28 65
29 33 66
16 24 67
1 31 68
2 23 69
8 25 70
2 28 71
16 28 72
7 30 73
8 28 74
18 28 75
22 25 76
4 24 77
20 24 78
23 29 79
28 33 80
9 24 81
20 28 82
23 24 83
1 19 84
19 30 85
1 12 86
19 29 87
1 11 88
8 20 89
16 25 90
3 30 91
2 18 92
25 31 93
20 25 94
2 19 95
7 8 96
18 24 97
8 22 98
3 29 99
18 25 100
7 29 101
2 12 102
24 33 103
6 9 104
18 31 105
29 32 106
3 24 107
8 33 108
2 11 109
19 24 110
30 32 111
8 31 112
9 29 113
18 22 114
25 33 115
16 18 116
22 31 117
6 25 118
20 31 119
1 21 120
16 22 121
16 33 122
16 20 123
24 31 124
19 25 125
21 30 126
1 33 127
20 22 128
7 24 129
16 31 130
8 18 131
1 27 132
4 20 133
18 20 134
31 33 135
23 28 136
2 21 137
6 28 138
6 20 139
6 16 140
1 161 141
4 6 142
2 33 143
6 7 144
8 9 145
8 16 146
3 8 147
3 6 148
19 28 149
23 25 150
27 30 151
2 27 152
30 34 153
19 20 154
28 32 155
29 43 156
1 32 157
27 29 158
24 32 159
18 33 160
20 33 161
24 34 162
1 13 163
22 33 164
2 31 165
2 32 166
1 10 167
1 76 168
4 16 169
6 22 170
18 19 171
1 5 172
4 31 173
16 23 174
31 32 175
2 13 176
1 17 177
2 5 178
9 22 179
22 23 180
6 18 181
7 20 182
20 23 183
29 76 184
24 27 185
19 33 186
1 75 187
8 27 188
29 34 189
7 25 190
9 33 191
18 32 192
2 17 193
2 34 194
19 22 195
21 29 196
6 31 197
23 31 198
7 31 199
2 10 200
5 29 201
5 30 202
7 28 203
19 31 204
25 32 205
6 23 206
21 24 207
2 76 208
9 16 209
20 32 210
27 76 211
12 24 212
4 28 213
17 29 214
8 23 215
29 45 216
6 19 217
1 34 218
28 43 219
31 45 220
2 43 221
1 45 222
6 33 223
20 43 224
21 31 225
2 51 226
7 16 227
13 29 228
9 25 229
16 19 230
1 26 231
3 20 232
32 33 233
2 41 234
1 47 235
4 22 236
18 23 237
16 32 238
2 177 239
7 22 240
18 76 241
2 78 242
7 18 243
26 29 244
1 154 245
22 32 246
27 45 247
1 157 248
3 4 249
23 33 250
2 75 251
3 16 252
20 21 253
4 33 254
29 47 255
12 29 256
28 177 257
20 45 258
10 29 259
17 24 260
29 51 261
1 42 262
3 11 263
5 7 264
5 27 265
22 27 266
31 43 267
3 7 268
3 5 269
2 26 270
7 9 271
7 27 272
2 159 273
11 22 274
29 42 275
28 51 276
3 28 277
1 43 278
1 159 279
29 41 280
5 20 281
28 75 282
2 38 283
29 177 284
20 76 285
7 23 286
7 33 287
30 78 288
22 45 289
18 45 290
1 179 291
27 33 292
29 38 293
30 76 294
6 32 295
13 24 296
2 161 297
25 34 298
1 175 299
3 22 300
6 27 301
1 36 302
18 43 303
18 75 304
3 31 305
30 43 306
5 24 307
30 46 308
2 46 309
24 26 310
6 13 311
20 177 312
27 38 313
2 106 314
5 16 315
30 47 316
20 46 317
30 51 318
33 34 319
5 31 320
1 177 321
30 37 322
1 37 323
29 179 324
27 41 325
5 6 326
30 159 327
20 75 328
23 32 329
28 46 330
2 39 331
2 175 332
30 39 333
4 8 334
28 39 335
21 28 336
29 157 337
2 133 338
21 22 339
30 42 340
30 154 341
19 23 342
30 75 343
30 45 344
1 44 345
2 179 346
3 13 347
31 76 348
16 34 349
1 146 350
2 47 351
8 11 352
20 42 353
20 37 354
24 43 355
29 159 356
6 11 357
20 51 358
2 171 359
1 95 360
3 23 361
30 179 362
4 23 363
2 15 364
1 46 365
1 39 366
2 37 367
5 33 368
1 41 369
19 21 370
20 161 371
27 46 372
18 41 373
30 158 374
24 78 375
2 98 376
2 42 377
30 175 378
18 37 379
28 45 380
1 15 381
2 157 382
9 20 383
29 46 384
6 46 385
24 161 386
13 16 387
29 36 388
20 39 389
18 154 390
21 25 391
31 34 392
1 38 393
27 43 394
29 78 395
18 177 396
12 30 397
30 177 398
28 154 399
30 38 400
30 41 401
31 75 402
28 76 403
18 179 404
5 18 405
22 41 406
2 128 407
8 32 408
30 161 409
2 140 410
27 51 411
31 41 412
30 61 413
33 43 414
1 106 415
2 45 416
6 10 417
8 13 418
16 157 419
1 140 420
2 146 421
9 28 422
30 157 423
8 19 424
27 39 425
4 7 426
24 63 427
22 177 428
28 179 429
29 134 430
18 36 431
2 63 432
1 49 433
25 76 434
33 41 435
1 158 436
30 63 437
1 128 438
28 161 439
30 167 440
8 179 441
31 42 442
23 34 443
20 26 444
24 42 445
2 134 446
13 22 447
16 21 448
6 75 449
28 159 450
29 75 451
2 65 452
7 154 453
7 19 454
24 157 455
22 34 456
11 13 457
2 44 458
1 78 459
5 11 460
25 38 461
29 63 462
2 49 463
11 12 464
16 43 465
27 47 466
2 36 467
18 38 468
29 49 469
27 36 470
2 40 471
24 45 472
5 8 473
9 31 474
7 75 475
24 177 476
2 127 477
8 26 478
24 167 479
33 46 480
18 47 481
20 78 482
2 52 483
2 156 484
31 37 485
3 18 486
10 11 487
24 158 488
29 161 489
28 34 490
22 75 491
24 41 492
18 21 493
8 10 494
29 154 495
1 51 496
24 47 497
2 118 498
29 175 499
27 154 500
30 49 501
33 75 502
7 43 503
13 27 504
20 175 505
1 35 506
20 154 507
3 26 508
2 158 509
2 95 510
1 171 511
30 134 512
30 146 513
7 78 514
30 36 515
29 39 516
6 39 517
11 24 518
20 41 519
7 38 520
32 46 521
20 36 522
12 16 523
20 159 524
6 49 525
6 41 526
24 37 527
6 45 528
22 46 529
24 75 530
28 38 531
18 27 532
7 11 533
7 177 534
20 34 535
22 157 536
18 161 537
24 76 538
4 32 539
2 77 540
18 51 541
22 42 542
4 21 543
9 19 544
18 78 545
29 66 546
29 138 547
6 177 548
29 37 549
5 13 550
11 17 551
28 42 552
1 134 553
13 33 554
30 77 555
24 39 556
4 27 557
18 42 558
30 138 559
24 61 560
2 154 561
3 9 562
32 75 563
30 171 564
28 49 565
28 157 566
6 21 567
13 25 568
1 162 569
28 41 570
20 38 571
6 154 572
8 21 573
2 174 574
33 76 575
24 154 576
31 177 577
10 24 578
18 159 579
6 37 580
6 76 581
2 137 582
22 78 583
2 97 584
3 33 585
29 167 586
3 154 587
27 42 588
33 157 589
2 129 590
2 138 591
2 167 592
17 25 593
22 154 594
29 158 595
6 42 596
29 44 597
32 42 598
2 143 599
3 46 600
5 28 601
20 179 602
1 52 603
26 28 604
30 44 605
30 66 606
16 76 607
25 41 608
6 43 609
22 43 610
24 77 611
24 51 612
24 134 613
2 90 614
6 159 615
29 140 616
27 78 617
31 66 618
5 10 619
25 47 620
26 27 621
1 90 622
30 140 623
2 68 624
5 12 625
11 26 626
21 33 627
2 122 628
6 171 629
32 41 630
2 116 631
22 26 632
6 51 633
33 78 634
2 61 635
2 136 636
27 75 637
27 177 638
10 13 639
32 177 640
7 13 641
9 23 642
22 38 643
6 157 644
33 39 645
1 65 646
6 161 647
7 158 648
22 179 649
3 12 650
8 75 651
10 27 652
11 16 653
22 76 654
18 39 655
2 86 656
6 179 657
28 47 658
2 56 659
2 105 660
9 18 661
33 45 662
1 125 663
1 61 664
6 26 665
18 157 666
30 128 667
18 175 668
1 167 669
27 175 670
31 161 671
1 77 672
28 37 673
32 76 674
32 154 675
14 27 676
30 35 677
6 158 678
7 157 679
2 55 680
2 84 681
2 99 682
22 37 683
23 26 684
28 44 685
33 177 686
7 45 687
33 51 688
9 11 689
25 46 690
2 93 691
32 47 692
32 43 693
15 29 694
20 47 695
16 154 696
29 77 697
3 75 698
10 16 699
10 17 700
2 123 701
7 10 702
13 38 703
22 159 704
6 38 705
24 179 706
7 26 707
32 78 708
3 43 709
21 23 710
6 36 711
12 13 712
3 41 713
17 28 714
16 61 715
20 77 716
2 66 717
18 158 718
22 175 719
16 47 720
24 38 721
30 48 722
27 157 723
27 37 724
31 78 725
12 22 726
8 158 727
3 38 728
13 41 729
24 36 730
30 170 731
7 171 732
28 138 733
32 37 734
16 177 735
25 42 736
2 144 737
28 175 738
28 158 739
31 47 740
32 51 741
4 43 742
8 154 743
4 36 744
7 76 745
2 67 746
1 79 747
8 177 748
13 75 749
4 11 750
29 65 751
24 171 752
33 42 753
22 39 754
29 171 755
8 175 756
30 95 757
22 47 758
25 157 759
1 86 760
24 46 761
30 129 762
27 171 763
24 175 764
33 38 765
1 63 766
3 10 767
1 136 768
1 129 769
24 44 770
25 177 771
11 36 772
1 40 773
29 48 774
22 36 775
2 79 776
2 153 777
20 157 778
2 71 779
16 42 780
2 48 781
25 51 782
2 62 783
6 12 784
28 36 785
33 36 786
13 45 787
6 175 788
22 171 789
11 27 790
15 24 791
28 171 792
16 75 793
20 63 794
8 34 795
1 50 796
18 46 797
16 158 798
13 43 799
13 76 800
18 66 801
1 71 802
13 36 803
22 158 804
25 78 805
2 104 806
27 134 807
16 41 808
32 39 809
29 170 810
7 46 811
8 43 812
1 170 813
16 45 814
20 158 815
28 140 816
3 76 817
6 77 818
29 61 819
1 56 820
8 47 821
27 158 822
13 39 823
7 21 824
3 36 825
20 134 826
22 77 827
5 9 828
30 65 829
30 118 830
16 159 831
2 35 832
2 162 833
22 44 834
30 40 835
27 179 836
1 66 837
2 147 838
11 76 839
25 43 840
1 69 841
7 12 842
2 60 843
7 175 844
16 175 845
30 79 846
3 15 847
23 177 848
24 159 849
31 36 850
6 47 851
2 69 852
23 27 853
31 154 854
32 45 855
26 33 856
1 144 857
18 134 858
2 131 859
8 36 860
6 134 861
6 63 862
4 37 863
33 47 864
1 67 865
6 44 866
25 39 867
8 51 868
11 38 869
32 36 870
7 179 871
1 141 872
7 36 873
13 19 874
13 46 875
31 38 876
27 34 877
31 159 878
8 46 879
24 65 880
32 157 881
16 161 882
33 179 883
4 76 884
16 78 885
21 154 886
5 76 887
18 138 888
22 66 889
31 46 890
22 35 891
28 78 892
1 174 893
3 42 894
12 25 895
13 51 896
25 45 897
2 53 898
2 114 899
8 38 900
28 63 901
29 35 902
2 164 903
8 42 904
25 36 905
27 146 906
3 78 907
2 108 908
22 61 909
25 75 910
31 39 911
31 51 912
1 143 913
2 141 914
1 87 915
1 138 916
2 148 917
25 134 918
21 45 919
1 98 920
18 44 921
1 105 922
18 171 923
28 134 924
2 74 925
8 45 926
9 179 927
2 87 928
8 41 929
1 70 930
1 147 931
11 39 932
24 35 933
3 39 934
5 22 935
18 140 936
33 37 937
30 71 938
30 62 939
29 174 940
4 177 941
8 161 942
1 113 943
3 45 944
8 78 945
1 122 946
32 179 947
17 19 948
30 144 949
12 27 950
25 154 951
21 38 952
22 134 953
30 174 954
12 33 955
2 139 956
3 37 957
24 140 958
8 76 959
27 159 960
2 70 961
8 37 962
11 45 963
6 66 964
18 167 965
31 77 966
2 111 967
3 179 968
17 18 969
16 66 970
31 157 971
24 49 972
15 19 973
5 43 974
16 134 975
7 51 976
9 66 977
7 37 978
16 17 979
4 41 980
13 177 981
1 72 982
4 45 983
23 161 984
28 170 985
2 50 986
25 37 987
2 151 988
9 27 989
23 41 990
22 167 991
7 42 992
3 177 993
7 167 994
16 36 995
28 48 996
31 175 997
22 161 998
7 41 999
8 159 1000
11 75 1001
8 157 1002
2 57 1003
30 52 1004
1 114 1005
30 60 1006
32 38 1007
1 139 1008
2 163 1009
22 49 1010
2 172 1011
6 78 1012
33 134 1013
28 77 1014
31 158 1015
9 42 1016
1 74 1017
4 158 1018
17 22 1019
8 17 1020
22 63 1021
2 124 1022
4 46 1023
24 138 1024
6 118 1025
30 50 1026
30 139 1027
11 43 1028
2 91 1029
16 46 1030
30 156 1031
1 126 1032
2 187 1033
1 96 1034
2 96 1035
1 127 1036
16 44 1037
33 154 1038
30 69 1039
12 31 1040
24 66 1041
32 158 1042
32 175 1043
1 57 1044
30 70 1045
20 140 1046
30 90 1047
16 179 1048
2 113 1049
1 93 1050
31 134 1051
1 123 1052
33 159 1053
2 119 1054
9 154 1055
24 95 1056
1 118 1057
8 171 1058
25 158 1059
32 134 1060
13 179 1061
31 49 1062
22 51 1063
27 161 1064
1 55 1065
15 22 1066
7 39 1067
9 13 1068
1 116 1069
8 39 1070
32 159 1071
25 161 1072
1 108 1073
6 167 1074
28 66 1075
4 42 1076
20 174 1077
1 97 1078
30 56 1079
3 51 1080
9 46 1081
33 175 1082
13 23 1083
30 141 1084
1 103 1085
13 78 1086
30 162 1087
1 137 1088
7 134 1089
2 125 1090
8 63 1091
6 61 1092
9 34 1093
9 177 1094
25 159 1095
32 63 1096
13 47 1097
8 61 1098
13 154 1099
13 37 1100
22 138 1101
16 167 1102
22 65 1103
8 134 1104
4 154 1105
21 75 1106
33 66 1107
9 39 1108
30 113 1109
31 44 1110
24 137 1111
25 138 1112
7 49 1113
20 49 1114
28 118 1115
23 154 1116
1 60 1117
30 97 1118
1 62 1119
25 179 1120
16 37 1121
11 37 1122
31 140 1123
1 48 1124
9 47 1125
2 145 1126
33 161 1127
2 89 1128
3 47 1129
16 35 1130
24 170 1131
9 158 1132
30 136 1133
9 37 1134
7 47 1135
1 164 1136
4 51 1137
11 47 1138
30 172 1139
26 45 1140
31 63 1141
27 77 1142
8 77 1143
31 179 1144
6 48 1145
6 138 1146
24 106 1147
24 174 1148
30 133 1149
4 78 1150
23 37 1151
6 35 1152
30 125 1153
11 78 1154
1 178 1155
8 167 1156
3 77 1157
24 40 1158
3 158 1159
5 47 1160
2 103 1161
18 35 1162
20 48 1163
8 49 1164
4 175 1165
2 168 1166
18 146 1167
22 140 1168
24 146 1169
2 117 1170
4 179 1171
30 127 1172
24 48 1173
20 61 1174
2 126 1175
24 105 1176
4 75 1177
19 76 1178
4 9 1179
32 161 1180
1 111 1181
23 45 1182
23 51 1183
25 171 1184
30 130 1185
12 26 1186
7 66 1187
3 171 1188
21 41 1189
1 53 1190
9 41 1191
24 129 1192
33 158 1193
11 46 1194
1 135 1195
1 68 1196
9 45 1197
30 68 1198
7 159 1199
5 78 1200
12 43 1201
31 170 1202
13 134 1203
23 76 1204
20 171 1205
21 34 1206
17 43 1207
4 38 1208
23 43 1209
13 42 1210
21 179 1211
13 18 1212
13 26 1213
18 77 1214
9 161 1215
16 38 1216
31 138 1217
13 157 1218
3 159 1219
2 178 1220
6 140 1221
28 40 1222
32 34 1223
22 170 1224
2 135 1225
8 35 1226
33 48 1227
30 98 1228
33 61 1229
19 36 1230
30 151 1231
25 167 1232
33 171 1233
6 170 1234
28 167 1235
29 40 1236
4 47 1237
9 159 1238
2 92 1239
25 175 1240
11 177 1241
5 41 1242
17 26 1243
25 44 1244
2 142 1245
28 65 1246
31 171 1247
30 164 1248
25 63 1249
10 12 1250
5 45 1251
9 167 1252
30 86 1253
18 63 1254
19 34 1255
19 41 1256
23 75 1257
25 48 1258
1 145 1259
21 51 1260
27 167 1261
19 179 1262
2 115 1263
3 175 1264
8 44 1265
33 44 1266
23 158 1267
2 72 1268
8 12 1269
20 118 1270
27 49 1271
9 38 1272
33 138 1273
4 171 1274
16 77 1275
13 175 1276
9 43 1277
18 49 1278
20 66 1279
22 48 1280
7 170 1281
1 73 1282
23 38 1283
23 175 1284
5 75 1285
16 51 1286
9 77 1287
30 103 1288
11 51 1289
33 167 1290
4 26 1291
6 65 1292
7 63 1293
16 140 1294
23 179 1295
17 75 1296
23 78 1297
25 66 1298
9 12 1299
24 98 1300
30 55 1301
1 163 1302
24 50 1303
4 39 1304
31 48 1305
8 66 1306
2 100 1307
2 102 1308
23 159 1309
31 172 1310
18 48 1311
9 75 1312
2 181 1313
30 114 1314
23 42 1315
27 44 1316
30 96 1317
8 15 1318
9 175 1319
19 37 1320
7 77 1321
9 171 1322
21 36 1323
23 46 1324
11 41 1325
26 36 1326
9 76 1327
4 159 1328
12 34 1329
16 39 1330
32 140 1331
16 63 1332
30 137 1333
19 46 1334
28 35 1335
9 10 1336
5 46 1337
2 94 1338
25 65 1339
26 179 1340
3 157 1341
33 77 1342
9 36 1343
29 118 1344
5 15 1345
11 154 1346
24 118 1347
1 84 1348
13 34 1349
18 174 1350
1 187 1351
21 171 1352
23 39 1353
2 88 1354
2 170 1355
21 39 1356
3 161 1357
5 36 1358
20 44 1359
25 49 1360
23 157 1361
24 87 1362
2 169 1363
13 159 1364
23 36 1365
9 134 1366
9 157 1367
12 76 1368
11 175 1369
24 69 1370
2 155 1371
20 167 1372
17 76 1373
21 177 1374
7 44 1375
2 130 1376
4 134 1377
3 138 1378
1 153 1379
19 43 1380
23 47 1381
24 79 1382
17 41 1383
27 140 1384
18 61 1385
32 171 1386
16 171 1387
24 128 1388
26 34 1389
3 66 1390
24 123 1391
2 73 1392
13 17 1393
1 85 1394
7 138 1395
24 70 1396
24 86 1397
1 124 1398
30 72 1399
10 39 1400
20 138 1401
9 78 1402
8 138 1403
15 16 1404
20 35 1405
26 41 1406
2 81 1407
24 53 1408
27 61 1409
7 161 1410
24 148 1411
33 63 1412
30 67 1413
32 44 1414
24 172 1415
31 61 1416
5 154 1417
12 36 1418
1 131 1419
9 61 1420
21 76 1421
28 61 1422
1 117 1423
10 15 1424
4 77 1425
5 38 1426
1 91 1427
2 109 1428
17 20 1429
26 177 1430
30 105 1431
1 151 1432
3 134 1433
1 64 1434
19 75 1435
31 118 1436
30 143 1437
32 49 1438
21 44 1439
2 82 1440
30 87 1441
9 26 1442
14 38 1443
24 147 1444
22 174 1445
24 60 1446
30 73 1447
11 179 1448
12 175 1449
18 65 1450
2 58 1451
17 46 1452
21 42 1453
29 156 1454
23 138 1455
23 66 1456
29 146 1457
23 171 1458
9 51 1459
25 35 1460
2 85 1461
14 177 1462
7 35 1463
19 45 1464
27 138 1465
2 152 1466
24 143 1467
1 172 1468
6 174 1469
31 167 1470
32 61 1471
25 61 1472
28 174 1473
3 49 1474
23 170 1475
33 140 1476
11 134 1477
4 63 1478
2 166 1479
26 76 1480
26 42 1481
12 23 1482
3 174 1483
17 36 1484
2 173 1485
19 42 1486
21 37 1487
1 89 1488
2 64 1489
3 167 1490
24 90 1491
26 154 1492
27 35 1493
26 78 1494
2 110 1495
24 55 1496
1 104 1497
14 41 1498
8 140 1499
11 159 1500
7 174 1501
29 79 1502
11 171 1503
30 111 1504
30 84 1505
1 115 1506
30 53 1507
2 150 1508
31 174 1509
16 138 1510
24 93 1511
8 48 1512
30 123 1513
19 39 1514
21 43 1515
23 63 1516
26 75 1517
19 38 1518
5 39 1519
24 68 1520
9 170 1521
10 46 1522
30 147 1523
1 173 1524
5 175 1525
11 15 1526
1 99 1527
17 51 1528
21 158 1529
29 172 1530
30 116 1531
14 78 1532
21 49 1533
24 122 1534
5 51 1535
21 175 1536
23 48 1537
24 52 1538
1 88 1539
17 134 1540
23 49 1541
21 157 1542
24 97 1543
21 46 1544
21 159 1545
23 44 1546
28 172 1547
19 51 1548
26 134 1549
18 170 1550
24 144 1551
24 99 1552
34 42 1553
12 45 1554
13 171 1555
23 134 1556
26 38 1557
8 65 1558
16 49 1559
5 37 1560
12 41 1561
33 49 1562
4 12 1563
24 116 1564
2 183 1565
34 43 1566
24 141 1567
20 170 1568
3 48 1569
30 135 1570
4 35 1571
7 61 1572
29 52 1573
29 90 1574
8 170 1575
30 104 1576
28 146 1577
14 36 1578
21 47 1579
29 60 1580
33 170 1581
4 167 1582
30 57 1583
17 39 1584
1 80 1585
7 15 1586
22 118 1587
26 171 1588
25 77 1589
25 140 1590
13 77 1591
16 170 1592
26 47 1593
4 66 1594
23 77 1595
1 168 1596
26 39 1597
24 139 1598
26 37 1599
9 35 1600
24 133 1601
29 69 1602
4 61 1603
5 177 1604
14 75 1605
33 65 1606
24 71 1607
2 83 1608
3 63 1609
7 48 1610
1 181 1611
20 40 1612
6 79 1613
2 180 1614
2 107 1615
9 63 1616
19 78 1617
30 64 1618
28 79 1619
9 15 1620
12 78 1621
23 174 1622
29 141 1623
32 77 1624
7 140 1625
25 170 1626
14 51 1627
20 65 1628
24 56 1629
31 65 1630
13 158 1631
24 91 1632
11 77 1633
14 42 1634
5 42 1635
23 140 1636
28 90 1637
13 15 1638
34 36 1639
5 179 1640
17 45 1641
2 121 1642
34 75 1643
21 63 1644
2 149 1645
24 84 1646
31 79 1647
2 120 1648
16 174 1649
2 101 1650
21 78 1651
12 42 1652
19 47 1653
21 161 1654
9 21 1655
24 168 1656
26 63 1657
14 175 1658
32 167 1659
1 107 1660
4 49 1661
1 155 1662
28 139 1663
33 40 1664
17 38 1665
22 146 1666
28 156 1667
31 35 1668
1 94 1669
5 134 1670
9 44 1671
13 161 1672
29 70 1673
17 78 1674
26 159 1675
14 47 1676
30 88 1677
14 43 1678
30 91 1679
23 167 1680
10 51 1681
33 35 1682
19 154 1683
17 47 1684
1 58 1685
26 157 1686
30 102 1687
29 56 1688
10 45 1689
4 174 1690
13 44 1691
24 127 1692
24 156 1693
10 36 1694
12 15 1695
21 134 1696
26 51 1697
29 50 1698
30 115 1699
14 45 1700
8 174 1701
31 156 1702
5 157 1703
7 65 1704
3 170 1705
29 128 1706
4 170 1707
28 50 1708
29 68 1709
34 45 1710
29 67 1711
30 153 1712
1 169 1713
3 35 1714
16 48 1715
4 138 1716
14 39 1717
1 166 1718
3 44 1719
4 44 1720
14 154 1721
5 161 1722
2 165 1723
13 63 1724
26 46 1725
29 139 1726
2 80 1727
18 162 1728
21 138 1729
3 140 1730
24 57 1731
28 60 1732
10 38 1733
29 162 1734
24 62 1735
1 92 1736
25 129 1737
26 43 1738
24 67 1739
19 157 1740
23 35 1741
17 175 1742
3 61 1743
16 172 1744
24 131 1745
17 159 1746
8 118 1747
14 37 1748
31 40 1749
21 66 1750
17 42 1751
22 172 1752
32 35 1753
17 154 1754
26 175 1755
34 76 1756
10 41 1757
30 99 1758
17 171 1759
6 40 1760
11 14 1761
11 35 1762
18 172 1763
30 80 1764
14 46 1765
19 177 1766
34 39 1767
11 44 1768
1 152 1769
16 65 1770
24 153 1771
28 67 1772
10 76 1773
12 154 1774
18 52 1775
32 65 1776
1 100 1777
17 157 1778
17 177 1779
12 39 1780
19 161 1781
5 158 1782
21 167 1783
27 174 1784
23 65 1785
28 71 1786
19 159 1787
18 40 1788
1 182 1789
34 41 1790
17 37 1791
9 118 1792
20 172 1793
2 160 1794
5 159 1795
23 118 1796
20 70 1797
24 104 1798
14 157 1799
26 158 1800
34 49 1801
33 174 1802
11 140 1803
30 74 1804
33 146 1805
15 39 1806
2 185 1807
28 164 1808
13 66 1809
14 76 1810
33 118 1811
30 142 1812
34 37 1813
25 40 1814
30 131 1815
32 48 1816
14 134 1817
18 60 1818
18 118 1819
32 174 1820
26 49 1821
28 141 1822
6 70 1823
14 159 1824
8 146 1825
9 48 1826
11 158 1827
12 51 1828
9 17 1829
18 79 1830
5 61 1831
1 119 1832
30 145 1833
1 142 1834
22 40 1835
24 164 1836
20 162 1837
30 166 1838
34 46 1839
29 106 1840
29 129 1841
12 46 1842
27 40 1843
29 72 1844
14 179 1845
24 73 1846
17 44 1847
33 172 1848
13 61 1849
21 140 1850
28 143 1851
28 69 1852
10 43 1853
24 162 1854
21 77 1855
29 97 1856
30 85 1857
19 175 1858
25 118 1859
5 171 1860
24 183 1861
30 117 1862
5 63 1863
32 138 1864
18 50 1865
3 40 1866
12 177 1867
17 34 1868
17 179 1869
10 154 1870
34 38 1871
28 56 1872
1 109 1873
9 49 1874
29 127 1875
30 82 1876
1 112 1877
24 64 1878
5 34 1879
34 77 1880
2 184 1881
10 78 1882
29 71 1883
34 66 1884
30 155 1885
34 63 1886
19 171 1887
12 47 1888
24 125 1889
10 157 1890
12 38 1891
3 118 1892
31 129 1893
6 50 1894
25 50 1895
11 167 1896
25 174 1897
11 157 1898
31 162 1899
5 23 1900
24 88 1901
4 48 1902
19 49 1903
28 128 1904
31 50 1905
24 145 1906
6 146 1907
13 167 1908
26 161 1909
32 170 1910
33 69 1911
10 47 1912
24 72 1913
29 62 1914
28 68 1915
15 43 1916
33 62 1917
18 71 1918
1 102 1919
20 71 1920
25 141 1921
22 79 1922
27 156 1923
6 34 1924
6 172 1925
26 138 1926
34 47 1927
3 65 1928
29 143 1929
29 164 1930
21 174 1931
12 37 1932
12 77 1933
28 70 1934
34 44 1935
33 129 1936
22 156 1937
33 162 1938
22 70 1939
33 79 1940
19 158 1941
33 139 1942
8 40 1943
16 97 1944
22 106 1945
1 83 1946
18 62 1947
28 127 1948
5 77 1949
8 172 1950
24 96 1951
24 136 1952
29 125 1953
12 157 1954
18 69 1955
33 52 1956
33 156 1957
12 75 1958
4 118 1959
28 129 1960
29 113 1961
33 144 1962
20 79 1963
22 162 1964
25 172 1965
20 52 1966
28 95 1967
31 55 1968
10 37 1969
15 36 1970
22 52 1971
34 35 1972
24 89 1973
19 134 1974
30 92 1975
9 140 1976
29 133 1977
15 46 1978
25 60 1979
9 40 1980
16 106 1981
28 52 1982
33 106 1983
4 65 1984
12 159 1985
26 66 1986
1 180 1987
23 61 1988
1 150 1989
18 70 1990
24 102 1991
16 40 1992
24 114 1993
17 158 1994
25 90 1995
28 98 1996
6 90 1997
16 79 1998
18 139 1999
32 50 2000
20 127 2001
5 44 2002
28 144 2003
14 63 2004
29 95 2005
33 71 2006
23 172 2007
33 68 2008
34 48 2009
1 183 2010
19 167 2011
30 168 2012
9 174 2013
19 140 2014
31 52 2015
31 146 2016
5 66 2017
28 73 2018
34 51 2019
28 72 2020
12 161 2021
12 179 2022
10 26 2023
19 174 2024
29 88 2025
33 60 2026
22 69 2027
23 40 2028
34 78 2029
1 81 2030
5 138 2031
25 70 2032
12 158 2033
19 63 2034
33 70 2035
29 136 2036
7 40 2037
19 77 2038
12 171 2039
1 82 2040
6 60 2041
25 52 2042
27 60 2043
5 49 2044
19 44 2045
25 79 2046
31 133 2047
34 61 2048
29 86 2049
13 65 2050
33 128 2051
1 185 2052
12 134 2053
29 64 2054
15 41 2055
17 161 2056
33 136 2057
24 163 2058
22 133 2059
18 55 2060
22 90 2061
22 125 2062
31 69 2063
25 62 2064
21 48 2065
20 67 2066
29 115 2067
21 118 2068
32 118 2069
7 118 2070
18 143 2071
31 62 2072
3 172 2073
20 60 2074
32 129 2075
17 66 2076
19 66 2077
7 79 2078
10 177 2079
18 141 2080
1 149 2081
33 141 2082
22 60 2083
5 140 2084
12 66 2085
26 167 2086
31 60 2087
24 58 2088
7 156 2089
15 76 2090
18 98 2091
8 14 2092
29 91 2093
29 98 2094
22 68 2095
18 68 2096
33 97 2097
4 5 2098
6 15 2099
29 173 2100
5 48 2101
8 79 2102
16 70 2103
18 144 2104
15 45 2105
16 143 2106
1 110 2107
4 79 2108
1 101 2109
7 172 2110
23 79 2111
29 53 2112
29 55 2113
1 160 2114
17 77 2115
33 127 2116
20 109 2117
7 17 2118
10 42 2119
31 127 2120
10 175 2121
33 90 2122
28 125 2123
32 79 2124
1 120 2125
10 159 2126
15 42 2127
16 50 2128
16 114 2129
28 53 2130
22 97 2131
34 65 2132
24 135 2133
25 69 2134
25 71 2135
22 50 2136
22 144 2137
1 165 2138
5 174 2139
16 144 2140
22 136 2141
32 172 2142
7 50 2143
16 133 2144
18 136 2145
18 164 2146
31 141 2147
19 138 2148
22 164 2149
16 71 2150
32 60 2151
10 25 2152
18 67 2153
23 50 2154
16 129 2155
24 80 2156
24 169 2157
19 61 2158
22 67 2159
14 44 2160
22 55 2161
23 70 2162
33 98 2163
14 128 2164
29 99 2165
15 78 2166
19 35 2167
29 105 2168
3 79 2169
15 175 2170
4 50 2171
8 156 2172
15 38 2173
6 62 2174
21 65 2175
22 71 2176
1 121 2177
29 137 2178
29 57 2179
12 140 2180
15 154 2181
16 128 2182
21 60 2183
22 139 2184
23 90 2185
21 139 2186
19 65 2187
29 93 2188
4 40 2189
31 56 2190
22 141 2191
28 64 2192
12 167 2193
4 172 2194
10 179 2195
16 67 2196
13 35 2197
32 69 2198
6 69 2199
25 68 2200
22 84 2201
29 84 2202
15 75 2203
21 61 2204
6 98 2205
14 106 2206
17 61 2207
25 162 2208
22 147 2209
8 90 2210
33 67 2211
22 62 2212
30 83 2213
3 60 2214
8 50 2215
21 71 2216
10 158 2217
4 146 2218
11 106 2219
11 170 2220
20 164 2221
25 106 2222
18 125 2223
12 17 2224
22 137 2225
10 171 2226
33 164 2227
9 156 2228
7 34 2229
33 56 2230
25 139 2231
17 140 2232
17 63 2233
10 134 2234
5 167 2235
6 71 2236
11 156 2237
29 85 2238
31 125 2239
31 97 2240
3 71 2241
22 129 2242
29 166 2243
14 33 2244
31 67 2245
21 79 2246
4 60 2247
6 127 2248
22 53 2249
23 139 2250
33 133 2251
6 141 2252
20 151 2253
24 107 2254
18 90 2255
3 69 2256
33 50 2257
27 70 2258
6 139 2259
7 52 2260
29 153 2261
7 60 2262
22 143 2263
24 173 2264
25 67 2265
29 123 2266
15 47 2267
15 177 2268
16 115 2269
6 52 2270
28 55 2271
3 156 2272
16 168 2273
26 48 2274
33 86 2275
11 162 2276
6 162 2277
28 136 2278
14 171 2279
32 90 2280
8 70 2281
8 139 2282
11 119 2283
5 35 2284
15 159 2285
28 105 2286
3 62 2287
6 128 2288
19 60 2289
25 183 2290
8 133 2291
6 17 2292
20 141 2293
21 40 2294
16 136 2295
29 145 2296
26 65 2297
16 94 2298
26 40 2299
29 102 2300
8 98 2301
16 116 2302
28 148 2303
33 95 2304
16 73 2305
7 146 2306
25 56 2307
14 48 2308
4 67 2309
26 118 2310
19 48 2311
25 143 2312
26 61 2313
34 40 2314
14 61 2315
1 14 2316
9 62 2317
4 70 2318
11 187 2319
29 147 2320
31 164 2321
16 130 2322
16 62 2323
22 127 2324
14 26 2325
24 112 2326
16 183 2327
34 118 2328
17 35 2329
15 37 2330
21 70 2331
16 105 2332
16 56 2333
6 95 2334
8 122 2335
19 40 2336
20 125 2337
4 130 2338
9 133 2339
22 105 2340
13 172 2341
6 106 2342
16 98 2343
7 69 2344
23 60 2345
22 145 2346
6 57 2347
19 79 2348
33 125 2349
5 128 2350
17 23 2351
16 84 2352
7 162 2353
11 137 2354
29 178 2355
15 158 2356
6 122 2357
17 49 2358
8 62 2359
16 141 2360
28 74 2361
33 87 2362
25 164 2363
4 52 2364
16 69 2365
3 70 2366
6 97 2367
22 153 2368
4 62 2369
13 164 2370
8 84 2371
19 118 2372
4 139 2373
16 90 2374
8 95 2375
16 123 2376
20 62 2377
31 124 2378
16 96 2379
7 62 2380
8 57 2381
6 68 2382
9 119 2383
9 139 2384
22 115 2385
16 102 2386
17 167 2387
14 138 2388
33 55 2389
23 67 2390
5 143 2391
31 53 2392
11 181 2393
10 63 2394
9 57 2395
8 141 2396
6 87 2397
8 99 2398
9 50 2399
16 126 2400
7 90 2401
26 50 2402
8 144 2403
25 136 2404
15 51 2405
33 147 2406
14 24 2407
9 97 2408
15 179 2409
16 86 2410
16 68 2411
18 147 2412
22 123 2413
3 90 2414
9 95 2415
8 137 2416
8 164 2417
19 50 2418
8 131 2419
13 69 2420
11 100 2421
33 74 2422
9 86 2423
14 68 2424
23 69 2425
4 34 2426
22 56 2427
7 67 2428
9 144 2429
16 107 2430
33 123 2431
6 129 2432
17 48 2433
26 106 2434
11 133 2435
5 40 2436
6 125 2437
16 64 2438
19 170 2439
19 139 2440
8 143 2441
16 127 2442
5 65 2443
12 170 2444
13 90 2445
8 52 2446
9 141 2447
16 135 2448
22 74 2449
24 160 2450
9 116 2451
10 66 2452
21 69 2453
31 137 2454
6 137 2455
11 143 2456
6 67 2457
16 162 2458
33 105 2459
2 14 2460
6 164 2461
4 69 2462
25 86 2463
17 65 2464
15 157 2465
16 103 2466
26 172 2467
14 129 2468
11 89 2469
11 101 2470
9 127 2471
31 136 2472
14 174 2473
33 145 2474
33 153 2475
9 98 2476
4 143 2477
25 147 2478
28 153 2479
8 127 2480
13 14 2481
19 69 2482
34 70 2483
29 142 2484
9 94 2485
13 68 2486
5 170 2487
9 136 2488
33 137 2489
16 164 2490
4 90 2491
6 145 2492
10 34 2493
9 125 2494
23 162 2495
9 123 2496
34 79 2497
3 141 2498
10 61 2499
11 94 2500
7 98 2501
10 48 2502
25 128 2503
16 80 2504
5 50 2505
33 116 2506
16 147 2507
4 71 2508
32 86 2509
4 88 2510
32 136 2511
23 71 2512
4 56 2513
7 95 2514
16 93 2515
9 151 2516
4 68 2517
26 156 2518
4 141 2519
4 95 2520
4 137 2521
16 145 2522
11 144 2523
16 153 2524
14 118 2525
15 61 2526
6 135 2527
10 22 2528
23 62 2529
5 79 2530
4 144 2531
16 100 2532
33 119 2533
31 90 2534
23 68 2535
9 84 2536
10 49 2537
8 93 2538
9 91 2539
9 148 2540
14 144 2541
6 14 2542
10 77 2543
25 53 2544
29 148 2545
33 57 2546
15 26 2547
19 129 2548
34 56 2549
16 55 2550
17 156 2551
9 122 2552
7 139 2553
8 105 2554
17 70 2555
3 68 2556
4 128 2557
34 125 2558
8 91 2559
16 139 2560
4 129 2561
7 71 2562
34 69 2563
25 84 2564
34 62 2565
23 129 2566
4 99 2567
11 86 2568
4 55 2569
24 166 2570
12 91 2571
9 85 2572
34 68 2573
11 85 2574
19 128 2575
23 55 2576
9 129 2577
14 67 2578
26 98 2579
7 127 2580
23 125 2581
13 148 2582
9 108 2583
14 98 2584
3 129 2585
9 14 2586
9 53 2587
22 148 2588
4 136 2589
16 89 2590
10 140 2591
4 86 2592
7 113 2593
3 67 2594
17 68 2595
6 136 2596
11 122 2597
13 91 2598
19 71 2599
34 97 2600
13 108 2601
34 50 2602
34 60 2603
12 143 2604
4 80 2605
3 57 2606
9 131 2607
19 162 2608
10 65 2609
4 15 2610
25 125 2611
22 102 2612
10 162 2613
23 164 2614
13 87 2615
12 97 2616
34 71 2617
14 95 2618
19 172 2619
34 90 2620
7 136 2621
6 81 2622
25 92 2623
25 74 2624
34 67 2625
7 173 2626
3 93 2627
34 106 2628
25 123 2629
3 56 2630
3 99 2631
10 14 2632
34 98 2633
27 93 2634
34 99 2635
10 167 2636
12 99 2637
12 139 2638
34 95 2639
7 56 2640
3 133 2641
7 14 2642
17 60 2643
19 67 2644
19 56 2645
10 106 2646
9 182 2647
25 153 2648
12 116 2649
14 22 2650
23 95 2651
3 125 2652
10 143 2653
6 173 2654
34 55 2655
7 122 2656
21 147 2657
6 56 2658
10 70 2659
1 184 2660
16 155 2661
25 166 2662
19 141 2663
13 122 2664
10 138 2665
8 119 2666
26 119 2667
9 117 2668
23 72 2669
29 131 2670
9 163 2671
17 170 2672
34 128 2673
8 117 2674
17 90 2675
12 87 2676
12 93 2677
26 95 2678
17 118 2679
11 131 2680
4 125 2681
3 126 2682
8 153 2683
25 55 2684
23 56 2685
33 142 2686
7 130 2687
16 125 2688
5 144 2689
4 153 2690
12 156 2691
22 166 2692
5 118 2693
15 66 2694
15 48 2695
23 144 2696
14 172 2697
13 117 2698
12 86 2699
12 133 2700
14 147 2701
17 69 2702
19 68 2703
15 106 2704
7 164 2705
9 164 2706
7 125 2707
12 53 2708
19 90 2709
23 145 2710
7 116 2711
19 70 2712
23 111 2713
10 144 2714
8 94 2715
10 170 2716
34 105 2717
15 17 2718
3 187 2719
12 162 2720
34 116 2721
28 84 2722
26 178 2723
3 14 2724
9 152 2725
10 35 2726
26 131 2727
34 127 2728
12 117 2729
19 164 2730
10 136 2731
12 122 2732
8 103 2733
23 87 2734
8 148 2735
9 68 2736
23 123 2737
34 86 2738
12 88 2739
14 17 2740
7 115 2741
34 113 2742
12 148 2743
15 119 2744
8 85 2745
23 97 2746
8 101 2747
12 14 2748
15 128 2749
3 144 2750
8 108 2751
4 82 2752
15 172 2753
23 153 2754
12 124 2755
34 122 2756
15 138 2757
8 151 2758
34 72 2759
19 125 2760
12 147 2761
12 141 2762
14 116 2763
23 53 2764
15 167 2765
5 125 2766
8 135 2767
10 107 2768
15 129 2769
23 136 2770
34 94 2771
34 119 2772
34 114 2773
25 81 2774
26 141 2775
23 106 2776
8 173 2777
15 168 2778
7 149 2779
5 162 2780
10 183 2781
33 168 2782
34 123 2783
34 103 2784
7 101 2785
26 144 2786
15 146 2787
3 87 2788
12 146 2789
10 23 2790
10 67 2791
22 168 2792
34 87 2793
19 87 2794
10 18 2795
5 130 2796
26 80 2797
10 156 2798
10 164 2799
22 163 2800
4 84 2801
34 111 2802
10 126 2803
15 183 2804
12 184 2805
34 85 2806
15 95 2807
34 124 2808
10 94 2809
8 181 2810
10 178 2811
10 99 2812
15 148 2813
34 64 2814
34 96 2815
15 74 2816
34 115 2817
8 107 2818
15 99 2819
10 19 2820
21 115 2821
9 169 2822
8 180 2823
34 80 2824
15 170 2825
21 150 2826
34 126 2827
3 123 2828
34 74 2829
8 124 2830
15 97 2831
34 104 2832
6 185 2833
7 152 2834
34 53 2835
9 109 2836
15 100 2837
15 141 2838
17 141 2839
10 131 2840
15 156 2841
14 74 2842
34 93 2843
34 73 2844
16 165 2845
10 133 2846
34 88 2847
10 122 2848
15 186 2849
12 21 2850
4 17 2851
34 117 2852
15 122 2853
10 117 2854
15 107 2855
14 34 2856
17 173 2857
34 110 2858
15 133 2859
10 168 2860
34 102 2861
17 166 2862
15 23 2863
15 101 2864
34 58 2865
15 34 2866
10 187 2867
14 15 2868
