1 2 1
1 8 2
2 8 3
1 30 4
1 24 5
2 30 6
29 30 7
2 24 8
8 30 9
1 6 10
1 29 11
24 30 12
8 29 13
8 24 14
2 29 15
2 6 16
28 29 17
28 30 18
1 25 19
24 29 20
1 3 21
8 25 22
8 28 23
4 8 24
25 30 25
1 4 26
1 22 27
8 22 28
1 9 29
25 29 30
2 25 31
25 28 32
1 23 33
2 9 34
2 3 35
6 8 36
1 28 37
22 30 38
2 22 39
8 20 40
24 28 41
22 28 42
30 33 43
2 7 44
2 23 45
3 8 46
22 29 47
28 31 48
30 31 49
2 4 50
9 30 51
18 28 52
2 28 53
8 11 54
1 20 55
8 23 56
24 25 57
8 18 58
4 30 59
22 24 60
6 30 61
9 24 62
4 29 63
8 31 64
18 30 65
8 33 66
16 30 67
18 29 68
4 28 69
9 29 70
30 34 71
28 33 72
29 31 73
1 18 74
6 24 75
1 7 76
24 34 77
9 11 78
29 33 79
2 11 80
1 11 81
16 29 82
23 30 83
1 33 84
2 20 85
18 25 86
24 33 87
28 34 88
2 33 89
8 9 90
29 34 91
23 24 92
25 31 93
11 12 94
2 18 95
6 9 96
22 25 97
9 28 98
3 9 99
6 11 100
20 30 101
7 24 102
8 21 103
7 30 104
8 27 105
9 25 106
1 19 107
22 34 108
1 12 109
9 22 110
9 12 111
16 28 112
31 33 113
7 8 114
1 31 115
4 24 116
6 29 117
23 29 118
1 21 119
18 22 120
25 34 121
8 26 122
18 31 123
25 33 124
2 12 125
18 24 126
4 9 127
23 28 128
3 30 129
6 25 130
22 31 131
24 31 132
7 11 133
1 27 134
9 33 135
11 13 136
1 175 137
4 31 138
19 25 139
22 33 140
3 6 141
8 16 142
20 24 143
11 24 144
19 28 145
21 28 146
2 13 147
9 31 148
33 34 149
1 26 150
28 32 151
23 25 152
11 22 153
3 24 154
2 21 155
8 10 156
1 13 157
6 28 158
8 17 159
2 31 160
1 10 161
8 32 162
4 22 163
9 27 164
9 26 165
18 33 166
2 19 167
20 25 168
7 12 169
9 18 170
1 14 171
22 23 172
26 29 173
1 38 174
1 17 175
2 27 176
16 33 177
3 29 178
4 6 179
13 24 180
6 12 181
16 31 182
1 16 183
31 34 184
2 17 185
24 26 186
25 32 187
9 21 188
2 14 189
21 30 190
1 46 191
5 8 192
2 175 193
12 30 194
2 10 195
1 39 196
2 34 197
21 24 198
8 14 199
23 34 200
30 32 201
1 36 202
26 28 203
19 31 204
18 20 205
2 26 206
1 41 207
27 30 208
21 29 209
2 41 210
3 28 211
12 24 212
26 34 213
3 20 214
6 22 215
18 21 216
1 37 217
1 159 218
9 23 219
1 32 220
8 19 221
5 9 222
3 4 223
26 33 224
18 32 225
21 22 226
19 30 227
7 22 228
30 75 229
18 19 230
20 22 231
23 33 232
1 154 233
20 28 234
32 33 235
9 17 236
18 23 237
9 14 238
30 47 239
1 43 240
3 22 241
16 24 242
19 33 243
2 16 244
4 27 245
21 25 246
29 32 247
13 22 248
19 22 249
24 32 250
1 75 251
2 46 252
11 15 253
30 41 254
1 42 255
1 78 256
8 34 257
1 47 258
4 26 259
16 34 260
20 33 261
2 159 262
6 18 263
1 49 264
3 23 265
19 24 266
23 31 267
2 38 268
14 24 269
29 154 270
3 7 271
11 27 272
22 32 273
30 78 274
2 75 275
22 26 276
30 175 277
18 27 278
2 78 279
2 177 280
9 19 281
10 24 282
24 27 283
1 171 284
16 25 285
30 51 286
27 33 287
1 76 288
30 38 289
4 20 290
12 26 291
20 29 292
6 20 293
20 31 294
3 33 295
4 33 296
30 39 297
30 43 298
1 34 299
7 10 300
7 29 301
6 23 302
4 12 303
13 14 304
21 33 305
1 134 306
4 23 307
5 28 308
6 27 309
1 177 310
30 177 311
2 43 312
30 171 313
5 31 314
22 27 315
14 34 316
1 5 317
29 36 318
30 134 319
2 42 320
30 42 321
2 32 322
5 33 323
12 23 324
29 47 325
29 179 326
1 129 327
12 33 328
1 65 329
2 39 330
2 154 331
6 31 332
29 41 333
7 25 334
8 15 335
12 14 336
2 37 337
7 9 338
9 13 339
12 25 340
29 38 341
3 18 342
30 37 343
6 14 344
24 78 345
9 34 346
2 47 347
24 171 348
1 35 349
1 60 350
1 179 351
19 23 352
10 29 353
14 22 354
17 18 355
8 13 356
8 75 357
2 171 358
24 51 359
29 51 360
19 29 361
30 63 362
12 22 363
30 179 364
30 161 365
24 134 366
1 157 367
27 29 368
6 33 369
29 175 370
31 32 371
1 40 372
1 63 373
24 42 374
6 34 375
2 36 376
2 157 377
8 175 378
24 63 379
1 161 380
1 158 381
8 171 382
2 134 383
5 27 384
24 38 385
1 51 386
1 95 387
30 158 388
24 75 389
29 46 390
13 33 391
2 51 392
9 10 393
14 33 394
24 161 395
30 36 396
30 154 397
30 77 398
7 13 399
22 37 400
1 90 401
5 22 402
22 75 403
1 61 404
8 36 405
22 41 406
8 12 407
29 78 408
21 31 409
24 41 410
30 61 411
4 21 412
29 39 413
29 61 414
16 22 415
2 158 416
2 129 417
1 118 418
3 12 419
24 36 420
2 76 421
24 177 422
1 68 423
29 75 424
3 31 425
29 171 426
22 175 427
2 45 428
5 18 429
22 61 430
8 159 431
29 37 432
1 45 433
2 49 434
4 32 435
30 46 436
29 76 437
24 154 438
30 65 439
30 157 440
30 159 441
22 46 442
28 75 443
2 146 444
30 118 445
1 48 446
1 77 447
6 26 448
29 42 449
9 20 450
11 14 451
24 49 452
2 35 453
8 158 454
1 67 455
8 39 456
6 21 457
29 65 458
30 45 459
2 77 460
2 60 461
29 43 462
6 13 463
24 77 464
24 118 465
8 49 466
24 175 467
1 44 468
24 47 469
27 34 470
20 23 471
2 63 472
1 140 473
19 20 474
2 161 475
16 32 476
24 65 477
30 174 478
24 43 479
24 179 480
24 37 481
24 140 482
25 41 483
8 161 484
29 79 485
7 14 486
13 18 487
2 128 488
29 177 489
24 46 490
30 76 491
30 140 492
28 78 493
28 39 494
30 90 495
13 34 496
8 38 497
8 157 498
24 79 499
30 40 500
1 146 501
30 79 502
7 27 503
12 29 504
22 51 505
30 49 506
2 95 507
1 70 508
22 39 509
8 179 510
2 90 511
5 6 512
24 39 513
5 23 514
10 12 515
2 140 516
29 63 517
8 154 518
29 134 519
1 167 520
24 61 521
1 79 522
8 177 523
30 44 524
1 69 525
13 25 526
29 159 527
30 35 528
33 75 529
29 40 530
1 128 531
24 174 532
29 49 533
7 28 534
25 75 535
30 167 536
1 138 537
30 48 538
21 23 539
1 56 540
29 118 541
28 41 542
1 144 543
24 159 544
2 44 545
24 76 546
22 177 547
25 78 548
6 7 549
22 78 550
30 129 551
30 69 552
21 34 553
2 118 554
8 37 555
2 68 556
33 39 557
2 65 558
29 77 559
29 174 560
5 20 561
22 36 562
24 40 563
20 34 564
8 167 565
8 46 566
24 60 567
1 62 568
16 23 569
17 28 570
33 78 571
24 138 572
2 61 573
7 26 574
1 139 575
16 18 576
28 43 577
29 45 578
22 171 579
8 61 580
22 47 581
5 30 582
20 21 583
1 71 584
2 40 585
8 41 586
28 177 587
2 69 588
8 47 589
29 48 590
29 158 591
29 167 592
33 41 593
24 44 594
8 134 595
8 43 596
22 38 597
8 51 598
24 69 599
2 67 600
3 5 601
11 17 602
30 60 603
4 11 604
6 39 605
18 39 606
22 179 607
22 42 608
2 179 609
2 138 610
8 42 611
28 179 612
4 39 613
19 34 614
24 90 615
30 70 616
16 63 617
25 37 618
1 174 619
24 157 620
16 39 621
2 70 622
5 29 623
29 161 624
30 170 625
24 45 626
30 138 627
8 76 628
24 48 629
28 51 630
29 69 631
5 7 632
33 175 633
2 139 634
29 60 635
8 140 636
3 13 637
9 175 638
8 78 639
24 35 640
25 45 641
33 37 642
28 38 643
2 48 644
25 175 645
22 77 646
25 39 647
29 44 648
33 43 649
24 70 650
25 47 651
30 50 652
33 47 653
2 170 654
24 158 655
2 71 656
28 36 657
28 37 658
13 29 659
29 138 660
1 106 661
2 56 662
33 51 663
22 45 664
16 51 665
25 38 666
29 70 667
2 106 668
4 78 669
1 66 670
2 62 671
25 177 672
1 127 673
2 174 674
16 38 675
22 43 676
22 65 677
28 175 678
22 154 679
25 51 680
17 22 681
1 170 682
18 75 683
30 139 684
1 141 685
4 38 686
18 179 687
6 43 688
25 43 689
1 50 690
8 77 691
22 159 692
33 38 693
32 34 694
2 66 695
2 133 696
1 98 697
28 47 698
29 140 699
30 71 700
33 46 701
22 134 702
29 90 703
5 11 704
7 31 705
28 154 706
18 37 707
33 36 708
9 39 709
16 78 710
30 68 711
2 98 712
2 79 713
19 21 714
24 129 715
29 50 716
29 71 717
33 179 718
4 37 719
4 5 720
28 61 721
28 157 722
8 118 723
33 177 724
3 11 725
33 45 726
2 141 727
8 48 728
16 46 729
1 136 730
2 144 731
4 43 732
16 42 733
4 75 734
33 154 735
30 67 736
18 47 737
25 46 738
30 66 739
18 78 740
16 37 741
29 170 742
22 157 743
8 79 744
22 118 745
6 32 746
4 36 747
6 75 748
28 45 749
4 47 750
25 154 751
29 35 752
24 170 753
4 51 754
17 20 755
8 40 756
8 138 757
9 167 758
6 78 759
28 159 760
16 75 761
9 75 762
16 175 763
2 167 764
29 157 765
24 67 766
6 19 767
22 44 768
30 127 769
12 175 770
8 44 771
29 129 772
33 171 773
9 16 774
22 174 775
30 62 776
28 42 777
24 167 778
15 29 779
4 171 780
1 172 781
4 41 782
7 17 783
4 7 784
16 47 785
16 41 786
1 52 787
4 177 788
24 71 789
11 16 790
22 167 791
27 154 792
11 26 793
20 32 794
33 159 795
33 167 796
17 24 797
4 34 798
7 39 799
13 23 800
18 43 801
22 48 802
25 61 803
25 157 804
28 134 805
25 42 806
2 5 807
2 125 808
9 36 809
6 36 810
7 21 811
1 125 812
25 36 813
16 61 814
26 27 815
2 127 816
9 37 817
29 67 818
25 159 819
28 174 820
33 134 821
1 105 822
22 76 823
30 56 824
28 46 825
16 167 826
28 171 827
16 171 828
30 128 829
24 50 830
25 134 831
25 179 832
4 76 833
18 51 834
25 174 835
6 46 836
22 40 837
30 137 838
9 46 839
8 65 840
7 18 841
33 61 842
11 39 843
33 157 844
22 63 845
8 63 846
25 171 847
6 171 848
27 179 849
30 52 850
4 17 851
2 172 852
28 76 853
4 154 854
2 97 855
14 27 856
30 144 857
16 134 858
4 46 859
28 79 860
6 41 861
9 38 862
28 77 863
12 154 864
29 172 865
16 76 866
4 179 867
23 27 868
18 159 869
22 161 870
28 65 871
22 79 872
16 65 873
2 50 874
12 179 875
18 38 876
27 159 877
5 13 878
2 156 879
7 20 880
33 158 881
33 42 882
32 39 883
4 134 884
8 174 885
24 172 886
6 37 887
8 45 888
28 161 889
16 43 890
30 136 891
2 52 892
18 76 893
4 45 894
9 77 895
2 105 896
6 159 897
25 63 898
33 76 899
18 46 900
22 158 901
28 167 902
2 123 903
9 41 904
9 171 905
8 170 906
6 177 907
9 42 908
24 68 909
33 77 910
6 175 911
9 47 912
9 76 913
1 162 914
30 147 915
18 61 916
3 14 917
18 36 918
27 39 919
30 125 920
4 175 921
17 25 922
12 31 923
12 157 924
19 78 925
1 164 926
22 49 927
25 48 928
6 167 929
6 38 930
9 179 931
18 175 932
3 43 933
8 66 934
16 161 935
27 175 936
6 154 937
18 171 938
29 136 939
12 75 940
6 51 941
11 158 942
16 36 943
22 138 944
6 77 945
4 159 946
16 158 947
33 161 948
16 177 949
18 177 950
6 157 951
2 136 952
19 39 953
30 97 954
3 47 955
21 39 956
9 66 957
10 22 958
28 63 959
7 16 960
4 42 961
29 164 962
3 39 963
12 171 964
16 157 965
18 41 966
6 134 967
2 93 968
1 93 969
8 35 970
12 159 971
28 44 972
27 36 973
28 158 974
25 65 975
11 159 976
30 123 977
6 179 978
10 13 979
29 56 980
9 177 981
28 118 982
16 159 983
27 75 984
3 78 985
29 66 986
24 62 987
28 48 988
12 38 989
24 128 990
9 159 991
6 45 992
11 76 993
27 78 994
30 95 995
5 34 996
24 95 997
28 40 998
6 76 999
6 47 1000
12 13 1001
3 36 1002
24 66 1003
18 154 1004
22 35 1005
25 76 1006
30 162 1007
29 139 1008
12 47 1009
3 51 1010
11 167 1011
16 179 1012
26 39 1013
23 75 1014
2 99 1015
4 61 1016
25 44 1017
33 48 1018
9 134 1019
12 78 1020
12 41 1021
13 26 1022
9 118 1023
3 179 1024
20 39 1025
3 154 1026
2 164 1027
7 75 1028
1 143 1029
25 77 1030
9 49 1031
2 86 1032
32 78 1033
1 137 1034
1 153 1035
18 45 1036
4 158 1037
32 179 1038
4 63 1039
34 63 1040
12 34 1041
23 39 1042
4 77 1043
4 167 1044
13 17 1045
24 56 1046
9 48 1047
24 127 1048
11 38 1049
11 46 1050
22 66 1051
30 87 1052
3 167 1053
24 141 1054
12 51 1055
1 123 1056
27 38 1057
10 11 1058
27 43 1059
22 170 1060
1 115 1061
29 95 1062
22 90 1063
9 140 1064
28 90 1065
27 41 1066
32 75 1067
26 75 1068
28 69 1069
30 156 1070
18 42 1071
30 164 1072
3 76 1073
1 97 1074
28 50 1075
7 37 1076
3 45 1077
27 51 1078
18 167 1079
30 98 1080
33 118 1081
13 27 1082
22 140 1083
27 157 1084
30 145 1085
4 44 1086
11 175 1087
31 177 1088
3 26 1089
12 43 1090
6 61 1091
1 55 1092
16 140 1093
30 141 1094
2 162 1095
21 78 1096
19 43 1097
33 174 1098
23 134 1099
4 174 1100
9 161 1101
16 49 1102
22 50 1103
23 43 1104
3 46 1105
8 50 1106
11 51 1107
25 118 1108
32 36 1109
29 127 1110
9 157 1111
30 84 1112
19 179 1113
25 70 1114
29 125 1115
24 164 1116
12 46 1117
3 38 1118
24 139 1119
2 137 1120
9 44 1121
10 34 1122
30 146 1123
31 45 1124
6 42 1125
11 37 1126
27 61 1127
29 62 1128
30 86 1129
9 61 1130
22 60 1131
2 147 1132
31 51 1133
9 158 1134
32 51 1135
29 115 1136
30 172 1137
16 21 1138
30 57 1139
16 48 1140
16 154 1141
25 40 1142
25 79 1143
9 51 1144
12 36 1145
32 38 1146
3 159 1147
18 134 1148
23 78 1149
33 65 1150
33 44 1151
2 74 1152
27 47 1153
16 174 1154
19 38 1155
9 15 1156
33 170 1157
7 46 1158
23 159 1159
9 154 1160
19 51 1161
29 52 1162
25 138 1163
16 138 1164
31 75 1165
1 99 1166
30 115 1167
6 44 1168
2 153 1169
25 158 1170
16 77 1171
1 84 1172
17 39 1173
23 45 1174
25 71 1175
2 122 1176
13 175 1177
23 37 1178
27 45 1179
7 36 1180
28 138 1181
24 144 1182
12 76 1183
20 154 1184
25 66 1185
29 141 1186
28 70 1187
2 115 1188
21 75 1189
24 125 1190
28 49 1191
3 37 1192
20 175 1193
15 22 1194
24 52 1195
33 140 1196
2 55 1197
12 27 1198
34 75 1199
15 24 1200
31 41 1201
12 158 1202
23 41 1203
6 158 1204
27 167 1205
23 51 1206
20 26 1207
7 43 1208
33 79 1209
23 171 1210
25 161 1211
27 76 1212
9 63 1213
11 177 1214
20 75 1215
31 47 1216
23 61 1217
16 45 1218
9 170 1219
22 67 1220
23 26 1221
28 60 1222
33 63 1223
4 118 1224
9 45 1225
31 154 1226
1 173 1227
23 175 1228
9 40 1229
23 47 1230
11 41 1231
28 140 1232
28 35 1233
3 61 1234
30 105 1235
24 98 1236
31 78 1237
5 24 1238
31 36 1239
2 53 1240
26 154 1241
32 41 1242
32 154 1243
19 175 1244
23 177 1245
12 45 1246
16 35 1247
31 43 1248
7 177 1249
19 36 1250
5 12 1251
21 37 1252
25 90 1253
19 75 1254
21 38 1255
16 40 1256
29 162 1257
7 167 1258
33 40 1259
25 167 1260
11 75 1261
20 179 1262
29 68 1263
19 47 1264
18 63 1265
31 159 1266
6 140 1267
28 71 1268
6 49 1269
27 46 1270
7 159 1271
27 37 1272
31 76 1273
32 76 1274
7 15 1275
33 49 1276
28 170 1277
31 175 1278
32 47 1279
7 78 1280
8 90 1281
15 34 1282
4 65 1283
7 23 1284
12 42 1285
6 161 1286
7 76 1287
32 175 1288
1 145 1289
4 48 1290
19 41 1291
22 70 1292
21 159 1293
29 128 1294
22 71 1295
22 125 1296
22 172 1297
7 154 1298
26 159 1299
23 36 1300
7 47 1301
12 161 1302
1 86 1303
32 43 1304
18 157 1305
2 145 1306
18 65 1307
17 78 1308
11 157 1309
31 61 1310
14 75 1311
21 36 1312
23 179 1313
17 175 1314
24 136 1315
25 60 1316
27 158 1317
17 154 1318
19 154 1319
22 141 1320
9 78 1321
17 41 1322
31 179 1323
3 171 1324
6 65 1325
11 47 1326
22 69 1327
3 175 1328
7 41 1329
31 46 1330
7 171 1331
18 40 1332
20 37 1333
1 166 1334
24 137 1335
25 69 1336
7 175 1337
33 138 1338
22 62 1339
6 35 1340
24 123 1341
24 156 1342
26 61 1343
34 42 1344
27 177 1345
3 134 1346
7 179 1347
11 78 1348
20 46 1349
17 36 1350
5 39 1351
7 33 1352
18 48 1353
8 95 1354
28 66 1355
4 49 1356
23 46 1357
9 43 1358
21 51 1359
4 35 1360
17 38 1361
19 177 1362
26 175 1363
7 38 1364
34 118 1365
4 79 1366
18 44 1367
26 51 1368
12 177 1369
3 41 1370
25 147 1371
22 129 1372
21 61 1373
3 177 1374
1 113 1375
17 179 1376
25 172 1377
32 159 1378
20 177 1379
21 179 1380
30 133 1381
26 41 1382
19 76 1383
30 113 1384
32 167 1385
1 73 1386
9 35 1387
33 35 1388
32 37 1389
3 75 1390
21 154 1391
23 42 1392
25 35 1393
12 134 1394
16 79 1395
21 46 1396
31 42 1397
32 177 1398
23 154 1399
31 37 1400
12 39 1401
21 41 1402
30 116 1403
23 167 1404
21 175 1405
24 93 1406
24 145 1407
29 147 1408
21 76 1409
23 174 1410
4 138 1411
25 67 1412
25 68 1413
27 171 1414
29 55 1415
1 147 1416
6 48 1417
2 148 1418
31 38 1419
2 84 1420
19 46 1421
25 129 1422
8 172 1423
23 38 1424
25 141 1425
17 159 1426
21 43 1427
26 158 1428
7 158 1429
25 49 1430
30 142 1431
20 38 1432
23 77 1433
16 69 1434
10 27 1435
34 38 1436
13 75 1437
17 51 1438
4 70 1439
12 77 1440
1 53 1441
19 45 1442
1 74 1443
32 45 1444
13 179 1445
17 75 1446
11 179 1447
16 90 1448
1 126 1449
34 77 1450
26 36 1451
2 87 1452
26 47 1453
1 80 1454
18 161 1455
21 47 1456
13 39 1457
18 77 1458
12 37 1459
19 37 1460
23 76 1461
25 50 1462
26 179 1463
18 174 1464
31 77 1465
18 158 1466
5 78 1467
15 41 1468
17 19 1469
19 167 1470
1 122 1471
24 162 1472
31 167 1473
1 102 1474
28 129 1475
31 39 1476
24 147 1477
24 146 1478
31 157 1479
2 143 1480
17 43 1481
34 44 1482
23 32 1483
22 146 1484
26 37 1485
33 70 1486
33 90 1487
7 45 1488
9 50 1489
4 40 1490
23 161 1491
2 126 1492
5 43 1493
26 167 1494
29 98 1495
12 15 1496
25 125 1497
10 39 1498
24 173 1499
16 44 1500
23 157 1501
17 45 1502
24 97 1503
1 72 1504
20 47 1505
20 159 1506
9 62 1507
32 157 1508
2 102 1509
18 118 1510
20 36 1511
28 67 1512
10 17 1513
3 42 1514
5 76 1515
7 157 1516
14 39 1517
11 36 1518
25 170 1519
28 127 1520
3 48 1521
33 129 1522
3 158 1523
20 78 1524
11 134 1525
15 46 1526
11 43 1527
2 113 1528
18 138 1529
23 44 1530
28 125 1531
32 46 1532
16 170 1533
27 44 1534
31 158 1535
17 37 1536
26 78 1537
22 56 1538
22 144 1539
7 51 1540
14 46 1541
16 20 1542
33 60 1543
19 157 1544
20 41 1545
31 141 1546
17 76 1547
9 174 1548
1 64 1549
12 167 1550
14 47 1551
27 134 1552
29 145 1553
30 85 1554
32 61 1555
2 72 1556
17 47 1557
27 161 1558
25 128 1559
31 134 1560
11 171 1561
17 46 1562
27 42 1563
13 159 1564
15 175 1565
6 63 1566
2 73 1567
31 171 1568
9 136 1569
21 63 1570
2 64 1571
19 159 1572
7 42 1573
33 71 1574
3 44 1575
5 75 1576
26 46 1577
11 154 1578
30 99 1579
16 66 1580
21 45 1581
16 71 1582
20 43 1583
33 162 1584
33 50 1585
24 106 1586
3 157 1587
5 51 1588
2 116 1589
3 140 1590
9 125 1591
10 61 1592
2 57 1593
24 153 1594
6 118 1595
21 48 1596
1 107 1597
7 134 1598
14 78 1599
26 157 1600
33 66 1601
5 38 1602
11 45 1603
6 174 1604
28 98 1605
33 137 1606
1 101 1607
19 65 1608
21 65 1609
5 179 1610
28 139 1611
25 74 1612
9 141 1613
34 41 1614
19 48 1615
7 77 1616
1 135 1617
24 105 1618
19 171 1619
1 183 1620
25 139 1621
28 68 1622
10 159 1623
23 138 1624
31 44 1625
21 177 1626
2 80 1627
26 43 1628
32 42 1629
25 62 1630
13 47 1631
33 69 1632
30 153 1633
24 55 1634
14 41 1635
8 127 1636
34 51 1637
16 129 1638
17 177 1639
30 166 1640
1 57 1641
28 146 1642
12 140 1643
30 131 1644
31 48 1645
3 49 1646
29 153 1647
2 107 1648
20 45 1649
33 127 1650
3 161 1651
33 147 1652
2 183 1653
14 37 1654
13 38 1655
25 56 1656
28 95 1657
13 51 1658
27 49 1659
3 65 1660
8 164 1661
7 161 1662
26 42 1663
25 140 1664
15 47 1665
33 62 1666
21 171 1667
30 143 1668
3 174 1669
6 170 1670
23 158 1671
7 61 1672
5 47 1673
13 78 1674
18 66 1675
18 79 1676
20 51 1677
6 40 1678
9 129 1679
28 172 1680
2 130 1681
18 98 1682
26 38 1683
19 134 1684
6 138 1685
32 171 1686
2 88 1687
29 97 1688
4 66 1689
32 158 1690
22 139 1691
34 49 1692
21 157 1693
6 66 1694
5 175 1695
29 146 1696
22 137 1697
30 55 1698
21 167 1699
33 141 1700
24 84 1701
23 118 1702
4 170 1703
3 138 1704
15 75 1705
31 79 1706
31 138 1707
31 140 1708
34 35 1709
34 65 1710
31 129 1711
20 157 1712
2 166 1713
24 87 1714
26 177 1715
29 137 1716
8 156 1717
12 170 1718
17 61 1719
20 76 1720
7 44 1721
20 134 1722
27 77 1723
1 114 1724
31 172 1725
11 77 1726
33 172 1727
33 146 1728
33 67 1729
20 167 1730
14 154 1731
32 48 1732
5 41 1733
31 40 1734
14 51 1735
23 65 1736
1 94 1737
1 103 1738
16 70 1739
5 159 1740
15 51 1741
31 161 1742
14 159 1743
5 167 1744
26 45 1745
11 35 1746
29 123 1747
16 67 1748
19 63 1749
21 42 1750
13 41 1751
13 167 1752
17 167 1753
19 61 1754
27 138 1755
31 170 1756
26 76 1757
23 140 1758
28 56 1759
26 134 1760
28 156 1761
34 47 1762
10 14 1763
23 48 1764
4 60 1765
4 90 1766
13 36 1767
14 179 1768
6 79 1769
10 47 1770
5 171 1771
1 82 1772
10 51 1773
22 162 1774
33 144 1775
5 36 1776
5 46 1777
28 144 1778
5 154 1779
34 78 1780
26 171 1781
8 139 1782
4 144 1783
15 61 1784
33 156 1785
31 174 1786
14 175 1787
24 86 1788
29 106 1789
17 157 1790
34 40 1791
15 39 1792
28 141 1793
4 69 1794
13 157 1795
23 40 1796
30 74 1797
14 38 1798
32 65 1799
24 143 1800
22 127 1801
8 62 1802
13 43 1803
2 173 1804
32 63 1805
9 139 1806
20 65 1807
22 68 1808
5 45 1809
20 42 1810
6 17 1811
14 157 1812
33 87 1813
23 66 1814
12 17 1815
23 170 1816
10 41 1817
34 36 1818
9 68 1819
19 42 1820
23 49 1821
32 134 1822
1 88 1823
1 178 1824
34 43 1825
17 171 1826
30 117 1827
28 128 1828
31 125 1829
1 124 1830
19 44 1831
34 90 1832
8 98 1833
18 49 1834
28 136 1835
5 37 1836
30 53 1837
13 154 1838
8 70 1839
14 43 1840
17 158 1841
14 36 1842
18 50 1843
18 144 1844
34 79 1845
2 96 1846
8 146 1847
28 105 1848
2 101 1849
26 65 1850
33 68 1851
4 137 1852
13 171 1853
22 106 1854
33 95 1855
20 171 1856
22 97 1857
34 60 1858
1 96 1859
28 52 1860
30 91 1861
23 172 1862
30 72 1863
27 174 1864
24 122 1865
18 90 1866
29 84 1867
10 37 1868
34 69 1869
17 134 1870
24 133 1871
20 48 1872
30 135 1873
33 139 1874
1 119 1875
26 161 1876
31 35 1877
29 86 1878
28 164 1879
29 105 1880
5 157 1881
3 63 1882
34 76 1883
3 170 1884
18 147 1885
25 52 1886
17 42 1887
2 124 1888
22 52 1889
31 65 1890
24 116 1891
34 48 1892
34 61 1893
2 168 1894
31 118 1895
5 177 1896
10 179 1897
23 63 1898
18 70 1899
2 178 1900
8 141 1901
1 131 1902
14 134 1903
17 65 1904
23 79 1905
13 45 1906
30 82 1907
22 156 1908
2 91 1909
4 50 1910
33 125 1911
14 177 1912
24 166 1913
25 86 1914
16 106 1915
14 45 1916
31 62 1917
4 172 1918
23 70 1919
2 119 1920
33 136 1921
27 140 1922
1 116 1923
27 40 1924
8 101 1925
16 115 1926
17 48 1927
25 143 1928
29 93 1929
1 87 1930
3 172 1931
6 60 1932
31 162 1933
25 123 1934
1 85 1935
7 65 1936
10 38 1937
10 76 1938
20 44 1939
13 61 1940
33 128 1941
33 98 1942
2 131 1943
20 77 1944
21 158 1945
32 77 1946
2 114 1947
26 138 1948
2 94 1949
2 103 1950
10 25 1951
31 67 1952
7 49 1953
1 187 1954
13 37 1955
5 42 1956
5 134 1957
10 78 1958
21 44 1959
24 99 1960
13 76 1961
17 63 1962
31 49 1963
31 69 1964
2 187 1965
18 71 1966
29 113 1967
11 137 1968
30 130 1969
34 39 1970
4 71 1971
10 158 1972
19 174 1973
32 44 1974
4 67 1975
25 55 1976
6 122 1977
6 70 1978
7 118 1979
18 162 1980
2 85 1981
1 168 1982
16 50 1983
33 52 1984
14 76 1985
13 158 1986
26 48 1987
7 48 1988
7 140 1989
10 175 1990
3 40 1991
15 78 1992
7 66 1993
18 140 1994
33 119 1995
20 61 1996
33 56 1997
16 128 1998
19 77 1999
18 172 2000
18 60 2001
23 35 2002
29 156 2003
19 140 2004
10 154 2005
22 136 2006
28 143 2007
2 135 2008
3 77 2009
19 161 2010
2 82 2011
31 66 2012
32 174 2013
3 118 2014
19 158 2015
5 158 2016
30 151 2017
20 161 2018
10 171 2019
30 88 2020
14 171 2021
18 146 2022
20 158 2023
17 44 2024
30 92 2025
14 63 2026
19 138 2027
32 118 2028
4 68 2029
33 116 2030
10 46 2031
15 157 2032
29 53 2033
24 135 2034
31 60 2035
33 106 2036
11 170 2037
14 42 2038
15 38 2039
21 134 2040
11 140 2041
6 172 2042
26 63 2043
30 102 2044
18 69 2045
18 67 2046
30 64 2047
24 102 2048
3 66 2049
31 50 2050
11 44 2051
15 177 2052
25 162 2053
31 146 2054
2 142 2055
19 118 2056
13 46 2057
18 35 2058
7 138 2059
10 42 2060
14 61 2061
33 57 2062
12 141 2063
4 143 2064
6 16 2065
7 35 2066
17 77 2067
10 167 2068
34 68 2069
22 164 2070
34 45 2071
5 63 2072
32 161 2073
1 91 2074
15 42 2075
6 90 2076
7 170 2077
1 81 2078
10 36 2079
31 127 2080
31 56 2081
22 74 2082
24 131 2083
4 136 2084
33 86 2085
20 141 2086
24 53 2087
33 164 2088
34 70 2089
12 139 2090
20 138 2091
11 162 2092
15 158 2093
32 138 2094
34 37 2095
4 56 2096
5 61 2097
16 172 2098
31 90 2099
6 141 2100
15 37 2101
18 68 2102
25 164 2103
31 137 2104
29 143 2105
34 66 2106
9 97 2107
9 123 2108
21 77 2109
6 146 2110
8 52 2111
16 68 2112
13 177 2113
21 138 2114
24 57 2115
6 98 2116
13 134 2117
7 79 2118
1 142 2119
13 161 2120
11 106 2121
22 147 2122
18 125 2123
12 116 2124
16 141 2125
29 133 2126
4 125 2127
7 40 2128
20 170 2129
20 63 2130
9 144 2131
34 50 2132
20 172 2133
16 139 2134
16 62 2135
2 104 2136
32 49 2137
17 161 2138
20 66 2139
34 71 2140
10 138 2141
17 49 2142
24 73 2143
10 134 2144
23 60 2145
1 89 2146
3 35 2147
22 55 2148
6 69 2149
33 74 2150
30 168 2151
6 62 2152
16 147 2153
7 63 2154
25 106 2155
27 35 2156
11 86 2157
21 69 2158
32 140 2159
4 139 2160
6 68 2161
3 79 2162
4 52 2163
28 55 2164
20 162 2165
5 77 2166
4 62 2167
16 17 2168
16 127 2169
4 129 2170
6 50 2171
29 166 2172
5 44 2173
6 95 2174
26 49 2175
33 97 2176
6 67 2177
9 164 2178
22 143 2179
4 95 2180
20 118 2181
12 86 2182
2 117 2183
2 89 2184
21 118 2185
12 87 2186
21 161 2187
1 104 2188
3 69 2189
28 84 2190
16 162 2191
31 156 2192
18 143 2193
19 49 2194
2 163 2195
16 93 2196
1 111 2197
10 43 2198
2 111 2199
5 138 2200
20 40 2201
17 34 2202
19 170 2203
24 64 2204
16 86 2205
28 74 2206
1 181 2207
5 65 2208
24 80 2209
29 99 2210
30 80 2211
7 146 2212
23 50 2213
31 164 2214
32 170 2215
13 44 2216
23 71 2217
7 60 2218
6 71 2219
13 16 2220
13 42 2221
14 174 2222
1 180 2223
30 111 2224
1 163 2225
21 40 2226
24 72 2227
9 53 2228
9 98 2229
1 92 2230
18 141 2231
10 63 2232
21 174 2233
33 133 2234
10 45 2235
25 153 2236
22 123 2237
23 90 2238
2 81 2239
3 71 2240
20 79 2241
3 70 2242
25 136 2243
2 169 2244
19 40 2245
6 162 2246
8 173 2247
26 66 2248
26 118 2249
32 69 2250
14 44 2251
26 40 2252
18 139 2253
21 49 2254
29 173 2255
8 137 2256
14 17 2257
9 156 2258
27 60 2259
10 65 2260
7 172 2261
20 174 2262
15 167 2263
7 174 2264
13 77 2265
9 95 2266
7 139 2267
16 136 2268
34 125 2269
1 152 2270
9 116 2271
11 131 2272
17 118 2273
6 127 2274
15 159 2275
16 126 2276
4 128 2277
16 56 2278
16 105 2279
22 133 2280
31 136 2281
1 169 2282
19 35 2283
18 170 2284
15 179 2285
29 85 2286
34 62 2287
23 144 2288
14 48 2289
29 72 2290
4 146 2291
16 98 2292
21 71 2293
17 69 2294
7 162 2295
23 162 2296
30 73 2297
4 141 2298
2 100 2299
33 123 2300
12 162 2301
27 70 2302
16 123 2303
22 115 2304
29 64 2305
2 92 2306
8 122 2307
3 141 2308
17 140 2309
25 84 2310
33 105 2311
20 125 2312
24 163 2313
11 156 2314
32 35 2315
8 144 2316
22 153 2317
5 48 2318
12 66 2319
29 102 2320
30 103 2321
1 165 2322
25 53 2323
30 96 2324
34 56 2325
6 129 2326
14 138 2327
33 145 2328
19 66 2329
18 62 2330
31 52 2331
11 181 2332
1 150 2333
20 49 2334
32 79 2335
8 133 2336
13 63 2337
26 172 2338
8 119 2339
16 116 2340
16 145 2341
4 86 2342
10 177 2343
15 76 2344
20 140 2345
16 97 2346
9 127 2347
31 63 2348
28 153 2349
32 172 2350
1 100 2351
6 125 2352
12 156 2353
20 67 2354
24 183 2355
8 143 2356
19 79 2357
24 114 2358
20 35 2359
2 152 2360
15 154 2361
3 144 2362
22 145 2363
31 55 2364
8 105 2365
24 169 2366
3 90 2367
29 178 2368
5 140 2369
10 49 2370
17 170 2371
19 172 2372
23 62 2373
23 67 2374
21 79 2375
34 46 2376
3 60 2377
26 98 2378
4 84 2379
5 161 2380
6 164 2381
23 69 2382
29 57 2383
17 60 2384
21 60 2385
19 162 2386
32 50 2387
1 117 2388
3 129 2389
24 96 2390
16 183 2391
32 129 2392
17 23 2393
18 164 2394
33 153 2395
1 58 2396
9 86 2397
30 104 2398
2 58 2399
21 66 2400
10 157 2401
15 43 2402
23 129 2403
10 48 2404
23 125 2405
4 55 2406
18 136 2407
15 36 2408
7 125 2409
34 67 2410
7 90 2411
18 52 2412
2 181 2413
13 65 2414
18 55 2415
6 128 2416
21 70 2417
24 107 2418
1 151 2419
16 80 2420
5 118 2421
30 114 2422
19 71 2423
17 66 2424
15 138 2425
5 174 2426
29 88 2427
1 155 2428
26 50 2429
7 71 2430
29 142 2431
24 88 2432
32 86 2433
28 53 2434
7 98 2435
15 45 2436
23 68 2437
2 165 2438
32 90 2439
6 139 2440
17 35 2441
33 55 2442
22 53 2443
16 144 2444
7 52 2445
32 60 2446
16 125 2447
14 144 2448
23 95 2449
7 67 2450
7 34 2451
6 52 2452
6 97 2453
17 141 2454
26 95 2455
16 94 2456
1 160 2457
6 106 2458
24 112 2459
19 90 2460
7 95 2461
29 131 2462
19 69 2463
1 121 2464
11 187 2465
3 67 2466
24 160 2467
7 56 2468
24 58 2469
26 106 2470
23 139 2471
2 180 2472
11 85 2473
19 60 2474
19 129 2475
12 143 2476
2 151 2477
17 70 2478
20 71 2479
5 35 2480
1 108 2481
12 147 2482
19 50 2483
9 133 2484
16 133 2485
14 95 2486
14 67 2487
1 110 2488
28 72 2489
7 62 2490
13 19 2491
31 133 2492
16 135 2493
16 164 2494
20 62 2495
30 83 2496
2 155 2497
6 87 2498
14 118 2499
14 147 2500
5 49 2501
6 10 2502
16 143 2503
21 140 2504
23 164 2505
2 109 2506
8 99 2507
14 106 2508
2 150 2509
20 60 2510
32 136 2511
17 90 2512
7 69 2513
23 56 2514
4 99 2515
8 94 2516
2 108 2517
8 84 2518
1 109 2519
16 103 2520
22 105 2521
34 127 2522
3 16 2523
11 122 2524
19 141 2525
1 149 2526
28 73 2527
23 87 2528
12 133 2529
10 70 2530
16 55 2531
12 97 2532
5 170 2533
26 141 2534
25 92 2535
14 129 2536
12 91 2537
7 50 2538
9 131 2539
33 142 2540
4 88 2541
33 168 2542
4 82 2543
5 40 2544
24 104 2545
5 162 2546
5 143 2547
1 120 2548
16 153 2549
34 87 2550
4 80 2551
6 137 2552
8 93 2553
10 136 2554
2 110 2555
26 80 2556
19 67 2557
21 150 2558
10 66 2559
8 124 2560
10 77 2561
19 68 2562
23 55 2563
21 147 2564
29 148 2565
22 163 2566
16 130 2567
24 168 2568
14 98 2569
11 143 2570
14 172 2571
16 165 2572
1 83 2573
7 115 2574
8 180 2575
12 122 2576
7 136 2577
16 102 2578
8 131 2579
1 112 2580
30 155 2581
2 160 2582
9 57 2583
15 48 2584
10 131 2585
4 153 2586
14 68 2587
20 164 2588
15 170 2589
20 70 2590
11 119 2591
8 107 2592
16 107 2593
16 19 2594
16 168 2595
23 136 2596
24 91 2597
31 53 2598
8 135 2599
17 68 2600
16 84 2601
12 16 2602
13 69 2603
26 131 2604
5 66 2605
19 70 2606
9 119 2607
28 148 2608
6 136 2609
10 170 2610
9 122 2611
21 115 2612
2 121 2613
3 68 2614
34 98 2615
24 89 2616
11 101 2617
19 164 2618
13 66 2619
16 114 2620
7 127 2621
24 148 2622
28 64 2623
3 156 2624
27 146 2625
4 130 2626
5 10 2627
1 185 2628
34 123 2629
29 91 2630
3 56 2631
26 144 2632
7 156 2633
23 123 2634
27 156 2635
9 84 2636
2 83 2637
10 18 2638
13 68 2639
2 149 2640
17 26 2641
19 125 2642
25 183 2643
2 120 2644
8 153 2645
3 15 2646
5 144 2647
6 56 2648
3 133 2649
16 96 2650
10 178 2651
6 135 2652
11 144 2653
10 67 2654
3 62 2655
10 162 2656
19 128 2657
3 125 2658
23 153 2659
5 79 2660
10 164 2661
21 139 2662
16 73 2663
34 128 2664
3 187 2665
16 64 2666
20 127 2667
5 128 2668
7 101 2669
9 163 2670
3 126 2671
11 89 2672
11 100 2673
23 111 2674
10 106 2675
31 97 2676
12 88 2677
14 116 2678
16 100 2679
23 72 2680
26 156 2681
7 164 2682
10 26 2683
23 97 2684
22 166 2685
8 57 2686
13 35 2687
6 57 2688
10 143 2689
7 113 2690
8 181 2691
9 85 2692
12 93 2693
34 55 2694
12 117 2695
14 128 2696
9 94 2697
15 128 2698
3 99 2699
13 15 2700
22 84 2701
22 102 2702
7 122 2703
9 148 2704
2 185 2705
19 139 2706
13 90 2707
14 26 2708
20 52 2709
16 89 2710
8 91 2711
13 172 2712
26 178 2713
8 148 2714
15 119 2715
23 106 2716
3 87 2717
26 119 2718
12 53 2719
25 166 2720
22 168 2721
9 152 2722
34 106 2723
8 85 2724
10 140 2725
13 122 2726
10 144 2727
5 50 2728
10 35 2729
8 151 2730
7 116 2731
9 91 2732
13 164 2733
15 95 2734
19 56 2735
8 103 2736
2 184 2737
15 129 2738
15 106 2739
11 94 2740
23 145 2741
17 156 2742
34 105 2743
15 156 2744
19 87 2745
4 15 2746
9 169 2747
34 115 2748
1 184 2749
25 81 2750
6 145 2751
8 117 2752
11 133 2753
31 124 2754
12 146 2755
6 185 2756
10 183 2757
5 125 2758
23 53 2759
10 117 2760
20 151 2761
12 99 2762
17 166 2763
34 113 2764
1 15 2765
17 173 2766
34 95 2767
10 156 2768
5 15 2769
13 108 2770
15 66 2771
9 117 2772
34 97 2773
13 87 2774
13 91 2775
3 93 2776
22 148 2777
7 130 2778
3 123 2779
6 173 2780
12 148 2781
7 173 2782
17 29 2783
16 155 2784
10 99 2785
34 93 2786
15 99 2787
27 93 2788
15 141 2789
10 168 2790
9 151 2791
5 16 2792
34 116 2793
1 182 2794
3 57 2795
15 122 2796
15 101 2797
6 81 2798
10 16 2799
15 172 2800
20 109 2801
34 86 2802
8 108 2803
15 74 2804
13 117 2805
7 19 2806
10 122 2807
34 72 2808
15 146 2809
10 94 2810
7 149 2811
2 15 2812
15 100 2813
5 130 2814
34 99 2815
10 19 2816
9 109 2817
15 168 2818
15 23 2819
12 184 2820
7 152 2821
34 53 2822
12 21 2823
15 97 2824
34 85 2825
10 187 2826
13 148 2827
6 15 2828
14 74 2829
34 122 2830
15 186 2831
9 108 2832
15 26 2833
10 107 2834
34 102 2835
15 183 2836
34 88 2837
34 119 2838
10 23 2839
34 74 2840
9 182 2841
34 126 2842
10 133 2843
3 10 2844
4 16 2845
34 80 2846
34 73 2847
12 124 2848
34 94 2849
34 114 2850
10 126 2851
34 64 2852
15 133 2853
34 96 2854
34 117 2855
34 103 2856
34 124 2857
15 16 2858
34 104 2859
14 15 2860
34 111 2861
15 19 2862
10 15 2863
15 17 2864
15 148 2865
34 110 2866
15 107 2867
34 58 2868
