1 2 575
1 3 671
1 4 767
1 5 456
1 6 451
1 7 280
1 8 386
1 9 353
1 10 709
1 11 564
1 12 764
1 13 843
1 14 424
1 15 360
1 16 1022
1 17 62
1 18 109
1 19 147
1 20 281
1 21 957
1 22 149
1 23 207
1 24 152
1 25 489
1 26 88
1 27 196
1 28 436
1 29 471
1 30 426
1 31 251
1 32 178
1 33 1377
1 34 327
1 35 469
1 36 810
1 37 738
1 38 836
1 39 1151
1 40 1208
1 41 1110
1 42 1037
1 43 922
1 44 913
1 45 883
1 46 980
1 47 723
1 48 590
1 49 685
1 50 587
1 51 662
1 52 1242
1 53 1460
1 54 1405
1 55 1352
1 56 2128
1 57 1641
1 58 1624
1 59 1528
1 60 1565
1 61 1613
1 62 1705
1 63 1791
1 65 1792
1 66 1694
1 67 1773
1 68 1735
1 69 1904
1 70 2196
1 73 2298
1 75 2515
1 76 2751
1 78 2837
1 82 4814
1 83 5023
1 85 4970
1 86 5007
1 87 5010
1 88 5060
1 90 5088
1 91 5071
1 95 4903
1 96 4937
1 98 4863
1 99 4676
1 100 4538
1 101 3806
1 102 3271
2 3 726
2 4 832
2 5 515
2 6 510
2 7 328
2 8 441
2 9 393
2 10 724
2 11 619
2 12 829
2 13 889
2 14 475
2 15 416
2 16 1094
2 17 81
2 18 145
2 19 182
2 20 302
2 21 901
2 22 151
2 23 223
2 24 169
2 25 511
2 26 104
2 27 218
2 28 465
2 29 491
2 30 455
2 31 288
2 32 212
2 33 1338
2 34 350
2 35 493
2 37 748
2 38 831
2 39 1157
2 40 1221
2 41 1126
2 42 1070
2 43 962
2 44 945
2 45 907
2 46 998
2 47 749
2 48 639
2 50 603
2 51 697
2 52 1267
2 53 1500
2 54 1451
2 55 1385
2 56 2136
2 57 1655
2 58 1628
2 59 1533
2 60 1585
2 61 1644
2 62 1748
2 63 1834
2 64 1943
2 65 1837
2 66 1739
2 67 1813
2 68 1761
2 69 1925
2 70 2220
2 72 2137
2 73 2291
2 74 2319
2 75 2513
2 76 2745
2 77 2694
2 78 2835
2 79 3444
2 80 3729
2 81 4358
2 82 4777
2 83 5002
2 84 4840
2 85 4944
2 86 4979
2 87 5001
2 88 5053
2 89 5081
2 90 5086
2 91 5052
2 92 5082
2 93 4961
2 95 4876
2 96 4917
2 98 4842
2 99 4679
2 100 4544
2 101 3820
2 102 3266
3 4 910
3 5 628
3 6 623
3 7 420
3 8 534
3 9 496
3 10 757
3 11 721
3 12 908
3 13 965
3 14 566
3 15 532
3 16 1155
3 17 146
3 18 237
3 19 303
3 20 457
3 21 948
3 22 312
3 23 382
3 24 331
3 25 701
3 26 221
3 27 376
3 28 650
3 30 647
3 31 499
3 32 375
3 33 1430
3 34 520
3 35 657
3 37 919
3 38 1004
3 39 1284
3 40 1393
3 41 1256
3 42 1187
3 43 1096
3 44 1079
3 45 1054
3 47 936
3 49 900
3 50 795
3 51 867
3 52 1370
3 53 1571
3 54 1536
3 55 1480
3 56 2150
3 57 1764
3 58 1721
3 59 1633
3 60 1670
3 61 1717
3 62 1807
3 63 1889
3 64 1977
3 65 1878
3 66 1800
3 67 1868
3 68 1820
3 69 1983
3 70 2280
3 72 2214
3 73 2359
3 75 2563
3 76 2791
3 77 2741
3 78 2900
3 79 3473
3 80 3754
3 81 4405
3 82 4782
3 83 5008
3 84 4858
3 85 4972
3 86 5006
3 88 5059
3 90 5090
3 91 5075
3 92 5091
3 93 5004
3 94 5072
3 95 4933
3 96 4957
3 98 4898
3 99 4720
3 100 4587
3 101 3864
4 5 758
4 6 763
4 7 543
4 8 684
4 9 630
4 10 934
4 11 864
4 12 1024
4 13 1063
4 14 680
4 15 643
4 16 1266
4 17 258
4 18 370
4 19 452
4 20 596
4 21 1060
4 22 385
4 23 518
4 24 449
4 25 841
4 26 330
4 27 478
4 28 779
4 29 814
4 30 761
4 31 633
4 32 495
4 33 1479
4 34 644
4 35 781
4 36 1027
4 37 1000
4 38 1088
4 39 1371
4 40 1485
4 41 1339
4 42 1312
4 43 1215
4 44 1186
4 45 1180
4 46 1249
4 47 1050
4 48 973
4 49 1016
4 50 916
4 51 1007
4 52 1491
4 53 1684
4 54 1658
4 55 1601
4 56 2285
4 57 1881
4 58 1821
4 59 1736
4 60 1780
4 61 1838
4 62 1926
4 63 2017
4 64 2132
4 65 1999
4 66 1898
4 67 1944
4 68 1911
4 69 2075
4 70 2377
4 71 2405
4 72 2245
4 73 2398
4 74 2409
4 75 2614
4 76 2849
4 77 2776
4 78 2962
4 79 3534
4 80 3801
4 81 4418
4 82 4781
4 83 4995
4 84 4833
4 85 4964
4 86 4974
4 87 4976
4 88 5036
4 89 5080
4 90 5083
4 91 5044
4 92 5078
4 93 4931
4 94 5034
4 95 4829
4 96 4885
4 98 4810
4 99 4639
4 100 4514
4 101 3808
4 102 3263
5 6 460
5 7 228
5 8 357
5 9 301
5 10 655
5 11 583
5 12 792
5 13 821
5 14 389
5 15 352
5 16 1090
5 17 74
5 18 141
5 19 202
5 20 311
5 21 801
5 22 164
5 23 279
5 24 231
5 25 598
5 26 133
5 27 255
5 28 567
5 29 579
5 30 562
5 31 430
5 32 294
5 33 1296
5 34 437
5 35 577
5 36 863
5 37 866
5 38 950
5 39 1235
5 40 1366
5 41 1218
5 42 1184
5 43 1080
5 44 1067
5 45 1040
5 46 1101
5 47 848
5 48 774
5 49 834
5 50 694
5 51 825
5 52 1350
5 53 1564
5 54 1538
5 55 1471
5 56 2153
5 57 1770
5 58 1692
5 59 1595
5 60 1643
5 61 1713
5 62 1818
5 63 1906
5 64 2030
5 65 1895
5 66 1775
5 67 1829
5 68 1790
5 69 1947
5 70 2244
5 71 2273
5 72 2133
5 73 2288
5 74 2295
5 75 2509
5 76 2721
5 77 2648
5 78 2793
5 79 3406
5 80 3674
5 81 4242
5 82 4721
5 83 4947
5 84 4765
5 85 4913
5 86 4930
5 87 4950
5 88 5019
5 89 5077
5 90 5079
5 91 5026
5 92 5076
5 93 4923
5 94 5015
5 95 4818
5 96 4881
5 97 4823
5 98 4797
5 99 4652
5 100 4518
5 101 3815
5 102 3261
6 7 234
6 8 404
6 9 342
6 10 670
6 11 631
6 12 830
6 13 862
6 14 461
6 15 418
6 16 1122
6 17 105
6 18 175
6 19 238
6 20 368
6 21 797
6 22 194
6 23 345
6 24 269
6 25 669
6 26 172
6 27 307
6 28 612
6 29 629
6 30 597
6 31 470
6 32 343
6 33 1305
6 34 480
6 35 632
6 37 920
6 38 993
6 39 1306
6 40 1425
6 41 1277
6 42 1245
6 43 1165
6 44 1134
6 45 1113
6 46 1190
6 47 929
6 48 869
6 49 926
6 50 833
6 51 971
6 52 1449
6 53 1647
6 54 1631
6 55 1563
6 56 2188
6 57 1846
6 58 1776
6 59 1683
6 60 1731
6 61 1809
6 62 1914
6 63 2007
6 64 2158
6 65 2009
6 66 1892
6 67 1940
6 68 1910
6 69 2061
6 70 2355
6 71 2370
6 72 2215
6 73 2376
6 74 2373
6 75 2576
6 76 2789
6 77 2692
6 78 2859
6 79 3441
6 80 3679
6 81 4221
6 82 4648
6 83 4894
6 85 4822
6 86 4831
6 87 4854
6 88 4949
6 90 5054
6 91 4925
6 92 5013
6 93 4763
6 94 4934
6 95 4695
6 96 4750
6 97 4724
6 98 4734
6 99 4595
6 100 4448
6 101 3788
6 102 3255
7 8 160
7 9 124
7 10 399
7 11 341
7 12 519
7 13 540
7 14 179
7 15 123
7 16 918
7 17 10
7 18 29
7 19 48
7 20 91
7 21 395
7 22 37
7 23 96
7 24 73
7 25 336
7 26 36
7 27 86
7 28 296
7 30 262
7 31 161
7 32 93
7 33 951
7 34 168
7 35 263
7 36 558
7 37 544
7 38 686
7 39 981
7 40 1150
7 41 972
7 42 927
7 43 818
7 44 755
7 45 725
7 46 826
7 47 542
7 48 477
7 49 557
7 50 400
7 51 545
7 52 1129
7 53 1328
7 54 1322
7 55 1233
7 56 1798
7 57 1577
7 58 1509
7 59 1422
7 60 1492
7 62 1747
7 63 1870
7 64 2012
7 65 1897
7 66 1760
7 67 1833
7 68 1795
7 69 1929
7 72 2127
7 73 2257
7 74 2261
7 75 2456
7 76 2642
7 77 2545
7 79 3254
7 81 3967
7 83 4769
7 86 4699
7 87 4771
7 88 4905
7 90 4991
7 91 4887
7 92 4997
7 93 4783
7 94 4935
7 95 4732
7 96 4780
7 97 4753
7 98 4786
7 99 4668
7 100 4520
7 101 3892
7 102 3386
8 9 257
8 10 626
8 11 533
8 12 752
8 13 782
8 14 377
8 15 314
8 16 1137
8 17 68
8 18 130
8 19 184
8 20 275
8 21 771
8 22 134
8 23 248
8 24 199
8 25 547
8 26 116
8 27 227
8 28 527
8 29 537
8 30 516
8 31 371
8 32 264
8 33 1261
8 34 397
8 35 541
8 36 837
8 37 857
8 38 932
8 39 1231
8 40 1319
8 41 1203
8 42 1167
8 43 1073
8 44 1034
8 45 984
8 46 1036
8 47 791
8 48 714
8 49 799
8 50 641
8 51 775
8 52 1300
8 53 1501
8 54 1481
8 55 1390
8 56 2056
8 57 1673
8 58 1592
8 59 1506
8 60 1555
8 61 1645
8 62 1746
8 63 1847
8 64 1990
8 65 1856
8 66 1743
8 67 1812
8 68 1767
8 69 1917
8 70 2175
8 71 2189
8 72 2094
8 73 2238
8 74 2253
8 75 2469
8 76 2660
8 77 2583
8 78 2722
8 79 3292
8 80 3507
8 81 3974
8 82 4486
8 83 4767
8 84 4536
8 85 4683
8 86 4670
8 87 4739
8 88 4860
8 89 4967
8 90 4982
8 91 4839
8 92 4955
8 93 4690
8 94 4870
8 95 4616
8 96 4703
8 97 4644
8 98 4685
8 99 4558
8 100 4381
8 101 3772
8 102 3242
9 10 529
9 11 415
9 12 624
9 13 651
9 14 249
9 15 190
9 16 1049
9 17 21
9 18 55
9 19 84
9 20 144
9 21 634
9 22 58
9 23 115
9 24 89
9 25 355
9 26 41
9 27 92
9 28 318
9 29 310
9 30 295
9 31 165
9 32 98
9 33 1130
9 34 170
9 35 243
9 36 550
9 37 503
9 38 600
9 39 963
9 40 1076
9 41 923
9 42 871
9 43 741
9 44 715
9 45 656
9 46 734
9 47 488
9 48 407
9 49 464
9 50 291
9 51 425
9 52 1025
9 53 1254
9 54 1237
9 55 1152
9 57 1475
9 58 1413
9 59 1323
9 60 1395
9 61 1486
9 62 1608
9 63 1722
9 64 1865
9 65 1738
9 66 1610
9 67 1687
9 68 1649
9 69 1806
9 70 2079
9 71 2095
9 72 2014
9 73 2154
9 74 2193
9 75 2420
9 76 2584
9 77 2533
9 78 2674
9 79 3218
9 80 3461
9 81 3932
9 82 4461
9 83 4752
9 84 4525
9 85 4681
9 86 4688
9 87 4759
9 88 4874
9 89 4977
9 90 4989
9 91 4850
9 92 4963
9 93 4702
9 94 4879
9 95 4624
9 96 4715
9 97 4660
9 98 4707
9 99 4568
9 100 4387
9 101 3776
9 102 3243
10 11 731
10 12 890
10 13 949
10 14 594
10 15 513
10 16 1236
10 17 176
10 18 283
10 19 289
10 20 472
10 21 621
10 23 486
10 24 433
10 25 663
10 26 286
10 27 403
10 28 674
10 30 572
10 31 398
10 32 273
10 33 1209
10 34 388
10 35 423
10 37 648
10 38 773
10 39 1084
10 40 1179
10 41 1045
10 42 975
10 43 858
10 44 828
10 45 807
10 46 942
10 47 700
10 49 693
10 50 563
10 51 690
10 52 1227
10 53 1431
10 54 1410
10 55 1351
10 56 1740
10 57 1666
10 58 1691
10 59 1629
10 60 1716
10 62 1884
10 63 2019
10 64 2143
10 65 2064
10 66 1961
10 67 2087
10 68 2069
10 70 2521
10 71 2569
10 72 2493
10 73 2649
10 76 3299
10 77 3165
10 78 3424
10 83 4999
10 84 4890
10 85 4971
10 86 4983
10 87 4986
10 88 5040
10 90 5064
10 91 4996
10 93 4866
10 94 5020
10 95 4817
10 96 4896
10 97 4872
10 98 4921
10 99 4804
10 100 4675
10 101 4227
11 12 921
11 13 903
11 14 490
11 15 428
11 16 1279
11 17 132
11 18 208
11 19 282
11 20 411
11 21 687
11 22 183
11 23 417
11 24 373
11 26 236
11 27 366
11 28 704
11 29 635
11 30 607
11 31 476
11 32 323
11 33 1272
11 34 509
11 35 614
11 36 851
11 37 854
11 38 937
11 39 1253
11 40 1335
11 41 1188
11 42 1181
11 43 1078
11 44 1026
11 45 979
11 46 1015
11 47 750
11 48 654
11 49 746
11 50 560
11 51 711
11 52 1210
11 53 1426
11 54 1445
11 55 1330
11 57 1652
11 58 1560
11 59 1470
11 60 1549
11 61 1637
11 62 1753
11 63 1872
11 64 2042
11 65 1874
11 66 1723
11 67 1789
11 68 1737
11 69 1888
11 70 2149
11 71 2147
11 72 2080
11 73 2201
11 74 2243
11 75 2465
11 76 2616
11 77 2552
11 78 2717
11 79 3194
11 80 3416
11 81 3835
11 82 4311
11 83 4654
11 84 4452
11 85 4607
11 86 4550
11 87 4625
11 88 4760
11 89 4862
11 90 4852
11 91 4669
11 92 4773
11 93 4479
11 94 4725
11 95 4407
11 96 4545
11 97 4507
11 98 4572
11 99 4477
11 100 4234
11 101 3750
11 102 3230
12 13 1062
12 14 678
12 15 606
12 16 1409
12 17 293
12 18 396
12 19 481
12 20 640
12 21 835
12 22 406
12 23 675
12 24 653
12 25 1038
12 26 535
12 27 642
12 28 968
12 29 886
12 30 882
12 31 762
12 32 581
12 33 1424
12 34 802
12 35 894
12 37 1055
12 38 1145
12 39 1447
12 40 1526
12 41 1367
12 42 1363
12 43 1248
12 44 1213
12 45 1195
12 46 1225
12 47 985
12 48 897
12 49 953
12 50 794
12 51 925
12 52 1343
12 53 1551
12 54 1581
12 55 1477
12 56 1955
12 57 1801
12 58 1699
12 59 1600
12 60 1686
12 61 1757
12 62 1879
12 63 1996
12 64 2170
12 65 1995
12 66 1835
12 67 1901
12 68 1848
12 69 2008
12 70 2274
12 71 2258
12 72 2182
12 73 2305
12 74 2362
12 76 2714
12 77 2650
12 78 2839
12 79 3337
12 80 3489
12 81 3911
12 82 4383
12 83 4691
12 84 4531
12 85 4658
12 86 4578
12 87 4609
12 88 4744
12 90 4835
12 91 4598
12 93 4365
12 94 4646
12 95 4295
12 96 4455
12 97 4419
12 98 4516
12 99 4427
12 100 4156
12 101 3734
12 102 3216
13 14 638
13 15 556
13 16 1376
13 17 233
13 18 305
13 19 381
13 20 528
13 21 850
13 22 268
13 23 551
13 24 501
13 25 904
13 26 374
13 27 494
13 28 820
13 30 672
13 31 561
13 32 383
13 33 1360
13 34 588
13 35 688
13 36 875
13 37 865
13 38 943
13 39 1273
13 40 1337
13 41 1197
13 42 1192
13 43 1089
13 44 1021
13 45 978
13 46 1032
13 47 783
13 49 769
13 50 586
13 51 730
13 52 1216
13 53 1440
13 54 1464
13 55 1349
13 57 1675
13 58 1587
13 59 1507
13 60 1598
13 61 1677
13 62 1819
13 63 1932
13 64 2102
13 65 1939
13 66 1793
13 67 1844
13 68 1810
13 69 1960
13 70 2226
13 71 2210
13 72 2144
13 73 2265
13 74 2312
13 75 2503
13 76 2651
13 77 2594
13 78 2767
13 79 3267
13 80 3454
13 81 3861
13 82 4354
13 83 4678
13 84 4519
13 85 4655
13 86 4577
13 87 4604
13 88 4735
13 89 4844
13 90 4820
13 91 4618
13 92 4740
13 93 4413
13 94 4680
13 95 4336
13 96 4497
13 97 4453
13 98 4541
13 99 4428
13 100 4115
13 101 3723
13 102 3226
14 15 163
14 16 1119
14 17 22
14 18 52
14 19 76
14 20 173
14 21 502
14 22 46
14 23 180
14 24 153
14 25 522
14 26 78
14 27 148
14 28 438
14 29 313
14 30 272
14 31 185
14 32 77
14 33 1135
14 34 219
14 35 300
14 36 473
14 37 468
14 38 574
14 39 988
14 40 1035
14 41 885
14 42 881
14 43 729
14 44 667
14 45 636
14 46 649
14 47 359
14 48 260
14 49 378
14 50 197
14 51 325
14 52 872
14 53 1133
14 54 1173
14 55 1011
14 56 1639
14 57 1394
14 58 1298
14 59 1201
14 60 1327
14 61 1434
14 62 1582
14 63 1704
14 64 1887
14 65 1712
14 66 1576
14 67 1623
14 68 1590
14 69 1756
14 70 2003
14 71 1992
14 72 1974
14 73 2090
14 74 2140
14 75 2325
14 76 2458
14 77 2421
14 78 2555
14 79 2892
14 80 3173
14 81 3638
14 82 3899
14 83 4426
14 84 4084
14 85 4377
14 86 4152
14 87 4237
14 88 4468
14 89 4599
14 90 4564
14 91 4254
14 92 4441
14 93 4003
14 94 4422
14 95 3990
14 96 4176
14 97 4142
14 98 4321
14 99 4298
14 100 4005
14 101 3690
14 102 3186
15 16 1071
15 17 12
15 18 24
15 19 49
15 20 119
15 21 346
15 22 27
15 23 135
15 24 114
15 25 458
15 26 56
15 27 102
15 28 367
15 29 253
15 30 210
15 31 137
15 32 47
15 33 994
15 34 156
15 35 211
15 36 361
15 37 348
15 38 462
15 39 905
15 40 946
15 41 747
15 42 739
15 43 592
15 44 555
15 45 506
15 46 507
15 47 215
15 48 154
15 49 232
15 50 87
15 51 177
15 52 707
15 53 983
15 54 1043
15 55 876
15 56 1476
15 57 1308
15 58 1198
15 59 1104
15 60 1258
15 61 1369
15 62 1537
15 63 1671
15 64 1849
15 65 1693
15 66 1539
15 67 1591
15 68 1543
15 69 1711
15 70 1968
15 71 1954
15 72 1942
15 73 2062
15 74 2107
15 75 2284
15 76 2422
15 77 2384
15 78 2518
15 79 2844
15 81 3594
15 82 3855
15 83 4373
15 84 4073
15 85 4416
15 86 4174
15 87 4292
15 88 4510
15 89 4606
15 90 4576
15 91 4287
15 92 4464
15 93 4063
15 94 4460
15 95 4027
15 96 4238
15 97 4208
15 98 4366
15 99 4312
15 100 4004
15 101 3709
15 102 3201
16 17 846
16 18 914
16 19 1064
16 20 1149
16 21 1193
16 23 1178
16 24 1182
16 25 1433
16 26 1161
16 27 1262
16 28 1474
16 29 1295
16 30 1317
16 31 1251
16 32 1112
16 33 1648
16 34 1274
16 35 1368
16 36 1483
16 37 1511
16 38 1546
16 39 1828
16 40 1851
16 41 1771
16 42 1779
16 43 1730
16 44 1696
16 45 1669
16 46 1659
16 49 1496
16 50 1427
16 51 1552
16 52 1855
16 53 1991
16 54 2049
16 55 1936
16 56 1869
16 57 2190
16 58 2161
16 59 2104
16 60 2217
16 62 2444
16 63 2600
16 64 2898
16 65 2655
16 67 2534
16 68 2470
16 69 2619
16 71 2977
16 72 2911
16 73 3080
16 76 3514
16 77 3362
16 78 3526
16 80 4069
16 81 4554
16 82 4641
16 86 4788
16 87 4708
16 88 4819
16 89 4886
16 90 4785
16 91 4582
16 92 4736
16 96 4535
16 98 4610
16 99 4585
16 100 4369
16 101 3929
16 102 3491
17 18 1
17 19 7
17 21 108
17 22 2
17 23 33
17 24 30
17 25 204
17 26 11
17 27 28
17 28 181
17 29 103
17 30 90
17 31 53
17 32 13
17 33 765
17 34 72
17 35 113
17 36 220
17 37 229
17 38 319
17 39 796
17 40 819
17 41 618
17 42 616
17 43 487
17 44 427
17 45 362
17 49 126
17 50 34
17 51 83
17 52 549
17 53 852
17 54 912
17 55 716
17 56 1290
17 57 1200
17 58 1095
17 59 982
17 60 1169
17 62 1453
17 63 1594
17 65 1617
17 66 1443
17 67 1495
17 68 1435
17 69 1614
17 70 1882
17 72 1883
17 73 1984
17 74 2047
17 75 2212
17 76 2342
17 77 2294
17 78 2448
17 79 2746
17 81 3520
17 82 3802
17 83 4229
17 84 3994
17 85 4357
17 86 4091
17 87 4302
17 88 4529
17 89 4634
17 90 4579
17 91 4297
17 92 4489
17 93 4096
17 94 4478
17 95 4074
17 96 4313
17 97 4291
17 98 4434
17 99 4359
17 100 4022
17 101 3714
17 102 3202
18 19 17
18 20 44
18 21 167
18 22 8
18 23 66
18 24 61
18 25 298
18 26 31
18 27 60
18 28 266
18 29 171
18 30 136
18 31 85
18 32 23
18 33 789
18 34 94
18 35 131
18 36 225
18 37 216
18 38 332
18 39 798
18 40 823
18 41 609
18 42 604
18 43 485
18 44 434
18 45 379
18 46 344
18 47 112
18 48 75
18 49 139
18 50 43
18 51 106
18 52 580
18 53 879
18 54 954
18 55 760
18 56 1257
18 57 1246
18 58 1170
18 59 1082
18 60 1250
18 61 1365
18 62 1544
18 63 1690
18 64 1871
18 65 1733
18 66 1561
18 67 1604
18 68 1569
18 69 1742
18 70 1976
18 71 1975
18 72 1993
18 73 2082
18 74 2146
18 75 2267
18 76 2399
18 77 2345
18 78 2486
18 79 2801
18 81 3530
18 82 3762
18 83 4133
18 84 3976
18 85 4338
18 86 4039
18 87 4137
18 88 4410
18 89 4511
18 90 4447
18 91 4078
18 92 4333
18 93 3944
18 94 4316
18 95 3956
18 96 4177
18 97 4160
18 98 4328
18 99 4259
18 100 3917
18 101 3676
18 102 3184
19 20 82
19 21 155
19 22 14
19 23 118
19 24 120
19 25 439
19 26 79
19 27 128
19 28 413
19 29 235
19 30 239
19 31 186
19 32 67
19 33 824
19 34 192
19 35 240
19 36 337
19 37 347
19 38 467
19 39 928
19 40 966
19 41 766
19 42 787
19 43 689
19 44 610
19 45 576
19 46 524
19 47 244
19 48 187
19 49 287
19 50 121
19 51 252
19 52 784
19 53 1042
19 54 1118
19 55 947
19 56 1356
19 57 1398
19 58 1301
19 59 1212
19 60 1379
19 61 1490
19 62 1653
19 63 1797
19 64 1986
19 65 1830
19 66 1642
19 67 1678
19 68 1626
19 69 1796
19 70 2029
19 71 2010
19 72 2022
19 73 2109
19 74 2165
19 75 2307
19 76 2431
19 77 2371
19 78 2510
19 79 2838
19 80 3043
19 81 3538
19 82 3785
19 83 4201
19 84 4038
19 85 4391
19 86 4062
19 87 4195
19 88 4446
19 89 4552
19 90 4465
19 91 4099
19 92 4342
19 93 3953
19 94 4310
19 95 3948
19 96 4149
19 97 4147
19 98 4332
19 99 4271
19 100 3915
19 101 3686
19 102 3183
20 22 32
20 23 189
20 24 191
20 25 514
20 26 143
20 27 214
20 28 525
20 29 369
20 30 380
20 31 317
20 32 159
20 34 340
20 35 410
20 36 445
20 37 508
20 38 605
20 39 1013
20 40 1044
20 41 878
20 42 893
20 43 812
20 44 727
20 45 665
20 46 530
20 47 333
20 48 250
20 49 356
20 50 166
20 51 285
20 52 809
20 53 1065
20 55 961
20 57 1407
20 58 1299
20 59 1158
20 60 1357
20 61 1472
20 62 1627
20 63 1762
20 64 1952
20 65 1804
20 66 1616
20 67 1656
20 68 1602
20 69 1714
20 70 1912
20 71 1905
20 72 1951
20 73 2033
20 74 2039
20 75 2199
20 76 2316
20 77 2266
20 79 2749
20 80 2840
20 81 3384
20 82 3675
20 83 4002
20 84 3862
20 85 4247
20 86 3882
20 87 4051
20 88 4144
20 89 4436
20 90 4315
20 91 3979
20 92 4105
20 93 3916
20 94 4087
20 95 3935
20 96 4159
20 97 4166
20 98 4322
20 99 4275
20 100 3928
20 101 3692
20 102 3265
21 22 230
21 23 316
21 24 259
21 25 474
21 26 188
21 27 265
21 28 484
21 29 517
21 30 297
21 31 200
21 32 100
21 33 660
21 34 203
21 35 193
21 37 306
21 38 402
21 39 756
21 40 806
21 41 696
21 42 645
21 43 536
21 44 482
21 45 443
21 49 450
21 50 349
21 51 492
21 53 1344
21 54 1325
21 55 1241
21 56 1586
21 57 1589
21 58 1620
21 59 1607
21 60 1749
21 62 1985
21 63 2145
21 64 2275
21 65 2230
21 66 2092
21 67 2205
21 70 2596
21 72 2629
21 73 2783
21 75 3009
21 77 3121
21 78 3375
21 82 4705
21 83 4916
21 86 4853
21 87 4793
21 90 4915
21 91 4811
21 95 4697
21 96 4790
21 98 4900
21 99 4791
21 100 4615
21 101 4325
22 23 57
22 24 69
22 25 290
22 26 40
22 27 64
22 28 326
22 29 117
22 30 224
22 31 162
22 32 70
22 33 658
22 34 158
22 35 157
22 36 256
22 37 217
22 38 315
22 39 759
22 40 717
22 41 591
22 42 578
22 43 504
22 44 414
22 45 365
22 46 209
22 47 80
22 48 35
22 49 110
22 50 19
22 51 54
22 52 422
22 53 732
22 54 815
22 55 595
22 57 1174
22 58 1072
22 59 958
22 60 1103
22 61 1175
22 62 1401
22 63 1568
22 64 1754
22 65 1599
22 66 1412
22 67 1391
22 68 1380
22 69 1524
22 70 1763
22 71 1755
22 72 1782
22 73 1825
22 74 1861
22 75 2043
22 76 2101
22 77 2117
22 78 2269
22 79 2525
22 80 2672
22 81 2978
22 82 3501
22 83 3706
22 84 3699
22 85 3981
22 86 3722
22 87 3868
22 88 4036
22 89 4109
22 90 4114
22 91 3900
22 92 4040
22 93 3848
22 94 4013
22 95 3908
22 96 4138
22 97 4066
22 98 4392
22 99 4339
22 100 3977
22 101 3719
22 102 3045
23 24 278
23 25 617
23 26 242
23 27 334
23 28 702
23 29 571
23 30 565
23 31 497
23 32 292
23 33 1012
23 34 552
23 35 599
23 36 699
23 37 666
23 38 745
23 39 1176
23 40 1172
23 41 1017
23 42 1005
23 43 967
23 44 892
23 45 840
23 46 703
23 47 444
23 48 405
23 49 500
23 50 247
23 51 387
23 52 880
23 53 1141
23 54 1204
23 55 1039
23 56 1255
23 57 1454
23 58 1336
23 59 1240
23 60 1417
23 61 1489
23 62 1621
23 63 1784
23 64 1956
23 65 1811
23 66 1634
23 67 1674
23 68 1603
23 69 1728
23 70 1958
23 71 1934
23 72 1963
23 73 2021
23 74 2084
23 75 2223
23 76 2318
23 77 2276
23 78 2450
23 79 2737
23 80 2912
23 81 3415
23 82 3635
23 83 3926
23 84 3829
23 85 4246
23 86 3910
23 87 4008
23 88 4197
23 89 4347
23 90 4245
23 91 3918
23 92 4132
23 93 3821
23 94 4100
23 95 3853
23 96 4055
23 97 4093
23 98 4307
23 99 4232
23 100 3867
23 101 3661
23 102 3169
24 25 713
24 26 354
24 27 431
24 28 811
24 29 652
24 30 659
24 31 602
24 32 409
24 33 1033
24 34 677
24 35 737
24 36 816
24 37 800
24 38 870
24 39 1278
24 40 1243
24 41 1117
24 42 1128
24 43 1085
24 44 999
24 45 956
24 46 803
24 47 521
24 48 479
24 49 584
24 50 304
24 51 459
24 52 935
24 53 1185
24 54 1263
24 55 1099
24 56 1214
24 57 1517
24 58 1384
24 59 1282
24 60 1462
24 61 1531
24 62 1662
24 63 1826
24 64 2023
24 65 1854
24 66 1663
24 67 1700
24 68 1622
24 69 1741
24 70 1970
24 71 1949
24 72 1971
24 73 2025
24 74 2097
24 75 2233
24 76 2322
24 77 2286
24 78 2467
24 79 2771
24 80 2970
24 81 3451
24 82 3671
24 83 3995
24 84 3901
24 85 4363
24 86 4044
24 87 4179
24 88 4367
24 89 4485
24 90 4314
24 91 3951
24 92 4194
24 93 3860
24 94 4175
24 95 3903
24 96 4155
24 97 4202
24 98 4355
24 99 4294
24 100 3870
24 101 3670
24 102 3182
25 27 776
25 28 1107
25 29 976
25 30 996
25 31 930
25 32 772
25 33 1189
25 34 995
25 35 1053
25 37 1102
25 38 1163
25 39 1510
25 40 1446
25 41 1347
25 42 1345
25 43 1309
25 44 1222
25 45 1166
25 46 1002
25 47 785
25 48 735
25 49 856
25 50 568
25 51 706
25 52 1114
25 53 1341
25 54 1411
25 55 1260
25 56 1389
25 57 1635
25 58 1508
25 59 1404
25 60 1580
25 61 1615
25 62 1729
25 63 1891
25 64 2085
25 65 1924
25 66 1752
25 67 1815
25 68 1708
25 70 2060
25 71 2035
25 72 2073
25 73 2114
25 74 2183
25 75 2346
25 77 2387
25 78 2559
25 79 2858
25 81 3481
25 82 3689
25 83 3965
25 84 3859
25 85 4335
25 86 3980
25 87 4123
25 88 4276
25 89 4384
25 90 4235
25 91 3898
25 92 4130
25 93 3856
25 94 4139
25 95 3886
25 96 4150
25 97 4186
25 98 4353
25 99 4277
25 100 3905
25 101 3705
26 27 401
26 28 793
26 29 569
26 30 611
26 31 539
26 32 338
26 33 1047
26 34 589
26 35 646
26 36 710
26 37 664
26 38 736
26 39 1202
26 40 1108
26 41 992
26 42 1001
26 43 938
26 44 868
26 45 804
26 46 601
26 47 321
26 48 254
26 49 364
26 50 127
26 51 226
26 52 691
26 53 987
26 54 1081
26 55 887
26 57 1342
26 58 1220
26 59 1100
26 60 1318
26 61 1359
26 62 1522
26 63 1681
26 64 1894
26 65 1718
26 66 1525
26 67 1573
26 68 1484
26 69 1606
26 70 1866
26 71 1875
26 72 1916
26 73 1959
26 74 2048
26 75 2185
26 76 2259
26 77 2249
26 78 2441
26 79 2709
26 80 2905
26 81 3408
26 82 3646
26 83 3968
26 85 4326
26 86 3955
26 87 4072
26 88 4283
26 89 4424
26 90 4231
26 91 3865
26 92 4082
26 93 3818
26 95 3849
26 96 4070
26 97 4108
26 98 4305
26 99 4260
26 100 3847
26 101 3660
26 102 3168
27 28 778
27 29 526
27 30 570
27 31 498
27 32 270
27 33 1086
27 34 554
27 35 573
27 36 593
27 37 559
27 38 613
27 39 1116
27 40 1008
27 41 895
27 42 933
27 43 838
27 44 728
27 45 668
27 46 546
27 47 267
27 48 198
27 49 322
27 50 97
27 51 174
27 52 615
27 53 952
27 54 1030
27 55 847
27 57 1314
27 58 1196
27 59 1105
27 60 1340
27 61 1374
27 62 1557
27 63 1727
27 64 1931
27 65 1787
27 66 1578
27 67 1632
27 68 1541
27 69 1657
27 70 1909
27 71 1915
27 72 1965
27 73 2015
27 74 2108
27 75 2263
27 76 2344
27 77 2347
27 78 2531
27 79 2821
27 80 3029
27 81 3513
27 82 3759
27 83 4154
27 84 4058
27 85 4491
27 86 4182
27 87 4249
27 88 4382
27 89 4490
27 90 4343
27 91 3909
27 92 4148
27 93 3842
27 94 4146
27 95 3883
27 96 4098
27 97 4122
27 98 4317
27 99 4250
27 100 3827
27 101 3653
27 102 3181
28 29 899
28 30 909
28 31 849
28 32 608
28 33 1268
28 34 884
28 35 898
28 36 877
28 37 839
28 38 906
28 39 1321
28 40 1247
28 41 1083
28 42 1111
28 43 1020
28 44 941
28 45 888
28 46 780
28 47 512
28 48 394
28 49 483
28 50 195
28 51 284
28 52 733
28 53 1048
28 54 1140
28 55 960
28 56 1106
28 57 1438
28 58 1310
28 59 1194
28 60 1420
28 61 1458
28 62 1638
28 63 1805
28 64 2004
28 65 1850
28 66 1636
28 67 1680
28 68 1572
28 69 1679
28 70 1919
28 71 1927
28 72 1978
28 73 2031
28 74 2139
28 75 2290
28 76 2365
28 77 2374
28 78 2558
28 79 2824
28 81 3527
28 82 3770
28 83 4207
28 85 4532
28 86 4226
28 87 4282
28 88 4438
28 89 4527
28 90 4371
28 91 3934
28 92 4206
28 93 3871
28 94 4173
28 96 4097
28 97 4095
28 98 4256
28 99 4198
28 100 3790
28 101 3639
28 102 3177
29 30 777
29 31 679
29 32 453
29 33 1056
29 34 637
29 35 620
29 36 673
29 37 582
29 38 705
29 39 1121
29 40 990
29 41 855
29 42 891
29 43 805
29 44 698
29 45 625
29 46 429
29 47 205
29 48 95
29 49 206
29 50 39
29 51 71
29 52 447
29 53 753
29 54 896
29 55 683
29 58 1164
29 59 1068
29 60 1289
29 61 1304
29 62 1545
29 63 1703
29 64 1903
29 65 1758
29 66 1527
29 67 1519
29 68 1467
29 69 1579
29 70 1827
29 71 1803
29 72 1908
29 73 1930
29 74 1981
29 75 2174
29 76 2216
29 77 2255
29 78 2463
29 79 2686
29 80 2855
29 81 3313
29 82 3720
29 83 3966
29 84 4042
29 85 4481
29 86 4102
29 87 4255
29 88 4396
29 89 4289
29 90 4327
29 91 4043
29 92 4217
29 93 4007
29 94 4181
29 95 3986
29 96 4265
29 97 4168
29 98 4433
29 99 4368
29 100 3924
29 101 3733
29 102 3107
30 31 661
30 32 448
30 33 1077
30 34 742
30 35 788
30 36 770
30 37 682
30 38 786
30 39 1228
30 40 1177
30 41 974
30 42 1014
30 43 939
30 44 873
30 45 822
30 46 692
30 47 392
30 48 339
30 49 384
30 50 140
30 51 245
30 52 740
30 53 1028
30 54 1156
30 55 991
30 56 1003
30 57 1493
30 58 1382
30 59 1311
30 60 1540
30 61 1588
30 62 1781
30 63 1948
30 64 2141
30 65 2002
30 66 1768
30 67 1817
30 68 1710
30 69 1814
30 70 2055
30 71 2058
30 72 2121
30 73 2156
30 74 2232
30 75 2381
30 76 2443
30 77 2432
30 78 2634
30 79 2987
30 80 3233
30 81 3636
30 82 3945
30 83 4360
30 84 4331
30 85 4633
30 86 4423
30 87 4412
30 88 4524
30 89 4586
30 90 4458
30 91 4104
30 92 4378
30 93 4037
30 94 4330
30 95 3940
30 96 4185
30 97 4199
30 98 4356
30 99 4228
30 100 3789
30 101 3637
30 102 3199
31 32 391
31 33 1051
31 34 751
31 35 842
31 36 861
31 37 790
31 38 844
31 39 1285
31 40 1211
31 41 1018
31 42 1120
31 43 1046
31 44 986
31 45 940
31 46 827
31 47 466
31 48 435
31 49 531
31 50 261
31 51 446
31 52 970
31 53 1224
31 54 1332
31 55 1226
31 56 1124
31 57 1654
31 58 1558
31 59 1520
31 60 1715
31 61 1788
31 62 1972
31 63 2162
31 64 2388
31 65 2195
31 66 1953
31 67 1988
31 68 1863
31 69 1937
31 70 2176
31 71 2180
31 72 2247
31 73 2277
31 74 2351
31 75 2500
31 76 2554
31 77 2526
31 78 2760
31 79 3172
31 80 3370
31 81 3755
31 82 4161
31 83 4539
31 84 4502
31 85 4727
31 86 4530
31 87 4473
31 88 4557
31 89 4603
31 90 4500
31 91 4223
31 92 4386
31 93 4071
31 94 4323
31 95 3889
31 96 4094
31 97 4135
31 98 4334
31 99 4170
31 100 3765
31 101 3619
31 102 3190
32 33 944
32 34 553
32 35 627
32 36 681
32 37 585
32 38 622
32 39 1143
32 40 1061
32 41 874
32 42 997
32 43 931
32 44 860
32 45 817
32 46 718
32 47 358
32 48 335
32 49 442
32 50 201
32 51 372
32 52 959
32 53 1223
32 54 1354
32 55 1232
32 56 1109
32 57 1682
32 58 1597
32 59 1575
32 60 1786
32 61 1859
32 62 2077
32 63 2283
32 64 2483
32 65 2304
32 66 2044
32 67 2078
32 68 1957
32 69 2027
32 70 2260
32 71 2262
32 72 2360
32 73 2385
32 74 2427
32 75 2578
32 76 2641
32 77 2604
32 78 2873
32 79 3380
32 81 3936
32 82 4440
32 83 4701
32 84 4662
32 85 4816
32 86 4665
32 87 4597
32 88 4657
32 89 4692
32 90 4593
32 91 4376
32 92 4512
32 93 4218
32 94 4431
32 95 3954
32 96 4158
32 97 4204
32 98 4390
32 99 4222
32 100 3763
32 101 3615
32 102 3193
33 34 1092
33 35 1132
33 37 1229
33 38 1288
33 39 1583
33 40 1478
33 41 1488
33 42 1547
33 43 1514
33 44 1421
33 45 1348
33 47 1154
33 49 1205
33 50 1098
33 51 1244
33 52 1660
33 53 1843
33 54 1899
33 55 1778
33 56 4045
33 57 2050
33 58 2000
33 60 2134
33 62 2425
33 63 2656
33 64 2921
33 65 2761
33 66 2480
33 67 2611
33 68 2492
33 69 2522
33 72 2808
33 73 2951
33 75 3032
33 77 3050
33 78 3372
33 83 4774
33 84 4684
33 85 4784
33 86 4575
33 87 4608
33 89 4663
33 90 4402
33 91 4285
33 93 4290
33 96 4547
33 97 4628
33 98 4756
33 99 4714
33 100 4443
33 101 4141
33 102 3904
34 35 1029
34 37 1031
34 38 1075
34 39 1473
34 40 1415
34 41 1303
34 42 1442
34 43 1387
34 44 1320
34 45 1315
34 46 1265
34 47 955
34 48 911
34 49 1041
34 50 845
34 51 1052
34 52 1498
34 53 1701
34 54 1824
34 55 1726
34 56 1535
34 57 2124
34 58 1997
34 59 1967
34 60 2167
34 61 2250
34 62 2498
34 63 2777
34 64 3198
34 65 2769
34 66 2434
34 67 2454
34 68 2328
34 69 2357
34 70 2587
34 71 2549
34 72 2585
34 73 2622
34 74 2638
34 75 2822
34 76 2901
34 77 2816
34 78 3253
34 79 3625
34 80 3753
34 81 4318
34 82 4661
34 83 4868
34 84 4813
34 85 4929
34 86 4758
34 87 4709
34 88 4747
34 89 4745
34 90 4619
34 91 4454
34 92 4560
34 93 4280
34 94 4445
34 95 3959
34 96 4136
34 97 4205
34 98 4388
34 99 4224
34 100 3756
34 101 3592
34 102 3188
35 36 1183
35 37 1125
35 38 1147
35 39 1559
35 40 1513
35 41 1403
35 42 1567
35 43 1523
35 44 1448
35 45 1459
35 46 1444
35 47 1162
35 48 1131
35 49 1252
35 50 1097
35 51 1307
35 52 1707
35 53 1920
35 54 2045
35 55 1962
35 56 1630
35 57 2408
35 58 2242
35 59 2234
35 60 2451
35 61 2536
35 62 2886
35 63 3428
35 64 3739
35 65 3373
35 66 2726
35 67 2747
35 68 2572
35 69 2581
35 70 2897
35 71 2805
35 72 2843
35 73 2862
35 74 2874
35 75 3162
35 76 3228
35 77 3109
35 78 3467
35 79 3840
35 80 4020
35 81 4596
35 82 4875
35 83 5000
35 84 4965
35 85 5009
35 86 4891
35 87 4800
35 88 4855
35 89 4838
35 90 4741
35 91 4580
35 92 4667
35 94 4556
35 95 3983
35 96 4187
35 97 4248
35 98 4483
35 99 4264
35 100 3766
35 101 3605
35 102 3207
36 37 1146
36 38 1168
36 39 1574
36 40 1530
36 41 1423
36 42 1609
36 43 1548
36 44 1482
36 45 1503
36 46 1414
36 47 1199
36 48 1238
36 49 1372
36 52 1836
36 53 2053
36 55 2103
36 56 1941
36 58 2407
36 59 2367
36 60 2628
36 61 2688
36 62 3359
36 63 3758
36 64 4233
36 65 3700
36 66 3052
36 67 3072
36 68 2810
36 69 2774
36 70 3081
36 71 2846
36 72 3091
36 73 3130
36 74 2990
36 75 3376
36 76 3392
36 77 3364
36 78 3609
36 79 3946
36 80 4017
36 81 4601
36 82 4994
36 83 5070
36 84 5049
36 85 5063
36 86 4981
36 87 4910
36 88 4801
36 89 4848
36 90 4832
36 91 4649
36 92 4571
36 93 4504
36 94 4537
36 95 4049
36 96 4268
36 97 4352
36 98 4569
36 99 4370
36 100 3814
36 101 3652
36 102 3211
37 38 1058
37 39 1504
37 40 1450
37 41 1346
37 42 1542
37 43 1469
37 44 1396
37 45 1418
37 46 1441
37 47 1171
37 48 1142
37 49 1287
37 50 1148
37 51 1324
37 52 1724
37 53 1935
37 54 2057
37 55 1998
37 56 1672
37 57 2462
37 58 2324
37 59 2310
37 60 2506
37 61 2626
37 62 3098
37 63 3606
37 64 4000
37 65 3576
37 66 2899
37 67 2909
37 68 2715
37 69 2695
37 70 3056
37 71 2919
37 72 3017
37 73 3021
37 74 3041
37 75 3341
37 76 3361
37 77 3308
37 78 3560
37 79 3960
37 80 4214
37 81 4710
37 82 4966
37 83 5056
37 84 5030
37 85 5050
37 86 4956
37 87 4869
37 88 4932
37 89 4902
37 90 4772
37 91 4600
37 92 4689
37 93 4409
37 94 4555
37 95 3962
37 96 4145
37 97 4241
37 98 4493
37 99 4257
37 100 3741
37 101 3574
37 102 3208
38 39 1456
38 40 1397
38 41 1292
38 42 1512
38 43 1466
38 44 1383
38 45 1400
38 46 1419
38 47 1160
38 48 1136
38 49 1234
38 50 1093
38 51 1275
38 52 1706
38 53 1921
38 54 2032
38 55 1987
38 56 1685
38 57 2438
38 58 2302
38 59 2321
38 60 2504
38 61 2630
38 62 3092
38 63 3608
38 64 3947
38 65 3533
38 66 2861
38 67 2866
38 68 2684
38 69 2663
38 70 2996
38 71 2877
38 72 2992
38 73 3013
38 74 3008
38 75 3334
38 76 3377
38 77 3353
38 78 3589
38 79 4053
38 80 4304
38 81 4742
38 82 4993
38 83 5062
38 84 5042
38 85 5065
38 86 4958
38 87 4908
38 88 4951
38 89 4938
38 90 4796
38 91 4635
38 92 4722
38 93 4459
38 94 4584
38 95 3988
38 96 4183
38 97 4261
38 98 4505
38 99 4244
38 100 3736
38 101 3573
38 102 3212
39 40 1720
39 41 1650
39 42 1831
39 43 1765
39 44 1702
39 45 1688
39 46 1695
39 47 1457
39 48 1437
39 49 1534
39 50 1373
39 51 1521
39 52 1876
39 53 2065
39 54 2164
39 55 2122
39 56 1808
39 57 2567
39 58 2410
39 59 2391
39 60 2577
39 61 2707
39 62 3219
39 63 3642
39 64 4018
39 65 3596
39 66 2931
39 67 2960
39 68 2712
39 69 2661
39 70 2995
39 71 2888
39 72 3006
39 73 3016
39 74 3019
39 75 3318
39 76 3287
39 77 3336
39 78 3497
39 79 3921
39 80 4106
39 81 4706
39 82 4952
39 83 5046
39 84 5005
39 85 5048
39 86 4939
39 87 4871
39 88 4943
39 89 4892
39 90 4754
39 91 4636
39 92 4733
39 93 4523
39 94 4632
39 95 4052
39 96 4252
39 97 4299
39 98 4506
39 99 4240
39 100 3743
39 101 3575
39 102 3213
40 41 1554
40 42 1759
40 43 1698
40 44 1646
40 45 1612
40 46 1566
40 47 1297
40 48 1294
40 49 1452
40 50 1283
40 51 1428
40 52 1816
40 53 1989
40 54 2098
40 55 2066
40 57 2491
40 58 2333
40 59 2336
40 60 2507
40 61 2659
40 62 3126
40 63 3602
40 64 3950
40 65 3511
40 66 2814
40 67 2724
40 68 2595
40 69 2523
40 70 2779
40 71 2680
40 72 2826
40 73 2744
40 74 2734
40 75 2924
40 76 2820
40 77 2961
40 78 3278
40 79 3644
40 80 3866
40 81 4475
40 82 4918
40 83 4953
40 84 4960
40 85 5018
40 86 4867
40 87 4776
40 88 4826
40 89 4674
40 90 4594
40 91 4561
40 92 4643
40 93 4513
40 94 4515
40 95 3996
40 96 4178
40 97 4075
40 98 4501
40 99 4193
40 100 3735
40 101 3565
40 102 3112
41 42 1689
41 43 1611
41 44 1553
41 45 1529
41 46 1562
41 47 1293
41 48 1271
41 49 1386
41 50 1230
41 51 1362
41 52 1772
41 54 2067
41 55 2034
41 57 2468
41 58 2332
41 59 2341
41 60 2519
41 61 2676
41 62 3256
41 63 3710
41 64 4140
41 65 3657
41 66 2953
41 67 2938
41 68 2702
41 69 2620
41 70 2927
41 71 2817
41 72 2989
41 73 2925
41 75 3106
41 76 3062
41 77 3151
41 78 3399
41 79 3807
41 80 4006
41 81 4698
41 82 4968
41 83 5038
41 84 4998
41 85 5037
41 86 4909
41 87 4795
41 88 4907
41 89 4815
41 90 4694
41 91 4589
41 92 4673
41 93 4487
41 94 4573
41 95 3952
41 96 4101
41 97 4189
41 98 4449
41 99 4131
41 100 3695
41 101 3525
41 102 3204
42 43 1802
42 44 1751
42 45 1734
42 46 1777
42 47 1518
42 48 1516
42 49 1618
42 50 1487
42 51 1593
42 52 1980
42 53 2155
42 54 2278
42 55 2254
42 56 1862
42 57 2723
42 58 2541
42 59 2537
42 60 2755
42 61 3020
42 62 3569
42 63 4117
42 65 3985
42 66 3358
42 67 3315
42 68 2948
42 69 2785
42 70 3236
42 71 3047
42 72 3235
42 73 3065
42 74 3125
42 75 3245
42 76 3155
42 77 3206
42 78 3413
42 79 3831
42 80 4016
42 81 4729
42 82 4988
42 83 5039
42 84 4992
42 86 4873
42 87 4755
42 88 4846
42 89 4749
42 90 4614
42 91 4549
42 92 4638
42 93 4469
42 94 4533
42 95 3885
42 96 4060
42 98 4437
42 99 4112
42 100 3696
42 101 3512
42 102 3185
43 44 1676
43 45 1667
43 46 1745
43 47 1461
43 48 1465
43 49 1556
43 50 1402
43 51 1515
43 52 1918
43 53 2083
43 54 2202
43 55 2178
43 56 1823
43 57 2657
43 58 2489
43 59 2490
43 60 2698
43 61 2982
43 62 3552
43 63 4088
43 64 4574
43 65 3930
43 66 3298
43 67 3251
43 68 2902
43 69 2752
43 70 3152
43 71 3012
43 72 3289
43 73 3146
43 74 3166
43 75 3310
43 76 3264
43 77 3301
43 78 3468
43 79 3938
43 80 4143
43 81 4808
43 82 5033
43 83 5068
43 84 5041
43 85 5057
43 86 4954
43 87 4827
43 88 4924
43 89 4807
43 90 4712
43 91 4631
43 92 4730
43 93 4583
43 94 4613
43 95 3964
43 96 4116
43 97 4190
43 98 4482
43 99 4134
43 100 3688
43 101 3522
43 102 3195
44 45 1619
44 46 1668
44 47 1399
44 48 1408
44 49 1532
44 50 1375
44 51 1502
44 52 1902
44 53 2070
44 54 2187
44 55 2160
44 56 1766
44 57 2636
44 58 2466
44 59 2471
44 60 2664
44 61 2934
44 62 3502
44 63 4031
44 64 4517
44 65 3851
44 66 3249
44 67 3115
44 68 2806
44 69 2671
44 70 2994
44 71 2867
44 72 3082
44 73 2991
44 74 2980
44 75 3083
44 76 3035
44 77 3060
44 78 3345
44 79 3764
44 80 3927
44 81 4671
44 82 4978
44 83 5027
44 84 4980
44 85 5022
44 86 4880
44 87 4737
44 88 4789
44 89 4686
44 90 4566
44 91 4553
44 92 4677
44 93 4546
44 94 4581
44 95 3925
44 96 4067
44 97 4153
44 98 4470
44 99 4110
44 100 3673
44 101 3510
44 102 3180
45 46 1625
45 47 1333
45 48 1364
45 49 1497
45 50 1329
45 51 1455
45 52 1873
45 53 2040
45 54 2166
45 55 2142
45 56 1732
45 57 2598
45 58 2428
45 59 2435
45 60 2607
45 61 2875
45 62 3447
45 63 3978
45 64 4463
45 65 3812
45 66 3136
45 67 3002
45 68 2720
45 69 2560
45 70 2795
45 71 2725
45 72 2918
45 73 2764
45 74 2729
45 75 2831
45 76 2792
45 77 2799
45 78 2986
45 79 3578
45 80 3711
45 82 4895
45 83 4942
45 85 4945
45 86 4746
45 87 4590
45 88 4565
45 89 4393
45 90 4216
45 91 4324
45 92 4480
45 93 4442
45 94 4499
45 95 3832
45 96 3971
45 97 4057
45 98 4406
45 99 4041
45 100 3650
45 101 3472
45 102 3164
46 47 1264
46 48 1361
46 49 1550
46 51 1584
46 52 2013
46 53 2168
46 54 2303
46 55 2279
46 57 2696
46 58 2532
46 59 2514
46 60 2735
46 61 3004
46 62 3620
46 63 4267
46 64 4642
46 65 4056
46 66 3432
46 67 3272
46 68 2929
46 69 2617
46 70 2780
46 71 2639
46 72 2973
46 73 2697
46 74 2574
46 75 2775
46 76 2683
46 77 2730
46 78 2923
46 79 3429
46 80 3541
46 81 4163
46 82 4920
46 83 4837
46 84 4856
46 85 4919
46 86 4711
46 87 4476
46 88 4191
46 89 3957
46 90 4068
46 91 4301
46 93 4471
46 94 4308
46 95 3858
46 96 4024
46 97 3973
46 98 4498
46 99 4124
46 100 3744
46 101 3559
46 102 3076
47 48 969
47 49 1207
47 50 1066
47 51 1217
47 52 1697
47 53 1858
47 54 1966
47 55 1933
47 57 2331
47 58 2219
47 59 2228
47 60 2390
47 61 2543
47 62 3023
47 63 3603
47 64 3920
47 65 3545
47 66 2864
47 67 2738
47 68 2613
47 69 2449
47 70 2668
47 71 2564
47 72 2809
47 73 2608
47 74 2505
47 75 2624
47 76 2637
47 77 2654
47 78 2803
47 79 3227
47 80 3561
47 81 4111
47 82 4821
47 83 4696
47 84 4803
47 85 4851
47 86 4630
47 87 4439
47 88 4306
47 89 3942
47 90 4011
47 91 4263
47 92 4300
47 93 4484
47 94 4253
47 95 3844
47 96 4064
47 97 3992
47 98 4450
47 99 4085
47 100 3731
47 101 3548
47 102 3078
48 49 1259
48 50 1139
48 51 1313
48 52 1799
48 53 1973
48 55 2063
48 57 2460
48 58 2349
48 59 2380
48 60 2512
48 61 2716
48 62 3366
48 63 3841
48 64 4350
48 65 3746
48 66 3093
48 67 2868
48 68 2691
48 69 2475
48 70 2719
48 71 2652
48 72 2812
48 73 2599
48 74 2535
48 75 2666
48 76 2618
48 77 2633
48 78 2768
48 79 3397
48 80 3524
48 81 4119
48 82 4841
48 83 4775
48 84 4770
48 85 4828
48 86 4617
48 87 4404
48 88 4389
48 89 4028
48 90 3989
48 91 4220
48 92 4251
48 93 4435
48 94 4349
48 95 3804
48 96 3972
48 97 3922
48 98 4394
48 99 4026
48 100 3687
48 101 3492
48 102 3031
49 50 1316
49 51 1468
49 52 1913
49 53 2093
49 54 2208
49 55 2177
49 56 1853
49 57 2632
49 58 2502
49 59 2529
49 60 2662
49 62 3583
49 63 4269
49 64 4659
49 65 4065
49 66 3426
49 67 3335
49 68 2906
49 69 2627
49 70 2936
49 71 2841
49 72 3119
49 73 2870
49 74 2782
49 75 2910
49 76 2915
49 77 2832
49 78 2998
49 79 3648
49 80 3777
49 81 4591
49 82 4936
49 83 4940
49 84 4857
49 86 4726
49 87 4488
49 88 4451
49 89 4172
49 90 4019
49 91 4219
49 92 4362
49 93 4337
49 94 4372
49 95 3721
49 96 3834
49 97 3893
49 98 4270
49 99 3888
49 100 3599
49 101 3405
49 102 3154
50 51 1355
50 52 1832
50 53 2028
50 54 2129
50 55 2111
50 56 1857
50 57 2538
50 58 2439
50 59 2477
50 60 2593
50 61 2974
50 62 3540
50 63 4266
50 64 4627
50 65 4050
50 66 3433
50 67 3347
50 68 2851
50 69 2565
50 70 2833
50 71 2758
50 72 3025
50 73 2800
50 75 2807
50 76 2819
50 77 2762
50 78 2891
50 79 3614
50 82 4962
50 83 4928
50 85 4897
50 86 4731
50 87 4399
50 88 4346
50 90 3941
50 91 4200
50 92 4344
50 93 4432
50 94 4417
50 95 3704
50 96 3830
50 97 3933
50 98 4345
50 99 3894
50 100 3591
50 101 3403
51 52 1922
51 53 2112
51 54 2218
51 55 2204
51 56 1928
51 57 2609
51 58 2487
51 59 2540
51 60 2645
51 61 3096
51 62 3634
51 63 4444
51 64 4620
51 65 4047
51 66 3479
51 67 3348
51 68 2788
51 69 2478
51 70 2710
51 71 2643
51 72 2904
51 73 2670
51 74 2586
51 75 2690
51 76 2640
51 77 2653
51 78 2750
51 79 3412
51 80 3439
51 81 4509
51 82 4899
51 83 4794
51 84 4704
51 85 4809
51 86 4605
51 87 4086
51 88 4035
51 89 3816
51 90 3773
51 91 3912
51 92 4081
51 93 4286
51 94 4272
51 95 3632
51 96 3730
51 97 3792
51 98 4278
51 99 3826
51 100 3551
51 101 3367
51 102 3134
52 53 2597
52 54 2732
52 55 2736
52 56 2348
52 57 3434
52 58 3225
52 59 3343
52 60 3418
52 61 3881
52 62 4567
52 63 4969
52 64 4985
52 65 4728
52 66 4010
52 67 3787
52 68 3342
52 69 2740
52 70 3174
52 71 2993
52 72 3391
52 73 2984
52 74 2853
52 75 2988
52 76 2823
52 77 2828
52 78 2928
52 79 3622
52 80 3654
52 81 4778
52 82 5011
52 83 4984
52 84 4877
52 85 4959
52 86 4743
52 87 4351
52 88 4281
52 89 4030
52 90 4080
52 91 4209
52 94 4494
52 95 3748
52 96 3811
52 97 3850
52 98 4400
52 99 3828
52 100 3537
52 101 3352
52 102 3135
53 54 3058
53 55 3039
53 56 2479
53 57 3694
53 58 3470
53 59 3543
53 60 3633
53 61 4230
53 62 4640
53 63 5003
53 64 5029
53 65 4805
53 66 4279
53 67 3991
53 68 3465
53 69 2880
53 70 3379
53 71 3192
53 72 3486
53 73 2969
53 74 2869
53 75 2903
53 76 2765
53 77 2756
53 78 2834
53 79 3508
53 82 5014
53 83 4941
53 84 4787
53 85 4922
53 86 4748
53 87 4303
53 88 4211
53 89 3949
53 90 4009
53 91 4213
53 92 4408
53 93 4570
53 94 4496
53 95 3747
53 96 3791
53 98 4380
53 99 3795
53 100 3521
53 101 3339
53 102 3142
54 55 3276
54 56 2496
54 57 3798
54 58 3572
54 59 3628
54 60 3678
54 61 4320
54 62 4672
54 63 5035
54 64 5055
54 65 4843
54 66 4309
54 67 4014
54 68 3483
54 69 2863
54 70 3368
54 71 3133
54 72 3477
54 73 3022
54 74 2914
54 75 2963
54 76 2797
54 77 2790
54 78 2889
54 79 3584
54 80 3627
54 81 4761
54 82 5024
54 83 4946
54 84 4806
54 85 4911
54 86 4700
54 87 4243
54 88 4121
54 89 3857
54 90 3887
54 91 4046
54 92 4239
54 93 4472
54 94 4375
54 95 3681
54 96 3726
54 97 3783
54 98 4288
54 99 3779
54 100 3496
54 101 3314
54 102 3132
55 56 2511
55 57 3751
55 58 3505
55 59 3563
55 60 3600
55 61 4284
55 62 4645
55 63 5025
55 64 5045
55 65 4812
55 66 4212
55 67 3914
55 68 3340
55 69 2700
55 70 3117
55 71 2937
55 72 3312
55 73 2825
55 74 2708
55 76 2644
55 77 2625
55 78 2699
55 79 3422
55 81 4653
55 82 5028
55 83 4901
55 84 4757
55 85 4847
55 86 4650
55 87 4164
55 88 4054
55 89 3837
55 90 3843
55 91 4089
55 92 4293
55 93 4528
55 94 4456
55 95 3701
55 96 3771
55 97 3833
55 98 4361
55 99 3799
55 100 3500
55 101 3305
55 102 3138
56 57 2917
56 58 2896
56 60 3156
56 61 4023
56 62 4196
56 65 4612
56 69 3175
56 72 3624
56 77 3139
56 82 5066
56 84 4948
56 86 4987
56 87 4766
56 90 4878
56 92 5087
56 95 4802
56 96 4861
56 99 4792
56 100 4647
56 101 4420
57 58 3874
57 59 3880
57 60 3877
57 61 4626
57 62 4779
57 63 5067
57 64 5061
57 65 4825
57 66 4092
57 67 3796
57 68 3088
57 69 2544
57 70 2802
57 71 2733
57 72 2959
57 73 2546
57 74 2440
57 75 2473
57 76 2414
57 77 2392
57 78 2423
57 79 2946
57 80 3037
57 81 4167
57 82 4882
57 83 4682
57 84 4503
57 85 4651
57 86 4395
57 87 3822
57 88 3778
57 89 3697
57 90 3775
57 91 4001
57 92 4215
57 93 4466
57 94 4379
57 95 3662
57 96 3745
57 97 3813
57 98 4236
57 99 3691
57 100 3453
57 101 3247
57 102 3118
58 59 3517
58 60 3488
58 61 4126
58 62 4495
58 63 4849
58 64 4859
58 65 4340
58 66 3562
58 67 3350
58 68 2621
58 69 2125
58 70 2311
58 71 2264
58 72 2417
58 73 2135
58 74 2068
58 75 2116
58 76 2054
58 77 2076
58 78 2113
58 79 2547
58 80 2623
58 81 3643
58 82 4543
58 83 4203
58 84 3876
58 85 4171
58 86 3823
58 87 3542
58 88 3499
58 89 3446
58 90 3531
58 91 3728
58 92 3869
58 93 4273
58 94 4118
58 95 3577
58 96 3669
58 97 3742
58 98 4076
58 99 3626
58 100 3401
58 101 3157
58 102 3100
59 60 3478
59 61 4210
59 62 4521
59 63 4888
59 64 4906
59 65 4401
59 66 3610
59 67 3374
59 68 2647
59 69 2115
59 70 2239
59 71 2198
59 72 2394
59 73 2119
59 74 1979
59 75 2074
59 76 2006
59 77 2024
59 78 2051
59 79 2501
59 80 2508
59 81 3462
59 82 4411
59 83 3999
59 84 3738
59 85 3931
59 86 3698
59 87 3396
59 88 3309
59 89 3311
59 90 3427
59 91 3656
59 92 3712
59 93 4157
59 94 3875
59 95 3518
59 96 3616
59 97 3685
59 98 4032
59 99 3593
59 100 3411
59 101 3143
59 102 3153
60 61 3939
60 62 4169
60 63 4629
60 64 4687
60 65 3896
60 66 3344
60 67 2933
60 68 2419
60 69 1867
60 70 2041
60 71 1994
60 72 2106
60 73 1842
60 74 1783
60 75 1840
60 76 1794
60 77 1841
60 78 1860
60 79 2338
60 80 2430
60 81 3316
60 82 4012
60 83 3769
60 84 3571
60 85 3760
60 86 3579
60 87 3300
60 88 3268
60 89 3148
60 90 3331
60 91 3529
60 92 3649
60 93 3937
60 94 3863
60 95 3452
60 96 3519
60 97 3597
60 98 3907
60 99 3554
60 100 3383
60 101 3061
60 102 3068
61 62 4798
61 63 4973
61 64 5016
61 65 4588
61 66 3809
61 67 3555
61 68 2827
61 69 2225
61 70 2403
61 71 2315
61 72 2484
61 73 2171
61 74 2096
61 75 2148
61 76 2072
61 77 2091
61 78 2110
61 79 2551
61 80 2561
61 81 3504
61 82 4522
61 83 4274
61 84 3906
61 85 4090
61 86 3797
61 87 3494
61 88 3390
61 89 3326
61 90 3509
61 91 3703
61 92 3677
61 93 4184
61 94 4083
61 95 3588
61 96 3617
61 97 3715
61 99 3667
61 100 3471
61 101 3222
61 102 2979
62 63 4975
62 64 5012
62 65 4562
62 66 3800
62 67 3568
62 68 2847
62 69 2209
62 70 2386
62 71 2343
62 72 2442
62 73 2130
62 74 2036
62 75 2105
62 76 2026
62 77 2038
62 78 2046
62 79 2542
62 80 2603
62 81 3582
62 82 4385
62 83 4079
62 84 3768
62 85 3872
62 86 3647
62 87 3378
62 88 3346
62 89 3283
62 90 3420
62 91 3612
62 92 3718
62 93 3975
62 94 3897
62 95 3475
62 96 3474
62 97 3618
62 98 3963
62 99 3586
62 100 3410
62 101 3046
62 102 3067
63 64 5069
63 65 4656
63 66 3923
63 67 3611
63 68 2856
63 69 2227
63 70 2389
63 71 2340
63 72 2455
63 73 2138
63 74 2052
63 75 2120
63 76 2005
63 77 2020
63 78 2011
63 79 2548
63 80 2602
63 81 3532
63 82 4258
63 83 3987
63 84 3682
63 86 3493
63 87 3159
63 88 3070
63 89 2972
63 90 3223
63 91 3425
63 92 3516
63 93 3781
63 94 3725
63 95 3356
63 96 3360
63 97 3460
63 98 3817
63 99 3469
63 100 3333
63 101 2968
63 102 3057
64 65 4768
64 66 4129
64 67 3761
64 68 3099
64 69 2334
64 70 2447
64 71 2396
64 72 2517
64 73 2191
64 74 2123
64 75 2194
64 76 2071
64 77 2086
64 78 2088
64 79 2588
64 80 2605
64 81 3535
64 82 4127
64 83 3884
64 84 3607
64 85 3664
64 86 3365
64 87 2967
64 88 2908
64 89 2796
64 90 2926
64 91 3191
64 92 3304
64 93 3595
64 94 3556
64 95 3079
64 96 3114
64 97 3338
64 98 3668
64 99 3398
64 100 3262
64 101 2940
64 102 3048
65 66 3325
65 67 2829
65 68 2306
65 69 1774
65 70 1907
65 71 1886
65 72 1982
65 73 1709
65 74 1661
65 75 1769
65 76 1665
65 77 1744
65 78 1750
65 79 2236
65 80 2299
65 81 2943
65 82 3613
65 83 3495
65 84 3161
65 85 3394
65 86 3054
65 87 2784
65 88 2754
65 89 2713
65 90 2876
65 91 3069
65 92 3282
65 93 3581
65 94 3544
65 95 3122
65 96 3108
65 97 3307
65 98 3640
65 99 3363
65 100 3210
65 101 2907
65 102 3034
66 67 2375
66 68 1945
66 69 1358
66 70 1505
66 71 1463
66 72 1596
66 73 1286
66 74 1219
66 75 1381
66 77 1406
66 78 1429
66 79 1938
66 80 2037
66 81 2606
66 82 3238
66 83 3064
66 84 2770
66 85 3014
66 86 2743
66 87 2571
66 88 2566
66 89 2550
66 90 2667
66 91 2854
66 92 2976
66 93 3409
66 94 3393
66 95 2942
66 96 2949
66 97 3127
66 98 3547
66 99 3280
66 100 3129
66 101 2883
66 102 3018
67 68 1651
67 69 902
67 70 1074
67 71 1023
67 72 1206
67 73 768
67 74 720
67 75 1009
67 76 859
67 77 1115
67 78 1144
67 79 1664
67 80 1845
67 81 2372
67 82 2842
67 83 2711
67 84 2591
67 85 2787
67 86 2601
67 87 2453
67 88 2472
67 89 2426
67 90 2589
67 91 2748
67 92 2850
67 93 3323
67 94 3170
67 95 2879
67 96 2884
67 97 2944
67 98 3490
67 99 3240
67 100 3105
67 101 2885
67 102 2966
68 69 213
68 70 412
68 71 408
68 72 695
68 73 329
68 74 271
68 75 505
68 76 454
68 77 754
68 78 813
68 79 1499
68 80 1640
68 81 2213
68 82 2582
68 83 2528
68 84 2406
68 85 2568
68 86 2464
68 87 2358
68 88 2369
68 89 2383
68 90 2497
68 91 2679
68 92 2763
68 93 3231
68 94 3131
68 95 2778
68 96 2786
68 97 2950
68 98 3371
68 99 3055
68 100 2983
68 101 2804
68 102 3003
69 70 3
69 71 5
69 72 51
69 73 6
69 74 4
69 75 45
69 76 38
69 77 222
69 78 276
69 79 1153
69 80 1331
69 81 1946
69 82 2395
69 83 2320
69 84 2179
69 85 2415
69 86 2323
69 87 2229
69 88 2241
69 89 2287
69 90 2433
69 91 2615
69 92 2675
69 93 3147
69 94 3059
69 95 2781
69 96 2813
69 97 2971
69 98 3349
69 99 3027
69 100 2985
69 101 2811
69 102 3001
70 71 18
70 72 138
70 73 26
70 74 15
70 75 129
70 76 125
70 77 419
70 78 463
70 79 1281
70 80 1416
70 81 2018
70 82 2539
70 83 2482
70 84 2350
70 85 2562
70 86 2494
70 87 2416
70 88 2378
70 89 2476
70 90 2646
70 91 2865
70 92 2878
70 93 3464
70 94 3330
70 95 3026
70 96 3077
70 97 3297
70 98 3515
70 99 3252
70 100 3128
70 101 2895
70 102 3089
71 72 142
71 73 25
71 74 16
71 75 99
71 76 107
71 77 390
71 78 432
71 79 1191
71 80 1353
71 81 1964
71 82 2553
71 83 2499
71 84 2368
71 85 2580
71 86 2520
71 87 2429
71 88 2352
71 89 2412
71 90 2682
71 91 2955
71 92 2894
71 93 3580
71 94 3404
71 95 3200
71 96 3270
71 97 3423
71 98 3659
71 99 3388
71 100 3302
71 101 3015
71 102 3104
72 73 111
72 74 122
72 75 241
72 76 246
72 77 538
72 78 548
72 79 1280
72 80 1494
72 81 2059
72 82 2495
72 83 2457
72 84 2301
72 85 2474
72 86 2397
72 87 2281
72 88 2330
72 89 2393
72 90 2527
72 91 2701
72 92 2794
72 93 3295
72 94 3144
72 95 2882
72 96 2947
72 97 3150
72 98 3459
72 99 3229
72 100 3103
72 101 2881
72 102 3049
73 74 9
73 75 59
73 76 50
73 77 277
73 78 274
73 79 989
73 80 1334
73 81 1900
73 82 2404
73 83 2337
73 84 2206
73 85 2382
73 86 2314
73 87 2200
73 88 2248
73 89 2300
73 90 2530
73 91 2704
73 92 2818
73 93 3351
73 94 3090
73 95 2958
73 96 3000
73 97 3116
73 98 3558
73 99 3321
73 100 3274
73 101 2965
73 102 3011
74 75 42
74 76 63
74 77 308
74 78 299
74 79 915
74 80 1291
74 81 1852
74 82 2413
74 83 2272
74 84 2203
74 85 2366
74 86 2256
74 87 2172
74 88 2192
74 89 2282
74 90 2516
74 91 2658
74 92 2728
74 93 3332
74 94 2913
74 95 3042
74 96 3094
74 97 3250
74 98 3672
74 99 3448
74 101 3123
74 102 3141
75 76 150
75 77 351
75 78 320
75 79 977
75 80 1326
75 81 1893
75 82 2361
75 83 2270
75 84 2169
75 85 2339
75 86 2240
75 87 2151
75 88 2224
75 89 2313
75 90 2481
75 91 2612
75 92 2772
75 93 3285
75 94 3051
75 95 2981
75 96 3040
75 97 3277
75 98 3623
75 99 3382
75 100 3319
75 101 3005
75 102 3163
76 77 440
76 78 421
76 79 1069
76 80 1388
76 81 1864
76 82 2363
76 83 2296
76 84 2173
76 85 2379
76 86 2308
76 87 2222
76 88 2297
76 89 2356
76 90 2579
76 91 2718
76 92 2935
76 93 3389
76 94 3167
76 95 3071
76 96 3149
76 97 3217
76 98 3570
76 99 3320
76 100 3303
76 101 2997
76 102 3036
77 78 523
77 79 1138
77 80 1378
77 81 1839
77 82 2235
77 83 2221
77 84 2099
77 85 2252
77 86 2184
77 87 2118
77 88 2181
77 89 2271
77 90 2461
77 91 2590
77 92 2757
77 93 3087
77 94 2999
77 95 2893
77 96 2964
77 97 3095
77 98 3458
77 99 3214
77 100 3179
77 101 2932
77 102 3073
78 79 1019
78 80 1270
78 81 1719
78 82 2131
78 83 2126
78 84 2016
78 85 2159
78 86 2100
78 87 2001
78 88 2081
78 89 2157
78 90 2353
78 91 2459
78 92 2610
78 93 2922
78 94 2836
78 95 2773
78 96 2845
78 97 2945
78 98 3395
78 99 3113
78 101 2890
78 102 3063
79 80 1570
79 81 1923
79 82 2411
79 83 2292
79 84 2251
79 85 2402
79 86 2335
79 87 2197
79 88 2237
79 89 2246
79 90 2570
79 91 2687
79 92 2830
79 93 3286
79 94 2887
79 95 2956
79 96 3066
79 97 3086
79 98 3567
79 99 3294
79 100 3317
79 101 3028
79 102 3038
80 81 1969
80 82 2452
80 83 2445
80 84 2329
80 85 2488
80 86 2446
80 87 2317
80 88 2293
80 89 2418
80 90 2693
80 91 2860
80 92 2848
80 93 3419
80 94 3196
80 95 3137
80 96 3324
80 97 3369
80 98 3641
80 99 3329
80 100 3381
80 101 3110
80 102 3097
81 82 2798
81 83 2665
81 84 2575
81 85 2681
81 86 2592
81 87 2424
81 88 2400
81 89 2436
81 90 2815
81 91 3030
81 92 3033
81 93 3564
81 94 3291
81 95 3327
81 96 3455
81 97 3402
81 98 3794
81 99 3436
81 101 3221
81 102 3010
82 83 3417
82 84 3074
82 85 3281
82 86 3044
82 87 2742
82 88 2852
82 89 2939
82 90 3431
82 91 3630
82 92 3895
82 93 4029
82 94 3803
82 95 3645
82 96 3782
82 97 3749
82 98 4025
82 99 3463
82 100 3438
82 101 3084
82 102 3176
83 84 2930
83 85 3111
83 86 2941
83 87 2669
83 88 2753
83 89 2766
83 90 3385
83 91 3590
83 92 3902
83 93 4059
83 94 3684
83 95 3708
83 96 3839
83 97 3716
83 98 4151
83 99 3550
83 100 3523
83 101 3273
83 102 3220
84 85 2857
84 86 2739
84 87 2573
84 88 2631
84 89 2727
84 90 3197
84 91 3421
84 92 3693
84 93 3819
84 94 3724
84 95 3585
84 96 3727
84 97 3707
84 98 3891
84 99 3445
84 100 3407
84 101 3102
84 102 3178
85 86 2871
85 87 2678
85 88 2759
85 89 2920
85 90 3437
85 91 3601
85 92 3845
85 93 3943
85 94 3852
85 95 3713
85 96 3846
85 97 3854
85 98 3998
85 99 3536
85 100 3466
85 101 3205
85 102 3224
86 87 2635
86 88 2685
86 89 2872
86 90 3435
86 91 3658
86 92 3984
86 93 4061
86 94 3970
86 95 3780
86 96 3982
86 97 3997
86 98 4162
86 99 3598
86 100 3528
86 101 3248
86 102 3234
87 88 2524
87 89 2673
87 90 3257
87 91 3442
87 92 3740
87 93 3793
87 94 3767
87 95 3665
87 96 3810
87 97 3784
87 98 3879
87 99 3480
87 100 3450
87 101 3124
87 102 3209
88 89 2677
88 90 3355
88 91 3498
88 92 3655
88 93 3890
88 94 3786
88 95 3774
88 97 3913
88 98 4048
88 99 3566
88 100 3539
88 101 3284
88 102 3232
89 90 3549
89 91 3737
89 92 4034
89 93 4225
89 94 3993
89 95 3958
89 96 4188
89 97 3961
89 98 4180
89 99 3631
89 100 3587
89 101 3357
89 102 3145
90 91 4319
90 92 4622
90 93 4592
90 94 4548
90 95 4262
90 96 4430
90 97 4348
90 98 4425
90 99 3683
90 100 3604
90 101 3306
90 102 3275
91 92 4738
91 93 4666
91 94 4637
91 95 4374
91 96 4540
91 97 4492
91 98 4457
91 99 3717
91 100 3621
91 101 3322
91 102 3279
92 93 4762
92 94 4693
92 95 4563
92 96 4664
92 97 4621
92 98 4542
92 99 3824
92 100 3702
92 101 3430
92 102 3203
93 94 4623
93 95 4341
93 96 4474
93 97 4421
93 98 4165
93 99 3651
93 100 3546
93 101 3288
93 102 3258
94 95 4403
94 96 4467
94 97 4296
94 98 4128
94 99 3666
94 100 3629
94 101 3387
94 102 3293
95 96 4107
95 97 4021
95 98 3805
95 99 3485
95 100 3449
95 101 3244
95 102 3239
96 97 4103
96 98 3919
96 99 3557
96 100 3503
96 101 3296
96 102 3260
97 98 3838
97 99 3487
97 100 3456
97 101 3290
97 102 3158
98 99 3457
98 100 3414
98 101 3241
99 100 3269
99 101 3075
99 102 3187
100 101 3101
100 102 3215
101 102 3171
1 72 2152
1 74 2327
1 77 2706
1 81 4429
1 92 5089
1 94 5058
2 49 722
2 71 2268
2 94 5047
3 87 5021
3 97 4926
6 36 917
6 84 4716
6 89 5043
7 61 1605
7 70 2211
7 82 4462
7 84 4534
7 85 4713
9 56 1896
10 36 743
10 69 2231
10 74 2703
10 75 2975
10 82 4864
12 36 1059
12 75 2557
12 89 4845
12 92 4719
13 29 708
13 48 676
15 80 3085
16 22 924
16 48 1392
16 61 2309
16 66 2485
16 70 2952
16 84 4764
16 85 4884
16 93 4414
16 97 4526
17 20 20
17 46 324
17 47 101
17 48 65
17 61 1276
17 64 1785
17 71 1877
17 80 2954
20 21 309
20 56 1436
20 78 2437
21 52 1087
21 68 2186
21 74 2916
21 76 3354
21 84 4799
21 85 4927
21 94 4914
26 56 1006
26 84 3878
26 94 4077
27 56 1010
28 80 3024
28 84 4120
28 95 3873
29 57 1269
32 80 3506
33 95 4329
34 36 1091
35 93 4415
36 51 1432
36 54 2163
36 57 2556
41 53 1950
41 74 2957
42 64 4602
42 85 5017
45 81 4508
45 84 4883
46 50 1439
46 92 4192
49 61 3053
49 85 4904
50 74 2705
50 84 4834
50 89 4033
50 102 3160
52 93 4559
53 80 3553
53 81 4718
56 63 4723
56 66 4015
56 78 3189
61 98 4113
63 85 3752
66 76 1302
74 100 3400
78 100 3120
81 100 3440
88 96 3969
98 102 3246
1 64 1880
1 71 2289
1 79 3443
1 80 3757
1 84 4893
1 89 5084
1 93 4990
1 97 4889
2 36 808
4 97 4836
7 78 2689
7 80 3484
10 89 5073
11 25 744
11 56 1890
13 56 1885
16 95 4364
18 80 3007
20 54 1123
21 48 363
21 69 2326
21 93 4717
25 26 719
25 69 1822
25 76 2401
33 48 1057
33 61 2207
33 76 3237
33 79 3732
33 82 4551
36 50 1239
41 56 1725
42 97 4125
48 54 2089
50 80 3680
50 81 4611
52 92 4398
53 97 3825
55 80 3482
56 59 3140
56 64 4751
56 68 3476
56 70 3663
56 80 4824
56 85 5031
56 88 4912
56 93 5074
56 98 5032
2 97 4865
3 46 1159
3 71 2354
3 74 2364
10 79 3836
21 97 4830
25 36 1127
25 102 3259
55 75 2731
56 71 4397
56 75 3328
56 91 5051
3 29 712
3 36 964
3 48 853
3 89 5085
