728 1926 3139
29 873 128
1419 1578 916
423 1808 2400
385 949 587
1637 1806 3591
362 1435 2521
684 690 2508
684 1801 2679
690 966 3482
690 1801 3034
708 709 1354
44 1744 780
102 1902 3215
102 1904 3533
102 1905 3523
1904 1905 3583
684 1804 2962
684 1805 3160
1804 1805 3259
11 1807 1098
44 237 360
44 658 777
237 658 897
684 1800 2789
684 1802 2885
690 1800 2835
690 1802 3063
1800 1801 3079
1800 1802 3108
1801 1802 3085
1361 1748 1584
690 915 1841
760 970 1157
760 1772 2345
970 1772 1090
54 931 1626
396 1803 2379
396 1989 2261
1803 1989 2298
488 495 1560
488 635 1089
488 740 1146
495 635 906
495 740 1553
635 740 782
183 1427 1070
362 520 2536
520 1435 2621
1753 1769 2464
475 591 1639
475 620 872
44 1196 316
237 1196 211
380 396 2202
690 1754 3206
189 873 1215
728 1191 3285
380 1745 3180
380 1785 3481
1369 1925 3347
1369 2010 3401
29 1751 463
44 1784 728
689 690 2690
690 1788 3311
103 678 2943
922 973 611
922 1833 481
973 1833 563
705 1835 1896
1369 1552 3353
1369 1827 3254
1552 1827 3514
760 1773 2555
1771 1832 3050
93 137 1889
93 1834 1705
137 1834 2737
690 1771 3235
215 1825 3250
684 755 2370
1191 1926 3577
44 1770 334
237 1770 225
697 1228 1717
697 1328 1304
1228 1328 1316
44 1398 614
973 1787 810
380 1746 2878
380 1747 2969
396 1745 2222
396 1747 2091
1745 1746 2278
1745 1747 2243
1746 1747 1887
191 1555 2443
191 1556 2260
1555 1556 2550
1361 1962 1872
631 1424 2516
943 982 3628
1404 1768 1650
51 371 73
655 1436 69
658 1139 1196
913 915 994
102 1898 3505
102 1959 3599
102 1960 3622
1898 1959 3664
1898 1960 3656
1959 1960 3736
385 1578 867
48 1830 518
1575 1636 2104
1575 1720 2612
1636 1720 2312
1720 1961 2910
189 1837 2694
103 751 2315
103 1450 2573
103 1761 2193
475 488 871
678 751 2926
678 1450 3391
678 1761 3335
751 1450 2437
751 1761 2114
1450 1761 3016
448 1314 3559
44 569 282
237 569 215
456 1749 2793
1748 1749 2299
1404 1976 1517
44 610 735
610 658 2288
1439 1533 3232
709 1836 2195
1752 1753 2732
183 1594 2337
44 1901 613
103 1759 2950
103 1760 2902
1759 1760 2917
1759 1761 2639
1760 1761 2620
900 931 858
566 1756 3372
1136 1459 2728
1136 1757 2889
1459 1757 2671
362 396 1491
396 1755 2530
1444 1758 2127
219 488 1256
219 740 1365
1404 1767 1542
572 1124 1963
291 1129 3597
291 1970 3607
728 1967 1947
728 1968 2070
728 1969 1984
1129 1970 3634
1967 1968 1178
1967 1969 1054
1968 1969 1109
594 1317 158
598 599 1878
727 752 2567
475 1429 1267
331 1461 1575
54 1481 3155
54 1966 3062
178 655 865
178 1557 1764
655 1557 1243
655 1828 1004
1481 1966 3477
1557 1828 1670
1359 1791 2687
48 438 277
137 1457 2534
237 610 1122
644 1196 907
11 268 1516
268 1831 1312
420 943 2565
753 1894 1027
48 1844 220
702 1416 188
702 2001 725
1416 2001 251
1570 1889 1842
1570 1897 2098
1889 1897 2232
315 362 1604
315 583 2937
315 1821 1968
362 583 2427
362 1821 2454
583 1821 2152
1108 1455 3734
1559 1637 3575
1444 1851 2067
148 1436 42
148 1895 187
148 1896 93
663 678 3717
1895 1896 697
44 1589 1063
237 1589 918
658 1589 2037
703 1432 3080
703 1720 3109
703 1819 3268
794 1163 2577
794 1164 2482
1163 1164 2769
1432 1720 2803
1432 1819 3212
1720 1819 3173
722 2054 2129
722 2055 2176
2054 2055 2287
11 753 1011
753 1635 903
156 1465 2058
728 1614 2200
728 1845 2395
1614 1845 1633
44 1900 716
438 617 900
438 1020 609
467 916 1854
617 1020 2216
362 1822 2394
520 1821 2549
520 1822 2748
1821 1822 2715
123 1964 982
1416 1591 124
29 1465 442
183 684 1359
684 1427 2219
232 234 155
679 680 1888
679 1818 1780
680 1818 2434
688 689 2190
688 690 2546
338 339 1543
1474 1820 2342
423 1451 2576
475 1684 2490
591 1684 2217
380 1438 3569
380 1640 3554
380 1842 3558
380 1843 3631
713 1815 645
1438 1640 3674
1438 1842 3657
1438 1843 3705
1640 1842 3629
1640 1843 3684
1842 1843 3662
337 1587 3236
1463 1753 2343
448 642 3472
448 1313 3512
642 1313 3517
642 1314 3572
1313 1314 3677
438 1078 257
438 1456 272
438 1844 411
1078 1456 91
31 403 2932
31 1668 2940
1449 1450 2900
448 1595 3605
642 1595 3590
1119 1134 3546
1795 1809 1935
728 1653 1661
1614 1653 1211
110 644 1654
1753 1823 3150
102 1899 3453
3 1475 603
279 705 502
705 1559 2554
1814 1815 340
712 713 2352
973 1186 814
291 292 3573
291 653 2742
292 653 2815
1439 1454 3626
672 674 676
2 237 175
2 569 573
2 1421 653
237 1421 237
569 1421 566
773 1558 2424
11 1464 1402
44 1421 259
525 743 1514
846 1896 1476
381 475 1812
566 1374 3464
724 725 1722
1427 2005 768
134 711 151
134 1060 293
806 1311 3537
290 533 2305
290 534 2133
290 650 2575
290 743 1679
290 1584 2284
290 1590 2023
533 534 2137
533 650 2481
533 743 1441
533 1584 2375
533 1590 1790
534 650 2901
534 743 1772
534 1590 2650
650 743 2453
650 1584 2622
650 1590 2414
743 1590 2359
1584 1590 2651
279 713 664
279 1816 535
507 926 3121
507 927 2507
507 1639 2906
926 927 2511
926 1639 2241
927 1639 2426
279 1814 568
279 1815 719
943 1514 3658
1814 1816 407
1815 1816 363
11 404 838
371 1516 493
420 873 987
3 268 212
3 1142 592
268 645 1348
219 495 1734
219 1434 915
740 1434 764
304 900 2989
63 362 479
44 1139 425
237 1139 219
270 1415 2179
270 1442 1850
1415 1442 3041
410 756 3418
84 1459 1450
84 1638 1080
156 1404 1342
702 904 1515
1459 1638 2132
508 517 1446
215 1838 3370
448 1306 3564
448 1307 2833
617 756 3411
642 1306 3534
642 1307 3017
756 1020 2830
1306 1307 3439
54 1588 3288
617 1783 2797
1373 1720 2561
63 315 652
753 2012 1561
84 1460 1112
420 1132 2174
1151 1579 41
1459 1460 1983
44 1890 733
237 1890 444
448 1446 3623
642 1446 3646
1330 1331 61
50 123 366
50 1964 946
1954 1955 3524
1954 1956 3535
1955 1956 3661
379 1560 2823
576 1219 2059
576 1755 1168
576 1809 1555
940 941 217
1755 1809 1694
123 2044 1444
123 2049 1245
1964 2044 1198
1964 2049 1164
2044 2049 1055
31 402 3134
31 743 1284
2 594 156
237 594 89
258 624 1533
103 1551 3269
103 1810 3334
189 466 1249
356 495 1029
356 740 448
620 1554 1524
1234 1253 3238
48 1020 439
2 1883 678
102 751 3337
102 1886 3574
192 618 3026
299 757 1397
299 773 951
628 672 553
628 1553 909
628 1847 443
672 1553 880
672 1847 490
751 1886 3263
794 1592 3052
794 2050 3122
794 2051 3386
852 1392 1297
1163 1592 2824
1163 2050 3231
1163 2051 3330
1164 1592 2923
1164 2050 3202
1164 2051 3317
1553 1847 703
1592 2050 3209
1592 2051 3336
1899 1902 3153
2050 2051 3496
40 1891 1644
705 1903 889
91 489 2124
91 1811 304
631 699 2738
948 966 3693
663 1452 3708
678 1452 3635
26 27 793
26 1301 1106
27 1301 797
136 613 507
272 1385 2044
331 1462 1383
356 1131 986
502 705 1506
1174 1359 3561
1450 1453 3185
1461 1462 1599
44 425 1009
300 672 1162
300 673 1592
425 658 1422
672 673 834
673 674 803
899 900 3071
382 620 866
44 639 1471
362 668 2821
520 668 3306
594 936 243
668 1435 3246
801 1298 148
801 1299 224
1298 1299 82
914 915 967
1043 1044 1629
1043 1765 2398
1043 1880 2981
1043 1881 2763
1044 1765 1925
1044 1880 2182
1044 1881 1690
1336 1882 434
1765 1880 2649
1765 1881 2471
1880 1881 2647
438 475 731
438 620 1202
438 1429 1183
620 1429 853
88 1196 1018
438 1211 371
638 955 3266
638 1316 3003
801 1297 227
955 1316 3419
1297 1299 150
419 1303 604
1432 1884 2417
1432 1885 2527
1884 1885 2254
137 1315 2510
761 1416 280
1175 1458 3113
1175 1459 3051
1458 1459 2925
103 1817 3178
50 1164 2586
290 530 1723
290 531 2266
338 1203 1905
530 531 2675
530 533 1863
530 650 2743
530 1584 2677
530 1590 2218
531 533 2396
531 650 2779
531 1584 3042
531 1590 2729
608 1420 65
608 1428 75
1420 1428 21
1138 1889 2252
102 103 3059
936 1440 2404
943 1585 3711
396 1821 1711
1253 1849 2512
180 183 1647
180 1177 1503
183 1177 1519
472 704 1445
472 860 1731
594 1579 63
612 1593 965
697 1433 917
704 860 992
1228 1433 822
743 1887 1744
388 647 1147
3 937 726
617 1775 2988
1437 1438 3692
1159 1525 708
1159 1526 671
1159 1888 308
1525 1526 1015
1525 1888 584
1526 1888 505
44 1418 344
237 1418 242
1196 1302 492
572 1432 2721
1124 1432 2369
420 556 1058
569 627 1738
1173 1174 3652
1173 1359 3513
530 534 2244
530 743 1673
531 534 2856
531 743 2401
682 683 3069
753 2022 1918
753 2023 1480
2012 2022 1605
2012 2023 1115
2022 2023 1392
315 1782 2666
583 1782 3233
1253 1441 2638
1441 1849 2897
489 1203 2693
489 1897 2109
556 622 895
1203 1897 1970
485 1108 3706
88 644 1725
88 1309 2184
88 1310 2017
644 1309 1969
644 1310 1810
448 1529 3625
726 727 2265
726 728 2145
727 728 2368
187 277 464
187 613 421
277 613 991
698 1135 3274
698 1136 3119
1135 1136 2848
239 932 2383
160 467 1923
160 916 3214
220 709 1419
239 654 2234
337 352 2517
913 914 369
1133 1308 3709
44 233 606
331 1473 1789
331 1474 1971
724 1686 2775
725 1686 2520
1473 1474 2157
507 922 1461
612 1095 1230
2 623 569
44 1026 949
237 940 223
237 941 239
237 1026 677
381 620 1653
417 419 204
419 1073 318
594 940 97
594 941 167
626 900 2603
658 1026 1917
900 1304 1318
946 1312 1951
1073 1303 1051
156 1159 1330
156 1525 1766
156 1526 1689
556 1479 593
176 410 3338
176 1776 2948
176 1777 2661
410 1776 3198
410 1777 3312
1776 1777 3067
1443 1444 1985
946 1582 1809
1043 2047 2813
1044 2047 1774
1765 2047 2236
19 85 27
136 277 795
1445 1447 746
1445 1448 975
1447 1448 630
676 1823 2844
475 635 1221
557 2048 92
272 1918 2230
1385 1918 1916
654 932 3189
1043 1340 2462
1044 1340 1663
1340 1765 1948
451 452 1042
451 453 785
452 453 473
1470 1471 1535
630 631 2467
664 666 3093
58 724 1292
239 359 323
239 1417 376
357 905 485
357 906 449
359 1417 191
413 919 1047
905 906 361
857 1414 742
413 414 1169
44 232 300
44 1413 596
488 1334 1229
1239 1854 2861
383 385 615
662 663 3727
1095 1682 1227
1095 1683 1802
1682 1683 952
410 617 3216
525 1444 1263
58 942 2660
58 973 1998
321 1430 404
321 1431 328
438 470 669
615 616 3668
1430 1431 353
338 1586 1972
1203 1586 1999
156 1524 1443
1159 1524 693
1524 1525 937
1524 1526 823
44 971 461
44 1102 417
971 1102 599
293 720 1955
293 721 1822
404 753 1860
720 721 2158
371 1423 586
388 646 1138
646 647 745
1166 1167 1978
1166 1502 2071
1167 1502 2361
44 898 514
290 535 2239
530 535 2456
531 535 2838
533 535 2442
534 535 2801
535 650 2450
605 606 1023
54 1957 2994
105 935 3615
105 1296 3601
547 946 1022
136 614 968
613 614 440
43 44 938
44 1422 595
134 165 116
134 710 372
165 710 774
165 711 264
345 737 522
710 711 561
796 1416 85
796 1425 199
971 1421 315
971 1422 662
1416 1425 101
1421 1422 542
388 1934 1438
611 612 1358
647 1934 757
1426 1581 3699
40 1608 1377
63 607 1073
93 1393 1103
142 239 2929
142 932 3247
160 569 1674
362 607 1695
379 1687 3007
569 916 2240
659 660 1613
659 661 1166
660 661 1437
1560 1687 3385
1119 1877 3519
947 948 3716
119 468 111
220 396 1799
356 396 335
356 608 114
356 637 430
396 637 1404
456 986 2207
468 1390 263
911 912 3410
165 1060 629
710 1060 1328
44 641 1326
237 639 1113
237 641 1069
610 639 1726
610 641 1688
639 641 1693
43 237 723
43 658 1485
187 237 301
423 806 2913
656 657 2238
656 1188 1819
657 1188 2062
624 625 1597
700 701 1097
700 702 1488
701 702 1834
43 1399 1108
44 1399 701
84 1471 1001
123 643 1038
123 1176 1021
556 748 2313
1478 1479 378
704 1951 859
34 1467 3044
34 1583 3057
218 220 978
218 709 1302
712 1846 3511
1467 1583 3406
556 630 1770
556 631 1967
630 748 2741
631 748 2597
1653 1953 1906
1653 1954 1987
1953 1954 2909
594 1151 107
413 694 1025
707 708 1477
707 709 1295
736 1163 2590
736 1164 2571
736 1480 2873
1027 1406 503
1163 1480 2751
1164 1480 2761
1475 1476 966
2 1147 1076
237 1147 343
419 1952 260
594 1147 210
1303 1361 2168
1303 1576 1913
1361 1576 1912
2 187 266
279 502 1391
75 591 1975
75 1949 1718
75 1950 1585
242 475 749
591 1949 1884
591 1950 1851
1949 1950 2113
2 1477 721
609 610 2503
617 1679 2834
26 308 1293
26 945 1472
308 945 1558
156 1527 1615
1159 1527 620
394 396 2867
394 397 3203
396 397 2933
434 826 3467
434 932 3165
826 932 3261
591 1123 805
611 1095 1379
136 603 985
209 413 1571
413 634 1176
579 644 861
579 649 402
603 613 413
603 614 616
612 1682 852
644 649 1265
626 899 2922
658 738 1095
1342 1928 2747
1929 1930 842
1929 1931 530
1929 1932 1096
1929 1933 748
1930 1931 546
1930 1932 1153
1930 1933 779
1931 1932 815
1931 1933 528
1932 1933 1278
1570 1919 2918
1570 1927 2791
1919 1927 3398
51 651 855
51 652 643
189 629 2865
258 632 1228
337 351 2275
351 352 1993
639 640 2853
640 641 2857
651 652 660
290 451 1732
291 508 2920
298 621 2810
451 530 2172
451 531 1869
451 533 1687
451 534 2072
451 535 1966
618 619 3128
724 1522 2228
724 1533 2466
857 1396 2877
1119 1396 3438
1522 1533 2880
43 1026 1013
258 908 1680
258 1053 1413
333 486 2353
333 487 2258
486 487 2644
908 1053 2421
136 244 575
136 831 984
244 831 1704
399 400 3491
399 401 3451
400 401 3504
728 2026 2300
1614 2026 1364
1995 2037 2000
1995 2038 2391
1995 2039 2487
2037 2038 1319
2037 2039 1651
2038 2039 1861
337 1963 3348
34 342 2855
34 1381 2964
686 1380 2040
686 1468 2008
686 1469 2279
1380 1468 1317
1380 1469 1589
1468 1469 1641
646 1867 824
32 33 1989
32 249 2707
32 729 2316
33 249 2325
33 729 2262
249 729 2460
290 532 1979
290 1520 2005
530 532 1781
530 1520 1865
531 532 2602
532 533 1981
532 535 2744
532 1520 1894
533 1520 2082
535 1520 2144
84 280 557
84 445 789
103 921 2389
141 142 3326
141 239 2011
280 1140 1897
331 788 1259
331 1179 1646
520 667 3132
526 936 2163
667 668 3373
788 1179 996
388 1685 1017
728 1958 2249
1614 1958 1765
702 723 1658
474 475 1401
474 591 1813
993 1137 2836
1445 1466 1394
211 693 3350
693 752 3319
351 696 1803
396 691 2504
612 1689 1024
2 1580 826
338 1372 2128
1044 1342 2214
1044 1343 2130
1044 1928 2436
1342 1343 2559
1343 1928 2366
717 718 71
717 719 112
718 719 275
29 679 830
49 345 1059
49 737 1114
43 754 1360
44 754 942
187 244 309
475 1472 2713
488 507 2447
591 1472 2183
615 966 3648
729 730 879
838 839 3186
872 909 117
129 946 1376
400 1995 2945
400 1999 3260
400 2000 3167
400 2052 3457
1358 1774 193
1358 1813 129
1774 1813 195
1995 1999 2854
1995 2000 2766
1999 2000 2999
1999 2052 3551
2000 2052 3466
63 1194 928
63 1195 1149
362 1195 1742
1194 1195 2036
51 239 874
51 359 115
103 750 2311
494 495 1046
675 676 2066
675 677 2061
676 677 2027
733 734 1349
750 751 2060
753 2021 1390
2021 2023 1232
237 939 56
594 939 52
939 940 110
939 941 159
839 1239 3228
839 1854 3356
349 681 2283
697 698 2642
715 716 197
1689 1690 686
489 1889 2564
1203 1889 2681
44 1924 729
658 1924 1369
80 669 2247
80 670 2246
80 671 2108
669 670 3284
669 671 2995
670 671 3190
51 152 303
51 242 269
93 279 767
152 242 412
413 695 1033
694 695 1421
741 742 1827
741 743 1416
742 743 1594
744 745 51
744 746 74
744 747 70
745 746 104
745 747 76
1687 1688 3643
1614 1929 632
442 657 3140
442 714 3333
556 749 2077
748 749 2845
237 504 556
682 834 3005
683 834 2355
219 356 228
502 735 2615
664 665 3135
665 666 3669
685 686 2899
685 687 3164
686 687 3194
682 1659 2898
304 619 3217
729 731 1859
729 732 2320
730 731 727
730 732 736
731 732 1586
51 909 362
299 1571 820
757 1571 1492
909 1326 1222
26 944 1266
308 944 1314
336 1426 3562
944 945 1692
34 395 2686
34 910 2874
51 241 305
78 661 979
148 1401 38
148 1518 49
241 242 1016
290 664 1431
612 1690 1031
704 820 648
704 1577 812
820 1577 1495
1190 1191 3722
67 320 1381
67 321 954
320 321 527
404 405 2280
404 433 1459
405 433 2393
405 1329 2893
1445 1824 1286
279 467 707
739 1444 2251
739 1922 2581
1444 1922 2209
184 756 3728
734 1599 2350
252 253 2796
252 839 3302
252 1346 2783
252 1347 2706
253 839 3208
253 1346 2938
253 1347 2849
462 512 684
648 1257 689
724 1521 2340
725 1521 1881
753 1141 1144
796 1543 162
839 1346 3195
839 1347 3343
1346 1347 2735
1425 1543 98
233 1923 1035
69 1578 273
268 929 1411
63 1920 1184
686 1921 2792
1194 1920 1099
1195 1920 2290
136 1215 1262
400 1044 1487
400 1342 2829
400 1343 2669
400 1928 3013
434 654 3225
730 1318 196
1044 1999 2057
1044 2000 1939
1342 1999 2778
1342 2000 2685
1343 1999 2646
1343 2000 2582
1495 1496 2609
1928 1999 2967
1928 2000 2934
1157 1158 247
1157 1159 180
1158 1159 226
658 1075 1335
451 930 2068
534 930 2474
536 1221 1424
536 1484 2181
536 1562 1954
603 1414 271
1221 1484 1399
1221 1562 1253
1484 1562 2002
141 816 2231
579 1852 373
644 1852 1091
1401 1799 60
1401 1896 119
137 938 2657
556 928 1412
1 27 718
27 1155 634
1155 1965 2387
418 419 81
418 1130 50
419 1130 100
2 870 901
34 912 3270
251 252 2692
654 826 3297
922 923 152
922 924 99
923 924 66
51 872 183
136 237 200
198 475 2076
383 949 278
722 933 2402
575 576 2253
575 1219 2419
1219 1384 2691
593 808 850
2 925 649
78 79 1478
78 917 1121
78 918 1311
79 917 2205
79 918 1748
237 523 368
566 1531 3048
917 918 1206
388 833 1755
1375 1564 1583
2 438 467
81 84 536
87 485 3740
105 934 3458
187 907 136
237 907 415
261 262 3384
136 1490 892
277 1490 1332
63 601 1214
362 601 1908
709 919 948
272 1183 2759
30 31 3182
77 1408 1727
148 1789 7
156 566 2494
639 1026 1511
879 881 3427
27 481 565
105 1226 3580
148 496 23
148 1148 20
601 1195 2459
349 1517 2378
370 398 268
421 423 860
436 1180 154
436 1181 185
436 1182 165
578 579 336
578 1528 177
579 1528 296
681 1517 2997
845 846 1283
845 1778 807
846 1778 1308
1155 1530 2822
1180 1181 105
1180 1182 88
1181 1182 144
189 190 2841
378 379 1960
80 1318 1034
110 554 1707
110 1345 1224
290 927 1838
532 927 1792
533 927 1307
535 927 2155
554 644 1546
554 1345 1363
644 1345 1325
917 1516 1408
78 80 763
78 131 1187
78 132 734
80 131 1005
131 132 698
111 762 3087
111 1238 2974
450 451 515
450 452 512
450 453 176
762 1238 3099
1155 1487 2709
1155 1666 2556
246 914 1185
246 915 1671
246 1563 1909
338 473 2171
338 1569 2371
338 1889 1806
473 1569 1570
473 1889 1855
914 1563 908
915 1563 1520
1569 1889 1866
139 325 612
338 343 2119
343 473 1502
419 1305 255
450 1385 955
948 1363 3725
756 1679 3290
136 573 1340
2 1170 781
27 1087 893
107 1567 1698
107 1568 2003
598 1523 1977
612 1790 1537
1095 1790 1606
1269 1351 3502
1567 1568 2636
542 1519 3433
1369 1519 3441
566 1993 3090
1354 1356 1814
29 274 341
29 638 230
29 1248 367
79 80 1876
79 131 1656
79 133 1275
79 660 1817
131 133 1339
131 660 1218
133 660 1372
274 638 2102
274 1248 849
385 432 922
385 1143 1246
385 1362 989
633 1133 3531
638 1031 3279
638 1248 1710
1031 1248 1489
1143 1362 939
27 429 1118
680 1168 3470
1569 1570 2042
1444 2045 2269
136 282 1254
136 283 1226
136 1149 1141
244 1144 1830
244 1145 1795
282 283 480
282 1149 459
283 1149 393
331 751 1952
331 1178 2211
750 921 2165
751 921 2295
751 1178 2376
751 1179 1964
1144 1145 2285
1178 1179 2204
1269 2024 3663
1254 1732 54
1254 1742 68
1732 1742 139
489 1192 3249
105 1269 3679
934 1269 3191
1268 1269 3676
1268 1565 3747
1269 1565 3694
21 94 1745
21 195 2439
94 195 1160
289 290 2090
289 530 2463
289 532 2663
289 533 2415
289 535 2772
2 408 397
51 512 685
306 419 295
1154 1155 2264
1155 1488 2579
1155 1980 3039
1488 1530 2973
1488 1980 3357
1530 1980 3282
641 1026 1493
2 1169 1158
110 1189 2322
258 1172 835
270 314 544
129 130 1839
396 1987 2468
852 1940 1040
105 1227 3592
934 1227 2665
1008 1031 3324
1488 1724 2859
1510 1527 2321
51 722 1455
1539 1796 3429
1539 1812 3352
1796 1812 3667
130 339 2684
973 1566 1209
34 63 1875
34 1193 2039
34 1195 2431
50 1161 2409
50 1162 2282
50 1163 2529
63 1193 1142
74 1277 1320
126 1173 3637
126 1174 3666
258 308 317
272 1038 2915
272 1184 2905
272 1185 2847
593 594 389
594 1150 108
653 927 2578
808 1143 531
1038 1183 2879
1038 1184 2886
1038 1185 2979
1150 1151 90
1161 1162 2790
1161 1163 2658
1161 1164 2604
1162 1163 2805
1162 1164 2724
1183 1184 2908
1183 1185 2963
1184 1185 2951
258 2025 1915
908 2025 2695
387 388 1223
1296 2008 3704
495 636 1435
495 1131 1484
495 1132 2543
636 1131 1804
636 1132 2572
1131 1132 2159
72 1511 2637
1 1152 1350
28 686 2816
36 1361 1044
36 1616 234
123 686 683
143 144 1239
143 145 1124
143 1223 1165
144 145 2074
144 1223 1759
145 1223 1892
353 355 914
354 355 1085
355 958 486
420 1171 2351
448 1165 3654
569 834 1468
686 1176 2053
715 1027 348
715 1153 281
716 1027 311
716 1153 161
1027 1153 386
84 217 450
1444 2030 2250
2 1139 618
236 1160 233
551 1146 1785
605 657 1739
870 1139 887
1156 1159 236
549 1263 3024
549 1426 3361
1263 1426 3610
591 1561 1580
2 1332 936
53 239 1313
237 355 203
969 970 846
1139 1332 1101
27 378 1270
27 379 1255
246 304 3320
246 1917 2866
304 1917 3363
950 1979 3275
950 1984 3506
1979 1984 3515
6 1241 409
6 1242 747
6 1243 508
1241 1242 905
1241 1243 705
1241 1907 999
1242 1243 1212
23 1394 1995
244 1339 1566
437 438 801
438 1250 713
551 909 1341
909 1146 821
1392 1496 2118
1400 1613 2317
1400 1614 1414
1613 1614 1453
27 374 1306
27 375 1007
27 376 1347
27 377 1061
130 1402 2919
339 1402 2523
374 375 2422
374 376 2800
374 377 2440
375 376 2613
375 377 2078
376 377 2446
420 928 1669
1958 1983 2478
1710 1981 3340
181 448 2645
379 1277 3239
1572 1573 1686
1572 1574 1380
1573 1574 1126
134 706 184
331 536 1784
331 1484 1991
536 1179 1847
1179 1484 1926
96 488 600
135 136 1509
191 761 1323
191 1409 1231
237 1187 827
761 1409 759
830 1187 1953
824 1412 898
824 1425 382
824 1543 396
1412 1425 332
1412 1543 205
239 551 2010
239 705 1675
239 909 1577
551 705 1962
705 909 931
1335 1336 489
405 1209 3115
541 542 3485
2 236 208
236 237 163
1406 1407 201
1293 1320 3673
1293 1371 3735
1320 1371 3733
1416 1603 160
134 167 87
23 74 831
27 66 883
81 82 743
82 84 560
136 715 700
136 1387 899
136 1388 845
136 1491 1019
216 217 962
715 1387 390
715 1388 347
715 1491 607
1219 1382 2150
1219 1383 2432
1382 1383 2407
1382 1384 2643
1383 1384 2680
1387 1388 351
1387 1491 675
1388 1491 441
682 1642 2992
682 1786 3540
1155 1486 2551
1486 1487 2896
1486 1488 2980
1487 1488 2852
1488 1909 2641
1642 1786 2869
148 1985 3
148 1986 5
1985 1986 2
54 1386 3187
29 1377 663
29 1378 651
29 1379 886
644 1246 2187
1377 1378 722
1377 1379 808
1378 1379 940
63 1982 1271
1194 1982 1373
1195 1982 2670
410 1630 2736
1155 1853 2640
31 1234 3277
478 722 2544
478 933 2887
147 148 39
371 372 1213
262 1022 1773
289 534 2558
289 1253 2444
290 1253 2465
361 362 1456
361 520 2445
361 1489 2452
362 1489 2173
520 1489 2433
532 534 2201
532 1253 3064
533 1253 2449
534 1253 2332
1022 1868 2080
105 1862 3445
1160 1258 297
80 730 625
348 349 2210
395 730 322
395 1318 424
53 358 1139
239 358 1201
420 1391 2364
131 134 534
131 661 1172
132 134 130
132 661 466
134 661 326
304 899 2965
1319 1320 3714
1319 1321 3655
1319 1322 3560
1319 1323 3393
1320 1321 3737
1320 1322 3698
1320 1323 3469
1321 1322 3651
1321 1323 3547
1322 1323 3371
112 368 3579
338 1607 1846
1203 1607 2135
58 1679 2477
1507 1897 1094
65 412 1322
65 1376 291
412 1376 381
10 164 1572
10 1007 2894
164 467 313
676 1101 1117
239 1367 1910
358 1397 825
488 1762 654
2 872 562
2 1375 1507
1320 1779 3743
1320 1780 3731
1320 1781 3739
1780 1781 3730
304 1410 3416
410 1662 3308
208 462 840
129 728 2048
2 1264 1638
2 1265 1821
1264 1265 2360
712 1848 3556
103 1403 2580
103 1404 2363
1403 1404 2270
396 950 2652
396 1015 3131
734 1389 1420
950 1015 3412
1308 1411 3738
41 115 857
123 411 285
411 1176 819
406 407 1608
824 825 682
540 583 3230
189 1605 2749
268 778 622
63 1124 1269
88 1345 1769
220 587 2148
1274 1282 3196
676 2019 2117
112 755 3443
112 1615 3581
755 1615 3292
1340 1342 2528
1340 1343 2180
296 297 2599
296 298 2075
296 299 963
297 298 2323
297 299 1928
298 299 1186
620 1504 1801
697 1327 1182
1228 1327 1082
1327 1328 1002
136 281 1665
74 1501 1937
88 1344 2025
43 1988 1181
658 1988 1672
448 1324 3620
1838 1913 3000
1838 1915 3396
1044 1974 2126
1044 1994 2405
1044 1995 2153
1044 1996 2147
1044 1997 2141
1044 1998 2103
1342 1974 2953
1342 1994 3158
1342 1995 2786
1342 1996 3138
1342 1997 3020
1342 1998 3047
1343 1974 2430
1343 1994 2764
1343 1995 2653
1343 1996 2820
1343 1997 2727
1343 1998 2762
1928 1974 2843
1928 1994 3112
1928 1995 2776
1928 1996 3084
1928 1997 3030
1928 1998 3053
1974 1994 3032
1974 1995 3019
1974 1996 3029
1974 1997 2957
1974 1998 2987
1994 1995 3033
1994 1996 2667
1994 1997 2700
1994 1998 2618
1995 1996 2993
1995 1997 2817
1995 1998 2799
1996 1997 2678
1996 1998 2632
1997 1998 2574
44 268 241
44 424 1074
267 268 1071
1044 1341 1056
1044 1764 1649
1340 1341 1462
1340 1764 2106
1764 1765 2198
19 51 342
198 566 2055
455 456 2123
270 1366 1588
286 339 2491
447 448 3602
59 60 3465
9 123 79
123 412 419
547 548 2668
547 549 2475
547 1992 2455
548 549 2787
549 1992 2719
1354 1355 3141
1354 1826 1924
84 1300 804
51 136 194
136 512 1367
686 1325 2699
686 1364 3025
128 356 427
128 357 589
356 357 171
346 484 2501
529 557 25
529 1360 16
557 1360 28
1351 1352 3271
265 656 2143
265 778 1712
265 1667 2083
656 778 1072
656 1667 841
778 1667 802
1155 1990 2502
1155 1991 2710
1990 1991 2991
74 1261 2161
74 1262 1857
1261 1262 2257
906 1254 135
367 379 2050
472 1370 2911
16 215 2955
16 1858 2162
16 1859 2354
16 1975 2411
215 1858 3054
215 1859 3193
215 1975 3068
1858 1859 2594
1859 1975 2784
626 839 3151
626 983 2441
839 983 2960
21 391 1716
648 1281 2760
1221 1222 702
27 951 495
951 1251 1891
107 1323 2588
724 1337 2095
725 1337 1870
988 1348 3377
988 1349 2384
1348 1349 3299
219 1254 408
219 1365 919
237 1201 597
237 1202 884
356 1254 72
356 1365 202
597 600 3374
600 1333 3036
1201 1202 990
1254 1365 218
51 116 1128
72 204 1980
105 1225 3367
1353 1354 2045
1353 1356 1481
1353 1357 1251
1353 1358 524
1354 1358 1078
1356 1358 740
1357 1358 585
105 1350 3480
105 1351 3313
934 1350 2946
934 1351 2566
1350 1351 3503
474 1673 2237
475 1673 1636
591 1673 2457
331 524 1279
331 525 775
524 525 570
525 1338 809
29 71 784
29 72 445
29 108 350
29 1266 896
71 72 2560
71 108 1145
71 1266 2489
72 108 1014
72 1266 2381
108 1266 1300
29 127 453
29 1220 319
127 1220 452
738 959 2081
738 1368 2339
136 1257 720
239 1200 1457
334 336 1234
29 1511 1448
686 1499 3105
1269 1505 3641
1364 1499 3536
2 248 231
769 1482 3221
769 1483 3369
1482 1483 3322
241 1510 2220
241 1527 1815
156 682 2406
156 1642 1616
156 1659 1667
1642 1659 2089
103 426 3283
219 1255 533
356 1255 221
1119 1876 3495
1876 1877 3589
38 1875 627
237 258 109
612 717 870
31 322 2983
21 23 1120
488 636 1513
38 53 1410
38 462 925
53 462 1161
279 1503 950
467 1503 374
39 946 1959
642 1267 3596
2 323 1203
2 324 1107
2 1089 1219
323 324 1417
323 1089 1423
324 1089 1189
2 3 355
2 5 472
3 5 920
3 872 394
5 872 329
51 435 576
128 1221 1396
128 1222 995
357 1221 581
357 1222 307
448 1224 3636
1849 2053 3046
148 1492 35
456 1166 2372
986 1166 1415
1058 1059 1958
356 905 245
356 1240 283
525 1210 1167
525 1498 1508
905 1240 287
1210 1498 1454
383 384 306
384 385 548
29 204 555
993 1336 1724
1022 1114 1039
1022 1669 1609
1114 1669 539
29 255 843
29 1549 794
255 1549 1331
258 1493 1129
1444 1971 2088
936 1513 2212
23 287 1782
105 1505 3492
353 354 642
1269 1350 3588
1350 1505 3557
1351 1505 3461
511 1295 3106
648 1500 1645
123 465 432
411 465 799
242 1288 478
508 509 1868
653 1045 3294
927 1045 2891
1127 1506 1930
1507 1508 878
406 592 1986
407 592 1466
3 408 477
5 408 410
582 583 2705
684 1035 2410
2 1878 1836
2 1879 1826
1878 1879 2485
136 406 988
136 407 1143
406 512 1776
270 1494 1807
331 1485 1623
788 1485 1563
29 1405 1008
1405 1511 2274
539 540 3478
540 1620 3647
31 331 2115
31 1233 2860
331 1233 2629
34 427 3175
34 428 3298
34 1021 2976
288 289 2235
288 290 1961
288 532 1885
288 533 1664
288 1032 1753
290 1032 2273
381 382 1882
427 428 3490
833 2020 2064
34 589 3432
34 1229 3521
34 1230 3426
294 343 2028
549 766 2754
589 1229 3468
589 1230 3207
1229 1230 3354
411 412 761
307 308 888
307 771 1715
307 1602 1494
308 771 1565
308 1602 1940
771 1602 2734
439 440 3584
439 690 3296
526 1244 3323
526 1245 3241
1009 1031 3483
1244 1245 3309
1218 1675 2977
382 973 964
620 973 262
136 854 1171
152 1256 500
1044 1763 1700
1763 1764 2185
1763 1765 1907
51 1231 890
51 1232 798
1231 1232 875
837 838 2777
837 839 3265
268 1259 1632
2 53 647
2 199 769
53 199 1204
199 872 1150
858 1873 1835
1155 1733 2470
1155 2017 2596
1155 2018 2757
1733 1990 2545
1733 1991 2795
1733 2017 2488
1733 2018 2557
1990 2017 2808
1990 2018 2814
1991 2017 3058
1991 2018 3022
2017 2018 2771
1037 1235 2100
196 358 783
196 359 429
358 359 433
388 1334 1512
448 1239 2996
459 1002 2819
459 1911 3166
1002 1911 3594
79 1237 1552
80 1237 1611
431 432 1324
431 1249 1602
72 255 2199
72 1549 2084
701 1225 2704
702 1225 2756
2 2011 832
239 435 926
814 1107 3723
814 1252 3721
872 2011 957
934 1225 2605
1107 1252 3715
1225 1227 3162
951 1087 1315
44 350 1083
44 373 960
350 373 755
130 1127 2701
63 361 786
63 520 1200
143 430 1030
143 1260 1084
144 430 1640
144 1260 1666
145 430 1534
145 1260 1762
756 1710 3671
756 1741 3649
1710 1741 3598
760 969 1941
760 2033 2194
760 2034 2139
969 1772 2334
969 2033 1864
969 2034 2033
970 2033 902
970 2034 935
1772 2033 2294
1772 2034 2242
2033 2034 1768
27 501 1395
54 68 2985
50 313 1452
50 920 956
50 1300 1429
313 920 1237
313 1300 1110
920 1300 1104
242 494 1045
410 538 1740
438 469 657
934 970 1062
934 1247 760
934 1248 532
970 1247 387
970 1248 475
1247 1248 364
833 1270 1709
268 312 1992
79 1236 1880
80 1236 1510
1236 1237 1357
137 138 1470
31 288 1427
31 289 2619
31 290 1581
31 532 1643
31 533 1848
31 564 1562
288 564 1676
289 564 2188
290 564 2131
532 564 2151
533 564 1779
204 206 3094
204 1079 3176
204 1512 3001
204 1599 3118
204 1855 3179
206 1079 2702
206 1512 2397
206 1599 2890
206 1855 2610
1079 1512 2483
1079 1599 3075
1079 1855 2697
1512 1599 2730
1512 1855 2420
1599 1855 2916
156 806 3163
156 1641 2319
268 1213 1449
1213 1259 579
539 542 3529
288 534 1630
288 1253 2539
191 685 3133
191 1535 3114
685 1535 3098
29 94 501
29 95 428
94 95 591
94 1609 594
34 361 2688
34 362 2293
34 520 3255
34 1604 2438
63 1604 1260
361 1604 2435
362 1604 1729
520 1604 2635
881 1863 3570
484 633 3243
484 1606 3314
1353 1826 1210
1353 1861 1299
1356 1826 1060
1356 1861 1127
1358 1861 468
571 1027 1041
571 1857 2227
1027 1857 1135
1488 1601 3104
484 485 3455
74 463 2506
74 464 2532
463 464 2912
568 569 1303
439 441 3073
208 242 214
208 475 572
93 1515 910
450 509 523
452 509 1345
388 1600 1849
857 1864 2358
268 311 1393
311 312 1829
1350 1862 3543
349 1014 2941
1269 1611 3720
387 1856 1194
388 1856 1763
2 577 756
1044 1794 1578
1763 1794 1901
1764 1794 1845
84 407 169
252 258 2281
252 1612 2927
258 1612 1659
27 72 881
44 371 543
71 501 2509
72 501 2626
108 501 1179
371 373 680
124 136 2451
124 202 2035
136 202 1811
27 391 670
211 212 3154
365 366 3752
198 781 2245
393 394 3240
393 396 2864
393 397 3015
507 1596 2825
39 1532 2966
206 734 2140
206 1598 2043
710 1061 1467
734 1598 1660
1060 1061 1428
1598 1599 2479
81 83 605
83 84 839
15 16 2248
15 215 2975
15 1840 1824
15 1858 2412
15 1859 2949
15 1860 2356
16 1840 1823
16 1860 2069
215 1840 2399
215 1860 3101
1840 1858 1833
1840 1859 2096
1840 1860 1818
1858 1860 2818
1859 1860 2497
44 372 911
343 1681 2472
642 1224 3633
682 1348 3630
682 1792 3381
682 1793 3430
1348 1786 3653
1348 1792 3522
1348 1793 3604
1786 1792 3520
1786 1793 3586
1792 1793 3501
364 804 3754
369 370 206
197 474 2314
197 475 2277
129 547 1862
34 340 2851
76 77 3103
76 1097 3287
77 598 2458
340 342 2773
381 1052 2552
1 1597 1403
53 460 1163
460 462 650
488 506 791
34 776 3408
51 603 460
330 1018 3278
456 565 2004
247 248 695
363 364 3757
363 365 3750
364 365 3756
51 604 325
136 604 658
279 466 498
330 337 3253
330 347 3508
337 347 3172
466 467 400
603 604 288
7 8 18
7 9 30
7 389 19
8 9 24
8 389 13
9 389 26
383 386 248
385 386 496
180 182 1375
182 183 1582
993 1206 1668
993 1663 2676
1206 1663 2018
416 419 352
483 484 3428
483 485 3690
484 1674 2956
421 422 1111
422 423 1997
136 593 817
406 593 1287
512 593 1593
456 457 2164
34 341 3045
340 341 2883
341 342 2892
11 200 1148
143 256 2206
143 390 1754
256 390 2178
345 449 436
396 1014 2492
950 1014 3310
53 461 1068
460 461 1370
461 462 1333
71 107 2418
72 107 2655
107 108 1749
107 501 2541
335 336 3568
388 2004 1617
833 1600 2006
833 2004 1871
1600 2004 1697
14 15 2097
14 16 1933
1538 1539 2978
271 272 2659
268 783 2380
783 1259 1831
331 985 1483
788 985 894
334 353 509
334 354 724
334 355 1261
134 497 118
134 498 127
165 497 174
165 498 132
497 498 106
71 454 2768
72 454 2296
237 248 126
1709 1710 3390
360 361 844
360 362 458
94 194 943
194 195 1545
99 159 3147
99 160 2970
99 161 3224
99 162 3316
99 163 3321
159 160 2928
159 161 3244
159 162 3257
159 163 3242
160 161 3289
160 162 3325
160 163 3383
161 162 3399
161 163 3359
162 163 3392
445 446 2112
1972 1974 3227
1973 1974 3376
1334 1856 2020
23 113 2750
23 409 1936
177 178 1932
179 344 2662
1282 1333 3498
63 360 385
123 132 357
132 411 516
132 412 491
132 465 474
412 465 944
442 443 3307
442 444 3123
443 444 3526
34 209 2186
34 210 2731
129 458 1736
129 459 2624
209 210 2726
209 476 3126
209 477 2904
210 476 3420
210 477 3156
424 425 945
476 477 3563
6 7 58
6 8 47
6 9 8
129 1670 2720
130 1670 2569
459 1670 2617
569 870 2034
569 1910 2526
870 1910 2221
197 198 2480
317 318 416
317 990 694
317 1544 540
317 1545 420
317 1546 470
990 1544 1388
990 1545 1065
990 1546 1625
1544 1545 792
1544 1546 1242
315 316 2493
315 1537 1434
316 1537 1883
317 1916 380
990 1916 1426
1544 1916 1105
72 1548 2583
965 966 3670
241 1574 1539
241 1664 1353
1527 1574 1378
1527 1664 1490
1574 1664 1088
846 1912 1840
213 214 737
213 969 1518
213 970 621
213 1540 766
214 969 1010
214 970 571
214 1540 488
969 1540 1192
970 1540 538
2 460 1136
199 460 1351
385 1906 971
432 1906 744
242 1625 772
760 2032 2708
42 43 1195
42 44 818
245 246 2423
1838 1914 3148
1914 1915 3724
538 620 1473
538 973 1368
242 495 770
337 458 1903
63 1537 1551
836 1550 2562
704 1541 862
1724 1908 2703
1724 1909 2525
1908 1909 2587
119 744 15
379 560 3145
379 561 2746
560 561 3507
836 837 2914
836 838 2770
836 839 3117
63 602 1334
580 581 2229
1230 1536 3510
236 594 131
236 939 113
258 293 1706
704 1246 816
474 894 2505
475 894 2156
72 1056 3168
169 170 484
1401 1797 4
1401 1798 9
1797 1798 44
404 744 1102
404 1235 1496
404 1534 1934
445 1547 2092
446 1547 2753
744 1235 554
744 1534 254
1235 1534 941
157 158 1569
329 330 3305
37 38 891
37 462 1053
43 567 1406
44 567 848
36 914 406
36 915 778
336 1090 2051
198 208 552
198 242 833
1050 1051 3421
1050 1542 3096
1051 1542 3341
134 207 1329
134 1621 997
207 1621 1637
123 131 668
40 45 1132
40 46 973
40 47 1291
40 48 624
45 46 710
45 47 912
45 48 545
46 47 836
46 48 497
47 48 674
392 893 2496
392 968 2954
893 968 2780
489 1622 3331
193 580 2329
276 277 1301
89 90 67
89 91 133
90 91 141
1348 1623 3434
63 316 1828
1014 1015 3425
35 36 681
35 914 626
795 1054 3095
795 1055 3136
1054 1055 3525
1208 1209 3407
600 2002 3110
136 1948 1156
603 1948 399
604 1948 333
31 563 1844
288 563 1622
289 563 1529
290 563 1982
532 563 2026
533 563 1758
563 564 1825
543 544 3199
543 545 2872
543 546 2871
544 545 3040
544 546 3021
545 546 2745
1213 1628 741
63 796 256
601 602 2197
72 77 2073
77 108 1681
1353 1866 868
1358 1866 392
94 505 641
94 1947 656
94 2003 529
505 1609 1064
505 1947 1173
505 2003 711
1609 1947 1170
1609 2003 692
1947 2003 829
26 1289 1550
56 2040 3528
308 1289 1761
753 821 864
968 1203 1877
968 1889 1843
244 1058 1808
831 1058 1177
1304 1619 1366
259 260 3252
259 261 3382
259 262 3220
259 263 3280
260 261 3582
260 262 3258
260 263 3578
261 263 3611
262 263 3328
475 1288 1355
39 40 1886
410 1945 3286
1203 2035 2568
1203 2036 2634
1889 2035 2936
1889 2036 3038
2035 2036 3037
195 807 1730
72 1610 3056
74 409 1361
527 529 37
85 86 1
296 757 1252
298 402 2056
298 757 1898
299 402 1327
402 757 2054
211 284 2390
211 285 2233
212 284 2627
212 285 2553
284 285 2309
168 169 462
168 170 391
169 490 602
170 490 696
77 1274 2907
143 503 1346
144 503 1950
145 503 2013
508 515 2087
73 74 2291
704 1626 1048
704 1627 1036
1046 1116 3303
1046 1117 3264
1046 1617 3272
1046 1618 3144
1116 1117 3130
1116 1617 3100
1116 1618 2942
1117 1617 2968
1117 1618 2846
1617 1618 2802
1019 1020 1945
29 454 1154
29 1408 422
72 1408 1554
74 1677 2007
74 1678 1721
454 1408 1235
1677 1678 1747
268 310 1618
310 311 1548
310 312 2408
44 230 405
44 231 447
230 231 238
230 233 346
231 233 610
233 898 1193
1629 1630 2656
136 248 250
189 558 3234
248 512 687
573 574 294
180 181 2046
181 183 2111
74 595 1874
74 596 1587
123 303 704
131 303 976
12 331 1337
549 767 3181
766 767 2570
555 556 1093
258 307 383
258 309 510
307 309 520
308 309 567
273 404 1298
273 786 2086
404 786 1530
104 105 3102
104 1862 3409
717 1645 145
717 1874 192
1645 1874 249
125 126 3423
125 150 2931
126 150 3650
279 588 1248
134 166 123
165 166 122
165 167 80
166 167 53
482 484 2806
292 1850 3346
508 516 1152
508 518 1463
516 517 1699
516 518 1737
517 518 1944
248 258 292
321 452 1130
321 508 1123
321 510 877
452 508 1678
452 510 1280
508 510 1244
269 270 1957
1088 1334 2718
84 419 324
344 537 2788
9 499 22
69 479 511
75 513 2374
561 562 3639
402 521 3092
243 244 1236
534 563 1867
534 564 1820
63 411 338
63 519 549
63 1066 739
411 519 337
411 1066 435
519 1066 198
528 529 17
12 985 1432
216 491 980
216 492 1273
216 493 1620
217 491 717
217 492 961
217 493 1020
491 492 1384
491 493 1612
492 493 1832
540 541 3476
540 542 3414
474 878 2696
475 878 2120
591 878 2595
538 543 2540
538 545 2601
538 546 2625
590 591 1600
239 550 796
257 258 1482
435 550 456
74 480 2134
21 22 2689
2 828 1151
44 570 526
230 232 182
230 570 168
231 232 289
231 570 327
232 570 216
2 791 753
362 1006 2271
475 1680 2716
109 208 750
584 585 856
1673 1676 2623
72 74 601
72 559 1858
74 559 1247
586 587 3462
171 172 2648
171 173 2674
171 174 2930
172 173 3210
172 174 3262
173 174 3489
92 93 1003
1377 1658 258
743 1444 1751
743 2030 1890
116 117 1743
116 149 1628
117 149 1621
137 139 1321
138 139 578
153 154 3691
153 155 3710
153 156 3213
154 155 3712
154 156 3293
155 156 3192
612 1337 1541
108 1694 1305
108 1695 2189
108 1730 1684
1694 1695 1598
1694 1730 1049
1695 1730 1728
74 101 2524
100 101 1596
415 1509 2344
105 327 3600
105 328 3638
108 600 2105
108 995 2015
108 996 1919
327 328 3682
600 995 3055
600 996 2698
600 1660 3204
600 1661 3375
995 996 2614
1660 1661 3499
71 757 2310
71 1355 3065
72 757 2514
72 1355 2827
128 129 1696
128 130 2259
501 757 1741
501 1355 2592
124 902 3060
55 56 3395
55 57 3474
56 57 3549
64 65 375
97 98 3422
97 99 3368
98 99 3339
293 294 1893
13 16 1356
24 25 2683
24 26 1787
25 26 1756
59 61 3593
59 62 2495
60 61 3530
60 62 2377
61 62 2740
113 114 2895
74 143 1794
74 146 1631
74 256 1899
143 146 1634
146 256 1938
49 186 1469
526 812 3301
116 118 1791
117 118 2267
122 123 638
507 1045 2476
69 70 451
34 67 2630
585 648 1521
119 860 166
468 860 320
322 331 2811
852 1865 1208
1870 1871 3696
53 54 1205
175 176 2952
51 52 863
1096 1097 3424
140 141 2984
140 142 3086
1411 1665 3680
120 121 519
17 18 64
17 19 170
18 19 94
19 20 339
756 1740 3632
756 1936 3697
1710 1740 3608
1710 1936 3700
1740 1741 3613
1740 1936 3702
1741 1936 3701
3 4 577
188 189 3542
388 2031 2047
71 106 2019
72 106 2403
106 107 2052
106 108 1603
151 152 547
992 993 2755
296 300 2297
297 300 2881
298 300 1949
299 300 1216
34 319 2388
67 319 2063
221 222 1134
221 223 958
221 224 924
222 223 1648
222 224 1576
223 224 1430
264 265 2921
264 266 3018
264 1022 2110
265 266 2840
265 1022 1775
266 1022 2538
241 553 1735
1505 1869 3609
1505 1870 3614
1505 1871 3660
1869 1870 3619
1869 1871 3678
225 226 1574
225 227 2416
226 227 1852
676 873 1174
873 1101 998
111 1580 1500
762 1580 1522
27 1721 672
292 1652 3366
292 1872 3444
1652 1872 3251
235 236 59
235 237 172
108 813 1614
275 295 2608
278 279 1137
392 484 3349
29 333 1272
108 333 811
511 856 2484
511 857 2166
511 858 2177
856 857 2585
856 858 2272
857 858 2079
203 204 2807
203 205 2021
203 206 2146
204 205 2486
205 206 2022
717 1395 134
717 1644 179
1395 1644 261
1395 1645 181
1395 1874 270
1644 1645 331
1644 1874 418
146 999 1733
146 1000 1657
999 1000 930
82 280 1405
2 37 885
37 199 1285
34 249 2959
34 250 3031
238 239 1523
249 250 3002
240 242 465
21 305 1800
139 221 1207
136 1083 2116
136 1084 2175
1083 1084 2101
41 202 934
316 540 3447
316 583 3077
336 1287 3344
72 228 2924
72 229 2782
228 229 3200
331 332 2326
63 442 1796
63 1197 1713
442 1197 2519
31 332 2292
139 314 207
27 1671 752
27 1672 771
254 255 3082
207 301 2367
207 302 2038
301 302 2812
120 1213 673
362 1024 1100
738 1024 1610
1213 1633 580
111 763 2767
111 764 2828
762 763 3043
762 764 2971
763 764 2533
460 828 1439
239 887 1701
72 1069 3009
72 1697 2990
72 1699 2733
1069 1697 3435
1069 1699 3532
1697 1699 3378
471 771 3273
648 891 1066
125 891 1549
126 891 3161
71 1056 3205
468 861 365
468 862 345
468 863 454
468 864 482
860 861 1092
860 862 1032
860 863 1191
860 864 1197
861 862 1338
861 863 1344
861 864 1536
862 863 1389
862 864 1475
863 864 1464
71 765 3116
72 765 2725
109 2046 2122
71 979 3170
72 979 3023
304 1144 3111
612 724 1996
612 1702 1371
724 1702 1567
899 1144 2318
900 1144 2213
1337 1702 1199
3 809 403
664 1538 2191
664 1539 2307
664 1614 1238
664 1939 1777
1538 1614 1501
1538 1939 2386
1539 1614 1662
1539 1939 2611
1614 1939 1362
189 978 3081
558 978 3475
259 1022 1531
1334 1937 2301
538 1307 2065
34 189 2591
34 558 3169
983 984 2024
19 1049 437
20 1049 499
94 305 706
2 759 974
2 790 1012
759 790 873
216 997 933
1037 1068 3405
148 1005 45
1002 1935 3387
262 1209 3342
296 994 2223
298 994 2303
299 994 1783
757 994 2125
612 1703 754
717 1703 330
122 317 981
123 317 787
360 500 1087
360 1120 712
500 1120 1190
989 990 1447
1090 1127 2255
1249 1304 1217
29 226 379
29 1204 349
29 1631 395
29 1632 377
226 1204 2030
226 1631 1591
226 1632 1956
1204 1631 1289
1204 1632 1568
1631 1632 1277
71 1069 3364
71 1697 3157
71 1698 3300
71 1699 3237
72 1698 3088
1069 1698 3576
1697 1698 3437
1698 1699 3493
241 1750 2268
241 1829 2032
1510 1750 2850
1510 1829 2739
1750 1829 3174
485 1743 3719
13 849 1281
13 1840 1006
13 1841 970
16 849 1635
16 1841 1805
849 1840 1532
849 1841 1557
1356 1735 1077
1356 1736 1258
1356 1737 1250
1735 1736 1343
1735 1737 1268
1736 1737 1155
1840 1841 1290
995 1729 3129
1065 1066 267
648 774 2136
129 1938 2347
288 653 1538
288 785 2341
290 653 1386
290 785 2682
563 785 2031
564 653 1619
564 785 2346
653 785 1853
783 784 2192
264 829 2870
266 829 3218
415 1634 2348
489 555 3027
1358 1712 550
1358 1731 644
1712 1731 1400
268 784 1642
835 836 2809
835 839 3397
258 802 1043
258 803 765
484 968 2723
968 1674 2473
26 1067 1451
53 815 1504
53 816 1505
308 1067 1425
125 818 2884
126 817 3672
126 818 3555
150 817 3527
150 818 3550
817 818 3548
1903 1941 312
367 1946 1233
379 1946 2302
288 743 913
534 785 2385
563 743 1465
564 743 1052
743 785 1559
633 769 3518
73 692 3318
73 780 3417
474 696 1927
475 696 1418
692 780 3587
279 325 882
77 1696 2607
273 787 1714
404 787 1486
786 787 1976
1700 1701 1965
198 1680 2598
331 789 1264
788 789 854
148 777 31
107 819 2121
653 1692 3211
653 1693 3403
927 1692 3329
927 1693 3431
1692 1693 3446
89 1704 86
90 1704 78
91 1704 178
122 1062 414
122 1064 359
122 1655 619
123 1062 776
123 1064 758
123 1655 806
1062 1064 525
1062 1655 730
1064 1655 521
84 779 738
579 1497 140
410 1207 3177
34 775 3355
108 1331 1037
108 1691 1081
775 776 3627
1331 1691 153
655 800 314
655 801 398
800 801 142
648 811 1788
738 810 1973
388 2041 1914
2031 2041 2289
24 471 3076
24 771 2469
770 771 2839
193 258 1655
822 823 1240
822 824 847
822 825 1133
823 824 661
823 825 927
73 768 3404
591 1206 631
1123 1206 851
399 1942 3616
399 1943 3566
399 1944 3454
401 1942 3612
401 1943 3567
401 1944 3488
1942 1943 3683
1942 1944 3645
1943 1944 3617
804 805 3500
690 797 2832
690 798 2522
690 799 2714
797 798 2349
797 799 3011
798 799 2589
806 832 3436
74 1651 2094
56 1109 3400
104 1333 3127
370 794 1125
792 793 2958
792 794 2711
792 795 2712
793 794 2935
793 795 2794
794 795 2781
381 772 2170
105 1046 3256
235 594 48
1046 1225 3149
2 738 959
2 1023 679
738 1023 1241
316 362 1942
316 1006 3066
316 1839 3006
362 1839 2016
583 1006 3201
583 1839 3014
1006 1839 2428
34 963 3248
34 964 3188
963 964 3379
40 415 1752
379 1276 2998
379 1278 3004
1276 1277 3389
1276 1278 3497
1277 1278 3456
704 1647 953
126 1646 3707
818 1646 3624
62 391 1527
62 951 1547
391 951 1946
3 1017 431
4 268 310
4 1017 213
268 1017 276
344 955 3049
593 1977 1352
74 1649 1436
146 1649 1573
136 1011 2085
136 1012 1685
1011 1012 1526
242 474 633
41 169 438
41 170 541
41 490 426
653 987 3267
927 987 3315
53 141 2338
53 1650 1895
141 1650 2308
49 1283 1590
186 1283 1683
136 1033 1922
136 1285 1627
136 1286 1786
237 1285 646
237 1286 617
1285 1286 1525
53 874 1180
208 421 558
266 1010 3226
1377 1656 173
1377 1657 240
1656 1657 84
1656 1658 96
1657 1658 102
344 957 3295
344 1046 3125
955 957 3463
955 1046 3072
957 1046 3351
744 1114 57
185 279 921
74 1050 2518
74 1051 2631
823 1292 1767
823 1445 1140
1292 1445 2012
1358 1725 286
1358 1726 253
1358 1727 252
1725 1726 471
1725 1727 423
1726 1727 299
74 1271 2196
717 1643 190
1395 1643 189
93 1214 1026
507 1074 3097
588 1648 3327
1045 1074 2413
74 514 2142
186 1016 1433
126 1072 3659
471 890 3486
771 890 3010
40 1654 1409
244 1057 1652
244 1059 1990
831 1057 1079
831 1059 1474
1057 1058 1374
1057 1059 1499
827 1377 246
827 1656 95
827 1657 103
827 1658 121
94 2042 699
1609 2042 762
1947 2042 977
126 1071 3749
126 1198 3753
1071 1198 3758
44 758 690
782 973 1131
27 1003 384
27 1004 504
1003 1004 265
1003 1766 358
1004 1766 388
1291 1292 3159
44 998 923
65 974 298
139 1039 321
1356 2007 1702
72 980 2584
77 980 2563
855 857 2461
72 1070 2842
644 1028 972
1069 1070 3183
878 992 2944
878 993 2972
488 1074 2107
584 960 1703
584 961 1564
960 961 1276
136 853 1460
136 1034 2099
1033 1034 2331
2 991 929
131 1044 665
598 1274 2362
187 1025 147
105 1218 3545
648 1047 1528
648 1048 1974
1047 1048 1904
482 1674 2633
392 724 2373
664 2006 1920
1614 2006 1296
72 880 2542
37 460 993
126 1036 3687
817 1036 3552
158 242 869
158 1029 1288
158 1030 1220
242 1029 1028
242 1030 1050
1029 1030 1988
1708 1709 3473
1708 1710 3380
338 766 1540
766 1203 1067
729 972 1750
731 972 904
257 594 143
421 1624 1282
187 235 77
187 594 149
235 1025 46
594 1025 138
658 1024 1458
262 1013 3197
365 1040 3732
365 1041 3695
365 1042 3729
1040 1041 3703
1040 1042 3726
1041 1042 3689
68 852 1309
123 1063 983
1063 1064 564
528 557 34
528 1076 6
528 1077 12
528 1078 33
529 1076 14
529 1077 10
529 1078 32
557 1076 36
557 1077 29
557 1078 62
1076 1077 11
1076 1078 43
1077 1078 40
415 2009 2498
869 1016 1994
130 875 3415
392 967 3028
955 956 3484
956 957 3509
724 1722 2330
724 1723 2256
725 1722 2225
725 1723 2203
362 962 2765
520 962 2752
239 975 483
239 976 790
435 975 446
435 976 623
975 976 354
256 1728 2785
188 364 3751
188 365 3742
188 850 3746
364 850 3755
365 850 3748
892 893 2328
72 1113 2548
753 2027 1387
753 2028 1175
821 2027 688
821 2028 494
2027 2028 715
345 869 876
71 1714 3089
71 1715 2947
71 1716 3291
72 1714 2858
72 1715 2722
72 1716 3142
501 1714 2547
501 1715 2535
501 1716 3124
1355 1714 2774
1355 1715 2531
1355 1716 3137
1714 1715 3078
1714 1716 3471
1715 1716 3360
981 982 3442
56 995 3358
268 1110 2226
268 1111 1902
268 1112 1911
1110 1111 2009
1110 1112 1879
1111 1112 1793
63 436 487
63 500 582
63 1120 598
63 1199 639
63 1275 800
360 436 455
360 1199 1086
360 1275 655
436 1120 356
436 1275 370
500 1199 1382
1120 1199 1057
1120 1275 709
58 859 2862
489 882 3585
489 883 3304
555 883 2616
882 883 3345
552 872 773
143 1701 1579
143 1707 2306
1701 1707 2537
27 146 583
27 999 635
27 1000 628
207 326 2600
237 952 401
237 953 279
237 954 302
594 952 222
594 953 164
594 954 120
952 953 186
952 954 209
953 954 83
355 738 1708
1001 1002 3450
184 1710 3685
184 1739 3713
184 1740 3675
184 1741 3681
756 1739 3688
1710 1739 3665
1739 1740 3640
1739 1741 3644
189 977 2882
558 977 3388
2 19 637
2 885 1000
74 1719 2365
1050 1719 3074
1051 1719 3281
105 1216 3571
105 1217 3516
1216 1217 3603
72 171 2357
171 1069 2758
211 1098 2837
212 1098 3035
489 2029 3083
744 1115 55
1114 1115 137
244 574 537
256 1718 3120
182 684 1837
182 1893 1873
684 1893 2327
19 840 244
19 841 235
840 841 146
435 522 229
435 865 284
522 865 125
77 118 2286
317 1212 1336
990 1212 2169
489 884 3539
882 884 3621
883 884 3452
600 2016 2961
1333 2016 3276
1401 1978 274
1401 1979 691
1978 1979 2982
972 1063 1294
612 1711 1498
717 1711 457
339 1121 2593
339 1122 2664
1121 1122 3091
137 903 3107
2 359 640
2 901 506
359 901 290
971 1206 969
971 1279 1119
1206 1279 1497
189 850 3595
129 1205 2673
549 1294 3222
766 1294 2876
72 879 2868
430 1003 608
430 1004 551
1119 1892 3606
719 847 1116
719 848 1188
719 849 1257
847 848 2448
847 849 2208
848 849 2333
2 20 932
759 991 813
1080 1081 2515
1080 1083 1929
1080 1084 2029
1081 1083 2336
1081 1084 2392
1082 1083 2335
1082 1084 2382
494 876 1601
494 877 1442
876 877 1440
236 1128 157
237 1128 232
549 1118 3223
275 346 2804
295 346 2888
288 888 1797
288 889 1607
290 888 2215
290 889 2138
564 888 1719
564 889 1816
785 888 2041
785 889 2001
888 889 1757
338 1091 2224
338 1092 2654
1091 1092 3061
482 968 2513
482 1734 2672
484 1734 2939
968 1734 2499
489 513 3541
513 882 3459
513 884 3565
951 2043 1691
201 211 3008
201 1104 2831
201 1105 2903
211 1104 3229
211 1105 3171
316 866 3362
316 867 3487
316 868 3413
540 866 3479
540 867 3544
540 868 3440
583 866 2986
583 867 3245
583 868 3070
866 867 3449
866 868 3332
867 868 3448
1104 1105 3143
77 1085 2500
1320 1738 3744
872 1086 476
1106 1107 3745
1106 1108 3741
1107 1108 3718
201 1103 2429
211 1103 2863
1103 1104 2717
244 1099 1900
244 1100 2160
831 1099 1798
831 1100 2154
1099 1100 2628
462 1093 590
1126 1127 1778
704 1094 559
146 1713 2606
1649 1713 1682
433 1125 2149
655 886 574
892 1088 2324
893 1088 2276
501 1069 3402
566 1293 3494
870 872 588
870 1086 1385
272 588 2875
21 29 1075
851 852 1407
74 1542 2304
1542 1719 2826
17 512 659
19 512 788
44 895 732
44 896 667
44 897 714
233 895 1225
233 896 1274
233 897 1310
895 896 1760
895 897 1771
895 898 1556
896 897 1746
896 898 1544
897 898 1398
49 870 1677
49 871 1856
870 871 1595
256 1717 2798
1717 1718 3538
74 1701 1479
74 1707 2167
146 1701 2093
146 1707 2425
20 885 837
842 843 469
842 844 513
842 845 636
842 846 947
843 844 517
843 845 666
843 846 751
844 845 828
844 846 1159
724 1705 2014
724 1706 1921
725 1705 1931
725 1706 1943
1705 1706 2263
207 1290 2049
441 2013 3365
441 2014 3460
441 2015 3553
2013 2014 3618
2013 2015 3642
2014 2015 3686
1284 1285 1624
1284 1286 1720
171 1272 3152
171 1273 3012
172 1272 3184
172 1273 3146
1272 1273 3394
1280 1281 3219
