358 409 2
100 171 19
100 310 118
100 1079 227
171 310 87
171 1079 17
310 1079 5
90 91 121
90 450 86
90 633 10
90 910 128
91 1068 88
450 633 4
450 910 7
90 179 85
90 808 11
90 878 242
179 450 16
179 633 1
179 808 6
179 878 8
450 808 59
450 878 42
633 808 3
633 878 26
808 878 13
49 822 15
13 15 18
207 358 12
207 409 61
116 871 21
28 44 23
808 1044 24
808 1045 50
1044 1045 22
28 77 31
28 911 28
28 912 55
77 912 382
911 912 263
28 82 40
28 84 25
82 84 67
909 910 27
116 711 29
116 1023 69
116 1024 14
711 1023 33
711 1024 201
1023 1024 30
51 233 35
51 236 37
233 236 114
28 343 20
28 344 39
44 343 180
44 344 196
343 344 36
631 633 32
51 52 45
51 574 48
52 574 216
94 622 41
94 921 47
622 921 228
72 358 43
51 232 315
51 875 56
232 233 238
232 875 306
233 875 44
171 179 136
171 876 52
171 877 53
876 877 221
136 858 49
207 242 46
72 409 51
243 335 58
632 633 54
889 1025 57
242 409 60
271 925 62
84 355 63
48 49 64
242 337 68
31 336 70
335 336 336
90 169 65
90 170 76
90 171 110
90 310 78
169 170 74
169 171 72
169 310 38
170 171 92
889 982 71
285 1056 79
31 934 97
336 935 81
242 273 77
68 69 83
205 276 318
205 358 82
205 409 89
276 409 100
271 279 94
271 379 84
343 889 212
242 930 91
137 138 98
31 298 90
82 83 152
83 84 95
92 93 103
92 213 111
93 213 341
909 959 101
910 959 178
50 51 122
50 52 99
50 98 120
51 98 113
90 436 119
170 436 116
171 436 109
243 244 117
89 91 115
89 950 264
89 951 236
89 1034 222
89 1068 275
91 950 167
91 951 126
91 1034 123
950 951 177
1034 1068 112
76 77 127
77 136 253
90 168 125
90 286 134
168 169 168
168 170 154
168 171 131
168 286 124
169 286 73
170 286 155
171 286 163
242 397 130
273 397 132
100 430 129
72 338 137
184 338 262
49 263 102
101 263 141
77 267 143
77 622 157
267 622 148
233 381 146
233 382 139
381 382 319
71 72 142
171 239 187
171 240 302
171 241 223
239 240 158
239 241 149
240 241 153
83 132 147
52 98 151
72 365 371
207 208 150
358 365 326
77 411 308
136 411 156
204 205 165
305 306 353
305 307 181
306 307 166
83 136 160
18 19 300
18 45 169
19 45 170
68 171 172
68 241 307
69 171 159
69 241 174
19 20 215
19 227 282
20 45 272
20 227 175
45 227 171
205 206 184
206 370 197
284 285 179
183 184 183
28 29 186
174 175 185
18 117 191
19 117 192
13 673 188
15 673 208
631 632 190
17 18 323
17 19 202
18 20 199
30 31 193
13 14 93
14 15 189
77 266 204
203 204 108
203 205 269
203 206 205
204 206 206
358 370 203
18 293 214
19 292 310
19 293 268
20 292 209
20 293 278
90 198 207
90 199 161
90 473 250
171 198 213
171 199 80
171 473 210
198 199 384
44 49 220
49 270 106
168 310 218
171 248 234
50 213 232
51 213 241
271 272 219
45 251 229
90 463 239
169 463 230
171 463 225
422 929 244
422 1042 295
929 1042 233
90 474 237
171 474 182
574 806 251
136 266 246
90 522 243
90 523 249
522 523 255
49 748 247
19 320 301
20 320 256
305 451 261
306 451 313
307 451 248
310 463 257
18 320 252
18 434 271
18 792 276
19 434 291
19 792 260
320 434 270
19 472 265
20 472 279
51 505 274
51 506 162
505 506 267
83 606 258
83 820 254
606 820 266
184 242 273
184 273 345
20 459 280
174 443 286
175 443 135
20 460 277
20 461 285
459 460 231
459 461 105
459 462 299
460 461 293
460 462 292
461 462 66
310 436 297
18 435 298
19 435 380
472 489 304
90 339 294
171 339 194
339 473 305
339 474 290
473 474 259
306 452 314
307 452 140
90 521 296
171 521 133
171 522 245
171 523 303
521 522 226
521 523 316
184 784 312
184 1076 329
784 1076 322
370 422 324
18 472 320
90 851 317
83 1005 211
171 1075 325
248 1075 330
606 1005 235
320 786 328
622 623 331
84 1056 327
15 306 333
241 655 332
234 639 334
51 143 9
143 213 337
741 742 339
100 248 338
382 563 343
382 689 340
71 656 342
72 656 195
19 614 370
20 614 344
184 711 138
338 711 348
320 726 368
505 684 346
138 212 350
138 687 145
138 688 349
212 687 224
212 688 347
687 688 144
49 717 354
242 271 75
271 273 356
273 893 351
77 605 352
77 606 176
605 606 357
203 358 96
203 365 358
100 611 355
232 611 359
51 608 311
213 608 361
77 992 288
77 1093 362
992 1093 363
51 320 367
174 205 366
174 234 321
174 422 217
205 234 365
205 422 364
234 422 335
241 645 369
174 546 394
422 546 372
574 575 373
19 51 374
204 243 376
18 527 378
527 529 284
19 527 173
19 528 377
20 51 309
20 608 379
527 528 383
459 579 375
460 579 381
461 579 34
18 500 164
18 614 287
18 854 390
19 500 281
19 854 395
20 500 289
20 854 360
500 614 393
500 854 386
614 854 407
212 472 391
28 526 388
336 741 387
336 748 385
741 748 396
90 793 389
171 793 283
44 305 398
574 744 399
744 806 200
305 770 405
72 803 397
72 804 107
656 803 401
656 804 104
803 804 240
243 805 400
18 381 198
19 305 392
19 381 403
305 614 408
69 769 402
409 422 406
17 381 410
234 546 411
273 604 413
90 590 409
171 590 404
198 590 412
