423 2089 61
423 2313 2508
423 2398 2272
423 2659 2258
1529 1530 289
1862 2281 51
1862 2391 69
2089 2313 41
2089 2398 27
2089 2659 2
2281 2391 1181
2313 2398 697
2313 2659 1750
2398 2659 1619
910 911 850
910 1282 132
910 1390 59
911 1282 136
911 1390 1297
1282 1390 429
820 908 3
227 442 1133
227 1253 2185
227 1255 926
442 1253 96
442 1255 105
1253 1255 55
229 809 677
460 515 6
460 829 118
460 830 543
515 829 23
515 830 761
829 830 1404
197 199 3223
696 1007 501
696 2384 99
808 898 257
808 1064 1603
898 1064 420
1007 2384 1065
1862 2402 1420
1862 2404 373
1862 2451 70
2281 2402 44
2281 2404 1241
2281 2451 646
2402 2404 37
2402 2451 687
2404 2451 34
53 1004 1747
53 1006 52
1004 1006 187
374 596 7
955 990 45
53 1736 2683
460 967 2796
515 967 2813
553 824 3751
651 843 74
651 844 19
651 845 8
660 991 97
742 2392 815
829 967 4477
830 967 2907
843 844 232
843 845 24
844 845 935
383 1536 381
1380 1383 1267
1383 1535 169
737 999 836
737 1534 261
999 1534 218
993 994 814
993 995 149
994 995 1781
1835 2618 11
374 735 2141
505 1338 1916
505 1339 160
684 838 63
684 839 117
838 839 1453
1338 1339 637
460 1532 15
515 1532 72
829 1532 1568
830 1532 109
967 1532 4019
547 818 1007
553 818 16
553 819 4609
818 819 56
1803 2614 42
1803 2615 1039
2614 2615 5802
1388 2661 1694
1388 2662 9
60 1392 119
129 177 3655
129 184 217
456 504 65
875 1818 1068
1242 1243 2120
1392 2660 244
14 238 755
816 821 85
816 1184 108
816 1533 29
818 821 156
821 1184 297
821 1533 1371
1184 1533 1934
589 592 214
589 1044 664
589 1296 2331
589 1637 659
592 1044 17
592 1296 223
592 1637 64
608 614 554
608 1765 252
614 1765 121
1044 1296 1814
1044 1637 4455
1296 1637 1335
1584 2658 465
233 592 21
592 826 1173
176 464 3688
176 822 62
188 1020 3896
1835 2446 32
1835 2448 66
1835 2617 54
2446 2448 1410
2446 2617 2595
2446 2618 1027
2448 2617 1878
2448 2618 1479
2617 2618 176
213 835 53
242 728 2713
728 748 1450
728 841 84
728 842 235
748 841 4281
286 803 60
614 1764 835
614 2612 1092
1764 1765 3379
1764 2612 68
1765 2612 77
756 827 13
559 825 189
1803 2370 3552
1803 2371 25
1803 2599 863
2370 2371 225
2371 2599 100
229 808 1515
481 812 1036
808 809 71
134 135 18
233 810 2267
433 804 3725
433 805 515
433 806 2311
433 807 366
592 810 135
804 807 195
805 806 2352
222 732 3388
222 733 3616
479 833 1936
479 834 142
732 733 3040
813 814 171
814 817 58
815 816 126
2407 2442 860
460 487 20
487 515 31
487 829 1137
684 840 711
838 840 22
383 384 3293
821 2613 28
1335 2351 2404
1803 2456 134
2371 2456 3211
2456 2599 329
136 1729 86
136 1730 26
136 1731 33
136 1732 92
136 1733 253
136 1734 12
1729 1730 256
1729 1731 106
1729 1732 158
1729 1733 111
1729 1734 4
1730 1731 47
1730 1732 173
1730 1733 270
1730 1734 112
1731 1732 14
1731 1733 93
1731 1734 10
1732 1733 150
1732 1734 1
1733 1734 5
689 690 114
849 868 36
503 1025 183
503 1737 279
1025 1737 3833
408 1631 945
408 1632 48
408 1727 2223
408 1728 98
1631 1632 435
1631 1727 233
1631 1728 250
1727 1728 101
81 448 304
129 603 1454
329 1803 120
329 2371 3920
329 2456 3764
329 2614 1541
329 2615 1289
409 988 421
696 2385 94
1007 2385 2884
2384 2385 245
2 176 2834
227 1254 925
442 1254 943
554 741 390
1253 1254 82
1254 1255 313
1292 2103 2588
629 651 39
629 1735 184
651 1735 847
85 86 327
85 87 228
85 1322 1163
86 87 1157
86 1322 389
87 1322 130
659 684 2077
659 1391 399
684 1391 502
823 984 944
912 1809 179
1803 2610 305
629 650 30
650 651 1499
592 641 73
1672 2226 284
1803 2616 428
1862 2611 40
2226 2410 3150
2281 2611 701
2371 2616 75
2456 2616 1238
329 2608 102
329 2609 229
737 1563 1771
737 2373 1423
740 777 251
832 1084 473
832 2389 2090
832 2390 335
832 2391 1573
1084 2389 1421
1084 2390 1632
1084 2391 201
1563 2373 2742
1803 2449 238
1803 2608 188
1803 2609 128
1862 2450 668
2281 2450 265
2371 2449 242
2389 2390 2307
2389 2391 38
2390 2391 115
2404 2450 449
2449 2456 1884
2450 2451 1185
2608 2609 832
1025 1105 1727
1025 1249 307
1025 1250 1969
1105 1249 1734
1105 1250 87
1249 1250 3659
1421 1422 1485
1421 1423 383
1421 1424 144
1422 1423 3624
1422 1424 2018
1423 1424 146
210 374 148
210 989 580
374 989 315
532 981 2938
532 982 3819
532 983 1704
539 541 707
981 982 3161
981 983 4513
982 983 3825
85 1331 1334
86 1331 353
87 1331 621
525 733 830
643 1571 216
569 1009 143
1002 2634 3565
1528 1862 76
1528 2281 133
737 998 3500
998 999 49
15 98 162
14 554 199
14 1392 443
646 992 2462
811 1375 1001
835 2395 91
1375 2275 3089
2 954 4497
176 954 141
692 996 79
692 997 611
996 997 4189
1000 1001 490
176 979 3265
692 1005 163
692 1006 95
1005 1006 2255
823 2726 2915
910 1389 164
911 1389 379
1282 1389 155
1389 1390 3339
2498 2544 4164
334 1002 67
470 987 113
45 986 258
742 2737 116
334 1008 2767
506 1002 78
506 1008 273
1002 1008 1164
341 401 104
244 541 213
244 676 197
893 2374 1298
893 2375 294
898 1197 2026
2094 2095 4071
2374 2375 2587
690 980 57
1309 1330 239
1309 1331 83
1330 1331 1768
504 505 237
553 1638 4146
561 1435 3259
731 2417 125
824 1638 4052
923 2551 243
1637 2453 640
2392 2394 181
2399 2400 1983
2399 2407 3798
2399 2442 431
2400 2407 1576
2400 2442 122
5 26 4474
5 837 407
5 1639 1203
26 837 262
26 1639 3248
837 1639 140
589 724 276
592 724 2234
724 1044 1675
724 1296 524
826 2396 5292
1330 2368 2219
1862 2357 402
1862 2403 811
1862 2452 919
2281 2357 2418
2281 2403 688
2281 2452 599
2357 2402 88
2357 2403 90
2357 2404 295
2357 2450 81
2357 2451 738
2357 2452 724
2402 2403 192
2402 2450 415
2402 2452 2013
2403 2404 145
2403 2450 190
2403 2451 159
2403 2452 989
2404 2452 209
2450 2452 360
2451 2452 139
448 701 434
811 1374 268
1374 1375 451
60 238 363
238 758 2187
238 1392 2725
1387 1388 147
676 1640 103
85 233 211
85 592 362
85 1311 172
86 233 1328
86 592 266
86 1311 986
87 233 1018
87 592 489
87 1311 779
101 1803 783
101 2370 331
101 2371 50
242 661 374
278 827 129
592 1311 1592
815 1533 801
350 633 2843
350 635 3769
633 635 788
633 1630 626
635 1630 286
975 1196 560
868 2380 46
1264 2633 202
198 955 35
1633 1634 167
1633 1636 975
1634 1636 196
1635 1636 178
351 816 718
351 1376 2470
351 1377 338
816 1376 2184
816 1377 2929
1376 1377 231
156 199 882
156 2097 1717
156 2372 303
199 2097 138
199 2372 2143
266 408 247
266 1631 481
266 1727 1817
1717 1718 2946
1717 2382 818
1718 2382 4145
1803 2383 359
2097 2372 499
2371 2383 152
36 45 320
1245 1246 174
64 165 582
238 554 859
238 741 2128
543 1526 312
543 2397 461
1054 1170 432
1054 2412 3882
1526 2397 2743
229 441 1240
341 1033 110
332 1248 206
589 810 346
589 1648 1213
592 1648 682
623 835 226
623 2395 269
810 1637 1078
810 1648 264
1637 1648 296
200 818 1060
200 1006 387
818 1006 872
2443 2444 454
2443 2445 921
2444 2445 175
92 837 299
92 1252 642
505 521 1196
837 1252 153
24 520 1705
24 638 165
24 640 207
176 2250 4182
464 2454 2448
498 2455 246
520 638 168
520 640 259
596 1810 1854
638 640 506
914 2457 2592
1052 1643 4930
1642 1643 166
651 698 222
651 984 212
679 1247 4519
698 984 492
698 1251 1889
447 701 972
700 701 151
101 1848 3059
101 2369 2943
456 1386 2559
815 821 1665
815 1184 386
1803 1848 417
1803 2369 2014
1848 2369 186
1848 2370 550
2369 2370 587
2447 2448 1935
460 2441 123
515 2441 645
622 834 2195
622 869 534
622 1241 514
834 869 1005
834 1241 1200
869 1241 309
433 1244 2040
805 1244 194
244 674 477
244 675 2701
244 1431 2774
674 675 476
233 689 316
233 690 405
233 1726 1176
689 1726 332
690 1726 764
1380 1381 1991
1380 1382 385
1381 1382 2823
1381 1383 2390
1382 1383 1252
112 2393 342
478 479 2111
297 859 886
297 861 200
859 861 293
50 53 1090
50 1468 3336
53 1468 2163
343 1572 3446
343 1881 748
343 1959 504
826 1322 404
1100 1753 2812
1100 2388 3941
1572 1881 535
1572 1959 1179
1753 2387 2241
1753 2388 734
1881 1959 1223
2387 2388 537
15 811 1875
15 1374 263
15 1375 177
748 1577 3845
692 1236 107
156 2386 1529
199 2386 3433
688 2165 311
2097 2386 414
199 1318 2078
199 1387 154
199 1388 283
1318 1387 1798
1318 1388 804
607 613 124
642 643 1374
642 644 996
642 1719 367
642 1720 204
642 1721 157
642 1722 302
642 1723 241
642 1724 131
643 644 277
643 1719 1017
643 1720 464
643 1721 798
643 1722 721
643 1723 712
643 1724 426
644 1719 736
644 1720 345
644 1721 767
644 1722 471
644 1723 161
644 1724 227
1719 1720 321
1719 1721 441
1719 1722 322
1719 1723 280
1719 1724 271
1720 1721 344
1720 1722 452
1720 1723 191
1720 1724 828
1721 1722 376
1721 1723 583
1721 1724 240
1722 1723 1366
1722 1724 771
1723 1724 2360
125 868 2130
125 2380 336
478 2376 475
478 2377 516
2376 2377 1310
440 442 2199
440 894 328
442 894 1951
1044 1500 339
1044 2378 3857
1044 2379 1677
1500 2378 1872
1500 2379 777
2378 2379 518
589 1725 324
1637 1725 384
1648 1725 885
848 849 255
775 1426 274
775 1427 193
775 1428 756
1426 1427 772
1426 1428 648
1427 1428 254
569 1434 281
641 1185 2870
922 1812 462
922 2415 1332
922 2416 364
1002 2406 2789
1245 1307 2314
1246 1307 753
1812 2415 2227
1812 2416 1014
2110 2400 440
2415 2416 371
727 1181 4093
740 1432 684
740 1433 356
1432 1433 1864
525 1373 949
733 1373 267
229 359 330
655 659 1868
504 521 221
747 748 3291
233 664 1729
308 638 80
308 2409 948
592 664 2780
638 2409 323
712 1054 1874
712 2411 419
1054 2411 5248
1735 2413 539
1735 2414 2505
2413 2414 903
676 1431 137
284 446 198
460 2408 812
487 2408 423
515 2408 365
586 1536 727
638 703 310
718 719 1980
718 2405 5164
719 2405 5041
1862 2401 570
2281 2401 287
2357 2401 3228
2401 2402 361
2401 2403 2401
2401 2404 1645
198 453 2044
204 818 180
242 1238 319
453 955 1253
775 1429 457
775 1430 185
1426 1429 308
1426 1430 306
1427 1429 3365
1427 1430 1006
1428 1429 891
1428 1430 210
1429 1430 1500
135 178 219
198 990 341
486 2226 3402
777 778 590
777 1850 2424
108 134 325
204 1342 288
818 1342 2487
129 183 2490
183 184 182
967 1759 6173
1308 1309 446
1531 1574 595
742 1378 395
742 1379 234
1378 1379 4269
24 931 3949
490 1769 3233
740 1764 498
1432 1764 408
1769 1770 4999
29 121 644
188 1339 314
199 1862 1764
199 2357 248
1318 1862 741
1318 2357 89
478 820 301
478 833 427
479 820 507
820 833 43
53 617 615
1824 2443 1074
1824 2444 291
108 181 3305
134 181 170
308 823 2335
1253 1298 272
1253 1578 497
1253 1579 236
1298 1578 3582
1298 1579 4818
1578 1579 412
573 993 826
573 995 856
573 1385 413
675 676 397
993 1384 382
993 1385 527
994 1384 5090
994 1385 1574
995 1384 584
995 1385 1525
1384 1385 737
684 1489 275
684 1756 744
1391 1489 4016
1391 1756 639
1489 1756 575
2447 2571 558
2447 2725 1171
2448 2571 2153
2448 2725 3194
2571 2725 2068
444 446 208
836 1037 1707
836 1242 393
1037 1242 354
14 60 1664
60 437 3011
651 1337 347
651 1338 2384
651 1339 292
698 1337 352
698 1338 1283
698 1339 278
984 1337 249
984 1338 665
984 1339 215
1337 1338 803
1337 1339 425
222 373 1832
1183 1531 480
1183 1574 510
2138 2723 4380
266 474 491
266 2724 578
408 474 556
408 2724 1061
450 2140 4773
474 1727 1503
474 2724 1762
498 1336 765
525 1653 282
733 1653 424
1727 2724 519
332 680 890
341 1393 1861
497 498 442
532 1584 862
532 1585 549
1584 1585 368
443 672 3644
443 1461 902
542 1060 869
542 1526 2075
542 2738 825
592 962 2755
592 1272 1369
672 1461 576
962 1311 1733
963 2699 479
1060 1526 448
1060 2738 486
1387 2662 2951
1526 2738 588
529 1583 298
242 482 633
242 1580 406
1238 1580 930
229 1312 824
260 616 1544
260 2739 670
286 1064 1097
616 2739 2338
213 374 2467
213 722 5055
374 722 525
374 1582 496
341 404 1452
341 492 1504
401 404 2566
401 492 1232
404 492 693
404 493 833
404 816 1046
404 1184 224
404 1533 895
404 1570 1804
492 493 1149
492 816 300
492 1184 416
492 1533 494
492 1570 700
493 1570 403
676 1263 2154
676 1575 920
808 951 652
808 1313 1946
808 1314 513
951 1313 388
951 1314 358
1263 1575 4745
1313 1314 591
1369 2146 577
1369 2283 2770
1369 2606 4863
2146 2283 666
2146 2606 468
2283 2606 2524
646 647 511
646 1571 394
647 1571 512
204 827 855
204 1581 1900
818 827 343
818 1581 230
827 1581 603
14 663 2488
238 662 868
238 663 4152
554 662 1418
554 663 733
662 663 437
244 1652 2213
456 2701 2625
486 1672 601
486 2705 716
674 676 1141
674 1652 1488
676 1652 647
1386 2701 2489
1672 2705 557
2226 2705 829
19 53 455
676 1576 260
199 431 317
431 1318 2137
444 504 574
444 505 1030
454 743 1777
454 744 861
454 822 1129
454 1573 1799
743 744 571
743 822 438
743 1573 2482
744 822 445
744 1573 220
822 1573 1514
477 520 1706
477 637 2316
477 638 409
477 640 355
520 637 1546
637 638 370
637 640 350
199 1319 3419
1318 1319 337
179 1100 1465
607 611 974
611 613 559
39 130 1333
278 1332 912
592 1308 656
592 1309 487
592 1310 597
1289 1326 1268
1289 1327 725
1289 1328 478
1308 1310 2928
1308 1311 1209
1309 1310 1509
1309 1311 1649
1310 1311 418
1326 1327 2104
1326 1328 1340
1327 1328 5136
39 126 4114
176 454 2049
176 743 750
766 1106 1462
766 2472 658
975 2730 816
1028 1924 5583
1106 2472 2345
2352 2671 2386
2352 2672 749
2352 2731 3353
2671 2672 459
1333 1335 1115
1334 1335 369
199 2110 2082
199 2400 528
479 507 616
1254 2190 914
1254 2479 2925
2097 2110 1742
2097 2400 1204
2190 2479 612
437 1803 1220
690 963 671
718 726 1379
718 1316 2519
718 1317 4369
726 1316 472
726 1317 883
744 1324 581
744 1325 500
1316 1317 3931
1324 1325 1210
131 132 521
131 182 714
343 396 2810
343 1284 809
396 1284 391
692 1315 357
996 1236 2280
996 1315 910
1848 2733 505
134 180 203
401 1320 351
5 121 285
129 998 884
129 1329 655
603 998 1947
603 1329 1582
998 1329 822
460 1760 398
503 598 1098
503 2707 463
596 815 458
596 816 318
596 1184 453
596 1533 745
596 2732 1451
598 1025 1622
815 2732 4829
816 2732 984
1025 2707 1296
1184 2732 493
1533 2732 340
1848 2697 433
308 677 439
351 1147 2430
923 1119 1234
923 2332 980
923 2735 676
923 2736 1285
1119 2332 609
1119 2735 1254
1119 2736 663
1147 1377 2649
2332 2735 530
2332 2736 2328
2735 2736 334
392 573 372
573 1375 763
1050 1052 2435
1818 2734 2667
592 1322 1315
1322 1323 375
229 996 469
447 448 823
1019 2161 1837
1636 1646 681
2101 2102 762
2101 2103 866
2101 2709 594
2101 2745 392
2102 2103 965
2102 2709 3945
2102 2745 3138
2103 2709 2192
2103 2745 2517
446 645 509
700 1491 3488
701 1491 526
1383 1659 797
376 377 2933
376 427 635
376 2703 3992
377 427 572
377 2703 1059
427 2703 785
437 2369 533
437 2744 605
607 608 1003
607 609 740
607 610 968
607 612 1648
607 614 561
608 609 1496
608 610 1175
608 611 1882
608 612 1435
608 613 482
609 610 889
609 611 604
609 612 1846
609 613 867
609 614 3653
610 611 1482
610 612 1512
610 613 411
610 614 702
611 612 1584
611 614 990
612 613 589
612 614 1569
613 614 623
814 1362 878
814 2674 1015
828 2274 552
1362 2674 4555
1773 2632 2070
1773 2704 2866
1803 2744 1135
2369 2744 2778
2588 2680 1668
2588 2743 3715
2632 2704 3139
2680 2700 3024
2680 2743 610
444 521 2639
504 685 1044
505 685 625
521 685 678
700 804 1532
701 804 378
198 1645 1016
955 1645 410
401 1033 722
912 1808 774
1536 2350 5724
1808 1809 709
2400 2665 567
2400 2666 205
2665 2666 466
319 818 401
264 428 3873
264 496 970
264 684 1715
264 1754 4561
264 1755 3276
496 684 1530
496 1754 1024
496 1755 1824
496 1756 650
496 1757 627
684 1754 563
684 1755 531
684 1757 290
1754 1755 618
1754 1756 1830
1754 1757 759
1755 1756 3252
1755 1757 2024
1756 1757 396
26 158 503
350 413 1722
350 665 686
350 1751 794
374 517 1724
374 1758 532
413 665 1468
413 1751 672
517 1582 2298
517 1758 2385
1582 1758 1011
350 666 4221
413 666 555
592 2712 2840
665 666 536
692 693 467
692 2668 456
693 1315 3200
693 2668 2847
1315 2668 735
238 742 1368
554 742 436
741 742 766
180 1752 523
520 639 754
520 691 915
638 639 1377
638 691 2230
639 640 485
639 691 3119
640 691 2284
244 887 2539
439 442 538
676 887 545
688 2166 1833
887 1652 1190
1033 2469 2600
1292 2101 3866
1292 2102 1950
1391 1755 2446
1489 1755 4737
1795 2226 1320
2165 2166 651
737 738 460
737 1230 2456
176 443 1178
349 350 3510
349 413 1538
349 665 1349
443 673 3729
672 673 540
362 2198 999
561 1146 3741
561 2463 620
1004 2710 4509
1036 1037 2417
1036 1242 1250
1036 2584 894
1036 2585 839
1036 2587 2670
2584 2585 1973
2585 2587 791
265 266 643
265 624 2744
265 625 4264
265 627 2660
266 624 696
266 625 2200
266 626 1054
266 627 1725
624 625 2532
624 626 596
624 627 1085
625 626 579
625 627 2181
626 627 784
266 438 3835
408 438 993
437 2589 787
1803 2589 508
1803 2677 1942
1803 2678 2394
1803 2679 422
2677 2678 2313
2677 2679 683
2678 2679 3327
633 634 924
634 635 400
629 630 4352
629 631 780
629 632 495
630 631 3013
630 632 1183
631 632 1235
481 653 1542
481 654 922
481 655 1629
481 656 674
481 657 2004
481 658 2736
481 659 641
653 654 592
653 655 586
653 656 349
653 657 1616
653 658 747
653 659 2043
654 655 1559
654 656 1679
654 657 782
654 658 2235
654 659 729
655 656 667
655 658 2766
656 657 870
656 658 3064
656 659 1292
657 658 942
657 659 3483
658 659 1013
134 172 326
186 1773 2421
198 954 1577
198 2695 573
198 2696 569
490 2363 3588
500 503 981
500 2641 2970
500 2675 2251
500 2702 1365
503 2458 629
503 2641 1080
503 2675 896
503 2702 786
564 2686 2974
564 2688 3376
564 2705 2094
564 2706 2537
954 955 4858
954 2695 3420
954 2696 4325
955 2695 661
955 2696 614
2363 2513 789
2363 2565 2264
2458 2641 566
2458 2675 946
2513 2565 913
2675 2702 1580
2688 2705 1826
2688 2706 723
2695 2696 976
2705 2706 632
603 604 551
603 605 695
603 606 568
604 605 1261
604 606 3801
605 606 698
618 619 1373
618 620 742
618 621 602
619 620 1721
619 621 2343
620 621 1214
477 639 800
637 639 2414
679 680 954
505 506 520
506 521 542
343 1285 960
396 1285 933
596 676 484
596 1175 553
596 1228 1348
596 2698 1870
676 1175 1191
676 1228 3239
676 2698 1081
1175 1228 3961
1175 2698 660
1228 2698 877
1736 2562 5736
308 660 905
308 338 1513
589 664 630
133 678 2553
133 2593 3214
133 2673 808
265 408 927
500 1025 691
500 2676 2548
503 2676 911
599 636 717
643 2680 1434
678 2593 3756
678 2673 3275
1333 1824 2474
1335 1824 952
2593 2673 873
2675 2676 3522
478 507 1341
648 649 936
1292 2708 888
2101 2708 636
2103 2708 2380
429 466 2644
429 667 598
429 668 730
429 669 704
429 670 2166
466 667 2086
466 668 795
466 669 1819
466 670 1045
667 668 1165
667 669 1093
667 670 1834
668 669 2806
668 670 1207
669 670 1849
112 149 947
139 358 1147
1321 1766 4532
176 453 1597
453 454 634
344 352 874
344 395 940
344 1658 4337
352 395 2134
352 1658 4074
264 1651 5460
454 867 831
454 2580 1038
481 705 758
481 706 1058
616 2177 1225
654 705 876
654 706 4166
656 705 909
656 706 2405
658 705 3529
658 706 1860
659 705 3231
659 706 2226
705 706 846
737 2545 1161
867 2580 865
2373 2545 2554
507 834 564
504 547 1180
504 1160 918
505 1160 654
350 2363 904
413 2363 1930
2363 2688 844
264 495 1601
264 596 2287
264 1055 5044
264 1175 792
264 1184 820
439 1655 2473
439 1656 1089
442 1655 1370
442 1656 2739
495 496 2332
495 596 3497
495 1055 916
495 1175 1188
495 1184 879
496 596 961
496 1055 1299
496 1175 1075
496 1184 692
596 1055 1154
1055 1175 978
1055 1184 852
1175 1184 2127
112 136 546
24 1650 4696
227 1578 1540
280 281 1631
280 1411 3520
280 2573 1094
281 1411 2011
281 2573 1245
374 734 2522
607 2224 470
608 2224 2432
609 2224 1698
613 2224 2274
614 2224 624
439 440 708
439 894 2125
547 888 1621
698 1657 1821
818 888 802
5 46 1302
185 850 1959
474 499 649
474 500 517
474 501 985
474 502 1554
474 503 1623
499 500 778
499 501 858
499 502 1189
499 503 1112
500 501 2703
500 502 2531
501 502 1522
501 503 1009
502 503 3424
518 904 631
914 2592 2080
1574 2504 2518
1574 2588 5312
2081 2474 3977
2457 2592 1095
2473 2474 1825
2473 2475 2687
2474 2475 1117
2504 2588 2858
589 882 1469
589 1647 544
592 882 992
592 1647 840
882 1647 1863
882 1648 3260
1647 1648 638
504 1636 1215
504 1646 617
505 1636 488
505 1646 3665
1160 1636 1139
1160 1646 4794
653 705 769
657 705 720
404 491 4305
491 492 1066
491 493 619
225 226 4303
435 638 547
494 496 841
494 684 969
494 1754 2162
494 1755 2115
553 2690 4661
603 2669 1975
604 2669 1134
606 2669 1041
683 684 928
318 509 2530
629 707 585
630 707 807
632 707 2348
133 1948 1337
447 1796 1197
447 2151 3243
678 1948 1697
874 975 1494
1796 2151 1216
1948 2593 1426
1948 2673 710
39 47 1913
47 130 715
826 1044 699
826 1271 1107
826 1500 2055
1044 1271 2944
1271 1500 3482
446 505 1672
446 506 732
778 1263 3427
1006 1425 1126
1006 1767 1279
1006 1768 690
1425 1767 853
1425 1768 2540
1767 1768 1026
458 459 3761
458 460 1035
458 1771 1278
459 460 607
459 1771 1414
460 1771 757
242 483 810
242 484 2564
242 485 713
435 436 1693
482 483 2249
482 484 1970
482 485 881
483 484 781
483 485 483
484 485 813
961 1242 1381
1045 1242 907
1260 1263 1160
1260 1264 739
1260 1375 1998
1260 2462 4441
1263 1264 1667
1263 1375 3414
1263 2462 5582
1264 1375 1735
1264 2462 983
549 550 3020
549 551 3768
550 551 842
869 1762 979
869 1763 1048
1762 1763 3241
1037 1740 799
436 638 3551
474 475 1227
474 655 1052
475 655 971
549 553 4081
550 553 593
618 877 2871
618 878 2650
651 2515 613
651 2740 1745
877 878 4070
1009 2741 827
1290 1774 4995
1290 1775 790
1751 2363 1064
1774 1775 955
2515 2740 5428
150 165 768
150 1201 2381
150 1321 2323
150 1766 1256
165 1201 1848
165 1321 906
165 1766 2535
1201 1321 950
1201 1766 1606
1386 1761 1138
936 939 1069
479 508 908
507 508 3346
185 210 2245
213 721 4464
252 2670 2550
319 2682 2032
319 2683 5188
368 518 3218
368 905 1388
374 721 1839
468 1363 2102
468 2274 5006
474 476 2546
474 555 2193
474 574 3378
474 1375 673
476 499 1104
476 503 1605
476 555 899
476 574 958
476 1375 3036
499 555 1091
499 574 1257
499 1375 1100
503 555 2903
503 574 2302
503 1375 982
518 905 1972
555 574 5246
555 1375 1073
574 1375 606
656 971 1281
721 722 1635
1363 2274 966
2173 2332 719
2173 2556 2543
2173 2557 2560
2173 2559 1709
2173 2681 1019
2332 2556 1778
2332 2557 1237
2332 2559 770
2332 2681 1674
2556 2557 3448
2556 2559 1105
2556 2681 2897
2557 2559 1944
2557 2681 1084
2559 2681 1022
2682 2683 4538
176 590 1177
808 1772 628
222 729 2208
222 731 957
222 750 3732
373 729 1911
373 730 2952
373 731 1291
373 750 2326
433 753 1527
561 914 956
561 2718 1393
564 2272 964
564 2363 843
729 730 3971
729 731 2259
729 750 3869
730 731 938
914 1146 5012
914 2571 1103
914 2718 1325
1602 1604 3204
1602 1605 3760
1602 2689 4795
1604 1605 3041
1604 2689 1644
1605 2689 1264
1704 2089 2310
1704 2716 2707
2089 2716 608
2272 2363 3942
2272 2688 1020
2571 2592 931
334 716 1531
652 713 1481
700 739 1769
700 740 1595
739 740 2178
75 2352 2728
302 1436 2829
699 700 1881
699 701 1169
775 1670 1242
1175 1229 1295
1175 1862 1857
1175 2357 653
1229 1862 4066
1229 2281 1982
1229 2357 4168
1229 2591 848
1428 1670 893
1862 2591 529
2272 2687 3430
2281 2591 731
2357 2591 675
2363 2687 821
409 697 1012
444 445 897
445 446 1968
449 450 1072
520 692 1062
520 693 963
691 692 2308
691 693 1202
498 544 887
498 1884 775
498 2480 998
592 2072 932
676 2685 796
712 2566 2629
1175 2685 1145
1228 2685 1995
1529 2667 1432
1530 2667 1322
1648 2072 892
2068 2144 1739
2566 2643 3987
226 714 3814
226 715 1869
714 715 1405
718 720 5205
592 723 1558
723 724 1088
651 746 728
138 139 1033
520 677 1386
520 1649 3147
569 2577 2368
638 677 600
638 1649 773
640 677 2281
640 1649 752
677 1649 1387
996 2381 4300
1018 1019 2693
1018 2161 1168
382 515 1192
382 537 2638
515 537 845
12 112 973
2540 2554 1548
227 725 962
714 745 923
261 615 3747
344 2045 1903
352 2045 3667
564 1751 3676
573 2663 1759
573 2664 1835
993 2663 806
993 2664 939
995 2663 2242
995 2664 3106
1385 2663 1152
1385 2664 2623
1751 2272 3144
2081 2082 1683
2540 2553 1695
2553 2554 3681
2663 2664 1308
72 110 4072
710 711 1000
710 712 2591
711 712 1071
139 736 1151
266 563 1384
356 373 1671
358 736 5501
373 732 3120
373 733 1249
408 563 726
2400 2684 348
2665 2684 522
520 703 837
520 704 1010
638 704 444
640 703 1449
640 704 838
685 686 2590
685 687 3370
685 688 1321
686 687 1486
686 688 1182
703 704 4346
108 109 1266
199 1175 2211
308 2309 4811
865 866 1433
1175 1318 1669
334 717 4618
651 708 1186
651 709 1125
708 709 1710
716 717 1187
358 434 5455
618 670 1047
618 702 1049
620 670 1316
620 702 1290
621 670 2799
621 702 3908
670 702 1392
129 1830 2447
598 599 2031
599 2546 1194
1265 1266 1639
1266 2607 3021
1329 1830 2633
694 695 1362
694 696 4091
695 696 1031
53 533 1055
476 681 2084
476 682 1219
499 681 2427
499 682 917
503 681 1933
503 682 1351
555 681 3748
555 682 5452
574 681 977
574 682 1813
681 682 1274
112 137 4302
136 137 819
510 511 1042
510 512 1775
511 512 4404
226 430 2786
238 451 1924
238 452 3413
451 452 1910
519 520 1040
468 469 1124
336 337 1401
336 374 1159
337 374 562
250 252 1286
465 466 2697
465 467 1800
466 467 994
457 459 1740
630 698 3553
630 1864 2159
698 1864 1121
912 1036 1920
1036 1949 1367
1036 2583 1057
1036 2586 2029
461 462 3103
461 463 4229
461 464 2463
462 463 1518
462 464 2012
463 464 1536
432 433 1342
112 2141 1378
2035 2036 4235
460 488 760
487 488 1537
343 2590 1660
365 553 1820
552 553 4704
925 1257 1489
1034 1349 3455
1829 2594 1114
349 494 1411
349 495 2876
349 496 1409
350 494 2324
350 495 2824
350 496 1307
494 495 1313
513 515 1077
514 515 953
455 456 1516
317 318 1329
317 509 1231
542 543 1028
543 886 1510
1862 2460 474
1990 1991 4808
2281 2460 746
2402 2460 1483
470 471 1120
470 472 2214
471 472 1797
392 571 900
392 572 1563
392 574 1226
571 573 2300
572 573 2038
572 574 1877
573 574 880
446 521 951
566 567 1455
566 568 1945
566 569 3217
567 568 2096
567 569 1811
568 569 2997
222 746 995
222 1529 1131
222 2494 1560
373 746 2851
373 1529 1130
373 2494 1893
629 2471 1230
629 2476 1008
746 1529 1167
746 2494 2089
972 973 1793
1529 2494 817
2471 2476 1251
513 534 1382
515 534 941
358 374 2365
358 545 4454
358 546 1633
374 545 2942
374 546 1099
545 546 1443
176 188 1263
268 2581 2868
268 2582 3176
440 1656 3158
535 536 1229
564 2570 2692
648 1050 2686
648 1052 1402
1253 2578 541
1751 2570 1262
1823 1825 1456
1823 1827 1470
1823 1828 1034
1823 1829 2509
1825 1827 1801
1825 1828 793
1825 1829 2932
1827 1828 1938
1827 1829 3974
1828 1829 1962
2272 2570 1424
2272 2713 1265
2363 2570 4705
2363 2713 854
2581 2582 1608
558 559 4721
558 562 1233
559 560 1732
559 561 1380
559 562 2045
560 561 2076
560 562 1282
561 562 3946
198 2552 1572
297 2254 1867
297 2255 1474
297 2717 1885
479 559 1613
479 562 1339
559 834 1306
562 834 1662
676 1038 849
859 2254 2056
859 2255 1218
859 2717 776
861 2254 1056
861 2255 991
861 2717 1439
919 920 3878
919 921 4247
919 1256 3166
920 921 1728
920 1256 2619
921 1256 1174
955 2552 3030
1038 1175 1021
1038 1228 1273
2254 2255 2151
2254 2717 1419
2255 2717 3718
238 505 987
1381 2061 1391
1381 2097 1132
1381 2169 805
1381 2279 2028
1381 2495 1301
1381 2496 1023
1381 2497 1127
1381 2498 2207
1381 2499 1345
1381 2500 1205
1381 2501 2820
2061 2097 871
2061 2169 1492
2061 2279 1836
2061 2495 2679
2061 2496 1111
2061 2497 2092
2061 2498 1458
2061 2499 2131
2061 2500 1700
2061 2501 1994
2097 2169 2594
2097 2279 2827
2097 2495 1730
2097 2496 1222
2097 2497 2500
2097 2498 1403
2097 2499 1397
2097 2500 1350
2097 2501 1356
2169 2279 1614
2169 2495 2320
2169 2496 1789
2169 2497 1471
2169 2498 1521
2169 2499 1428
2169 2500 1457
2169 2501 1571
2279 2495 1748
2279 2496 1788
2279 2497 1395
2279 2498 1260
2279 2499 1248
2279 2500 1224
2279 2501 333
2371 2714 1116
2371 2715 988
2495 2496 2168
2495 2497 2149
2495 2498 1663
2495 2499 1184
2495 2500 1383
2495 2501 2270
2496 2497 1617
2496 2498 2005
2496 2499 1244
2496 2500 1437
2496 2501 3479
2497 2498 1309
2497 2499 1037
2497 2500 1148
2497 2501 1312
2498 2499 2023
2498 2500 2093
2498 2501 4585
2499 2500 1172
2499 2501 1144
2500 2501 4358
2714 2715 1326
382 538 1276
515 538 662
38 1536 2569
479 607 1346
479 2488 1113
559 607 1212
559 2488 1460
562 607 1110
562 2488 1357
607 834 679
607 2488 1495
834 2488 901
834 2502 1258
1170 2558 1407
1170 2559 4550
2488 2502 3270
2558 2559 2203
433 518 1506
516 517 2585
516 518 2129
517 518 1508
19 50 2805
19 421 1731
19 2208 2815
421 2208 5659
185 540 2849
185 541 1461
540 541 1965
328 2631 3115
490 1305 2886
490 2272 1565
737 2482 1566
777 1869 1079
777 1870 1475
777 1871 1327
930 1272 2410
930 1273 1686
930 1616 1806
930 2134 2674
1012 1015 2215
1012 1016 3464
1012 1018 3460
1012 1019 1602
1012 2078 1142
1015 1016 2611
1015 1018 1785
1015 1019 1271
1016 1018 1997
1016 1019 2828
1016 2078 1594
1018 2078 1446
1019 2078 1923
1272 1273 1431
1616 2134 1656
1704 2088 1096
1704 2091 875
1850 1869 2582
1850 1870 1304
1850 1871 1476
1869 1870 2114
1869 1871 1765
1870 1871 2711
2088 2089 1843
2088 2091 1587
2089 2091 1305
522 523 1670
522 524 1943
522 525 1399
522 526 1657
522 527 1699
522 528 1445
522 529 1791
522 530 1444
522 531 2495
522 532 1344
523 524 2574
523 525 1505
523 526 1974
523 527 1275
523 528 1363
523 529 1317
523 530 1032
523 531 1596
523 532 1359
524 525 1331
524 526 1647
524 527 1888
524 528 1626
524 529 1438
524 530 1082
524 531 1170
524 532 2493
525 526 1570
525 527 1004
525 528 1472
525 529 1809
525 530 1696
525 531 1883
525 532 1150
526 527 1625
526 528 1284
526 529 2715
526 530 1442
526 531 1270
526 532 1425
527 528 1440
527 529 1198
527 530 1408
527 531 2902
527 532 1300
528 529 1904
528 530 1400
528 531 1269
528 532 2109
529 530 1303
529 531 1430
529 532 2121
530 531 1199
530 532 1101
531 532 1118
226 556 1805
675 887 2349
675 1652 2819
806 2070 1549
925 1258 4047
925 1259 2133
1003 2069 3684
1169 1170 1358
1257 1258 2373
1257 1259 1790
1258 1259 1712
1823 1824 2157
1823 1826 1352
1824 1825 2792
1824 1826 1063
1824 1827 3302
1825 1826 1473
1826 1827 1556
5 111 1050
26 111 1277
214 682 3914
555 573 1156
561 2353 1416
561 2464 1155
573 681 1917
681 1375 1957
811 2092 2434
1169 2483 1575
1169 2484 1372
1170 2483 2624
1170 2484 2150
2034 2144 2982
2034 2459 2705
2144 2459 2709
2353 2463 2123
2353 2464 2698
2463 2464 1955
2483 2484 1822
240 241 2231
240 335 2499
241 335 3737
264 645 3877
951 1183 1755
60 112 1812
112 2493 1918
186 1817 3643
758 800 2171
886 2481 4097
1315 2261 1828
1641 1875 1776
1641 1878 3325
1875 1878 5121
2393 2493 1070
48 565 2285
48 1822 4923
226 884 2869
226 1304 2206
226 1814 3767
565 1822 2861
1304 1814 1741
481 971 2172
481 1302 2246
481 1303 2020
656 1302 3786
656 1303 2662
659 971 1436
659 1302 1361
659 1303 3534
705 971 3880
705 1302 1051
705 1303 1158
971 1302 1463
971 1303 1810
1302 1303 3127
397 460 1355
397 1032 3569
460 1032 1612
460 1466 1053
592 1819 1123
592 1820 2333
592 1821 1417
758 874 1599
1032 1466 4023
1819 1820 1578
1819 1821 4049
1820 1821 4194
469 1363 1390
1703 1704 2538
1176 1270 3052
1270 1813 1653
273 875 4277
776 891 3517
776 892 1607
776 893 1324
776 894 2202
776 1815 1879
776 1816 2613
891 892 1896
891 893 1752
891 894 2863
891 1815 2297
891 1816 2962
892 893 1640
892 894 3220
892 1815 2512
892 1816 1815
893 894 2277
893 1815 1246
893 1816 1162
894 1815 3871
894 1816 4487
1815 1816 1466
336 2465 1239
336 2466 1087
337 2465 2485
337 2466 3312
374 2465 1743
374 2466 1651
401 2469 1193
478 2485 1845
478 2486 1119
499 870 2511
503 870 1497
503 1742 2334
550 1177 2958
550 1178 1128
607 2191 934
608 2191 1314
609 2191 2620
787 788 3417
787 895 4115
787 2487 2936
788 895 4799
788 2487 2536
895 2487 2646
1177 1178 1583
1260 1261 1643
1260 2355 1802
1260 2461 3246
1261 1263 3290
1261 1264 1255
1261 2355 2439
1261 2461 1886
1263 2355 1956
1263 2461 4170
1264 2355 1067
1264 2461 1166
1418 1419 2471
1641 1876 1259
1641 1877 1557
1641 2108 3159
1742 2458 2696
1876 1877 1519
1876 2108 1899
1877 2108 1427
2276 2449 1720
2355 2461 2759
2465 2466 1723
2485 2486 997
921 922 1682
19 78 2387
19 109 2807
129 1831 1441
1830 1831 2496
204 1205 1588
235 2469 3817
253 478 3076
253 937 3863
253 1222 1753
253 2477 1907
253 2478 1996
260 2489 2006
430 680 1579
478 937 4778
478 1222 4951
478 2477 4124
478 2478 377
616 2489 1153
816 1187 1807
816 1188 1716
879 880 1680
937 1222 3897
937 2477 3187
937 2478 4956
1187 1188 1831
1222 2477 1701
1222 2478 1984
2093 2094 1562
2093 2095 2083
2248 2249 2198
2477 2478 2924
377 628 1688
97 98 1567
651 2467 1526
651 2468 1330
766 2470 1375
766 2471 1927
787 2492 5206
793 868 1840
895 2492 3006
907 1349 2225
1104 1105 3355
1260 2275 2254
1261 1375 2608
1261 2275 1713
1263 2275 2558
1264 2275 2712
1267 2227 4165
1375 2355 2210
1375 2461 1543
2050 2051 4844
2275 2355 3547
2275 2461 1908
2467 2468 2124
2470 2471 689
2487 2492 2411
2490 2491 1659
262 1220 2136
262 1811 3410
1220 1811 2007
466 619 1478
266 2162 1958
296 596 1467
478 816 2449
478 1533 1818
592 1214 450
596 818 2220
624 2162 2201
625 2162 2911
627 2162 2479
698 1194 2167
710 2566 1838
742 889 1122
742 890 622
816 2179 1624
889 890 5214
894 1656 3762
962 1214 1770
1019 2160 5049
1187 1533 3469
1187 2179 3203
1188 1533 1756
1188 2179 3702
1533 2179 2782
1644 1652 3012
1677 2574 1673
1677 2575 2293
1677 2576 2733
2160 2161 3319
2489 2547 2176
2574 2575 2186
2574 2576 1873
2575 2576 1754
341 403 4243
401 403 1737
401 881 1412
403 404 4424
403 492 1714
382 851 2156
515 851 857
537 851 2155
167 696 2002
592 883 3070
696 873 2362
882 883 2442
336 1838 3067
1837 1838 1937
536 852 1490
618 876 1658
618 879 1895
618 880 1581
619 876 1744
619 879 1685
619 880 1591
876 879 1385
876 880 1593
414 853 1517
414 854 2969
414 855 4747
414 856 4083
853 854 3213
853 855 3795
853 856 3108
854 855 2273
854 856 3999
855 856 2189
474 870 1684
474 871 1520
474 872 937
503 871 1288
503 872 1272
870 871 2315
870 872 1921
871 872 2017
14 379 2572
727 862 2459
885 886 3566
19 1201 1784
358 1207 2661
388 443 2890
1139 1207 3179
1139 2561 5163
1207 2561 2175
374 446 1586
399 473 4428
547 864 3590
818 887 1555
433 752 1905
433 858 4356
752 753 1610
752 858 4754
753 858 3140
250 253 2097
250 1173 5533
250 1222 2469
252 253 1763
252 1173 4173
252 1222 3489
253 1173 2957
405 406 5225
405 2569 3574
406 2569 2282
448 1796 2889
448 2151 1376
892 2070 2288
892 2071 1856
893 2070 3893
893 2071 1988
1074 2095 4463
1173 1222 2158
1565 1641 1637
1565 2157 1524
1641 2157 1464
2070 2071 2342
344 846 3155
344 847 2252
352 846 2676
352 847 2369
169 866 2552
238 857 4062
505 857 2209
826 1268 1389
826 2550 1796
826 2567 1459
826 2568 2091
1044 1268 3794
1044 2550 2626
1044 2567 1855
1044 2568 1738
1268 1271 2443
1268 1500 1953
1268 2550 2398
1268 2567 1760
1268 2568 3910
1271 2550 3301
1271 2567 1871
1271 2568 1876
1500 2550 2641
1500 2567 1236
1500 2568 1086
2550 2567 2212
2550 2568 2057
2567 2568 3638
859 860 2520
860 861 1749
382 1270 1661
403 499 2003
404 499 4758
492 499 1564
515 1270 1971
643 1590 1319
644 1590 1343
718 1300 2934
718 1845 1243
1159 1948 2232
1159 2540 2893
1159 2553 2388
1159 2554 1914
1300 1845 2099
1948 2540 1981
1948 2553 1550
1948 2554 2146
186 397 3521
823 863 1850
273 758 2081
31 896 1901
72 305 3993
227 428 1620
305 2579 2240
344 1357 3025
352 1357 2036
431 2287 2022
431 2563 3416
535 849 929
536 849 1106
548 1885 2164
548 1886 2062
596 2105 2069
671 1514 2222
671 2085 2544
1115 1980 3492
1115 2533 2926
1514 2085 2087
1514 2572 3356
1565 2155 1880
1565 2156 2521
1641 2155 3516
1641 2156 1552
1885 1886 2461
1980 2533 5451
2085 2572 2445
2155 2156 4110
2155 2157 2027
2156 2157 2551
2287 2563 2053
2363 2564 1892
2564 2565 2119
194 1865 2357
194 1866 2204
1865 1866 3909
206 1193 2169
1529 1797 4053
1529 2548 1906
1530 1797 1852
1530 2548 2507
1797 2548 4580
185 946 2831
541 850 2025
541 946 4398
675 1863 2263
676 1863 743
264 932 2612
264 1868 5392
336 2277 2751
337 359 2375
337 2277 4390
2277 2465 2108
459 1882 2756
381 548 2599
406 2119 2408
1096 1240 4819
1924 2560 4498
514 1212 2276
515 1210 1109
515 1211 1406
515 1212 548
1210 1211 1985
1210 1212 3296
1211 1212 2501
1222 1873 2853
1222 1874 2494
1873 1874 4628
70 113 2260
498 1883 669
258 261 4007
261 2489 3739
261 2547 3111
592 1043 1978
592 2549 2593
599 2490 2510
599 2491 2896
695 2159 2321
696 2159 1553
806 2060 3311
1043 1044 4284
1096 1867 2301
1240 1867 1477
1958 1959 1816
309 374 1842
920 1880 2319
700 1862 1780
308 340 2910
308 767 2483
308 971 2450
340 971 2416
392 2176 2142
541 1041 3177
542 1527 2965
542 2543 2453
571 2176 2433
684 2182 1364
696 1044 1844
696 1268 2135
696 1500 2961
873 1044 3502
873 1268 3567
873 1500 4883
1276 1277 4983
1526 1527 3310
1526 2543 2217
1527 2543 2976
19 51 2504
19 52 2583
51 52 2346
186 2076 3216
344 2555 3044
352 2555 3357
397 2076 5275
966 967 2580
1774 1881 2054
1850 1872 1926
1869 1872 2798
1870 1872 2073
358 1280 2627
1280 1510 2906
403 1056 4546
403 1192 4572
404 1056 2042
404 1192 2717
492 1056 3405
492 1192 1501
536 742 2704
536 974 2716
536 975 3078
742 852 2581
742 974 1772
742 975 1002
852 974 1641
852 975 1902
974 975 2977
262 1587 3802
319 942 3927
387 388 3976
387 443 2126
633 949 1598
635 949 447
1022 1026 2431
1348 1349 2533
1587 1811 3711
414 1053 4035
853 1053 3807
854 1053 2205
855 1053 2116
856 1053 2939
950 951 1952
39 71 2238
47 71 2292
53 2644 1336
226 449 4871
510 554 1865
988 1182 2776
96 107 2989
466 956 3019
466 957 1108
619 956 2475
619 957 2152
956 957 4211
343 964 3932
412 893 2148
412 2541 4490
1229 2280 2122
1862 2280 1736
2280 2281 2071
440 1184 1318
440 1185 1561
440 1186 3075
440 1187 3719
440 1188 2139
440 1189 2912
498 1196 2098
914 915 4017
914 916 1609
914 1046 2306
914 1047 2337
915 916 2350
915 1046 2864
915 1047 1779
916 1046 3182
916 1047 2412
1046 1047 3525
1184 1185 2419
1184 1186 2563
1184 1187 2730
1184 1188 1925
1184 1189 2177
1185 1186 2347
1185 1187 2654
1186 1187 3632
1186 1189 5013
53 2693 1398
264 938 5581
264 2646 5399
303 305 3104
303 2579 2197
303 2603 2327
305 2603 3298
432 806 3099
432 1219 3646
432 2070 3207
433 1219 2617
433 2070 2480
645 2646 1858
806 1219 3929
1017 1019 5208
1196 2339 2529
1219 2070 2015
1529 2711 2299
1530 2711 2035
1797 2711 1652
2339 2525 2586
2579 2603 2266
238 273 2732
238 759 2491
273 759 2850
758 759 1689
243 244 2218
243 1190 3617
244 1190 2353
1174 1175 1915
176 1486 1692
176 1807 2964
252 262 2477
252 1220 2960
252 1221 5110
262 1221 4820
362 1234 2616
659 1010 2138
1220 1221 3118
1486 1807 2016
1486 2250 4530
1807 2250 2309
12 35 2719
592 696 430
193 1067 3450
193 2137 2312
193 2138 2825
195 200 3027
674 1342 2478
887 1342 4751
914 1346 5177
1067 2137 4916
1067 2138 2953
1491 1493 3679
1879 2137 6133
2137 2138 3636
250 255 2584
250 936 3180
250 939 4735
252 255 2262
252 936 2659
252 939 3841
253 255 1939
253 936 2008
253 939 2063
253 1179 3202
253 1180 3831
255 936 2702
255 939 2668
255 1179 4467
255 1180 3809
1179 1180 4267
431 831 1146
431 1472 2366
831 1472 2317
1342 1539 5437
726 1195 2880
899 900 2140
72 259 2481
190 401 2441
190 404 2351
190 2122 5546
303 2075 1940
305 2075 2052
401 2122 1498
404 2122 3796
75 500 2341
75 503 2067
75 598 3320
75 1021 4282
75 1024 2117
75 1025 1964
75 1026 3470
500 598 3568
500 1021 2642
500 1024 1585
500 1026 1782
503 1021 3584
503 1023 2079
503 1024 1448
503 1026 2278
541 700 1966
541 945 3113
541 1038 1928
541 1039 4112
541 1040 4445
541 1042 5053
598 1021 2811
598 1023 2506
598 1024 2672
598 1026 2678
700 945 4033
700 1038 1627
700 1039 3369
700 1040 2972
700 1041 3839
700 1042 5097
945 1038 2768
945 1039 3892
945 1040 4334
945 1041 5026
945 1042 4656
1021 1024 2066
1021 1025 2174
1021 1026 2567
1023 1026 3065
1024 1025 1887
1024 1026 2113
1025 1026 3289
1038 1039 2030
1038 1040 2228
1038 1041 2147
1038 1042 1195
1039 1040 2426
1039 1041 3008
1039 1042 2694
1040 1041 3775
1040 1042 2722
1041 1042 1528
44 45 1823
397 1031 5091
914 1048 2992
914 1049 3519
915 1048 2256
915 1049 2937
916 1048 4646
916 1049 5720
1046 1048 3858
1046 1049 3049
1047 1048 2653
1047 1049 2720
1048 1049 3222
541 782 3256
782 945 3409
782 1040 4151
966 970 3698
970 1063 2191
244 2113 3397
244 2114 2835
244 2115 2797
432 2073 3864
432 2074 4831
433 2073 3740
433 2074 3691
688 1364 1890
806 2073 3134
806 2074 2458
1119 1787 3495
1119 2106 2842
1219 2073 3005
1219 2074 1618
1556 1557 2814
2073 2074 2425
2081 2083 1691
2081 2084 2194
2082 2083 2516
2082 2084 2359
2083 2084 2236
2113 2114 2885
2113 2115 3884
2114 2115 4846
826 1043 1615
1012 1013 3080
1012 1014 2403
1013 1014 3759
1013 1016 2636
1013 1018 3898
1013 1019 2399
1014 1018 3047
1014 1019 2783
208 1513 3771
208 1514 3286
208 2111 2632
208 2112 3171
264 2118 2652
554 896 2497
554 977 3960
592 1409 1636
654 1029 1757
654 1361 4273
654 1362 1338
718 1409 2526
727 1202 5255
727 1203 3963
727 2120 5315
896 977 4179
1029 1361 4154
1029 1362 4341
1202 1203 3093
1361 1362 4050
1513 1514 2675
1513 2111 2039
1513 2112 2606
1514 2111 2103
1514 2112 2576
2111 2112 1228
654 1028 2336
654 1030 2283
1028 1029 2878
1028 1030 5355
1029 1030 3766
372 568 3581
372 569 2400
372 1074 2777
372 2104 3043
568 1074 4613
568 2104 2685
569 1074 1989
569 2104 2244
1074 2104 2180
324 326 3281
324 934 3125
326 934 3407
414 648 3474
414 1050 2975
414 1051 3224
414 1052 2729
648 1051 1787
1035 1036 1986
1050 1051 3315
1051 1052 2436
403 1707 4133
404 1707 2041
409 1564 1354
433 905 2754
433 2079 3477
492 1707 2224
518 752 3110
518 2079 2484
752 905 3375
752 2079 2916
905 2079 2379
1292 2096 2216
1292 2097 2322
1292 2098 2534
1292 2099 2867
1292 2100 2145
2080 2081 2105
2080 2082 1954
2080 2083 2271
2080 2084 2464
2096 2097 2233
2096 2098 2393
2096 2099 2657
2096 2100 2634
2096 2102 2589
2096 2103 2239
2097 2098 2984
2097 2099 2795
2097 2100 3843
2097 2102 4442
2097 2103 2173
2098 2099 2922
2098 2100 2753
2098 2102 2392
2098 2103 2050
2099 2100 3314
2099 2102 1795
2099 2103 2376
2100 2102 3072
2100 2103 1726
2107 2108 2261
2107 2109 4757
2108 2109 2991
188 1045 2841
238 800 5429
759 800 3292
225 227 3403
225 1418 3442
227 1418 2250
427 1712 3787
427 1804 2737
811 1804 3598
818 1566 2573
818 1569 1447
818 2117 1140
966 1506 3778
966 1507 3146
967 1506 3362
967 1507 3536
1012 2077 2656
1013 2077 3206
1018 2077 2772
1019 2077 3299
1354 1869 2993
1354 1870 3341
1354 2116 5074
1506 1507 2601
1566 1569 3774
1566 2117 4458
1569 2117 2763
1652 1863 2296
1850 2116 3057
1869 2116 2695
1870 2116 1604
193 1065 2371
193 1066 3143
215 351 1493
215 639 2852
215 1011 3237
351 639 2621
351 1011 2873
592 930 2528
639 1011 3015
883 930 2877
1065 1066 2182
1065 1067 2253
1066 1067 3269
14 1058 3169
14 1059 2557
1058 1059 3221
898 968 2978
898 969 2914
968 969 3501
1034 1240 3408
1703 2086 2764
1703 2087 3612
1703 2090 4378
1704 2086 2397
1704 2087 2875
1704 2090 2033
2086 2087 3422
2086 2090 5175
2087 2090 2578
661 1061 2809
498 652 2731
498 1027 3316
652 1027 3073
403 1057 3145
404 1057 3350
492 1057 1589
1056 1057 2515
18 19 3507
18 53 2655
18 1201 3116
53 1201 1746
253 2163 2758
253 2164 3710
253 2536 2784
255 2163 2781
255 2164 3938
255 2536 4623
849 852 2741
1117 2601 3622
1117 2602 4156
1369 2284 3178
1703 1705 2492
1704 1705 1993
1774 2135 3088
1774 2305 2963
1774 2595 3122
1774 2596 2771
1881 2135 3924
1881 2305 2883
1881 2595 2760
1881 2596 2945
2135 2305 3294
2135 2595 3131
2135 2596 3279
2146 2284 1941
2163 2164 3201
2163 2536 3236
2283 2284 2605
2305 2595 4392
2305 2596 4926
2595 2596 3344
2601 2602 3471
248 951 2615
248 1266 2673
951 1266 2179
253 1294 2779
255 1294 3128
592 695 1967
694 1295 2268
695 1295 2635
696 1295 1803
38 1951 4059
157 373 2888
1156 1610 3606
1156 1611 3097
1426 1926 2645
1426 2149 2740
1426 2150 1642
1426 2597 1766
1610 1611 3570
1811 2605 3468
1926 2150 4516
1926 2597 5698
2149 2150 3722
2150 2597 2420
2173 2262 3132
168 169 3456
629 698 959
629 1301 1547
698 1301 1912
1287 1288 2383
1287 1289 4175
1288 1289 2723
1260 1262 3060
1262 1263 5278
43 48 2547
922 1257 2887
700 1291 4440
700 1292 2968
740 1291 3172
740 1292 3473
1600 2180 3855
1600 2312 3950
1928 2152 3398
1928 2153 3663
1928 2154 4043
2152 2153 4362
2152 2154 2061
2153 2154 3404
2180 2312 2651
186 1162 3124
186 1269 3257
193 1267 2051
238 338 2237
273 338 3267
397 1162 3881
397 1269 4895
1162 1269 3803
6 137 3074
6 140 4774
308 1276 3444
308 1277 3317
958 960 3627
958 961 2275
960 961 2374
329 414 2329
329 853 2677
329 1053 2913
349 414 2830
349 853 1429
349 1053 3594
592 1808 2700
592 2520 2395
266 928 4703
408 928 2666
603 1299 1502
914 1305 2954
318 2147 1963
469 2274 1353
1529 2133 2472
1530 2133 2406
1797 2133 2391
2019 2339 3345
2019 2600 5343
2247 2248 3016
2339 2600 3095
229 428 1794
229 1297 2355
229 1298 3965
428 1297 3603
428 1298 2882
758 773 2899
758 794 2021
758 1225 3238
758 1226 3235
773 794 3994
773 1225 4238
773 1226 4717
794 1225 2762
794 1226 3907
919 922 2248
1225 1226 3637
198 1306 2221
198 1307 1847
213 238 2745
213 273 2790
213 332 1897
213 338 2190
238 332 3251
273 332 2596
332 338 3431
1306 1307 2468
286 947 680
286 948 1511
450 907 2832
947 948 5500
1274 1275 2821
1281 1282 3381
1282 1283 4418
412 442 2769
412 1482 4830
412 1656 5648
412 1714 5008
432 1215 3399
432 1216 3631
432 1217 3165
433 1215 3227
433 1216 3181
433 1217 3467
442 1482 1990
442 1714 1829
448 700 1201
1215 1216 3503
1215 1217 3921
1215 1219 3744
1216 1217 2734
1216 1219 3494
1217 1219 4275
1482 1656 3484
1482 1714 3000
1656 1714 3360
240 1278 3717
240 1279 5431
335 1279 3273
827 1293 127
1278 1279 3272
1534 2167 2865
1534 2168 2710
2167 2168 3685
223 224 3656
223 233 3261
223 755 4143
223 1214 3340
224 233 3102
224 755 4589
224 1214 3086
233 755 2985
233 962 2630
233 1214 2973
755 1214 3263
967 970 4371
1096 1239 3142
302 1448 4129
358 1034 4008
358 1348 3323
358 1349 2862
795 2170 3790
795 2171 3530
795 2172 3664
795 2173 2422
1034 1348 3727
2170 2173 2724
2171 2172 2746
2171 2173 3546
2172 2173 2802
737 1231 2839
1230 1231 3160
433 1218 4122
1215 1218 1655
1216 1218 3560
1217 1218 4240
51 53 2822
499 1209 3141
503 1209 4101
505 1200 2949
226 2143 5245
308 582 2844
392 1354 3463
392 2011 3348
392 2174 2947
392 2175 3952
414 415 4141
415 853 3439
440 816 705
440 1524 1774
440 1533 2112
582 677 2979
695 2158 2738
696 2158 1676
816 1524 5384
1184 1524 3481
1184 2179 1866
1354 2011 5137
1354 2174 3746
1354 2175 5113
1524 1533 2859
2011 2174 3554
2011 2175 4533
2174 2175 3623
203 204 2542
203 1204 4694
204 1204 3107
204 1206 2671
373 1083 2793
2139 2140 4104
382 1212 2838
382 1213 2523
515 1213 1977
930 1214 2622
1212 1213 3193
424 427 3010
48 96 3149
541 2181 3326
226 227 2765
398 399 3383
592 1019 1025
592 1168 2663
592 2160 3445
592 2161 3372
659 2000 3028
659 2136 2921
770 1068 4666
770 1805 3576
770 2148 4898
823 899 1311
823 900 2684
826 1168 5231
1043 1168 4010
1044 1168 2648
1068 1805 3535
1068 2148 3042
1117 1565 3377
1117 2155 4674
1117 2156 2561
1805 2148 3354
2000 2136 3441
816 1186 2999
1175 1227 2088
1227 1228 2959
498 1208 1992
652 1208 3435
412 1369 3001
412 2145 3531
1369 2145 2837
2047 2049 5240
362 1232 4077
362 1233 3197
362 1235 2956
362 1236 3046
362 1237 3185
362 1238 4506
758 1224 3418
773 1224 3100
794 1224 2498
1224 1225 4312
1224 1226 3879
1232 1233 2714
1232 1234 4076
1232 1235 3245
1232 1236 3916
1232 1237 4522
1232 1238 2826
1233 1234 2455
1233 1235 2891
1233 1236 2801
1233 1237 4224
1233 1238 1360
1234 1235 3514
1234 1236 3058
1234 1237 2065
1234 1238 3621
1235 1236 3412
1235 1237 3680
1235 1238 2894
1236 1237 1976
1236 1238 3391
1237 1238 1841
19 49 4299
733 1198 3605
733 1199 2609
1198 1199 3170
250 2163 3032
329 2123 3063
329 2124 3699
329 2125 3661
329 2126 3249
329 2127 3453
329 2128 3090
329 2129 3039
329 2130 3017
329 2131 4996
329 2132 2898
357 358 5216
387 393 3652
388 393 5388
559 2142 3266
1556 1595 3454
1557 1595 4297
2123 2124 2785
2123 2125 3338
2123 2126 3148
2123 2127 2457
2123 2128 3549
2123 2129 3186
2123 2130 3368
2123 2131 3508
2123 2132 3701
2124 2125 3689
2124 2126 3156
2124 2127 3133
2124 2128 4257
2124 2129 3849
2124 2130 3230
2124 2131 3716
2124 2132 2132
2125 2126 3023
2125 2127 3374
2125 2128 2465
2125 2129 3215
2125 2130 3278
2125 2131 2941
2125 2132 2144
2126 2127 3229
2126 2128 2836
2126 2129 3184
2126 2130 4125
2126 2131 3322
2126 2132 3505
2127 2128 3745
2127 2129 3630
2127 2130 4202
2127 2131 3462
2127 2132 3822
2128 2129 3730
2128 2130 4587
2128 2131 3196
2128 2132 2664
2129 2130 3904
2129 2131 3386
2129 2132 3650
2130 2131 4740
2130 2132 3669
2131 2132 5348
498 1223 2833
652 1223 3913
1027 1223 4900
12 103 3922
35 103 3782
789 790 3641
27 30 5794
296 297 5491
296 859 3250
296 861 3870
503 1343 2466
503 1344 2074
1209 1343 3367
1209 1344 2950
1343 1344 3328
1597 1941 4108
255 937 2160
818 976 3162
918 920 3283
918 921 4507
936 937 3645
516 901 3240
516 902 3599
516 903 2919
517 901 2196
517 902 3038
517 903 2549
518 901 2856
518 902 851
518 903 1702
901 902 2577
901 903 3818
902 903 3487
19 76 2689
19 77 3091
72 73 2243
72 74 2872
73 74 3083
76 77 3244
76 78 3347
77 78 3443
592 929 1929
929 930 3309
932 933 3506
29 80 4155
459 940 3677
460 940 1293
38 94 3432
83 381 3575
245 1095 4686
433 1789 4236
1815 2382 3805
1815 2473 2747
1815 2635 3007
1815 2636 3452
1815 2637 2607
1872 2116 5092
2382 2473 2788
2382 2635 2339
2382 2636 3544
2382 2637 3264
2473 2635 3018
2473 2636 2750
2473 2637 3262
2635 2636 3714
2635 2637 3872
2636 2637 5954
777 924 2389
778 924 3591
971 972 2188
971 973 3593
39 122 3611
71 122 2545
49 154 3793
49 155 3875
442 906 3757
213 309 1786
213 952 4622
309 952 5670
374 952 3426
909 910 3092
909 911 2257
481 2251 3415
656 2251 3031
659 2251 2647
1302 2251 4095
1303 2251 4977
324 935 4496
326 935 3254
399 896 3523
934 935 1853
6 151 3933
185 943 5223
185 944 3571
185 945 3490
541 943 3466
541 944 3509
943 944 3306
943 945 5820
944 945 4616
945 946 5494
210 319 3823
210 941 3349
319 941 4001
303 304 3297
303 2518 2047
304 305 3002
305 2518 3512
383 385 3883
384 385 4928
412 1070 3396
442 1070 2966
478 559 2361
478 2307 1690
478 2433 2665
478 2434 3137
541 2622 3834
559 2433 2100
559 2434 3205
592 2264 2452
909 1286 4409
909 2325 3928
910 1286 4227
910 2325 3662
1014 2077 4382
1070 1482 2118
1070 1656 2643
1070 1714 4018
1286 2325 1708
2433 2434 5185
2513 2514 3247
309 735 5699
309 927 4817
374 926 3014
374 927 2598
676 978 2229
887 978 3022
35 82 4121
958 959 1650
959 960 3545
959 961 3026
503 2694 2367
598 2694 5680
1026 2694 3573
1434 1881 3539
1434 2418 3411
1881 2418 3351
397 1077 5634
859 2253 3779
860 2253 3750
861 2253 2602
918 2509 3772
918 2510 3173
920 2178 2110
920 2509 3996
920 2510 3167
1811 1936 3094
1936 2605 4788
2509 2510 3903
264 964 4570
343 645 2575
343 965 2855
645 965 3428
54 72 2460
54 73 3538
54 74 3826
54 75 4451
72 75 3812
73 75 4245
74 75 3686
913 914 3208
913 915 2269
913 916 3105
913 917 4942
914 917 4971
915 917 3595
916 917 4553
953 954 3979
953 955 2971
24 25 4207
36 70 2773
45 70 2818
65 66 3436
65 67 4342
65 68 4336
65 69 2289
66 67 3472
66 68 3288
66 69 2444
67 68 3918
67 69 3287
68 69 3373
931 1783 5773
344 1355 1703
344 1356 3029
352 1355 3226
352 1356 3526
431 892 3962
431 893 3395
250 318 3937
308 358 4340
308 411 3304
318 2257 3755
349 1518 5286
349 1520 4067
387 392 1719
414 1518 4824
414 1520 4945
481 2187 4295
503 1493 4457
503 2252 2980
561 2244 1611
561 2245 1711
659 2187 3579
682 1935 5398
850 943 3886
853 1518 3352
853 1520 3499
1053 1518 4375
1053 1520 3808
1302 2187 4153
1354 2282 5578
1383 1660 1851
1493 2252 4624
1518 1520 4588
1659 1660 3485
1891 2248 3844
2011 2282 3513
2244 2245 5370
529 922 3561
529 1257 4776
529 1365 3437
922 1365 1534
1257 1365 1535
284 473 2908
1340 1341 3674
1340 1342 3654
1341 1342 3382
100 101 751
100 102 3112
101 102 1751
223 592 3480
224 592 2618
350 414 2904
350 853 2610
403 410 3978
404 410 3199
404 576 3813
410 492 1630
1157 1503 3848
1875 2107 3458
1875 2108 3438
1875 2109 2909
45 79 2857
714 2256 3033
795 2262 2981
795 2263 3123
1942 2270 6304
2172 2263 3592
2173 2263 2637
2262 2263 3556
199 1350 3675
199 1351 3051
199 1352 3174
199 1353 3151
419 446 3364
1350 1351 4918
1350 1352 4265
1350 1353 4073
1351 1352 4410
1352 1353 4132
470 1086 3743
253 2258 3533
253 2259 1919
253 2260 2415
255 2258 4412
255 2259 5093
255 2260 3902
476 1370 3696
476 1371 1491
937 2258 2295
937 2259 3936
937 2260 3854
1370 1371 3694
2258 2259 4812
2258 2260 4241
2259 2260 4933
96 104 3947
96 1515 4057
914 1347 3915
308 2285 3604
308 2286 3856
373 1530 3476
373 1797 3754
481 1366 3332
481 1836 4843
481 2278 2895
582 2286 3642
659 1366 1533
659 1836 3363
659 2278 3618
816 1143 4627
816 1470 3887
860 1957 6090
1003 1366 4425
1143 1184 3037
1143 1187 3865
1143 1470 5064
1143 1533 4527
1184 1470 3672
1187 1470 1758
1302 1366 3175
1302 1836 3406
1302 2278 3885
1366 1836 3633
1366 2069 5607
1470 1533 3003
1546 1548 4708
2285 2286 4206
218 219 4366
218 220 4889
218 222 2881
218 1358 4596
218 1359 3821
218 1360 5235
219 220 5194
219 222 1718
219 1358 4677
219 1359 3600
219 1360 4789
220 222 3687
220 1358 4357
220 1359 4574
220 1360 5299
222 1358 3838
222 1359 3303
222 1360 3890
397 1345 6176
1031 1345 4540
1358 1359 3982
1358 1360 4251
1359 1360 4376
127 128 2330
127 129 2718
127 152 3975
127 153 3068
128 129 2265
128 152 3121
128 153 1394
129 152 3657
129 153 3457
152 153 4039
372 1070 4185
392 681 1247
412 1366 2631
412 1367 4697
412 1368 4531
572 681 2286
572 1354 2010
1070 1074 3613
1070 1369 3498
1366 1368 3658
86 2246 2688
87 2246 1029
490 2273 3385
592 1750 2305
1750 2264 4943
2193 2228 3668
2193 2265 2699
2193 2266 4228
2193 2267 4296
2193 2268 3333
2193 2269 4061
2228 2265 3583
2228 2266 4326
2228 2267 4471
2228 2268 3671
2228 2269 4190
2265 2266 3271
2265 2267 4098
2265 2268 4015
2265 2269 4068
2266 2267 4065
2266 2268 4280
2266 2269 4256
2267 2268 4716
2267 2269 4374
2268 2269 3984
344 349 4563
344 1372 4266
349 352 4131
349 1372 5042
352 1372 4796
882 930 4024
337 1135 4294
308 804 3670
411 582 4469
411 677 3731
496 761 3440
1044 1497 4768
1268 1497 4517
1497 1500 3079
1541 1542 4626
313 360 5190
313 364 4779
313 365 2923
313 553 3820
313 1708 4384
313 1709 3195
313 1710 4389
360 364 2658
360 365 2597
360 1708 2165
360 1709 3899
360 1710 3587
364 365 3943
364 1708 2804
364 1709 3998
364 1710 5319
365 1708 4157
365 1709 4014
365 1710 4301
1708 1709 4232
1708 1710 4184
1709 1710 4980
2436 2437 4174
308 1214 1294
308 1494 5019
1214 1277 3434
1214 1494 2846
1277 1494 4252
141 358 4569
141 770 4761
141 1699 5416
358 770 3966
358 1699 5793
770 1699 4792
32 255 2803
253 254 2072
254 255 2757
298 1519 4934
298 1844 4088
496 1549 3475
761 1549 3219
1420 2642 5592
1519 1844 4379
2505 2523 4087
238 354 3602
354 418 5960
354 758 3859
354 759 3496
19 118 3876
19 119 4064
19 120 3934
19 1511 4947
109 118 3461
109 119 2994
109 120 3867
109 1511 1634
118 119 3973
118 120 3188
118 1511 4664
119 120 3034
119 1511 5729
120 1511 4479
412 1480 4725
412 1481 4480
412 1483 4718
412 1715 4770
740 1716 5227
893 1713 834
1480 1481 4306
1480 1482 4993
1480 1483 4259
1481 1482 3783
1481 1483 3930
1482 1483 4328
394 395 3735
394 396 2303
395 396 4058
9 61 4719
9 93 5734
61 93 4401
561 2023 1415
561 2639 1280
2023 2639 3837
494 816 2752
494 1184 4196
494 1470 3851
496 2360 3983
559 976 2682
559 2053 1217
559 2059 4078
761 2360 4461
898 1467 3478
976 2053 4381
976 2059 2791
1068 1274 4079
1691 1928 5086
1691 2640 4612
1928 2640 4924
2053 2059 4046
42 126 4577
853 1023 3935
1023 1053 4805
1023 1518 4414
1023 1520 3791
176 1698 6016
266 407 3258
407 408 3874
454 1711 2879
226 1701 3191
247 248 4460
247 249 4652
248 249 3895
221 377 3429
221 2638 3524
377 1411 3827
377 2638 1827
481 780 1999
481 1742 4150
481 2324 4134
599 1894 3777
599 2439 3959
628 1411 2085
659 780 4231
659 1742 4200
659 2324 3066
780 1302 4222
780 1742 4702
780 2187 5237
780 2324 4912
1302 1742 3682
1302 2324 4260
1366 1832 2579
1366 1833 4621
1366 1834 4510
1366 1835 4126
1742 2187 5051
1742 2324 4470
1832 1833 3912
1832 1834 3393
1832 1835 2817
1833 1834 4882
1833 1835 1767
1834 1835 3284
1894 2439 3596
2187 2324 5335
217 218 4213
217 219 3955
217 220 4084
217 222 4204
263 264 4345
263 1904 3776
264 1904 5003
403 1700 3723
404 1700 6060
490 816 3280
490 1187 3425
490 2354 4437
492 1700 1211
1100 1408 4272
1804 1843 4263
2273 2354 3868
2275 2331 4117
1047 1405 3953
1047 1406 4216
1405 1406 4250
9 121 3861
403 1522 4866
404 1522 3183
492 1522 3421
1522 1707 3210
1601 1604 3274
1601 1605 1539
1604 1702 2708
1605 1702 3451
39 123 2556
914 2030 4003
1305 2030 3828
1447 1495 4271
1447 1496 5485
1495 1496 5493
1600 2508 4809
2312 2508 3190
29 41 4027
41 80 5390
95 96 4258
481 1839 3891
481 1840 3726
481 1841 3970
481 1842 2486
718 1846 3799
1300 1846 4887
1839 1840 3321
1839 1841 3981
1839 1842 4662
1840 1841 4028
1840 1842 4034
1841 1842 4268
1845 1846 2691
32 2326 2423
260 261 2429
1151 1438 3853
1151 2334 3964
1151 2335 4904
1342 1537 4892
1342 1538 4706
1438 2334 1960
1438 2335 4709
1537 1538 4402
1537 1539 4127
1538 1539 3816
2332 2333 3860
2334 2335 4349
185 977 4766
1157 1786 5528
191 1937 5114
64 115 4493
64 1853 4692
114 115 3330
186 1856 3555
186 1857 2940
397 1856 4429
397 1857 4859
1856 1857 4187
273 1062 4897
462 2033 1628
490 2349 3758
490 2350 4485
648 2340 3824
648 2341 3392
648 2342 4136
648 2343 2344
1034 2336 4075
1348 2336 1413
1349 2336 4363
1862 2358 1221
1917 1919 1323
1917 1920 2935
1917 1921 4711
1919 1920 2987
1919 1921 4475
1920 1921 5606
2280 2358 3804
2340 2341 3847
2340 2342 4415
2340 2343 3917
2341 2342 3926
2341 2343 3985
2342 2343 4567
2349 2350 4500
1342 1652 4315
331 334 3997
334 1414 4444
99 101 3084
99 102 4037
323 324 5332
323 326 4654
481 1919 4520
481 1920 4388
481 1973 4329
1175 2323 1898
1227 2323 3788
1254 2338 2555
1919 1973 4494
1920 1973 3157
298 1149 4896
1149 1844 4426
33 35 4484
176 2346 3515
199 1485 3894
199 2356 4198
227 229 3797
464 2346 4113
922 2118 3153
922 2344 2060
922 2345 1961
1050 2359 3048
1052 2359 1654
1117 2327 4006
1117 2328 3540
1117 2329 4486
1117 2330 4899
1350 1485 4344
1350 2356 3589
1352 1485 4764
1352 2356 3295
1485 2356 4775
2118 2344 4261
2118 2345 4348
2327 2328 4678
2327 2329 5865
2327 2330 5141
2328 2329 3307
2328 2330 4750
2329 2330 3563
2344 2345 4171
226 1130 4593
358 1847 5054
246 247 4396
246 248 3550
246 249 4274
132 446 4212
176 1806 2454
262 1555 4659
262 1556 1932
262 1557 4102
481 2322 4976
580 1979 4316
580 1981 4162
580 2022 3690
592 2347 3836
592 2348 3810
613 2321 4203
726 1540 4545
795 797 4939
795 1854 4465
797 1854 4476
951 1852 1287
1555 1556 4089
1555 1557 4673
1713 2304 4443
1806 1807 4549
1979 1981 4712
1979 2022 4432
1981 2022 4954
2160 2347 4364
2160 2348 3129
2161 2347 4339
2161 2348 2046
2347 2348 4433
1849 1851 4978
785 860 4663
854 860 3649
860 1421 4592
860 1554 3944
1421 1554 2358
72 261 2892
166 167 4446
259 261 3394
453 2362 4511
456 2361 4205
1018 2337 898
1019 2337 1792
1158 1159 3423
1158 1517 3660
1159 1517 4361
1375 1517 4605
1375 2331 3939
1517 2275 3518
1517 2331 4529
1706 2354 4393
2059 2142 2816
811 1543 4313
112 114 4177
72 258 3781
72 260 4387
72 1477 4551
258 259 3752
258 260 4041
258 1477 5409
259 260 3923
259 1477 5529
260 1477 3850
261 1477 4781
459 1400 5787
459 1404 5352
459 1474 2845
460 1111 657
460 1112 2290
1032 1111 3862
1032 1112 4575
1111 1112 4094
1111 1466 4248
1112 1466 4611
1400 1404 4565
1400 1474 4372
19 2028 4688
19 2507 4176
53 421 1666
278 1552 3958
278 1553 4169
427 1071 1143
503 1492 3995
598 1492 4279
1026 1492 3541
1267 1997 4137
1267 2506 2527
1409 2630 4186
1552 1553 2568
1622 2185 4838
1997 2506 3085
2028 2507 2000
512 1465 4724
414 1489 4726
414 1490 4262
415 1489 4491
415 1490 4631
442 1478 2808
853 1490 4669
906 1478 3329
1489 1490 3706
33 82 4691
33 103 4298
82 103 4552
210 1473 4787
117 210 4835
228 229 3053
309 1479 5559
374 1479 3300
898 1484 2541
561 2538 2614
2023 2538 4411
196 198 1783
196 200 3465
198 200 3163
253 2423 2059
255 2423 4054
442 2038 3842
442 2627 4416
1294 2423 4230
1478 2038 4456
1478 2627 5079
1486 1487 2800
1486 1488 4142
1487 1488 4423
2034 2035 4118
2034 2036 4495
2034 2037 2571
2035 2037 4772
2036 2037 4929
2038 2627 3232
290 1064 4537
61 121 4571
252 254 4558
252 1923 4459
253 2691 4759
254 2691 1891
255 2691 4591
313 362 3559
313 363 4763
360 362 2680
360 363 4383
362 363 4210
362 364 2727
362 365 3324
363 364 4005
363 365 4201
638 2692 1551
640 2692 864
677 2692 3629
918 2512 4109
920 2512 3004
995 2647 2565
995 2648 4397
1034 2651 4543
1608 1610 5140
1608 1611 4891
1928 2619 5353
2336 2651 4777
2509 2512 4009
2510 2512 3527
2512 2526 3951
2512 2527 5935
2526 2527 5127
2647 2648 3829
266 409 4215
407 409 4148
408 409 4603
226 578 3888
226 1348 4860
402 826 4042
913 2524 4594
914 2524 2860
816 1471 3925
1143 1186 4970
1143 1469 4617
1143 1471 5359
1184 1469 2514
1184 1471 4637
1186 1469 3765
1186 1470 3054
1186 1471 3117
1469 1470 4681
1469 1471 4413
1470 1471 4767
302 1151 5279
302 1438 4324
302 2334 4573
411 971 4521
742 1158 4011
1151 2008 3967
1438 2008 4760
309 423 4092
344 1475 4288
344 1476 5301
352 1475 4873
352 1476 4865
1475 1476 5624
2332 2537 2037
2333 2537 4657
387 389 3948
387 572 4670
387 573 2377
387 681 4278
389 392 2996
389 572 4244
389 681 3597
342 343 3742
964 1447 5023
964 1495 4629
964 1496 4921
1113 1114 4504
1113 1115 4119
1114 1115 3313
557 1111 4481
557 1112 5845
1990 2535 4620
238 690 4103
238 760 5184
238 1508 4604
321 354 5152
690 758 2706
690 759 4255
690 760 4237
690 1508 4138
758 760 3268
758 1508 4632
759 760 4448
759 1508 5444
760 1508 5951
198 1001 4355
198 1034 4554
198 2336 4671
1001 1034 2918
1001 2336 3087
185 2424 3957
185 2522 3666
412 1525 4823
412 1526 1646
412 1527 4032
541 2424 3114
541 2522 3071
659 2432 4096
943 2424 4862
943 2522 4667
1525 1526 1638
1525 1527 4782
2000 2432 4505
2136 2432 4320
2424 2522 4723
682 1934 3342
1934 1935 4636
366 367 4683
366 369 5096
367 369 3906
129 1509 3753
152 1509 5169
334 1516 5048
206 207 5232
387 1260 2001
387 1261 4798
387 1263 4090
387 1504 3308
387 1925 4353
387 2517 2279
443 1260 4254
443 1261 3601
443 1263 4746
443 1504 4285
443 1925 4984
443 2517 4986
1260 1504 4699
1260 1925 2354
1260 2517 3578
1260 2521 4123
1261 1504 4742
1261 1925 4625
1261 2517 4701
1261 2521 4932
1263 1504 3447
1263 1925 4026
1263 2517 4434
1263 2521 4635
1504 1925 4518
1504 2517 4638
1925 2517 6054
700 1716 4650
700 2528 5269
700 2529 4720
700 2530 3785
700 2531 4869
700 2532 5058
740 2528 4542
740 2529 4360
740 2530 4547
740 2531 3282
740 2532 2438
1292 1716 4099
1292 2528 4406
1292 2529 3956
1292 2530 4827
1292 2531 3401
1292 2532 2503
1716 2528 4395
1716 2529 4030
1716 2530 4960
1716 2531 4868
1716 2532 4427
2528 2529 3647
2528 2530 3990
2528 2531 5108
2528 2532 5605
2529 2530 4807
2529 2531 3988
2529 2532 3832
2530 2531 5476
2530 2532 4801
2531 2532 5986
344 417 4534
352 417 4385
774 777 2161
774 778 4405
1260 1505 4744
1263 1505 4331
433 2542 4045
854 1993 2407
854 1994 2562
1993 1994 5057
2511 2512 4917
193 194 4749
193 1512 2318
194 1512 3061
541 977 4964
469 1334 4867
440 478 3192
440 727 4786
440 1143 4733
440 1470 2101
440 1471 3968
440 1523 3225
478 727 4322
478 1143 4762
478 1184 4038
478 1470 3697
478 1471 4816
478 1523 2513
478 1524 4539
727 1143 4672
727 1184 4292
727 1470 5132
727 1471 5571
727 1523 3792
727 1524 5069
1143 1523 4242
1143 1524 5303
1184 1523 4707
1470 1523 4851
1470 1524 5713
1471 1523 5034
1471 1524 2034
1523 1524 4813
2213 2426 5274
238 340 4771
238 368 1422
340 368 4845
340 758 4802
366 368 4582
368 758 3693
368 759 4055
503 1491 4140
412 2539 4728
412 2540 4293
2539 2540 4615
405 797 2749
405 1551 4641
797 1551 4310
797 2173 4752
2173 2534 4462
230 698 4581
283 284 5080
1526 1931 4226
1526 2111 1347
1527 1931 4876
1527 2111 4468
1931 2111 5088
338 446 3712
338 505 2058
429 694 4825
429 696 2476
429 873 4729
429 1044 4333
429 1268 2107
429 1497 4793
429 1498 4684
429 1500 3773
429 1501 4319
694 873 4695
694 1044 4188
694 1268 4791
694 1497 4886
694 1498 4501
694 1500 4368
694 1501 4044
696 1497 3277
696 1498 2064
696 1501 4338
873 1497 4713
873 1498 5029
873 1501 4332
1044 1498 3548
1044 1499 2948
1044 1501 3610
1044 1502 4219
1268 1498 4317
1268 1501 3542
1497 1498 5037
1497 1501 4991
1498 1499 1987
1498 1500 4167
1498 1501 4879
1498 1502 4925
1499 1500 4400
1499 1502 5323
1500 1501 4544
1500 1502 4645
468 975 4473
468 1544 4888
469 975 4852
469 1544 4528
975 1544 4919
19 124 5252
19 155 4270
19 749 5117
49 749 3050
155 749 3763
853 1519 3905
1023 1519 4988
1518 1519 5159
453 816 5039
453 1187 4208
252 1560 5174
1220 1560 4560
264 1559 5300
964 1559 4192
1277 1545 4905
1156 1157 4579
1414 1516 4861
205 1001 5131
189 190 4907
189 191 3609
189 192 4644
190 191 4748
190 192 5115
191 192 5098
383 1018 4651
384 1018 4597
385 1018 4000
231 232 4998
231 233 4421
231 2020 3700
231 2430 4557
232 233 2995
232 2020 4568
232 2430 4503
233 2020 4512
233 2430 2440
1550 1551 5005
296 302 4915
296 853 2690
296 1023 5038
296 1448 4989
296 1449 4286
302 853 4743
302 1023 4836
302 1449 5258
853 1448 4648
853 1449 4548
1023 1448 4710
1023 1449 4885
1448 1449 5103
1117 1182 2628
1182 1565 4902
186 2516 4311
397 2516 5050
478 2012 3557
727 1533 5059
816 937 3096
816 2012 3543
937 1184 4307
937 1533 1808
937 2012 4499
1143 2012 5411
1184 2012 4482
1470 2012 4287
1533 2012 4323
1260 1947 5081
1261 1947 5084
1263 1947 4842
19 116 5380
296 1436 5135
297 302 5106
297 1436 4610
297 1449 4586
302 859 2900
302 861 2451
453 2420 4785
859 1436 4085
859 1449 4814
861 1436 4246
861 1449 5009
1436 1449 3733
94 584 5519
1997 2505 5007
1792 1794 4815
1792 1796 3695
1794 1796 4953
712 1971 4940
350 761 4997
350 762 5492
761 762 5512
1547 1548 5056
1417 1418 3384
1417 1419 5099
276 278 5065
276 1552 5242
20 22 4941
20 23 5310
20 24 4564
20 25 5509
22 23 5186
22 24 4967
22 25 5600
23 24 4800
23 25 5309
266 2503 4803
408 2503 1206
370 373 4903
284 1617 4367
284 2121 5155
726 1558 5202
1119 2519 4874
206 1541 5031
206 1542 5035
207 1541 5540
207 1542 6172
70 104 5161
345 351 5171
470 1130 4578
2194 2228 5267
29 61 4877
818 1567 1043
818 1568 694
1567 1568 4841
1117 1738 5146
1182 1738 4914
1565 1738 3189
112 148 4857
1598 1599 5483
1598 1600 5357
1599 1600 4690
1811 2184 4107
201 202 5020
201 204 4875
202 204 2920
1001 2428 5101
1034 2428 4082
1254 1892 5192
267 268 5011
1855 1899 2372
1855 1900 5338
1855 1912 3846
1899 1900 5075
1899 1912 4658
1912 1913 2009
309 311 5764
442 1928 3493
1478 1928 5328
1561 1562 4937
1561 1563 4872
1562 1563 5118
200 1859 5047
308 410 5138
410 411 2848
313 361 4220
361 363 4911
361 365 5126
966 1977 4488
967 1977 5173
285 286 1208
1597 1940 4161
1597 2007 5259
1597 2623 3361
1940 1941 5120
1940 2007 5441
1940 2623 5381
1941 2007 5879
1941 2623 5400
273 368 4665
424 425 3900
424 426 4975
425 426 5570
425 427 4021
426 427 5157
383 386 2986
384 386 5153
385 386 4994
319 2314 3564
941 2314 4938
308 2624 3901
308 2625 5018
308 2626 5189
411 2624 3940
411 2625 5043
411 2626 5880
2624 2625 5320
2624 2626 4780
2625 2626 4849
167 168 5463
167 169 5024
412 1478 5196
274 2196 5385
274 2620 5150
2196 2620 3130
309 422 5854
478 2425 2095
967 1944 5297
967 1945 5291
1944 1945 5987
1100 2320 5224
1100 2427 5447
1408 2320 5124
1408 2427 4833
2320 2427 4920
1919 2178 5143
1920 2178 5280
1342 1596 5296
344 350 5622
344 414 5046
349 416 5226
350 352 4769
352 414 4853
275 277 4523
275 378 5082
275 379 5149
275 380 4209
275 381 4253
277 378 5068
277 379 5478
277 380 5418
277 381 5277
378 379 5254
378 380 3168
378 381 5073
379 380 2955
379 381 5032
380 381 2402
964 2005 5526
1496 2005 5743
541 1592 2413
541 2058 2048
541 2621 4515
1592 2621 5750
226 577 5210
6 7 5209
412 2195 5489
370 371 5236
370 374 4834
370 375 4765
370 376 4642
370 377 4850
371 373 4056
371 374 4901
371 375 5502
371 376 4890
371 377 4955
372 373 4643
372 374 3558
372 375 4959
372 376 4214
372 377 3055
373 374 4957
373 375 4583
373 376 4031
373 377 5594
374 375 4936
374 376 4180
374 377 2247
375 376 5109
375 377 4106
561 1055 1600
922 2629 1931
2344 2629 5111
700 1979 5119
387 390 3673
387 391 5394
390 391 5290
400 403 5371
400 404 3709
1622 2440 5333
2185 2440 4159
1599 1896 5382
1600 1896 5612
19 200 3640
19 245 3911
19 420 1894
53 200 5045
53 245 5405
53 420 5076
200 245 3366
200 420 4063
200 421 3334
245 420 5534
245 421 4992
420 421 5342
601 602 2681
601 2628 5752
602 2628 5538
453 2459 5427
327 328 5281
569 2001 4944
685 1521 3840
795 799 4607
795 1798 5379
799 1798 5362
591 2031 5572
591 2032 5835
2031 2032 4327
267 270 5568
267 271 4679
267 272 5511
268 270 3511
268 271 5306
268 272 4985
270 271 5514
270 272 5446
271 272 5914
176 2421 5417
37 38 5213
19 1741 2721
53 1741 4968
53 2028 4958
421 1741 4602
421 2028 5123
1741 2028 5396
1416 1417 4289
1416 1418 3980
1416 1419 5433
1416 1420 5643
1417 1420 5266
1418 1420 3749
1419 1420 5373
205 206 4755
205 1541 5318
205 1542 4183
1525 1931 5593
1881 2014 5078
1881 2027 3830
2014 2027 5160
2011 2429 5340
14 58 2019
14 59 4756
58 59 5740
58 60 4178
59 60 5293
1610 2063 5419
1611 2063 5366
175 176 5461
176 1395 5010
58 112 5251
58 146 4894
58 147 5563
60 146 5257
60 147 5521
112 146 5230
112 147 4422
146 147 1076
412 1888 2990
1888 2195 5374
13 14 3082
13 1992 5162
13 2419 5535
14 1992 1083
14 2419 703
397 1629 5779
1992 2419 5247
27 28 5443
28 30 5537
585 586 5675
585 1965 5253
585 1966 5970
586 1965 5590
586 1966 6002
1965 1966 5391
1811 1998 5430
770 897 5464
770 1398 5474
770 1399 4502
897 1398 5325
897 1399 5061
1398 1399 5249
6 36 5228
267 446 5458
267 1138 5294
446 1138 5142
795 798 5383
797 798 3615
797 799 5128
798 799 3009
191 1688 5677
191 2272 3098
191 2435 5686
541 1906 2917
782 783 5603
782 1592 5438
783 1592 3577
1688 2272 5085
1688 2435 6105
1928 2422 5789
2272 2435 1523
718 1915 5197
1070 2021 4149
1074 2021 4438
1845 1915 4783
199 1800 5339
261 1950 4910
261 2431 5233
615 1950 3972
615 2431 5271
1350 1800 5922
1353 1800 5261
1950 2431 5892
284 1081 5544
1306 2366 5696
358 1397 5660
424 1804 4223
425 1804 3648
426 1804 5158
598 779 5565
598 782 5403
598 783 4619
598 2436 4158
598 2437 5551
598 2438 5426
599 779 5116
599 782 5595
599 783 5449
599 2438 3586
779 782 5234
779 783 5803
779 2436 4408
779 2437 5401
779 2438 5604
226 1799 2437
1348 1799 5479
12 31 5367
338 521 2325
433 751 4837
433 1790 3136
433 1791 4973
751 752 5410
751 753 4839
751 1789 5125
751 1790 5609
751 1791 5610
752 1789 4105
752 1790 5697
752 1791 5732
753 1789 4979
753 1790 5527
753 1791 5647
1789 1790 4987
1789 1791 5923
1790 1791 6232
1801 1802 5498
1801 1803 4878
1802 1803 1396
105 106 5552
8 9 5642
1091 1891 4318
1444 1891 5553
1119 1788 5542
1787 1788 3126
187 188 5015
250 1618 5393
252 1618 5745
230 2721 5685
26 162 5466
26 163 5284
26 164 4195
26 165 4595
162 163 5287
162 164 4330
162 165 3389
163 164 4394
163 165 4249
164 165 5017
205 207 5796
1286 1496 5875
1286 2005 3491
29 144 5220
29 145 5454
144 145 5212
570 682 5536
682 1932 2364
682 1933 3619
1932 1933 4649
1932 1935 2370
1933 1935 1909
226 256 5412
282 283 5496
282 284 3721
237 238 5872
204 236 1681
811 2719 5439
412 2183 5704
211 212 5404
211 213 5636
212 213 4403
250 251 4715
251 252 5336
101 1801 2170
101 2003 2409
433 2220 5608
569 2652 3585
569 2653 5102
753 2220 5517
1801 2003 5360
1801 2004 4949
1802 2003 5497
1803 2003 3738
1803 2004 1487
2003 2004 4304
2652 2653 5584
779 1592 6020
3 4 3459
3 5 2669
3 26 4013
4 5 4731
4 26 5170
63 64 5457
2213 2271 5706
209 210 5759
209 319 5573
209 2201 4436
210 2201 4308
971 1927 5585
296 1519 5623
302 1519 2396
1448 1519 1761
1449 1519 5830
239 240 4974
239 241 3800
239 242 4025
240 242 5100
241 242 4668
506 2720 706
1894 2048 5070
1894 2049 4199
1894 2050 3056
1894 2051 5179
2048 2049 5688
2048 2050 4972
2048 2051 2854
2049 2050 5530
2049 2051 5532
157 1623 5611
215 216 5558
234 235 5620
267 269 5728
268 269 4478
269 270 4419
269 271 5753
269 272 4687
459 1401 5751
1400 1401 5036
397 2009 5817
1077 2009 5831
591 1073 6030
412 1931 5377
412 1962 5755
1366 1525 3101
1366 1526 4051
1366 1527 5602
1366 1931 5748
1366 1962 4012
1368 1525 3504
1368 1526 2905
1368 1527 5288
1368 1931 5575
1368 1962 5066
1525 1962 4559
1526 1962 4321
1527 1962 5632
1931 1962 5776
240 257 5795
273 274 5669
324 325 3614
324 1394 5510
325 326 4730
326 358 4290
326 768 5469
326 769 5683
326 770 5477
326 1394 4614
358 768 5798
358 769 6306
768 769 4732
768 770 5976
769 770 5896
641 1362 5329
641 1409 5503
641 1410 5004
1362 1409 1859
1362 1410 5884
1409 1410 4639
209 954 5839
209 955 3626
210 954 5730
210 955 4675
954 1486 5330
954 1952 5265
955 1486 3380
955 1952 5182
1486 1952 5317
1526 2015 5060
1526 2016 5200
1527 2015 4962
1527 2016 5778
1901 1902 5737
1901 1903 5920
1901 1904 5717
1902 1903 4069
1902 1904 5241
1903 1904 5656
1931 2015 4080
1931 2016 5895
2015 2016 4370
238 331 5742
331 332 5420
348 349 5691
348 350 5869
348 761 6042
348 762 6149
349 761 4489
349 762 5777
939 1923 2382
459 1402 5547
459 1403 5766
543 1985 1136
543 1986 685
816 1881 5763
816 2013 5422
816 2014 1773
1143 1881 5956
1143 2013 5347
1143 2014 2775
1400 1402 4840
1400 1403 5465
1401 1404 4966
1402 1403 2983
1881 2012 3692
1881 2013 3337
1985 1986 2726
2012 2013 5769
2012 2014 4906
2013 2014 4218
308 1396 5981
857 1457 5645
857 1458 4606
1457 1458 5459
33 34 1102
34 35 5580
58 1413 3580
60 1413 5978
112 1413 967
146 1413 4680
147 1413 6021
572 971 5187
681 971 3109
988 1956 5423
267 1415 5867
446 1415 3634
1138 1415 5881
773 1136 5995
1597 2006 5077
1939 1940 5783
1939 1941 5627
1940 2006 5599
1941 2006 4965
397 1407 5000
1077 1407 5771
854 2002 4147
860 1993 5690
860 1994 3728
860 2002 5165
1993 2002 5840
1994 2002 5874
20 21 5782
21 23 5588
21 24 4714
21 25 4343
953 1999 5921
2017 2018 6147
2017 2019 5201
2018 2019 5739
259 2029 5963
1091 1092 5864
16 17 3486
16 18 5346
16 19 3528
17 18 4466
17 19 5523
462 1597 5767
427 2010 1507
1071 2010 5997
252 1955 5628
1220 1955 5341
1560 1955 4855
1803 2024 2378
1803 2025 1545
1803 2026 4276
2024 2025 4535
2024 2026 5369
2025 2026 5525
11 12 6119
301 1151 5067
301 1438 5363
369 1961 5919
287 1412 5982
1979 1980 5649
1979 1982 5646
1980 1981 4439
1980 1982 4036
1981 1982 5395
765 853 5917
765 1519 4790
1010 1098 5678
1010 1099 5144
1010 1100 5589
1098 1099 4407
1098 1100 5504
1099 1100 5715
648 1780 1862
1686 1687 6431
1686 1937 6182
1687 1937 3720
559 2655 5372
1254 1622 5445
1254 2057 5484
1254 2217 4566
1254 2303 5788
1622 2057 5617
1622 2217 4225
1622 2303 5657
2057 2217 4386
2057 2303 5871
2217 2303 3734
727 791 5912
727 792 5848
791 792 5365
185 306 5772
327 329 4391
327 2131 4804
327 2604 5626
327 2656 5837
327 2657 6091
328 329 4982
328 2131 2294
328 2604 5072
328 2656 5148
328 2657 5754
329 2604 5356
329 2656 5217
329 2657 3620
2131 2604 4961
2131 2656 5432
2131 2657 5911
2604 2656 5487
2604 2657 5899
2656 2657 5775
10 112 5198
10 146 5718
10 147 5694
431 790 1687
314 315 4430
314 316 5639
315 316 5250
316 790 5462
1606 1607 5313
1606 1608 5861
1606 1609 6008
1606 1613 5561
1607 1608 5222
1607 1609 5436
1607 1613 5471
1608 1609 4981
1608 1613 5937
1608 2649 5298
1608 2650 3770
1609 1613 5975
1609 2649 5816
1609 2650 5256
1613 2649 3390
1613 2650 5555
2649 2650 5723
89 141 5882
916 1079 6096
916 1080 6004
1079 1080 4797
115 171 5844
186 331 5833
261 1445 5027
261 2598 5662
261 2654 5105
615 1445 4483
615 2598 5827
615 2654 3969
1445 1950 5807
1445 2431 5888
1445 2598 5961
1445 2654 6289
1950 2598 6112
1950 2654 6547
2431 2598 6087
2431 2654 5786
2598 2654 6305
618 786 4291
618 787 5543
618 788 1922
786 787 5468
786 788 2931
1254 2302 1949
2057 2302 5918
2217 2302 5522
2302 2303 5661
238 757 5654
368 757 3371
757 758 5442
206 770 5822
206 1082 5635
770 1082 5931
262 344 5908
262 348 5966
262 349 4653
262 350 2748
262 352 5104
262 414 2363
262 761 5112
262 762 6094
262 763 6059
262 764 6198
344 348 5387
344 761 4452
344 762 6145
344 763 5858
344 764 5345
348 352 6128
348 414 5229
348 763 6170
348 764 6478
349 763 5876
349 764 6351
350 763 5567
350 764 6075
352 761 4893
352 762 6053
352 763 5674
352 764 5549
414 761 5470
761 763 5903
761 764 5842
762 763 5913
762 764 6216
763 764 5998
1342 1595 6000
1595 1596 4449
771 772 3164
771 773 5726
772 773 5818
597 598 5334
597 599 5945
597 779 6068
597 780 5147
597 781 5122
597 782 4283
597 783 5841
598 780 5887
598 781 5702
599 780 5506
599 781 4884
779 780 6035
779 781 5402
780 781 5644
780 782 4784
780 783 4660
781 782 4753
781 783 5621
595 598 5587
595 599 5629
595 945 5957
595 1038 5672
595 1905 6421
595 1963 6240
595 2491 5863
598 945 5168
598 1905 6152
598 2491 5640
599 945 5268
599 1038 2356
599 1905 5637
599 1963 3889
779 945 5701
779 1905 5829
945 1905 6117
945 1963 4908
1038 1905 4508
1038 1963 3387
1905 1963 6071
1905 2491 5665
91 96 5579
741 801 3784
741 802 5397
801 802 5666
591 2041 6100
591 2042 5577
591 2043 6107
2041 2042 5808
2041 2043 6028
2042 2043 3285
1938 1940 6067
1938 1941 6246
55 142 6127
55 143 5955
142 143 6161
338 504 5851
209 1152 5667
210 1152 5972
598 1592 5574
795 796 4640
796 799 5894
55 160 5518
55 161 6124
142 160 5566
142 161 5813
143 160 6151
143 161 6158
160 161 6316
793 794 4239
784 785 6011
2059 2062 3154
700 1462 6023
266 1624 5358
266 1625 5695
624 1624 4086
624 1625 5505
1260 1661 4450
1261 1661 5154
1263 1661 5440
1624 1625 5949
914 1362 3635
914 1366 5337
914 1666 5801
914 2189 5849
914 2190 6079
1362 1366 4234
1362 1666 5790
1362 2189 4864
1362 2190 3234
1366 1666 3986
1366 2189 5083
1366 2190 5900
1666 2189 6137
1666 2190 5322
2189 2190 4828
1133 1446 5968
8 40 5361
8 41 5596
40 41 6044
397 1628 4822
1628 1629 5926
1680 1688 6312
309 601 5576
309 602 5993
309 1101 6047
309 1588 6185
309 1589 6244
498 579 2106
498 1626 3212
498 1627 2794
579 652 4351
579 1626 5456
579 1627 6039
601 1101 5129
601 1589 6226
602 1101 5671
602 1589 5929
652 1626 5327
652 1627 4950
1101 1589 5933
1626 1627 5946
1261 1602 5885
1261 1603 4365
1261 1604 5515
1261 1605 4601
1263 1602 5744
1263 1603 5221
1263 1604 6040
1263 1605 5866
1602 1603 5757
1603 1604 3724
1603 1605 3343
1117 2318 6200
1565 2318 4144
279 280 3608
279 281 3242
279 1277 5823
279 1411 5676
279 1453 3704
279 1454 3713
280 1277 5631
280 1453 5516
280 1454 5507
281 1277 5852
281 1453 5862
281 1454 5560
1277 1411 5681
1277 1453 6155
1277 1454 5386
1411 1453 4373
1411 1454 3400
1453 1454 5022
1504 1661 5977
273 1140 6076
882 1614 5792
882 1615 5638
882 1616 3678
1614 1615 4350
1614 1616 5331
1615 1616 4447
237 368 6074
399 1134 5450
782 1591 5134
782 1593 5909
782 1594 6184
783 1591 2603
783 1593 4399
783 1594 3449
896 1134 2340
1591 1592 6077
1591 1593 5524
1591 1594 5375
1592 1593 5898
1592 1594 6366
1593 1594 5994
911 1281 5014
911 1619 5304
911 1620 4990
911 1621 5687
1281 1619 5832
1281 1620 6013
1281 1621 5953
1282 1619 2988
1282 1620 2927
1282 1621 3852
1619 1620 5819
1619 1621 6205
1620 1621 6212
226 2722 5925
245 1093 5260
245 1094 5893
1093 1094 5897
1093 1095 5873
1094 1095 5915
784 860 6225
784 1957 4128
94 271 6062
94 272 6214
267 1110 4722
353 354 5166
354 1155 6301
792 1606 5765
792 1607 5308
792 1608 6061
792 1609 6257
792 1610 6080
792 1611 6109
792 1612 5962
792 1613 6055
1606 1610 5181
1606 1611 5314
1606 1612 5562
1607 1610 5001
1607 1611 6033
1607 1612 5282
1608 1612 5990
1609 1610 5052
1609 1611 4741
1609 1612 5834
1610 1612 5942
1610 1613 5389
1611 1612 4630
1611 1613 5735
1612 1613 5857
14 737 5983
14 1230 6063
14 1895 6153
14 1983 3198
737 1895 2502
1230 1895 5289
1895 1983 3255
1108 1109 6001
1108 1110 5705
1109 1110 6099
212 238 6165
212 332 5826
238 1140 5548
547 985 5805
547 1586 5756
985 1586 380
559 2052 5799
559 2054 5768
2052 2054 4309
712 1928 3954
1928 1971 6228
1527 1930 4927
1930 1931 6159
1677 1682 6234
1677 1686 6365
1677 1687 6383
1682 1686 6552
1682 1687 6359
520 1089 5406
520 1090 4576
1089 1090 5761
226 289 5243
226 1739 2930
245 1744 6065
245 1745 6138
256 289 4693
1095 1744 5890
1095 1745 5860
1744 1745 3209
58 1984 6123
60 1984 5364
308 1116 5488
1599 2040 6032
1599 2055 4952
1599 2056 4472
1600 2040 5307
1600 2055 6236
1600 2056 6311
2055 2056 6142
1034 2044 6095
806 2059 6130
2059 2060 3253
1811 1996 6252
1536 1747 6073
1536 1748 5941
1536 1749 5988
1747 1748 4880
1747 1749 5785
1748 1749 5499
358 1746 6121
117 2064 5302
210 2064 6102
262 345 5139
262 351 5877
262 2046 6136
344 345 5508
344 351 5030
344 2046 6086
345 348 6164
345 349 5625
345 350 5947
345 352 5264
345 2046 5780
348 351 4435
348 2046 6157
349 351 5889
349 2046 5180
350 351 3707
350 2046 5215
351 352 5183
352 2046 6264
293 294 2428
293 1354 6272
726 1128 5663
726 1129 5959
1128 1129 4826
1100 1131 6197
313 2065 6129
553 2065 6005
1287 1442 3062
1289 1442 1480
1673 1678 6220
1673 1681 6082
1673 1684 6536
1678 1681 6310
1678 1684 6268
1681 1684 6380
159 353 5089
159 354 4193
159 355 3703
309 310 6048
353 355 5906
354 355 6261
55 1172 5747
143 1172 6210
160 1172 6227
296 1450 4922
302 1450 5425
1448 1450 6207
1449 1450 6192
591 2066 5569
591 2067 5673
2031 2066 5973
2031 2067 6144
2032 2066 5725
2032 2067 6017
2066 2067 5774
1599 2039 6110
1600 2039 6058
1896 2039 5564
299 503 3081
299 1491 5002
299 1493 5276
299 1742 3736
299 1743 6088
503 1743 5424
1491 1742 2604
1491 1743 3532
1493 1742 6093
1493 1743 5971
1742 1743 5692
1893 1894 3789
1893 2047 5939
1893 2049 5204
1893 2050 5305
1894 2047 6015
84 176 6195
442 1929 5707
1928 1929 6037
1 2 6201
1673 1680 6423
1673 1685 6396
1673 1946 5407
1678 1680 6387
1678 1685 6313
1678 1946 6516
1680 1681 6500
1680 1684 6419
1680 1685 6237
1681 1685 6426
1681 1946 6438
1684 1685 6502
1684 1946 6640
1685 1946 5176
1028 1362 5781
1028 1908 4111
1362 1908 4022
1362 1909 6045
1362 1910 6339
1908 1909 4314
1908 1910 5550
1909 1910 6196
308 1117 4354
1116 1117 6362
339 340 4524
339 591 6027
339 971 4029
339 1071 1590
340 591 6175
340 1071 6135
591 971 5791
591 1071 5916
591 1072 6245
971 1071 3562
1071 1072 4689
276 1914 6259
278 1914 5940
1552 1914 2525
19 1943 5944
53 1943 5272
421 1943 6248
1100 1132 4685
1100 1133 6266
1131 1132 5891
1131 1133 5028
1132 1133 5378
1741 1943 2998
170 358 5408
170 1120 5825
170 1121 5557
170 1122 6323
170 1123 5980
358 1120 5985
358 1121 5199
358 1122 4525
358 1123 6132
1120 1121 5733
1120 1122 6326
1120 1123 5351
1121 1122 5710
1121 1123 6160
1122 1123 6219
296 1922 4913
302 1922 6321
412 1103 6300
481 1953 5415
481 1954 5760
1953 1954 5095
1085 1086 5904
1085 1087 6148
1086 1087 5421
1916 1918 6056
1916 1919 3625
1916 1920 3359
1916 1921 6014
1918 1919 1678
1918 1920 3045
1918 1921 5952
967 1137 6314
295 296 5025
295 297 5211
295 298 6141
295 299 5324
295 300 4116
295 301 5758
295 302 6139
296 298 6374
296 299 6290
296 300 6340
296 301 6343
297 298 6256
297 299 5270
297 300 5473
297 301 6281
298 299 4139
298 300 4217
298 301 5326
298 302 6376
299 300 4727
299 301 1948
299 302 6347
300 301 5749
300 302 5784
301 302 6078
897 1124 6154
57 58 5475
57 60 6352
14 480 6274
886 1118 3537
309 1163 6405
797 1907 4600
798 1907 6265
191 1686 5541
191 1687 6448
975 1125 5354
975 1126 6134
975 1127 6029
1125 1126 4634
1125 1127 6199
1126 1127 5809
173 287 6187
173 288 4420
287 288 6379
106 1853 6113
106 1968 6101
1853 1968 4848
291 292 5614
291 293 5843
292 293 3639
165 194 5991
165 330 6022
194 330 3335
397 1075 6406
1075 1077 5193
854 1995 5965
1993 1995 6180
1994 1995 6251
319 320 6298
907 1690 6178
1476 1555 5016
1476 1557 6213
1476 1974 6385
1476 1975 5653
1476 1976 6250
1555 1974 6168
1555 1975 6024
1555 1976 6140
1557 1974 5598
1557 1975 6049
1557 1976 5613
1974 1975 6238
1974 1976 5480
1975 1976 6092
262 346 6286
262 347 5721
344 346 6036
344 347 6009
345 346 6150
346 347 6404
346 348 5207
346 349 5107
346 350 6115
346 352 6206
347 352 5828
252 1969 4453
585 1964 6194
585 1967 6484
1964 1965 5040
1964 1966 6019
1964 1967 6271
1965 1967 5727
1966 1967 5943
333 334 6288
1928 1970 4847
1928 1972 6403
741 1102 5178
801 1102 6190
67 595 6390
67 599 3815
784 1778 5321
860 1778 6287
1778 1957 6320
27 322 6309
27 323 5930
27 324 6239
27 326 4060
30 322 6418
30 323 5797
30 324 5556
30 326 6084
322 323 5932
322 324 6046
322 326 4821
307 308 6407
312 313 6163
310 1987 6397
310 1988 6098
310 1989 6263
310 1990 4181
310 1991 6345
886 1978 4832
1987 1988 6324
1987 1989 6282
1987 1990 5244
1987 1991 6166
1988 1989 5846
1988 1990 5979
1988 1991 5481
1989 1990 5434
1989 1991 6292
344 2727 5664
344 2728 5910
344 2729 5350
348 2727 6012
348 2728 6437
348 2729 6434
349 2727 6146
349 2728 6341
349 2729 6350
350 2727 4935
350 2728 6156
350 2729 5902
352 2727 6433
352 2728 6422
352 2729 5821
761 2046 5719
761 2727 6186
761 2728 6081
761 2729 5969
2046 2727 6318
2046 2728 6051
2046 2729 6501
2727 2728 5513
2727 2729 6449
2728 2729 5806
301 1665 6509
301 1898 5901
1438 1665 6273
1438 1898 3069
1665 1898 4734
262 1097 6242
344 1097 6057
352 1097 5063
727 2367 6424
252 2300 6183
1350 2310 6384
358 1082 6471
1673 1676 6613
1676 1678 6417
1676 1681 6508
1676 1684 6276
792 2645 5850
1606 2645 6277
1607 2645 4048
1608 2645 5633
1609 2645 6440
1610 2645 5616
1611 2645 6221
1612 2645 3077
1613 2645 6375
586 1967 6386
372 591 6218
372 1069 6342
372 1071 4135
372 1072 6334
591 1069 5413
591 1070 4948
591 1074 6329
1069 1070 3318
1069 1071 4197
1069 1072 5316
1069 1074 6043
1070 1071 3135
1070 1072 3331
1071 1074 6348
1072 1074 4584
1676 1685 6582
19 88 6278
334 489 6332
589 591 6498
472 1164 6429
894 1478 6467
173 1050 6388
287 1050 4130
916 1078 5800
1078 1079 5927
1078 1080 6275
442 2364 6260
1928 2364 5618
794 1171 6491
1085 1088 6255
1086 1088 6372
1087 1088 6435
309 600 6392
600 601 5905
600 602 5619
397 1076 6512
299 1150 6518
308 580 3806
308 583 6006
308 1671 6258
308 1672 3628
580 582 6456
580 583 6315
580 1671 5824
580 1672 6025
582 583 4526
582 1671 5376
582 1672 5448
583 1671 6191
583 1672 2183
1671 1672 3572
472 754 5950
754 1164 6465
226 1148 2570
256 1148 6479
56 57 1979
56 60 6050
291 1354 4514
291 1776 3358
291 1777 4160
1158 1160 5999
1354 1776 6399
1354 1777 5853
1776 1777 6171
1141 1142 5191
1141 1143 3683
1141 1144 5641
1141 1145 6459
1141 1146 5731
1142 1143 5847
1142 1144 6452
1142 1145 6446
1142 1146 5539
1143 1144 6223
1143 1145 5167
1143 1146 5156
1144 1145 6401
1144 1146 6089
1145 1146 6243
727 1153 6296
727 1154 5586
1153 1154 6083
976 1287 6325
976 1289 5679
976 2186 4191
1287 2186 3651
1289 2186 5650
302 1161 6555
1103 2194 6528
906 1673 6482
906 1676 6684
906 1678 6530
906 1681 6635
906 1684 6680
94 2192 6439
1165 1166 5689
1165 1167 6224
1165 1168 5682
1166 1167 6333
1166 1168 5658
1167 1168 6395
414 478 6211
414 503 6052
414 1742 5762
414 1860 6338
414 1861 4417
414 2197 5531
478 503 5554
478 1742 6066
478 1860 4562
478 1861 2761
478 2197 4682
503 1860 4590
503 1861 4359
503 2197 6167
945 977 6355
1742 1860 6085
1742 1861 5453
1742 2197 5021
1860 1861 5804
1860 2197 6453
1861 2197 6454
319 1692 5886
319 1693 6193
319 1694 6377
319 1695 5668
319 1696 6488
319 1697 6474
1692 1693 6489
1692 1694 6503
1692 1695 6104
1692 1696 6601
1692 1697 6450
1693 1694 6540
1693 1695 6131
1693 1696 6189
1693 1697 6594
1694 1695 6126
1694 1696 6307
1694 1697 6222
1695 1696 6551
1695 1697 6007
1696 1697 6652
344 2742 6041
346 2742 6381
352 2742 5145
237 1459 6596
238 1459 6241
301 1437 6483
302 1665 5295
302 1898 6303
1437 1438 6283
954 1897 6505
1599 2235 5770
1600 2235 6529
2055 2235 6413
2056 2235 4004
354 727 6579
354 792 5238
1443 1444 6409
675 1460 6364
238 1439 6368
240 1455 6436
296 1451 6391
302 1451 6527
1448 1451 5714
1449 1451 5195
1450 1451 6357
84 174 5545
84 175 6294
174 175 6427
174 176 5597
1691 1896 2967
1691 2294 6587
1142 1440 6389
1142 1441 6548
1144 1440 5836
1144 1441 6229
1440 1441 5467
338 593 6270
505 593 2291
593 793 6202
967 2315 6520
1416 1456 6534
698 1912 6506
185 1463 5435
185 1662 5693
185 1663 6369
185 1664 5601
541 1463 4233
541 1662 4655
541 1663 4040
541 1664 6125
977 1463 6609
977 1662 6476
977 1663 6553
977 1664 6477
1463 1662 6441
1463 1663 6602
1463 1664 6586
1662 1663 6108
1662 1664 6603
1663 1664 6628
84 1452 5709
174 1452 5815
175 1452 6580
176 1452 6480
1112 1891 5283
1112 2291 6393
1112 2292 6481
1891 2291 4698
1891 2292 5878
2291 2292 6402
390 1261 6097
390 1263 6116
390 1504 4738
391 1261 5151
391 1263 6293
391 1504 5273
308 581 5482
580 581 6444
581 582 5349
581 583 6231
191 1673 6443
191 1674 6353
191 1675 6606
191 1676 6031
191 1677 5219
191 1678 6535
191 1679 6493
191 1680 6412
191 1681 5711
191 1682 6072
191 1683 6561
191 1684 6621
191 1685 5655
298 328 5130
298 2301 5033
328 2301 6034
1673 1674 6349
1673 1675 6445
1673 1677 6549
1673 1679 6524
1673 1682 6533
1673 1683 6584
1673 1686 6659
1673 1687 6560
1673 1688 6568
1674 1675 6356
1674 1676 6562
1674 1677 6038
1674 1678 6337
1674 1679 6654
1674 1680 6473
1674 1681 6208
1674 1682 6526
1674 1683 6247
1674 1684 6103
1674 1685 6627
1674 1686 6583
1674 1687 6622
1674 1688 6495
1675 1676 6634
1675 1677 6026
1675 1678 5996
1675 1679 6578
1675 1680 6619
1675 1681 6519
1675 1682 6249
1675 1683 6649
1675 1684 6678
1675 1685 6177
1675 1686 6497
1675 1687 6408
1675 1688 6069
1676 1677 6233
1676 1679 6593
1676 1680 6569
1676 1682 6336
1676 1683 6457
1676 1686 6616
1676 1687 6558
1676 1688 6604
1677 1678 6468
1677 1679 6331
1677 1680 6010
1677 1681 6563
1677 1683 5495
1677 1684 6382
1677 1685 6299
1677 1688 6447
1678 1679 6209
1678 1682 6285
1678 1683 6070
1678 1686 6660
1678 1687 6335
1678 1688 6370
1679 1680 6607
1679 1681 6230
1679 1682 6462
1679 1683 6624
1679 1684 6557
1679 1685 6308
1679 1686 6637
1679 1687 6620
1679 1688 6466
1680 1682 6614
1680 1683 6572
1680 1686 6573
1680 1687 6504
1681 1682 6612
1681 1683 6514
1681 1686 6400
1681 1687 6284
1681 1688 5924
1682 1683 6291
1682 1684 6469
1682 1685 6302
1682 1688 6643
1683 1684 6541
1683 1685 6280
1683 1686 5855
1683 1687 6295
1683 1688 6143
1684 1686 6605
1684 1687 6460
1684 1688 6371
1685 1686 6650
1685 1687 6564
1685 1688 6215
1686 1688 6522
1687 1688 5716
598 2290 5203
782 2290 6513
685 1962 3607
685 2311 6346
1962 2311 6415
404 575 4881
945 1463 6430
945 1662 6181
945 1663 5964
945 1664 6532
886 1689 4856
1118 1689 6638
296 1438 6254
296 1665 3989
570 742 6428
570 1942 5615
570 2209 5856
570 2210 6378
570 2211 5087
742 1942 6398
742 2209 5062
742 2210 6328
742 2211 3705
1438 1448 4810
1448 1665 4963
1942 2209 6538
1942 2210 6585
1942 2211 6590
2209 2210 5741
2209 2211 4854
2210 2211 6571
1103 2203 5368
1103 2204 5712
1103 2205 5520
1103 2206 5486
1103 2207 5262
2194 2203 6515
2194 2204 6122
2194 2205 6545
2194 2206 6464
2194 2207 6114
2203 2204 6588
2203 2205 6018
2203 2206 5868
2203 2207 6598
2204 2205 5967
2204 2206 6632
2204 2207 6655
2205 2206 6118
2205 2207 6539
2206 2207 5907
1487 2188 4931
1487 2200 6162
1488 2188 6253
1488 2200 6472
2188 2200 5700
237 767 6531
238 767 4647
252 1668 6267
1667 1668 3035
1667 1669 6625
1668 1669 5094
62 89 6451
264 2199 6416
964 2199 5172
258 2308 6597
1004 1315 2787
1004 1887 4946
1004 1889 6367
1315 1887 6179
1315 1889 2735
1887 1889 6461
433 1960 4377
433 2221 6354
753 1960 4599
753 2221 5311
906 1674 6706
1960 2220 5812
1960 2221 6543
2220 2221 6675
259 1950 3811
1950 2029 6611
256 1548 6363
256 1858 6262
289 1548 4909
289 1858 5838
1548 1858 6537
250 2295 6565
894 2306 6636
1478 2306 4700
296 1490 6666
302 1490 5218
191 2222 6674
1673 2222 6705
1674 2222 6702
1676 2222 6679
1677 2222 6463
1678 2222 6709
1679 2222 6496
1680 2222 6667
1681 2222 6664
1682 2222 6599
1684 2222 6710
1685 2222 5738
1686 2222 6708
587 588 5071
587 589 5870
587 590 4806
587 591 6410
587 592 3152
588 589 4335
588 590 4492
588 591 6521
588 592 2640
589 590 3919
590 591 6344
590 592 2304
591 592 6204
967 2289 6414
207 2296 5684
207 2297 5811
207 2298 5934
207 2299 6589
2296 2297 5974
2296 2298 6458
2296 2299 6630
2297 2298 6542
2297 2299 6425
2298 2299 6174
1691 2293 6683
213 1464 6642
1950 2288 6681
2029 2288 4739
1654 1779 6626
791 2367 6663
931 1782 6592
185 209 4172
185 954 4020
185 955 6217
185 2271 2901
209 2271 6297
210 2271 6106
954 2271 6358
955 2271 6420
459 1890 6470
9 39 5814
9 90 6546
39 61 6432
39 90 565
61 90 4541
954 988 5703
955 988 6169
955 1897 6394
988 1897 5414
594 599 1484
779 2229 6686
1592 2229 6669
258 2365 5948
2308 2365 6662
779 1107 4676
779 1191 6651
779 1849 6455
779 2230 6644
779 2232 6485
779 2233 6120
779 2234 5472
1107 1592 6322
1191 1592 6656
1191 1849 6698
1191 2229 6682
1191 2230 6661
1191 2232 6648
1191 2233 6692
1191 2234 6577
1458 1849 6511
1458 2233 6623
1592 1849 6188
1592 2230 5746
1592 2232 6544
1592 2233 5630
1592 2234 6475
1849 2229 6608
1849 2230 6556
1849 2232 6687
1849 2233 5344
1849 2234 6711
2229 2230 5708
2229 2232 6111
2229 2233 6676
2229 2234 4163
2230 2232 6003
2230 2233 6677
2230 2234 5263
2232 2233 6570
2232 2234 6672
2233 2234 6701
1849 2242 5936
1849 2243 6647
1851 2233 5722
1851 2242 5651
1851 2243 6442
2233 2242 5883
2233 2243 6617
2242 2243 6610
1117 2236 6269
1117 2237 6554
2236 2237 3780
207 1082 6696
1028 1926 6492
1028 2316 4633
1362 1926 4002
1362 2316 3991
1908 1926 6507
1908 2316 6575
1926 2316 5859
931 1781 6487
931 1784 5989
1781 1782 6327
1781 1783 6510
1781 1784 6653
1782 1783 6567
1782 1784 6646
1783 1784 5984
191 2215 6235
191 2216 6499
1674 2215 6576
1674 2216 6714
1677 2215 6317
1677 2216 6689
1682 2215 6523
1682 2216 6658
1684 2215 6699
1684 2216 6716
1686 2215 6693
1686 2216 6639
2215 2216 4347
1911 2137 6657
2212 2213 6330
2212 2214 4598
2213 2214 6566
142 1222 5490
142 2238 6641
142 2239 6670
142 2240 6064
142 2241 5652
1222 2238 5810
1222 2239 5133
1222 2240 4969
1222 2241 6319
2238 2239 6279
2238 2240 6490
2238 2241 6695
2239 2240 6673
2239 2241 6665
2240 2241 6203
779 2319 5285
1592 2319 6690
191 2223 6685
1673 2223 6486
1674 2223 6697
1676 2223 6712
1677 2223 5992
1678 2223 6704
1681 2223 6703
1682 2223 6713
1684 2223 6707
1685 2223 6591
1686 2223 6494
1600 2317 6629
2039 2317 4556
414 1793 4736
414 2225 6361
414 2226 5239
1793 2225 6550
1793 2226 5928
2225 2226 4431
2039 2055 6633
1421 1654 4536
1421 1778 6360
1554 1654 3708
1554 1778 6615
1654 1778 4100
296 2202 6559
302 2202 5938
1490 2202 6600
27 1785 5591
322 1785 4870
323 1785 6688
324 1785 6517
326 1785 2874
779 1811 4608
779 1996 5958
779 2231 6574
1592 1811 6581
1592 1996 6373
1592 2231 4120
2231 2234 6694
191 2218 6411
191 2219 6671
1673 2218 6700
1673 2219 6691
1674 2218 6631
1674 2219 6717
1678 2218 6595
1678 2219 6715
1684 2218 6525
1684 2219 6718
1686 2218 6618
1686 2219 6668
2218 2219 6645
