87 332 1383
993 994 630
213 609 95
213 995 145
609 995 123
190 767 874
692 891 827
692 992 1436
839 930 508
839 979 337
930 979 387
50 951 243
543 991 1313
15 783 415
15 839 327
15 930 292
15 979 296
783 839 190
783 930 224
783 979 212
457 693 808
543 999 1628
991 999 1557
286 632 1049
50 135 157
205 760 1389
692 791 1057
871 962 24
213 763 116
610 891 322
610 920 222
610 1002 191
891 920 181
891 1002 162
920 1002 146
11 938 59
11 939 21
938 939 11
692 888 1197
190 597 967
190 792 127
341 397 959
11 474 53
139 222 679
571 758 628
692 793 1280
692 870 1361
50 954 370
50 955 263
50 956 283
954 955 520
954 956 493
955 956 407
762 854 1871
762 855 1872
854 855 1874
647 794 1337
11 187 10
11 821 30
646 721 799
469 628 1005
164 165 1742
164 953 1738
50 950 251
791 888 732
791 891 410
888 891 846
165 420 1308
436 531 1695
436 840 1399
436 952 1364
531 840 1611
531 952 1543
840 952 1226
8 33 93
27 87 1511
251 742 1390
251 764 1317
742 764 1307
692 873 656
692 994 795
873 891 476
873 994 570
891 994 479
993 1103 867
50 247 487
87 1099 1310
175 238 659
175 803 286
238 803 1012
296 1008 254
332 1099 1224
341 657 1063
632 850 932
238 1102 1432
940 1000 890
238 998 1407
164 798 1856
164 799 1848
798 799 1873
474 646 670
536 557 1681
566 782 55
474 721 725
455 856 1724
21 598 196
205 723 1497
213 240 58
213 871 118
240 871 71
296 900 140
457 818 864
723 760 1632
341 428 650
377 721 280
474 612 442
794 800 797
121 851 1868
121 852 1862
121 853 1865
851 852 1882
851 853 1879
852 853 1880
411 445 355
792 848 241
52 598 389
190 963 627
598 1111 439
873 888 880
590 594 753
50 754 308
363 392 1213
377 386 136
21 232 416
338 474 543
338 612 606
47 695 518
286 676 646
692 1096 1376
873 1096 951
248 341 637
248 365 576
341 365 754
331 407 649
499 928 290
201 717 287
254 1080 1730
15 50 201
15 469 662
50 469 244
246 247 277
171 519 824
519 940 898
704 843 7
201 338 501
338 717 326
436 738 1788
341 441 848
428 441 761
8 872 60
446 737 1154
47 477 66
213 608 170
213 792 109
608 763 356
608 792 88
763 792 275
225 849 544
392 446 896
392 807 968
446 807 1145
553 632 535
653 713 1577
713 869 1563
394 646 996
30 430 1227
30 1097 994
52 189 510
331 1074 1437
828 996 89
403 484 1447
411 958 859
445 958 598
512 753 1321
919 997 1737
15 658 638
21 658 381
254 757 1311
531 738 1775
195 748 593
195 749 399
748 749 298
43 123 115
837 1098 90
880 881 772
880 882 987
880 982 934
881 882 768
881 982 759
882 982 955
455 734 1711
720 721 907
262 778 1626
262 779 1662
778 779 1746
254 692 1045
254 752 1579
692 752 1668
933 972 1008
933 973 1282
972 973 1285
254 740 1335
404 1077 763
834 1004 545
890 891 256
30 474 360
205 1079 1268
468 469 1013
11 84 13
350 735 1028
121 889 1823
754 755 365
933 971 940
291 341 938
11 30 131
30 759 1401
238 407 634
430 759 1340
911 1101 1850
785 933 1290
785 971 1091
838 839 580
838 930 639
113 212 1185
436 654 1529
531 654 1417
654 738 1651
940 1100 1255
441 747 905
240 968 98
240 970 43
968 970 86
969 970 113
159 525 714
159 745 1004
525 745 982
407 694 644
407 714 701
694 714 581
239 557 757
239 756 835
557 756 1304
175 668 449
27 332 1473
67 121 1540
254 1081 1699
1080 1081 1849
20 919 1495
159 322 1040
159 741 760
322 741 1079
322 745 1108
741 745 884
251 252 751
920 921 610
920 922 384
921 922 805
422 512 1348
43 941 171
43 1078 132
436 739 1648
531 739 1645
654 739 1467
738 739 1705
941 1078 141
313 804 1128
52 117 563
52 206 491
117 206 737
793 888 976
887 892 1544
892 894 1426
892 895 1483
892 896 1462
894 895 1236
894 896 1334
895 896 1373
475 482 111
704 923 8
331 332 1309
376 771 1800
376 772 1777
771 772 1831
238 736 1757
238 743 1644
736 743 1676
11 683 124
205 1071 1177
205 1072 1235
805 933 830
1071 1072 1068
873 894 1205
873 895 1127
873 896 1331
873 897 1134
894 897 1251
895 897 1259
896 897 1352
933 1048 829
971 1048 785
155 254 914
254 691 1487
254 742 1653
691 742 1358
341 548 1593
244 468 1779
566 770 50
746 770 238
770 782 52
190 780 844
455 733 1688
809 975 619
105 658 465
50 1073 195
173 698 1181
11 744 56
11 761 25
377 587 135
827 828 236
159 647 1294
159 659 1491
159 746 1010
647 659 1602
647 746 1066
659 746 1208
828 967 75
967 996 40
313 944 1092
43 213 153
43 763 174
43 837 105
213 837 208
213 1076 74
445 943 426
763 837 313
30 607 1187
430 607 1418
483 484 1163
783 784 108
805 945 841
933 945 1152
332 712 1192
231 232 764
231 946 445
232 946 496
750 751 1561
814 927 1094
175 553 226
212 1075 1270
543 971 186
811 972 730
407 947 734
714 947 715
445 678 459
43 359 128
470 500 1038
148 149 1778
175 786 185
553 786 309
455 512 1719
838 840 1061
838 841 780
839 840 1002
839 841 486
840 841 939
840 930 1011
841 930 525
461 814 1221
827 996 122
594 929 599
246 781 394
247 781 601
805 908 620
908 933 881
640 780 1536
933 1107 1107
254 1110 1685
259 263 1860
1081 1110 1851
113 705 758
212 918 1183
212 932 1323
468 628 1595
850 1092 421
338 569 1164
499 567 484
212 931 1223
164 420 1550
164 788 1765
164 789 1558
165 788 1752
165 789 1539
788 789 1702
574 726 1520
574 771 1433
726 771 1715
557 762 1791
557 966 1722
762 966 1833
376 831 1585
771 830 1723
771 831 1584
772 830 1761
772 831 1720
830 831 1548
171 877 600
519 877 548
503 504 930
503 833 1014
504 833 912
778 965 1587
212 326 1138
212 787 845
326 787 636
647 795 1148
341 583 1189
442 608 163
74 376 1457
74 771 1592
376 726 1762
726 772 1826
11 579 19
30 683 749
235 570 1489
235 571 894
262 723 1631
570 571 1279
609 774 270
1028 1069 1409
1028 1113 1360
1069 1113 1755
8 964 46
773 776 1158
773 777 1413
254 797 1471
455 727 1656
247 844 506
349 796 1377
340 562 1817
270 445 240
270 622 294
445 622 96
139 530 944
291 548 1506
171 661 424
172 611 1663
290 296 786
503 832 1029
503 834 965
503 835 836
504 832 941
504 834 892
504 835 727
832 833 943
832 834 1052
832 835 765
833 834 1105
833 835 733
834 835 910
377 578 158
21 499 262
21 928 188
567 928 395
50 483 507
247 1112 444
159 588 1233
588 659 1605
588 746 972
653 654 949
432 721 1131
432 722 1139
721 722 1287
553 668 425
8 477 22
15 500 422
581 719 1878
190 195 462
11 54 57
11 558 38
30 54 794
30 558 464
54 558 205
570 572 1371
571 572 1169
828 1108 306
828 1109 139
1108 1109 192
826 827 242
826 828 193
201 687 471
201 688 332
687 688 214
8 974 37
189 206 648
805 1085 832
933 1085 1247
446 457 1272
874 908 696
874 933 683
874 1048 635
908 1048 579
124 428 983
195 780 607
811 834 812
175 239 229
175 342 359
239 342 671
845 846 1356
254 322 1228
87 733 1525
37 171 533
455 478 1552
478 512 1488
653 728 1182
199 208 1733
486 548 1269
334 768 1835
334 769 1818
768 769 1854
948 1046 1301
52 116 492
52 544 368
116 206 831
116 544 807
123 766 1403
123 767 1427
766 767 1439
451 605 1750
451 878 1671
605 627 1614
605 878 1594
627 878 1660
350 562 1486
118 479 159
553 724 199
175 724 168
239 553 423
239 724 369
640 883 1766
640 1106 1785
792 837 167
883 1106 1758
16 660 1811
338 715 691
338 716 524
338 718 517
609 775 180
715 716 498
715 717 468
715 718 485
716 717 363
716 718 344
717 718 382
774 775 456
525 527 1442
525 829 1327
527 829 1485
132 646 1165
474 475 149
474 482 302
475 601 32
482 601 45
332 822 1305
805 874 351
232 809 911
171 210 663
210 519 320
262 652 1551
581 725 1877
581 726 1876
725 726 1834
50 1095 304
130 247 945
130 577 1286
247 577 868
678 1055 566
441 583 1173
88 471 1239
976 977 1090
976 978 1056
977 978 1112
407 599 608
456 690 1844
456 765 1808
690 765 1825
329 341 937
30 115 585
38 124 875
50 198 738
198 483 802
11 549 85
30 549 532
178 201 406
262 651 1445
525 526 1372
526 527 1508
651 652 1254
345 480 1180
594 649 583
148 218 1714
149 218 1684
212 454 455
326 454 252
15 677 540
171 589 675
190 552 562
195 552 339
195 597 621
818 819 629
341 1025 1156
52 543 716
52 545 390
52 546 213
116 543 920
116 545 882
116 546 488
543 544 1216
543 545 1198
543 546 840
544 545 740
544 546 400
545 546 474
8 836 80
573 574 1067
139 565 723
155 157 1174
512 586 1266
530 565 974
175 490 503
175 916 246
193 194 1328
199 560 1729
208 560 1786
254 689 1514
377 547 203
490 916 770
547 578 87
689 691 1532
689 692 1530
691 692 1586
948 987 1469
948 1005 1160
948 1006 1517
948 1007 1338
987 1005 1350
1006 1007 1505
225 234 810
225 561 529
234 561 852
11 387 36
11 389 48
159 655 1188
159 656 1217
387 389 640
588 655 1302
588 656 1291
590 649 397
655 656 1336
326 453 378
453 454 78
580 581 1881
611 913 1740
11 191 49
11 575 23
11 582 5
187 191 175
187 575 152
187 582 51
191 575 182
191 582 184
575 582 67
611 842 1666
212 555 1306
349 585 1570
242 407 573
451 1104 1527
605 1104 1623
194 270 516
194 354 904
270 354 632
340 665 1795
43 115 245
115 213 204
115 837 259
123 125 1410
548 777 1355
846 847 1237
50 675 379
175 499 577
239 499 556
948 1093 1166
8 510 6
190 816 909
57 60 869
57 313 1178
57 804 895
60 313 1073
60 804 826
171 462 483
204 242 1167
204 407 461
805 1014 575
810 811 858
254 690 1617
689 690 1686
690 692 1477
172 463 1283
195 816 494
299 459 1845
339 557 1357
349 812 1523
585 812 1601
519 817 291
813 814 1036
531 532 1241
139 357 870
210 211 376
211 1026 361
149 197 1634
162 226 1257
162 584 1055
190 551 814
195 551 655
226 584 1250
473 474 315
473 475 169
485 486 720
524 1055 674
551 552 873
828 874 143
1032 1033 1212
1032 1086 1171
1033 1086 1087
346 582 104
346 821 475
582 821 97
20 308 1246
414 566 110
20 320 855
814 823 1125
24 377 83
291 648 789
468 682 1727
826 1087 282
199 202 1419
94 95 1380
242 556 1123
171 464 514
432 528 849
291 790 815
648 790 766
304 307 774
304 499 537
881 948 913
881 1094 549
948 982 1031
948 1094 778
982 1094 633
67 568 1773
118 622 94
407 454 614
125 335 897
141 166 340
171 472 482
371 372 1466
371 461 1453
372 461 1556
15 476 373
50 476 250
811 1082 676
259 262 1726
259 465 1770
262 263 1803
262 465 1672
140 177 114
313 1012 1120
466 467 409
900 902 39
873 887 997
887 888 1058
805 1013 694
1013 1014 709
49 1032 1100
49 1033 1157
87 176 1484
153 460 1253
147 470 866
174 175 687
239 307 269
307 458 861
965 1083 1542
965 1084 1565
1083 1084 1521
101 200 919
192 925 1402
192 926 1452
279 457 307
445 491 293
474 481 301
475 481 160
481 482 227
925 926 1600
926 1070 1076
30 559 929
52 563 393
171 330 472
24 190 206
24 195 112
349 684 1599
585 684 1654
684 812 1619
12 445 536
166 167 271
166 168 333
166 169 350
166 301 317
167 168 221
167 169 367
167 301 183
168 169 504
168 301 278
169 301 430
212 554 1559
554 555 1490
646 875 1086
248 648 325
604 605 1481
69 242 1151
239 873 319
191 216 411
337 338 1137
337 569 1210
259 261 1843
261 262 1512
261 465 1650
11 576 15
67 224 1735
212 538 1341
212 539 1324
212 540 1434
212 541 1385
212 542 1411
538 539 1472
538 540 1560
538 541 1604
538 542 1398
539 540 1518
539 541 1499
539 542 1430
540 541 1583
540 542 1424
541 542 1429
11 140 2
11 427 3
140 427 27
45 67 1802
50 101 336
225 493 554
11 680 219
74 539 1129
74 831 1454
76 680 1179
539 771 1022
539 831 1035
124 225 1121
204 205 1113
213 533 82
250 594 717
291 385 750
24 311 148
195 311 267
195 529 489
311 529 558
347 457 1053
243 595 77
90 91 1248
90 188 1126
212 534 1474
212 535 1404
350 352 775
534 535 1382
595 900 18
1032 1035 1064
62 64 1330
62 235 1451
62 236 1207
64 235 1024
64 236 798
235 236 1215
8 650 31
373 1027 660
373 1028 699
1027 1028 781
41 190 513
41 195 264
41 311 405
124 1025 856
190 311 560
190 642 925
195 642 624
154 286 918
616 1047 1295
165 191 916
536 537 1657
250 493 681
493 594 584
12 491 530
11 681 9
342 343 777
446 447 1326
704 837 65
172 173 1159
172 174 1342
172 175 752
173 174 921
173 175 685
213 346 470
8 161 54
226 227 653
865 867 429
60 108 956
60 214 927
60 215 724
108 214 990
108 215 964
214 215 688
899 914 1867
899 915 1859
914 915 1870
11 409 102
30 409 962
50 1105 178
345 371 1300
345 372 1496
345 461 1464
35 248 349
20 321 853
320 321 261
339 667 891
339 668 838
427 602 129
603 604 1278
603 605 1519
667 668 888
183 184 1232
183 185 902
184 185 1194
202 203 1041
127 477 20
127 510 35
212 323 1115
212 324 935
212 325 928
228 685 151
323 324 876
323 325 837
323 326 963
324 325 567
324 326 547
325 326 553
477 510 16
151 196 1707
411 899 1596
358 654 1480
358 669 1692
358 670 1751
358 671 1677
358 672 1575
654 669 1397
654 670 1456
654 671 1379
654 672 1206
669 670 1701
669 671 1674
669 672 1568
670 671 1693
670 672 1576
671 672 1549
191 192 706
616 958 1428
958 1047 1400
220 221 1263
220 222 1369
221 222 1097
121 179 1842
180 190 915
180 195 541
814 917 950
11 177 26
11 893 1
140 893 12
177 893 47
928 1049 179
30 898 1463
430 898 1339
130 1050 1354
181 182 258
186 187 121
207 208 1767
247 1050 899
445 957 490
491 957 672
99 240 787
175 339 595
811 1089 642
811 1090 839
1089 1090 767
30 606 1218
238 239 605
253 254 1225
254 258 1421
254 591 1256
430 606 1465
606 607 1538
936 937 677
499 924 463
92 93 1095
92 95 1141
92 307 612
92 458 1030
92 516 1069
93 95 1298
93 307 791
93 458 1230
93 516 1231
95 307 1032
95 458 1431
95 516 1276
307 516 878
458 516 1240
350 351 811
351 352 559
228 229 172
228 230 147
229 230 142
592 593 1690
118 119 155
130 175 698
130 396 1384
130 599 1009
175 396 658
175 599 299
396 599 854
430 600 1513
820 928 165
25 42 565
160 187 268
160 237 413
187 233 233
249 250 403
171 255 402
259 260 1839
260 262 1741
35 228 401
35 648 440
228 648 217
290 814 1297
99 103 1018
38 39 1378
937 1003 704
937 1051 654
937 1052 578
1003 1051 1006
1003 1052 809
1051 1052 821
38 340 1103
141 144 669
347 348 986
347 349 1344
348 349 1359
49 1053 1096
140 227 225
177 227 235
218 219 1492
241 242 1292
365 859 1144
365 860 1044
859 860 1062
177 256 613
177 257 657
256 257 887
45 223 1828
67 223 1797
245 246 362
245 247 467
365 1054 1119
190 550 985
190 863 748
195 550 539
195 863 392
550 863 933
70 146 1161
70 439 1184
99 218 1408
146 439 971
307 495 680
30 884 1507
430 884 1349
259 333 1794
259 334 1798
261 333 1776
261 334 1763
262 333 1618
262 334 1564
333 334 1805
392 674 1093
805 1062 568
228 248 207
270 317 511
270 318 377
317 318 187
150 151 1347
38 77 1080
139 355 742
139 629 782
355 629 713
14 636 237
140 1019 119
144 166 311
212 663 1200
286 673 443
421 422 981
353 426 73
353 427 92
426 427 69
782 815 99
339 666 1048
666 667 1303
666 668 1088
909 911 1836
33 414 310
33 415 194
202 291 1315
414 415 231
250 347 645
250 348 661
250 349 818
349 620 1375
515 516 1316
499 885 521
471 523 936
257 365 705
678 679 589
704 879 14
40 227 572
2 873 703
2 886 451
2 888 477
873 886 731
886 888 522
67 299 1710
121 299 1837
137 735 1081
828 935 126
336 338 900
449 732 1607
175 934 176
83 84 230
3 319 1288
38 126 1229
327 328 1461
344 345 1142
1 630 989
1 631 1060
1 632 1176
1 633 1155
630 631 1054
630 632 1101
630 633 1201
631 632 1202
631 633 1258
632 633 1345
161 964 29
384 519 497
164 423 1704
164 424 1406
165 423 1731
165 424 1412
423 424 1531
124 959 1110
225 959 1021
948 972 1333
948 986 1204
972 986 1449
9 30 641
9 54 515
9 293 512
9 408 448
9 409 480
9 410 428
9 635 330
30 293 1025
30 408 872
30 410 960
30 635 842
54 293 678
54 408 509
54 409 502
54 410 692
54 635 531
89 416 1329
89 417 1262
90 392 977
90 521 1244
293 408 542
293 409 557
293 410 860
293 635 626
308 518 1588
392 521 961
408 409 478
408 410 447
408 635 346
409 410 433
409 635 371
410 635 1132
416 417 1500
605 625 1700
605 626 1661
625 626 1759
625 627 1772
626 627 1717
380 381 616
592 634 1414
593 634 1597
35 98 248
89 500 1016
750 846 1493
750 858 1721
750 904 1566
750 980 1640
750 988 1659
750 989 1603
750 990 1696
751 846 1478
751 858 1712
751 904 1515
751 980 1582
751 988 1624
751 989 1554
751 990 1670
846 858 1633
846 904 1415
846 980 1572
846 988 1555
846 989 1516
846 990 1621
858 904 1678
858 980 1756
858 988 1774
858 989 1732
858 990 1796
904 980 1581
904 988 1608
904 989 1567
904 990 1673
980 988 1669
980 989 1641
980 990 1709
988 989 1664
988 990 1749
989 990 1691
99 100 1190
3 34 1104
40 249 427
49 1036 1026
164 418 1753
164 419 1764
387 388 652
388 389 739
418 419 1744
418 420 1444
419 420 1460
981 982 804
1032 1036 1020
13 50 197
64 404 1001
64 405 1059
331 906 1627
404 405 893
406 407 690
9 11 63
11 408 79
76 1016 1813
76 1017 1771
76 1018 1780
1016 1017 1863
1016 1018 1869
1017 1018 1864
8 412 42
8 413 28
40 425 756
412 413 62
38 1015 1083
132 961 1277
232 664 386
304 305 665
341 384 980
24 522 130
145 146 1065
145 439 1322
145 508 1284
146 508 923
194 268 834
268 270 788
439 508 1023
620 623 1504
620 653 1261
623 653 1318
441 662 1118
50 85 234
181 498 458
237 1023 364
511 512 1422
416 500 1319
12 958 1242
20 28 1381
20 78 1545
28 78 1708
177 395 161
305 307 586
30 266 744
30 429 711
30 960 689
266 429 1084
266 960 1075
429 960 988
62 63 1440
62 356 1578
63 64 1122
63 356 1363
64 356 1289
90 414 722
192 517 1034
246 438 323
247 438 414
30 31 1346
31 600 1391
445 1091 354
75 76 1725
246 513 417
246 514 469
513 514 769
150 414 460
30 505 979
38 637 1420
39 637 1450
349 564 1689
349 619 1553
564 619 1683
564 620 1760
619 620 1590
114 115 273
50 272 255
95 494 1387
37 506 1077
37 507 1117
506 507 1027
41 519 618
14 936 352
14 937 318
153 154 1162
153 520 851
154 520 942
60 382 953
108 382 975
214 382 710
341 621 1043
149 487 1675
99 145 1296
99 146 1150
175 400 450
385 509 1130
184 492 1199
874 1088 166
33 36 125
12 296 574
147 497 973
118 170 156
217 735 1133
184 686 1015
239 400 611
750 1040 1639
750 1041 1658
750 1042 1687
846 857 1637
846 1040 1562
846 1041 1638
846 1042 1606
857 858 1745
858 1040 1768
858 1041 1783
858 1042 1782
904 1040 1571
904 1041 1613
904 1042 1610
980 1040 1642
980 1041 1652
980 1042 1679
988 1040 1665
988 1041 1682
988 1042 1706
990 1040 1698
990 1041 1739
990 1042 1736
1040 1041 1635
1040 1042 1643
1041 1042 1647
92 94 1170
93 94 1351
811 976 793
811 978 828
189 309 779
99 467 1271
99 700 999
467 700 500
37 315 1149
37 501 1135
315 501 1051
106 639 978
109 488 957
341 496 1085
489 490 700
5 750 1370
5 751 1393
5 846 1458
5 858 1573
5 904 1275
5 980 1459
5 988 1494
5 989 1522
5 990 1537
5 1040 1479
5 1041 1533
5 1042 1546
12 302 590
12 444 969
296 302 481
444 445 452
751 1040 1591
751 1041 1629
751 1042 1636
989 1040 1615
989 1041 1655
989 1042 1649
502 503 1050
502 504 966
76 360 1622
175 391 260
175 462 210
391 462 342
391 934 602
462 934 272
206 309 728
103 641 1314
12 80 1620
96 97 1781
328 613 1353
328 614 1416
613 614 1509
443 602 312
443 615 137
602 615 211
211 437 438
862 1038 1510
862 1039 1441
1038 1039 1193
60 106 924
106 108 947
95 390 1395
25 26 1106
25 27 1220
26 27 1109
8 104 72
8 320 133
19 20 1203
184 624 984
65 595 107
11 55 41
30 55 473
54 55 200
270 876 604
270 1011 746
876 1011 948
58 106 1072
163 164 1743
60 107 879
107 108 1019
120 121 1807
42 401 285
16 67 1806
16 17 1793
9 10 84
10 11 61
247 440 505
49 50 995
806 1043 1625
806 1044 1526
806 1045 1501
1043 1044 1718
1043 1045 1754
1044 1045 1616
169 249 295
86 87 1425
50 182 372
446 617 1475
446 643 1273
446 644 1078
617 643 1535
617 644 1455
643 644 1396
362 363 1541
13 14 173
13 15 154
14 15 232
14 50 265
49 696 773
372 567 1470
30 697 833
111 112 741
11 53 44
30 53 528
53 54 257
139 285 796
209 285 917
8 102 138
106 107 1140
49 1031 1214
1031 1032 1111
417 703 1175
102 320 239
122 124 697
861 862 1612
60 1037 857
108 1037 822
109 110 719
38 96 1249
39 96 1646
52 942 353
116 942 519
593 909 1824
593 911 1858
634 909 1748
634 911 1790
129 130 1574
58 59 1143
58 60 871
59 60 1074
18 62 1598
89 139 843
20 56 1438
60 639 803
108 639 877
6 8 76
155 156 1211
155 158 1443
155 159 1503
156 157 1168
156 158 1325
156 159 1219
157 158 1234
157 159 1153
158 159 1366
328 428 1017
131 645 1388
131 646 1320
645 646 1299
40 638 863
194 864 1312
194 866 1374
194 867 1124
194 868 1267
864 866 1482
864 868 1343
866 868 1405
50 264 526
29 30 1046
29 31 1435
29 32 1365
30 32 889
31 32 1386
184 861 1524
184 862 1367
134 135 198
134 136 202
135 136 164
627 701 1713
627 702 1728
701 702 1528
68 69 817
50 1030 347
446 912 1186
617 912 1394
73 74 1392
133 134 329
133 135 316
133 136 338
84 152 120
84 293 134
84 1001 288
152 293 324
152 1001 551
293 1001 561
128 129 1784
128 130 1769
79 80 1840
44 67 1734
19 56 1609
96 824 1703
96 905 1697
824 905 1792
81 140 100
40 184 998
40 686 800
53 55 247
225 435 712
141 142 862
141 143 952
142 143 1195
142 144 819
143 144 865
360 449 1476
360 731 1502
449 731 1332
62 414 335
138 139 718
81 82 81
82 140 144
40 275 847
19 28 1498
22 23 408
22 24 341
23 24 266
2 3 495
2 4 609
2 5 647
3 4 883
3 5 1071
4 5 954
596 881 466
46 47 792
117 598 631
117 699 441
117 707 707
117 708 745
117 709 523
117 710 457
598 699 419
598 707 667
598 708 587
598 709 499
598 710 366
699 707 615
699 708 622
699 709 436
699 710 314
707 708 903
707 709 729
707 710 588
708 709 684
708 710 603
709 710 435
50 1029 218
6 7 117
7 8 64
15 379 555
15 380 643
379 380 564
61 62 1569
40 42 249
48 50 334
51 52 434
331 907 1580
633 711 931
906 907 1099
16 45 1857
194 269 901
268 269 908
269 270 823
28 308 1448
618 807 1281
618 808 1265
807 808 1293
571 806 1191
187 284 103
65 66 328
237 1034 664
1023 1034 343
15 71 886
15 72 970
71 72 1136
277 278 591
277 279 297
277 280 762
278 279 220
278 280 569
279 280 216
88 89 1423
321 364 374
40 273 686
273 275 885
97 824 1815
97 905 1830
110 239 388
110 304 534
110 305 453
110 306 693
110 307 321
239 304 682
239 305 281
239 306 446
304 306 922
305 306 790
306 307 783
15 706 726
71 706 1033
72 706 1102
80 299 1852
80 402 1838
299 402 1855
38 111 1042
39 111 1116
259 901 1814
40 369 993
155 282 1252
155 283 1274
156 282 1264
156 283 1146
157 282 1238
157 283 1147
184 369 1047
282 283 1172
369 686 1070
118 370 150
782 903 17
19 312 1694
19 313 1468
312 313 1589
154 285 1000
285 286 806
194 267 1003
267 270 816
399 400 736
155 281 1446
233 378 284
281 283 1196
273 274 784
274 275 926
571 1044 1243
571 1056 1082
806 1056 1222
1044 1056 1368
52 271 617
116 271 708
146 264 432
146 265 289
264 265 412
38 825 1007
146 276 274
264 276 385
265 276 177
909 910 1832
910 911 1866
67 120 1680
280 801 396
280 802 279
801 802 253
449 450 1716
449 451 1547
450 451 1787
246 729 357
246 730 228
247 729 596
247 730 420
729 730 594
60 383 825
108 383 992
382 383 755
1023 1024 305
1023 1067 209
1024 1067 300
30 434 1098
184 949 1089
12 1063 776
12 1064 538
296 1063 673
296 1064 391
1063 1064 597
130 909 1630
130 910 1809
130 911 1819
130 985 1804
909 985 1853
910 985 1861
911 985 1875
571 1059 958
298 299 1812
361 362 1789
361 363 1534
126 1068 1114
236 431 1039
140 300 68
967 983 33
967 984 34
983 984 4
13 373 431
13 374 276
13 375 375
373 374 721
373 375 946
374 375 743
20 366 1209
239 303 418
303 304 735
303 305 623
303 306 906
303 307 801
16 368 1816
45 368 1821
20 314 1362
815 1066 380
1020 1021 702
1020 1022 771
1020 1023 303
1020 1024 550
1021 1022 850
1021 1023 345
1021 1024 625
1022 1023 398
1022 1024 666
120 452 1822
84 292 101
84 367 215
811 1065 571
84 294 91
292 293 348
292 294 189
293 294 331
12 295 747
295 296 437
42 395 106
999 1009 1841
999 1010 1820
1009 1010 1846
202 448 1260
321 433 358
11 393 70
30 393 546
194 316 1037
270 316 695
302 398 651
124 297 592
50 310 223
80 120 1810
120 402 1847
571 1057 813
571 1058 820
571 1060 668
1057 1058 527
1057 1059 582
1057 1060 404
1058 1059 552
1058 1060 383
1059 1060 454
16 289 1801
571 1061 991
806 1061 1245
28 287 1747
28 288 1667
78 287 1827
78 288 1799
287 288 1829
