5 155 25
109 131 84
109 142 41
122 138 122
109 152 28
109 146 24
5 99 69
131 138 47
109 139 56
109 110 60
110 139 30
68 109 91
68 131 79
68 140 136
109 140 61
131 140 32
5 100 52
36 106 206
41 42 175
94 122 191
137 138 68
5 54 7
138 141 103
20 124 12
69 124 133
122 132 184
5 154 70
128 138 164
109 117 59
110 117 21
16 20 33
14 62 171
16 17 4
17 20 16
1 24 147
5 72 102
128 129 179
41 130 178
45 108 13
45 109 27
108 109 38
61 114 197
5 111 49
41 150 148
20 43 10
20 46 5
61 62 196
62 114 174
108 112 46
40 41 157
40 42 151
44 45 40
44 109 50
44 148 62
45 148 9
109 148 39
36 72 193
72 113 186
5 104 36
109 134 101
117 134 81
20 44 64
20 45 18
44 48 94
44 49 80
48 49 48
24 25 35
6 85 34
20 118 6
8 85 17
20 65 43
44 65 114
45 65 78
5 70 74
63 64 22
5 37 76
37 154 124
66 67 216
91 99 142
38 44 126
9 115 107
9 126 88
9 153 110
115 126 53
115 153 55
126 153 37
6 63 71
6 64 66
6 68 127
63 68 106
64 68 97
47 65 45
5 86 73
5 87 149
11 39 182
11 88 150
34 44 116
39 88 177
55 65 85
86 87 176
61 107 203
41 125 154
24 29 118
25 115 26
25 116 67
115 116 115
5 27 19
38 83 125
38 88 121
38 96 100
83 88 139
83 96 130
88 96 140
6 7 63
6 8 23
7 8 8
59 60 20
24 101 108
25 101 72
41 127 165
9 105 104
14 102 109
14 103 89
102 103 93
24 99 87
19 65 152
34 89 83
44 89 95
5 61 172
38 95 135
95 96 145
7 85 15
9 10 113
60 156 2
11 135 153
19 93 218
19 94 205
93 94 226
97 98 57
1 2 166
13 34 143
28 29 221
28 30 228
29 30 215
13 44 128
22 44 134
5 26 156
9 11 138
9 32 137
9 33 146
11 32 159
11 33 158
32 33 167
26 61 190
22 31 194
41 136 160
85 123 3
21 22 198
34 38 120
66 120 224
66 121 225
66 122 207
120 121 220
120 122 201
121 122 208
22 119 214
24 147 98
14 82 132
17 18 1
13 98 82
12 13 77
13 35 117
34 35 99
41 65 141
65 127 105
29 149 217
30 149 227
3 4 14
3 5 31
4 5 54
34 85 44
6 23 119
7 23 90
41 144 169
20 71 11
59 135 131
109 133 111
117 133 92
50 51 199
65 78 51
52 54 123
52 53 180
53 54 129
81 82 144
24 56 96
62 75 173
62 76 161
62 77 162
75 76 170
75 77 168
76 77 163
41 51 181
41 79 183
41 145 187
51 79 219
51 145 223
79 145 222
29 90 210
29 91 188
90 91 200
72 73 189
72 143 204
73 143 212
39 80 211
72 74 209
73 74 213
6 57 86
7 57 58
8 57 29
52 157 202
52 158 192
157 158 195
62 92 155
24 84 75
15 55 65
65 85 42
52 58 185
9 151 112
