1 2 29
1 3 248
1 4 283
1 5 176
1 6 318
1 7 189
1 8 184
1 9 174
1 10 85
1 11 45
1 12 199
1 13 200
1 14 236
1 15 144
1 16 16
1 17 26
1 18 266
1 19 137
1 20 253
1 21 292
1 22 148
1 23 217
1 24 80
1 25 232
1 26 79
1 27 32
1 28 392
1 29 152
1 30 67
1 31 260
1 32 225
1 33 86
1 34 55
1 35 1103
1 36 630
1 37 748
1 38 458
1 39 474
1 40 434
1 41 467
1 42 846
1 43 464
1 44 1278
1 45 655
1 46 529
1 47 369
1 48 1181
1 49 1414
1 50 379
1 51 550
1 52 1028
1 53 855
1 55 1353
1 56 545
1 57 800
1 58 1047
1 60 160
1 61 1004
1 62 798
1 63 1179
1 64 1055
1 65 926
1 66 1285
1 67 416
1 68 424
1 69 285
1 70 400
1 71 403
1 72 1048
1 73 437
1 74 1300
1 75 1027
1 76 268
1 77 1283
1 78 356
1 79 307
1 80 677
1 81 2101
1 82 2531
1 83 883
1 84 608
1 85 454
1 86 1669
1 87 556
1 88 795
1 89 646
1 90 241
1 91 719
1 92 2909
1 93 1653
1 94 459
1 95 891
1 96 2682
1 97 656
1 98 567
1 99 691
1 100 2316
1 101 1335
1 102 858
1 103 341
1 104 411
1 105 477
1 106 1534
1 107 1121
1 108 861
1 109 446
1 110 1078
1 111 2368
1 112 2404
1 113 710
1 114 665
1 115 703
1 116 831
1 117 785
1 118 499
1 119 1694
1 120 2870
1 121 2885
1 122 1022
1 123 562
1 124 2769
1 125 216
1 126 784
1 127 701
1 128 806
1 129 863
1 131 1039
1 134 1565
1 135 815
1 136 1149
1 137 553
1 138 1051
1 139 328
1 140 768
1 141 604
1 142 664
1 143 684
1 144 902
1 145 915
1 146 220
1 147 1100
1 149 450
1 150 1410
1 151 822
1 152 2139
1 153 792
1 154 803
1 155 1005
1 157 1354
1 158 1729
1 159 1086
1 160 2503
1 161 1160
1 162 860
1 163 908
1 164 552
1 165 793
1 166 764
1 167 1232
1 168 987
1 169 605
1 170 814
1 171 1343
1 172 676
1 173 594
1 174 370
1 175 1001
1 177 1088
1 178 1830
1 179 983
1 180 1077
1 181 1751
1 183 1101
1 187 1329
2 3 264
2 4 242
2 5 167
2 6 272
2 7 164
2 8 134
2 9 116
2 10 51
2 11 19
2 12 77
2 13 108
2 14 182
2 15 81
2 16 25
2 17 30
2 18 204
2 19 102
2 20 303
2 21 257
2 22 94
2 23 159
2 24 38
2 25 188
2 26 42
2 27 35
2 28 280
2 29 87
2 30 24
2 31 226
2 32 93
2 33 61
2 34 58
2 35 851
2 36 558
2 37 641
2 38 479
2 39 441
2 40 430
2 41 419
2 42 723
2 43 456
2 44 1106
2 45 596
2 46 523
2 47 323
2 48 892
2 49 1125
2 50 336
2 51 522
2 52 362
2 53 559
2 55 536
2 56 518
2 57 373
2 58 734
2 60 140
2 61 759
2 62 485
2 63 907
2 64 816
2 65 796
2 66 1122
2 67 410
2 68 348
2 69 289
2 70 386
2 71 346
2 72 468
2 73 365
2 74 391
2 75 916
2 76 271
2 77 1079
2 78 364
2 79 347
2 80 476
2 81 1096
2 82 2043
2 83 537
2 84 317
2 85 311
2 86 818
2 87 247
2 88 394
2 89 694
2 90 229
2 91 463
2 92 1871
2 93 635
2 94 321
2 95 547
2 96 1701
2 97 475
2 98 482
2 99 281
2 100 1271
2 101 1180
2 102 409
2 103 238
2 104 487
2 105 185
2 106 504
2 107 516
2 108 781
2 109 335
2 110 628
2 111 1773
2 113 642
2 114 486
2 115 644
2 116 465
2 117 743
2 118 452
2 119 623
2 120 2227
2 121 2079
2 122 496
2 123 329
2 124 1954
2 125 213
2 126 591
2 127 345
2 128 378
2 129 483
2 130 770
2 131 515
2 133 493
2 134 1218
2 135 511
2 136 587
2 137 274
2 138 871
2 139 408
2 140 767
2 141 566
2 142 312
2 143 300
2 144 466
2 145 571
2 146 219
2 147 445
2 148 332
2 149 267
2 150 651
2 151 298
2 152 1041
2 153 287
2 154 615
2 155 592
2 156 319
2 157 867
2 158 1282
2 159 948
2 160 1521
2 161 866
2 162 491
2 163 565
2 164 546
2 165 574
2 166 622
2 167 970
2 168 451
2 169 683
2 170 679
2 171 1043
2 172 648
2 173 539
2 174 433
2 175 805
2 177 906
2 178 786
2 179 901
2 180 617
2 181 946
2 183 532
2 187 1155
3 4 1595
3 5 685
3 6 2210
3 7 2479
3 8 2886
3 9 1743
3 11 873
3 12 448
3 13 958
3 14 377
3 15 1115
3 16 133
3 18 514
3 20 1518
3 22 286
3 23 333
3 24 173
3 26 256
3 28 269
3 29 249
3 30 235
3 31 576
3 33 106
3 35 2789
3 36 1598
3 37 1156
3 38 1507
3 39 1762
3 40 2761
3 41 1087
3 42 1452
3 43 1503
3 44 2569
3 45 1070
3 46 1190
3 47 1336
3 48 2372
3 49 2624
3 51 1210
3 56 2525
3 57 3166
3 60 2298
3 61 1946
3 62 3178
3 63 2610
3 65 2689
3 66 2289
3 67 3136
3 68 3131
3 69 2914
3 70 2535
3 71 3162
3 75 1333
3 76 1554
3 77 2351
3 78 1008
3 79 3015
3 87 2662
3 93 2649
3 99 2948
3 118 2547
3 129 3242
3 133 3174
3 134 2589
3 138 2864
3 140 2510
3 154 1520
3 156 2225
3 157 2049
3 158 2260
3 159 1510
3 161 2737
3 167 2666
3 170 2810
3 171 2328
3 172 2734
3 174 2814
3 175 1375
3 177 1690
3 179 1144
3 187 2322
4 5 1686
4 6 2455
4 7 1509
4 8 2499
4 9 1290
4 11 1393
4 12 418
4 20 1045
4 21 696
4 22 367
4 23 420
4 24 304
4 26 739
4 27 320
4 28 259
4 29 423
4 30 339
4 31 517
4 32 150
4 33 139
4 34 262
4 35 2532
4 36 1462
4 37 1483
4 38 1806
4 39 1803
4 40 2896
4 41 976
4 42 1555
4 43 1400
4 44 2572
4 45 1295
4 46 1611
4 47 1120
4 48 2280
4 49 2530
4 50 2859
4 51 1358
4 52 2958
4 55 3210
4 56 2323
4 60 2332
4 61 1936
4 62 3197
4 63 2198
4 65 2282
4 66 2399
4 68 3065
4 69 2321
4 70 2522
4 71 3119
4 75 1716
4 76 1132
4 77 2205
4 78 904
4 79 2767
4 80 1685
4 82 2808
4 86 3212
4 88 1532
4 95 3184
4 99 2820
4 118 2548
4 128 3035
4 129 3207
4 130 2390
4 134 2295
4 136 3179
4 137 2828
4 138 2691
4 139 2765
4 143 2599
4 144 3171
4 146 2618
4 153 2394
4 154 1392
4 158 2118
4 159 1766
4 167 2226
4 170 2696
4 171 2156
4 172 2752
4 174 2774
4 175 1628
4 177 1797
4 179 1546
5 6 1378
5 7 2199
5 8 1652
5 9 1989
5 11 2573
5 12 230
5 13 928
5 15 123
5 16 84
5 18 314
5 20 652
5 22 252
5 23 313
5 24 118
5 27 449
5 28 203
5 29 221
5 30 194
5 33 125
5 35 2142
5 36 1603
5 37 1007
5 38 1405
5 39 1304
5 40 2470
5 41 938
5 42 1243
5 43 1126
5 44 1848
5 45 969
5 46 1382
5 47 1129
5 48 1403
5 49 1517
5 51 1000
5 61 1173
5 63 1670
5 65 1888
5 75 775
5 76 1276
5 77 1379
5 78 812
5 128 2931
5 134 1870
5 138 1750
5 140 1363
5 143 2809
5 154 1034
5 157 1307
5 158 1473
5 159 1150
5 161 1600
5 167 2243
5 170 1737
5 171 1656
5 174 2360
5 175 1189
5 177 1038
5 179 1094
6 7 2299
6 8 2093
6 9 1571
6 10 769
6 11 1557
6 12 484
6 13 1637
6 14 826
6 15 1550
6 16 187
6 17 1104
6 18 808
6 19 620
6 20 2576
6 21 2140
6 22 309
6 23 519
6 24 360
6 25 618
6 26 472
6 27 351
6 28 415
6 29 500
6 30 294
6 31 745
6 32 354
6 33 202
6 34 299
6 35 2539
6 36 2416
6 37 2644
6 38 2242
6 39 2320
6 40 1607
6 41 1798
6 42 2465
6 43 2111
6 44 2759
6 45 2252
6 46 1925
6 47 1917
6 48 2550
6 49 2722
6 50 1863
6 51 1964
6 52 2801
6 57 3070
6 60 1424
6 61 2740
6 62 3062
6 63 2527
6 65 1817
6 66 2562
6 68 3095
6 69 2143
6 70 2133
6 71 3069
6 75 2496
6 76 1538
6 77 2754
6 78 1677
6 79 2009
6 81 2658
6 87 2698
6 90 2221
6 95 3163
6 97 3106
6 98 3110
6 106 2990
6 118 1498
6 122 3134
6 125 2132
6 127 3145
6 128 2993
6 129 3200
6 134 2913
6 135 2436
6 136 3190
6 137 2912
6 138 2575
6 139 1885
6 140 1631
6 141 1896
6 146 2022
6 154 2123
6 157 2580
6 158 2917
6 159 2292
6 161 2493
6 162 3096
6 164 1826
6 167 2738
6 170 2652
6 171 2903
6 172 1717
6 174 1470
6 175 2172
6 177 2545
6 179 2528
7 8 2816
7 9 945
7 10 658
7 11 2303
7 12 865
7 13 1725
7 14 1516
7 15 681
7 16 113
7 17 1037
7 18 602
7 20 2941
7 22 462
7 23 638
7 24 284
7 25 338
7 26 824
7 27 670
7 28 371
7 29 606
7 30 181
7 31 689
7 33 128
7 35 2452
7 36 1721
7 37 1525
7 38 1741
7 39 1776
7 40 2483
7 41 911
7 42 1599
7 43 1442
7 44 2302
7 45 1639
7 46 1484
7 47 1021
7 48 2297
7 49 2703
7 50 1823
7 51 924
7 52 2035
7 60 2039
7 61 1865
7 62 2969
7 63 1864
7 66 2438
7 67 3075
7 69 2873
7 71 3143
7 75 1219
7 76 823
7 77 2032
7 78 835
7 79 2571
7 95 3109
7 98 3021
7 101 1682
7 115 1659
7 116 397
7 118 2037
7 122 2924
7 134 2066
7 136 3188
7 138 2839
7 139 2410
7 140 2318
7 154 1508
7 157 1562
7 158 2157
7 159 1845
7 161 2196
7 162 3056
7 167 2594
7 170 2228
7 171 2578
7 172 2511
7 174 2617
7 175 1471
7 177 1627
7 179 2057
8 9 2521
8 10 1417
8 11 1019
8 12 1407
8 13 1361
8 14 533
8 15 716
8 16 228
8 17 526
8 18 972
8 19 508
8 20 3121
8 21 2882
8 22 497
8 23 1453
8 24 291
8 25 1119
8 26 557
8 27 612
8 28 619
8 29 1194
8 30 288
8 31 1540
8 32 582
8 33 349
8 34 427
8 35 1435
8 36 1747
8 37 1711
8 38 1570
8 39 1537
8 40 888
8 41 1084
8 42 1649
8 43 1191
8 44 1720
8 45 1274
8 46 1433
8 47 1151
8 48 1633
8 49 1792
8 50 687
8 51 1146
8 52 1443
8 57 2695
8 61 1316
8 62 2874
8 63 1267
8 65 1209
8 66 1884
8 75 1217
8 76 762
8 77 2025
8 78 1031
8 79 1308
8 84 1288
8 90 1097
8 91 2692
8 93 3125
8 94 1377
8 95 2574
8 98 2359
8 99 2255
8 101 3053
8 105 1340
8 117 2315
8 118 741
8 119 2782
8 122 2646
8 127 2595
8 131 2723
8 133 3100
8 134 2006
8 137 2513
8 138 1703
8 139 1029
8 140 1174
8 141 1018
8 143 2131
8 144 2543
8 146 1728
8 154 1203
8 156 887
8 157 1579
8 158 2085
8 159 1460
8 161 1488
8 164 975
8 167 2800
8 170 996
8 171 2353
8 172 944
8 174 674
8 175 1158
8 177 1385
8 179 1302
8 180 1723
8 181 947
9 10 1495
9 11 1912
9 12 1349
9 13 1698
9 14 1755
9 15 1613
9 16 73
9 17 790
9 18 308
9 19 282
9 20 2391
9 21 1814
9 22 366
9 23 206
9 24 147
9 25 440
9 26 455
9 27 668
9 28 212
9 29 192
9 30 82
9 31 663
9 33 119
9 34 296
9 35 2755
9 36 2152
9 37 2229
9 38 2341
9 39 2241
9 40 2389
9 41 1542
9 42 2407
9 43 1983
9 44 2907
9 45 2162
9 46 1700
9 47 1389
9 48 2385
9 49 2502
9 50 1478
9 51 1615
9 57 3091
9 61 1968
9 62 3010
9 63 2687
9 66 2830
9 75 2319
9 76 1356
9 77 2596
9 78 1133
9 84 561
9 85 564
9 86 3211
9 91 974
9 94 305
9 95 3208
9 97 2842
9 98 2747
9 108 2121
9 116 501
9 117 2125
9 118 2587
9 119 2476
9 122 3157
9 123 621
9 125 1768
9 127 3090
9 129 3126
9 131 661
9 133 3222
9 134 2482
9 136 2947
9 139 2768
9 140 2288
9 141 2813
9 144 2654
9 148 589
9 151 2264
9 152 2977
9 154 2020
9 156 2266
9 157 2044
9 158 2772
9 159 2468
9 161 2702
9 164 2968
9 167 2982
9 170 2171
9 171 2629
9 174 2612
9 175 2074
9 177 2346
9 179 2384
10 11 757
10 12 210
10 13 631
10 14 760
10 15 613
10 16 5
10 17 667
10 22 39
10 24 2
10 25 21
10 26 773
10 27 406
10 29 162
10 36 1841
10 37 1137
10 38 1819
10 39 1851
10 41 1402
10 42 1606
10 43 1661
10 45 1612
10 46 1296
10 47 1748
10 48 1566
10 49 1492
10 51 1601
10 61 1292
10 70 1915
10 76 2277
10 77 1531
10 78 1482
10 106 3226
10 134 2329
10 136 3176
10 138 1932
10 143 3007
10 144 3245
10 154 1265
10 157 1996
10 158 1713
10 159 1318
10 162 3172
10 167 2287
10 170 1783
10 171 1749
10 175 1497
10 177 1236
10 179 899
10 183 1447
11 12 270
11 13 766
11 14 1859
11 15 554
11 16 59
11 17 1240
11 22 193
11 24 97
11 26 880
11 27 570
11 35 1536
11 36 1286
11 37 690
11 38 1138
11 39 852
11 41 955
11 43 1076
11 44 1312
11 45 755
11 46 884
11 47 988
11 51 736
11 75 543
11 76 897
11 77 660
11 78 771
11 85 2248
11 86 2563
11 89 2561
11 94 2540
11 100 2517
11 101 1306
11 106 2447
11 119 2979
11 122 2952
11 131 2757
11 133 3133
11 134 1426
11 137 3040
11 140 712
11 143 1767
11 144 3001
11 154 568
11 156 2116
11 157 856
11 158 1065
11 159 737
11 162 2906
11 167 1319
11 170 1117
11 171 917
11 175 763
11 177 750
11 179 984
11 181 2355
11 187 1206
12 13 331
12 14 444
12 15 502
12 16 54
12 17 245
12 22 105
12 23 161
12 24 12
12 25 92
12 26 207
12 27 211
12 29 190
12 30 146
12 31 385
12 33 66
12 34 197
12 36 1006
12 37 686
12 38 872
12 39 1163
12 41 838
12 42 1311
12 43 869
12 45 747
12 46 783
12 47 802
12 51 706
12 66 1207
12 75 1033
12 76 828
12 77 1058
12 78 624
12 86 3103
12 87 1904
12 88 794
12 93 2281
12 97 2453
12 117 1588
12 122 2616
12 133 3130
12 134 1804
12 139 1432
12 140 859
12 147 2062
12 148 935
12 154 740
12 156 1010
12 157 973
12 158 1012
12 159 999
12 161 1224
12 162 2506
12 167 1785
12 170 1275
12 171 1067
12 175 817
12 177 936
12 179 1098
13 14 1052
13 15 1223
13 16 33
13 17 910
13 18 580
13 19 344
13 22 215
13 23 337
13 24 68
13 25 322
13 26 700
13 27 342
13 29 172
13 33 165
13 34 310
13 36 1702
13 37 1315
13 38 1875
13 39 1580
13 41 1351
13 42 1745
13 43 1642
13 44 1591
13 45 1551
13 46 1347
13 47 953
13 51 1575
13 61 1573
13 63 2395
13 65 1409
13 66 1722
13 68 3159
13 69 2366
13 75 1630
13 76 1519
13 77 1233
13 78 844
13 91 1787
13 117 2601
13 134 2377
13 148 2305
13 154 1131
13 157 1365
13 158 2249
13 159 1445
13 161 2181
13 164 2490
13 167 1970
13 171 1704
13 172 2900
13 175 1143
13 177 1667
13 179 1604
14 17 384
14 22 104
14 24 6
14 26 405
14 27 350
14 33 135
14 36 2538
14 37 1789
14 38 2166
14 39 2164
14 41 2179
14 42 2472
14 43 2425
14 45 1984
14 46 2081
14 47 2193
14 48 2364
14 51 1882
14 61 2307
14 63 2741
14 67 3073
14 68 3219
14 75 1835
14 76 2432
14 78 1746
14 95 3248
14 98 3144
14 106 3186
14 116 2036
14 129 3249
14 134 2890
14 138 2856
14 144 3237
14 154 2200
14 157 2518
14 159 2400
14 171 2375
14 172 2916
14 174 2815
14 175 2192
14 177 2449
14 179 2401
15 22 98
15 24 20
15 26 325
15 36 1827
15 37 1287
15 38 1395
15 39 1616
15 41 1660
15 42 1974
15 43 1505
15 45 1617
15 46 1455
15 47 1548
15 51 1582
15 61 1549
15 74 2840
15 75 1903
15 76 1545
15 78 1796
15 106 3116
15 128 2705
15 138 2626
15 154 1272
15 157 2138
15 158 2301
15 159 1982
15 168 2541
15 175 1678
15 177 2247
15 179 2098
16 17 52
16 18 64
16 19 17
16 20 117
16 21 111
16 22 191
16 23 31
16 24 101
16 25 70
16 28 50
16 29 96
16 30 89
16 31 233
16 32 75
16 33 40
16 34 74
16 35 1816
16 36 951
16 37 962
16 38 834
16 39 912
16 40 2237
16 41 569
16 42 963
16 43 879
16 44 1801
16 45 961
16 46 837
16 47 731
16 48 1799
16 49 2034
16 50 2065
16 51 744
16 55 2558
16 56 1872
16 61 1330
16 62 1948
16 63 2004
16 64 636
16 65 2417
16 66 2038
16 67 2451
16 68 1578
16 69 1544
16 70 1586
16 71 2158
16 73 425
16 75 1257
16 76 753
16 77 1919
16 78 688
16 79 1844
16 80 413
16 86 2549
16 89 585
16 90 1328
16 93 525
16 94 265
16 96 1387
16 97 2339
16 98 1837
16 100 541
16 102 868
16 103 209
16 105 842
16 106 1876
16 107 330
16 114 389
16 115 640
16 116 438
16 123 754
16 126 457
16 127 1928
16 128 1708
16 129 2409
16 130 647
16 133 1947
16 134 1456
16 135 422
16 136 2556
16 138 2135
16 139 1672
16 140 2643
16 141 1710
16 143 1202
16 147 1193
16 153 1263
16 154 1258
16 157 1705
16 158 1523
16 159 1780
16 161 2040
16 162 2771
16 164 1880
16 167 1658
16 168 633
16 170 2169
16 171 1868
16 172 1663
16 174 1815
16 175 1299
16 177 1494
16 179 840
16 183 480
17 18 222
17 19 195
17 20 431
17 22 43
17 23 196
17 24 4
17 25 115
17 26 382
17 28 112
17 34 130
17 35 1634
17 36 1411
17 37 1059
17 38 1916
17 39 1303
17 41 1014
17 42 1124
17 43 1423
17 44 1909
17 45 981
17 46 1245
17 47 1294
17 48 1277
17 49 1169
17 51 1683
17 60 1186
17 61 1394
17 63 1479
17 65 1196
17 68 3086
17 69 1437
17 70 1640
17 75 909
17 76 1476
17 77 1320
17 78 991
17 134 2024
17 140 1171
17 154 954
17 157 1323
17 158 1719
17 159 1032
17 161 1425
17 167 1738
17 170 1889
17 171 1469
17 175 1215
17 177 1244
17 179 1015
18 19 153
18 20 682
18 21 692
18 22 275
18 23 357
18 24 142
18 25 255
18 27 277
18 28 258
18 29 157
18 30 107
18 31 542
18 32 399
18 33 57
18 35 2690
18 36 1216
18 37 1388
18 38 1112
18 39 1281
18 40 2736
18 41 705
18 42 1431
18 43 1266
18 44 2466
18 45 1397
18 46 1360
18 47 725
18 48 2460
18 49 2683
18 50 2148
18 51 965
18 52 2669
18 55 2942
18 60 1695
18 61 2185
18 62 2775
18 63 2489
18 65 2570
18 66 2714
18 67 2891
18 68 2668
18 69 2028
18 70 2314
18 71 2910
18 75 1993
18 76 829
18 77 2340
18 78 728
18 79 2586
18 90 1933
18 98 2749
18 118 2311
18 134 2369
18 136 3102
18 138 2835
18 139 2536
18 140 2838
18 141 2614
18 143 1811
18 144 3063
18 146 1838
18 147 1428
18 154 1684
18 157 1977
18 158 2345
18 159 2291
18 161 2797
18 162 3066
18 164 2592
18 167 2026
18 171 2497
18 172 2650
18 174 2494
18 175 1731
18 177 2236
18 179 2114
19 20 534
19 21 278
19 22 121
19 23 114
19 24 88
19 25 126
19 28 37
19 29 72
19 30 46
19 31 421
19 33 28
19 34 122
19 35 2343
19 36 1504
19 37 1671
19 38 1559
19 39 1499
19 40 2408
19 41 1009
19 42 1641
19 43 1348
19 44 2475
19 45 1665
19 46 1362
19 47 990
19 48 1952
19 49 2433
19 50 1430
19 51 1231
19 56 2029
19 60 1168
19 61 1914
19 63 2256
19 65 1818
19 66 2363
19 67 2588
19 68 2603
19 69 1337
19 71 2710
19 75 1975
19 76 989
19 77 2422
19 78 1062
19 79 2151
19 128 1943
19 129 2803
19 134 2033
19 138 2551
19 139 2216
19 140 2374
19 141 2058
19 154 1774
19 157 2070
19 158 2333
19 159 1958
19 161 2413
19 162 2876
19 167 2144
19 170 2485
19 171 2275
19 172 2418
19 174 2334
19 175 1527
19 177 2177
19 179 1956
20 21 1262
20 22 577
20 23 383
20 24 136
20 25 404
20 26 540
20 28 432
20 29 524
20 30 180
20 31 811
20 32 581
20 33 218
20 34 141
20 35 2932
20 36 2533
20 37 1568
20 38 2235
20 39 2376
20 40 2961
20 41 1625
20 42 2136
20 43 2060
20 44 2930
20 45 1998
20 46 1638
20 47 1839
20 48 2283
20 49 2638
20 51 1145
20 60 2954
20 61 1997
20 62 3225
20 63 2430
20 65 2474
20 66 2584
20 67 3185
20 71 3247
20 75 1899
20 76 1918
20 77 2663
20 78 1427
20 79 3129
20 118 2889
20 127 3244
20 134 2888
20 138 2938
20 140 2679
20 141 2619
20 151 3114
20 154 2344
20 157 2304
20 158 2712
20 159 2071
20 161 2995
20 162 3236
20 164 2926
20 167 2966
20 170 2817
20 171 2780
20 172 2921
20 174 3094
20 175 1506
20 177 2487
20 179 2481
21 22 227
21 23 297
21 24 60
21 25 250
21 28 381
21 29 243
21 30 214
21 31 625
21 33 151
21 34 170
21 36 2078
21 37 1167
21 38 1556
21 39 1765
21 40 2160
21 41 1213
21 42 1597
21 43 1440
21 44 2102
21 45 1188
21 46 1620
21 47 1439
21 48 1794
21 49 1647
21 51 1524
21 60 2137
21 61 1095
21 63 1528
21 66 2270
21 69 2582
21 70 1732
21 71 3117
21 75 1706
21 76 1645
21 77 1679
21 78 1140
21 79 2651
21 134 2406
21 138 2218
21 140 1922
21 147 3087
21 154 1621
21 157 1981
21 158 2014
21 159 1920
21 161 2553
21 167 2822
21 171 2352
21 174 1937
21 175 1512
21 177 2310
21 179 1651
22 23 178
22 24 124
22 25 376
22 26 138
22 27 7
22 28 244
22 29 143
22 30 129
22 31 478
22 32 171
22 33 49
22 34 156
22 35 1972
22 36 1451
22 37 1543
22 38 1293
22 39 1391
22 40 1142
22 41 925
22 42 1229
22 43 1105
22 44 2231
22 45 1338
22 46 1226
22 47 980
22 48 1913
22 49 2096
22 50 1253
22 51 905
22 52 2427
22 53 2526
22 55 2985
22 56 1060
22 60 573
22 61 1836
22 62 2796
22 63 1681
22 65 1515
22 66 1979
22 67 2591
22 68 2155
22 69 1073
22 70 1553
22 71 2552
22 74 3195
22 75 1314
22 76 864
22 77 2083
22 78 956
22 79 1756
22 90 885
22 97 2829
22 105 1420
22 106 2956
22 115 1842
22 118 966
22 123 1596
22 125 1205
22 127 2881
22 129 2944
22 133 2862
22 134 2338
22 136 3009
22 137 2688
22 138 1900
22 139 922
22 140 1152
22 141 1260
22 143 2106
22 144 2997
22 146 1264
22 147 2989
22 148 2437
22 153 3014
22 154 1074
22 156 832
22 157 1699
22 158 2017
22 159 1530
22 161 1832
22 162 2707
22 164 1050
22 166 2642
22 167 2330
22 170 1822
22 171 2326
22 172 1066
22 174 1148
22 175 1421
22 177 1284
22 179 1061
23 24 169
23 25 103
23 26 132
23 27 41
23 28 223
23 29 110
23 30 53
23 31 295
23 32 315
23 33 1
23 34 36
23 35 2349
23 36 919
23 37 1068
23 38 931
23 39 1239
23 40 2246
23 41 809
23 42 877
23 43 1261
23 44 1905
23 45 1080
23 46 1030
23 47 695
23 48 2380
23 49 2415
23 50 2426
23 51 874
23 55 3076
23 56 2187
23 60 1208
23 61 1390
23 62 2720
23 63 1924
23 65 2222
23 66 2051
23 67 2991
23 68 2826
23 69 2337
23 70 2023
23 71 2837
23 72 2724
23 75 1225
23 76 791
23 77 1583
23 78 721
23 79 2259
23 87 1416
23 90 2007
23 95 2950
23 97 2843
23 111 1251
23 118 2147
23 123 1053
23 129 3064
23 134 1464
23 138 2534
23 140 2271
23 153 1184
23 154 732
23 157 1090
23 158 1481
23 159 1331
23 161 2075
23 162 2955
23 164 2423
23 167 1624
23 170 2082
23 171 1589
23 172 2335
23 174 2154
23 175 995
23 177 1238
23 179 1177
24 25 183
24 26 63
24 27 3
24 28 90
24 29 44
24 30 34
24 31 276
24 32 18
24 33 15
24 34 10
24 35 1114
24 36 934
24 37 1023
24 38 788
24 39 804
24 40 799
24 41 590
24 42 930
24 43 810
24 44 1594
24 45 862
24 46 848
24 47 643
24 48 1242
24 49 1742
24 50 507
24 51 746
24 52 1228
24 53 1172
24 55 1856
24 56 752
24 57 967
24 58 708
24 60 326
24 61 1234
24 62 1255
24 63 1212
24 64 1513
24 65 1154
24 66 1560
24 67 807
24 68 857
24 69 393
24 70 586
24 71 971
24 72 1458
24 73 513
24 75 1128
24 76 535
24 77 1781
24 78 726
24 79 548
24 80 578
24 84 505
24 86 1466
24 87 751
24 88 555
24 89 1199
24 90 398
24 91 733
24 93 821
24 95 886
24 96 2117
24 97 1268
24 98 782
24 99 626
24 102 715
24 105 512
24 106 1368
24 112 1879
24 116 717
24 118 729
24 123 494
24 125 495
24 127 876
24 128 1291
24 129 1371
24 131 672
24 133 772
24 134 1673
24 135 584
24 136 1724
24 137 738
24 138 1326
24 139 509
24 140 1108
24 141 820
24 143 841
24 144 1305
24 145 1241
24 146 435
24 148 368
24 153 1204
24 154 950
24 156 447
24 157 1413
24 158 1436
24 159 1256
24 160 1474
24 161 1197
24 162 1472
24 163 645
24 164 575
24 167 1564
24 169 718
24 170 1480
24 171 1757
24 172 713
24 173 1107
24 174 707
24 175 1162
24 177 1259
24 179 986
24 183 878
25 28 254
25 29 168
25 30 149
25 31 473
25 32 154
25 33 65
25 34 99
25 35 2732
25 36 2150
25 37 1897
25 38 2108
25 39 2094
25 40 2620
25 41 1911
25 42 1680
25 43 2263
25 44 2844
25 45 2119
25 46 1869
25 47 1648
25 48 2457
25 49 2500
25 50 2895
25 51 1921
25 52 3161
25 53 3146
25 56 2267
25 60 1854
25 61 2054
25 62 3199
25 63 2648
25 65 2469
25 66 2700
25 67 3084
25 68 3177
25 69 2598
25 70 2161
25 71 3132
25 74 3194
25 75 2293
25 76 2048
25 77 2278
25 78 1674
25 79 2934
25 84 2943
25 86 3243
25 90 2621
25 92 3077
25 106 3164
25 118 2544
25 123 2444
25 128 3191
25 129 3231
25 134 2893
25 136 3201
25 138 2635
25 139 2445
25 140 2379
25 141 2641
25 143 2986
25 147 2776
25 153 3038
25 154 1761
25 157 2097
25 158 2625
25 159 1902
25 161 2693
25 162 3209
25 164 2794
25 167 2686
25 170 2634
25 171 2607
25 172 2854
25 174 2788
25 175 1877
25 177 2367
25 179 1808
26 27 234
26 28 95
26 29 158
26 33 69
26 36 2424
26 37 1438
26 38 2244
26 39 2412
26 40 2613
26 41 1847
26 42 2300
26 43 1852
26 45 1735
26 46 1969
26 47 2109
26 48 2168
26 49 2095
26 50 1784
26 51 1805
26 61 1753
26 63 2206
26 65 1759
26 75 1141
26 76 1898
26 78 1459
26 95 3234
26 98 2833
26 106 3115
26 118 2306
26 119 3026
26 131 2604
26 134 2325
26 138 2834
26 154 1448
26 156 2568
26 157 1927
26 158 2186
26 159 2141
26 161 2232
26 167 2456
26 171 1930
26 172 2799
26 175 1988
26 177 1636
26 178 2821
26 179 1855
27 29 131
27 30 47
27 33 48
27 34 76
27 35 1322
27 36 1003
27 37 801
27 38 1317
27 39 1081
27 40 1446
27 41 1020
27 42 850
27 43 1026
27 44 1399
27 45 680
27 46 776
27 47 889
27 49 662
27 51 992
27 60 1533
27 61 649
27 75 599
27 76 881
27 77 597
27 78 549
27 93 3101
27 134 1161
27 138 1082
27 140 702
27 146 1764
27 154 610
27 156 1828
27 157 870
27 158 1056
27 159 853
27 161 903
27 167 1468
27 171 1011
27 175 735
27 177 875
27 179 839
28 29 56
28 30 83
28 31 538
28 32 388
28 33 11
28 34 91
28 35 2897
28 36 1820
28 37 1960
28 38 1926
28 39 1744
28 40 2951
28 41 1230
28 42 1795
28 43 1895
28 44 2875
28 45 1592
28 46 1623
28 47 1200
28 48 2709
28 49 2804
28 50 2398
28 51 1758
28 52 3042
28 53 3080
28 55 3215
28 56 2785
28 60 1450
28 61 2559
28 63 2811
28 64 2640
28 65 2884
28 66 2733
28 67 3044
28 68 2929
28 69 2124
28 70 2832
28 71 3047
28 72 3045
28 73 849
28 74 2818
28 75 1987
28 76 1849
28 77 2713
28 78 1147
28 79 2980
28 90 1971
28 95 3003
28 98 2879
28 105 2047
28 118 2602
28 125 2627
28 127 3156
28 128 3055
28 129 3180
28 134 2783
28 136 3140
28 138 3072
28 139 2450
28 140 2866
28 141 2887
28 143 2883
28 146 2706
28 148 1342
28 153 2905
28 154 2067
28 156 2279
28 157 2509
28 158 2577
28 159 2665
28 161 2919
28 164 2984
28 167 2748
28 170 2836
28 171 2855
28 172 2957
28 174 2920
28 175 2110
28 177 2504
28 179 2008
29 30 8
29 31 359
29 32 100
29 33 13
29 34 14
29 35 1944
29 36 1135
29 37 1085
29 38 1044
29 39 1250
29 40 2362
29 41 678
29 42 1127
29 43 1091
29 44 2112
29 45 1359
29 46 1102
29 47 720
29 48 1965
29 49 2365
29 50 1252
29 51 749
29 52 1687
29 53 2003
29 55 2254
29 56 1846
29 57 1976
29 60 1042
29 61 1457
29 62 2331
29 63 2086
29 64 673
29 65 2174
29 66 2492
29 67 2501
29 68 1718
29 69 1046
29 70 1754
29 71 2448
29 72 1643
29 75 1367
29 76 730
29 77 2217
29 78 777
29 79 2084
29 84 395
29 85 231
29 86 2441
29 90 1214
29 91 527
29 93 724
29 95 2184
29 97 2537
29 98 2213
29 99 650
29 102 932
29 106 1760
29 113 614
29 115 825
29 118 1992
29 123 402
29 125 1535
29 127 1995
29 128 1547
29 129 2491
29 133 2480
29 134 1881
29 136 2670
29 137 1415
29 138 2458
29 139 2224
29 140 2419
29 141 1874
29 142 396
29 143 671
29 145 2894
29 146 1668
29 147 813
29 148 290
29 153 900
29 154 1366
29 156 1408
29 157 1901
29 158 2061
29 159 1689
29 161 2153
29 162 2631
29 164 1867
29 166 895
29 167 2099
29 170 2327
29 171 2015
29 172 2104
29 173 1201
29 174 2253
29 175 1401
29 177 1486
29 178 593
29 179 1165
30 31 293
30 32 62
30 33 22
30 34 27
30 35 1576
30 36 854
30 37 1069
30 38 833
30 39 952
30 40 1931
30 41 598
30 42 1153
30 43 836
30 44 1941
30 45 1013
30 46 939
30 47 654
30 48 1893
30 49 1994
30 50 1183
30 51 830
30 52 985
30 53 1714
30 55 1734
30 56 1561
30 57 1036
30 60 761
30 61 1463
30 62 2188
30 63 2030
30 64 637
30 65 2105
30 66 2220
30 67 2091
30 68 1418
30 69 1024
30 70 1526
30 71 1923
30 72 1175
30 73 374
30 74 711
30 75 1324
30 76 616
30 77 2045
30 78 595
30 79 1644
30 80 372
30 82 923
30 83 246
30 84 302
30 85 198
30 86 2209
30 87 544
30 88 324
30 90 994
30 91 453
30 92 2191
30 95 1739
30 96 1422
30 97 2126
30 98 1715
30 99 481
30 102 607
30 103 201
30 104 510
30 105 414
30 111 756
30 113 461
30 114 387
30 115 521
30 116 439
30 117 460
30 118 1567
30 123 352
30 125 1344
30 127 1572
30 128 1235
30 129 2195
30 130 531
30 131 363
30 133 1736
30 134 1850
30 135 442
30 136 2069
30 137 489
30 138 2107
30 139 1696
30 140 2149
30 141 1501
30 142 353
30 143 488
30 144 2077
30 145 2238
30 146 979
30 147 669
30 151 603
30 153 551
30 154 1182
30 155 843
30 156 1071
30 157 1618
30 158 1786
30 159 1810
30 161 1707
30 162 2173
30 164 1775
30 166 528
30 167 1610
30 168 426
30 170 1949
30 171 1632
30 172 1840
30 174 1585
30 175 1309
30 177 1364
30 179 1123
31 32 412
31 33 179
31 34 261
31 35 2908
31 36 2565
31 37 1973
31 38 2505
31 39 2529
31 40 2805
31 41 2012
31 42 2120
31 43 2520
31 44 2819
31 45 1986
31 46 2076
31 47 2197
31 48 2581
31 49 2697
31 50 2633
31 51 2204
31 52 3059
31 53 3235
31 55 3224
31 60 2261
31 61 2272
31 62 3204
31 65 2605
31 66 2877
31 67 3104
31 69 2971
31 75 1862
31 76 2129
31 77 2680
31 78 1788
31 79 3000
31 118 2439
31 127 3233
31 129 3239
31 133 3246
31 134 2901
31 136 3240
31 137 3214
31 138 2857
31 140 2676
31 141 2694
31 154 1833
31 156 2313
31 157 2286
31 158 2824
31 159 2068
31 161 2802
31 162 3241
31 164 2798
31 167 2978
31 170 2781
31 171 2806
31 172 2791
31 174 2753
31 175 2018
31 177 2393
31 179 1938
32 33 71
32 34 109
32 35 2245
32 36 1675
32 37 978
32 38 1211
32 39 1220
32 41 1270
32 42 894
32 43 1691
32 44 1821
32 45 1025
32 46 1289
32 47 1116
32 48 1906
32 49 1763
32 50 1894
32 51 1249
32 60 1373
32 61 1075
32 63 1619
32 65 1824
32 75 789
32 76 1279
32 77 1136
32 78 1227
32 79 2402
32 86 3057
32 90 1866
32 118 1341
32 129 3158
32 134 1709
32 136 3182
32 138 2484
32 140 1248
32 154 699
32 157 1355
32 158 1688
32 159 1539
32 161 2202
32 167 2234
32 170 1771
32 171 1908
32 172 2672
32 174 1802
32 175 1327
32 177 1380
32 179 1381
33 34 9
33 35 2170
33 36 1297
33 37 1726
33 38 1552
33 39 1419
33 40 2420
33 41 1157
33 42 1398
33 43 1493
33 44 2358
33 45 1406
33 46 1002
33 47 1221
33 48 1858
33 49 2176
33 50 2350
33 51 1352
33 52 2655
33 55 3107
33 56 2290
33 57 3012
33 60 1404
33 61 1860
33 62 3034
33 63 2274
33 65 1991
33 66 1843
33 67 3032
33 68 2999
33 69 2554
33 70 2403
33 71 2970
33 74 2585
33 75 1444
33 76 1254
33 77 1590
33 78 1016
33 79 2790
33 86 3155
33 87 1910
33 90 2467
33 95 3113
33 97 3022
33 98 3054
33 105 2183
33 106 3049
33 116 847
33 118 1813
33 119 3037
33 123 1465
33 125 2770
33 127 3123
33 129 3168
33 133 3088
33 134 1812
33 136 3033
33 137 2730
33 138 2519
33 139 1730
33 140 1834
33 141 2080
33 142 1110
33 144 3020
33 145 3078
33 146 2715
33 147 2233
33 153 2294
33 154 1111
33 156 1861
33 157 1574
33 158 1892
33 159 2031
33 161 2088
33 162 2987
33 164 2699
33 167 1951
33 170 1978
33 171 1967
33 172 2647
33 174 2201
33 175 1569
33 177 1961
33 179 1345
34 35 2056
34 36 845
34 37 964
34 38 929
34 39 1301
34 40 1953
34 41 787
34 42 1099
34 43 1089
34 44 2163
34 45 704
34 46 1113
34 47 997
34 48 1957
34 49 1733
34 50 2001
34 51 1017
34 55 2933
34 56 1614
34 60 1959
34 61 1511
34 62 2892
34 63 1829
34 64 1072
34 65 2207
34 66 2308
34 67 2523
34 68 2812
34 69 2743
34 70 1825
34 71 2949
34 75 1134
34 76 957
34 77 1985
34 78 765
34 79 2471
34 80 627
34 86 2981
34 87 1790
34 90 2050
34 97 2911
34 98 2729
34 105 1791
34 106 2219
34 110 1092
34 113 998
34 114 913
34 115 1412
34 116 827
34 118 1477
34 123 949
34 125 2744
34 127 3051
34 128 2250
3 10 727
3 90 2727
3 125 2975
3 126 1246
3 141 2731
3 144 3218
4 67 3074
4 90 2615
4 125 2922
4 141 2717
5 10 797
5 50 1940
5 79 2750
5 125 2807
5 130 1966
5 144 3230
6 67 2992
6 173 2742
7 19 417
7 21 2396
7 34 279
7 65 2378
7 90 2639
7 113 920
7 125 2656
7 130 959
7 146 2507
7 149 1049
7 152 1800
7 156 2016
7 164 2609
7 173 1454
8 70 1386
8 85 1662
8 135 1166
8 148 1449
8 153 2904
8 173 1777
9 163 933
9 169 2653
10 18 175
10 19 177
10 23 145
10 34 306
10 63 2440
10 65 1593
10 67 2660
10 107 1185
10 140 1626
10 156 2146
10 164 2284
12 21 893
12 53 2685
12 116 1195
12 141 1529
12 146 982
13 90 2459
14 44 2454
14 118 2431
15 48 1693
16 125 1712
16 144 2411
17 29 78
17 66 1372
17 90 2002
17 118 942
18 125 2180
18 170 2764
19 70 2011
19 87 1558
19 90 1740
19 118 1963
19 125 1605
19 164 2063
20 70 2827
20 109 2725
20 125 3097
21 65 1770
21 115 2623
21 118 1891
21 139 1990
21 150 1159
22 102 2090
22 145 2728
22 163 1939
23 53 2863
23 125 2262
23 136 3028
23 139 2167
23 144 2953
24 104 898
24 147 1383
24 166 993
24 168 937
25 81 2590
25 125 2871
25 166 2773
25 183 1522
26 141 2564
26 144 3232
27 174 1178
28 84 2258
28 144 3183
29 105 653
29 131 340
31 56 2508
31 63 2708
31 90 2677
31 97 3181
31 124 2994
31 146 3006
33 128 2945
33 168 1657
34 74 1853
34 96 2000
34 126 1247
1 182 2701
1 184 2434
1 185 1809
2 184 1577
2 185 1187
3 123 2495
4 15 778
4 16 163
4 17 1083
4 84 2073
5 31 380
5 34 237
5 66 1237
5 118 1563
5 162 3202
6 56 1692
6 145 3135
6 185 2972
7 56 2583
7 127 3058
8 103 1475
8 107 2860
8 108 2852
8 124 2628
8 151 2636
9 53 3060
9 68 2763
9 109 940
9 182 3198
10 35 2092
10 66 1602
10 94 2593
10 99 2902
10 117 1934
10 122 3203
10 126 1396
10 131 2405
10 133 3152
10 168 2841
10 178 2269
10 187 2486
12 91 1655
12 99 1887
12 124 2175
12 143 1873
12 184 1890
13 35 2212
13 87 2721
13 108 2446
13 122 3153
14 15 506
14 34 127
14 74 3213
14 128 3165
14 147 3173
15 16 23
15 17 208
15 19 273
15 23 205
15 29 251
15 34 155
15 66 2145
15 95 3138
15 97 2974
15 99 2027
15 100 2935
15 101 2850
15 107 1384
15 119 3128
15 122 3167
15 129 3108
15 133 3220
15 141 1942
15 146 1878
15 148 2285
15 156 2273
15 167 1752
15 170 2516
15 172 2542
15 183 2257
15 186 3238
16 84 428
16 145 2579
16 155 1035
16 165 611
17 141 1109
17 156 1502
17 166 2113
17 173 2354
20 52 3111
22 84 2823
22 168 2962
23 106 2052
23 145 2996
24 107 600
24 114 629
24 122 1170
25 55 3223
26 34 186
26 66 1945
26 80 1063
27 70 1807
29 88 316
31 125 2946
32 69 2473
34 53 3031
34 58 896
34 72 2514
34 73 693
34 85 492
34 88 572
34 93 941
34 94 407
34 95 2784
34 99 2100
34 102 1778
34 103 609
34 104 1374
34 111 1280
34 117 774
34 119 1622
34 122 3017
34 124 2041
2 182 2010
3 98 3081
3 127 3206
3 149 2356
3 165 2777
4 18 503
4 19 358
4 145 3205
5 14 401
5 19 166
5 21 343
5 26 334
5 73 1650
5 80 1831
5 94 2312
5 114 2087
5 141 1514
7 163 918
8 56 977
8 74 2512
8 110 2567
8 113 2675
8 152 2442
8 160 2064
8 169 2915
9 145 3089
9 149 601
9 180 2684
9 184 2973
10 56 1485
10 141 1587
12 81 1541
12 186 2463
13 56 1950
13 98 3124
13 101 2667
13 123 2309
13 124 2716
13 139 2825
13 142 1376
13 180 2898
14 18 355
14 56 2055
14 141 2546
14 170 2963
15 86 3175
15 102 2223
15 110 2386
15 139 2657
15 145 3120
15 169 1727
15 180 2745
16 53 2414
16 104 634
17 56 1339
17 98 2976
18 26 239
18 53 2868
18 56 2381
18 64 1334
18 104 579
18 122 2869
18 131 779
18 145 3098
18 148 666
18 156 1929
19 53 2429
19 102 2214
19 133 2858
19 146 1793
19 156 2059
20 139 2861
21 56 1500
21 141 2211
23 58 714
24 83 375
27 56 1325
28 168 1434
29 58 563
29 122 2382
29 126 471
29 149 490
29 169 921
32 56 1584
32 113 2324
32 127 3139
32 156 1886
34 83 639
2 112 1490
3 72 3082
3 89 3025
3 91 2597
3 105 2899
5 97 3071
6 72 2967
7 80 469
7 137 2348
8 109 2276
8 165 3137
10 95 3192
13 185 2251
14 19 224
15 72 2928
15 151 2443
16 72 1269
16 151 943
17 72 3041
17 105 2751
18 105 1491
18 155 2208
18 187 2053
19 57 2847
19 86 2960
19 95 2758
19 98 2515
19 137 2159
23 88 560
23 102 1935
24 94 361
27 94 1955
27 119 2965
27 136 3002
29 119 1273
31 89 3169
32 53 3030
32 70 1907
32 110 2005
32 146 2317
1 176 2336
4 89 2726
4 97 3092
4 102 2557
4 161 2478
5 151 2878
8 88 2964
8 130 1609
8 187 2918
9 110 927
9 130 1164
9 181 1999
11 80 2127
13 160 2762
13 168 2632
14 97 3170
14 149 2959
17 73 2342
17 97 3018
17 102 2853
18 185 2115
19 72 2240
19 85 429
19 105 1461
19 145 2936
19 149 588
20 146 3079
21 125 2637
22 107 2718
24 110 722
25 89 3008
26 133 3216
32 100 2851
2 176 1370
3 97 3112
3 102 2940
3 146 2867
4 53 3141
7 165 1883
10 149 2464
13 32 443
13 93 2435
13 103 675
13 109 1313
14 87 3142
15 98 2373
16 131 498
17 87 3004
17 104 2019
18 180 1697
18 186 3154
19 173 1646
20 88 1664
21 57 3148
21 88 1769
21 108 2664
21 133 3217
21 146 2203
21 156 1310
21 164 2230
21 172 2190
23 130 742
26 164 2711
27 103 1130
28 119 3029
28 121 2760
28 122 3050
32 83 1139
32 121 2739
32 144 3099
33 58 1054
33 111 2021
34 82 1429
3 142 1962
5 142 2462
5 181 2265
5 187 1629
6 103 1441
10 123 2661
10 139 2194
10 142 2681
11 142 2674
13 95 3228
13 102 3005
13 178 1608
16 137 890
16 150 520
17 142 1666
18 101 2072
18 109 659
18 110 882
21 53 3221
21 155 2719
21 169 2370
25 108 2849
31 155 3118
32 72 3036
32 163 1857
5 71 3147
7 145 3160
8 64 2678
9 82 2779
10 86 3196
12 165 1654
13 121 2795
14 92 3052
15 104 698
16 187 1118
17 74 3013
20 99 2872
21 142 1782
21 165 3105
32 107 2347
33 94 1093
4 57 3085
5 57 3122
9 83 1350
9 87 1321
10 105 2998
15 57 2848
17 57 3043
17 150 819
18 72 2182
18 92 2865
21 73 1635
22 122 2786
22 184 2566
27 57 3046
32 126 2488
1 54 263
2 54 240
3 54 2622
3 164 2787
4 54 2927
4 164 2611
5 54 2524
5 164 2165
6 151 3068
6 156 1332
7 54 2392
7 151 2387
10 54 2371
10 151 2939
13 55 3229
14 54 2778
14 164 2831
16 54 1676
17 151 2608
18 54 2046
19 54 1346
19 151 2189
20 169 2983
21 54 1581
21 93 3016
22 54 1198
23 54 2659
24 54 470
25 54 2560
25 99 2988
25 109 2128
27 55 3027
28 54 2477
29 54 1369
30 54 1489
31 54 2600
33 54 2555
34 54 2397
4 108 2357
5 74 2925
7 178 1176
10 150 1057
14 73 1487
15 108 2134
17 53 3093
18 112 2937
19 99 1298
19 110 657
19 122 2746
19 126 758
19 168 697
19 181 2122
19 182 3067
19 185 2361
20 54 2606
20 155 3019
21 26 301
25 151 3023
28 160 2645
30 176 1980
1 59 2923
7 85 327
7 121 2673
12 153 2042
19 112 2383
19 119 2013
19 150 780
19 165 1192
22 149 2428
23 114 583
23 160 1467
24 176 2421
27 168 2846
30 185 968
32 59 3083
32 148 2215
7 109 530
7 114 436
10 127 3193
14 20 709
14 86 3187
20 83 1357
20 85 2296
20 101 3048
20 119 3011
20 149 2845
20 152 3150
21 113 2461
21 145 3227
27 111 2089
32 85 1222
7 107 632
14 72 3149
18 165 2130
23 100 2103
23 166 1040
25 58 2388
33 110 1496
1 132 2239
3 145 3189
7 166 914
15 32 120
20 107 1779
23 81 960
27 109 1064
32 183 2766
23 103 390
26 84 2756
26 93 2792
26 97 3061
26 99 2880
26 102 2704
26 114 1772
26 122 3151
26 135 2268
26 137 3024
26 139 2671
26 142 2178
26 145 3127
26 146 2498
26 163 2630
26 184 2735
31 180 3039
32 178 2793
