0 1 36
0 3 1
2 3 51
0 4 10
2 4 8
2 5 119
3 5 5
0 6 35
5 6 103
0 7 2
2 7 12
5 7 13
0 8 96
3 8 4
5 8 125
7 8 7
1 9 39
3 9 104
4 9 14
6 9 83
7 9 84
8 9 117
0 10 118
2 10 106
3 10 3
9 10 122
0 11 115
2 11 109
5 11 120
8 11 101
9 11 123
10 11 100
5 12 114
0 13 25
5 13 48
6 13 58
9 13 68
5 14 112
0 15 29
5 15 62
9 15 70
1 16 28
0 17 11
5 17 94
8 17 6
0 18 111
2 18 102
5 18 121
8 18 108
9 18 124
12 18 93
4 19 71
0 20 9
3 20 49
5 20 91
9 20 17
11 20 55
18 20 47
0 21 110
2 21 67
9 21 116
0 22 105
2 22 54
8 22 97
9 22 113
20 22 30
0 23 15
2 23 85
5 23 89
9 23 98
16 23 78
5 24 63
0 25 16
5 25 90
9 25 99
0 26 34
5 26 95
9 26 88
0 27 23
3 27 31
6 27 50
8 27 32
11 27 46
23 27 44
25 27 56
26 27 45
0 28 26
5 28 57
6 29 42
10 30 38
11 30 53
18 30 52
31 32 75
6 33 37
9 34 66
6 35 60
33 35 18
9 36 77
9 37 65
9 38 72
26 38 76
36 38 80
2 39 20
3 39 27
11 39 43
31 40 74
6 41 59
6 42 87
41 42 82
0 43 21
8 43 24
8 44 22
9 45 64
21 46 79
8 10 107
11 15 61
22 30 41
33 41 19
29 42 86
35 42 81
29 35 40
6 47 69
42 47 73
17 22 33
14 18 92
