0 1 1655
2 3 2550
2 4 2180
3 4 2328
0 5 55
5 6 679
7 8 2451
2 9 2548
2 10 287
3 10 408
9 10 95
2 11 2517
3 11 2522
10 11 97
11 12 595
9 13 404
10 13 114
7 14 2129
8 14 658
10 14 523
2 15 2393
10 15 615
6 16 1008
13 17 1809
18 19 531
13 20 1096
17 20 721
16 21 764
21 22 157
20 23 650
9 24 104
13 24 174
20 24 943
23 24 1122
22 25 177
9 26 930
10 26 115
13 26 613
9 27 878
10 27 110
13 27 582
24 27 103
26 27 611
28 29 163
18 30 752
19 30 684
31 32 2431
33 34 1928
0 35 384
1 35 937
25 36 248
34 37 2077
36 38 301
30 39 994
38 40 293
26 41 2466
27 42 2420
41 42 2161
9 43 2069
10 43 112
13 43 218
15 43 714
24 43 113
26 43 597
27 43 2526
37 43 2167
40 44 328
10 45 151
30 45 949
39 45 1246
44 46 363
46 47 364
47 48 409
49 50 346
0 51 493
50 51 1923
52 53 796
2 54 1865
35 55 1354
14 56 2436
32 57 2476
15 58 502
58 59 528
56 60 2257
10 61 108
15 61 2197
45 61 1857
52 62 816
53 62 1349
2 63 2471
9 63 1997
15 63 2238
54 64 1210
15 65 1076
10 66 480
66 67 2633
10 68 66
31 68 1499
57 68 2581
0 69 1693
51 69 1158
9 70 2087
27 70 1885
43 70 2073
55 71 689
71 72 828
72 73 817
62 74 1823
29 75 168
10 76 323
15 76 2553
45 76 2591
61 76 2358
73 77 897
77 78 1028
78 79 1475
9 81 2306
10 81 400
13 81 1905
43 81 1353
80 81 2227
82 83 387
7 85 2001
9 85 510
10 85 154
14 85 2348
24 85 149
26 85 413
27 85 602
43 85 396
84 85 1471
2 86 2406
9 86 547
10 86 129
13 86 654
15 86 2426
24 86 123
27 86 737
43 86 399
85 86 954
9 87 2411
15 87 2235
63 87 2137
86 87 2535
15 88 2221
60 88 2555
79 89 1776
15 90 2242
85 90 2313
86 90 2140
15 91 2419
85 91 1843
88 91 2516
91 92 2469
89 93 1579
93 94 1116
92 95 2088
83 96 856
21 97 942
94 97 1095
10 98 116
10 99 167
98 99 601
10 100 422
10 101 745
100 101 2156
95 102 1761
59 103 617
21 104 738
96 105 798
103 105 748
102 106 1737
64 107 1363
87 107 2207
74 108 2164
80 109 2076
85 109 771
85 110 1594
109 110 2580
5 111 638
104 111 1007
106 112 1487
112 113 1274
9 114 1044
27 114 2179
43 114 2023
70 114 724
87 114 2243
107 114 2324
99 115 1699
10 116 101
68 116 119
85 116 1406
84 117 2277
11 118 782
62 118 1262
108 118 2026
82 119 586
83 119 532
10 120 133
66 120 2543
98 120 1065
101 120 2485
65 121 2260
88 121 2192
113 122 1245
10 123 499
81 123 1929
85 124 2264
85 125 561
124 125 2596
76 126 2494
76 127 2145
126 127 2481
15 128 2434
87 128 2326
122 128 1284
10 129 1002
67 129 2631
81 129 2663
120 129 2642
123 129 2330
10 130 70
15 130 644
57 130 2549
68 130 121
116 130 93
11 131 2229
118 131 2320
85 132 795
117 132 985
99 133 1895
115 133 1211
120 133 2355
85 134 626
125 134 1903
110 135 2344
7 136 2651
10 136 96
14 136 2228
15 136 869
85 136 834
116 136 299
130 136 295
11 137 2154
131 137 2159
26 138 2483
81 138 2430
129 138 2521
2 139 2338
11 139 2379
137 139 2093
76 140 2659
10 141 118
15 141 1079
76 141 2174
140 141 1959
9 142 917
26 142 345
42 142 2442
43 142 890
138 142 2488
10 143 392
66 143 2295
98 143 2536
101 143 2519
120 143 350
129 143 2623
133 143 2584
0 144 25
43 144 566
109 144 1754
110 144 1744
135 144 1934
10 145 128
66 145 2458
67 145 543
129 145 2624
10 146 428
68 146 193
98 146 2203
99 146 1981
115 146 2317
116 146 289
120 146 2370
130 146 335
133 146 2496
10 147 560
15 147 2283
60 147 2308
65 147 2134
88 147 2423
91 147 2636
136 147 1741
8 148 941
14 148 2047
15 149 991
86 149 2160
90 149 1818
91 149 2643
145 150 906
10 151 125
15 151 1018
76 151 1556
127 151 2568
141 151 1108
147 151 2657
139 152 1289
110 153 2585
132 153 2323
154 155 316
152 156 1592
155 157 1341
10 158 537
158 159 790
156 160 1573
41 161 1645
136 162 272
162 163 2183
157 164 1215
159 165 1147
165 166 550
26 167 2647
27 167 2644
161 167 1998
109 168 2095
160 169 1602
107 170 1682
169 170 1870
166 171 862
164 172 951
172 173 841
109 174 2527
132 174 2534
153 174 1891
10 175 370
14 175 2646
15 175 779
60 175 2561
65 175 2592
68 175 524
116 175 477
130 175 89
136 175 641
146 175 1154
147 175 2346
171 176 1123
173 177 769
133 178 1967
146 178 2278
179 180 1021
180 181 883
181 182 1189
166 183 958
176 183 1049
58 184 918
183 184 926
85 185 2484
109 185 2489
153 185 2503
174 185 2433
0 186 1882
144 186 2424
182 187 668
177 188 663
10 189 1772
15 189 1703
45 189 2597
61 189 2287
68 189 1233
116 189 481
136 189 976
140 189 2654
141 189 2248
146 189 1389
27 190 2665
34 190 2405
43 190 2656
86 190 2666
2 191 2380
11 191 2158
131 191 1074
137 191 2146
80 193 2365
110 193 2250
192 193 1869
188 194 606
187 195 425
15 196 2615
136 196 2622
147 196 2554
196 197 2163
187 198 546
195 198 525
15 199 2399
136 199 884
147 199 1311
163 199 2212
5 200 100
150 200 799
197 201 2495
162 202 1687
202 203 1066
198 204 348
57 206 2402
205 206 1384
196 207 2352
201 207 1958
80 209 2275
109 209 873
208 209 411
207 210 692
198 211 536
204 211 397
67 212 2531
129 212 2621
192 212 2514
193 212 2383
213 214 609
88 215 2435
147 215 2637
207 215 1153
210 215 1635
194 216 563
214 217 2332
126 218 2157
127 218 2588
211 219 1279
88 220 2024
215 220 2284
200 221 1519
124 222 2648
174 222 2611
185 222 2474
26 223 2472
138 223 2604
142 223 2573
223 224 2138
126 225 2444
127 225 2454
187 226 359
217 227 825
10 228 614
101 228 2109
31 229 706
216 229 984
203 230 1296
224 231 1468
219 232 987
232 233 303
26 234 2126
231 234 1800
5 235 1382
76 236 2182
127 236 2343
236 237 2150
238 239 306
126 240 2450
225 240 461
126 241 2374
225 241 1328
240 241 584
232 242 1030
233 242 294
15 243 2120
86 243 2551
0 244 34
10 244 47
66 244 1254
144 244 2606
10 245 250
66 245 956
244 245 551
7 246 1913
206 246 1666
10 247 106
217 247 1325
227 247 925
239 248 211
242 249 1880
15 250 1827
163 251 1148
230 251 1080
10 252 999
237 252 2201
248 253 169
247 254 2598
10 255 98
13 255 1607
43 255 1694
81 255 434
129 255 1064
253 256 160
109 257 2097
109 258 2382
174 258 2509
126 259 1633
137 260 1992
139 260 1918
256 261 148
27 262 2315
43 262 2390
257 263 2082
236 264 1630
259 264 1404
249 265 635
52 266 1976
62 266 762
118 266 2143
137 266 1580
198 267 468
219 267 516
263 268 1743
67 269 2639
221 269 1569
264 270 1671
265 271 945
139 272 1194
80 273 2539
81 273 1751
268 273 1708
132 274 1581
153 274 2272
136 275 2655
275 276 2106
10 277 583
126 277 1157
26 278 2500
27 278 2603
80 278 2505
85 278 1356
142 278 2608
161 278 2501
185 278 2632
271 279 938
62 280 776
74 280 640
272 281 1603
81 282 2151
273 282 867
11 283 1950
281 283 1937
2 284 1811
54 284 1283
87 284 2362
261 285 166
286 287 1126
175 288 2456
276 288 1768
279 289 1014
247 290 916
254 290 2178
215 291 1673
287 292 1120
293 294 2048
138 295 2144
142 295 2130
289 296 934
66 297 2098
143 297 2190
10 298 875
225 298 2610
240 298 2520
285 299 147
192 300 924
193 300 1216
296 301 1078
0 302 1610
0 303 68
302 303 2153
235 304 1957
175 305 2214
13 306 1847
175 306 2461
305 306 1756
302 307 1746
302 308 2564
236 309 1668
153 310 1015
174 310 1054
185 310 1864
301 311 1209
110 312 2219
109 313 1119
310 313 1653
132 314 1646
153 314 530
174 314 512
185 314 823
310 314 393
315 316 182
317 318 221
153 319 1431
294 320 2453
270 321 1911
309 321 1965
267 322 659
319 323 1503
291 324 1455
316 325 188
318 326 1045
325 327 239
181 328 995
310 329 1712
323 329 1478
45 330 1522
292 331 1058
14 332 2627
85 332 2515
320 332 2309
326 333 859
66 334 2327
244 334 2019
245 334 694
304 334 2175
327 335 253
335 336 238
15 337 2021
199 337 2032
5 338 1088
303 338 2049
331 339 1299
333 340 725
330 341 1451
3 342 2572
254 342 2523
311 343 1181
302 344 2602
308 344 109
307 345 471
88 346 1902
324 346 1549
343 347 983
336 348 266
328 349 1012
200 350 1961
192 351 832
27 352 2619
81 352 1659
129 352 1093
138 352 2528
255 352 1373
340 353 847
290 354 1853
338 355 1278
303 356 45
356 357 899
348 358 268
182 359 914
349 359 1040
162 360 921
347 360 1174
307 361 588
345 361 395
214 362 2371
76 363 1595
341 363 1839
354 364 2117
365 366 261
0 367 1331
302 367 2560
303 367 2354
299 368 276
0 369 874
302 369 1855
361 370 1212
353 371 861
355 372 754
129 373 2601
192 373 1972
255 373 2113
351 373 1144
352 373 2068
358 374 300
375 376 242
364 377 2092
200 378 821
269 378 1848
350 378 1644
379 380 1318
366 381 204
382 383 2231
0 384 105
371 384 1048
385 386 1405
308 387 1555
344 387 1609
367 387 2316
386 388 1203
155 389 1204
164 389 1075
10 390 743
158 390 2478
377 390 2027
374 391 317
269 392 2418
378 392 677
132 393 1433
85 394 2507
394 395 2341
381 396 244
376 397 352
398 399 187
388 400 1250
5 401 2293
338 401 1571
355 401 1005
372 401 865
367 402 1894
85 403 2388
91 403 2628
90 404 2463
403 404 2563
384 405 1259
406 407 245
391 408 298
396 409 179
400 410 1260
11 411 1948
303 412 1462
385 412 1479
402 412 1910
110 413 1774
101 414 2398
270 414 2074
219 416 766
415 416 334
401 417 2040
386 418 513
388 418 1917
410 418 1554
412 418 1760
419 420 1758
409 421 170
408 422 271
405 423 1198
422 424 310
423 425 1032
15 426 1837
136 426 627
147 426 1926
162 426 2386
163 426 2007
199 426 456
368 426 490
0 427 770
213 429 421
428 429 282
362 430 1947
421 431 186
3 432 2525
411 432 2470
81 433 2363
129 433 2565
230 434 418
196 435 629
397 435 539
431 436 164
424 437 369
10 438 331
11 438 2641
342 438 2587
432 438 2634
370 439 970
425 440 1315
430 441 1628
0 442 1381
399 443 175
27 444 857
109 445 2302
174 445 2103
7 446 1980
60 446 1480
85 447 1383
134 447 778
448 449 517
450 451 2036
13 452 1999
175 452 2303
407 452 464
0 453 437
418 453 1529
10 454 373
85 454 2486
175 454 2664
31 456 519
455 456 374
457 458 192
367 459 1627
302 460 2493
303 460 2200
355 460 2237
367 460 2427
401 460 1943
417 460 578
461 462 788
86 463 2570
149 463 2465
404 463 2298
451 464 2223
338 465 1933
355 465 2015
450 465 1624
459 465 1730
35 466 2148
51 466 2255
440 466 1179
441 467 1236
437 468 439
55 469 701
453 469 2177
11 470 1068
383 470 1868
9 471 2490
26 471 2537
43 471 2395
436 472 136
473 474 440
3 475 2662
10 475 307
438 475 2650
476 477 600
460 478 1539
464 478 2022
61 479 2460
419 479 2149
162 480 901
302 481 2562
367 481 2540
230 482 696
434 482 371
395 483 2498
151 484 2217
420 484 1696
0 485 1854
453 485 1287
467 486 1258
302 487 2265
367 487 2128
481 487 431
439 488 990
442 489 1770
338 490 604
460 490 1563
200 491 1787
80 492 1783
81 492 2114
473 493 496
474 493 545
383 494 2589
468 494 230
472 495 131
496 497 262
379 498 928
275 500 908
499 500 313
463 501 1767
475 502 2513
489 503 1184
495 504 143
357 505 2123
486 506 1559
503 507 1029
508 509 569
493 510 1219
85 511 1766
110 511 1205
413 511 818
85 512 1706
124 512 1915
483 512 2291
513 514 297
339 515 1061
443 516 189
393 517 1177
518 519 1272
132 520 846
274 520 381
519 521 1679
521 522 1265
518 523 1338
522 523 1413
85 524 552
124 524 702
185 524 1977
299 525 1081
302 526 466
527 528 789
303 529 1920
367 529 2479
460 529 2455
498 530 1072
427 531 1276
3 532 2571
10 532 438
11 532 2558
438 532 2492
502 532 2574
506 533 1459
488 534 742
482 535 1392
212 536 2031
458 536 1784
510 537 1688
60 538 1098
446 538 681
68 539 1416
449 539 1238
302 540 492
507 541 1444
426 542 2345
461 542 905
86 543 2491
463 543 473
501 543 1547
117 544 1261
530 545 1387
386 546 695
418 546 1465
523 547 819
82 548 1024
493 548 1099
537 548 1963
541 549 1213
545 550 1143
126 551 1565
218 551 1821
380 552 1763
536 552 1908
514 553 278
383 554 1001
470 554 1739
494 554 852
509 555 716
556 557 264
533 558 1472
10 559 429
532 559 2512
516 560 232
517 561 1050
491 562 1949
401 563 1301
564 565 279
547 566 709
550 567 1359
568 569 1524
497 570 214
504 571 210
535 572 1470
85 573 432
124 573 1239
512 573 1458
524 573 1324
378 574 2546
392 574 1667
561 575 1199
205 576 1414
577 578 208
477 579 713
566 580 660
109 581 2135
110 581 2101
168 581 653
560 581 420
124 582 1785
185 582 2607
483 582 2236
512 582 1735
524 582 1779
462 583 802
528 584 761
575 585 1427
254 586 2497
290 586 1508
571 586 326
531 587 907
549 588 44
200 589 1420
562 589 1749
313 590 1217
553 591 361
572 592 1402
580 593 651
593 594 678
18 595 1506
45 595 1909
557 595 443
15 596 521
136 596 579
147 596 657
199 596 315
275 596 1953
426 596 172
542 596 2071
515 597 603
290 598 2377
558 598 1650
534 599 800
555 600 835
163 601 1309
592 601 1732
588 602 4
594 603 670
85 604 1871
511 604 1017
417 605 1378
460 605 1898
563 605 1543
584 606 1112
607 608 1502
578 609 273
81 610 2566
269 610 2205
583 611 1307
525 612 683
109 613 1593
590 613 1702
191 614 829
339 614 1282
515 614 616
597 614 807
602 615 2
587 616 1517
600 617 1924
117 618 633
544 618 685
619 620 2394
9 621 2605
27 621 2576
63 621 2612
620 622 2403
622 623 2244
624 625 1511
626 627 565
364 628 2216
390 628 1872
126 629 1073
269 630 2230
589 630 1596
579 631 589
31 632 2518
32 632 135
57 632 2569
611 633 1533
633 634 1094
60 635 2274
175 635 2660
636 637 217
638 639 478
585 640 1985
641 642 124
461 643 902
612 643 1139
322 644 1241
385 645 1439
587 645 896
616 645 719
623 646 2457
639 647 575
642 648 255
609 649 234
615 650 1
603 651 736
648 652 324
647 653 544
650 654 6
569 655 1165
625 656 1201
312 657 2051
591 658 416
528 659 968
606 659 812
570 660 572
640 661 2152
662 663 314
651 664 652
11 665 722
494 665 1664
554 665 2593
10 666 138
98 666 2066
99 666 1862
644 666 1043
338 667 792
490 667 599
267 668 1372
646 669 2351
275 670 2131
305 670 1951
629 671 1536
668 672 1962
654 673 8
412 674 1561
645 674 1230
661 675 1904
634 676 1505
663 677 378
27 678 624
627 678 596
655 679 472
126 680 241
680 681 758
223 682 2366
379 682 726
567 682 1946
630 682 2438
631 683 446
80 685 2083
684 685 2311
203 686 898
666 686 1838
7 687 2029
576 687 1830
671 688 1657
669 689 1121
382 690 2168
672 691 1736
10 692 868
147 692 2645
564 692 366
565 692 388
688 693 1585
664 694 585
50 695 402
690 696 2096
689 697 1053
677 698 451
697 699 1063
656 700 1069
655 701 511
679 701 479
693 702 1636
649 703 236
618 704 1391
694 705 556
137 706 2039
621 706 2373
85 707 2247
278 707 2579
707 708 2110
676 709 1520
261 710 283
637 710 270
673 711 50
10 712 134
15 712 2467
60 712 1232
147 712 2245
635 712 2599
657 713 2196
633 714 1022
617 715 786
626 715 587
653 716 500
420 717 1540
652 718 284
383 719 2215
696 719 2172
82 720 458
701 720 952
713 721 2017
698 722 389
702 723 2141
703 724 286
718 725 237
460 726 1591
709 727 1638
704 728 1435
683 729 256
675 730 1587
723 731 2307
699 732 1115
660 733 777
258 734 1713
608 735 1615
691 736 1489
716 737 520
451 738 2206
726 738 2162
711 739 57
722 740 1771
721 741 1897
725 742 197
743 744 963
705 745 444
745 746 449
5 747 1912
338 747 1550
744 748 1003
748 749 1127
732 750 1031
745 751 454
746 751 73
749 752 1224
752 753 1132
685 754 1984
85 755 674
116 755 1938
247 756 2630
290 756 1993
342 756 2575
586 756 2600
598 756 2425
18 757 1656
45 757 2334
136 758 2170
305 758 1941
700 759 1185
658 760 403
618 761 1159
728 761 1214
82 762 590
720 762 549
378 763 406
731 764 2350
765 766 553
369 767 1386
599 767 1231
88 768 1087
717 768 1082
729 768 199
714 769 1996
356 770 809
356 771 598
379 772 707
733 772 844
753 773 1168
746 774 427
751 774 436
741 775 1781
742 776 178
776 777 146
773 778 759
750 779 750
3 780 2369
438 780 2359
740 780 1466
743 781 826
778 781 982
778 782 780
781 782 682
50 783 662
531 783 1921
695 783 542
737 784 535
782 785 974
785 786 1160
784 787 476
779 788 631
570 789 329
660 789 377
681 790 773
293 791 469
739 792 426
761 793 864
794 795 610
189 796 2336
542 796 1931
797 798 447
621 799 2075
678 799 2349
777 800 130
730 801 1411
766 802 423
189 803 2353
769 803 2305
641 804 382
786 805 1362
26 806 2188
43 806 2361
85 806 487
200 806 92
223 806 2440
610 806 1719
630 806 2407
682 806 580
804 807 656
708 808 2468
788 809 574
800 810 117
807 811 781
805 812 1355
812 813 1286
813 814 1631
811 815 953
786 816 1586
812 816 1523
487 817 1541
809 818 573
759 819 978
815 820 962
820 821 882
814 822 1642
787 823 488
822 824 1445
824 825 1277
821 826 881
792 827 362
826 828 853
823 829 415
825 830 1496
70 831 1616
659 831 667
274 832 687
117 833 562
724 833 419
162 834 102
267 834 401
296 834 739
736 834 1223
790 835 863
110 836 1745
775 836 1637
80 837 1698
754 837 1932
249 838 202
265 838 181
139 839 1334
156 839 1598
840 841 462
136 842 625
86 843 734
798 844 351
771 845 1374
830 846 1344
846 847 1285
238 848 485
841 848 504
828 849 920
829 850 302
825 851 1721
774 852 312
816 853 1306
847 853 1418
850 854 209
851 855 1887
849 856 988
854 857 171
293 858 870
791 858 522
818 859 529
819 860 728
419 861 1956
727 861 1663
844 862 390
138 863 1692
864 865 593
764 866 2437
81 867 2653
269 867 2538
630 867 2545
817 868 1574
179 869 1110
415 869 1000
855 870 2171
816 871 1684
871 872 2294
303 873 1906
367 873 2234
870 874 2259
802 875 450
706 876 1925
735 876 1726
852 877 258
874 878 2333
872 879 1969
778 880 886
879 880 1453
857 881 165
875 882 508
302 883 1901
868 883 1799
801 884 1263
505 885 2464
878 886 2368
793 887 1006
877 888 223
827 889 330
531 890 699
587 890 1846
886 891 2445
891 892 2428
0 893 879
302 893 2547
885 893 2224
872 894 2384
892 894 2416
881 895 339
0 896 39
356 896 56
505 896 1345
576 897 1707
858 897 2133
27 899 2529
70 899 1782
898 899 526
835 900 900
190 901 2281
734 902 1651
859 903 505
0 904 263
772 905 1711
27 907 2532
906 907 637
856 908 1128
0 909 46
356 909 53
808 910 2504
274 911 195
520 911 1101
832 911 347
887 912 349
888 913 198
879 914 1226
810 915 83
903 916 372
587 917 1675
770 918 1742
909 918 1863
882 919 570
914 920 891
887 921 665
912 921 435
920 922 672
908 923 1304
845 924 1281
897 925 1792
760 926 433
378 927 1634
795 928 744
862 929 414
302 930 2124
369 930 1491
919 931 491
922 932 967
932 933 1342
913 934 180
916 935 274
933 936 1449
936 937 1812
895 938 65
923 939 1570
937 940 1672
931 941 398
934 942 139
900 943 783
768 944 981
341 945 919
860 946 568
941 947 321
947 948 235
889 949 394
915 949 225
866 950 2441
940 951 1400
743 952 929
951 952 1253
52 953 1060
286 953 1196
865 954 646
14 955 2121
925 955 2239
942 956 140
948 957 233
926 958 269
939 959 1577
957 960 246
960 961 280
961 962 320
956 963 137
935 964 226
963 965 132
917 966 1670
962 967 206
924 968 1450
778 969 1084
383 970 1722
470 970 1206
554 970 755
85 971 424
884 971 368
145 972 1047
200 972 827
621 973 1945
799 973 1172
945 974 1252
153 975 623
928 975 845
946 976 639
10 977 801
965 978 122
14 979 2577
85 979 554
116 979 1686
136 979 2004
206 979 2025
755 979 1023
899 980 2195
906 980 607
907 980 1608
638 981 793
356 982 5
921 983 894
969 984 1669
86 985 2487
910 985 2506
967 986 281
984 987 355
982 988 11
988 989 9
989 990 7
990 991 12
986 992 2081
981 993 2054
992 994 2052
994 995 1493
991 996 18
996 997 19
997 998 15
964 999 205
995 1000 718
998 1001 10
983 1002 1164
1000 1003 455
915 1004 176
959 1005 1360
1003 1006 740
993 1007 1430
976 1008 850
921 1009 1124
1002 1009 1025
863 1010 1255
473 1011 541
943 1011 731
85 1012 1518
110 1012 2385
449 1013 632
938 1014 81
1005 1015 932
91 1016 2616
901 1016 2583
944 1017 1187
1015 1018 820
915 1019 417
999 1020 196
1018 1021 647
1006 1022 848
974 1023 1197
1022 1024 1135
1024 1025 1036
1021 1026 634
1001 1027 13
1025 1028 880
15 1029 2261
91 1029 2658
141 1029 2617
1017 1029 1790
555 1030 730
600 1030 700
449 1031 1833
958 1032 228
331 1033 1191
1034 1035 173
269 1036 1840
574 1036 2297
927 1036 1516
1014 1037 88
905 1038 1850
1028 1039 698
200 1040 872
954 1040 822
1026 1041 548
968 1042 1764
1037 1043 90
1007 1044 2142
1043 1045 87
909 1046 1141
1045 1047 78
1004 1048 343
1027 1049 14
595 1050 1795
18 1051 1268
633 1051 1874
757 1051 1954
1050 1051 1588
1048 1052 309
929 1053 412
1010 1054 1202
1023 1055 1249
379 1056 1423
610 1056 1526
1009 1057 1131
10 1058 711
126 1058 1447
269 1059 2176
1020 1060 41
978 1061 127
1047 1062 75
415 1063 391
416 1063 354
950 1064 2199
630 1065 1034
1065 1066 1456
1067 1068 342
1061 1069 142
1041 1070 311
1062 1071 82
1049 1072 17
1070 1073 288
1069 1074 141
1071 1075 76
1072 1076 21
1046 1077 1200
1035 1078 251
902 1079 1604
1055 1080 1484
1057 1081 1173
1074 1082 120
0 1083 1780
893 1083 939
1060 1084 38
1073 1085 484
1077 1086 1129
401 1087 1290
490 1087 1343
1019 1088 576
1068 1089 405
1076 1090 16
969 1091 1361
1089 1092 483
1082 1093 94
1078 1094 720
473 1095 630
363 1096 1443
1080 1096 1731
290 1097 628
1008 1097 729
132 1098 2191
610 1099 1385
1038 1099 1564
1090 1100 20
1081 1101 367
1053 1102 379
1103 1104 304
1044 1105 2193
739 1106 376
1052 1106 259
984 1107 1796
1042 1108 1757
1075 1109 74
1100 1110 22
1110 1111 24
1086 1112 1161
1092 1113 356
1107 1114 1927
1084 1115 40
1081 1116 503
1101 1116 453
1093 1117 77
937 1118 2099
1114 1118 2147
1118 1119 655
1033 1120 1180
1085 1121 557
1109 1122 64
1113 1123 965
1095 1124 1367
1119 1125 608
1122 1126 60
208 1127 215
1115 1128 35
109 1129 1725
1054 1129 1156
463 1130 1723
543 1130 669
1094 1131 885
10 1132 703
1064 1132 1765
1111 1133 23
1121 1133 29
1134 1135 2246
1031 1136 2448
1134 1137 1952
927 1139 1621
1138 1139 1775
1123 1140 1429
175 1141 2089
419 1142 2139
484 1142 1538
1128 1143 33
1125 1144 559
1135 1145 2253
1112 1146 1248
398 1147 227
1104 1147 275
1117 1148 80
1144 1149 380
1149 1150 291
1145 1151 2065
1140 1152 1488
1133 1153 84
1146 1154 1822
1124 1155 1442
1151 1156 1856
1148 1157 99
132 1158 1907
520 1158 1658
1116 1158 1748
922 1159 144
1152 1160 1876
1102 1161 338
780 1162 1974
907 1163 527
980 1163 2276
1032 1164 184
58 1165 1097
1155 1165 1454
13 1166 1893
1141 1166 1151
137 1167 1849
1079 1168 1542
1157 1169 107
1170 1171 571
1156 1172 1769
1172 1173 1720
1174 1175 267
617 1176 1310
1173 1177 1755
1160 1178 1889
1169 1179 111
752 1180 1448
936 1180 1494
1177 1181 1619
1181 1182 1504
1154 1183 1922
1161 1184 260
1143 1185 31
1179 1186 86
1171 1187 558
1178 1188 1805
1182 1189 1320
1183 1190 1852
1191 1192 2432
27 1193 1680
1131 1193 806
52 1194 691
137 1195 1987
1186 1196 62
1189 1197 1371
1136 1198 2322
1188 1199 1729
384 1200 733
1153 1201 514
1112 1202 1473
1192 1202 2337
219 1203 594
416 1203 564
1187 1204 567
1088 1205 592
1197 1206 1881
1206 1207 2127
1207 1208 1986
1208 1209 1704
1199 1210 1777
1205 1211 620
515 1212 1225
1120 1212 1463
1210 1213 1873
1213 1214 2030
1211 1215 642
1185 1216 30
1209 1217 1614
1215 1218 676
200 1219 79
109 1220 824
27 1221 2296
70 1221 1824
899 1221 1195
907 1221 1083
1163 1221 2412
81 1222 1303
1066 1222 1724
470 1223 2225
1162 1223 2356
5 1224 643
1105 1225 2401
1214 1226 2107
1226 1227 2184
418 1228 1665
966 1228 1567
10 1229 708
778 1230 860
85 1231 811
109 1231 2044
110 1231 1859
124 1231 2618
135 1231 2079
144 1231 2020
581 1231 2256
684 1231 2249
1175 1232 385
1111 1233 1860
1217 1234 1625
1230 1235 1113
1112 1236 1208
1227 1237 2194
673 1238 26
1216 1238 28
1126 1239 67
1237 1240 2218
1218 1241 715
1070 1242 322
1201 1242 497
1235 1243 1125
1241 1244 760
1240 1245 2213
1233 1246 2041
1246 1247 1829
1225 1248 2414
1204 1249 482
33 1250 2061
37 1250 2116
190 1250 2499
1020 1251 69
1196 1251 59
1247 1252 1528
927 1253 1545
1167 1254 1326
1195 1254 1357
1198 1255 1801
1243 1256 1190
1257 1258 555
1184 1259 265
1245 1260 2189
1252 1261 1176
1261 1262 923
1244 1263 839
1236 1264 1819
1234 1265 1393
1260 1266 2112
1265 1267 913
1256 1268 1162
473 1269 200
680 1269 386
1190 1270 1733
1266 1271 1734
1268 1272 1092
1271 1273 1469
1263 1274 971
1273 1275 1422
383 1276 2209
614 1276 1243
1220 1277 463
81 1278 1888
1222 1278 756
1168 1279 1474
1164 1280 190
1036 1281 1568
1253 1281 1319
1275 1282 1163
1267 1283 936
1219 1284 185
1091 1285 1055
1272 1285 1109
896 1286 1336
1264 1286 1798
1262 1287 813
1283 1288 1485
1282 1289 1019
1249 1290 410
1289 1291 1171
1287 1292 765
1070 1293 325
1293 1294 749
1291 1295 1446
1288 1296 1364
1295 1297 1697
624 1298 1916
124 1299 2638
185 1299 2331
312 1299 2409
1259 1300 332
5 1301 1481
278 1302 1647
1279 1302 1438
135 1303 277
1280 1303 194
1176 1304 1804
1239 1305 1979
1284 1306 152
85 1307 2111
1297 1308 2056
650 1309 1103
993 1310 1661
1007 1310 2105
1248 1310 2118
1292 1311 704
1296 1312 1648
1308 1313 2429
1312 1314 1940
641 1315 830
1274 1315 1046
1313 1316 2335
1294 1317 836
602 1318 767
1309 1318 1091
1316 1319 2055
26 1320 2629
27 1320 2652
138 1320 2626
255 1320 2542
1059 1320 2232
1298 1321 2072
1277 1322 257
11 1323 2292
470 1323 2181
76 1324 2279
419 1324 1995
1108 1325 1347
1326 1327 319
1290 1328 383
1314 1329 1828
205 1330 1597
1255 1330 1600
1258 1331 605
1319 1332 1548
1224 1333 1514
1311 1334 741
1334 1335 815
55 1336 357
469 1336 430
1329 1337 1836
1332 1338 1441
896 1339 2063
1338 1340 1146
1310 1341 1983
1335 1342 697
1337 1343 2042
1317 1344 946
1344 1345 1275
356 1346 1175
1339 1346 2173
1304 1347 1970
394 1348 2357
1098 1348 2443
139 1349 1490
470 1349 1797
607 1350 1477
1194 1350 2210
269 1351 2595
610 1351 1152
806 1351 2556
1306 1352 71
1331 1352 72
1345 1353 912
1153 1354 460
1343 1355 2202
1342 1356 618
1355 1357 1890
1353 1358 888
638 1359 1339
1341 1359 2169
1358 1360 986
588 1361 42
1362 1363 340
1356 1364 538
1362 1364 494
1357 1365 1562
356 1367 452
1366 1367 705
1363 1368 445
1366 1368 290
1365 1369 1294
568 1370 1778
1321 1370 1786
1371 1372 360
1232 1373 1521
1300 1374 341
109 1375 1858
209 1375 686
1340 1376 854
505 1377 1167
1270 1377 1606
1305 1378 2240
1344 1378 2006
1369 1379 1515
1354 1380 448
1361 1381 1009
1376 1382 1589
1379 1383 1410
1360 1384 1369
1383 1385 1408
26 1386 2005
799 1386 2367
138 1387 1968
1010 1387 1590
1388 1389 292
1352 1390 2011
1373 1390 1851
1385 1391 1654
1380 1392 358
1382 1393 1500
1391 1394 2050
1372 1395 318
1374 1396 327
1394 1397 2166
1325 1398 1136
1398 1399 964
1397 1400 2266
1393 1401 1227
1396 1402 249
1384 1403 1806
1400 1404 2208
1347 1405 2125
135 1406 1492
332 1407 2480
403 1407 2609
1392 1408 285
1401 1409 1298
1333 1410 474
1408 1411 344
1409 1412 1183
1395 1413 191
884 1414 150
1402 1414 203
1405 1415 2280
1403 1416 1971
1412 1417 1234
1411 1418 305
1418 1419 509
503 1420 1086
1381 1420 1312
1417 1421 1337
11 1422 2376
139 1422 2185
144 1423 2226
1231 1423 2613
190 1424 2090
1195 1424 1844
15 1425 794
65 1425 1346
88 1425 2530
147 1425 1964
1194 1426 365
1328 1426 486
1404 1427 1841
1421 1428 1432
1415 1429 2312
1427 1430 1629
1428 1431 2003
1410 1432 441
1416 1433 2211
1430 1434 1424
1429 1435 1861
1431 1436 2314
1434 1437 1501
132 1438 2187
174 1438 2321
129 1439 784
1413 1440 183
269 1441 1611
630 1442 1305
1065 1442 577
1406 1443 1377
1419 1444 515
1365 1445 1419
1437 1445 1618
1435 1446 1714
885 1447 1886
1436 1448 2186
503 1449 1412
1433 1450 2389
1399 1451 1020
1448 1452 1674
1365 1453 1483
223 1454 1100
1389 1454 457
568 1455 2037
45 1456 2000
61 1456 2310
41 1457 1816
167 1457 2108
278 1457 2511
1390 1458 2252
1390 1459 1807
1432 1460 337
110 1461 1892
1443 1461 1623
1450 1462 2100
1452 1463 1417
1447 1464 1975
0 1465 1348
1449 1465 1936
1453 1466 1960
1440 1467 252
1463 1468 1390
1462 1469 2012
126 1470 2010
127 1470 2508
551 1470 1866
1468 1471 1335
1466 1472 2028
85 1473 1288
185 1473 2408
1469 1474 1994
1327 1475 1062
778 1476 889
1464 1477 1710
1471 1478 1510
1476 1479 1140
1474 1480 1535
1480 1481 1716
1472 1482 1988
1455 1483 2033
1478 1484 1293
1481 1485 1220
1485 1486 915
1320 1487 1240
1467 1487 308
641 1488 533
1486 1488 903
1444 1489 506
1479 1490 1010
1482 1491 2119
1490 1492 1016
1296 1493 1313
1491 1493 1752
1484 1494 1525
1492 1495 1242
1483 1496 1835
15 1497 2544
43 1497 2475
144 1497 2446
9 1498 2559
27 1498 2391
43 1498 2552
1446 1499 1676
1460 1500 465
1495 1501 1380
1459 1502 2220
150 1503 1643
972 1503 1701
1441 1503 1685
419 1504 2046
1494 1505 1460
1501 1506 1327
1506 1507 1366
1451 1508 933
1507 1509 1332
1509 1510 1476
1496 1511 1267
1510 1512 1813
1512 1513 2009
1296 1514 1399
1505 1515 1407
1499 1516 1077
303 1517 2299
367 1517 887
1477 1517 1321
0 1519 1421
1518 1519 2008
1504 1520 2381
1502 1521 2013
1458 1522 2085
1513 1523 1802
1515 1524 1464
1523 1525 1527
1091 1526 1207
1525 1526 1322
1267 1527 947
1514 1527 1457
1524 1528 1247
236 1529 2286
977 1529 2043
1516 1530 1193
1528 1531 1244
1531 1532 1102
1267 1533 911
1503 1534 1914
1522 1534 2270
1533 1535 1013
1532 1536 1035
356 1537 534
1508 1537 1330
1536 1538 979
1511 1539 961
1538 1540 1368
1535 1541 1039
1540 1542 1942
1530 1543 950
1500 1544 680
203 1545 216
403 1546 2447
463 1546 2300
1541 1547 973
1542 1548 2360
1018 1549 1037
1521 1550 1973
1489 1551 540
1551 1552 591
1419 1553 980
1549 1553 1133
1548 1554 2329
1547 1555 1085
1555 1556 1111
1556 1557 1114
1554 1558 2064
1558 1559 1495
1539 1560 805
1543 1561 1401
136 1562 909
633 1562 727
1552 1563 621
1557 1564 1067
1564 1565 1178
1565 1566 1150
1559 1567 1370
1566 1568 975
1568 1569 1033
126 1570 2421
225 1570 931
240 1570 612
190 1571 2222
1320 1572 2038
136 1573 2002
1307 1573 2016
1569 1574 1170
1574 1575 1188
1567 1576 1376
1575 1577 1270
1563 1578 693
1578 1579 877
1550 1580 2267
1576 1581 1388
1577 1582 1452
1582 1583 1531
1579 1584 977
621 1585 1104
1561 1585 1350
1301 1586 2057
196 1587 2078
1520 1587 2289
608 1588 1622
621 1588 2273
1583 1589 1808
1584 1590 1461
1503 1591 1820
1581 1592 1059
1137 1593 1817
1589 1593 2018
1590 1594 1832
1592 1595 1090
1594 1596 1875
938 1597 1991
1596 1597 1978
1484 1598 1295
1595 1598 1415
27 1599 2094
1571 1599 2254
1560 1600 671
1350 1601 1583
1239 1602 63
1544 1603 498
1580 1604 1939
144 1605 661
1475 1605 1640
1572 1606 1557
646 1607 2524
1603 1608 581
1608 1609 690
1609 1610 622
972 1611 1605
1591 1611 1509
1604 1611 1291
1602 1612 54
1612 1613 52
1610 1614 746
1613 1615 58
619 1616 2415
1607 1616 2325
1600 1617 664
8 1618 998
14 1618 2132
1615 1619 51
1614 1620 851
1620 1621 871
1524 1622 1396
1622 1623 1486
1121 1624 48
1619 1624 49
131 1625 1718
1601 1625 2102
136 1626 1944
185 1626 1791
163 1627 1498
1051 1627 1966
1623 1628 1700
1621 1629 1027
1617 1630 675
1628 1631 1814
1631 1632 1788
1606 1633 1235
137 1634 814
706 1634 2084
1167 1634 1773
132 1635 2104
185 1635 2318
153 1636 1546
1629 1637 1105
895 1638 944
457 1639 155
458 1639 229
1632 1640 1747
1611 1641 1436
1637 1642 959
1640 1643 1709
166 1644 442
1630 1644 619
85 1645 1553
293 1645 1379
1642 1646 997
1643 1647 1750
1646 1648 1004
1647 1649 1652
1638 1650 688
1649 1651 1544
1648 1652 1071
1650 1653 785
1653 1654 763
1651 1655 1467
1652 1656 940
1654 1657 849
1655 1658 1218
1657 1659 774
1659 1660 753
200 1661 2035
1586 1661 1794
1658 1662 1266
1191 1663 2122
1270 1663 1683
1662 1664 1352
1664 1665 1617
1376 1666 1678
1665 1666 1842
1633 1667 1269
26 1668 1990
231 1668 1662
1656 1669 843
1641 1670 1041
185 1671 2034
1636 1671 1728
610 1672 1397
1351 1672 636
1660 1673 833
1673 1674 837
1669 1675 866
1066 1676 207
1674 1677 922
1677 1678 1106
1670 1679 1273
1667 1680 1677
1675 1681 723
1679 1682 1166
1681 1683 712
1678 1684 1316
1683 1685 673
1680 1686 2045
1684 1687 1425
1685 1688 787
356 1689 501
1366 1689 791
1585 1690 2422
1686 1690 2364
136 1691 2541
162 1691 2477
356 1692 219
1692 1693 254
1693 1694 224
1687 1695 1552
1694 1696 247
200 1697 735
1688 1697 996
638 1698 1256
1695 1698 1584
1696 1699 213
1699 1700 161
81 1701 1884
1222 1701 732
527 1702 1057
659 1702 838
1682 1703 972
76 1704 2439
91 1704 2378
43 1705 2473
144 1705 2482
378 1706 2594
392 1706 1815
1036 1706 2271
136 1707 1935
185 1707 2067
0 1708 3
549 1708 43
1361 1708 36
162 1709 407
480 1709 648
1703 1710 989
190 1711 2258
86 1712 2462
1711 1712 2417
1710 1713 960
1713 1714 858
1714 1715 804
1200 1716 717
1715 1716 772
1200 1717 649
1039 1718 353
1718 1719 495
1719 1720 470
986 1721 518
1720 1721 459
1107 1722 467
1717 1723 666
995 1724 489
1000 1724 333
1723 1725 810
785 1726 1070
1725 1727 876
1726 1728 1118
1728 1729 1107
1729 1730 1192
1730 1731 1560
1000 1732 153
1731 1733 2165
1733 1734 2375
1732 1735 201
1734 1736 2404
1735 1737 220
1167 1738 1317
1195 1738 1358
851 1739 2115
1736 1739 2347
1703 1740 892
1727 1740 966
1737 1741 222
1741 1742 158
247 1743 2290
290 1743 2413
1742 1744 159
1528 1745 1251
1592 1745 969
1592 1746 895
1746 1747 1051
1559 1748 1300
1747 1748 1221
109 1749 1572
313 1750 1229
1749 1750 1434
1559 1751 1155
1751 1752 1222
1752 1753 1138
1753 1754 1257
1754 1755 1575
1755 1756 1740
1756 1757 1582
1757 1758 1365
1598 1759 1182
1758 1759 1280
13 1760 1834
367 1761 1532
1517 1761 645
1327 1762 1314
1605 1762 1620
803 1763 2397
11 1764 1982
369 1765 1056
1340 1766 1149
534 1767 768
1765 1767 1186
1766 1768 1375
1768 1769 1689
1769 1770 1883
150 1771 1333
1591 1771 1601
1641 1771 1534
1770 1772 1705
542 1773 957
1772 1774 1395
633 1775 1641
1763 1775 2288
1774 1776 1292
1289 1777 1145
1776 1777 1117
1504 1778 2319
1587 1778 2340
1291 1779 1426
1779 1780 1308
1780 1781 1612
1781 1782 1878
1782 1783 2062
1783 1784 2204
1784 1785 2198
1785 1786 2233
1786 1787 2091
1787 1788 1899
1788 1789 1690
1789 1790 1530
1790 1791 1660
1771 1792 910
1791 1793 1867
1793 1794 1803
332 1795 2452
403 1795 2557
1773 1796 1228
1794 1797 1738
1797 1798 1793
1796 1799 1026
1798 1800 1900
534 1801 775
1435 1802 1537
1499 1802 1558
1800 1803 2059
1792 1804 1507
1803 1805 1896
525 1806 831
1799 1806 1440
1113 1807 1042
1805 1807 1715
462 1808 803
611 1808 1398
587 1809 2086
645 1809 1512
1113 1810 296
1810 1811 375
525 1812 162
587 1813 1727
1811 1814 231
1521 1815 2263
1804 1815 2282
1814 1816 156
370 1817 935
1801 1817 1302
1809 1818 1578
1813 1818 1599
1503 1819 1437
610 1820 1351
462 1821 145
1347 1822 1989
1415 1822 2155
1764 1823 2060
139 1824 1428
1823 1824 1826
1458 1825 1879
1819 1825 1551
1078 1826 751
1131 1826 855
550 1827 1011
15 1828 1691
250 1828 475
419 1829 2080
484 1829 1639
423 1830 1052
440 1830 1264
1521 1831 2053
515 1832 992
1120 1832 1394
905 1833 1810
1820 1833 1649
384 1834 1137
423 1834 1038
498 1835 993
1827 1835 1142
1390 1836 2262
1831 1836 2285
5 1837 904
1333 1837 1497
384 1838 1169
340 1839 948
1838 1839 955
722 1840 1626
780 1840 1513
660 1841 893
772 1841 1089
1232 1842 1409
1390 1842 1753
318 1843 1134
333 1843 927
86 1844 1930
501 1844 1681
452 1845 507
900 1846 842
1011 1846 808
976 1847 840
1097 1847 747
1845 1848 336
1064 1849 2269
1036 1850 1613
1219 1851 243
1306 1851 212
1039 1852 91
1331 1852 85
86 1853 757
764 1854 2372
1849 1854 2342
927 1855 1919
1850 1855 1695
190 1856 2268
1016 1856 2586
1327 1857 1632
1518 1857 2251
86 1858 2502
910 1858 2533
927 1859 1789
1138 1859 1762
608 1860 1576
876 1860 1845
275 1861 2070
1760 1861 1323
1327 1862 1237
1862 1863 1297
1475 1864 1566
1863 1864 1130
144 1865 1955
1605 1865 797
10 1866 61
0 1867 27
10 1867 32
0 1868 1329
291 1869 1340
346 1869 1482
1423 1870 2058
1868 1870 2136
9 1871 2301
43 1871 2241
162 1872 1271
27 33 2635
33 43 2620
110 168 2459
132 185 2649
196 215 2304
143 244 2510
15 275 2449
123 352 2339
247 362 1403
185 394 2640
610 682 2400
43 1059 2392
1423 1497 2578
1059 1661 1825
199 1691 2567
15 1705 2582
1423 1705 2590
163 1709 2387
202 1709 1759
1762 1864 1717
0 1866 37
163 1872 1831
196 1873 2014
1691 1873 1877
10 60 240
10 142 126
13 142 710
81 269 2614
109 269 2625
124 185 2661
145 269 2410
185 312 2396
