0 1 168
3 4 36
5 6 78
1 7 160
2 9 80
8 9 90
5 10 92
6 10 88
10 11 104
10 12 105
11 12 116
13 14 59
15 16 151
12 17 143
12 18 144
17 18 158
12 19 150
17 19 161
18 19 162
19 20 170
1 21 169
22 23 4
24 25 135
26 27 85
28 29 48
30 31 9
32 33 166
34 35 35
9 36 82
37 38 103
39 40 69
41 42 25
43 44 142
45 46 24
47 48 33
7 50 132
51 52 95
5 54 74
53 54 84
55 56 109
5 57 81
6 57 79
10 57 99
53 57 94
58 59 149
60 61 181
62 63 152
55 64 106
65 66 177
28 67 44
67 68 41
69 70 14
71 72 128
73 74 29
46 75 28
76 77 137
78 79 148
41 80 17
82 83 15
84 85 86
86 87 98
88 89 52
90 91 2
92 93 156
46 94 23
75 94 19
71 95 119
72 95 122
96 97 34
98 99 127
76 101 157
39 102 60
40 102 39
103 104 67
55 106 107
105 106 113
107 108 115
109 110 87
112 113 183
111 114 154
114 115 171
113 116 185
117 118 178
22 119 5
23 119 3
76 120 153
121 122 184
115 123 174
116 123 182
124 125 93
76 126 134
115 127 175
123 127 176
128 129 180
130 131 129
30 132 8
71 133 124
95 133 118
55 134 114
135 136 1
137 138 27
139 140 136
142 143 55
144 145 146
146 147 173
30 148 7
132 148 6
149 150 102
151 152 54
41 153 26
80 153 22
151 154 57
155 156 125
76 157 140
77 157 111
158 159 133
107 160 121
74 162 30
161 162 38
163 164 163
165 166 172
167 168 56
168 169 61
170 171 53
162 172 37
5 173 75
6 173 71
10 173 83
173 174 77
84 176 96
175 176 100
5 177 97
19 178 164
173 178 91
177 178 123
179 180 31
170 181 63
142 182 40
107 183 112
181 184 65
142 185 58
186 187 11
187 188 13
184 189 70
190 191 141
103 192 68
104 192 66
177 193 117
186 194 10
188 194 12
170 195 62
171 195 64
171 196 49
189 196 51
191 197 145
179 198 32
134 199 138
5 200 76
173 200 73
182 201 42
193 202 130
197 202 131
201 203 43
55 204 89
205 206 16
45 75 21
55 105 108
79 145 147
126 157 110
55 199 120
207 208 167
209 210 179
142 211 50
182 211 45
190 212 139
101 213 165
142 201 47
28 204 72
205 214 18
206 214 20
106 199 126
76 213 159
76 215 155
77 126 101
203 211 46
