239 630 774
1155 1185 1834
1155 1193 1650
1185 1193 1988
884 1219 1254
299 774 1427
239 1208 1365
239 289 1388
475 516 1737
475 567 1821
516 567 1817
973 1227 1018
94 335 227
361 668 474
22 76 1416
14 535 874
686 1007 1291
320 359 404
320 1084 67
359 1084 627
347 348 1626
347 512 1399
656 657 1035
14 50 661
347 1134 1243
1105 1155 748
1105 1168 257
1105 1199 352
1155 1168 834
1155 1199 921
1168 1199 381
270 394 1033
270 711 1225
394 711 1157
723 724 1282
695 1035 1728
695 1103 1833
695 1200 1881
1035 1103 1971
1035 1200 2006
1103 1200 1958
623 1201 347
521 884 547
521 1074 472
884 1074 1016
14 722 1071
946 956 939
187 1117 985
340 680 1710
214 837 495
347 921 1397
512 921 1239
921 1134 1119
94 1084 114
335 1084 336
521 630 671
637 858 883
686 722 780
214 1127 502
722 1007 855
14 46 1126
320 720 11
1155 1167 1505
14 439 915
46 439 1017
200 937 311
299 1080 1228
299 1081 1236
1080 1081 1771
14 1076 570
535 722 761
535 1076 720
701 1007 1156
722 1076 662
1155 1169 1788
1155 1170 1787
1155 1171 1727
1169 1170 1744
1169 1171 1767
1170 1171 1745
232 375 737
680 1062 1796
680 1135 1836
723 776 837
724 776 557
850 1077 1878
850 1078 1908
1077 1078 1949
719 1021 1593
73 340 1165
73 564 156
214 1082 492
1046 1050 2128
680 1068 1801
348 637 1723
383 384 1381
91 94 235
91 335 276
91 491 31
91 1083 130
94 491 74
94 1083 98
129 200 175
129 937 475
335 1083 198
129 946 485
129 956 571
937 946 1235
937 956 1499
248 1031 275
384 1060 1404
99 1079 1262
117 309 182
117 1005 215
309 1005 97
695 1033 1666
722 1176 643
255 298 924
255 338 1060
298 338 944
582 583 866
630 1074 758
637 1218 1068
214 702 306
1073 1175 825
335 1052 331
335 1057 242
335 1066 328
1052 1065 912
1052 1066 622
1065 1066 879
952 953 687
952 954 916
952 956 865
953 954 949
953 956 807
954 956 1012
695 846 1968
187 1116 961
1116 1117 980
161 162 1400
1033 1035 1999
394 1067 1113
157 762 1820
157 888 1742
762 888 2098
86 117 315
86 309 103
270 1067 1227
360 1047 176
360 1048 281
1047 1048 84
722 1115 464
22 725 1275
255 374 1373
1052 1053 1296
91 129 536
91 411 431
94 129 460
94 411 348
129 411 398
157 1039 1496
722 723 986
722 1128 530
723 1128 903
91 1055 136
94 1055 165
1001 1126 1500
11 1133 1210
86 683 356
439 683 819
439 1087 607
683 1087 922
22 1129 1579
311 1052 1316
311 1053 1724
439 722 932
695 802 1847
695 1034 1380
719 920 1612
719 937 1190
937 1042 1279
1072 1073 892
320 1070 4
6 91 46
6 94 112
6 398 91
91 398 191
94 398 209
359 1225 1327
811 1137 1761
695 1096 1997
1096 1097 2168
1097 1194 2153
73 960 292
390 993 2155
390 994 2147
993 994 2150
311 326 2017
311 703 2067
326 703 2078
582 1071 1011
8 73 239
117 1032 301
309 1032 92
117 166 430
166 309 90
129 292 593
623 1075 418
73 1054 263
22 137 1193
137 1192 1673
255 457 1630
126 170 1213
126 418 1883
160 937 489
214 1049 309
299 1058 937
46 561 1192
439 561 672
340 695 1234
340 1033 1602
340 1034 1464
340 1035 1532
1033 1034 1866
1034 1035 1856
241 1001 1332
347 637 1195
103 104 789
104 126 1423
270 1124 981
723 775 1004
723 1073 1198
724 1073 889
937 1061 1436
724 1128 811
436 937 1132
311 325 1809
325 326 1914
325 703 1948
193 732 965
214 1041 881
214 1036 552
214 1037 564
89 255 968
89 267 1321
89 849 1305
255 267 956
255 849 1172
267 849 1569
248 722 407
248 829 414
255 792 684
722 829 934
722 1031 648
829 1031 729
702 1037 920
320 1104 5
320 1105 8
1070 1104 2
1070 1105 78
1104 1105 28
117 758 529
335 1040 316
11 1243 1215
263 712 1454
436 627 951
627 937 1109
719 1030 1301
166 697 62
166 805 154
697 805 24
14 845 742
917 1073 950
69 1045 2056
117 1049 590
126 311 1832
311 418 2072
14 228 1125
228 439 880
1001 1100 1568
117 1044 480
271 722 497
311 1043 1902
325 1043 1810
406 623 186
758 1044 555
951 953 735
951 954 898
951 956 911
91 250 75
91 1056 133
94 250 122
94 1056 174
250 1055 127
250 1056 80
1055 1056 200
488 833 1643
91 1051 261
390 1046 2151
1073 1196 713
412 937 1494
412 1061 1242
789 1115 421
129 461 509
411 461 1030
798 1008 1689
58 476 1707
412 719 1295
193 337 546
193 1108 839
390 801 2066
722 1088 787
801 993 2093
801 994 2112
1006 1007 1562
48 166 89
383 1059 1314
436 1109 860
937 1107 1161
937 1109 999
58 1113 1690
476 1113 1695
6 1110 255
14 714 835
166 167 169
166 439 304
166 683 370
167 439 617
167 683 556
335 1111 219
67 1195 1653
133 937 991
1052 1114 853
86 1112 436
359 790 1459
187 464 1005
686 947 558
239 1093 1385
289 1093 1709
6 250 240
117 408 452
117 916 490
408 916 798
347 1122 1424
347 1123 1309
348 1122 1837
348 1123 1700
1122 1123 1491
67 1158 1756
117 1125 433
166 1125 389
374 712 1470
374 1119 1640
712 1119 1527
67 1202 1732
1096 1142 2144
1096 1154 2170
1142 1154 2134
170 1000 537
335 725 451
341 1130 1919
610 680 1720
610 826 1696
610 995 1782
680 826 1819
680 995 1835
680 1131 1806
826 995 1599
514 516 1845
514 567 1970
14 1087 690
14 1132 731
439 845 728
129 287 575
468 471 2091
143 270 1040
143 1124 521
250 398 327
704 1101 1137
704 1102 1182
1101 1102 1521
937 1120 1396
719 1085 1523
714 845 917
287 411 254
287 412 510
287 719 334
287 1118 382
411 412 721
411 719 515
411 1118 788
412 1085 1340
701 832 1111
719 1118 1130
722 1121 628
723 1121 836
198 340 1692
1136 1137 1726
1030 1118 1224
104 117 1024
520 661 1857
727 1007 1753
476 1099 1472
122 356 1116
122 1163 952
356 1163 1042
14 346 844
14 683 973
346 439 702
109 1138 1797
109 1139 1853
389 626 496
491 1023 14
626 934 291
1138 1139 1897
341 353 2000
139 621 1065
6 92 231
6 836 194
92 836 252
200 922 670
732 766 1456
732 833 1434
766 833 1607
6 399 204
94 399 145
250 399 123
182 856 441
86 380 270
117 380 339
611 714 1062
722 724 801
225 1161 1687
937 1106 1100
945 946 763
946 1106 899
2 792 223
982 1161 1774
122 776 746
356 776 623
776 1163 657
214 309 220
214 965 473
271 800 440
309 965 444
861 915 1605
73 964 206
380 683 818
564 964 203
846 1092 2154
888 941 1938
332 914 777
476 1009 1704
14 735 751
346 735 948
439 735 726
695 812 1800
812 1096 2157
248 996 354
248 997 457
248 998 410
248 999 403
252 1001 1519
510 618 1169
510 797 1247
510 1010 1122
618 797 1377
618 1010 1338
797 1010 1339
996 997 901
996 998 893
996 999 938
997 998 960
997 999 1008
998 999 940
5 704 603
10 73 63
14 1086 1050
439 1086 738
683 735 1204
683 1086 1067
735 1086 936
58 389 1386
58 470 1978
67 1159 1781
67 1160 1734
389 470 1535
1159 1160 1702
614 722 978
614 723 1054
614 724 996
92 94 167
92 250 243
92 399 232
225 298 1006
225 919 1359
225 982 1566
298 919 1066
982 1162 1814
1161 1162 1762
14 947 613
5 656 618
389 1003 1435
683 807 1090
255 780 1257
91 399 153
166 1098 172
167 1098 388
335 1094 135
626 830 969
626 949 975
830 949 1163
225 264 1760
1095 1097 2175
14 793 752
103 582 691
248 368 678
248 648 411
329 368 1827
439 793 539
798 908 1880
798 909 1844
798 910 1859
798 911 1804
798 912 1808
798 913 1741
908 909 2013
908 910 2041
908 911 1985
908 912 1994
908 913 1935
909 910 2032
909 911 1957
909 912 1973
909 913 1904
910 911 2010
910 912 2015
910 913 1960
911 912 1941
911 913 1868
912 913 1906
67 839 1749
67 915 1733
129 427 689
389 1002 1391
839 1089 1768
839 1090 1661
1002 1003 1715
1089 1090 1874
712 840 1533
375 376 152
381 697 179
941 1091 1826
45 46 875
360 361 241
360 795 101
361 795 120
41 773 680
576 918 1
76 204 1714
145 958 2033
145 959 1925
958 959 2012
1004 1005 48
103 944 476
450 800 505
823 938 367
214 957 329
309 702 377
309 957 378
701 788 1265
702 957 573
788 832 1155
6 101 25
14 594 686
14 596 635
48 804 299
129 160 360
594 596 869
798 963 1824
963 1008 1917
316 347 1361
316 348 1659
316 754 1654
316 843 1770
316 844 1601
347 754 1706
347 843 1764
347 844 1515
348 754 1967
348 843 2020
348 844 1907
754 843 2005
754 844 1926
843 844 1918
42 945 749
42 946 681
76 841 1572
841 873 1073
17 54 371
287 292 230
398 399 141
641 839 1320
641 1038 1517
839 1038 1555
8 9 1147
8 532 1108
9 532 1174
962 963 1863
502 503 588
502 688 1120
297 529 486
41 254 1348
139 1165 1077
139 1166 1158
1165 1166 1214
359 646 1420
457 888 2047
646 790 1670
727 923 1884
838 839 1545
779 835 1188
779 950 1032
835 950 1107
329 888 2076
468 1164 1989
193 706 987
360 370 355
248 828 384
91 92 121
248 332 366
270 331 1273
270 772 1294
270 847 1293
270 848 1289
331 772 1660
331 847 1592
331 848 1618
332 829 723
668 820 849
772 847 1638
772 848 1651
847 848 1596
540 674 37
540 1147 27
540 1149 99
540 1150 7
674 1147 19
674 1149 52
674 1150 9
1147 1149 70
1147 1150 3
1149 1150 32
766 1151 1699
36 104 1219
789 827 463
335 1153 305
22 819 1693
22 825 1536
76 111 1663
80 834 885
351 352 212
351 508 159
351 485 238
1120 1152 1590
2 726 523
251 823 904
251 824 957
375 809 637
721 723 1149
721 724 1133
805 806 85
823 824 565
153 311 1963
41 786 845
285 564 95
573 818 1148
370 701 528
457 761 2046
955 956 1026
573 639 1441
263 821 1703
341 342 1848
10 72 58
14 625 868
72 73 221
439 625 778
761 888 2094
941 942 1982
941 943 1965
942 943 2057
22 886 1671
471 518 2024
471 808 1980
518 808 2058
14 88 612
73 961 185
80 450 1039
80 800 359
230 893 918
804 822 873
960 961 332
69 347 1698
69 348 1945
69 754 1927
69 843 1990
69 844 1920
36 357 1128
104 357 1038
695 798 1688
695 799 1735
798 799 1794
982 1248 1739
139 1231 1003
402 404 1823
695 811 1583
798 811 1565
798 812 1822
811 812 1805
261 268 1229
328 396 1751
412 718 1143
360 794 163
361 794 173
794 795 55
22 694 1493
22 700 1719
86 705 394
259 710 1010
638 712 1597
694 700 1465
22 707 1409
22 708 1460
22 709 1551
86 716 293
319 320 34
470 471 2124
471 526 1916
707 708 1430
707 709 1507
708 709 1543
39 633 432
46 814 1216
232 809 848
251 354 1367
300 363 1115
370 406 296
815 816 945
63 156 1892
63 661 1864
63 784 1954
63 785 1896
156 661 1909
156 784 1987
156 785 1851
661 784 1993
661 785 1816
784 785 1946
5 559 413
270 559 669
559 704 824
568 851 1176
47 48 268
47 713 287
48 713 210
719 1064 1560
255 779 706
374 761 1910
72 622 251
22 646 1759
815 817 1177
816 817 1146
72 349 170
73 349 259
864 935 2185
864 936 2180
935 936 2192
20 129 560
20 160 549
491 492 40
491 677 47
712 803 1591
801 802 2007
14 396 1205
14 643 688
396 643 1349
351 891 116
508 891 137
264 391 1959
573 641 1194
5 933 769
41 787 816
248 334 503
332 334 1061
414 781 2054
559 933 882
704 933 765
182 395 397
457 864 2129
60 88 1312
130 287 351
130 292 953
139 1145 974
166 778 132
22 111 1777
122 777 1028
360 369 427
369 620 1144
776 777 877
323 783 1025
471 861 1846
471 988 2028
10 349 180
129 143 303
129 270 424
129 537 511
143 200 401
143 537 616
200 270 652
200 537 319
270 537 615
323 782 997
380 716 608
456 796 884
251 325 1636
323 1233 1021
129 130 402
129 842 361
130 200 256
130 411 513
292 411 790
292 842 851
411 842 649
14 539 757
439 539 762
61 72 759
61 931 1412
61 932 1384
72 931 324
72 932 218
322 323 1159
471 739 1934
931 932 864
22 645 1705
22 791 1730
122 210 1457
347 415 1326
645 646 1679
645 791 1750
646 791 1600
485 508 265
485 891 277
92 398 161
375 400 364
413 683 1000
392 393 1102
392 394 1277
393 394 1207
167 387 426
231 715 1087
166 948 107
167 948 266
57 172 1633
103 889 380
407 553 2179
568 829 931
325 354 1641
54 231 740
384 522 1407
5 939 447
559 939 645
704 939 766
321 323 1186
374 414 1888
212 214 65
212 309 286
254 259 1123
323 362 993
378 643 1136
143 503 747
270 503 1230
335 1190 302
335 1191 396
1190 1191 429
48 853 138
161 163 1401
166 853 86
502 940 1020
688 940 1658
201 516 1095
92 101 82
35 367 2139
311 324 2022
324 325 1882
324 326 2042
339 340 1306
339 341 1854
339 342 1662
340 341 1509
340 342 1335
6 377 76
101 377 43
122 358 1677
248 333 353
332 333 943
333 334 894
343 345 181
355 356 630
78 865 1171
36 246 1180
104 246 812
126 171 1656
126 365 1529
171 365 1226
171 366 1248
365 366 1189
14 538 683
538 539 1285
41 336 600
43 239 1421
343 344 168
344 345 171
350 351 77
360 371 115
360 372 106
371 372 68
321 322 1375
48 852 320
145 405 2031
335 351 79
335 485 139
359 866 1431
646 866 1716
804 852 629
817 863 1181
856 857 442
222 468 1992
46 562 1103
61 218 1449
61 578 1438
96 327 840
96 369 962
129 855 245
166 854 146
200 855 338
218 578 1330
327 369 979
330 373 1792
439 562 1048
561 562 1086
513 514 2169
6 343 29
6 345 56
101 343 45
101 345 64
220 221 1886
220 223 1861
220 308 1895
220 471 1930
220 526 1911
221 223 1855
221 308 1872
221 471 1924
221 526 1871
223 308 1869
223 471 1873
223 526 1876
308 471 1870
308 526 1885
388 389 1308
732 862 1731
39 394 1276
25 833 1307
25 860 195
78 710 808
143 502 569
270 502 639
710 865 895
403 404 1743
403 629 1414
403 630 1167
404 629 1652
404 630 1183
629 630 1091
91 377 53
91 576 131
92 377 144
92 576 59
94 377 50
94 576 94
248 362 814
248 1177 644
362 782 1088
362 1177 1044
377 576 41
39 859 483
335 892 143
351 892 35
22 810 1537
92 397 81
94 397 189
299 300 841
299 363 1036
397 398 93
400 401 295
384 1174 1318
384 1221 1249
384 1222 1610
384 1223 1595
384 1224 1450
1174 1221 1303
1174 1222 1648
1174 1223 1571
1174 1224 1408
1221 1222 1525
1221 1223 1486
1221 1224 1287
1222 1223 1757
1222 1224 1585
1223 1224 1546
14 378 782
77 78 1469
109 419 1773
109 420 1789
109 421 1850
385 386 1725
419 420 1842
419 421 1944
420 421 1860
94 635 269
225 226 1828
399 635 96
863 892 487
86 379 345
379 380 700
291 328 1894
291 396 1668
328 416 1865
328 417 1984
416 417 1942
528 529 462
536 715 1589
414 761 2061
185 409 958
185 410 878
358 407 2059
381 382 625
396 416 1667
409 410 1101
414 620 1915
471 736 1913
22 307 1685
307 646 1803
34 35 2096
34 49 2043
35 49 2030
471 524 1981
471 525 1983
524 525 1950
524 526 1929
525 526 1939
598 873 847
9 500 799
9 501 767
374 620 1665
500 501 828
231 536 1184
122 867 1319
129 900 518
186 337 1070
299 930 1166
356 756 697
531 642 1481
531 643 1270
642 643 1266
748 749 346
25 924 260
151 218 1492
303 304 1222
303 510 955
303 618 1121
304 510 994
304 618 1223
251 763 1297
354 763 1364
14 894 784
14 905 501
378 894 1406
54 182 741
54 395 419
259 533 1495
507 508 111
248 647 520
291 386 1811
328 386 1799
386 396 1539
129 530 579
450 451 1564
134 764 850
126 151 1708
126 446 1466
151 541 1875
407 753 2171
553 753 2196
35 208 2097
108 972 709
108 1240 905
262 527 1501
509 510 696
509 511 499
509 512 1049
510 511 631
510 512 925
511 512 989
892 895 233
19 504 2184
19 505 2186
504 505 2194
37 665 722
37 666 692
310 311 2045
310 879 2133
311 879 1953
665 666 638
378 644 1390
6 903 72
108 109 1069
108 973 775
161 245 1250
163 245 1175
335 519 149
337 517 926
351 519 51
515 516 1675
151 427 1358
75 297 919
75 528 770
75 529 772
170 521 358
297 528 504
534 535 248
22 157 1212
22 755 1678
22 785 1534
22 926 1617
22 927 1559
22 928 1383
157 755 1542
157 785 1620
157 810 1341
157 926 1462
157 927 1452
157 928 1196
755 785 1639
755 810 1474
755 926 1604
755 927 1531
755 928 1468
785 810 1322
785 926 1504
785 927 1455
785 928 1371
810 926 1382
810 927 1329
810 928 1261
926 927 1403
926 928 1345
927 928 1315
598 599 1218
41 186 1002
14 317 1022
14 318 971
14 746 727
317 318 1511
317 378 1281
317 746 1379
318 378 1325
318 746 1447
378 746 1453
72 768 211
73 768 383
123 182 258
887 888 2044
761 762 2110
129 357 1110
129 890 601
163 582 1302
163 676 1203
229 230 967
357 427 1029
357 890 1284
427 890 714
582 676 1057
895 896 10
117 523 755
117 767 561
228 253 976
317 894 1451
318 894 1488
523 767 1206
104 446 1200
107 278 813
214 699 363
218 427 1079
414 742 2064
139 158 1197
139 311 1351
139 1217 1217
139 1220 1343
158 1217 1378
311 1220 1798
39 631 399
91 635 250
94 193 289
256 445 1611
45 438 745
45 439 567
46 438 1117
438 439 699
4 5 343
4 559 435
4 933 595
4 1232 461
5 1232 488
559 1232 797
933 1232 698
299 628 1170
347 636 1246
415 636 1187
415 637 1240
594 595 1013
595 596 927
636 637 1053
87 88 1357
184 185 954
184 186 1046
184 410 857
185 186 908
22 306 1506
111 306 1790
103 583 517
143 394 736
713 1241 409
713 1242 526
1241 1242 1202
398 635 213
257 259 1526
133 134 1047
133 135 1352
133 136 1252
134 135 1298
134 136 1031
135 136 1097
146 234 500
146 718 392
146 729 357
146 730 373
146 769 701
146 1209 786
146 1210 647
146 1211 858
146 1212 843
234 718 282
234 729 317
234 730 362
234 769 498
234 1209 514
234 1210 482
234 1211 542
234 1212 538
718 729 201
718 730 214
718 769 416
718 1209 428
718 1210 349
718 1211 554
718 1212 507
729 730 272
729 769 391
729 1209 395
729 1210 333
729 1211 434
729 1212 417
730 769 405
730 1209 422
730 1210 350
730 1211 470
730 1212 465
769 1209 543
769 1210 469
769 1211 599
769 1212 541
1209 1210 466
1209 1211 624
1209 1212 596
1210 1211 587
1210 1212 508
1211 1212 619
14 15 420
15 364 1353
335 603 262
351 603 192
37 115 896
57 624 1484
83 485 1041
303 619 1129
304 619 1244
439 632 481
561 632 693
562 632 1037
618 619 1237
39 462 412
947 1140 288
6 850 666
6 1203 455
6 1204 448
850 1203 1433
850 1204 1574
1203 1204 946
61 151 1634
82 267 1645
82 878 1903
267 878 1783
34 562 1838
34 651 1937
562 651 1387
7 8 1199
7 9 1268
257 533 1729
257 740 1701
259 740 1437
370 770 450
533 740 1635
381 831 685
18 19 2177
74 268 335
4 394 568
14 689 794
124 252 1473
270 925 1178
317 689 1487
318 689 1489
351 743 83
485 743 246
731 732 1748
94 579 119
1173 1174 1482
248 929 393
308 682 1830
896 1205 15
192 402 1584
402 734 1932
22 750 1514
22 751 1477
360 454 237
361 454 225
727 728 1786
750 751 1463
134 266 929
266 764 768
54 72 49
143 737 551
270 737 910
369 717 861
404 733 1839
404 734 1889
733 734 1893
439 759 804
169 171 1245
145 571 2121
145 1239 2137
145 1246 2113
571 1239 2159
571 1246 2160
1239 1246 2152
10 671 124
10 672 61
671 672 118
91 1206 285
91 1207 300
398 1206 264
398 1207 297
1206 1207 284
351 744 66
485 603 374
485 744 234
63 660 1867
156 660 1966
234 235 781
235 729 653
235 730 730
270 752 1292
660 661 1928
200 771 368
201 473 846
679 680 1738
640 668 988
286 287 228
384 431 1524
765 766 1718
91 93 140
172 757 1366
29 30 2126
29 31 2001
30 31 2029
122 432 1544
358 432 1956
471 760 1986
231 506 1350
231 741 1376
506 741 1877
22 456 1333
57 122 1563
57 432 1722
57 1141 1530
104 383 1241
104 874 1208
104 875 1232
122 1141 1417
126 383 1556
126 874 1360
126 875 1512
383 446 1419
383 874 1347
383 875 1356
432 1141 1778
446 874 1445
446 875 1425
874 875 1402
13 14 594
13 315 718
13 378 1134
14 315 674
84 86 344
896 1184 71
13 127 522
13 128 654
13 274 665
14 127 553
14 128 626
14 274 656
54 747 632
127 128 636
127 274 753
128 274 712
231 747 1168
456 694 1096
352 868 586
352 869 668
352 870 494
352 871 650
868 869 376
868 870 325
868 871 456
869 870 341
869 871 484
870 871 408
275 684 1976
13 654 585
14 654 454
471 738 2052
129 771 312
1142 1213 2060
1142 1214 2062
1142 1215 2018
1213 1214 2053
1213 1215 1940
1214 1215 1923
220 222 1979
221 222 1961
222 223 1947
299 352 1059
352 628 1432
42 477 493
248 667 545
248 1216 584
667 1216 1179
15 745 1290
262 268 1118
268 460 716
364 745 1550
13 481 589
248 877 640
368 667 1418
368 877 1392
667 877 1259
1029 1041 2086
1029 1063 2166
1041 1063 2070
20 427 1151
20 685 1074
160 427 711
160 685 646
427 685 984
117 229 322
272 461 998
117 537 527
117 675 443
187 233 1271
233 464 1233
537 675 634
105 107 621
61 427 1490
133 1148 1355
418 652 2145
104 245 977
104 585 1056
330 378 1622
330 876 1752
378 876 1567
145 313 1975
272 273 1712
201 555 871
201 557 449
473 555 1139
473 557 942
555 557 676
214 662 274
872 873 1075
227 228 1209
653 883 1105
653 884 1251
883 884 1173
112 232 1615
25 26 244
96 906 963
96 989 1142
491 880 69
491 881 33
491 882 42
677 880 73
677 881 18
677 882 36
880 881 30
880 882 44
881 882 12
906 989 1479
145 1247 2119
1246 1247 2162
22 587 1581
111 587 1503
22 485 1272
1029 1069 2174
1041 1069 2099
1063 1069 2146
352 981 1475
628 981 1422
974 981 1831
29 275 2002
30 275 2027
31 275 1998
158 670 1395
427 885 1092
287 1018 544
287 1182 659
412 1018 928
412 1182 1023
1018 1182 792
145 1237 2090
490 491 13
247 248 415
314 315 1411
314 316 1522
315 316 1528
61 112 1766
61 663 1858
61 664 1901
112 663 1996
112 664 1962
663 664 2016
201 687 744
1173 1221 1310
1173 1238 1112
1174 1238 1278
1221 1238 1094
92 102 178
94 102 199
1054 1143 385
54 194 459
201 458 576
201 681 532
458 681 717
40 41 677
40 279 566
40 283 803
40 284 548
41 279 724
41 283 959
41 284 597
279 283 524
279 284 550
279 426 667
283 284 764
283 426 606
188 189 1256
188 1244 791
188 1245 930
189 1236 1502
189 1244 1258
189 1245 1374
1244 1245 743
287 673 60
287 674 142
673 674 16
241 439 563
261 262 1426
214 669 425
231 967 1043
19 83 2149
117 245 477
117 246 540
245 246 708
143 565 321
143 566 471
565 566 534
712 1230 1363
288 460 1135
4 678 267
5 678 406
559 678 602
54 178 535
475 968 1758
61 217 1269
61 425 1471
217 425 820
217 427 795
425 427 1220
251 748 800
251 899 863
748 899 663
32 33 2087
32 34 2074
32 35 2089
33 34 2071
33 35 2075
108 971 856
43 61 1398
43 238 1594
43 289 1516
43 969 1785
61 238 1413
61 239 914
61 289 1288
61 969 1368
238 239 1508
238 289 1625
238 969 1616
239 969 1410
289 969 1570
99 454 964
275 765 1922
275 897 1977
765 897 2019
171 987 870
115 117 832
117 129 633
738 760 2136
22 113 1746
22 142 1747
22 256 1623
113 142 1608
113 256 1646
142 256 1629
52 53 2035
53 974 1952
85 86 278
185 474 935
934 970 57
201 312 822
97 212 217
97 214 113
67 68 1776
22 617 1862
22 1144 1890
617 1144 2026
90 91 205
90 92 280
90 94 158
270 966 1162
61 216 1694
216 218 1317
158 159 1280
182 236 100
561 612 1072
562 612 1253
138 139 1344
571 1237 2161
139 1172 715
311 1172 1580
1172 1189 923
111 455 1672
201 202 1063
201 203 982
201 1197 852
202 203 983
202 1197 805
203 1197 796
896 980 39
40 281 913
41 281 830
257 258 1812
258 259 1573
279 281 773
281 283 886
281 284 826
216 217 1019
217 218 675
132 134 891
144 145 1974
24 28 1840
249 250 298
249 251 771
250 251 314
62 63 1736
62 64 1621
62 65 1586
62 66 1628
62 265 1587
63 64 1765
63 65 1775
63 66 1813
63 265 1795
64 65 1624
64 66 1655
64 265 1632
65 66 1664
65 265 1614
66 265 1657
90 93 222
92 93 166
93 94 151
124 125 1619
117 242 458
97 243 283
97 244 330
212 243 108
212 244 105
214 243 157
214 244 126
243 244 271
237 238 1588
237 239 1153
151 295 1849
151 219 1843
54 55 750
40 54 821
41 54 1014
54 284 933
301 303 1485
301 304 1552
301 305 1697
303 305 1467
304 305 1540
6 95 88
18 83 2115
95 903 104
37 117 506
37 907 1052
115 907 1051
117 907 785
309 662 226
620 904 1713
137 138 1286
137 139 1231
112 813 2023
147 151 1818
12 13 809
130 900 673
21 22 1513
394 898 1027
255 901 1084
255 902 941
901 902 906
119 260 2163
119 328 2065
260 328 2111
51 52 1933
51 53 2008
59 60 1478
438 990 1114
438 991 1083
438 992 1201
990 991 1104
990 992 1150
991 992 1106
129 975 610
130 143 208
130 975 817
143 900 446
143 975 605
183 184 478
900 975 1140
20 626 1076
269 568 907
22 1146 1442
76 1146 1549
293 294 1099
208 983 1969
53 180 2014
104 984 972
243 309 294
243 699 437
309 699 386
126 168 1446
126 169 1554
168 169 1260
168 170 719
168 171 1009
169 170 888
170 171 581
143 151 1313
143 190 1082
151 190 1582
255 774 1034
255 1014 842
774 1014 900
659 896 54
659 977 247
659 1184 249
896 977 17
896 978 23
896 979 20
977 978 102
977 979 110
977 1184 253
978 979 21
97 309 313
407 552 2176
552 553 2197
22 138 1078
110 111 1498
402 976 1553
134 211 1080
113 306 1721
113 307 1825
142 306 1637
142 307 1717
306 307 1841
107 276 1055
276 277 1127
279 1179 779
283 1179 815
189 1235 1405
71 72 134
129 176 453
1172 1187 776
1172 1188 695
1172 1226 756
1187 1188 682
1187 1189 876
1188 1189 890
1188 1226 519
1189 1226 679
196 197 2127
196 198 2122
197 198 2114
279 282 710
280 283 806
282 283 823
282 284 859
12 14 831
12 15 1124
13 15 562
38 39 438
194 296 583
48 164 337
48 165 216
48 167 310
164 165 479
164 166 177
164 167 467
165 166 128
165 167 326
690 692 995
10 11 620
301 302 1829
407 419 2081
407 1016 2120
419 1016 2011
117 130 379
117 900 340
73 584 318
14 290 582
54 402 754
24 114 1613
117 143 150
4 592 290
5 592 323
25 179 125
172 173 1443
172 174 1558
172 175 1497
173 174 1304
173 175 1311
174 175 1346
209 210 1807
84 85 947
119 120 2173
54 580 372
182 580 423
39 195 468
393 1183 592
79 288 1141
3 4 188
3 5 279
24 27 1691
56 58 1337
97 98 793
97 99 902
98 99 1324
1 16 1238
1 17 1255
16 17 1336
574 575 109
574 576 26
575 576 22
34 496 2073
287 1017 400
1017 1018 854
22 75 1267
75 76 1211
71 73 308
81 82 1772
213 214 516
189 1181 1362
106 107 783
23 24 1448
22 24 1642
22 28 1791
25 74 147
35 199 2164
35 428 2156
199 428 2167
118 119 2165
118 120 2172
162 163 1557
137 489 1669
181 182 207
140 141 1905
140 142 1898
141 142 1815
76 206 1852
76 207 1887
206 207 2088
26 74 202
126 152 1609
126 153 1681
126 154 1631
126 155 1440
152 153 1793
152 154 1780
152 155 1444
153 154 1711
153 155 1603
154 155 1429
70 160 577
116 117 390
246 585 867
576 1234 6
121 122 1342
145 146 1680
124 126 1393
189 1179 1152
189 283 1221
189 1180 1131
283 1180 838
126 384 1644
126 430 1439
126 431 1458
155 384 1369
155 430 1331
155 431 1328
384 430 1476
430 431 1461
191 192 1372
191 193 862
192 193 992
44 117 580
44 129 604
44 130 641
29 205 2021
30 205 2063
2 649 909
212 215 38
54 177 802
549 550 164
148 151 1763
149 150 1931
150 151 1779
184 187 660
100 113 1784
2 493 375
4 597 196
5 597 439
592 597 190
467 468 2004
467 469 2068
467 470 2069
467 471 2050
467 658 2092
468 469 2049
468 470 2095
468 658 2082
469 470 2108
469 471 2104
469 658 2107
470 658 2106
471 658 2037
124 1178 1541
126 1178 1520
35 429 2135
428 429 2140
60 600 1510
562 570 1191
898 986 658
456 985 760
25 448 162
179 448 148
357 435 1274
252 551 1769
46 437 1264
107 434 1015
276 434 1389
452 453 1160
187 442 1283
187 443 1164
233 442 1299
233 443 1185
442 443 1145
201 422 1001
34 440 1991
32 49 2040
33 49 2085
61 424 1428
424 425 1263
32 441 2101
35 441 2123
137 433 1415
982 1186 1683
25 447 160
447 448 155
35 604 2130
199 604 2142
83 546 2083
151 423 1900
132 692 733
124 169 1354
124 449 1518
126 449 1598
169 449 1649
287 407 1081
287 589 725
407 589 2003
650 1019 1879
650 1020 1936
1019 1020 2100
263 590 1647
54 444 591
542 603 365
54 1011 614
54 1012 533
182 1011 512
407 558 2182
552 558 2195
553 558 2198
34 434 1891
34 1013 2038
126 148 1802
126 497 1682
148 497 1684
151 497 1577
143 452 655
143 453 559
32 199 2079
111 1015 1548
587 1015 1578
4 591 183
287 577 224
46 554 1300
54 586 574
396 634 1575
241 581 1323
459 460 1154
110 572 1676
111 572 1483
104 544 1089
6 549 129
6 550 87
461 547 833
461 548 703
547 548 966
34 495 2009
117 588 829
495 496 2109
1024 1025 2187
1024 1026 2181
1024 1027 2183
1025 1026 2193
1025 1027 2191
1026 1027 2188
649 650 1606
22 545 1480
76 545 1547
118 560 2158
143 543 642
200 543 491
556 557 1058
466 467 2084
466 468 2103
466 469 2102
466 470 2116
466 471 2051
25 563 187
74 563 229
591 592 236
54 1157 734
178 1157 887
29 482 2055
30 482 2077
31 482 1899
240 473 1538
117 601 827
129 601 531
130 601 651
107 569 611
34 276 1754
199 489 2080
484 485 705
22 655 1686
5 657 578
605 606 2143
605 607 2131
605 608 2141
605 609 2148
605 610 1972
606 607 2117
606 608 2118
606 609 2138
606 610 1964
607 608 2105
607 609 2125
607 610 1943
608 609 2132
608 610 1951
609 610 1995
143 497 1085
319 1022 197
674 1228 273
674 1229 184
1228 1229 525
240 613 2039
54 224 732
54 498 598
224 498 990
588 693 1370
13 293 707
13 479 664
13 480 694
293 479 1045
293 480 1007
479 480 970
194 486 739
201 300 897
201 494 810
300 494 1098
54 593 572
240 472 2025
12 602 1334
14 602 704
498 499 1064
22 615 1561
22 616 1674
615 616 1755
6 483 193
1028 1029 2178
131 498 872
396 407 1627
396 1156 1576
407 634 2048
407 1156 2034
634 1156 1740
137 465 1394
1025 1028 2190
1025 1029 2189
319 463 117
194 487 609
296 486 445
296 487 342
486 487 369
34 489 1921
34 696 1955
489 696 1912
42 478 387
2 1198 307
690 691 1093
691 692 1138
145 698 2036
