0 100 20
1 338 391
2 277 556
3 98 16
4 88 368
4 140 263
4 159 415
4 171 500
4 172 492
4 183 431
4 215 448
4 236 312
4 388 364
4 432 338
7 30 165
7 58 385
7 132 101
7 137 184
7 143 188
8 48 28
8 452 36
9 252 128
10 121 182
10 211 132
11 228 122
11 365 110
12 112 89
12 243 94
12 324 49
12 422 112
13 149 127
13 422 187
14 154 29
15 146 360
15 249 430
16 206 141
16 383 307
16 429 279
16 453 241
17 429 320
18 208 72
18 216 92
18 267 97
18 449 76
19 453 381
20 59 219
20 440 54
21 38 136
21 115 68
21 242 137
21 415 109
22 156 69
22 185 17
22 289 104
23 64 284
23 216 147
23 449 107
24 87 490
24 249 425
25 46 24
26 114 329
26 146 297
27 186 153
28 402 348
29 146 445
30 132 73
30 419 80
31 291 224
32 126 404
32 364 432
33 59 390
33 70 370
33 98 65
33 179 268
33 326 278
33 332 139
33 457 331
34 358 398
35 414 170
36 146 276
36 302 196
39 182 283
40 102 66
42 398 207
43 254 326
43 265 123
43 373 117
45 198 311
46 187 25
47 213 568
47 287 412
48 128 43
48 336 7
49 413 31
50 279 479
51 231 145
52 203 485
53 83 154
55 118 243
55 169 215
56 146 203
56 192 160
56 238 175
56 291 303
56 337 192
56 397 434
56 437 309
57 441 214
57 453 281
58 106 397
58 114 463
58 132 332
58 146 373
58 227 337
58 228 288
58 249 382
58 393 439
58 401 426
59 233 350
59 299 193
59 440 357
60 441 250
61 399 324
62 147 103
64 216 163
64 449 144
65 273 42
66 110 130
66 145 148
67 241 71
68 306 204
69 260 433
70 396 423
71 142 388
71 146 228
71 200 403
71 248 436
71 249 374
71 345 443
71 412 533
71 445 429
72 288 38
73 352 13
74 369 108
75 119 55
75 457 302
76 268 95
77 103 2
77 120 1
78 338 401
79 358 455
80 196 344
81 133 300
82 441 265
83 133 292
83 262 189
83 401 313
87 146 411
87 359 418
87 393 467
87 412 537
88 173 535
88 408 553
89 119 53
90 287 346
90 401 496
92 125 409
92 319 442
92 385 427
92 397 358
92 411 472
93 365 96
93 376 102
94 221 458
95 146 380
95 172 453
95 334 494
95 435 488
96 255 240
98 119 23
98 153 15
98 311 32
98 371 19
98 392 84
98 427 34
98 457 206
99 374 217
99 403 134
100 151 21
100 454 10
101 163 51
101 310 129
101 446 39
104 205 301
105 223 328
106 132 155
106 137 150
106 276 238
106 419 177
107 453 414
108 126 361
108 138 499
108 146 280
108 180 437
108 181 334
108 194 396
108 196 355
108 214 493
108 237 508
108 274 336
108 309 282
108 313 495
108 399 417
108 417 399
108 445 475
108 450 420
108 459 410
109 306 167
110 145 131
110 322 210
111 293 22
112 163 47
112 446 35
113 454 27
114 146 258
114 348 234
115 242 52
116 140 504
118 169 254
118 319 371
119 311 62
119 317 58
121 211 138
122 192 261
123 266 469
124 378 233
125 427 293
125 457 310
126 147 308
126 399 226
128 383 237
129 245 152
130 147 149
131 442 172
132 393 198
132 419 99
133 307 362
133 318 392
134 302 125
134 460 56
135 305 162
136 336 3
137 253 314
139 225 90
139 249 229
140 279 464
140 430 470
141 439 166
142 445 389
144 380 435
146 161 321
146 172 441
146 209 387
146 227 287
146 238 298
146 248 247
146 249 257
146 274 419
146 291 227
146 299 249
146 333 317
146 348 222
146 393 340
146 412 428
146 435 400
146 437 377
146 445 351
147 442 142
148 405 277
148 427 178
149 374 202
149 403 100
150 250 393
150 345 438
150 454 231
154 235 30
155 335 595
156 289 116
157 325 598
160 318 484
161 172 509
161 225 244
161 348 327
162 421 197
163 440 59
163 446 33
164 302 223
166 267 111
166 374 174
166 403 61
167 259 422
168 347 168
168 447 218
169 339 169
170 310 157
171 338 498
172 227 421
172 238 483
172 274 527
172 393 531
172 445 489
173 236 513
175 239 330
175 291 232
175 308 256
175 318 295
175 319 273
176 436 11
177 210 173
177 263 179
179 332 176
181 231 255
181 247 440
182 337 146
182 426 221
183 196 369
183 350 424
183 459 456
188 227 372
189 292 161
190 424 105
192 198 262
192 443 230
193 223 386
194 399 252
195 299 115
199 457 482
200 445 416
201 261 106
204 289 259
204 443 248
204 456 506
208 216 45
208 267 67
208 284 87
208 290 120
208 327 185
208 381 79
208 417 201
208 449 44
213 264 501
213 315 562
213 379 395
216 449 46
218 457 446
219 246 191
219 305 135
220 282 6
222 304 325
224 340 580
225 238 246
225 249 264
225 333 220
225 445 239
226 416 18
227 228 225
227 419 235
227 435 345
228 365 113
228 419 171
229 298 114
230 401 407
233 308 286
233 318 296
233 401 378
234 404 40
236 359 379
239 392 367
239 457 363
240 320 143
241 366 70
243 403 48
243 422 91
244 292 195
244 424 151
247 387 486
249 435 376
250 314 194
250 431 159
250 454 60
255 409 236
256 372 569
258 299 126
259 442 271
261 363 124
261 423 85
265 373 77
267 417 260
267 422 86
267 449 74
268 363 118
270 275 591
271 281 275
272 280 12
274 399 251
274 435 447
275 335 586
275 345 451
278 374 290
279 430 476
281 434 366
282 361 5
283 304 359
284 290 216
284 327 299
284 449 75
285 353 8
286 384 121
287 350 269
290 381 164
291 383 242
293 323 26
294 296 274
294 326 394
297 306 186
299 309 78
300 328 205
303 363 64
308 318 333
309 417 180
311 385 375
311 411 402
311 457 341
318 401 505
324 422 63
326 427 200
327 381 245
331 453 285
332 443 93
334 447 512
334 457 514
335 375 597
337 426 181
338 395 339
342 389 9
346 349 133
347 447 306
348 458 291
350 359 349
351 388 253
353 420 37
354 436 14
358 457 543
370 418 158
374 403 190
376 420 83
381 422 81
381 449 57
383 429 304
385 392 316
385 457 413
386 441 289
390 394 98
392 457 408
396 427 323
396 457 449
399 450 199
405 427 211
407 444 4
408 432 525
410 425 272
417 449 266
428 443 156
430 455 459
440 446 50
448 458 213
1 88 480
4 5 356
4 338 551
4 351 322
5 351 270
6 152 596
6 183 573
6 377 585
11 15 454
11 379 212
15 172 572
15 197 549
15 379 405
19 71 471
29 172 557
29 435 520
37 457 460
41 150 558
44 71 534
47 202 589
47 239 575
47 315 592
47 379 465
54 382 88
55 319 347
58 87 541
58 117 473
58 143 487
58 172 574
58 183 468
58 302 335
58 435 478
58 451 529
61 108 481
62 226 41
63 269 140
71 84 544
71 87 532
71 108 524
71 172 507
71 183 502
71 225 208
71 254 567
71 348 383
71 435 466
85 232 566
86 88 538
86 236 547
86 406 536
87 172 550
87 225 365
87 402 548
87 435 542
88 432 539
90 146 522
90 172 584
91 257 583
97 158 315
107 318 552
108 116 516
108 183 343
108 198 305
108 217 354
108 251 530
108 264 497
108 362 518
108 368 526
108 435 384
116 193 444
137 143 209
137 276 294
143 276 267
146 341 462
150 275 578
158 383 318
165 172 576
167 356 491
169 319 353
172 209 528
172 341 570
172 433 555
172 435 560
172 437 554
174 360 579
178 321 564
183 357 477
183 377 540
184 277 577
202 315 587
212 457 457
236 432 510
239 377 511
247 397 561
264 379 452
264 400 563
266 457 546
277 301 559
281 356 474
292 424 119
295 438 582
312 357 581
316 457 517
319 385 503
319 411 565
321 426 461
326 457 406
329 401 523
341 435 519
343 344 183
356 434 515
357 456 571
367 391 82
383 421 319
385 411 545
411 457 450
435 437 521
47 330 593
127 150 594
127 275 590
146 217 342
191 355 352
207 247 588
