1 2 9
1 3 8
2 3 10
4 5 77
4 6 62
4 7 70
4 8 81
4 9 68
5 6 1
5 8 2
5 9 13
6 8 3
6 9 18
7 10 38
7 11 48
8 9 29
9 17 185
10 11 36
10 12 30
11 13 20
11 14 25
11 15 27
12 14 23
13 14 16
13 15 15
14 15 22
16 17 177
16 18 147
19 20 39
19 21 43
19 22 24
20 21 58
20 22 33
21 22 35
22 23 28
22 24 32
22 25 34
23 24 31
23 25 37
24 25 42
26 27 4
26 28 5
26 29 7
26 30 6
27 28 12
27 29 14
27 30 11
28 29 19
28 30 17
29 30 21
31 32 239
31 33 464
31 34 211
31 35 200
31 36 375
31 37 348
31 38 160
31 39 124
31 40 184
31 41 173
31 42 159
31 43 144
32 33 206
32 34 192
32 35 75
32 36 315
32 37 163
32 38 125
32 39 82
32 41 97
32 42 118
32 43 52
32 44 87
32 45 103
32 46 64
32 47 104
32 48 168
32 49 137
32 50 176
32 51 138
32 52 67
32 53 122
32 54 88
32 55 60
32 56 108
32 57 109
32 58 96
32 67 193
33 37 244
33 43 218
33 48 258
33 59 335
33 60 377
34 35 161
34 36 264
34 38 237
34 39 100
34 41 143
34 42 145
34 43 154
35 36 312
35 38 162
35 39 83
35 41 119
35 42 129
35 43 73
35 49 169
35 55 69
35 67 205
36 38 349
36 39 139
36 41 219
36 42 254
36 43 212
36 61 433
36 62 394
36 63 285
37 43 201
38 39 113
38 40 252
38 41 133
38 42 245
38 43 106
38 44 179
38 45 190
38 46 146
38 47 194
38 48 376
38 49 202
39 41 72
39 42 95
39 43 79
40 68 301
40 69 491
40 70 481
41 42 134
41 43 85
42 43 242
42 64 295
42 65 409
43 44 115
43 45 130
43 46 76
43 47 112
43 48 171
43 49 127
44 45 128
44 46 84
44 47 105
44 48 197
44 49 121
45 46 94
45 47 132
45 48 221
45 49 141
46 47 91
46 48 149
46 49 98
46 50 153
47 48 267
47 49 136
48 49 226
48 50 281
48 59 385
48 60 410
51 52 117
51 53 142
51 54 166
51 55 102
52 53 111
52 54 53
52 55 50
52 56 55
52 57 44
52 58 56
52 66 180
53 54 151
53 55 116
54 55 78
54 57 71
54 66 203
55 56 63
55 57 66
55 58 47
55 67 131
56 57 59
56 58 41
57 58 46
57 66 157
59 60 158
61 62 65
61 63 45
62 63 51
64 65 114
68 69 152
68 70 172
69 70 155
69 71 327
69 72 263
70 71 330
70 72 270
71 72 140
73 74 74
73 75 49
73 76 99
74 75 40
77 78 110
77 79 126
77 80 107
77 81 251
77 82 89
78 79 135
78 80 123
78 81 227
78 82 93
80 81 175
80 82 80
81 82 150
81 89 249
83 84 57
83 85 101
83 86 54
84 86 61
87 88 189
87 89 235
87 90 167
88 89 220
88 90 156
89 90 196
91 92 120
91 93 243
91 94 216
91 95 260
92 94 86
94 97 92
94 103 148
95 98 228
95 99 322
95 100 524
95 101 398
96 97 165
98 99 257
98 100 434
98 101 265
99 100 465
99 101 395
99 102 563
100 101 540
104 105 259
104 106 497
104 107 250
105 106 487
105 107 191
105 119 292
105 120 307
105 121 255
105 122 299
106 107 493
106 112 611
106 115 804
106 116 653
106 117 682
106 118 665
107 119 331
107 120 344
107 121 269
107 122 334
108 109 170
108 110 207
108 111 208
108 112 367
108 113 174
108 114 182
109 110 178
109 111 188
109 112 314
109 113 164
110 111 229
110 112 435
110 113 199
110 114 213
111 112 298
111 113 183
111 114 195
111 116 454
111 117 466
111 118 369
112 113 283
112 114 215
112 115 596
112 116 317
112 117 372
112 118 308
113 114 187
113 116 401
113 117 389
113 118 287
114 116 364
114 117 391
114 118 319
115 116 662
115 117 731
115 118 674
116 117 392
116 118 346
117 118 382
119 120 248
119 121 204
119 122 246
120 121 210
120 122 253
121 122 224
123 124 909
123 125 496
123 126 1044
123 127 685
124 125 845
124 127 407
125 126 1119
125 127 701
128 129 913
130 131 26
132 133 271
132 134 460
132 135 356
132 136 297
133 134 370
133 136 280
133 137 294
133 138 646
133 139 546
133 140 759
133 141 313
133 143 310
133 156 325
134 135 470
134 136 550
134 156 567
135 136 416
135 139 384
135 142 374
135 143 332
135 145 440
135 146 482
135 147 436
135 148 492
135 149 517
135 150 585
135 151 415
135 152 438
135 153 368
135 155 383
135 157 337
135 158 359
135 159 480
136 153 582
136 156 473
136 157 515
137 138 366
137 139 425
137 140 316
137 141 214
138 139 303
138 140 284
138 141 362
138 150 504
138 151 421
138 153 323
138 155 305
138 157 274
138 158 302
139 140 387
139 141 439
139 147 513
139 151 339
139 152 422
139 153 272
139 155 276
139 157 256
139 158 273
140 141 309
140 150 509
140 151 485
140 153 426
142 143 338
142 144 525
142 145 345
142 146 354
142 147 459
142 148 420
142 149 601
143 144 552
143 145 380
143 146 399
143 147 534
143 148 486
143 149 561
143 156 510
144 145 609
144 146 580
145 146 381
145 147 417
145 148 388
145 149 608
145 150 542
145 151 457
145 152 450
145 154 656
146 148 402
146 150 511
146 151 475
146 152 451
147 151 445
147 153 477
147 154 566
147 157 406
147 158 360
148 149 880
148 150 551
148 151 565
148 152 528
150 151 447
150 152 441
151 152 326
151 153 275
151 155 293
151 157 318
151 158 300
152 153 373
152 155 350
153 155 268
153 157 236
153 158 241
153 159 418
155 157 230
155 158 225
157 158 217
160 161 444
160 162 642
160 163 430
160 164 328
160 165 427
161 162 598
161 163 412
161 164 320
161 165 408
161 166 405
161 169 564
162 163 627
162 164 603
162 165 605
162 166 555
162 167 544
162 170 456
162 171 847
163 164 304
163 165 379
163 166 414
163 167 652
164 165 355
164 166 404
165 166 452
165 167 663
165 170 584
166 167 661
166 169 599
166 170 602
167 168 741
167 170 469
167 171 865
169 170 393
169 171 836
170 171 854
172 173 520
173 174 516
173 178 329
173 181 536
174 175 666
174 176 455
174 177 468
174 178 592
174 179 573
174 180 560
176 177 423
176 179 586
176 180 498
177 179 600
177 180 522
179 180 648
179 191 734
179 192 637
179 193 576
179 200 519
179 221 593
180 182 774
182 183 670
182 184 694
183 187 614
185 186 615
186 204 471
186 210 232
188 189 824
188 190 1081
189 208 606
189 209 720
190 204 801
190 211 1117
191 192 698
191 193 664
192 193 488
192 199 547
192 201 577
192 202 478
192 204 659
192 205 677
193 199 503
193 200 626
193 201 588
193 202 484
193 203 638
193 204 636
193 205 702
194 195 424
194 196 535
194 197 505
194 198 529
195 206 443
195 207 371
195 218 449
196 197 581
196 198 686
196 211 533
197 198 545
199 200 508
199 204 595
199 206 453
199 207 400
199 212 458
199 217 494
199 218 500
200 204 591
200 206 489
200 218 472
200 220 700
200 221 526
201 202 358
201 204 655
202 204 490
202 205 569
203 222 706
204 206 597
204 207 574
204 210 587
204 211 643
204 212 649
204 213 554
204 214 483
204 215 632
204 216 541
204 217 570
204 218 575
206 207 419
206 212 506
206 214 463
206 217 499
206 218 181
206 219 514
206 220 744
206 221 543
207 212 336
207 214 238
207 217 289
207 218 432
207 219 429
208 209 448
210 212 290
210 213 186
210 215 209
210 216 262
212 213 291
212 215 396
212 216 413
212 217 342
212 218 476
213 215 240
213 216 266
214 219 446
215 216 296
217 218 538
218 220 718
218 221 549
220 221 879
223 224 90
128 274 911
128 275 945
128 276 876
171 264 1006
171 286 1182
225 226 940
225 227 990
226 227 1008
227 246 994
227 250 849
227 254 918
227 255 1248
227 256 771
228 229 622
228 230 623
228 231 678
228 232 521
228 233 442
228 234 789
228 235 628
228 236 843
229 233 568
229 235 579
229 236 895
229 242 695
229 257 820
230 233 624
231 237 752
231 238 651
231 239 617
231 240 1067
232 234 722
232 236 821
232 238 539
232 239 532
232 246 765
232 250 518
232 251 556
233 234 776
233 235 639
233 236 827
233 238 650
233 250 620
234 236 1012
234 238 625
234 239 604
234 246 878
234 250 740
234 251 684
234 252 933
234 253 950
235 236 944
236 238 770
236 239 750
236 246 967
236 250 832
236 251 807
237 246 797
237 247 725
237 248 897
237 249 634
238 239 286
238 240 925
238 246 699
238 250 557
238 251 411
238 252 629
238 253 654
239 240 934
239 246 660
239 250 537
239 251 386
239 252 594
239 253 619
240 245 1154
240 246 1114
241 242 1242
242 257 969
243 244 571
245 246 812
246 247 861
246 248 908
246 249 779
246 250 717
246 251 616
246 254 850
246 256 711
247 248 901
247 249 607
248 249 787
250 251 461
250 254 658
250 256 618
251 252 690
251 253 679
252 253 831
254 256 583
258 259 828
258 260 808
258 261 769
258 262 735
258 263 737
258 264 1016
258 265 766
258 266 747
258 267 758
258 268 730
258 269 873
258 270 916
259 260 763
259 261 907
259 262 833
259 263 868
259 265 726
259 266 715
259 267 704
259 268 691
259 269 692
259 270 898
259 277 809
259 279 1094
259 280 885
259 284 1020
260 261 864
260 262 863
260 263 841
260 265 748
260 266 723
260 267 772
260 268 743
260 269 817
260 270 962
261 262 829
261 263 697
261 264 1041
261 265 852
261 266 825
261 267 819
261 268 805
261 269 924
261 270 932
261 274 891
261 275 888
261 282 823
262 263 780
262 264 1048
262 265 813
262 266 781
262 267 764
262 268 746
262 269 835
262 270 968
262 277 930
262 280 1011
262 281 840
263 264 960
263 265 811
263 266 753
263 267 790
263 268 767
263 269 927
263 270 842
263 274 860
263 275 855
263 282 802
264 270 980
264 274 946
264 275 923
264 282 794
265 266 675
265 267 703
265 268 689
265 269 777
265 270 964
266 267 667
266 268 657
266 269 739
266 270 942
267 268 641
267 269 693
267 270 951
267 277 792
267 280 874
267 281 732
268 269 683
268 270 936
268 277 784
268 281 714
269 270 983
269 279 1058
269 280 853
269 281 724
269 284 984
270 274 867
270 275 816
270 276 939
270 282 912
271 272 680
271 273 610
272 273 559
273 283 635
274 275 668
274 276 914
274 282 687
275 276 894
275 282 676
276 285 778
278 279 999
279 284 688
287 288 363
287 289 530
287 290 333
287 291 403
287 292 282
287 293 321
287 294 233
287 295 223
287 296 278
287 297 462
288 289 507
288 290 288
288 291 306
288 292 247
288 294 198
288 295 234
288 296 261
288 297 474
289 295 562
290 294 353
290 296 357
290 297 548
291 292 351
291 294 311
291 295 397
291 297 558
292 293 341
292 294 277
292 295 352
292 297 512
293 295 428
293 297 553
294 295 365
294 296 343
294 297 502
295 296 437
295 297 523
296 297 501
100 382 1086
100 383 793
100 384 846
126 322 1125
126 335 1203
126 345 1002
126 365 947
126 379 869
126 380 919
211 329 884
211 330 1042
211 332 993
211 348 727
211 350 844
211 354 754
211 356 834
211 357 799
211 363 906
211 364 922
220 329 995
220 350 1000
220 355 929
220 356 976
298 299 1165
299 310 1068
299 311 1035
299 312 1060
299 313 1053
299 314 1040
299 315 1047
299 316 1100
300 301 1070
300 302 1090
300 303 1107
300 304 1112
302 309 963
303 304 1007
303 318 987
303 319 1015
304 318 1028
304 319 1059
304 320 1078
305 306 710
305 307 708
305 308 578
306 308 671
307 308 669
310 311 938
310 312 985
310 313 952
310 314 966
310 315 992
310 316 1061
310 317 1077
311 313 954
311 314 973
311 315 941
312 313 1013
312 315 1014
313 314 981
313 315 956
313 316 1057
313 317 1073
314 315 997
315 316 1027
318 319 955
321 322 1021
322 339 1032
322 340 970
322 341 1031
322 345 1030
322 361 857
322 362 859
323 324 900
323 325 707
323 326 231
323 327 755
324 326 917
324 334 1066
324 336 1099
324 338 785
324 339 988
324 340 979
324 341 1084
324 358 1036
324 360 972
325 326 773
325 327 978
325 339 872
325 340 887
326 327 837
328 329 893
328 330 953
328 331 839
328 332 899
328 333 926
329 330 1024
329 331 791
329 332 1043
329 333 877
329 341 991
329 346 948
329 347 910
329 348 889
329 349 931
329 350 709
329 351 803
329 352 818
329 353 928
329 355 822
329 356 716
329 368 1133
329 374 958
329 375 935
330 332 986
330 333 1033
330 373 1159
331 341 838
331 350 713
331 351 378
331 352 467
331 353 621
331 355 696
331 356 729
332 333 1019
332 375 989
333 339 1022
333 343 1079
333 355 762
333 359 957
334 335 1148
334 336 1004
334 337 905
335 336 1193
335 337 961
335 340 1142
335 345 1089
335 366 1076
335 367 1118
335 372 1273
335 379 1105
336 337 998
337 340 1009
337 344 965
337 345 856
338 339 883
338 340 896
338 341 1064
339 340 1063
339 341 1018
339 355 975
339 359 903
339 360 1049
339 361 904
339 362 862
340 341 1071
340 344 1074
340 345 1054
340 360 1034
340 361 902
340 362 881
340 366 1046
340 367 1087
341 350 974
341 351 851
341 352 890
341 353 1001
341 355 996
341 356 1003
341 361 1005
341 362 1037
342 343 1184
343 355 1056
343 371 1299
343 376 1291
343 377 1271
344 345 1026
345 379 882
346 347 531
346 348 728
346 349 647
347 348 768
347 349 644
348 349 858
348 364 826
350 351 738
350 352 756
350 353 866
350 354 830
350 355 806
350 356 222
350 357 875
351 352 495
351 353 645
351 355 749
351 356 745
352 353 810
352 355 786
352 356 783
353 355 870
353 356 886
354 356 814
354 357 681
355 356 815
355 359 977
356 357 871
361 362 719
368 369 1108
368 370 1097
368 371 1205
368 372 1194
369 370 788
369 371 1065
369 372 1124
369 378 1096
370 371 1023
370 372 1109
371 372 1240
371 376 1216
371 377 1206
376 377 1072
377 381 1168
379 380 742
382 383 1055
382 384 1050
382 385 1251
382 386 1219
383 384 848
385 386 1183
115 387 1121
115 388 1141
115 389 1069
115 390 1135
134 149 982
134 392 1279
134 393 1160
134 394 1285
134 395 1144
134 397 1150
134 398 1137
134 399 1217
134 400 1192
134 402 1196
134 403 1140
134 404 1221
149 392 1252
149 394 1288
149 395 1210
149 397 1187
270 412 1153
270 414 1136
270 416 1172
270 418 1062
270 419 1129
387 388 1131
387 389 1092
387 390 1113
388 389 1110
388 390 1134
388 391 1224
389 390 1052
392 393 1191
392 394 1265
392 395 1239
392 396 1280
392 397 1201
392 398 1178
392 399 1195
392 400 1188
392 401 1231
392 402 1199
393 394 1202
393 396 1208
393 399 1152
393 400 1151
393 401 1149
393 402 1156
393 403 1120
393 404 1170
394 395 1257
394 396 1276
394 397 1167
394 398 1176
394 399 1230
394 400 1220
394 401 1243
394 402 1229
394 404 1218
394 405 1264
394 406 1261
395 397 1181
396 399 1227
396 400 1225
396 401 1173
396 402 1233
397 398 1155
397 399 1169
397 400 1162
397 404 1215
397 405 1247
397 406 1254
398 399 1130
398 400 1132
398 404 1190
399 400 1138
399 401 1174
399 402 1166
400 401 1180
400 402 1163
401 402 1186
402 403 1146
402 404 1209
403 404 1198
404 405 1277
404 406 1260
405 406 1244
407 408 631
407 409 572
407 410 527
407 411 324
407 412 937
407 413 612
407 414 892
407 415 795
408 409 390
408 410 361
408 411 736
408 412 800
408 413 431
408 414 782
408 415 633
408 416 1103
408 417 751
408 419 921
409 410 279
409 411 630
409 412 760
409 413 340
409 414 721
409 415 589
409 416 1098
409 419 920
410 411 590
410 412 798
410 413 347
410 414 757
410 415 613
410 416 1093
411 412 971
411 413 705
411 414 949
411 415 943
412 413 775
412 414 479
412 415 1025
412 416 1088
412 417 1017
412 418 712
412 419 672
413 414 733
413 415 796
413 416 1128
413 419 959
414 415 1010
414 416 1029
414 418 673
414 419 640
415 416 1204
416 417 1175
416 418 1045
416 419 1101
417 419 1091
418 419 761
171 420 1235
171 421 1283
171 422 1316
171 423 1304
171 424 1286
171 425 1309
226 432 1275
234 240 1213
234 435 1255
234 437 1249
234 439 1222
234 440 1223
234 442 1147
234 443 1122
236 240 1266
236 248 1102
236 253 1051
236 435 1267
236 437 1268
236 439 1250
236 440 1258
236 442 1214
236 443 1164
236 444 1126
236 445 1143
240 241 1313
240 252 1145
240 253 1161
240 255 1245
240 432 1301
240 433 1319
240 434 1320
240 435 1312
240 436 1311
240 437 1315
240 439 1290
240 441 1294
240 442 1278
240 443 1272
241 255 1310
241 432 1330
241 433 1327
241 434 1306
241 439 1241
248 444 1080
248 445 1083
252 436 1104
252 437 1207
253 435 1185
255 432 1305
255 433 1318
255 434 1287
257 441 1115
416 420 1300
416 421 1293
416 422 1307
416 423 1289
416 424 1282
420 421 1234
420 422 1246
420 423 1238
420 424 1200
420 425 1295
420 430 1281
420 431 1329
421 422 1189
421 423 1158
421 424 1116
421 425 1237
421 426 1314
421 428 1325
421 429 1308
422 423 1082
422 424 1111
422 425 1212
422 426 1302
422 427 1328
422 428 1321
422 429 1298
422 430 1263
422 431 1326
423 424 1038
423 425 1157
423 426 1274
423 427 1322
423 428 1317
423 429 1284
423 430 1253
423 431 1324
424 425 1095
424 426 1226
424 428 1303
424 429 1259
424 430 1232
425 426 1127
425 427 1296
425 428 1292
425 429 1179
426 427 1177
426 428 1270
426 429 1085
426 430 1256
427 429 1075
428 429 1106
430 431 1123
432 433 1331
432 434 1323
432 438 1332
433 434 1228
435 437 1297
435 439 1269
435 440 1211
436 437 1236
437 439 1262
437 440 1197
439 440 1139
441 442 1171
442 443 1039
444 445 915
