1 161 100
2 475 199
3 172 101
4 157 244
8 148 133
9 383 85
10 300 16
11 472 113
12 106 225
13 65 185
14 300 179
16 300 65
17 464 55
18 364 328
19 399 92
21 210 142
22 57 380
25 282 252
27 300 126
28 268 194
29 317 162
30 96 171
32 147 84
32 443 50
33 67 104
33 353 98
34 130 42
34 340 95
35 36 24
35 294 284
36 294 6
36 300 2
38 364 153
40 302 376
44 62 64
46 62 109
47 420 210
48 196 184
50 370 169
51 409 300
51 464 167
52 374 173
53 340 108
57 141 383
57 142 362
57 204 401
57 222 105
57 396 393
59 431 266
62 89 99
62 229 58
62 326 280
64 469 69
67 484 63
69 344 132
71 165 188
71 212 66
72 330 203
73 300 125
74 407 201
75 422 311
76 300 37
78 482 186
81 293 83
81 409 271
81 428 221
86 300 61
88 443 23
88 463 49
90 300 26
91 437 232
94 248 241
94 404 215
97 296 32
97 300 13
99 317 195
101 220 377
104 300 48
107 222 62
115 247 226
116 300 72
116 480 274
117 475 127
120 451 206
122 173 88
122 219 177
124 239 240
125 202 331
126 317 124
130 137 18
131 449 251
133 207 269
134 300 82
135 400 256
136 273 347
136 278 295
137 471 181
139 416 436
139 426 242
140 377 151
145 220 204
147 150 15
147 165 35
147 339 51
150 165 123
150 188 308
150 463 22
151 251 76
151 300 40
151 352 163
151 388 135
151 461 143
154 362 222
155 300 34
156 291 354
157 261 148
158 220 369
161 285 159
165 377 233
165 443 25
166 374 106
167 377 191
168 374 119
170 300 20
171 432 223
172 426 67
174 300 11
176 370 96
178 374 198
180 317 178
180 393 154
182 340 176
183 250 147
185 252 298
187 225 180
188 384 243
190 300 36
191 303 374
193 294 170
195 379 115
196 234 261
201 235 114
202 355 351
202 445 224
203 340 57
206 401 258
208 210 146
209 300 120
210 240 192
211 249 128
212 267 152
212 377 39
215 408 278
216 306 353
222 293 229
224 300 156
225 402 246
227 296 103
229 331 213
232 381 433
232 444 431
234 300 44
236 467 144
238 401 250
239 307 74
241 300 29
242 419 236
245 314 30
245 315 19
245 344 21
246 289 79
246 405 75
256 447 164
257 475 208
259 361 134
265 435 161
270 300 91
271 374 359
275 330 121
276 303 364
279 347 285
281 300 33
283 423 211
284 300 54
288 340 68
292 297 360
293 302 249
294 465 405
296 300 8
300 309 47
300 318 27
300 328 31
300 333 81
300 334 89
300 349 70
300 351 116
300 356 87
300 408 45
300 413 38
300 414 130
300 433 59
300 453 78
300 481 80
302 409 259
307 463 165
312 469 117
314 315 43
316 463 187
317 366 93
317 463 94
320 378 235
321 322 86
322 374 139
332 339 3
332 340 14
332 390 155
337 348 231
338 361 52
339 383 12
339 390 1
339 443 9
340 405 53
342 473 166
353 484 183
361 366 102
361 373 77
361 383 4
362 425 314
364 430 293
376 377 111
379 390 129
382 462 189
383 443 10
390 443 7
397 418 257
398 406 168
425 436 334
431 450 110
452 465 56
456 469 90
0 367 136
2 95 373
2 205 367
2 260 385
2 322 307
2 361 5
2 464 277
3 158 107
6 75 227
8 304 157
9 455 255
13 459 216
15 128 283
16 121 270
16 210 292
16 274 326
20 300 237
23 35 112
23 101 200
23 410 304
24 325 306
34 280 207
39 146 118
39 173 160
40 172 41
41 302 318
41 409 302
42 295 312
43 55 205
49 343 333
54 361 214
54 467 234
56 164 348
63 295 323
63 325 319
66 389 371
68 147 291
75 254 150
75 286 287
75 458 303
77 458 366
79 92 358
80 160 175
84 391 316
85 180 297
85 361 138
85 441 190
93 240 262
98 350 313
101 350 388
103 403 336
103 457 337
105 163 375
109 305 379
109 394 349
112 298 315
118 199 352
118 335 322
123 156 340
129 230 305
132 427 343
143 272 286
146 365 196
147 246 60
147 368 299
149 300 131
151 164 301
153 375 361
164 199 402
169 295 341
169 325 344
174 350 46
174 373 239
175 350 279
177 454 282
179 463 141
181 184 245
189 199 424
189 328 372
194 212 97
195 383 275
195 443 174
197 350 330
198 466 265
199 329 288
210 441 247
213 474 248
214 223 264
217 470 365
218 228 253
222 343 296
237 458 355
246 415 122
263 370 71
269 339 197
277 303 254
277 436 309
287 295 321
301 406 193
307 473 137
313 458 339
316 478 325
319 373 335
319 431 281
325 392 389
335 360 290
345 403 346
345 457 420
363 366 268
372 409 327
372 421 17
387 421 338
395 458 386
403 411 289
403 457 272
411 457 387
420 458 317
431 463 329
442 475 260
446 477 310
458 460 350
458 479 342
2 186 404
7 26 423
26 61 427
26 92 356
26 96 363
26 179 182
26 262 408
26 429 410
26 454 391
31 359 407
45 275 426
56 311 403
57 244 419
60 83 395
75 233 294
75 274 345
102 275 414
103 411 368
108 275 357
109 243 425
109 336 417
110 220 390
111 189 392
111 199 418
115 226 202
118 439 421
119 299 218
123 359 381
127 380 220
144 202 398
152 300 219
156 359 378
157 266 209
159 332 145
163 483 397
200 323 399
202 243 413
202 308 396
220 290 332
221 346 394
222 255 158
253 294 149
258 372 263
264 310 415
264 364 276
264 468 382
300 391 28
300 448 140
344 359 267
345 353 230
345 411 416
368 412 406
374 434 228
438 452 370
5 452 384
37 327 428
57 100 411
57 231 412
57 424 434
58 354 320
63 169 172
70 82 429
87 386 422
113 369 324
114 358 217
138 341 400
139 440 438
162 232 435
173 371 409
192 417 212
210 369 430
228 403 273
232 375 437
300 476 73
324 357 238
341 385 432
